1 82
2 138
3 136
4 136
5 168
6 152
7 213
8 220
9 241
10 235
11 251
12 264
13 274
14 352
15 360
16 444
17 334
18 503
19 351
20 424
21 660
22 591
23 480
24 558
25 484
26 560
27 685
28 618
29 828
30 951
31 678
32 823
33 936
34 744
35 1036
36 815
37 1379
38 1033
39 957
40 1505
41 1188
42 1817
43 956
44 1465
45 1720
46 1789
47 1370
48 1680
49 1741
50 1588
51 1578
52 1317
53 1647
54 1851
55 3075
56 2577
57 1701
58 2012
59 1616
60 1806
61 2547
62 2486
63 2020
64 3416
65 3188
66 2090
67 5337
68 1993
69 3761
70 2205
71 2806
72 3975
73 3633
74 3094
75 4342
76 4716
77 3541
78 3906
79 6108
80 5542
81 3317
82 2492
83 4328
84 3229
85 4038
86 2607
87 3680
88 1287
89 2341
90 5418
91 2415
92 4644
93 3485
94 2190
95 4468
96 1528
97 4418
98 1745
99 2053
100 3975
101 5852
102 4733
103 5161
104 3488
105 5248
106 3747
107 5062
108 2994
109 6418
110 6314
111 1082
112 2844
113 4535
114 2733
115 3385
116 3553
117 5215
118 2986
119 1510
120 28
121 0
122 0
123 0
124 0
125 0
126 217
127 0
128 0
129 0
130 0
131 0
132 0
133 0
134 0
135 0
136 0
137 0
138 0
139 0
140 0
141 0
142 0
143 0
144 0
145 0
146 0
147 0
148 0
149 0
150 0
151 0
152 0
