1 1 2161
1 2 573
1 3 583
1 4 854
1 5 740
1 6 632
1 7 686
1 8 762
2 1 762
2 2 2502
2 3 714
2 4 528
2 5 399
2 6 498
2 7 551
2 8 613
3 1 537
3 2 435
3 3 3018
3 4 428
3 5 413
3 6 598
3 7 441
3 8 604
4 1 503
4 2 544
4 3 469
4 4 1311
4 5 459
4 6 436
4 7 408
4 8 399
5 1 551
5 2 639
5 3 548
5 4 348
5 5 1548
5 6 480
5 7 448
5 8 451
6 1 549
6 2 399
6 3 622
6 4 449
6 5 569
6 6 765
6 7 357
6 8 552
7 1 503
7 2 380
7 3 421
7 4 433
7 5 376
7 6 340
7 7 713
7 8 375
8 1 393
8 2 456
8 3 365
8 4 404
8 5 457
8 6 395
8 7 319
8 8 548
