1 1 2 6511
1 1 3 5888
1 1 4 4857
1 1 5 9165
1 1 6 6444
1 1 7 7152
1 1 8 4019
1 2 1 4867
1 2 2 4250
1 2 3 2351
1 2 4 2299
1 2 5 2871
1 2 6 3512
1 2 7 2273
1 2 8 2439
1 3 1 6037
1 3 2 2632
1 3 3 4910
1 3 4 2491
1 3 5 2494
1 3 6 3618
1 3 7 3084
1 3 8 3411
1 4 1 5089
1 4 2 3712
1 4 3 2211
1 4 4 5147
1 4 5 2468
1 4 6 2347
1 4 7 2015
1 4 8 2568
1 5 1 5524
1 5 2 2858
1 5 3 2654
1 5 4 2351
1 5 5 4230
1 5 6 2471
1 5 7 3931
1 5 8 1972
1 6 1 4790
1 6 2 3935
1 6 3 2890
1 6 4 2107
1 6 5 2002
1 6 6 5250
1 6 7 2102
1 6 8 2786
1 7 1 4065
1 7 2 2690
1 7 3 2625
1 7 4 3819
1 7 5 2321
1 7 6 2155
1 7 7 3520
1 7 8 2184
1 8 1 6172
1 8 2 2892
1 8 3 2625
1 8 4 1789
1 8 5 2718
1 8 6 3013
1 8 7 2224
1 8 8 3064
2 1 1 4683
2 1 2 4865
2 1 3 3510
2 1 4 3246
2 1 5 3817
2 1 6 3112
2 1 7 2986
2 1 8 1877
2 2 1 3827
2 2 3 5198
2 2 4 8933
2 2 5 6036
2 2 6 6582
2 2 7 6945
2 2 8 4543
2 3 1 3541
2 3 2 3600
2 3 3 4665
2 3 4 2853
2 3 5 4572
2 3 6 3024
2 3 7 2358
2 3 8 2872
2 4 1 2719
2 4 2 5287
2 4 3 2049
2 4 4 5065
2 4 5 2578
2 4 6 3081
2 4 7 2074
2 4 8 2623
2 5 1 3420
2 5 2 5585
2 5 3 2381
2 5 4 2269
2 5 5 5259
2 5 6 2134
2 5 7 2299
2 5 8 2396
2 6 1 3729
2 6 2 7149
2 6 3 2335
2 6 4 1972
2 6 5 2194
2 6 6 5344
2 6 7 2331
2 6 8 3331
2 7 1 2156
2 7 2 4591
2 7 3 1949
2 7 4 2803
2 7 5 2343
2 7 6 2703
2 7 7 3964
2 7 8 1969
2 8 1 3976
2 8 2 2717
2 8 3 2919
2 8 4 1672
2 8 5 2694
2 8 6 2047
2 8 7 2366
2 8 8 4431
3 1 1 5052
3 1 2 2144
3 1 3 5842
3 1 4 3595
3 1 5 3167
3 1 6 3209
3 1 7 2992
3 1 8 4902
3 2 1 2504
3 2 2 5132
3 2 3 3225
3 2 4 2778
3 2 5 3301
3 2 6 2109
3 2 7 2004
3 2 8 2615
3 3 1 4486
3 3 2 5529
3 3 4 2824
3 3 5 2878
3 3 6 3562
3 3 7 5689
3 3 8 3543
3 4 1 1730
3 4 2 2450
3 4 3 5919
3 4 4 5701
3 4 5 2134
3 4 6 2383
3 4 7 1885
3 4 8 2539
3 5 1 2532
3 5 2 2556
3 5 3 6701
3 5 4 2654
3 5 5 4793
3 5 6 2139
3 5 7 2253
3 5 8 2162
3 6 1 2240
3 6 2 2377
3 6 3 5836
3 6 4 1836
3 6 5 3165
3 6 6 2896
3 6 7 1484
3 6 8 3018
3 7 1 2334
3 7 2 2217
3 7 3 4256
3 7 4 2537
3 7 5 2204
3 7 6 2744
3 7 7 2778
3 7 8 2100
3 8 1 2990
3 8 2 1729
3 8 3 3225
3 8 4 2137
3 8 5 1941
3 8 6 1812
3 8 7 1966
3 8 8 2408
4 1 1 4251
4 1 2 2842
4 1 3 1831
4 1 4 6338
4 1 5 1878
4 1 6 3137
4 1 7 2614
4 1 8 2426
4 2 1 3795
4 2 2 4677
4 2 3 2628
4 2 4 5520
4 2 5 1676
4 2 6 3314
4 2 7 2098
4 2 8 1959
4 3 1 2744
4 3 2 2633
4 3 3 5108
4 3 4 3989
4 3 5 2396
4 3 6 1818
4 3 7 2222
4 3 8 2295
4 4 1 5725
4 4 2 5525
4 4 3 4922
4 4 5 3088
4 4 6 3336
4 4 7 3323
4 4 8 5918
4 5 1 2917
4 5 2 2675
4 5 3 1890
4 5 4 3854
4 5 5 3455
4 5 6 1662
4 5 7 2333
4 5 8 2186
4 6 1 1874
4 6 2 2352
4 6 3 2188
4 6 4 4234
4 6 5 1801
4 6 6 3782
4 6 7 1929
4 6 8 2997
4 7 1 2731
4 7 2 2457
4 7 3 1813
4 7 4 4125
4 7 5 1931
4 7 6 1663
4 7 7 2784
4 7 8 2484
4 8 1 1874
4 8 2 2311
4 8 3 2312
4 8 4 4357
4 8 5 2084
4 8 6 1883
4 8 7 1638
4 8 8 3751
5 1 1 5129
5 1 2 2665
5 1 3 2118
5 1 4 2386
5 1 5 5074
5 1 6 2590
5 1 7 2984
5 1 8 1903
5 2 1 3020
5 2 2 3314
5 2 3 2476
5 2 4 2777
5 2 5 4161
5 2 6 2072
5 2 7 2414
5 2 8 2456
5 3 1 2617
5 3 2 2432
5 3 3 6003
5 3 4 3247
5 3 5 4342
5 3 6 2214
5 3 7 1760
5 3 8 4419
5 4 1 2450
5 4 2 2572
5 4 3 2213
5 4 4 4900
5 4 5 3697
5 4 6 2468
5 4 7 3154
5 4 8 3406
5 5 1 3937
5 5 2 5664
5 5 3 4147
5 5 4 4546
5 5 6 2944
5 5 7 2660
5 5 8 3430
5 6 1 2740
5 6 2 1992
5 6 3 2307
5 6 4 2236
5 6 5 3463
5 6 6 2137
5 6 7 2433
5 6 8 1869
5 7 1 3227
5 7 2 2614
5 7 3 2013
5 7 4 2058
5 7 5 4636
5 7 6 2227
5 7 7 3513
5 7 8 1483
5 8 1 2180
5 8 2 2858
5 8 3 1666
5 8 4 1821
5 8 5 4428
5 8 6 1546
5 8 7 1521
5 8 8 1993
6 1 1 4541
6 1 2 2372
6 1 3 4137
6 1 4 3433
6 1 5 2153
6 1 6 4662
6 1 7 2905
6 1 8 3692
6 2 1 2738
6 2 2 3817
6 2 3 2189
6 2 4 2649
6 2 5 3623
6 2 6 3006
6 2 7 1847
6 2 8 2501
6 3 1 2357
6 3 2 2281
6 3 3 4572
6 3 4 2139
6 3 5 2849
6 3 6 4165
6 3 7 2264
6 3 8 2211
6 4 1 1980
6 4 2 2395
6 4 3 2676
6 4 4 3621
6 4 5 2785
6 4 6 4610
6 4 7 2161
6 4 8 1585
6 5 1 2369
6 5 2 2325
6 5 3 1535
6 5 4 2055
6 5 5 4698
6 5 6 4407
6 5 7 2676
6 5 8 1643
6 6 1 2930
6 6 2 5311
6 6 3 4667
6 6 4 3575
6 6 5 3357
6 6 7 3824
6 6 8 3011
6 7 1 2073
6 7 2 2034
6 7 3 1863
6 7 4 1402
6 7 5 2558
6 7 6 2588
6 7 7 2900
6 7 8 1885
6 8 1 2135
6 8 2 1797
6 8 3 2630
6 8 4 2772
6 8 5 1508
6 8 6 2459
6 8 7 2494
6 8 8 3525
7 1 1 5878
7 1 2 4353
7 1 3 2672
7 1 4 2601
7 1 5 2654
7 1 6 1867
7 1 7 2632
7 1 8 2046
7 2 1 2507
7 2 2 5193
7 2 3 2864
7 2 4 2743
7 2 5 2457
7 2 6 1637
7 2 7 5146
7 2 8 2930
7 3 1 1867
7 3 2 3192
7 3 3 4824
7 3 4 1987
7 3 5 2557
7 3 6 1666
7 3 7 2758
7 3 8 2106
7 4 1 3360
7 4 2 3007
7 4 3 1983
7 4 4 5979
7 4 5 1899
7 4 6 1892
7 4 7 4462
7 4 8 2020
7 5 1 2350
7 5 2 1696
7 5 3 2833
7 5 4 2048
7 5 5 3509
7 5 6 1896
7 5 7 3680
7 5 8 2762
7 6 1 1933
7 6 2 2217
7 6 3 1839
7 6 4 2872
7 6 5 1517
7 6 6 2951
7 6 7 3407
7 6 8 1575
7 7 1 2925
7 7 2 4005
7 7 3 2805
7 7 4 2819
7 7 5 3017
7 7 6 3677
7 7 7 0
7 7 8 2442
7 8 1 2384
7 8 2 2542
7 8 3 3553
7 8 4 1462
7 8 5 1320
7 8 6 1483
7 8 7 2800
7 8 8 2680
8 1 1 6800
8 1 2 2428
8 1 3 2263
8 1 4 2114
8 1 5 2717
8 1 6 2406
8 1 7 1717
8 1 8 3400
8 2 1 3060
8 2 2 3567
8 2 3 1896
8 2 4 2482
8 2 5 2258
8 2 6 2421
8 2 7 1961
8 2 8 3046
8 3 1 2641
8 3 2 1791
8 3 3 4269
8 3 4 2645
8 3 5 3115
8 3 6 1864
8 3 7 2468
8 3 8 2475
8 4 1 2998
8 4 2 2379
8 4 3 2837
8 4 4 3980
8 4 5 1477
8 4 6 1903
8 4 7 2036
8 4 8 3017
8 5 1 2722
8 5 2 2377
8 5 3 3376
8 5 4 1875
8 5 5 4566
8 5 6 1901
8 5 7 2004
8 5 8 3058
8 6 1 2762
8 6 2 2773
8 6 3 1739
8 6 4 1624
8 6 5 2470
8 6 6 2832
8 6 7 2874
8 6 8 2953
8 7 1 2114
8 7 2 1769
8 7 3 1755
8 7 4 1873
8 7 5 1999
8 7 6 1321
8 7 7 3212
8 7 8 2396
8 8 1 3574
8 8 2 2073
8 8 3 2484
8 8 4 2661
8 8 5 2568
8 8 6 2257
8 8 7 2245
8 8 8 3576
