1 2 294
1 3 325
1 4 332
1 5 220
1 6 524
1 7 194
1 8 596
1 9 353
2 1 339
2 3 311
2 4 380
2 5 333
2 6 645
2 7 328
2 8 606
2 9 404
3 1 297
3 2 363
3 4 414
3 5 327
3 6 630
3 7 382
3 8 836
3 9 437
4 1 626
4 2 526
4 3 627
4 5 811
4 6 1402
4 7 603
4 8 1219
4 9 1360
5 1 287
5 2 382
5 3 345
5 4 540
5 6 650
5 7 233
5 8 825
5 9 761
6 1 1252
6 2 1329
6 3 1079
6 4 1173
6 5 1032
6 7 1485
6 8 1544
6 9 1112
7 1 256
7 2 401
7 3 313
7 4 485
7 5 258
7 6 869
7 8 850
7 9 435
8 1 1366
8 2 1222
8 3 1400
8 4 1601
8 5 1502
8 6 1598
8 7 1109
8 9 1785
9 1 586
9 2 775
9 3 416
9 4 733
9 5 585
9 6 851
9 7 530
9 8 999
