1 2 277
1 3 381
1 4 346
1 5 285
1 6 481
1 7 231
1 8 664
1 9 452
2 1 292
2 3 460
2 4 600
2 5 332
2 6 512
2 7 263
2 8 847
2 9 541
3 1 294
3 2 396
3 4 459
3 5 363
3 6 724
3 7 305
3 8 846
3 9 540
4 1 562
4 2 498
4 3 591
4 5 724
4 6 1222
4 7 562
4 8 1204
4 9 1259
5 1 272
5 2 284
5 3 334
5 4 469
5 6 592
5 7 313
5 8 856
5 9 488
6 1 884
6 2 987
6 3 1123
6 4 1088
6 5 953
6 7 1375
6 8 1511
6 9 1255
7 1 354
7 2 324
7 3 304
7 4 337
7 5 317
7 6 906
7 8 1092
7 9 436
8 1 1428
8 2 1115
8 3 1398
8 4 1289
8 5 1249
8 6 1398
8 7 1362
8 9 1299
9 1 437
9 2 537
9 3 413
9 4 554
9 5 413
9 6 916
9 7 509
9 8 1003
