1 2 3 337
1 2 4 488
1 2 5 197
1 2 6 717
1 2 7 267
1 2 8 1175
1 2 9 337
1 3 4 317
1 3 5 186
1 3 6 826
1 3 7 198
1 3 8 888
1 3 9 430
1 4 5 359
1 4 6 865
1 4 7 361
1 4 8 1525
1 4 9 935
1 5 6 627
1 5 7 210
1 5 8 736
1 5 9 298
1 6 7 737
1 6 8 1750
1 6 9 1013
1 7 8 891
1 7 9 351
1 8 9 1321
2 3 4 522
2 3 5 297
2 3 6 963
2 3 7 275
2 3 8 761
2 3 9 302
2 4 5 516
2 4 6 1140
2 4 7 314
2 4 8 1370
2 4 9 629
2 5 6 723
2 5 7 234
2 5 8 860
2 5 9 433
2 6 7 850
2 6 8 1693
2 6 9 761
2 7 8 771
2 7 9 416
2 8 9 1440
3 4 5 665
3 4 6 1095
3 4 7 451
3 4 8 1404
3 4 9 781
3 5 6 940
3 5 7 259
3 5 8 1211
3 5 9 459
3 6 7 1221
3 6 8 1684
3 6 9 1378
3 7 8 1053
3 7 9 668
3 8 9 917
4 5 6 1352
4 5 7 579
4 5 8 1587
4 5 9 1110
4 6 7 1362
4 6 8 1829
4 6 9 1545
4 7 8 1518
4 7 9 1217
4 8 9 1528
5 6 7 1258
5 6 8 1380
5 6 9 1416
5 7 8 845
5 7 9 715
5 8 9 1165
6 7 8 1979
6 7 9 1519
6 8 9 1706
7 8 9 1714
