1 2 3 1215
1 2 4 1749
1 2 5 1508
1 2 6 2222
1 2 7 1032
1 2 8 1801
1 2 9 1630
1 3 2 1014
1 3 4 1452
1 3 5 1185
1 3 6 1832
1 3 7 972
1 3 8 1746
1 3 9 1379
1 4 2 1400
1 4 3 1296
1 4 5 1135
1 4 6 1687
1 4 7 1479
1 4 8 1418
1 4 9 1392
1 5 2 967
1 5 3 805
1 5 4 1026
1 5 6 1230
1 5 7 752
1 5 8 1402
1 5 9 1144
1 6 2 1512
1 6 3 1660
1 6 4 1633
1 6 5 1875
1 6 7 1935
1 6 8 1750
1 6 9 1744
1 7 2 868
1 7 3 1055
1 7 4 1590
1 7 5 859
1 7 6 1893
1 7 8 1887
1 7 9 1297
1 8 2 1446
1 8 3 1755
1 8 4 1552
1 8 5 1398
1 8 6 1441
1 8 7 2053
1 8 9 1646
1 9 2 999
1 9 3 1251
1 9 4 1470
1 9 5 1329
1 9 6 1233
1 9 7 1387
1 9 8 1587
2 1 3 1336
2 1 4 1383
2 1 5 1084
2 1 6 1238
2 1 7 1131
2 1 8 1898
2 1 9 1319
2 3 1 1608
2 3 4 1597
2 3 5 1110
2 3 6 1459
2 3 7 1066
2 3 8 1535
2 3 9 1366
2 4 1 1090
2 4 3 1272
2 4 5 1269
2 4 6 1467
2 4 7 1136
2 4 8 1575
2 4 9 1398
2 5 1 920
2 5 3 1001
2 5 4 1360
2 5 6 1367
2 5 7 975
2 5 8 1488
2 5 9 1092
2 6 1 1697
2 6 3 1301
2 6 4 1366
2 6 5 1980
2 6 7 1826
2 6 8 2170
2 6 9 1231
2 7 1 791
2 7 3 1156
2 7 4 1276
2 7 5 965
2 7 6 1659
2 7 8 1638
2 7 9 1464
2 8 1 2298
2 8 3 1650
2 8 4 1479
2 8 5 1523
2 8 6 1116
2 8 7 1721
2 8 9 1475
2 9 1 936
2 9 3 960
2 9 4 1769
2 9 5 1135
2 9 6 1627
2 9 7 1201
2 9 8 1707
3 1 2 1062
3 1 4 1019
3 1 5 889
3 1 6 1474
3 1 7 1067
3 1 8 1607
3 1 9 1208
3 2 1 1102
3 2 4 1312
3 2 5 1406
3 2 6 1324
3 2 7 1381
3 2 8 1670
3 2 9 1355
3 4 1 1351
3 4 2 1359
3 4 5 1729
3 4 6 1440
3 4 7 1215
3 4 8 1641
3 4 9 1655
3 5 1 762
3 5 2 1232
3 5 4 1277
3 5 6 1380
3 5 7 1546
3 5 8 1868
3 5 9 1300
3 6 1 1294
3 6 2 1764
3 6 4 1773
3 6 5 1184
3 6 7 2021
3 6 8 1617
3 6 9 1507
3 7 1 816
3 7 2 1419
3 7 4 1280
3 7 5 940
3 7 6 1524
3 7 8 1587
3 7 9 1660
3 8 1 1451
3 8 2 1751
3 8 4 1709
3 8 5 1378
3 8 6 1301
3 8 7 1331
3 8 9 1579
3 9 1 1274
3 9 2 1803
3 9 4 1277
3 9 5 1326
3 9 6 1695
3 9 7 1398
3 9 8 1648
4 1 2 1470
4 1 3 2376
4 1 5 1298
4 1 6 1450
4 1 7 1251
4 1 8 2014
4 1 9 1497
4 2 1 1268
4 2 3 1454
4 2 5 1238
4 2 6 1752
4 2 7 1349
4 2 8 1289
4 2 9 1688
4 3 1 1283
4 3 2 1570
4 3 5 1258
4 3 6 1412
4 3 7 1570
4 3 8 1248
4 3 9 1669
4 5 1 1188
4 5 2 1457
4 5 3 1729
4 5 6 1777
4 5 7 1656
4 5 8 1597
4 5 9 1914
4 6 1 2155
4 6 2 1491
4 6 3 1635
4 6 5 1712
4 6 7 1522
4 6 8 1829
4 6 9 1059
4 7 1 1367
4 7 2 1468
4 7 3 1297
4 7 5 1350
4 7 6 1883
4 7 8 1373
4 7 9 1211
4 8 1 808
4 8 2 1403
4 8 3 257
4 8 5 1446
4 8 6 1220
4 8 7 1386
4 8 9 863
4 9 1 1534
4 9 2 2047
4 9 3 1589
4 9 5 1683
4 9 6 1878
4 9 7 1177
4 9 8 885
5 1 2 991
5 1 3 1030
5 1 4 960
5 1 6 1350
5 1 7 684
5 1 8 1556
5 1 9 1623
5 2 1 662
5 2 3 1046
5 2 4 1190
5 2 6 1557
5 2 7 841
5 2 8 1438
5 2 9 974
5 3 1 846
5 3 2 1073
5 3 4 1416
5 3 6 1411
5 3 7 1053
5 3 8 1995
5 3 9 1389
5 4 1 1580
5 4 2 1364
5 4 3 2153
5 4 6 1503
5 4 7 1282
5 4 8 1019
5 4 9 1507
5 6 1 1380
5 6 2 1639
5 6 3 1617
5 6 4 1664
5 6 7 1490
5 6 8 388
5 6 9 1604
5 7 1 1045
5 7 2 1326
5 7 3 1220
5 7 4 1686
5 7 6 1787
5 7 8 1519
5 7 9 1395
5 8 1 1571
5 8 2 1670
5 8 3 1621
5 8 4 1577
5 8 6 1168
5 8 7 1362
5 8 9 1246
5 9 1 1560
5 9 2 1283
5 9 3 1830
5 9 4 1582
5 9 6 1160
5 9 7 1525
5 9 8 1026
6 1 2 1583
6 1 3 2034
6 1 4 1474
6 1 5 2371
6 1 7 1347
6 1 8 780
6 1 9 1927
6 2 1 1233
6 2 3 1080
6 2 4 1578
6 2 5 1029
6 2 7 1380
6 2 8 1165
6 2 9 1465
6 3 1 2003
6 3 2 2061
6 3 4 982
6 3 5 1898
6 3 7 1877
6 3 8 1063
6 3 9 1845
6 4 1 1666
6 4 2 1227
6 4 3 1629
6 4 5 1321
6 4 7 1498
6 4 8 511
6 4 9 771
6 5 1 1473
6 5 2 1503
6 5 3 2077
6 5 4 1790
6 5 7 1307
6 5 8 460
6 5 9 1120
6 7 1 1428
6 7 2 1600
6 7 3 1032
6 7 4 886
6 7 5 1245
6 7 8 97
6 7 9 540
6 8 1 1186
6 8 2 1978
6 8 3 1706
6 8 4 309
6 8 5 798
6 8 7 354
6 8 9 615
6 9 1 1042
6 9 2 1126
6 9 3 1513
6 9 4 559
6 9 5 1683
6 9 7 1306
6 9 8 1125
7 1 2 831
7 1 3 868
7 1 4 860
7 1 5 905
7 1 6 1365
7 1 8 1656
7 1 9 1169
7 2 1 1109
7 2 3 1083
7 2 4 1274
7 2 5 1015
7 2 6 2076
7 2 8 1954
7 2 9 1341
7 3 1 1800
7 3 2 838
7 3 4 998
7 3 5 861
7 3 6 1779
7 3 8 1331
7 3 9 1639
7 4 1 1865
7 4 2 1709
7 4 3 1135
7 4 5 1989
7 4 6 1443
7 4 8 1655
7 4 9 1396
7 5 1 1165
7 5 2 1231
7 5 3 1292
7 5 4 1525
7 5 6 1487
7 5 8 1043
7 5 9 1611
7 6 1 1554
7 6 2 1269
7 6 3 1398
7 6 4 1201
7 6 5 848
7 6 8 986
7 6 9 743
7 8 1 1814
7 8 2 1588
7 8 3 1514
7 8 4 1270
7 8 5 1543
7 8 6 1536
7 8 9 1784
7 9 1 1385
7 9 2 1469
7 9 3 1469
7 9 4 1536
7 9 5 2181
7 9 6 1699
7 9 8 1119
8 1 2 1743
8 1 3 1601
8 1 4 1190
8 1 5 1374
8 1 6 894
8 1 7 1499
8 1 9 1677
8 2 1 1583
8 2 3 1501
8 2 4 1775
8 2 5 1666
8 2 6 1142
8 2 7 1671
8 2 9 1528
8 3 1 1377
8 3 2 1518
8 3 4 1239
8 3 5 1667
8 3 6 604
8 3 7 1433
8 3 9 848
8 4 1 1156
8 4 2 1315
8 4 3 1795
8 4 5 702
8 4 6 167
8 4 7 1613
8 4 9 1378
8 5 1 1807
8 5 2 1569
8 5 3 1723
8 5 4 1381
8 5 6 1135
8 5 7 784
8 5 9 1782
8 6 1 0
8 6 2 644
8 6 3 0
8 6 4 0
8 6 5 231
8 6 7 316
8 6 9 1526
8 7 1 1605
8 7 2 1916
8 7 3 1365
8 7 4 534
8 7 5 1266
8 7 6 0
8 7 9 1351
8 9 1 1429
8 9 2 1929
8 9 3 960
8 9 4 1555
8 9 5 1616
8 9 6 0
8 9 7 917
9 1 2 1448
9 1 3 1433
9 1 4 1097
9 1 5 993
9 1 6 2025
9 1 7 1311
9 1 8 2032
9 2 1 1473
9 2 3 1014
9 2 4 1504
9 2 5 1390
9 2 6 1669
9 2 7 1181
9 2 8 1792
9 3 1 1773
9 3 2 1333
9 3 4 1549
9 3 5 1548
9 3 6 1866
9 3 7 1426
9 3 8 1963
9 4 1 1200
9 4 2 2085
9 4 3 1469
9 4 5 1839
9 4 6 640
9 4 7 1743
9 4 8 778
9 5 1 1813
9 5 2 1345
9 5 3 1529
9 5 4 1776
9 5 6 1751
9 5 7 1555
9 5 8 1798
9 6 1 1898
9 6 2 1452
9 6 3 1515
9 6 4 885
9 6 5 1079
9 6 7 1231
9 6 8 519
9 7 1 1606
9 7 2 1825
9 7 3 1724
9 7 4 1979
9 7 5 1730
9 7 6 1342
9 7 8 1702
9 8 1 1443
9 8 2 1662
9 8 3 1383
9 8 4 1733
9 8 5 1745
9 8 6 541
9 8 7 596
