1 2 427
1 3 653
1 4 537
1 5 619
1 6 492
1 7 518
1 8 576
1 9 722
1 10 697
1 11 830
1 12 906
1 13 1411
1 14 1327
1 15 4041
1 16 3036
1 17 8858
1 18 8586
1 19 0
2 3 614
2 4 604
2 5 524
2 6 535
2 7 627
2 8 627
2 9 587
2 10 762
2 11 1015
2 12 1077
2 13 1165
2 14 3200
2 15 2090
2 16 2325
2 17 7699
2 18 4577
2 19 0
3 4 512
3 5 643
3 6 631
3 7 648
3 8 611
3 9 610
3 10 669
3 11 924
3 12 995
3 13 2084
3 14 2250
3 15 2433
3 16 3177
3 17 4886
3 18 7818
3 20 0
3 24 0
4 5 546
4 6 634
4 7 543
4 8 528
4 9 591
4 10 694
4 11 966
4 12 1038
4 13 1248
4 14 1550
4 15 1546
4 16 3203
4 17 5273
4 18 5604
4 19 0
5 6 736
5 7 530
5 8 577
5 9 622
5 10 789
5 11 748
5 12 908
5 13 1632
5 14 1708
5 15 2239
5 16 2902
5 17 6527
5 18 4619
5 20 0
6 7 551
6 8 481
6 9 757
6 10 671
6 11 1316
6 12 1229
6 13 1744
6 14 2352
6 15 1886
6 16 2534
6 17 7999
6 18 8740
6 19 0
7 8 651
7 9 766
7 10 741
7 11 745
7 12 763
7 13 996
7 14 2292
7 15 2752
7 16 2382
7 17 5656
7 18 5136
7 19 0
8 9 539
8 10 687
8 11 677
8 12 736
8 13 1258
8 14 1650
8 15 2030
8 16 2676
8 17 5125
8 18 8783
8 20 0
9 10 806
9 11 878
9 12 1142
9 13 1925
9 14 2047
9 15 2409
9 16 2345
9 17 9357
9 18 8268
9 19 0
9 20 0
10 11 741
10 12 966
10 13 2042
10 14 1971
10 15 1797
10 16 3450
10 17 9284
10 18 7245
10 20 0
11 12 718
11 13 1281
11 14 2564
11 15 2472
11 16 3055
11 17 7507
11 18 4600
11 19 0
11 20 0
12 13 1197
12 14 1438
12 15 3003
12 16 2627
12 17 5714
12 18 7430
12 20 0
13 14 1981
13 15 2296
13 16 3637
13 17 4985
13 18 5354
13 19 0
13 20 0
14 15 2169
14 16 2047
14 17 10544
14 18 5523
15 16 2455
15 17 8063
15 18 5700
15 19 0
15 20 0
16 17 2732
16 18 3941
16 19 0
17 18 6036
17 19 0
17 20 469
20 24 0
