1 2 687
1 3 629
1 4 642
1 5 518
1 6 604
1 7 609
1 8 728
1 9 551
1 10 732
1 11 829
1 12 711
1 13 1419
1 14 2217
1 15 2997
1 16 2655
1 17 4960
1 18 3570
1 19 0
2 3 581
2 4 517
2 5 475
2 6 443
2 7 423
2 8 760
2 9 804
2 10 623
2 11 1183
2 12 1533
2 13 1217
2 14 1816
2 15 1918
2 16 3045
2 17 7559
2 18 6421
2 19 1294
3 4 561
3 5 605
3 6 454
3 7 571
3 8 690
3 9 599
3 10 607
3 11 1061
3 12 1182
3 13 1969
3 14 1680
3 15 2464
3 16 3192
3 17 3614
3 18 3837
3 20 0
3 24 0
4 5 581
4 6 612
4 7 635
4 8 685
4 9 591
4 10 630
4 11 831
4 12 923
4 13 1903
4 14 2712
4 15 2637
4 16 3381
4 17 3485
4 18 8287
4 19 0
5 6 549
5 7 570
5 8 645
5 9 574
5 10 635
5 11 966
5 12 885
5 13 1627
5 14 1775
5 15 2104
5 16 4072
5 17 3189
5 18 4960
5 20 0
6 7 578
6 8 648
6 9 630
6 10 606
6 11 876
6 12 1304
6 13 1511
6 14 2172
6 15 2856
6 16 3960
6 17 7651
6 18 5506
6 19 0
7 8 508
7 9 547
7 10 705
7 11 824
7 12 1324
7 13 1470
7 14 2242
7 15 2609
7 16 2338
7 17 3816
7 18 4891
7 19 0
8 9 644
8 10 707
8 11 765
8 12 924
8 13 1475
8 14 1583
8 15 2586
8 16 2925
8 17 9257
8 18 4335
8 20 0
9 10 785
9 11 736
9 12 1236
9 13 2397
9 14 1731
9 15 2427
9 16 3043
9 17 6160
9 18 4066
9 19 0
9 20 0
10 11 1030
10 12 860
10 13 1609
10 14 1938
10 15 2468
10 16 2209
10 17 4300
10 18 4696
10 20 0
11 12 1108
11 13 1391
11 14 2475
11 15 2697
11 16 2359
11 17 4945
11 18 7174
11 19 0
11 20 0
12 13 1562
12 14 2105
12 15 2631
12 16 2417
12 17 8793
12 18 6220
12 20 0
13 14 1940
13 15 2893
13 16 3006
13 17 9835
13 18 11243
13 19 0
13 20 0
14 15 2898
14 16 2092
14 17 4773
14 18 3754
15 16 2505
15 17 5952
15 18 6747
15 19 0
15 20 0
16 17 6732
16 18 6853
16 19 0
17 18 5722
17 19 0
17 20 0
20 24 0
