1 2 851
1 3 515
1 4 590
1 5 559
1 6 527
1 7 1294
1 8 549
1 9 693
1 10 828
1 11 1153
1 12 1277
1 13 1478
1 14 2007
1 15 2181
1 16 2603
1 17 4375
1 18 7430
1 19 0
2 3 524
2 4 487
2 5 421
2 6 531
2 7 744
2 8 750
2 9 653
2 10 651
2 11 851
2 12 1166
2 13 2332
2 14 1734
2 15 2416
2 16 2204
2 17 6229
2 18 8039
2 19 0
3 4 586
3 5 566
3 6 531
3 7 636
3 8 460
3 9 577
3 10 880
3 11 878
3 12 1078
3 13 2242
3 14 1711
3 15 2548
3 16 3356
3 17 4938
3 18 2716
3 20 0
3 24 0
4 5 507
4 6 516
4 7 594
4 8 648
4 9 721
4 10 661
4 11 989
4 12 1205
4 13 1548
4 14 2190
4 15 2691
4 16 3054
4 17 11862
4 18 4850
4 19 0
5 6 578
5 7 474
5 8 841
5 9 637
5 10 710
5 11 787
5 12 1601
5 13 1499
5 14 1871
5 15 1637
5 16 2308
5 17 9233
5 18 8548
5 20 0
6 7 650
6 8 551
6 9 458
6 10 600
6 11 838
6 12 909
6 13 1794
6 14 1278
6 15 2801
6 16 2445
6 17 6005
6 18 4805
6 19 0
7 8 560
7 9 565
7 10 582
7 11 1209
7 12 871
7 13 1280
7 14 1814
7 15 2476
7 16 2746
7 17 5864
7 18 7739
7 19 0
8 9 678
8 10 1042
8 11 1014
8 12 1148
8 13 1145
8 14 1934
8 15 2665
8 16 1860
8 17 3711
8 18 10411
8 20 0
9 10 699
9 11 1021
9 12 817
9 13 1620
9 14 2065
9 15 1911
9 16 2358
9 17 5735
9 18 3172
9 19 0
9 20 0
10 11 1591
10 12 1326
10 13 1535
10 14 1380
10 15 2480
10 16 2671
10 17 4636
10 18 6841
10 20 0
11 12 856
11 13 1021
11 14 1950
11 15 2094
11 16 2511
11 17 5746
11 18 8781
11 19 0
11 20 0
12 13 1182
12 14 1882
12 15 3384
12 16 2042
12 17 4031
12 18 7851
12 20 0
13 14 2323
13 15 2006
13 16 3601
13 17 6053
13 18 9207
13 19 0
13 20 0
14 15 2139
14 16 3730
14 17 6449
14 18 8687
15 16 2856
15 17 5414
15 18 4525
15 19 0
15 20 0
16 17 6515
16 18 4872
16 19 0
17 18 4293
17 19 0
17 20 0
20 24 0
