1 2 1697
1 3 894
1 4 1085
1 5 920
1 6 1340
1 7 1166
1 8 1020
1 9 1465
1 10 1214
1 11 1231
1 12 1468
1 13 3047
1 14 2631
1 15 4041
1 16 6088
1 17 6948
1 18 3800
2 1 938
2 3 1096
2 4 954
2 5 713
2 6 1058
2 7 1101
2 8 1134
2 9 842
2 10 1501
2 11 1620
2 12 2021
2 13 1966
2 14 2311
2 15 4120
2 16 4011
2 17 5270
2 18 11072
3 1 1149
3 2 940
3 4 860
3 5 876
3 6 1093
3 7 970
3 8 929
3 9 1301
3 10 1079
3 11 2390
3 12 1772
3 13 2666
3 14 2636
3 15 4340
3 16 3452
3 17 4886
3 18 7953
3 20 0
3 24 0
4 1 1375
4 2 1110
4 3 717
4 5 1054
4 6 1218
4 7 820
4 8 917
4 9 1201
4 10 1405
4 11 1459
4 12 1370
4 13 1791
4 14 1904
4 15 3173
4 16 3203
4 17 7537
4 18 5606
4 19 0
5 1 827
5 2 1062
5 3 848
5 4 1256
5 6 1084
5 7 1010
5 8 1081
5 9 1368
5 10 975
5 11 1688
5 12 1448
5 13 2406
5 14 2124
5 15 2878
5 16 3674
5 17 6452
5 18 6230
6 1 942
6 2 1109
6 3 1133
6 4 704
6 5 1411
6 7 1009
6 8 949
6 9 1014
6 10 1338
6 11 1316
6 12 2027
6 13 1976
6 14 3152
6 15 2726
6 16 2534
6 17 4180
6 18 6016
6 19 0
7 1 925
7 2 992
7 3 902
7 4 1366
7 5 990
7 6 1189
7 8 1050
7 9 1161
7 10 1499
7 11 1790
7 12 1508
7 13 1536
7 14 2292
7 15 3525
7 16 3817
7 17 8264
7 18 7092
7 19 0
8 1 1125
8 2 815
8 3 1142
8 4 1509
8 5 1375
8 6 913
8 7 1285
8 9 1159
8 10 1387
8 11 1266
8 12 1920
8 13 1603
8 14 2321
8 15 3340
8 16 3060
8 17 5335
8 18 6111
9 1 1386
9 2 1052
9 3 1037
9 4 1060
9 5 1478
9 6 1005
9 7 1228
9 8 1021
9 10 1691
9 11 1227
9 12 2482
9 13 2503
9 14 2650
9 15 2804
9 16 3253
9 17 12212
9 18 8268
9 19 0
10 1 1017
10 2 1074
10 3 1426
10 4 959
10 5 1153
10 6 1353
10 7 1184
10 8 1219
10 9 1214
10 11 1307
10 12 1643
10 13 2006
10 14 2376
10 15 2527
10 16 6654
10 17 9287
10 18 7511
10 20 0
11 1 1692
11 2 1432
11 3 2135
11 4 2296
11 5 1675
11 6 2073
11 7 1976
11 8 1423
11 9 1458
11 10 1539
11 12 1297
11 13 2248
11 14 3367
11 15 2472
11 16 3589
11 17 5734
11 18 3799
11 19 0
12 1 1772
12 2 1648
12 3 2100
12 4 1729
12 5 1461
12 6 1669
12 7 1235
12 8 1271
12 9 1225
12 10 1486
12 11 1362
12 13 2272
12 14 2715
12 15 3661
12 16 2710
12 17 4510
12 18 7430
13 1 2381
13 2 3213
13 3 3039
13 4 2218
13 5 1833
13 6 1791
13 7 2140
13 8 1701
13 9 2259
13 10 3144
13 11 2314
13 12 2430
13 14 3457
13 15 3389
13 16 3637
13 17 3793
13 18 6240
13 19 0
14 1 2568
14 2 4125
14 3 2864
14 4 3010
14 5 2535
14 6 2366
14 7 3024
14 8 2767
14 9 2380
14 10 1920
14 11 2586
14 12 1657
14 13 2298
14 15 3006
14 16 2707
14 17 5848
14 18 6992
15 1 5220
15 2 3643
15 3 4526
15 4 3131
15 5 4309
15 6 2998
15 7 3080
15 8 3486
15 9 4371
15 10 2637
15 11 3630
15 12 3089
15 13 3721
15 14 2662
15 16 4601
15 17 6611
15 18 7039
16 1 3245
16 2 3743
16 3 4976
16 4 2414
16 5 3461
16 6 3417
16 7 4719
16 8 3360
16 9 4796
16 10 7841
16 11 2913
16 12 3990
16 13 4823
16 14 4693
16 15 3327
16 17 3921
16 18 2632
17 1 5659
17 2 7699
17 3 6356
17 4 5559
17 5 7974
17 6 5054
17 7 3513
17 8 3551
17 9 3778
17 10 9932
17 11 7507
17 12 8056
17 13 7045
17 14 10544
17 15 8693
17 16 3755
17 18 6036
17 19 0
17 20 0
18 1 8586
18 2 4577
18 3 4030
18 4 4517
18 5 996
18 6 8999
18 7 3714
18 8 9346
18 9 5208
18 10 5486
18 11 5758
18 12 12453
18 13 6836
18 14 4945
18 15 5700
18 16 3941
18 17 3515
19 1 0
19 2 0
19 6 0
19 7 0
19 9 0
19 11 0
19 13 0
19 15 0
19 16 0
20 5 0
20 8 0
20 9 0
20 11 0
20 12 0
20 13 0
20 15 0
20 17 0
20 24 0
