1 2 985
1 3 885
1 4 1484
1 5 1209
1 6 971
1 7 959
1 8 961
1 9 1128
1 10 1215
1 11 1293
1 12 1495
1 13 3033
1 14 4860
1 15 6320
1 16 4656
1 17 8994
1 18 3616
2 1 894
2 3 925
2 4 723
2 5 872
2 6 918
2 7 1323
2 8 1177
2 9 1449
2 10 1174
2 11 1422
2 12 2503
2 13 2558
2 14 2790
2 15 3141
2 16 4254
2 17 7559
2 18 8526
3 1 1540
3 2 1125
3 4 1215
3 5 823
3 6 1240
3 7 1213
3 8 1148
3 9 1169
3 10 1308
3 11 1652
3 12 1542
3 13 3434
3 14 1944
3 15 3399
3 16 3192
3 17 4488
3 18 2042
3 20 0
3 24 0
4 1 1193
4 2 782
4 3 815
4 5 1297
4 6 1309
4 7 1295
4 8 786
4 9 1334
4 10 1371
4 11 1503
4 12 1233
4 13 2963
4 14 2221
4 15 3864
4 16 3947
4 17 7873
4 18 5457
4 19 0
5 1 1369
5 2 1097
5 3 797
5 4 1038
5 6 1126
5 7 1163
5 8 1296
5 9 983
5 10 1057
5 11 1089
5 12 1784
5 13 2213
5 14 3738
5 15 2687
5 16 4059
5 17 5876
5 18 3045
6 1 1030
6 2 1059
6 3 1477
6 4 1071
6 5 1294
6 7 1033
6 8 1131
6 9 1370
6 10 1377
6 11 1516
6 12 2016
6 13 1660
6 14 2454
6 15 2856
6 16 4734
6 17 7651
6 18 5800
6 19 0
7 1 1105
7 2 1096
7 3 1215
7 4 1273
7 5 1296
7 6 917
7 8 913
7 9 1252
7 10 1278
7 11 1347
7 12 1693
7 13 2079
7 14 3428
7 15 2921
7 16 4528
7 17 5625
7 18 4267
7 19 0
8 1 1045
8 2 958
8 3 989
8 4 1122
8 5 1086
8 6 841
8 7 1102
8 9 1000
8 10 1322
8 11 1299
8 12 1422
8 13 3108
8 14 2054
8 15 4717
8 16 3526
8 17 9694
8 18 5815
9 1 1117
9 2 1040
9 3 1435
9 4 1092
9 5 1657
9 6 1408
9 7 1162
9 8 1124
9 10 1635
9 11 2148
9 12 1702
9 13 2142
9 14 2342
9 15 4020
9 16 7155
9 17 6521
9 18 3683
9 19 0
10 1 1019
10 2 1329
10 3 1372
10 4 1329
10 5 1088
10 6 1567
10 7 1235
10 8 1436
10 9 1484
10 11 1613
10 12 1860
10 13 2066
10 14 2228
10 15 3121
10 16 4809
10 17 4530
10 18 5481
10 20 0
11 1 1234
11 2 1672
11 3 1333
11 4 1828
11 5 1543
11 6 1608
11 7 1705
11 8 1240
11 9 1565
11 10 1781
11 12 1834
11 13 1655
11 14 2529
11 15 2697
11 16 4830
11 17 9648
11 18 9001
11 19 0
12 1 1354
12 2 1680
12 3 2292
12 4 1416
12 5 2007
12 6 2588
12 7 1407
12 8 1854
12 9 1428
12 10 1542
12 11 2239
12 13 2361
12 14 2629
12 15 2843
12 16 3900
12 17 10156
12 18 4276
13 1 1960
13 2 1565
13 3 2011
13 4 2569
13 5 2177
13 6 3924
13 7 1905
13 8 1685
13 9 2576
13 10 2044
13 11 4029
13 12 1805
13 14 3386
13 15 2908
13 16 3250
13 17 10009
13 18 3160
13 19 0
14 1 3897
14 2 3331
14 3 2690
14 4 2712
14 5 2755
14 6 2701
14 7 2047
14 8 4191
14 9 2648
14 10 3282
14 11 2475
14 12 2845
14 13 4144
14 15 4889
14 16 3549
14 17 4773
14 18 5198
15 1 3098
15 2 2954
15 3 3214
15 4 2911
15 5 4123
15 6 2995
15 7 3484
15 8 2556
15 9 2840
15 10 2842
15 11 4272
15 12 4026
15 13 2893
15 14 5589
15 16 6170
15 17 5496
15 18 5196
16 1 4011
16 2 3045
16 3 3553
16 4 4374
16 5 4276
16 6 3001
16 7 4054
16 8 5308
16 9 4101
16 10 4028
16 11 3031
16 12 5227
16 13 5546
16 14 3218
16 15 3379
16 17 4897
16 18 3754
17 1 7249
17 2 2493
17 3 3246
17 4 5595
17 5 3444
17 6 6197
17 7 5462
17 8 4524
17 9 5633
17 10 4171
17 11 8709
17 12 6374
17 13 8907
17 14 3546
17 15 5507
17 16 6732
17 18 8116
17 19 0
17 20 0
18 1 3570
18 2 6421
18 3 3866
18 4 10146
18 5 6410
18 6 5132
18 7 4891
18 8 6367
18 9 2941
18 10 6838
18 11 8521
18 12 6220
18 13 4702
18 14 4056
18 15 6747
18 16 6853
18 17 6065
19 1 0
19 2 1294
19 6 0
19 7 0
19 9 0
19 11 0
19 13 0
19 15 0
19 16 0
20 5 0
20 8 0
20 9 0
20 11 0
20 12 0
20 13 0
20 15 0
20 17 0
20 24 0
