1 2 934
1 3 758
1 4 978
1 5 894
1 6 910
1 7 1537
1 8 1818
1 9 1159
1 10 1499
1 11 1570
1 12 1797
1 13 2630
1 14 4179
1 15 2370
1 16 4890
1 17 4375
1 18 5425
2 1 851
2 3 950
2 4 1343
2 5 869
2 6 984
2 7 844
2 8 1065
2 9 1068
2 10 1684
2 11 1407
2 12 1628
2 13 2557
2 14 2809
2 15 3916
2 16 2682
2 17 6229
2 18 4505
3 1 862
3 2 729
3 4 1002
3 5 1043
3 6 1006
3 7 1026
3 8 799
3 9 974
3 10 1503
3 11 2039
3 12 2093
3 13 2252
3 14 2343
3 15 2550
3 16 4320
3 17 11258
3 18 2716
3 20 0
3 24 0
4 1 828
4 2 1032
4 3 1058
4 5 1008
4 6 967
4 7 878
4 8 1206
4 9 1253
4 10 889
4 11 1419
4 12 1809
4 13 2721
4 14 3056
4 15 3471
4 16 5371
4 17 5775
4 18 5311
4 19 0
5 1 822
5 2 851
5 3 660
5 4 750
5 6 731
5 7 1087
5 8 1058
5 9 1028
5 10 1069
5 11 1442
5 12 1735
5 13 2274
5 14 4929
5 15 3040
5 16 4084
5 17 9576
5 18 6285
6 1 932
6 2 1039
6 3 1218
6 4 1170
6 5 1117
6 7 1080
6 8 934
6 9 848
6 10 1347
6 11 1788
6 12 1668
6 13 2227
6 14 2382
6 15 6308
6 16 3756
6 17 5653
6 18 3253
6 19 0
7 1 1294
7 2 877
7 3 999
7 4 819
7 5 991
7 6 865
7 8 1169
7 9 1024
7 10 1667
7 11 1519
7 12 1808
7 13 2281
7 14 2158
7 15 5384
7 16 4705
7 17 8124
7 18 7739
7 19 0
8 1 1006
8 2 1005
8 3 875
8 4 932
8 5 963
8 6 817
8 7 1076
8 9 1241
8 10 1183
8 11 1326
8 12 1807
8 13 1971
8 14 3723
8 15 4702
8 16 2887
8 17 7318
8 18 13522
9 1 1793
9 2 974
9 3 1315
9 4 1449
9 5 1724
9 6 929
9 7 1390
9 8 1369
9 10 1993
9 11 1225
9 12 2177
9 13 3103
9 14 3619
9 15 2562
9 16 3340
9 17 5720
9 18 3172
9 19 0
10 1 1646
10 2 1336
10 3 1051
10 4 1313
10 5 1358
10 6 1136
10 7 1241
10 8 1280
10 9 1666
10 11 2328
10 12 1336
10 13 2366
10 14 1848
10 15 3155
10 16 2805
10 17 2860
10 18 6841
10 20 0
11 1 1684
11 2 1258
11 3 1722
11 4 1901
11 5 1125
11 6 1756
11 7 1503
11 8 1487
11 9 2007
11 10 1649
11 12 1853
11 13 1910
11 14 1939
11 15 3344
11 16 2884
11 17 2346
11 18 9071
11 19 0
12 1 1896
12 2 1856
12 3 2251
12 4 1995
12 5 2045
12 6 1747
12 7 1458
12 8 1779
12 9 1347
12 10 3016
12 11 1783
12 13 2046
12 14 4164
12 15 4423
12 16 3922
12 17 10109
12 18 11816
13 1 2413
13 2 1639
13 3 2572
13 4 2622
13 5 1847
13 6 2397
13 7 1845
13 8 2819
13 9 2435
13 10 2452
13 11 2106
13 12 2034
13 14 2004
13 15 3370
13 16 5075
13 17 6053
13 18 11632
13 19 0
14 1 3234
14 2 1992
14 3 3274
14 4 2212
14 5 3708
14 6 2707
14 7 2408
14 8 2943
14 9 2394
14 10 2110
14 11 2093
14 12 3518
14 13 3451
14 15 4955
14 16 4307
14 17 7858
14 18 3428
15 1 2098
15 2 3088
15 3 3535
15 4 3946
15 5 2745
15 6 3683
15 7 2747
15 8 4052
15 9 3417
15 10 3875
15 11 4310
15 12 3489
15 13 3562
15 14 2839
15 16 3482
15 17 10503
15 18 6414
16 1 2876
16 2 4252
16 3 4340
16 4 2546
16 5 3117
16 6 3491
16 7 3058
16 8 2801
16 9 3374
16 10 7283
16 11 3418
16 12 4003
16 13 3601
16 14 4334
16 15 4519
16 17 9062
16 18 7533
17 1 1766
17 2 3945
17 3 6765
17 4 12293
17 5 2413
17 6 3523
17 7 5864
17 8 3916
17 9 6627
17 10 4660
17 11 7934
17 12 5907
17 13 4414
17 14 6449
17 15 3656
17 16 6515
17 18 7264
17 19 0
17 20 0
18 1 7430
18 2 8039
18 3 2829
18 4 4850
18 5 8548
18 6 7261
18 7 4767
18 8 10411
18 9 6198
18 10 3929
18 11 3602
18 12 7851
18 13 5062
18 14 8687
18 15 4525
18 16 9685
18 17 3668
19 1 0
19 2 0
19 6 0
19 7 0
19 9 0
19 11 0
19 13 0
19 15 0
19 16 0
20 5 0
20 8 0
20 9 0
20 11 0
20 12 0
20 13 0
20 15 0
20 17 0
20 24 0
