1 2 3 1373
1 2 4 1835
1 2 5 1103
1 2 6 1066
1 2 7 1440
1 2 8 1372
1 2 9 1393
1 2 10 1739
1 2 11 2257
1 2 12 3682
1 2 13 4567
1 2 14 3388
1 2 15 3946
1 2 16 4741
1 2 17 3916
1 2 18 3434
1 3 4 1763
1 3 5 1100
1 3 6 1762
1 3 7 2347
1 3 8 1621
1 3 9 1858
1 3 10 1638
1 3 11 2833
1 3 12 3054
1 3 13 3150
1 3 14 5367
1 3 15 6584
1 3 16 6898
1 3 17 5126
1 3 18 1695
1 4 5 1626
1 4 6 1606
1 4 7 2516
1 4 8 1819
1 4 9 1473
1 4 10 2101
1 4 11 2028
1 4 12 3091
1 4 13 4216
1 4 14 2770
1 4 15 6644
1 4 16 6509
1 4 17 1616
1 4 18 7798
1 5 6 1174
1 5 7 1588
1 5 8 1303
1 5 9 2425
1 5 10 2117
1 5 11 2152
1 5 12 3901
1 5 13 3500
1 5 14 7202
1 5 15 4467
1 5 16 4912
1 5 17 3658
1 5 18 1920
1 6 7 1449
1 6 8 2249
1 6 9 1863
1 6 10 1856
1 6 11 2485
1 6 12 3144
1 6 13 4326
1 6 14 2530
1 6 15 4966
1 6 16 5155
1 6 17 2906
1 6 18 0
1 6 19 0
1 7 8 1730
1 7 9 2324
1 7 10 2718
1 7 11 3490
1 7 12 3175
1 7 13 3391
1 7 14 5103
1 7 15 5295
1 7 16 6605
1 7 17 2056
1 7 18 2511
1 8 9 2304
1 8 10 2261
1 8 11 2223
1 8 12 5167
1 8 13 2770
1 8 14 7316
1 8 15 5155
1 8 16 6934
1 8 17 11594
1 8 18 8251
1 9 10 2455
1 9 11 2362
1 9 12 3094
1 9 13 3910
1 9 14 5960
1 9 15 6385
1 9 16 5822
1 9 17 6960
1 9 18 0
1 10 11 2005
1 10 12 2790
1 10 13 3692
1 10 14 3515
1 10 15 4563
1 10 16 6233
1 10 17 6948
1 10 18 1672
1 11 12 3922
1 11 13 3209
1 11 14 2999
1 11 15 6003
1 11 16 5507
1 11 17 1046
1 11 18 4428
1 12 13 3371
1 12 14 4520
1 12 15 4869
1 12 16 5459
1 12 17 6678
1 12 18 7430
1 13 14 3815
1 13 15 7912
1 13 16 4933
1 13 17 1988
1 13 18 4643
1 14 15 5873
1 14 16 6848
1 14 17 12260
1 14 18 0
1 15 16 4920
1 15 17 278
1 15 18 6127
1 16 17 6133
1 16 18 2821
1 17 18 2779
2 3 4 1616
2 3 5 1442
2 3 6 1008
2 3 7 1458
2 3 8 1304
2 3 9 2159
2 3 10 1727
2 3 11 1941
2 3 12 2654
2 3 13 2976
2 3 14 4554
2 3 15 4437
2 3 16 5995
2 3 17 2773
2 3 18 7488
2 4 5 1437
2 4 6 2383
2 4 7 1891
2 4 8 1222
2 4 9 2304
2 4 10 1612
2 4 11 2929
2 4 12 2983
2 4 13 2943
2 4 14 4245
2 4 15 6348
2 4 16 6392
2 4 17 3206
2 4 18 578
2 5 6 1966
2 5 7 1594
2 5 8 1451
2 5 9 1787
2 5 10 1520
2 5 11 2059
2 5 12 2467
2 5 13 3227
2 5 14 3415
2 5 15 6213
2 5 16 8035
2 5 17 12105
2 5 18 6285
2 6 7 1164
2 6 8 1733
2 6 9 1861
2 6 10 1699
2 6 11 3113
2 6 12 4442
2 6 13 2911
2 6 14 3561
2 6 15 5047
2 6 16 5365
2 6 17 1545
2 6 18 4776
2 7 8 2030
2 7 9 2649
2 7 10 2008
2 7 11 2524
2 7 12 2909
2 7 13 3391
2 7 14 3849
2 7 15 6700
2 7 16 5480
2 7 17 3303
2 7 18 994
2 7 19 0
2 8 9 1672
2 8 10 2033
2 8 11 2755
2 8 12 2753
2 8 13 3642
2 8 14 3456
2 8 15 5054
2 8 16 4456
2 8 17 6663
2 8 18 5005
2 9 10 3192
2 9 11 2593
2 9 12 2707
2 9 13 2684
2 9 14 4996
2 9 15 4439
2 9 16 6609
2 9 17 6363
2 9 18 1690
2 10 11 2375
2 10 12 4055
2 10 13 4843
2 10 14 3387
2 10 15 3959
2 10 16 8231
2 10 17 2404
2 10 18 1744
2 11 12 3226
2 11 13 3909
2 11 14 5558
2 11 15 5671
2 11 16 5007
2 11 17 3311
2 11 18 5612
2 12 13 3569
2 12 14 3333
2 12 15 5813
2 12 16 5767
2 12 17 2045
2 12 18 9321
2 13 14 3109
2 13 15 5790
2 13 16 6804
2 13 17 2156
2 13 18 358
2 13 19 0
2 14 15 7117
2 14 16 5331
2 14 17 0
2 14 18 8212
2 15 16 5377
2 15 17 9815
2 15 18 2440
2 16 17 3503
2 16 18 3619
2 17 18 3516
3 4 5 1447
3 4 6 1872
3 4 7 1503
3 4 8 1547
3 4 9 2328
3 4 10 1525
3 4 11 2685
3 4 12 2117
3 4 13 3804
3 4 14 3429
3 4 15 5077
3 4 16 4137
3 4 17 2508
3 4 18 0
3 5 6 1322
3 5 7 1375
3 5 8 1765
3 5 9 2443
3 5 10 1710
3 5 11 1917
3 5 12 3496
3 5 13 3363
3 5 14 3011
3 5 15 4831
3 5 16 4278
3 5 17 0
3 6 7 2455
3 6 8 1418
3 6 9 2219
3 6 10 1494
3 6 11 2161
3 6 12 2921
3 6 13 3884
3 6 14 3954
3 6 15 5848
3 6 16 4741
3 6 17 7408
3 6 18 3582
3 7 8 1726
3 7 9 1894
3 7 10 2027
3 7 11 2086
3 7 12 2855
3 7 13 2226
3 7 14 4956
3 7 15 7343
3 7 16 4835
3 7 17 2344
3 7 18 2201
3 8 9 1614
3 8 10 3149
3 8 11 2076
3 8 12 2647
3 8 13 4581
3 8 14 3818
3 8 15 8519
3 8 16 5598
3 8 17 1740
3 8 18 11572
3 9 10 2462
3 9 11 2290
3 9 12 3027
3 9 13 2943
3 9 14 3477
3 9 15 4280
3 9 16 9664
3 9 17 1853
3 9 18 439
3 10 11 2001
3 10 12 3498
3 10 13 3494
3 10 14 3440
3 10 15 5398
3 10 16 3095
3 10 17 3642
3 10 18 1904
3 11 12 2863
3 11 13 2768
3 11 14 2723
3 11 15 7173
3 11 16 5513
3 11 17 2436
3 11 18 4938
3 12 13 3630
3 12 14 6563
3 12 15 6730
3 12 16 2886
3 12 17 8545
3 12 18 0
3 13 14 8576
3 13 15 3387
3 13 16 6219
3 13 17 2231
3 13 18 4850
3 14 15 5455
3 14 16 4358
3 14 17 6116
3 14 18 1131
3 15 16 7644
3 15 17 787
3 15 18 2250
3 16 17 4106
3 16 18 2607
3 17 18 5407
3 20 24 0
4 5 6 1788
4 5 7 1808
4 5 8 2357
4 5 9 1620
4 5 10 2032
4 5 11 2388
4 5 12 2575
4 5 13 3787
4 5 14 3999
4 5 15 3931
4 5 16 5347
4 5 17 3128
4 5 18 2873
4 6 7 1510
4 6 8 1268
4 6 9 1804
4 6 10 2255
4 6 11 2537
4 6 12 2676
4 6 13 3676
4 6 14 5970
4 6 15 5548
4 6 16 6875
4 6 17 7319
4 6 18 1590
4 7 8 1286
4 7 9 1402
4 7 10 2420
4 7 11 2563
4 7 12 2814
4 7 13 4156
4 7 14 2783
4 7 15 3839
4 7 16 4756
4 7 17 246
4 7 18 5188
4 8 9 1609
4 8 10 2683
4 8 11 2047
4 8 12 2532
4 8 13 3543
4 8 14 4989
4 8 15 5752
4 8 16 6573
4 8 17 5064
4 8 18 5756
4 9 10 1799
4 9 11 2655
4 9 12 2729
4 9 13 3181
4 9 14 2770
4 9 15 5239
4 9 16 4028
4 9 17 9057
4 9 18 6972
4 10 11 2358
4 10 12 2992
4 10 13 3816
4 10 14 4398
4 10 15 3763
4 10 16 6401
4 10 17 4289
4 10 18 2398
4 11 12 2569
4 11 13 3450
4 11 14 5268
4 11 15 5665
4 11 16 4479
4 11 17 8125
4 11 18 470
4 12 13 4505
4 12 14 4822
4 12 15 4063
4 12 16 5969
4 12 17 8793
4 12 18 10924
4 13 14 4624
4 13 15 4180
4 13 16 2880
4 13 17 5187
4 13 18 5132
4 13 19 0
4 14 15 5796
4 14 16 7807
4 14 17 5610
4 14 18 37
4 15 16 5678
4 15 17 685
4 15 18 6074
4 16 17 1585
4 16 18 6906
4 17 18 0
5 6 7 2045
5 6 8 1294
5 6 9 1266
5 6 10 2177
5 6 11 2848
5 6 12 3262
5 6 13 3230
5 6 14 4333
5 6 15 9172
5 6 16 4970
5 6 17 1734
5 6 18 5233
5 7 8 1202
5 7 9 1503
5 7 10 3249
5 7 11 2805
5 7 12 2790
5 7 13 4966
5 7 14 3722
5 7 15 6632
5 7 16 6295
5 7 17 4038
5 7 18 4056
5 8 9 1529
5 8 10 1981
5 8 11 2700
5 8 12 3275
5 8 13 4271
5 8 14 5287
5 8 15 5389
5 8 16 8315
5 8 17 5729
5 8 18 0
5 9 10 2204
5 9 11 2665
5 9 12 2898
5 9 13 6375
5 9 14 3859
5 9 15 4456
5 9 16 6408
5 9 17 5027
5 9 18 1842
5 10 11 2262
5 10 12 3685
5 10 13 6434
5 10 14 4386
5 10 15 6740
5 10 16 2922
5 10 17 3032
5 10 18 4809
5 11 12 3072
5 11 13 3248
5 11 14 5346
5 11 15 3492
5 11 16 7321
5 11 17 3109
5 11 18 3059
5 12 13 2618
5 12 14 4616
5 12 15 4326
5 12 16 5513
5 12 17 3793
5 12 18 0
5 13 14 4440
5 13 15 6537
5 13 16 4201
5 13 17 2923
5 13 18 2237
5 14 15 5762
5 14 16 5412
5 14 17 0
5 14 18 5752
5 15 16 4422
5 15 17 3295
5 15 18 3874
5 16 17 2613
5 16 18 1938
5 17 18 2273
5 17 20 0
6 7 8 1368
6 7 9 1673
6 7 10 2140
6 7 11 1652
6 7 12 4256
6 7 13 3667
6 7 14 3815
6 7 15 4081
6 7 16 5726
6 7 17 2353
6 7 18 3248
6 8 9 2127
6 8 10 2079
6 8 11 2610
6 8 12 2272
6 8 13 3046
6 8 14 7354
6 8 15 4910
6 8 16 3601
6 8 17 10754
6 8 18 2135
6 9 10 1614
6 9 11 2659
6 9 12 2599
6 9 13 4528
6 9 14 3986
6 9 15 5499
6 9 16 6101
6 9 17 2924
6 9 18 4036
6 9 19 0
6 10 11 2320
6 10 12 4509
6 10 13 3070
6 10 14 3654
6 10 15 7430
6 10 16 6267
6 10 17 3309
6 10 18 8005
6 11 12 2625
6 11 13 5722
6 11 14 3751
6 11 15 6671
6 11 16 8604
6 11 17 5746
6 11 18 4526
6 11 19 0
6 12 13 4451
6 12 14 5220
6 12 15 9485
6 12 16 5686
6 12 17 3906
6 12 18 4763
6 13 14 5501
6 13 15 4018
6 13 16 6083
6 13 17 483
6 13 18 12136
6 14 15 4444
6 14 16 4431
6 14 17 2397
6 14 18 2474
6 15 16 4988
6 15 17 0
6 15 18 3705
6 16 17 3836
6 16 18 2734
6 17 18 26
7 8 9 1930
7 8 10 2156
7 8 11 3111
7 8 12 2039
7 8 13 3700
7 8 14 5164
7 8 15 4170
7 8 16 7123
7 8 17 1645
7 8 18 9867
7 9 10 1849
7 9 11 2290
7 9 12 3350
7 9 13 4157
7 9 14 4730
7 9 15 6191
7 9 16 10356
7 9 17 5656
7 9 18 2225
7 9 19 0
7 10 11 2061
7 10 12 2444
7 10 13 2707
7 10 14 4247
7 10 15 4816
7 10 16 5344
7 10 17 2962
7 10 18 4279
7 11 12 2699
7 11 13 6416
7 11 14 3813
7 11 15 4378
7 11 16 3049
7 11 17 391
7 11 18 3756
7 12 13 3889
7 12 14 4917
7 12 15 5595
7 12 16 10283
7 12 17 5703
7 12 18 775
7 13 14 4182
7 13 15 5612
7 13 16 5515
7 13 17 1363
7 13 18 1481
7 14 15 8624
7 14 16 7080
7 14 17 9876
7 14 18 2628
7 15 16 4987
7 15 17 1724
7 15 18 1907
7 16 17 6924
7 16 18 752
7 17 18 4
7 17 19 0
8 9 10 1975
8 9 11 3170
8 9 12 2457
8 9 13 5755
8 9 14 3302
8 9 15 4703
8 9 16 4989
8 9 17 5125
8 9 18 0
8 10 11 2933
8 10 12 3642
8 10 13 3292
8 10 14 3883
8 10 15 2592
8 10 16 4844
8 10 17 3366
8 10 18 2684
8 11 12 4189
8 11 13 3077
8 11 14 7107
8 11 15 5537
8 11 16 13096
8 11 17 4358
8 11 18 11728
8 12 13 4007
8 12 14 2940
8 12 15 4977
8 12 16 4824
8 12 17 913
8 12 18 3648
8 12 20 0
8 13 14 3115
8 13 15 5008
8 13 16 3300
8 13 17 2395
8 13 18 1972
8 14 15 5438
8 14 16 6391
8 14 17 3258
8 14 18 3754
8 15 16 5008
8 15 17 5538
8 15 18 3453
8 16 17 2543
8 16 18 3200
8 17 18 0
9 10 11 2038
9 10 12 2679
9 10 13 2803
9 10 14 4722
9 10 15 4993
9 10 16 4828
9 10 17 2586
9 10 18 0
9 11 12 2024
9 11 13 4310
9 11 14 3660
9 11 15 7374
9 11 16 5490
9 11 17 793
9 11 18 7324
9 12 13 3230
9 12 14 5109
9 12 15 7507
9 12 16 4909
9 12 17 3005
9 12 18 4066
9 13 14 4064
9 13 15 9485
9 13 16 4839
9 13 17 2743
9 13 18 3062
9 14 15 4836
9 14 16 8553
9 14 17 6877
9 14 18 8687
9 15 16 6102
9 15 17 3133
9 15 18 1327
9 16 17 2268
9 16 18 2466
9 17 18 5208
9 17 20 0
10 11 12 3156
10 11 13 3253
10 11 14 4853
10 11 15 5982
10 11 16 9290
10 11 17 8993
10 11 18 4569
10 12 13 3131
10 12 14 6372
10 12 15 3747
10 12 16 4533
10 12 17 6149
10 12 18 3929
10 13 14 4318
10 13 15 3938
10 13 16 4185
10 13 17 2328
10 13 18 7629
10 14 15 4978
10 14 16 4627
10 14 17 5459
10 14 18 9632
10 15 16 8074
10 15 17 2549
10 15 18 10767
10 15 20 0
10 16 17 6208
10 16 18 0
10 17 18 3668
11 12 13 3823
11 12 14 4868
11 12 15 3672
11 12 16 6729
11 12 17 3135
11 12 18 4053
11 13 14 3626
11 13 15 6841
11 13 16 4815
11 13 17 2362
11 13 18 3930
11 13 20 0
11 14 15 4437
11 14 16 4985
11 14 17 2964
11 14 18 3988
11 15 16 4854
11 15 17 10024
11 15 18 3072
11 15 19 0
11 16 17 2514
11 16 18 1271
11 17 18 8941
12 13 14 3987
12 13 15 4895
12 13 16 3892
12 13 17 2727
12 13 18 2797
12 14 15 3122
12 14 16 7888
12 14 17 6542
12 14 18 1339
12 15 16 3425
12 15 17 2642
12 15 18 6458
12 16 17 4025
12 16 18 641
12 17 18 4934
13 14 15 6505
13 14 16 4879
13 14 17 10009
13 14 18 4544
13 15 16 5008
13 15 17 3029
13 15 18 5876
13 16 17 7485
13 16 18 0
13 17 18 0
14 15 16 5771
14 15 17 396
14 15 18 3283
14 16 17 2975
14 16 18 3390
14 17 18 206
15 16 17 4172
15 16 18 5665
15 16 19 0
15 17 18 10453
16 17 18 3576
