1 2 3 4825
1 2 4 3420
1 2 5 4783
1 2 6 4663
1 2 7 5398
1 2 8 4186
1 2 9 10722
1 2 10 6343
1 2 11 9303
1 2 12 6122
1 2 13 7035
1 2 14 6751
1 2 15 4773
1 2 16 8962
1 2 18 0
1 3 2 3464
1 3 4 5530
1 3 5 4079
1 3 6 4561
1 3 7 4463
1 3 8 4643
1 3 9 5851
1 3 10 5243
1 3 11 6678
1 3 12 8507
1 3 13 4161
1 3 14 5613
1 3 15 5177
1 3 16 3537
1 3 17 0
1 4 2 4916
1 4 3 5056
1 4 5 4633
1 4 6 4931
1 4 7 4310
1 4 8 4213
1 4 9 6698
1 4 10 7283
1 4 11 4675
1 4 12 7996
1 4 13 6051
1 4 14 7311
1 4 15 7966
1 4 16 7889
1 4 17 0
1 5 2 5261
1 5 3 4023
1 5 4 4713
1 5 6 5109
1 5 7 6903
1 5 8 4370
1 5 9 5385
1 5 10 7436
1 5 11 4835
1 5 12 6572
1 5 13 4435
1 5 14 11284
1 5 15 6436
1 5 16 6030
1 5 17 0
1 6 2 5552
1 6 3 4436
1 6 4 5497
1 6 5 3394
1 6 7 8726
1 6 8 6167
1 6 9 7028
1 6 10 5908
1 6 11 5752
1 6 12 10241
1 6 13 5173
1 6 14 8444
1 6 15 2244
1 6 16 3624
1 6 17 0
1 7 2 7228
1 7 3 9291
1 7 4 4301
1 7 5 6162
1 7 6 4371
1 7 8 6183
1 7 9 7560
1 7 10 12030
1 7 11 6322
1 7 12 4250
1 7 13 5826
1 7 14 5629
1 7 15 4368
1 7 16 3278
1 7 17 0
1 7 18 0
1 8 2 5562
1 8 3 7470
1 8 4 8385
1 8 5 5338
1 8 6 4680
1 8 7 5436
1 8 9 5722
1 8 10 5806
1 8 11 8852
1 8 12 8323
1 8 13 8847
1 8 14 7316
1 8 15 10721
1 8 16 3903
1 8 17 0
1 8 18 0
1 9 2 5453
1 9 3 4962
1 9 4 8002
1 9 5 7785
1 9 6 5428
1 9 7 4528
1 9 8 6382
1 9 10 5586
1 9 11 6772
1 9 12 4262
1 9 13 3899
1 9 14 7410
1 9 15 6047
1 9 16 7630
1 9 17 0
1 10 2 9062
1 10 3 5140
1 10 4 5979
1 10 5 4311
1 10 6 6649
1 10 7 6568
1 10 8 7593
1 10 9 6013
1 10 11 9608
1 10 12 8195
1 10 13 4949
1 10 14 5855
1 10 15 0
1 10 16 8086
1 10 18 0
1 11 2 4711
1 11 3 6747
1 11 4 5571
1 11 5 3740
1 11 6 6047
1 11 7 5635
1 11 8 7477
1 11 9 7255
1 11 10 4793
1 11 12 6689
1 11 13 6291
1 11 14 7448
1 11 15 9309
1 11 16 8114
1 11 17 0
1 12 2 6144
1 12 3 5798
1 12 4 5041
1 12 5 9543
1 12 6 5204
1 12 7 8528
1 12 8 5119
1 12 9 6139
1 12 10 6107
1 12 11 5390
1 12 13 9432
1 12 14 7321
1 12 15 4766
1 12 16 3795
1 12 17 0
1 12 18 0
1 13 2 6999
1 13 3 6174
1 13 4 6335
1 13 5 7350
1 13 6 7723
1 13 7 8427
1 13 8 5692
1 13 9 9989
1 13 10 5235
1 13 11 6076
1 13 12 7208
1 13 14 7193
1 13 15 9084
1 13 16 7323
1 13 17 0
1 13 18 0
1 14 2 12210
1 14 3 4246
1 14 4 6676
1 14 5 12231
1 14 6 3300
1 14 7 5415
1 14 8 4652
1 14 9 3336
1 14 10 9422
1 14 11 5906
1 14 12 4627
1 14 13 6223
1 14 15 4266
1 14 16 4151
1 14 17 0
1 14 18 0
1 15 2 6172
1 15 3 8879
1 15 4 2742
1 15 5 4237
1 15 6 4979
1 15 7 4852
1 15 8 832
1 15 9 7977
1 15 10 4590
1 15 11 1524
1 15 12 6535
1 15 13 11331
1 15 14 0
1 15 16 6052
1 16 2 8336
1 16 3 0
1 16 4 3636
1 16 5 4912
1 16 6 4345
1 16 7 3287
1 16 8 8042
1 16 9 6554
1 16 10 1816
1 16 11 4679
1 16 12 0
1 16 13 4933
1 16 14 6740
1 16 15 618
1 16 17 0
1 16 18 0
1 17 5 0
1 17 9 0
1 17 10 6948
1 17 11 0
1 17 12 858
1 17 13 0
1 17 18 0
1 18 4 0
1 18 7 0
1 18 11 0
1 18 12 0
1 18 13 4643
1 18 14 0
1 18 15 0
1 18 16 0
2 1 3 3490
2 1 4 5186
2 1 5 4111
2 1 6 4273
2 1 7 4188
2 1 8 6517
2 1 9 5158
2 1 10 5043
2 1 11 7990
2 1 12 6849
2 1 13 3036
2 1 14 7897
2 1 15 3693
2 1 16 3721
2 1 17 0
2 1 18 0
2 3 1 3541
2 3 4 3420
2 3 5 5612
2 3 6 4798
2 3 7 4225
2 3 8 6968
2 3 9 5296
2 3 10 6485
2 3 11 5911
2 3 12 8131
2 3 13 8852
2 3 14 5941
2 3 15 11380
2 3 16 7110
2 4 1 3622
2 4 3 4920
2 4 5 5709
2 4 6 5059
2 4 7 6586
2 4 8 4156
2 4 9 4932
2 4 10 4109
2 4 11 7915
2 4 12 4889
2 4 13 9964
2 4 14 6158
2 4 15 6677
2 4 16 46
2 4 17 0
2 5 1 7875
2 5 3 5810
2 5 4 5130
2 5 6 3427
2 5 7 3925
2 5 8 4085
2 5 9 5169
2 5 10 5343
2 5 11 4679
2 5 12 7612
2 5 13 7416
2 5 14 4653
2 5 15 2449
2 5 16 6224
2 5 17 1986
2 5 18 6285
2 6 1 4539
2 6 3 3876
2 6 4 5431
2 6 5 3261
2 6 7 5781
2 6 8 5042
2 6 9 6269
2 6 10 6371
2 6 11 7927
2 6 12 7117
2 6 13 6226
2 6 14 7256
2 6 15 7439
2 6 16 8546
2 6 17 0
2 6 18 0
2 7 1 3870
2 7 3 6476
2 7 4 3900
2 7 5 6290
2 7 6 4623
2 7 8 6192
2 7 9 6514
2 7 10 7948
2 7 11 4048
2 7 12 5428
2 7 13 7935
2 7 14 2333
2 7 15 6517
2 7 16 7113
2 7 17 0
2 7 18 0
2 8 1 4810
2 8 3 4648
2 8 4 6236
2 8 5 7122
2 8 6 4743
2 8 7 7521
2 8 9 6964
2 8 10 9528
2 8 11 5242
2 8 12 7853
2 8 13 4285
2 8 14 7631
2 8 15 7151
2 8 16 0
2 8 17 0
2 9 1 6449
2 9 3 4424
2 9 4 6811
2 9 5 6503
2 9 6 5895
2 9 7 6650
2 9 8 7510
2 9 10 8441
2 9 11 4449
2 9 12 4663
2 9 13 4637
2 9 14 4346
2 9 15 5192
2 9 16 6609
2 9 17 0
2 9 18 0
2 10 1 5460
2 10 3 6032
2 10 4 8650
2 10 5 6042
2 10 6 6147
2 10 7 6457
2 10 8 4754
2 10 9 6865
2 10 11 6588
2 10 12 11394
2 10 13 4945
2 10 14 6973
2 10 15 7750
2 10 16 3689
2 10 17 14
2 10 18 0
2 11 1 5346
2 11 3 10417
2 11 4 7922
2 11 5 4202
2 11 6 7681
2 11 7 6513
2 11 8 6002
2 11 9 8339
2 11 10 6369
2 11 12 4840
2 11 13 6751
2 11 14 6392
2 11 15 6005
2 11 16 9016
2 11 17 0
2 11 18 0
2 12 1 7570
2 12 3 6763
2 12 4 8615
2 12 5 7411
2 12 6 5767
2 12 7 11979
2 12 8 4948
2 12 9 5688
2 12 10 4417
2 12 11 5971
2 12 13 8778
2 12 14 7014
2 12 15 2909
2 12 16 6220
2 12 17 0
2 12 18 0
2 13 1 8325
2 13 3 3550
2 13 4 7134
2 13 5 9053
2 13 6 9365
2 13 7 6923
2 13 8 6716
2 13 9 4408
2 13 10 6923
2 13 11 5493
2 13 12 5966
2 13 14 5559
2 13 15 933
2 13 16 4147
2 13 17 0
2 13 18 358
2 14 1 6392
2 14 3 5160
2 14 4 9047
2 14 5 4276
2 14 6 9295
2 14 7 6902
2 14 8 5953
2 14 9 4914
2 14 10 5494
2 14 11 11214
2 14 12 6261
2 14 13 9632
2 14 15 8391
2 14 16 5977
2 14 17 0
2 15 1 7952
2 15 3 7457
2 15 4 9129
2 15 5 0
2 15 6 7604
2 15 7 6016
2 15 8 6065
2 15 9 8687
2 15 10 5769
2 15 11 3213
2 15 12 4349
2 15 13 741
2 15 14 3078
2 15 16 6663
2 15 17 700
2 16 1 6507
2 16 3 7971
2 16 4 8661
2 16 5 5806
2 16 6 1150
2 16 7 9395
2 16 8 2639
2 16 9 5281
2 16 10 8597
2 16 11 4081
2 16 12 4492
2 16 13 6283
2 16 14 6107
2 16 15 3519
2 16 17 0
2 16 18 0
2 17 3 0
2 17 5 0
2 17 6 0
2 17 7 0
2 17 8 0
2 17 9 0
2 17 11 0
2 17 12 0
2 17 14 0
2 17 15 0
2 17 16 0
2 17 18 0
2 18 3 0
2 18 4 0
2 18 5 0
2 18 7 0
2 18 8 0
2 18 9 0
2 18 14 0
2 18 16 0
2 18 17 0
3 1 2 5594
3 1 4 4838
3 1 5 3368
3 1 6 6967
3 1 7 9894
3 1 8 5960
3 1 9 7821
3 1 10 5526
3 1 11 5199
3 1 12 5207
3 1 13 6387
3 1 14 5842
3 1 15 7314
3 1 16 3665
3 1 17 0
3 1 18 0
3 2 1 3579
3 2 4 5971
3 2 5 5965
3 2 6 3766
3 2 7 6113
3 2 8 5431
3 2 9 5989
3 2 10 4719
3 2 11 7979
3 2 12 9310
3 2 13 8374
3 2 14 5534
3 2 15 4641
3 2 16 0
3 2 17 0
3 4 1 2885
3 4 2 6212
3 4 5 7151
3 4 6 5999
3 4 7 4922
3 4 8 4359
3 4 9 9384
3 4 10 5297
3 4 11 7939
3 4 12 6582
3 4 13 7323
3 4 14 4887
3 4 15 6225
3 4 16 13111
3 4 18 0
3 5 1 5135
3 5 2 5182
3 5 4 6334
3 5 6 4516
3 5 7 4004
3 5 8 4563
3 5 9 7258
3 5 10 6353
3 5 11 7539
3 5 12 2958
3 5 13 8309
3 5 14 10863
3 5 15 4831
3 5 16 6851
3 5 17 0
3 6 1 3682
3 6 2 4911
3 6 4 3817
3 6 5 4819
3 6 7 5074
3 6 8 5386
3 6 9 6880
3 6 10 5041
3 6 11 7091
3 6 12 5567
3 6 13 3528
3 6 14 5591
3 6 15 9535
3 6 16 1507
3 6 17 0
3 7 1 3776
3 7 2 5714
3 7 4 4502
3 7 5 4082
3 7 6 5324
3 7 8 8164
3 7 9 6686
3 7 10 4450
3 7 11 5973
3 7 12 7458
3 7 13 3178
3 7 14 7153
3 7 15 0
3 7 16 1008
3 8 1 6220
3 8 2 6951
3 8 4 7466
3 8 5 6084
3 8 6 5464
3 8 7 6437
3 8 9 6892
3 8 10 6154
3 8 11 7031
3 8 12 7947
3 8 13 5323
3 8 14 5529
3 8 15 2497
3 8 16 2782
3 8 17 1740
3 8 18 0
3 9 1 7830
3 9 2 6356
3 9 4 4814
3 9 5 6845
3 9 6 4585
3 9 7 6116
3 9 8 5207
3 9 10 5638
3 9 11 6174
3 9 12 4415
3 9 13 6702
3 9 14 10600
3 9 15 8008
3 9 16 7199
3 9 17 0
3 9 18 0
3 10 1 5829
3 10 2 8621
3 10 4 5160
3 10 5 6138
3 10 6 4883
3 10 7 4849
3 10 8 6706
3 10 9 11587
3 10 11 4381
3 10 12 9032
3 10 13 8979
3 10 14 6878
3 10 15 3334
3 10 16 6414
3 10 18 0
3 11 1 10414
3 11 2 5655
3 11 4 9867
3 11 5 7484
3 11 6 8868
3 11 7 7682
3 11 8 7285
3 11 9 5742
3 11 10 5656
3 11 12 7483
3 11 13 7672
3 11 14 7858
3 11 15 4175
3 11 16 1608
3 12 1 7646
3 12 2 5396
3 12 4 11625
3 12 5 7732
3 12 6 8261
3 12 7 8671
3 12 8 4568
3 12 9 7197
3 12 10 8741
3 12 11 5215
3 12 13 4998
3 12 14 7200
3 12 15 1360
3 12 16 4182
3 12 17 0
3 12 18 0
3 13 1 7817
3 13 2 4927
3 13 4 5254
3 13 5 6198
3 13 6 6785
3 13 7 8565
3 13 8 7298
3 13 9 10749
3 13 10 7099
3 13 11 6360
3 13 12 7999
3 13 14 5179
3 13 15 7027
3 13 16 9255
3 13 17 0
3 14 1 8898
3 14 2 5874
3 14 4 9333
3 14 5 4237
3 14 6 14102
3 14 7 8633
3 14 8 5059
3 14 9 6522
3 14 10 2918
3 14 11 5652
3 14 12 3370
3 14 13 8754
3 14 15 4749
3 14 16 1369
3 15 1 2833
3 15 2 7176
3 15 4 1060
3 15 5 4301
3 15 6 5258
3 15 7 9326
3 15 8 12563
3 15 9 9406
3 15 10 7895
3 15 11 4880
3 15 12 4845
3 15 13 5235
3 15 14 5811
3 15 16 8891
3 15 17 0
3 15 18 0
3 16 1 4916
3 16 2 5372
3 16 4 2159
3 16 5 3956
3 16 6 3987
3 16 7 5302
3 16 8 2720
3 16 9 4330
3 16 10 4325
3 16 11 3446
3 16 12 11131
3 16 13 5715
3 16 14 2199
3 16 15 7715
3 16 17 0
3 17 1 0
3 17 4 0
3 17 5 0
3 17 6 0
3 17 7 0
3 17 9 0
3 17 10 3708
3 17 14 0
3 17 15 0
3 17 16 0
3 18 1 0
3 18 2 0
3 18 6 0
3 18 7 0
3 18 8 0
3 18 10 0
3 18 13 0
3 18 15 527
3 18 16 0
3 20 24 0
4 1 2 3385
4 1 3 4523
4 1 5 5358
4 1 6 4460
4 1 7 6871
4 1 8 5433
4 1 9 6580
4 1 10 8705
4 1 11 5884
4 1 12 4562
4 1 13 12511
4 1 14 7405
4 1 15 7373
4 1 16 4882
4 1 17 0
4 1 18 0
4 2 1 3130
4 2 3 3741
4 2 5 3488
4 2 6 5635
4 2 7 3733
4 2 8 3852
4 2 9 4408
4 2 10 6867
4 2 11 6830
4 2 12 7331
4 2 13 8098
4 2 14 6916
4 2 15 4180
4 2 16 5947
4 3 1 4115
4 3 2 4398
4 3 5 7082
4 3 6 4068
4 3 7 4120
4 3 8 3837
4 3 9 5997
4 3 10 6313
4 3 11 10057
4 3 12 8394
4 3 13 5462
4 3 14 6513
4 3 15 7411
4 3 16 2776
4 3 17 0
4 5 1 3729
4 5 2 3768
4 5 3 3817
4 5 6 5244
4 5 7 4857
4 5 8 9355
4 5 9 7270
4 5 10 4431
4 5 11 8314
4 5 12 9904
4 5 13 7456
4 5 14 5048
4 5 15 6825
4 5 16 3394
4 5 17 0
4 6 1 5544
4 6 2 5002
4 6 3 4537
4 6 5 3628
4 6 7 6809
4 6 8 4732
4 6 9 6308
4 6 10 5995
4 6 11 6799
4 6 12 6846
4 6 13 6997
4 6 14 9440
4 6 15 3921
4 6 16 6360
4 6 17 0
4 7 1 5672
4 7 2 4088
4 7 3 5602
4 7 5 3002
4 7 6 5047
4 7 8 4291
4 7 9 5778
4 7 10 8700
4 7 11 6640
4 7 12 10728
4 7 13 6308
4 7 14 4825
4 7 15 3207
4 7 16 4244
4 7 18 0
4 8 1 3869
4 8 2 7534
4 8 3 4432
4 8 5 5142
4 8 6 6046
4 8 7 4912
4 8 9 7202
4 8 10 6386
4 8 11 5433
4 8 12 7182
4 8 13 10749
4 8 14 7648
4 8 15 6690
4 8 16 1461
4 8 18 0
4 9 1 5189
4 9 2 5882
4 9 3 7870
4 9 5 5095
4 9 6 4897
4 9 7 8595
4 9 8 4210
4 9 10 5311
4 9 11 6025
4 9 12 12728
4 9 13 2820
4 9 14 5577
4 9 15 6615
4 9 16 1769
4 9 18 0
4 10 1 8156
4 10 2 8845
4 10 3 3599
4 10 5 5033
4 10 6 5936
4 10 7 5421
4 10 8 5730
4 10 9 7871
4 10 11 5943
4 10 12 5067
4 10 13 10736
4 10 14 7824
4 10 15 6456
4 10 16 47
4 10 17 0
4 10 18 0
4 11 1 5513
4 11 2 5431
4 11 3 8225
4 11 5 8697
4 11 6 8524
4 11 7 8272
4 11 8 7212
4 11 9 9087
4 11 10 8821
4 11 12 6053
4 11 13 6028
4 11 14 8781
4 11 15 2097
4 11 16 9181
4 11 17 0
4 11 18 0
4 12 1 9508
4 12 2 5827
4 12 3 5686
4 12 5 7457
4 12 6 5951
4 12 7 7692
4 12 8 7231
4 12 9 8265
4 12 10 9117
4 12 11 9595
4 12 13 7029
4 12 14 10261
4 12 15 7746
4 12 16 6427
4 12 17 0
4 12 18 0
4 13 1 6854
4 13 2 5725
4 13 3 8632
4 13 5 5975
4 13 6 8356
4 13 7 6245
4 13 8 8060
4 13 9 8464
4 13 10 4048
4 13 11 7829
4 13 12 4505
4 13 14 8230
4 13 15 3377
4 13 16 3748
4 13 17 0
4 13 18 0
4 14 1 4249
4 14 2 6076
4 14 3 9496
4 14 5 7703
4 14 6 6961
4 14 7 4161
4 14 8 7151
4 14 9 6518
4 14 10 11404
4 14 11 5558
4 14 12 7615
4 14 13 4539
4 14 15 5747
4 14 16 9247
4 14 17 0
4 15 1 5501
4 15 2 8659
4 15 3 4793
4 15 5 4367
4 15 6 1270
4 15 7 5592
4 15 8 2493
4 15 9 4904
4 15 10 3105
4 15 11 5703
4 15 12 3387
4 15 13 5089
4 15 14 7458
4 15 16 6174
4 15 17 0
4 15 18 0
4 16 1 7741
4 16 2 6505
4 16 3 3757
4 16 5 4727
4 16 6 9163
4 16 7 11394
4 16 8 13157
4 16 9 5583
4 16 10 6138
4 16 11 0
4 16 12 8093
4 16 13 0
4 16 14 6213
4 16 15 1012
4 16 18 0
4 17 3 0
4 17 5 0
4 17 6 0
4 17 7 0
4 17 12 0
4 17 13 0
4 17 14 0
4 17 15 0
4 17 16 0
4 17 18 0
4 18 2 0
4 18 3 0
4 18 5 0
4 18 6 1830
4 18 7 0
4 18 8 0
4 18 9 0
4 18 11 0
4 18 12 0
4 18 13 0
4 18 14 0
4 18 15 0
4 18 16 0
5 1 2 5487
5 1 3 6813
5 1 4 6535
5 1 6 5767
5 1 7 4987
5 1 8 6842
5 1 9 5327
5 1 10 9924
5 1 11 7201
5 1 12 8078
5 1 13 6184
5 1 14 8781
5 1 15 7280
5 1 16 0
5 1 18 0
5 2 1 2976
5 2 3 4737
5 2 4 5155
5 2 6 4563
5 2 7 4670
5 2 8 5973
5 2 9 6719
5 2 10 5080
5 2 11 4953
5 2 12 9088
5 2 13 10148
5 2 14 6124
5 2 15 3761
5 2 16 4082
5 2 17 0
5 2 18 0
5 3 1 4726
5 3 2 4855
5 3 4 5010
5 3 6 6738
5 3 7 4187
5 3 8 4364
5 3 9 7235
5 3 10 5903
5 3 11 5500
5 3 12 6971
5 3 13 12716
5 3 14 3747
5 3 15 4632
5 3 16 4718
5 4 1 4675
5 4 2 4927
5 4 3 3797
5 4 6 5358
5 4 7 6855
5 4 8 4432
5 4 9 6218
5 4 10 5552
5 4 11 6123
5 4 12 7195
5 4 13 11934
5 4 14 8300
5 4 15 4800
5 4 16 4977
5 6 1 7714
5 6 2 5855
5 6 3 4392
5 6 4 3575
5 6 7 6557
5 6 8 6003
5 6 9 4631
5 6 10 6686
5 6 11 10610
5 6 12 7148
5 6 13 7384
5 6 14 9995
5 6 15 8487
5 6 16 2159
5 6 18 0
5 7 1 4804
5 7 2 7743
5 7 3 3936
5 7 4 5233
5 7 6 4752
5 7 8 5965
5 7 9 4926
5 7 10 5422
5 7 11 11891
5 7 12 7394
5 7 13 7379
5 7 14 5039
5 7 15 7518
5 7 16 0
5 7 17 0
5 7 18 2147
5 8 1 6734
5 8 2 8856
5 8 3 5567
5 8 4 5275
5 8 6 4133
5 8 7 4349
5 8 9 6955
5 8 10 4358
5 8 11 5307
5 8 12 7893
5 8 13 8304
5 8 14 6510
5 8 15 7698
5 8 16 9649
5 8 17 0
5 8 18 0
5 9 1 6521
5 9 2 5191
5 9 3 7969
5 9 4 5357
5 9 6 5618
5 9 7 6711
5 9 8 4664
5 9 10 5837
5 9 11 6990
5 9 12 8273
5 9 13 4468
5 9 14 5056
5 9 15 1419
5 9 16 3391
5 9 17 0
5 9 18 1372
5 10 1 7617
5 10 2 6246
5 10 3 5944
5 10 4 5017
5 10 6 6432
5 10 7 4067
5 10 8 4958
5 10 9 7853
5 10 11 6424
5 10 12 6648
5 10 13 5438
5 10 14 11672
5 10 15 1525
5 10 16 2748
5 10 17 0
5 11 1 5489
5 11 2 6037
5 11 3 5972
5 11 4 6234
5 11 6 7108
5 11 7 6601
5 11 8 7076
5 11 9 6019
5 11 10 6614
5 11 12 6181
5 11 13 8045
5 11 14 5778
5 11 15 8702
5 11 16 9050
5 11 18 0
5 12 1 6242
5 12 2 5229
5 12 3 10208
5 12 4 4309
5 12 6 4341
5 12 7 5804
5 12 8 6740
5 12 9 7351
5 12 10 11711
5 12 11 5478
5 12 13 6173
5 12 14 9895
5 12 15 1831
5 12 16 4086
5 13 1 8457
5 13 2 10214
5 13 3 2859
5 13 4 4837
5 13 6 10544
5 13 7 7652
5 13 8 8329
5 13 9 8455
5 13 10 4714
5 13 11 9480
5 13 12 4595
5 13 14 6686
5 13 15 5908
5 13 16 5852
5 13 17 923
5 13 18 0
5 14 1 7255
5 14 2 3655
5 14 3 4715
5 14 4 8029
5 14 6 5083
5 14 7 8435
5 14 8 7574
5 14 9 4486
5 14 10 7477
5 14 11 5235
5 14 12 6288
5 14 13 5921
5 14 15 9563
5 14 16 1137
5 14 18 1649
5 15 1 12809
5 15 2 4876
5 15 3 2976
5 15 4 2995
5 15 6 5125
5 15 7 4550
5 15 8 6565
5 15 9 2953
5 15 10 5631
5 15 11 7420
5 15 12 9722
5 15 13 2044
5 15 14 7569
5 15 16 1695
5 15 17 0
5 16 1 0
5 16 2 8695
5 16 3 8060
5 16 4 6057
5 16 6 6427
5 16 7 6688
5 16 8 6309
5 16 9 0
5 16 10 0
5 16 11 4071
5 16 12 0
5 16 13 3849
5 16 14 1895
5 16 15 5118
5 16 17 0
5 16 18 0
5 17 1 0
5 17 4 0
5 17 7 0
5 17 8 0
5 17 9 0
5 17 10 0
5 17 11 3152
5 17 12 0
5 17 13 472
5 17 15 0
5 17 16 177
5 17 18 0
5 18 4 1107
5 18 6 0
5 18 7 0
5 18 9 0
5 18 11 0
5 18 12 0
5 18 13 0
5 18 14 0
5 18 15 0
5 18 16 0
5 18 17 2273
6 1 2 5454
6 1 3 6320
6 1 4 4222
6 1 5 5251
6 1 7 4578
6 1 8 10957
6 1 9 7176
6 1 10 4958
6 1 11 5424
6 1 12 5326
6 1 13 9282
6 1 14 2912
6 1 15 6988
6 1 16 13469
6 2 1 9257
6 2 3 4637
6 2 4 4104
6 2 5 5212
6 2 7 4229
6 2 8 5014
6 2 9 6110
6 2 10 6017
6 2 11 12548
6 2 12 8342
6 2 13 3832
6 2 14 5634
6 2 15 7567
6 2 16 8041
6 2 17 0
6 2 18 0
6 3 1 6169
6 3 2 3638
6 3 4 5503
6 3 5 6388
6 3 7 10068
6 3 8 5855
6 3 9 4863
6 3 10 5520
6 3 11 7905
6 3 12 5893
6 3 13 8250
6 3 14 8269
6 3 15 9030
6 3 16 2959
6 3 17 14130
6 3 18 0
6 4 1 7408
6 4 2 5016
6 4 3 5095
6 4 5 4717
6 4 7 3773
6 4 8 4842
6 4 9 4767
6 4 10 4361
6 4 11 5655
6 4 12 10051
6 4 13 3436
6 4 14 9199
6 4 15 5889
6 4 16 5740
6 4 17 1311
6 4 18 0
6 5 1 5358
6 5 2 6656
6 5 3 5801
6 5 4 5808
6 5 7 5554
6 5 8 6361
6 5 9 5676
6 5 10 8860
6 5 11 6431
6 5 12 7169
6 5 13 9237
6 5 14 10140
6 5 15 6422
6 5 16 8472
6 5 17 0
6 5 18 0
6 7 1 3410
6 7 2 5084
6 7 3 5165
6 7 4 4570
6 7 5 5430
6 7 8 7901
6 7 9 5811
6 7 10 5082
6 7 11 3997
6 7 12 9472
6 7 13 6753
6 7 14 6298
6 7 15 5854
6 7 16 4922
6 7 18 0
6 8 1 5514
6 8 2 6643
6 8 3 4337
6 8 4 3811
6 8 5 6259
6 8 7 4535
6 8 9 6089
6 8 10 5490
6 8 11 6472
6 8 12 6202
6 8 13 6000
6 8 14 6969
6 8 15 4084
6 8 16 3672
6 8 17 0
6 8 18 0
6 9 1 7525
6 9 2 3581
6 9 3 3969
6 9 4 6614
6 9 5 6661
6 9 7 5849
6 9 8 5686
6 9 10 7029
6 9 11 10358
6 9 12 5433
6 9 13 7559
6 9 14 2677
6 9 15 7160
6 9 16 13408
6 9 17 0
6 10 1 6061
6 10 2 10380
6 10 3 6560
6 10 4 7001
6 10 5 4828
6 10 7 3946
6 10 8 7074
6 10 9 8468
6 10 11 10511
6 10 12 5060
6 10 13 5604
6 10 14 7315
6 10 15 2289
6 10 16 4742
6 10 17 0
6 11 1 6606
6 11 2 4939
6 11 3 7291
6 11 4 5604
6 11 5 4738
6 11 7 8689
6 11 8 4764
6 11 9 8032
6 11 10 7048
6 11 12 8256
6 11 13 6183
6 11 14 3120
6 11 15 4959
6 11 16 1311
6 11 17 0
6 11 19 0
6 12 1 8062
6 12 2 6497
6 12 3 6202
6 12 4 6575
6 12 5 9563
6 12 7 7274
6 12 8 4651
6 12 9 4893
6 12 10 10914
6 12 11 6734
6 12 13 6405
6 12 14 4766
6 12 15 7078
6 12 16 2508
6 12 17 0
6 12 18 0
6 13 1 5416
6 13 2 5736
6 13 3 5047
6 13 4 9409
6 13 5 4897
6 13 7 9245
6 13 8 8188
6 13 9 8856
6 13 10 5984
6 13 11 12187
6 13 12 7382
6 13 14 3473
6 13 15 6328
6 13 16 6137
6 13 17 0
6 13 18 0
6 14 1 6536
6 14 2 8327
6 14 3 4531
6 14 4 5146
6 14 5 5144
6 14 7 11127
6 14 8 4987
6 14 9 7251
6 14 10 4540
6 14 11 9511
6 14 12 5262
6 14 13 6257
6 14 15 7734
6 14 16 5469
6 14 17 2317
6 14 18 0
6 15 1 5783
6 15 2 4530
6 15 3 7054
6 15 4 6862
6 15 5 7140
6 15 7 6663
6 15 8 6050
6 15 9 3922
6 15 10 5360
6 15 11 5725
6 15 12 5892
6 15 13 0
6 15 14 12047
6 15 16 7306
6 15 18 0
6 16 1 4666
6 16 2 5084
6 16 3 5363
6 16 4 7643
6 16 5 5575
6 16 7 3041
6 16 8 615
6 16 9 9545
6 16 10 11169
6 16 11 10117
6 16 12 4668
6 16 13 13116
6 16 14 6562
6 16 15 12955
6 16 17 0
6 17 2 1045
6 17 3 1940
6 17 4 0
6 17 5 0
6 17 7 0
6 17 8 0
6 17 9 0
6 17 11 0
6 17 12 0
6 17 14 0
6 17 15 0
6 17 16 0
6 17 18 0
6 18 2 0
6 18 3 0
6 18 4 0
6 18 5 0
6 18 8 237
6 18 9 0
6 18 10 0
6 18 11 0
6 18 12 2692
6 18 13 0
6 18 14 0
6 18 16 0
6 18 17 0
6 19 1 0
7 1 2 4173
7 1 3 9995
7 1 4 4368
7 1 5 5588
7 1 6 5825
7 1 8 6868
7 1 9 4060
7 1 10 9628
7 1 11 6698
7 1 12 9559
7 1 13 6774
7 1 14 11006
7 1 15 7052
7 1 16 6378
7 1 17 1949
7 1 18 0
7 2 1 5897
7 2 3 3725
7 2 4 7163
7 2 5 6801
7 2 6 5020
7 2 8 6899
7 2 9 6737
7 2 10 6250
7 2 11 6717
7 2 12 6389
7 2 13 7701
7 2 14 6616
7 2 15 4741
7 2 16 4781
7 2 17 0
7 3 1 3731
7 3 2 7720
7 3 4 6124
7 3 5 4529
7 3 6 5449
7 3 8 4472
7 3 9 4610
7 3 10 4643
7 3 11 4833
7 3 12 5048
7 3 13 7139
7 3 14 10044
7 3 15 4405
7 3 16 5669
7 3 17 0
7 4 1 5472
7 4 2 7441
7 4 3 5402
7 4 5 7351
7 4 6 5250
7 4 8 5890
7 4 9 4212
7 4 10 5156
7 4 11 6636
7 4 12 7485
7 4 13 4519
7 4 14 7759
7 4 15 6999
7 4 16 14247
7 5 1 6157
7 5 2 6286
7 5 3 4549
7 5 4 4343
7 5 6 5139
7 5 8 5895
7 5 9 5273
7 5 10 7999
7 5 11 5373
7 5 12 5217
7 5 13 10945
7 5 14 940
7 5 15 5438
7 5 16 8378
7 5 17 0
7 6 1 4260
7 6 2 6042
7 6 3 5615
7 6 4 4923
7 6 5 4184
7 6 8 5140
7 6 9 4658
7 6 10 5440
7 6 11 7371
7 6 12 7344
7 6 13 9124
7 6 14 6274
7 6 15 3290
7 6 16 1098
7 6 17 0
7 8 1 3999
7 8 2 4458
7 8 3 3973
7 8 4 4414
7 8 5 3837
7 8 6 4491
7 8 9 4479
7 8 10 5829
7 8 11 10643
7 8 12 7373
7 8 13 7249
7 8 14 13457
7 8 15 5570
7 8 16 3278
7 8 17 0
7 8 18 0
7 9 1 6288
7 9 2 5046
7 9 3 7752
7 9 4 4983
7 9 5 6233
7 9 6 6895
7 9 8 5406
7 9 10 4714
7 9 11 8125
7 9 12 8610
7 9 13 5223
7 9 14 9865
7 9 15 8309
7 9 16 5106
7 10 1 4507
7 10 2 4889
7 10 3 6281
7 10 4 6919
7 10 5 8375
7 10 6 4604
7 10 8 7811
7 10 9 5857
7 10 11 7042
7 10 12 3556
7 10 13 10832
7 10 14 3283
7 10 15 5629
7 10 16 6150
7 10 17 0
7 11 1 4249
7 11 2 10134
7 11 3 6271
7 11 4 6186
7 11 5 7874
7 11 6 4819
7 11 8 6361
7 11 9 5152
7 11 10 6573
7 11 12 6399
7 11 13 7408
7 11 14 9848
7 11 15 4786
7 11 16 4793
7 11 17 0
7 11 18 0
7 12 1 8816
7 12 2 6259
7 12 3 12719
7 12 4 7807
7 12 5 5997
7 12 6 9718
7 12 8 4519
7 12 9 12356
7 12 10 11804
7 12 11 6638
7 12 13 8582
7 12 14 4431
7 12 15 3634
7 12 16 3223
7 12 17 1881
7 12 18 0
7 13 1 7689
7 13 2 6192
7 13 3 7007
7 13 4 4711
7 13 5 6998
7 13 6 7355
7 13 8 8184
7 13 9 3449
7 13 10 8649
7 13 11 6729
7 13 12 8022
7 13 14 3906
7 13 15 5438
7 13 16 3328
7 13 18 0
7 14 1 5373
7 14 2 3684
7 14 3 4820
7 14 4 6903
7 14 5 7398
7 14 6 6081
7 14 8 6051
7 14 9 5181
7 14 10 4919
7 14 11 11508
7 14 12 6852
7 14 13 7471
7 14 15 2579
7 14 16 0
7 14 17 0
7 14 18 0
7 15 1 3730
7 15 2 2787
7 15 3 9939
7 15 4 5147
7 15 5 5928
7 15 6 4446
7 15 8 4631
7 15 9 8223
7 15 10 3025
7 15 11 0
7 15 12 9145
7 15 13 0
7 15 14 9490
7 15 16 10402
7 15 17 0
7 15 18 0
7 16 1 11973
7 16 2 7452
7 16 3 0
7 16 4 2920
7 16 5 983
7 16 6 5739
7 16 8 9911
7 16 9 422
7 16 10 11292
7 16 11 3779
7 16 12 11694
7 16 13 6344
7 16 14 0
7 16 15 4870
7 16 17 1607
7 16 18 752
7 17 1 0
7 17 2 2242
7 17 3 0
7 17 4 0
7 17 6 0
7 17 8 0
7 17 9 0
7 17 10 2261
7 17 12 0
7 17 13 0
7 17 16 6924
7 17 18 0
7 18 1 0
7 18 2 432
7 18 3 0
7 18 4 0
7 18 6 0
7 18 9 0
7 18 10 0
7 18 11 0
7 18 12 0
7 18 15 0
7 18 16 0
7 19 9 0
8 1 2 3989
8 1 3 4980
8 1 4 5084
8 1 5 7989
8 1 6 5046
8 1 7 5904
8 1 9 4504
8 1 10 4095
8 1 11 3443
8 1 12 5053
8 1 13 6584
8 1 14 7276
8 1 15 1398
8 1 16 495
8 1 17 0
8 2 1 4107
8 2 3 5187
8 2 4 6105
8 2 5 7068
8 2 6 4172
8 2 7 5941
8 2 9 4996
8 2 10 6229
8 2 11 5086
8 2 12 8162
8 2 13 10254
8 2 14 6257
8 2 15 7423
8 2 16 7280
8 2 17 0
8 2 18 1266
8 3 1 3998
8 3 2 6527
8 3 4 4144
8 3 5 6031
8 3 6 5360
8 3 7 5986
8 3 9 5178
8 3 10 4485
8 3 11 8612
8 3 12 7342
8 3 13 4716
8 3 14 8230
8 3 15 6278
8 3 16 1066
8 3 18 0
8 4 1 5904
8 4 2 4712
8 4 3 5831
8 4 5 5212
8 4 6 7057
8 4 7 6129
8 4 9 6858
8 4 10 5843
8 4 11 6374
8 4 12 4984
8 4 13 6665
8 4 14 6049
8 4 15 9021
8 4 16 6440
8 5 1 6776
8 5 2 3731
8 5 3 6305
8 5 4 5021
8 5 6 4579
8 5 7 6094
8 5 9 5121
8 5 10 6277
8 5 11 6537
8 5 12 6435
8 5 13 7289
8 5 14 3147
8 5 15 6012
8 5 16 3607
8 5 17 0
8 5 18 0
8 6 1 6546
8 6 2 4586
8 6 3 3685
8 6 4 4020
8 6 5 7033
8 6 7 6164
8 6 9 5162
8 6 10 6044
8 6 11 6389
8 6 12 7025
8 6 13 7064
8 6 14 3521
8 6 15 10510
8 6 16 4029
8 6 17 0
8 6 18 0
8 7 1 5546
8 7 2 4794
8 7 3 7309
8 7 4 3992
8 7 5 4954
8 7 6 5080
8 7 9 4015
8 7 10 5343
8 7 11 5128
8 7 12 4005
8 7 13 8170
8 7 14 8458
8 7 15 10992
8 7 16 6382
8 7 17 0
8 7 18 0
8 9 1 8583
8 9 2 4354
8 9 3 6830
8 9 4 3627
8 9 5 7434
8 9 6 8850
8 9 7 5285
8 9 10 7147
8 9 11 6277
8 9 12 7281
8 9 13 7612
8 9 14 5197
8 9 15 3534
8 9 16 10980
8 10 1 5972
8 10 2 4862
8 10 3 7243
8 10 4 7149
8 10 5 6872
8 10 6 7449
8 10 7 7039
8 10 9 9848
8 10 11 13549
8 10 12 8631
8 10 13 7832
8 10 14 8709
8 10 15 6851
8 10 16 2743
8 10 18 0
8 11 1 5765
8 11 2 7396
8 11 3 4458
8 11 4 5751
8 11 5 6175
8 11 6 6486
8 11 7 6770
8 11 9 5071
8 11 10 6846
8 11 12 6847
8 11 13 9126
8 11 14 4672
8 11 15 6249
8 11 16 3741
8 11 17 0
8 11 18 0
8 12 1 11993
8 12 2 12594
8 12 3 12090
8 12 4 8426
8 12 5 8419
8 12 6 8726
8 12 7 4769
8 12 9 8678
8 12 10 5813
8 12 11 10188
8 12 13 5295
8 12 14 7643
8 12 15 7385
8 12 16 6280
8 12 18 0
8 13 1 8116
8 13 2 7494
8 13 3 4192
8 13 4 3784
8 13 5 10670
8 13 6 12041
8 13 7 7977
8 13 9 2671
8 13 10 6739
8 13 11 8692
8 13 12 7698
8 13 14 5292
8 13 15 5998
8 13 16 3499
8 13 17 0
8 14 1 6002
8 14 2 7943
8 14 3 13101
8 14 4 4020
8 14 5 9113
8 14 6 8024
8 14 7 7186
8 14 9 4525
8 14 10 10015
8 14 11 11229
8 14 12 11537
8 14 13 4965
8 14 15 9445
8 14 16 5975
8 14 18 0
8 15 1 5710
8 15 2 4349
8 15 3 3933
8 15 4 7076
8 15 5 6613
8 15 6 6339
8 15 7 4415
8 15 9 6533
8 15 10 4219
8 15 11 7044
8 15 12 4668
8 15 13 6373
8 15 14 2400
8 15 16 0
8 15 17 0
8 15 18 0
8 16 1 0
8 16 2 0
8 16 3 11169
8 16 4 5921
8 16 5 4802
8 16 6 11987
8 16 7 11442
8 16 9 8035
8 16 10 3900
8 16 11 3962
8 16 12 10065
8 16 13 5699
8 16 14 7947
8 16 15 8173
8 16 17 0
8 17 1 0
8 17 2 0
8 17 4 0
8 17 5 0
8 17 6 0
8 17 7 0
8 17 9 8339
8 17 11 0
8 17 12 0
8 17 13 0
8 17 14 0
8 17 18 0
8 18 1 0
8 18 2 504
8 18 3 0
8 18 6 0
8 18 7 0
8 18 9 0
8 18 11 0
8 18 12 765
8 18 13 0
8 18 14 0
8 18 15 0
9 1 2 5188
9 1 3 6570
9 1 4 6009
9 1 5 6559
9 1 6 6062
9 1 7 6608
9 1 8 4727
9 1 10 4242
9 1 11 5889
9 1 12 9574
9 1 13 8290
9 1 14 7777
9 1 15 4797
9 1 16 6759
9 2 1 6070
9 2 3 8621
9 2 4 7176
9 2 5 7783
9 2 6 3682
9 2 7 6662
9 2 8 6551
9 2 10 4635
9 2 11 11209
9 2 12 5521
9 2 13 3444
9 2 14 6914
9 2 15 11919
9 2 16 3823
9 2 17 4793
9 2 18 0
9 3 1 5878
9 3 2 4841
9 3 4 6881
9 3 5 5461
9 3 6 10255
9 3 7 6718
9 3 8 4745
9 3 10 5553
9 3 11 6115
9 3 12 4320
9 3 13 8548
9 3 14 11263
9 3 15 3308
9 3 16 12024
9 3 17 0
9 4 1 8538
9 4 2 7360
9 4 3 5967
9 4 5 6391
9 4 6 5618
9 4 7 5780
9 4 8 8169
9 4 10 7704
9 4 11 6349
9 4 12 7248
9 4 13 6454
9 4 14 6735
9 4 15 1025
9 4 16 6450
9 4 17 0
9 5 1 6521
9 5 2 3401
9 5 3 6028
9 5 4 5253
9 5 6 3745
9 5 7 6643
9 5 8 7034
9 5 10 6398
9 5 11 11404
9 5 12 6873
9 5 13 10289
9 5 14 5445
9 5 15 4505
9 5 16 2763
9 5 18 1956
9 6 1 5003
9 6 2 7380
9 6 3 3536
9 6 4 6945
9 6 5 4934
9 6 7 4282
9 6 8 7271
9 6 10 7404
9 6 11 7230
9 6 12 7293
9 6 13 8244
9 6 14 2117
9 6 15 5333
9 6 16 2042
9 6 17 0
9 6 18 0
9 7 1 5025
9 7 2 5384
9 7 3 6245
9 7 4 5245
9 7 5 7394
9 7 6 7742
9 7 8 6311
9 7 10 5252
9 7 11 7483
9 7 12 4632
9 7 13 7707
9 7 14 5684
9 7 15 13386
9 7 16 12169
9 7 17 0
9 7 18 0
9 8 1 5311
9 8 2 5667
9 8 3 5358
9 8 4 3757
9 8 5 7078
9 8 6 5569
9 8 7 6235
9 8 10 5459
9 8 11 5519
9 8 12 4759
9 8 13 8115
9 8 14 8349
9 8 15 5830
9 8 16 3513
9 8 17 0
9 8 18 0
9 10 1 8556
9 10 2 6114
9 10 3 7268
9 10 4 6824
9 10 5 5373
9 10 6 6973
9 10 7 9947
9 10 8 4735
9 10 11 7940
9 10 12 7537
9 10 13 4051
9 10 14 8017
9 10 15 1161
9 10 16 5681
9 10 17 0
9 11 1 6080
9 11 2 6925
9 11 3 5770
9 11 4 4833
9 11 5 6402
9 11 6 8284
9 11 7 10205
9 11 8 8376
9 11 10 6568
9 11 12 5260
9 11 13 10668
9 11 14 6873
9 11 15 2982
9 11 16 3419
9 11 18 0
9 12 1 9012
9 12 2 7664
9 12 3 8514
9 12 4 5121
9 12 5 11139
9 12 6 6139
9 12 7 5757
9 12 8 6705
9 12 10 5309
9 12 11 7542
9 12 13 7340
9 12 14 8061
9 12 15 8714
9 12 16 10396
9 12 17 0
9 12 18 0
9 13 1 5785
9 13 2 7187
9 13 3 5510
9 13 4 6676
9 13 5 10387
9 13 6 5927
9 13 7 4349
9 13 8 11659
9 13 10 8076
9 13 11 9386
9 13 12 5983
9 13 14 3780
9 13 15 8894
9 13 16 10802
9 13 17 2743
9 14 1 3642
9 14 2 5954
9 14 3 663
9 14 4 7304
9 14 5 5965
9 14 6 9778
9 14 7 12298
9 14 8 6520
9 14 10 5942
9 14 11 12154
9 14 12 7085
9 14 13 10307
9 14 15 6564
9 14 16 4644
9 14 17 426
9 14 18 0
9 15 1 5235
9 15 2 7604
9 15 3 10069
9 15 4 8539
9 15 5 4380
9 15 6 9325
9 15 7 6222
9 15 8 7041
9 15 10 6126
9 15 11 7081
9 15 12 4905
9 15 13 1493
9 15 14 3549
9 15 16 6368
9 15 17 0
9 15 18 0
9 16 1 2889
9 16 3 4592
9 16 4 2151
9 16 5 4286
9 16 6 6752
9 16 7 0
9 16 8 11355
9 16 10 6798
9 16 11 2069
9 16 12 6054
9 16 13 3855
9 16 14 10344
9 16 15 5484
9 16 17 0
9 16 18 0
9 17 1 0
9 17 2 0
9 17 3 0
9 17 4 0
9 17 6 0
9 17 8 0
9 17 11 0
9 17 14 0
9 18 2 953
9 18 3 0
9 18 4 0
9 18 5 0
9 18 6 0
9 18 8 0
9 18 11 0
9 18 12 3484
9 18 13 0
9 18 14 8687
9 18 15 0
9 18 16 0
9 18 17 0
9 19 6 0
10 1 2 7566
10 1 3 6167
10 1 4 6695
10 1 5 5563
10 1 6 6501
10 1 7 5785
10 1 8 7843
10 1 9 6329
10 1 11 8291
10 1 12 7405
10 1 13 5502
10 1 14 6777
10 1 15 6827
10 1 16 4455
10 1 17 0
10 2 1 6302
10 2 3 7026
10 2 4 7234
10 2 5 6758
10 2 6 5367
10 2 7 6809
10 2 8 6821
10 2 9 6818
10 2 11 6599
10 2 12 9537
10 2 13 8494
10 2 14 6332
10 2 15 4572
10 2 16 9270
10 2 18 0
10 3 1 8580
10 3 2 5296
10 3 4 8583
10 3 5 9383
10 3 6 5745
10 3 7 5060
10 3 8 3857
10 3 9 6474
10 3 11 4758
10 3 12 6856
10 3 13 10711
10 3 14 3866
10 3 15 9553
10 3 16 2525
10 3 17 0
10 3 18 1904
10 4 1 3786
10 4 2 6553
10 4 3 6132
10 4 5 5777
10 4 6 5635
10 4 7 5319
10 4 8 4967
10 4 9 5043
10 4 11 6193
10 4 12 6827
10 4 13 7070
10 4 14 5388
10 4 15 3584
10 4 16 4779
10 4 17 0
10 5 1 6312
10 5 2 6442
10 5 3 5415
10 5 4 6453
10 5 6 5655
10 5 7 6900
10 5 8 7412
10 5 9 7243
10 5 11 5392
10 5 12 4360
10 5 13 8999
10 5 14 4286
10 5 15 5635
10 5 16 3366
10 5 17 0
10 5 18 0
10 6 1 2939
10 6 2 5243
10 6 3 6139
10 6 4 5589
10 6 5 5655
10 6 7 6710
10 6 8 6407
10 6 9 6684
10 6 11 7654
10 6 12 5482
10 6 13 5312
10 6 14 4837
10 6 15 9154
10 6 16 8334
10 6 18 0
10 7 1 5772
10 7 2 5995
10 7 3 7463
10 7 4 7167
10 7 5 12744
10 7 6 8919
10 7 8 7747
10 7 9 6065
10 7 11 4594
10 7 12 9107
10 7 13 4981
10 7 14 5403
10 7 15 1119
10 7 16 3457
10 7 17 0
10 7 18 0
10 8 1 4876
10 8 2 7119
10 8 3 9630
10 8 4 11522
10 8 5 5988
10 8 6 4571
10 8 7 6055
10 8 9 5972
10 8 11 11360
10 8 12 7360
10 8 13 10377
10 8 14 6750
10 8 15 5145
10 8 16 4656
10 8 17 0
10 8 18 0
10 9 1 8394
10 9 2 6214
10 9 3 10045
10 9 4 6542
10 9 5 4997
10 9 6 4049
10 9 7 6222
10 9 8 8030
10 9 11 8347
10 9 12 6465
10 9 13 6764
10 9 14 5904
10 9 15 1792
10 9 16 7743
10 9 17 0
10 9 18 0
10 11 1 7705
10 11 2 6503
10 11 3 6615
10 11 4 7478
10 11 5 7882
10 11 6 6596
10 11 7 6877
10 11 8 4841
10 11 9 10503
10 11 12 11710
10 11 13 7914
10 11 14 7549
10 11 15 5334
10 11 16 10864
10 11 17 0
10 11 18 0
10 12 1 5280
10 12 2 7146
10 12 3 10958
10 12 4 7277
10 12 5 8075
10 12 6 4459
10 12 7 8449
10 12 8 12521
10 12 9 5736
10 12 11 6132
10 12 13 5155
10 12 14 5825
10 12 15 8106
10 12 16 1583
10 12 17 829
10 12 18 0
10 13 1 4512
10 13 2 4980
10 13 3 5918
10 13 4 8871
10 13 5 7319
10 13 6 6418
10 13 7 8229
10 13 8 6195
10 13 9 8801
10 13 11 3312
10 13 12 8496
10 13 14 7380
10 13 15 2630
10 13 16 4477
10 13 18 0
10 14 1 6581
10 14 2 12894
10 14 3 5104
10 14 4 6002
10 14 5 4302
10 14 6 5803
10 14 7 9245
10 14 8 7319
10 14 9 5928
10 14 11 13656
10 14 12 6129
10 14 13 7063
10 14 15 5951
10 14 16 5476
10 14 17 0
10 14 18 0
10 15 1 8452
10 15 2 3200
10 15 3 7637
10 15 4 5660
10 15 5 7697
10 15 6 6791
10 15 7 8985
10 15 8 4239
10 15 9 8138
10 15 11 7602
10 15 12 1772
10 15 13 5536
10 15 14 489
10 15 16 7231
10 15 17 1477
10 15 18 0
10 16 1 0
10 16 2 4261
10 16 3 7276
10 16 4 5895
10 16 5 2869
10 16 6 2490
10 16 7 3242
10 16 8 5862
10 16 9 2723
10 16 11 8403
10 16 12 4209
10 16 13 7741
10 16 14 12644
10 16 15 9292
10 16 18 0
10 17 1 0
10 17 2 0
10 17 4 11716
10 17 5 0
10 17 6 0
10 17 7 0
10 17 8 2925
10 17 9 0
10 17 11 0
10 17 12 0
10 17 13 0
10 17 14 0
10 17 15 1859
10 17 16 0
10 18 1 0
10 18 2 0
10 18 4 0
10 18 6 0
10 18 7 0
10 18 8 0
10 18 9 0
10 18 11 0
10 18 14 0
10 18 17 3668
10 20 15 0
11 1 2 5467
11 1 3 8141
11 1 4 6909
11 1 5 10423
11 1 6 6355
11 1 7 4946
11 1 8 8621
11 1 9 6692
11 1 10 6409
11 1 12 6686
11 1 13 7457
11 1 14 2131
11 1 15 2997
11 1 16 3981
11 1 18 6957
11 2 1 6485
11 2 3 8073
11 2 4 6338
11 2 5 6670
11 2 6 7423
11 2 7 11296
11 2 8 7509
11 2 9 6241
11 2 10 6606
11 2 12 8167
11 2 13 6075
11 2 14 7384
11 2 15 10034
11 2 16 5740
11 2 17 3479
11 2 18 0
11 3 1 6539
11 3 2 6023
11 3 4 7038
11 3 5 5615
11 3 6 9738
11 3 7 7288
11 3 8 9859
11 3 9 5869
11 3 10 5934
11 3 12 8639
11 3 13 6362
11 3 14 12922
11 3 15 1625
11 3 16 8728
11 3 17 0
11 3 18 0
11 4 1 4620
11 4 2 11559
11 4 3 5515
11 4 5 9439
11 4 6 6244
11 4 7 8133
11 4 8 7115
11 4 9 8708
11 4 10 6704
11 4 12 8168
11 4 13 7381
11 4 14 4705
11 4 15 7702
11 4 16 4484
11 4 17 0
11 4 18 0
11 5 1 4540
11 5 2 5791
11 5 3 9950
11 5 4 7620
11 5 6 8635
11 5 7 8647
11 5 8 11407
11 5 9 7694
11 5 10 4768
11 5 12 6943
11 5 13 7582
11 5 14 7276
11 5 15 7241
11 5 16 1254
11 6 1 5219
11 6 2 6378
11 6 3 8782
11 6 4 6515
11 6 5 8069
11 6 7 4830
11 6 8 5650
11 6 9 4746
11 6 10 8128
11 6 12 5768
11 6 13 7679
11 6 14 3667
11 6 15 2890
11 6 16 10113
11 6 17 0
11 6 18 0
11 7 1 6485
11 7 2 8521
11 7 3 5574
11 7 4 7179
11 7 5 9703
11 7 6 5804
11 7 8 7727
11 7 9 5969
11 7 10 5357
11 7 12 4674
11 7 13 4336
11 7 14 9382
11 7 15 10714
11 7 16 5523
11 7 18 0
11 8 1 9555
11 8 2 7125
11 8 3 6081
11 8 4 6756
11 8 5 4740
11 8 6 4653
11 8 7 6125
11 8 9 7942
11 8 10 7887
11 8 12 3458
11 8 13 6442
11 8 14 4608
11 8 15 4183
11 8 16 3234
11 8 17 0
11 8 18 0
11 9 1 7121
11 9 2 5587
11 9 3 4993
11 9 4 8816
11 9 5 7241
11 9 6 6314
11 9 7 5853
11 9 8 6302
11 9 10 5242
11 9 12 7161
11 9 13 10851
11 9 14 4277
11 9 15 8600
11 9 16 10429
11 9 17 0
11 9 18 0
11 10 1 5008
11 10 2 9025
11 10 3 7603
11 10 4 7194
11 10 5 8764
11 10 6 8939
11 10 7 5249
11 10 8 5378
11 10 9 10645
11 10 12 7939
11 10 13 2946
11 10 14 5742
11 10 15 778
11 10 16 4367
11 10 17 0
11 10 18 0
11 12 1 7635
11 12 2 7925
11 12 3 5725
11 12 4 7180
11 12 5 5000
11 12 6 6550
11 12 7 7560
11 12 8 8011
11 12 9 5901
11 12 10 12382
11 12 13 6163
11 12 14 10627
11 12 15 4864
11 12 16 6632
11 12 17 0
11 12 18 0
11 13 1 5947
11 13 2 10298
11 13 3 9971
11 13 4 8386
11 13 5 5456
11 13 6 5524
11 13 7 4481
11 13 8 5065
11 13 9 6660
11 13 10 10285
11 13 12 10401
11 13 14 8374
11 13 15 5682
11 13 16 9068
11 13 17 0
11 13 18 0
11 14 1 7117
11 14 2 5990
11 14 3 6414
11 14 4 5336
11 14 5 2636
11 14 6 6741
11 14 7 13980
11 14 8 6699
11 14 9 6075
11 14 10 8500
11 14 12 3468
11 14 13 6335
11 14 15 3057
11 14 16 1299
11 14 17 0
11 15 1 2662
11 15 2 5568
11 15 3 3006
11 15 4 5139
11 15 5 9957
11 15 6 7299
11 15 7 4193
11 15 8 9310
11 15 9 5769
11 15 10 8036
11 15 12 3885
11 15 13 5406
11 15 14 7479
11 15 16 3227
11 15 17 0
11 16 1 5577
11 16 2 3512
11 16 3 5089
11 16 4 3791
11 16 5 2310
11 16 6 2139
11 16 7 6371
11 16 8 304
11 16 9 6916
11 16 10 0
11 16 12 6747
11 16 13 12678
11 16 14 6813
11 16 15 8695
11 16 18 0
11 17 1 0
11 17 2 0
11 17 4 0
11 17 5 0
11 17 7 0
11 17 8 4358
11 17 10 0
11 17 13 0
11 17 14 5734
11 17 15 0
11 17 16 0
11 17 18 0
11 18 2 0
11 18 3 0
11 18 5 0
11 18 6 0
11 18 8 1864
11 18 12 2565
11 18 13 0
11 18 15 3563
11 18 17 0
12 1 2 8770
12 1 3 9645
12 1 4 6802
12 1 5 8806
12 1 6 5684
12 1 7 7662
12 1 8 9622
12 1 9 5997
12 1 10 5497
12 1 11 9623
12 1 13 9231
12 1 14 9479
12 1 15 10361
12 1 16 7424
12 2 1 6053
12 2 3 5403
12 2 4 6416
12 2 5 6155
12 2 6 9008
12 2 7 6674
12 2 8 6320
12 2 9 7124
12 2 10 8904
12 2 11 5220
12 2 13 4112
12 2 14 5328
12 2 15 9340
12 2 16 5230
12 2 17 0
12 3 1 7583
12 3 2 4873
12 3 4 8095
12 3 5 8821
12 3 6 8416
12 3 7 4373
12 3 8 6476
12 3 9 7025
12 3 10 6083
12 3 11 6400
12 3 13 7026
12 3 14 3522
12 3 15 10618
12 3 16 6144
12 3 17 0
12 3 18 0
12 4 1 9513
12 4 2 6886
12 4 3 8207
12 4 5 6803
12 4 6 6683
12 4 7 6043
12 4 8 8005
12 4 9 6072
12 4 10 6482
12 4 11 9845
12 4 13 6924
12 4 14 6788
12 4 15 4049
12 4 16 8128
12 4 17 0
12 5 1 7422
12 5 2 6745
12 5 3 4834
12 5 4 6093
12 5 6 8645
12 5 7 8957
12 5 8 7008
12 5 9 6756
12 5 10 6077
12 5 11 11942
12 5 13 10243
12 5 14 8618
12 5 15 4000
12 5 16 10771
12 5 17 0
12 6 1 5440
12 6 2 8489
12 6 3 4686
12 6 4 5821
12 6 5 6505
12 6 7 7137
12 6 8 5412
12 6 9 8757
12 6 10 9854
12 6 11 10110
12 6 13 6763
12 6 14 4451
12 6 15 2655
12 6 16 2536
12 7 1 6221
12 7 2 7464
12 7 3 5516
12 7 4 7745
12 7 5 9325
12 7 6 6369
12 7 8 7551
12 7 9 6161
12 7 10 6507
12 7 11 5818
12 7 13 5580
12 7 14 6353
12 7 15 11630
12 7 16 0
12 7 17 0
12 8 1 6765
12 8 2 6418
12 8 3 7660
12 8 4 5211
12 8 5 6611
12 8 6 8969
12 8 7 4557
12 8 9 6219
12 8 10 6664
12 8 11 7881
12 8 13 12740
12 8 14 5662
12 8 15 7231
12 8 16 8775
12 8 17 0
12 8 18 0
12 9 1 6169
12 9 2 5783
12 9 3 6924
12 9 4 8372
12 9 5 5347
12 9 6 4515
12 9 7 8550
12 9 8 6395
12 9 10 7425
12 9 11 8690
12 9 13 7728
12 9 14 6204
12 9 15 10173
12 9 16 7585
12 9 17 0
12 9 18 0
12 10 1 5810
12 10 2 7783
12 10 3 5804
12 10 4 7703
12 10 5 5566
12 10 6 8470
12 10 7 8932
12 10 8 5339
12 10 9 10434
12 10 11 9024
12 10 13 8664
12 10 14 3461
12 10 15 7298
12 10 16 11394
12 10 18 0
12 11 1 6457
12 11 2 6143
12 11 3 6092
12 11 4 9723
12 11 5 4854
12 11 6 4959
12 11 7 4169
12 11 8 8187
12 11 9 5284
12 11 10 7410
12 11 13 6674
12 11 14 6613
12 11 15 3539
12 11 16 7009
12 11 17 0
12 11 18 0
12 13 1 7710
12 13 2 8506
12 13 3 6769
12 13 4 9421
12 13 5 5457
12 13 6 5264
12 13 7 6249
12 13 8 6869
12 13 9 5557
12 13 10 10760
12 13 11 6957
12 13 14 5881
12 13 15 6555
12 13 16 6290
12 13 17 0
12 13 18 0
12 14 1 5825
12 14 2 8096
12 14 3 6664
12 14 4 9172
12 14 5 10975
12 14 6 11664
12 14 7 7239
12 14 8 5935
12 14 9 11024
12 14 10 6238
12 14 11 6485
12 14 13 10802
12 14 15 6786
12 14 16 2406
12 14 17 0
12 14 18 0
12 15 1 13050
12 15 2 5262
12 15 3 2216
12 15 4 4281
12 15 5 3945
12 15 6 10832
12 15 7 11290
12 15 8 7298
12 15 9 5806
12 15 10 4752
12 15 11 10158
12 15 13 13438
12 15 14 8447
12 15 16 5145
12 15 17 0
12 15 18 0
12 16 1 8219
12 16 2 13487
12 16 3 7814
12 16 4 3991
12 16 5 3161
12 16 6 207
12 16 7 3240
12 16 8 4430
12 16 9 5536
12 16 10 2134
12 16 11 7824
12 16 13 4847
12 16 14 2772
12 16 15 4344
12 17 2 0
12 17 3 0
12 17 4 0
12 17 5 0
12 17 6 0
12 17 7 0
12 17 8 0
12 17 10 2032
12 17 13 2586
12 17 16 0
12 18 1 7430
12 18 4 0
12 18 7 0
12 18 8 0
12 18 10 3929
12 18 11 1849
12 18 15 0
12 18 16 0
12 18 17 0
13 1 2 4977
13 1 3 4914
13 1 4 5441
13 1 5 3933
13 1 6 9145
13 1 7 4898
13 1 8 5293
13 1 9 9632
13 1 10 5107
13 1 11 6833
13 1 12 10091
13 1 14 10128
13 1 15 5607
13 1 16 0
13 1 18 0
13 2 1 4243
13 2 3 7292
13 2 4 12546
13 2 5 5632
13 2 6 6879
13 2 7 4565
13 2 8 8023
13 2 9 8630
13 2 10 7506
13 2 11 6580
13 2 12 6412
13 2 14 6322
13 2 15 11123
13 2 16 11670
13 2 17 0
13 2 18 0
13 3 1 11782
13 3 2 6364
13 3 4 9517
13 3 5 5462
13 3 6 8562
13 3 7 5930
13 3 8 6316
13 3 9 5774
13 3 10 2219
13 3 11 5802
13 3 12 3427
13 3 14 7349
13 3 15 5551
13 3 16 0
13 3 17 0
13 3 18 0
13 4 1 6520
13 4 2 3446
13 4 3 4093
13 4 5 10660
13 4 6 7814
13 4 7 8767
13 4 8 6295
13 4 9 4543
13 4 10 6160
13 4 11 2717
13 4 12 9762
13 4 14 5412
13 4 15 5180
13 4 16 769
13 4 17 137
13 4 18 0
13 4 19 0
13 5 1 7804
13 5 2 7880
13 5 3 6789
13 5 4 6205
13 5 6 12004
13 5 7 8547
13 5 8 5508
13 5 9 6521
13 5 10 11024
13 5 11 7551
13 5 12 10742
13 5 14 5012
13 5 15 1968
13 5 16 7462
13 5 18 0
13 6 1 6303
13 6 2 8761
13 6 3 7035
13 6 4 12847
13 6 5 5728
13 6 7 3672
13 6 8 6677
13 6 9 6328
13 6 10 4827
13 6 11 5892
13 6 12 5470
13 6 14 5444
13 6 15 6046
13 6 16 5222
13 6 17 0
13 6 18 0
13 7 1 6830
13 7 2 11453
13 7 3 9811
13 7 4 10099
13 7 5 8065
13 7 6 6129
13 7 8 5380
13 7 9 10361
13 7 10 7148
13 7 11 6410
13 7 12 5965
13 7 14 5077
13 7 15 9546
13 7 16 1451
13 7 17 0
13 8 1 9853
13 8 2 7730
13 8 3 11521
13 8 4 7173
13 8 5 11278
13 8 6 7284
13 8 7 7428
13 8 9 7559
13 8 10 9726
13 8 11 3435
13 8 12 8530
13 8 14 5651
13 8 15 1395
13 8 16 7024
13 8 17 0
13 8 18 0
13 9 1 6088
13 9 2 6548
13 9 3 5188
13 9 4 6970
13 9 5 11246
13 9 6 4891
13 9 7 5813
13 9 8 9860
13 9 10 7430
13 9 11 10325
13 9 12 7145
13 9 14 6848
13 9 15 2191
13 9 16 11827
13 9 17 0
13 9 18 0
13 10 1 4835
13 10 2 8867
13 10 3 4783
13 10 4 8117
13 10 5 10034
13 10 6 9490
13 10 7 4571
13 10 8 6781
13 10 9 4744
13 10 11 7342
13 10 12 5608
13 10 14 9658
13 10 15 5955
13 10 16 11961
13 10 17 0
13 10 18 0
13 11 1 6007
13 11 2 7981
13 11 3 2453
13 11 4 4676
13 11 5 4142
13 11 6 6145
13 11 7 6349
13 11 8 6169
13 11 9 7995
13 11 10 8936
13 11 12 8994
13 11 14 4163
13 11 15 3189
13 11 16 10183
13 11 18 0
13 12 1 9253
13 12 2 12001
13 12 3 4254
13 12 4 8470
13 12 5 10585
13 12 6 4704
13 12 7 7784
13 12 8 4509
13 12 9 6739
13 12 10 11626
13 12 11 6666
13 12 14 10667
13 12 15 6347
13 12 16 3632
13 12 17 0
13 12 18 0
13 14 1 3209
13 14 2 5392
13 14 3 9357
13 14 4 4991
13 14 5 7904
13 14 6 9679
13 14 7 8022
13 14 8 3959
13 14 9 6190
13 14 10 6279
13 14 11 8773
13 14 12 8302
13 14 15 3738
13 14 16 1849
13 14 17 10009
13 14 18 0
13 15 1 8961
13 15 2 5298
13 15 3 1962
13 15 4 4802
13 15 5 3944
13 15 6 3174
13 15 7 8141
13 15 8 4177
13 15 9 5353
13 15 10 7997
13 15 11 6126
13 15 12 2729
13 15 14 5266
13 15 16 5157
13 15 17 0
13 16 1 6242
13 16 2 2454
13 16 3 2554
13 16 4 5384
13 16 5 9517
13 16 6 5812
13 16 7 7488
13 16 8 4610
13 16 9 6052
13 16 10 8194
13 16 11 4897
13 16 12 5958
13 16 14 5320
13 16 15 5573
13 16 17 0
13 17 1 0
13 17 2 0
13 17 5 0
13 17 6 0
13 17 9 0
13 17 10 0
13 17 14 0
13 17 15 0
13 17 16 3156
13 17 18 0
13 18 1 0
13 18 2 0
13 18 4 0
13 18 5 0
13 18 7 0
13 18 8 0
13 18 9 0
13 18 12 0
13 18 14 0
13 18 15 0
13 18 17 0
14 1 2 5911
14 1 3 6479
14 1 4 6853
14 1 5 7099
14 1 6 4152
14 1 7 4933
14 1 8 7303
14 1 9 3657
14 1 10 5986
14 1 11 10411
14 1 12 6240
14 1 13 4917
14 1 15 1712
14 1 16 5904
14 1 17 0
14 2 1 5085
14 2 3 7208
14 2 4 12479
14 2 5 5969
14 2 6 9231
14 2 7 5418
14 2 8 7176
14 2 9 7047
14 2 10 6029
14 2 11 7599
14 2 12 8312
14 2 13 7893
14 2 15 3875
14 2 16 3827
14 2 17 0
14 2 18 0
14 3 1 5003
14 3 2 3819
14 3 4 7007
14 3 5 5649
14 3 6 5321
14 3 7 6298
14 3 8 9607
14 3 9 8812
14 3 10 10537
14 3 11 8102
14 3 12 7499
14 3 13 1584
14 3 15 4041
14 3 16 10042
14 3 17 0
14 3 18 0
14 4 1 6275
14 4 2 8897
14 4 3 9298
14 4 5 10239
14 4 6 7327
14 4 7 3193
14 4 8 6777
14 4 9 4489
14 4 10 5058
14 4 11 4001
14 4 12 11707
14 4 13 11544
14 4 15 8030
14 4 16 592
14 4 17 0
14 4 18 0
14 5 1 4517
14 5 2 4967
14 5 3 4602
14 5 4 4797
14 5 6 9946
14 5 7 6792
14 5 8 8652
14 5 9 4909
14 5 10 6420
14 5 11 4064
14 5 12 10399
14 5 13 6869
14 5 15 6892
14 5 16 5322
14 5 17 0
14 5 18 0
14 6 1 11278
14 6 2 10387
14 6 3 3323
14 6 4 4914
14 6 5 4512
14 6 7 8454
14 6 8 5166
14 6 9 5788
14 6 10 7019
14 6 11 6747
14 6 12 3092
14 6 13 6322
14 6 15 7720
14 6 16 2466
14 6 17 0
14 6 18 0
14 7 1 4617
14 7 2 8228
14 7 3 3798
14 7 4 5959
14 7 5 5558
14 7 6 8035
14 7 8 9464
14 7 9 1541
14 7 10 5106
14 7 11 4551
14 7 12 7132
14 7 13 5931
14 7 15 6743
14 7 16 4705
14 7 17 0
14 8 1 2934
14 8 2 3998
14 8 3 6282
14 8 4 10680
14 8 5 5585
14 8 6 9122
14 8 7 9019
14 8 9 7640
14 8 10 7150
14 8 11 7107
14 8 12 4873
14 8 13 5568
14 8 15 6886
14 8 16 2887
14 8 17 2020
14 9 1 5144
14 9 2 5809
14 9 3 6241
14 9 4 4856
14 9 5 6539
14 9 6 7582
14 9 7 6924
14 9 8 8316
14 9 10 1043
14 9 11 2543
14 9 12 8759
14 9 13 10422
14 9 15 9891
14 9 16 5443
14 10 1 10042
14 10 2 7879
14 10 3 7451
14 10 4 6267
14 10 5 4704
14 10 6 6390
14 10 7 9870
14 10 8 4887
14 10 9 3679
14 10 11 8303
14 10 12 6539
14 10 13 9836
14 10 15 7844
14 10 16 10214
14 10 18 0
14 11 1 8027
14 11 2 7459
14 11 3 8270
14 11 4 6560
14 11 5 12105
14 11 6 3801
14 11 7 6072
14 11 8 8201
14 11 9 9143
14 11 10 5445
14 11 12 5693
14 11 13 9885
14 11 15 544
14 11 16 5188
14 11 17 0
14 11 18 5198
14 12 1 7374
14 12 2 5796
14 12 3 5861
14 12 4 10997
14 12 5 5333
14 12 6 10542
14 12 7 7956
14 12 8 6536
14 12 9 6718
14 12 10 5616
14 12 11 6466
14 12 13 11076
14 12 15 6117
14 12 16 7482
14 12 17 0
14 13 1 7667
14 13 2 8615
14 13 3 11073
14 13 4 3856
14 13 5 11144
14 13 6 9982
14 13 7 5400
14 13 8 13807
14 13 9 3102
14 13 10 8104
14 13 11 11434
14 13 12 9748
14 13 15 0
14 13 16 2285
14 13 17 1928
14 13 18 0
14 15 1 8455
14 15 2 8778
14 15 3 9215
14 15 4 11667
14 15 5 8448
14 15 6 8751
14 15 7 4839
14 15 8 6635
14 15 9 9769
14 15 10 8183
14 15 11 3501
14 15 12 6115
14 15 13 11392
14 15 16 8983
14 15 18 1789
14 16 1 6887
14 16 2 7331
14 16 3 4526
14 16 4 7369
14 16 5 4085
14 16 6 1799
14 16 7 0
14 16 8 6201
14 16 9 4276
14 16 10 3255
14 16 11 6238
14 16 12 7917
14 16 13 3464
14 16 15 3426
14 16 18 0
14 17 3 0
14 17 4 0
14 17 7 0
14 17 10 0
14 17 11 0
14 17 12 0
14 17 13 0
14 17 15 0
14 17 16 0
14 18 1 0
14 18 2 0
14 18 4 0
14 18 5 0
14 18 6 0
14 18 8 0
14 18 9 0
14 18 11 0
14 18 12 0
14 18 13 0
14 18 15 0
14 18 16 0
14 18 17 0
15 1 2 1568
15 1 3 3732
15 1 4 6539
15 1 5 7664
15 1 6 7540
15 1 7 3965
15 1 8 6559
15 1 9 5200
15 1 10 5439
15 1 11 6137
15 1 12 7070
15 1 13 2177
15 1 14 8526
15 1 16 646
15 1 17 0
15 1 18 0
15 2 1 5157
15 2 3 6099
15 2 4 9949
15 2 5 2687
15 2 6 2844
15 2 7 9746
15 2 8 3328
15 2 9 3983
15 2 10 10615
15 2 11 3143
15 2 12 13938
15 2 13 5481
15 2 14 1722
15 2 16 3837
15 2 17 0
15 2 18 0
15 3 1 4571
15 3 2 2133
15 3 4 7599
15 3 5 3856
15 3 6 5696
15 3 7 7994
15 3 8 9101
15 3 9 2248
15 3 10 1042
15 3 11 5558
15 3 12 5019
15 3 13 3612
15 3 14 2779
15 3 16 2609
15 3 17 0
15 4 1 11088
15 4 2 5232
15 4 3 5694
15 4 5 6706
15 4 6 11647
15 4 7 5046
15 4 8 10413
15 4 9 7747
15 4 10 4120
15 4 11 1052
15 4 12 4057
15 4 13 6403
15 4 14 4857
15 4 16 9918
15 4 17 0
15 4 18 0
15 5 1 6758
15 5 2 7235
15 5 3 5073
15 5 4 4536
15 5 6 9507
15 5 7 5393
15 5 8 3661
15 5 9 5757
15 5 10 8533
15 5 11 12569
15 5 12 11611
15 5 13 6537
15 5 14 11302
15 5 16 1728
15 5 17 0
15 6 1 1631
15 6 2 24
15 6 3 8002
15 6 4 10217
15 6 5 3529
15 6 7 3981
15 6 8 9437
15 6 9 1255
15 6 10 7157
15 6 11 3178
15 6 12 7559
15 6 13 8805
15 6 14 5397
15 6 16 4038
15 6 18 0
15 7 1 2775
15 7 2 6242
15 7 3 6559
15 7 4 6055
15 7 5 2490
15 7 6 5877
15 7 8 7725
15 7 9 4890
15 7 10 7481
15 7 11 7105
15 7 12 745
15 7 13 4106
15 7 14 9950
15 7 16 8837
15 7 18 0
15 8 1 1468
15 8 2 5582
15 8 3 0
15 8 4 3005
15 8 5 11869
15 8 6 5367
15 8 7 6699
15 8 9 4848
15 8 10 6428
15 8 11 7597
15 8 12 5207
15 8 13 7239
15 8 14 5504
15 8 16 4194
15 8 17 0
15 9 1 6385
15 9 2 5283
15 9 3 10323
15 9 4 6528
15 9 5 4459
15 9 6 5712
15 9 7 2736
15 9 8 3174
15 9 10 6386
15 9 11 9145
15 9 12 2649
15 9 13 10680
15 9 14 2782
15 9 16 11602
15 10 1 2554
15 10 2 8604
15 10 3 0
15 10 4 1561
15 10 5 1562
15 10 6 7947
15 10 7 7286
15 10 8 8220
15 10 9 4281
15 10 11 10038
15 10 12 7198
15 10 13 7214
15 10 14 4116
15 10 16 8159
15 10 17 0
15 10 18 0
15 11 1 3740
15 11 2 5671
15 11 3 5219
15 11 4 3617
15 11 5 4764
15 11 6 7696
15 11 7 2313
15 11 8 2486
15 11 9 8428
15 11 10 7457
15 11 12 7113
15 11 13 5638
15 11 14 9061
15 11 16 1161
15 11 17 0
15 11 18 0
15 12 1 12803
15 12 2 10969
15 12 3 0
15 12 4 4499
15 12 5 5007
15 12 6 9485
15 12 7 5765
15 12 8 3925
15 12 9 10290
15 12 10 1565
15 12 11 5449
15 12 13 6246
15 12 14 8096
15 12 16 6593
15 12 17 335
15 12 18 0
15 13 1 8811
15 13 2 6360
15 13 3 2808
15 13 4 5079
15 13 5 10266
15 13 6 6585
15 13 7 6216
15 13 8 6745
15 13 9 1042
15 13 10 7522
15 13 11 3240
15 13 12 8326
15 13 14 3962
15 13 16 1598
15 13 18 0
15 14 1 4464
15 14 2 7117
15 14 3 6097
15 14 4 4292
15 14 5 4695
15 14 6 0
15 14 7 870
15 14 8 4501
15 14 9 6951
15 14 10 8106
15 14 11 7790
15 14 12 8792
15 14 13 8704
15 14 16 2461
15 14 17 0
15 16 1 4447
15 16 2 1175
15 16 3 7737
15 16 4 6941
15 16 5 3714
15 16 6 10853
15 16 7 6556
15 16 8 2590
15 16 9 8301
15 16 10 4052
15 16 11 2652
15 16 12 6937
15 16 13 8948
15 16 14 8462
15 16 17 1789
15 16 18 0
15 17 1 0
15 17 5 0
15 17 7 0
15 17 8 0
15 17 9 0
15 17 11 0
15 17 12 0
15 17 13 3029
15 17 18 0
15 18 1 0
15 18 4 0
15 18 6 0
15 18 7 0
15 18 8 0
15 18 9 0
15 18 10 1892
15 18 12 0
15 18 13 0
15 18 16 0
15 18 17 10453
16 1 2 0
16 1 3 3912
16 1 4 6509
16 1 5 5884
16 1 6 7474
16 1 7 2435
16 1 8 6222
16 1 9 10445
16 1 10 6479
16 1 11 0
16 1 12 0
16 1 13 4242
16 1 14 11352
16 1 15 3516
16 1 18 0
16 2 1 7048
16 2 3 7272
16 2 4 1934
16 2 5 1249
16 2 6 405
16 2 7 3125
16 2 8 3512
16 2 9 7738
16 2 10 4764
16 2 11 13209
16 2 12 5346
16 2 13 0
16 2 14 5331
16 2 15 20
16 2 17 2389
16 3 1 11619
16 3 2 8991
16 3 4 4760
16 3 5 6240
16 3 6 3729
16 3 7 6002
16 3 8 5598
16 3 9 9551
16 3 10 4288
16 3 11 3454
16 3 12 6827
16 3 13 12890
16 3 14 4607
16 3 15 5779
16 3 17 0
16 3 18 0
16 4 1 7208
16 4 2 4680
16 4 3 2731
16 4 5 2935
16 4 6 1425
16 4 7 5516
16 4 8 0
16 4 9 5300
16 4 10 6874
16 4 11 3938
16 4 12 10744
16 4 13 0
16 4 14 8284
16 4 15 1333
16 4 17 0
16 4 18 0
16 5 1 4646
16 5 2 0
16 5 3 6082
16 5 4 3622
16 5 6 11476
16 5 7 9003
16 5 8 9256
16 5 9 1972
16 5 10 4733
16 5 11 9088
16 5 12 4326
16 5 13 5110
16 5 14 11756
16 5 15 4551
16 5 17 0
16 5 18 0
16 6 1 9786
16 6 2 7139
16 6 3 5884
16 6 4 6001
16 6 5 4000
16 6 7 0
16 6 8 5412
16 6 9 4165
16 6 10 6267
16 6 11 5948
16 6 12 7009
16 6 13 6149
16 6 14 4431
16 6 15 7311
16 6 18 748
16 7 1 8926
16 7 2 3754
16 7 3 0
16 7 4 5828
16 7 5 7938
16 7 6 6956
16 7 8 78
16 7 9 3109
16 7 10 7991
16 7 11 9114
16 7 12 3347
16 7 13 7891
16 7 14 9554
16 7 15 11819
16 7 18 0
16 8 1 4166
16 8 2 0
16 8 3 4016
16 8 4 5236
16 8 5 6683
16 8 6 3250
16 8 7 5715
16 8 9 7129
16 8 10 8896
16 8 11 6030
16 8 12 6482
16 8 13 5584
16 8 14 6967
16 8 15 7424
16 8 17 0
16 8 18 0
16 9 1 4984
16 9 2 1440
16 9 3 3730
16 9 4 2865
16 9 5 6063
16 9 6 6512
16 9 7 7437
16 9 8 5783
16 9 10 5906
16 9 11 5587
16 9 12 10330
16 9 13 2704
16 9 14 8251
16 9 15 9441
16 9 17 0
16 9 18 0
16 10 1 1384
16 10 2 0
16 10 3 9601
16 10 4 6437
16 10 5 4837
16 10 6 2425
16 10 7 4528
16 10 8 9543
16 10 9 2439
16 10 11 2263
16 10 12 6396
16 10 13 6984
16 10 14 5338
16 10 15 8525
16 11 1 1790
16 11 2 3077
16 11 3 0
16 11 4 10060
16 11 5 2354
16 11 6 2284
16 11 7 7710
16 11 8 3432
16 11 9 4574
16 11 10 8014
16 11 12 2639
16 11 13 5733
16 11 14 4142
16 11 15 6835
16 11 17 0
16 11 18 0
16 12 1 7053
16 12 2 2429
16 12 3 5913
16 12 4 6754
16 12 5 2444
16 12 6 7848
16 12 7 318
16 12 8 9735
16 12 9 6611
16 12 10 6562
16 12 11 3269
16 12 13 7747
16 12 14 2922
16 12 15 5738
16 12 17 0
16 13 1 0
16 13 2 2065
16 13 3 7063
16 13 4 8016
16 13 5 1098
16 13 6 7796
16 13 7 1135
16 13 8 6809
16 13 9 5338
16 13 10 9408
16 13 11 13282
16 13 12 5025
16 13 14 2827
16 13 15 7215
16 13 17 4122
16 13 18 0
16 14 1 7072
16 14 2 9646
16 14 3 3703
16 14 4 4963
16 14 5 4666
16 14 6 11394
16 14 7 7009
16 14 8 6391
16 14 9 2477
16 14 10 6482
16 14 11 7057
16 14 12 12075
16 14 13 5172
16 14 15 6983
16 14 17 0
16 15 1 7308
16 15 2 5239
16 15 3 3597
16 15 4 4461
16 15 5 4606
16 15 6 3426
16 15 7 3779
16 15 8 8186
16 15 9 9255
16 15 10 8981
16 15 11 4825
16 15 12 3773
16 15 13 3519
16 15 14 6838
16 15 17 0
16 15 18 5665
16 17 3 1428
16 17 4 0
16 17 5 0
16 17 6 2246
16 17 8 0
16 17 9 0
16 17 10 0
16 17 11 0
16 17 12 119
16 17 13 0
16 17 14 0
16 17 15 0
16 18 2 0
16 18 3 0
16 18 6 0
16 18 8 3200
16 18 10 0
16 18 14 0
16 18 15 0
16 18 17 0
17 1 2 0
17 1 5 0
17 1 6 1208
17 1 7 0
17 1 8 0
17 1 12 0
17 1 13 0
17 1 14 0
17 1 16 70
17 2 3 0
17 2 4 0
17 2 5 0
17 2 8 0
17 2 9 0
17 2 12 0
17 2 13 1491
17 2 15 0
17 2 16 0
17 3 1 0
17 3 2 0
17 3 4 0
17 3 6 0
17 3 8 0
17 3 9 0
17 3 11 0
17 3 12 0
17 3 13 0
17 3 14 3174
17 3 16 0
17 3 18 0
17 4 2 0
17 4 3 0
17 4 5 4114
17 4 6 0
17 4 7 0
17 4 8 2422
17 4 9 0
17 4 10 0
17 4 11 0
17 4 12 0
17 4 16 407
17 5 1 0
17 5 2 0
17 5 4 0
17 5 7 4497
17 5 8 0
17 5 12 0
17 5 14 0
17 5 15 0
17 5 16 0
17 5 18 0
17 6 1 0
17 6 2 0
17 6 3 0
17 6 4 7319
17 6 5 0
17 6 7 0
17 6 8 0
17 6 9 0
17 6 10 0
17 6 11 0
17 6 12 0
17 6 13 0
17 6 15 0
17 6 16 0
17 7 4 0
17 7 5 0
17 7 6 0
17 7 9 0
17 7 10 0
17 7 11 0
17 7 12 0
17 7 13 0
17 7 14 0
17 7 16 0
17 7 18 0
17 7 19 0
17 8 2 3782
17 8 3 0
17 8 4 3290
17 8 6 0
17 8 7 1056
17 8 9 0
17 8 13 0
17 8 14 3598
17 9 1 3122
17 9 2 0
17 9 4 0
17 9 5 0
17 9 6 0
17 9 8 0
17 9 10 0
17 9 11 0
17 9 13 0
17 9 14 0
17 9 15 0
17 9 16 1353
17 10 2 0
17 10 4 0
17 10 7 0
17 10 8 0
17 10 11 0
17 10 12 0
17 10 13 0
17 10 14 2534
17 10 15 0
17 10 16 0
17 10 18 0
17 11 1 0
17 11 2 0
17 11 4 0
17 11 5 0
17 11 6 0
17 11 7 0
17 11 8 0
17 11 10 0
17 11 12 0
17 11 13 0
17 11 14 4884
17 11 15 0
17 11 16 2514
17 11 18 8941
17 12 1 0
17 12 2 0
17 12 3 0
17 12 4 0
17 12 5 0
17 12 7 0
17 12 8 0
17 12 9 0
17 12 10 0
17 12 15 0
17 12 16 0
17 12 18 0
17 13 2 0
17 13 3 0
17 13 4 5187
17 13 5 0
17 13 6 0
17 13 7 0
17 13 10 208
17 13 11 0
17 13 12 2727
17 13 14 0
17 13 15 0
17 13 16 502
17 14 1 0
17 14 3 0
17 14 4 7060
17 14 6 0
17 14 10 5
17 14 11 0
17 14 12 0
17 14 13 817
17 14 15 0
17 15 1 0
17 15 2 0
17 15 5 0
17 15 6 0
17 15 7 0
17 15 8 0
17 15 9 0
17 15 11 0
17 15 12 0
17 15 13 1874
17 15 14 0
17 15 16 1499
17 16 2 0
17 16 4 0
17 16 5 1828
17 16 6 0
17 16 8 0
17 16 9 0
17 16 10 6208
17 16 12 1726
17 16 14 0
17 16 15 0
17 16 18 3576
17 18 1 2779
17 18 2 0
17 18 3 0
17 18 4 0
17 18 8 0
17 18 9 0
17 18 10 1919
17 18 12 906
17 18 14 0
17 18 15 0
17 18 16 0
17 20 5 0
18 1 2 0
18 1 3 0
18 1 4 11337
18 1 5 0
18 1 6 0
18 1 7 0
18 1 9 0
18 1 10 0
18 1 11 0
18 1 12 0
18 1 13 0
18 1 14 0
18 1 17 0
18 2 1 0
18 2 3 7656
18 2 4 0
18 2 5 2463
18 2 6 6220
18 2 7 0
18 2 9 0
18 2 10 0
18 2 11 0
18 2 12 0
18 2 13 0
18 2 14 0
18 2 15 0
18 2 16 0
18 3 1 0
18 3 2 0
18 3 4 0
18 3 6 0
18 3 7 0
18 3 10 0
18 3 11 0
18 3 12 0
18 3 14 386
18 3 16 833
18 4 3 0
18 4 7 5188
18 4 9 0
18 4 10 0
18 4 13 0
18 4 14 0
18 4 15 0
18 5 1 0
18 5 6 0
18 5 7 0
18 5 9 0
18 5 10 0
18 5 13 0
18 5 15 0
18 5 16 0
18 5 17 0
18 6 1 0
18 6 2 0
18 6 3 0
18 6 4 2937
18 6 5 0
18 6 7 3248
18 6 8 2135
18 6 9 2941
18 6 10 0
18 6 11 0
18 6 12 4763
18 6 15 1781
18 6 16 0
18 6 17 0
18 7 2 0
18 7 3 0
18 7 4 0
18 7 6 0
18 7 8 0
18 7 9 2225
18 7 10 0
18 7 11 0
18 7 12 0
18 7 13 0
18 7 14 2628
18 7 16 0
18 7 17 0
18 8 2 0
18 8 3 0
18 8 4 0
18 8 7 0
18 8 10 0
18 8 11 0
18 8 12 0
18 8 14 3754
18 8 15 0
18 8 16 837
18 9 4 0
18 9 6 0
18 9 12 0
18 9 13 0
18 9 15 1327
18 9 16 0
18 9 17 5208
18 10 2 0
18 10 4 0
18 10 5 0
18 10 11 0
18 10 12 0
18 10 15 0
18 10 17 0
18 11 1 0
18 11 3 7070
18 11 4 0
18 11 5 0
18 11 6 3595
18 11 7 0
18 11 8 0
18 11 10 0
18 11 12 0
18 11 13 0
18 11 14 363
18 11 15 0
18 11 16 0
18 12 1 0
18 12 2 0
18 12 7 0
18 12 9 0
18 12 10 0
18 12 11 1311
18 12 13 0
18 12 14 0
18 12 15 0
18 12 16 0
18 13 1 0
18 13 2 0
18 13 3 0
18 13 5 0
18 13 6 0
18 13 10 0
18 13 11 0
18 13 12 0
18 13 14 0
18 13 15 3762
18 14 2 0
18 14 3 0
18 14 7 0
18 14 8 0
18 14 10 0
18 14 12 0
18 14 13 0
18 14 15 0
18 15 1 0
18 15 2 0
18 15 3 0
18 15 4 0
18 15 5 0
18 15 6 0
18 15 7 0
18 15 8 0
18 15 10 0
18 15 11 0
18 15 12 0
18 15 13 0
18 15 14 0
18 15 17 2161
18 16 2 0
18 16 4 0
18 16 5 0
18 16 6 0
18 16 7 0
18 16 8 0
18 16 10 0
18 16 11 0
18 16 12 0
18 16 15 0
18 16 17 0
18 17 2 0
18 17 3 0
18 17 5 0
18 17 9 0
18 17 10 0
18 17 12 0
18 17 13 0
18 17 15 0
18 17 16 0
19 7 2 0
19 11 15 0
19 13 2 0
19 15 16 0
20 8 12 0
20 11 13 0
20 17 9 0
