1 2 3 380
1 2 4 627
1 2 5 556
1 2 6 588
1 3 2 586
1 3 4 620
1 3 5 608
1 3 6 692
1 4 2 592
1 4 3 572
1 4 5 694
1 4 6 646
1 5 2 581
1 5 3 703
1 5 4 1091
1 5 6 818
1 6 2 907
1 6 3 676
1 6 4 811
1 6 5 1098
2 1 3 554
2 1 4 733
2 1 5 860
2 1 6 677
2 3 1 794
2 3 4 1019
2 3 5 901
2 3 6 843
2 4 1 883
2 4 3 714
2 4 5 1106
2 4 6 1110
2 5 1 833
2 5 3 879
2 5 4 1050
2 5 6 1126
2 6 1 799
2 6 3 1250
2 6 4 1169
2 6 5 1155
3 1 2 654
3 1 4 733
3 1 5 914
3 1 6 766
3 2 1 818
3 2 4 905
3 2 5 783
3 2 6 1023
3 4 1 733
3 4 2 920
3 4 5 894
3 4 6 973
3 5 1 1000
3 5 2 1158
3 5 4 1804
3 5 6 1169
3 6 1 1169
3 6 2 1055
3 6 4 1408
3 6 5 1639
4 1 2 797
4 1 3 1070
4 1 5 1000
4 1 6 963
4 2 1 811
4 2 3 1075
4 2 5 961
4 2 6 1171
4 3 1 941
4 3 2 1026
4 3 5 1165
4 3 6 1315
4 5 1 1058
4 5 2 997
4 5 3 1147
4 5 6 1414
4 6 1 1621
4 6 2 1162
4 6 3 1182
4 6 5 1426
5 1 2 800
5 1 3 1275
5 1 4 1184
5 1 6 1075
5 2 1 1240
5 2 3 1188
5 2 4 1374
5 2 6 1438
5 3 1 1104
5 3 2 1364
5 3 4 1305
5 3 6 1704
5 4 1 1306
5 4 2 1964
5 4 3 1252
5 4 6 1340
5 6 1 1258
5 6 2 1457
5 6 3 1776
5 6 4 1664
6 1 2 1015
6 1 3 1024
6 1 4 1100
6 1 5 1205
6 2 1 1464
6 2 3 1444
6 2 4 1531
6 2 5 1518
6 3 1 2157
6 3 2 1406
6 3 4 2077
6 3 5 2305
6 4 1 1484
6 4 2 1758
6 4 3 1687
6 4 5 1714
6 5 1 2355
6 5 2 1911
6 5 3 2274
6 5 4 1454
