1 2 3 487
1 2 4 523
1 2 5 958
1 3 2 268
1 3 4 982
1 3 5 976
1 4 2 381
1 4 3 688
1 4 5 1206
1 5 2 253
1 5 3 566
1 5 4 797
1 5 5 1736
2 1 3 471
2 1 4 755
2 1 5 1108
2 3 1 174
2 3 4 1219
2 3 5 1441
2 4 1 192
2 4 3 1101
2 4 5 2459
2 5 1 152
2 5 3 727
2 5 4 917
2 5 5 3218
3 1 2 419
3 1 4 1184
3 1 5 1337
3 2 1 183
3 2 4 1085
3 2 5 1941
3 4 1 275
3 4 2 1431
3 4 5 3012
3 5 1 320
3 5 2 593
3 5 4 1886
3 5 5 2920
4 1 2 625
4 1 3 967
4 1 5 2186
4 2 1 309
4 2 3 1227
4 2 5 2159
4 3 1 275
4 3 2 713
4 3 5 2027
4 5 1 266
4 5 2 751
4 5 3 1056
4 5 5 2891
5 1 2 531
5 1 3 1083
5 1 4 2219
5 1 5 3061
5 2 1 234
5 2 3 951
5 2 4 1643
5 2 5 2750
5 3 1 371
5 3 2 778
5 3 4 1757
5 3 5 4131
5 4 1 374
5 4 2 845
5 4 3 1488
5 4 5 3936
5 5 1 641
5 5 2 1382
5 5 3 1462
5 5 4 2001
