0 0 1
1 2 67
1 3 105
1 4 126
1 5 178
1 6 168
1 7 277
1 8 412
1 9 491
1 10 696
1 11 1569
1 12 1559
1 13 2515
1 14 3704
1 15 2888
1 16 5877
1 17 7042
1 18 417
2 3 164
2 4 208
2 5 263
2 6 395
2 7 426
2 8 449
2 9 646
2 10 924
2 11 1491
2 12 2061
2 13 2192
2 14 2925
2 15 5024
2 16 5868
2 17 0
2 18 0
3 4 237
3 5 400
3 6 437
3 7 557
3 8 972
3 9 1053
3 10 1952
3 11 1741
3 12 3479
3 13 4413
3 14 5623
3 15 7912
3 16 8375
3 17 6502
3 18 0
4 5 560
4 6 647
4 7 709
4 8 1064
4 9 1664
4 10 1606
4 11 2340
4 12 3994
4 13 6528
4 14 5659
4 15 9883
4 16 8350
4 17 0
4 18 0
4 22 0
5 6 685
5 7 952
5 8 1227
5 9 1638
5 10 1884
5 11 2196
5 12 4436
5 13 5474
5 14 6412
5 15 5634
5 16 6701
5 17 0
5 18 0
5 22 0
6 6 0
6 7 1181
6 8 1369
6 9 2014
6 10 2148
6 11 3557
6 12 4555
6 13 4846
6 14 6557
6 15 6009
6 16 6419
6 17 0
6 18 0
7 7 0
7 8 1679
7 9 1843
7 10 2586
7 11 3338
7 12 5152
7 13 4440
7 14 7124
7 15 6447
7 16 3509
7 17 1654
7 18 0
8 9 5045
8 10 4049
8 11 4152
8 12 4699
8 13 8019
8 14 7537
8 15 4710
8 16 3170
8 17 0
8 18 0
9 10 4120
9 11 4230
9 12 7397
9 13 5584
9 14 8304
9 15 5590
9 16 0
9 17 0
9 18 0
10 11 5368
10 12 5542
10 13 6554
10 14 7805
10 15 8213
10 16 0
10 17 0
10 18 7109
10 20 0
11 12 8026
11 13 5472
11 14 4629
11 15 6019
11 16 3679
11 17 0
11 18 0
12 13 12236
12 14 5622
12 15 6553
12 16 8752
12 17 0
12 18 0
13 14 8709
13 15 4378
13 16 0
13 17 647
14 15 0
14 16 0
14 17 0
14 20 0
15 16 0
15 17 0
17 18 0
