0 0 1
1 2 81
1 3 99
1 4 128
1 5 144
1 6 220
1 7 301
1 8 377
1 9 363
1 10 582
1 11 1503
1 12 1117
1 13 1742
1 14 3421
1 15 3473
1 16 3495
1 17 2921
1 18 4470
2 3 170
2 4 191
2 5 295
2 6 340
2 7 407
2 8 416
2 9 597
2 10 1146
2 11 1002
2 12 1511
2 13 3247
2 14 3293
2 15 5325
2 16 4335
2 17 1243
2 18 6045
3 4 255
3 5 317
3 6 381
3 7 462
3 8 608
3 9 937
3 10 1270
3 11 2423
3 12 1564
3 13 3339
3 14 4120
3 15 3504
3 16 9143
3 17 1736
3 18 653
4 5 535
4 6 489
4 7 499
4 8 771
4 9 875
4 10 1648
4 11 3038
4 12 2544
4 13 4160
4 14 7386
4 15 5530
4 16 11285
4 17 1380
4 18 0
4 22 0
5 6 624
5 7 794
5 8 1074
5 9 1397
5 10 2718
5 11 2720
5 12 3334
5 13 6650
5 14 4265
5 15 10732
5 16 8765
5 17 7588
5 18 0
5 22 0
6 6 0
6 7 975
6 8 1054
6 9 1557
6 10 1697
6 11 2981
6 12 2956
6 13 5336
6 14 4176
6 15 7811
6 16 6127
6 17 2829
6 18 0
7 7 0
7 8 1637
7 9 2606
7 10 2413
7 11 3925
7 12 3262
7 13 3595
7 14 5653
7 15 6023
7 16 9440
7 17 552
7 18 0
8 9 1812
8 10 2664
8 11 2962
8 12 4382
8 13 10809
8 14 7201
8 15 5759
8 16 4889
8 17 4070
8 18 0
9 10 2621
9 11 4090
9 12 4515
9 13 4276
9 14 6577
9 15 10616
9 16 7496
9 17 2705
9 18 0
10 11 4692
10 12 4035
10 13 8766
10 14 9347
10 15 4068
10 16 2524
10 17 450
10 18 0
10 20 0
11 12 10312
11 13 8252
11 14 7451
11 15 4168
11 16 8513
11 17 0
11 18 291
12 13 8753
12 14 8586
12 15 6388
12 16 5828
12 17 0
12 18 0
13 14 3068
13 15 231
13 16 5204
13 17 0
14 15 3373
14 16 0
14 17 0
14 20 0
15 16 6347
15 17 0
17 18 0
