0 0 1
1 2 202
1 3 155
1 4 149
1 5 231
1 6 299
1 7 294
1 8 410
1 9 700
1 10 817
1 11 996
1 12 1776
1 13 2750
1 14 3263
1 15 3391
1 16 6796
1 17 2169
1 18 2127
2 3 133
2 4 192
2 5 222
2 6 266
2 7 325
2 8 372
2 9 542
2 10 745
2 11 1248
2 12 1989
2 13 2009
2 14 2601
2 15 4617
2 16 4677
2 17 4387
2 18 7231
3 4 204
3 5 226
3 6 295
3 7 538
3 8 549
3 9 666
3 10 727
3 11 1873
3 12 2189
3 13 2065
3 14 2356
3 15 2894
3 16 4183
3 17 7588
3 18 2283
4 5 294
4 6 311
4 7 377
4 8 678
4 9 723
4 10 753
4 11 1224
4 12 1507
4 13 2999
4 14 3637
4 15 5013
4 16 4944
4 17 3669
4 18 0
4 22 0
5 6 385
5 7 620
5 8 767
5 9 965
5 10 1492
5 11 1348
5 12 3108
5 13 4553
5 14 4871
5 15 4874
5 16 6849
5 17 2381
5 18 0
5 22 0
6 6 0
6 7 659
6 8 936
6 9 997
6 10 1148
6 11 2974
6 12 2503
6 13 2882
6 14 3898
6 15 6021
6 16 9493
6 17 6203
6 18 0
7 7 0
7 8 1004
7 9 1494
7 10 1665
7 11 2413
7 12 3125
7 13 3457
7 14 4988
7 15 5560
7 16 10705
7 17 859
7 18 0
8 9 1614
8 10 2049
8 11 2866
8 12 2894
8 13 5292
8 14 5304
8 15 5020
8 16 8613
8 17 0
8 18 30
9 10 1849
9 11 3299
9 12 4229
9 13 3705
9 14 4975
9 15 6532
9 16 4482
9 17 0
9 18 2606
10 11 3169
10 12 4570
10 13 5568
10 14 5971
10 15 9362
10 16 5096
10 17 0
10 18 0
10 20 0
11 12 3436
11 13 4775
11 14 6667
11 15 6239
11 16 4235
11 17 0
11 18 1696
12 13 5468
12 14 6539
12 15 5473
12 16 4121
12 17 0
12 18 0
13 14 9455
13 15 7551
13 16 4643
13 17 6987
14 15 7593
14 16 7543
14 17 8883
14 20 0
15 16 0
15 17 0
17 18 0
