0 0 1
1 2 127
1 3 126
1 4 175
1 5 217
1 6 263
1 7 398
1 8 433
1 9 624
1 10 877
1 11 1868
1 12 1577
1 13 4326
1 14 3704
1 15 2888
1 16 5877
1 17 7042
1 18 0
2 1 120
2 3 290
2 4 338
2 5 483
2 6 664
2 7 865
2 8 779
2 9 921
2 10 1365
2 11 2020
2 12 2770
2 13 2668
2 14 4968
2 15 3812
2 16 6008
2 17 0
2 18 0
3 1 195
3 2 239
3 4 447
3 5 575
3 6 709
3 7 912
3 8 1586
3 9 1465
3 10 2247
3 11 2445
3 12 3694
3 13 4592
3 14 5624
3 15 10072
3 16 5380
3 17 6502
3 18 0
4 1 316
4 2 401
4 3 503
4 5 866
4 6 812
4 7 1389
4 8 1551
4 9 2117
4 10 2496
4 11 3542
4 12 3413
4 13 8673
4 14 11635
4 15 9883
4 16 8350
4 17 0
4 18 0
4 22 0
5 1 496
5 2 628
5 3 589
5 4 691
5 6 1347
5 7 1931
5 8 1986
5 9 2157
5 10 3567
5 11 3968
5 12 6513
5 13 7498
5 14 4127
5 15 7177
5 16 4755
5 17 0
5 18 0
6 1 520
6 2 697
6 3 1275
6 4 1097
6 5 1422
6 6 0
6 7 1905
6 8 3152
6 9 3282
6 10 3735
6 11 3576
6 12 5290
6 13 4749
6 14 6879
6 15 7811
6 16 2817
6 17 0
6 18 0
7 1 664
7 2 1220
7 3 1063
7 4 1381
7 5 2197
7 6 1779
7 7 0
7 8 2228
7 9 2450
7 10 5013
7 11 4291
7 12 7481
7 13 5519
7 14 7914
7 15 7866
7 16 3509
7 17 1654
7 18 0
8 1 1065
8 2 1117
8 3 1543
8 4 2661
8 5 2900
8 6 3237
8 7 3065
8 9 4650
8 10 8120
8 11 5054
8 12 6961
8 13 6408
8 14 7869
8 15 4710
8 16 2061
8 17 0
8 18 0
9 1 1394
9 2 1983
9 3 2379
9 4 4536
9 5 3123
9 6 3617
9 7 4245
9 8 5356
9 10 5900
9 11 5889
9 12 8479
9 13 5584
9 14 10128
9 15 6767
9 16 0
9 17 0
9 18 0
10 1 1578
10 2 3400
10 3 2486
10 4 3098
10 5 5018
10 6 3860
10 7 5174
10 8 5326
10 9 7453
10 11 4345
10 12 9255
10 13 5826
10 14 7805
10 15 8213
10 16 0
10 17 0
10 18 7109
11 1 2187
11 2 2517
11 3 4259
11 4 4880
11 5 5205
11 6 5268
11 7 7083
11 8 5761
11 9 4844
11 10 6363
11 12 5662
11 13 6499
11 14 4629
11 15 0
11 16 3679
11 17 0
11 18 0
12 1 3040
12 2 4746
12 3 3421
12 4 4250
12 5 6589
12 6 6936
12 7 7963
12 8 6465
12 9 9479
12 10 2371
12 11 8448
12 13 267
12 14 5622
12 15 0
12 16 8752
12 17 0
12 18 0
13 1 3620
13 2 4445
13 3 6254
13 4 8138
13 5 6255
13 6 4846
13 7 6186
13 8 4593
13 9 5158
13 10 6696
13 11 10483
13 12 12236
13 14 1051
13 15 4378
13 16 0
13 17 612
14 1 7465
14 2 5892
14 3 6901
14 4 4486
14 5 8605
14 6 4749
14 7 7098
14 8 7871
14 9 8304
14 10 0
14 11 3234
14 12 4918
14 13 0
14 15 0
14 16 0
14 17 0
15 1 7405
15 2 10000
15 3 2838
15 4 13139
15 5 8799
15 6 3302
15 7 12612
15 8 636
15 9 7818
15 10 4072
15 11 0
15 12 6553
15 13 0
15 14 0
15 16 0
15 17 0
16 1 2217
16 2 7392
16 3 8375
16 4 6709
16 5 6701
16 6 50
16 7 3151
16 8 3170
16 9 0
16 10 0
16 11 0
16 12 0
16 13 0
16 14 0
16 15 0
17 1 2302
17 2 0
17 3 0
17 4 0
17 5 0
17 6 0
17 7 0
17 8 0
17 9 0
17 10 0
17 11 0
17 12 0
17 13 0
17 15 0
17 18 0
18 1 0
18 2 0
18 3 0
18 4 0
18 5 0
18 6 0
18 8 0
18 9 0
18 10 0
18 11 0
18 12 0
18 17 0
20 10 0
20 14 0
22 5 0
