0 0 1
1 2 126
1 3 140
1 4 175
1 5 206
1 6 220
1 7 374
1 8 412
1 9 538
1 10 620
1 11 1503
1 12 1117
1 13 2179
1 14 3421
1 15 3473
1 16 4428
1 17 4387
1 18 4470
2 1 267
2 3 339
2 4 265
2 5 410
2 6 413
2 7 695
2 8 611
2 9 911
2 10 1277
2 11 1401
2 12 1991
2 13 3247
2 14 3708
2 15 5093
2 16 5770
2 17 2071
2 18 6045
3 1 362
3 2 287
3 4 382
3 5 464
3 6 611
3 7 748
3 8 1041
3 9 1074
3 10 1270
3 11 2437
3 12 2652
3 13 4220
3 14 4120
3 15 3681
3 16 9143
3 17 1736
3 18 653
4 1 466
4 2 472
4 3 592
4 5 781
4 6 931
4 7 1042
4 8 994
4 9 1624
4 10 2025
4 11 3038
4 12 3291
4 13 3157
4 14 7386
4 15 6987
4 16 11285
4 17 1380
4 18 0
4 22 0
5 1 515
5 2 671
5 3 739
5 4 815
5 6 897
5 7 1157
5 8 2183
5 9 3335
5 10 4129
5 11 2736
5 12 3334
5 13 6702
5 14 6015
5 15 10732
5 16 8765
5 17 7588
5 18 0
6 1 641
6 2 697
6 3 878
6 4 1403
6 5 1175
6 6 0
6 7 1818
6 8 1638
6 9 2047
6 10 2693
6 11 5027
6 12 2981
6 13 5340
6 14 4176
6 15 7811
6 16 6127
6 17 2829
6 18 0
7 1 886
7 2 1055
7 3 1170
7 4 1090
7 5 1845
7 6 1698
7 7 0
7 8 2179
7 9 2849
7 10 3894
7 11 3925
7 12 7026
7 13 4708
7 14 5653
7 15 5746
7 16 9440
7 17 0
7 18 0
8 1 1256
8 2 1428
8 3 1506
8 4 2572
8 5 2912
8 6 1699
8 7 2605
8 9 2896
8 10 3962
8 11 3671
8 12 6512
8 13 11838
8 14 6937
8 15 6377
8 16 4889
8 17 0
8 18 0
9 1 1375
9 2 1623
9 3 1790
9 4 3132
9 5 3756
9 6 3153
9 7 2735
9 8 5135
9 10 5150
9 11 4726
9 12 5911
9 13 9917
9 14 6577
9 15 13148
9 16 0
9 17 2705
9 18 0
10 1 1950
10 2 2610
10 3 2693
10 4 3145
10 5 3060
10 6 4395
10 7 6764
10 8 4007
10 9 3988
10 11 10236
10 12 9245
10 13 7828
10 14 11635
10 15 1216
10 16 2524
10 17 0
10 18 0
11 1 4545
11 2 5941
11 3 3825
11 4 3543
11 5 4846
11 6 5146
11 7 6075
11 8 4270
11 9 7736
11 10 5106
11 12 3961
11 13 8252
11 14 5952
11 15 4168
11 16 8513
11 17 0
11 18 0
12 1 4900
12 2 3410
12 3 5421
12 4 4192
12 5 10856
12 6 6791
12 7 7419
12 8 5994
12 9 3507
12 10 6029
12 11 11556
12 13 4559
12 14 9353
12 15 596
12 16 5828
12 17 0
12 18 0
13 1 3947
13 2 13282
13 3 5082
13 4 7263
13 5 3489
13 6 11539
13 7 8136
13 8 2627
13 9 6157
13 10 4217
13 11 10034
13 12 8753
13 14 4357
13 15 0
13 16 0
13 17 0
14 1 5320
14 2 5673
14 3 5956
14 4 8042
14 5 7936
14 6 4064
14 7 11661
14 8 7201
14 9 4128
14 10 4665
14 11 7451
14 12 4720
14 13 2998
14 15 3373
14 16 0
14 17 0
15 1 9093
15 2 7491
15 3 5359
15 4 5276
15 5 6936
15 6 7688
15 7 9475
15 8 5187
15 9 5476
15 10 4068
15 11 0
15 12 6388
15 13 231
15 14 0
15 16 0
15 17 0
16 1 3257
16 2 3650
16 3 0
16 4 2607
16 5 3727
16 6 0
16 7 3492
16 8 271
16 9 0
16 10 0
16 11 0
16 12 0
16 13 5204
16 14 0
16 15 0
17 1 1582
17 2 0
17 3 0
17 4 0
17 5 0
17 6 0
17 7 0
17 8 0
17 9 0
17 10 450
17 11 0
17 12 0
17 13 0
17 15 0
17 18 0
18 1 0
18 2 0
18 3 0
18 4 0
18 5 0
18 6 0
18 8 0
18 9 0
18 10 0
18 11 0
18 12 0
18 17 0
20 10 0
20 14 0
22 5 0
