0 0 1
1 2 29
1 3 46
1 4 54
1 5 65
1 6 74
1 7 94
1 8 125
1 9 219
1 10 269
1 11 601
1 12 694
1 13 1217
1 14 1211
1 15 2059
1 16 3252
1 17 7026
1 18 2383
2 3 53
2 4 68
2 5 83
2 6 103
2 7 141
2 8 207
2 9 276
2 10 389
2 11 497
2 12 877
2 13 2009
2 14 1753
2 15 2523
2 16 3619
2 17 7026
2 18 4599
3 4 93
3 5 98
3 6 141
3 7 188
3 8 216
3 9 348
3 10 461
3 11 812
3 12 978
3 13 1302
3 14 1572
3 15 2314
3 16 5787
3 17 5035
3 18 3098
4 5 127
4 6 188
4 7 191
4 8 314
4 9 427
4 10 548
4 11 807
4 12 984
4 13 1527
4 14 2388
4 15 3055
4 16 5191
4 17 3669
4 18 584
4 22 0
5 6 235
5 7 348
5 8 399
5 9 576
5 10 780
5 11 662
5 12 1290
5 13 2531
5 14 3542
5 15 3388
5 16 5524
5 17 6502
5 18 4599
5 22 0
6 6 0
6 7 325
6 8 429
6 9 710
6 10 619
6 11 1114
6 12 1340
6 13 2287
6 14 3025
6 15 2682
6 16 6686
6 17 2829
6 18 8117
7 7 0
7 8 567
7 9 628
7 10 846
7 11 1641
7 12 1709
7 13 2850
7 14 2491
7 15 3925
7 16 9440
7 17 8886
7 18 2740
8 9 798
8 10 1385
8 11 1279
8 12 2005
8 13 3318
8 14 3874
8 15 5100
8 16 4132
8 17 5139
8 18 30
9 10 1000
9 11 1801
9 12 1854
9 13 4194
9 14 4975
9 15 5098
9 16 7496
9 17 2705
9 18 2606
10 11 1779
10 12 2701
10 13 3371
10 14 5303
10 15 5993
10 16 4961
10 17 450
10 18 7109
10 20 0
11 12 2386
11 13 4694
11 14 4513
11 15 5466
11 16 7613
11 17 2370
11 18 11553
12 13 7945
12 14 8586
12 15 6510
12 16 7409
12 17 0
12 18 0
13 14 7850
13 15 7551
13 16 5226
13 17 4340
14 15 7593
14 16 9233
14 17 8883
14 20 0
15 16 6347
15 17 2926
17 18 6618
