0 0 0 1
1 2 3 360
1 2 4 489
1 2 5 587
1 2 6 1196
1 2 7 758
1 2 8 1239
1 2 9 1823
1 2 10 2108
1 2 11 2844
1 2 12 3548
1 2 13 4350
1 2 14 5290
1 2 15 6039
1 2 16 7592
1 2 17 4387
1 2 18 0
1 3 2 406
1 3 4 674
1 3 5 792
1 3 6 922
1 3 7 1115
1 3 8 1459
1 3 9 2392
1 3 10 2789
1 3 11 4538
1 3 12 3006
1 3 13 3643
1 3 14 4822
1 3 15 4781
1 3 16 6450
1 3 17 0
1 3 18 0
1 4 2 804
1 4 3 618
1 4 5 1503
1 4 6 1652
1 4 7 1836
1 4 8 2148
1 4 9 2117
1 4 10 2184
1 4 11 6029
1 4 12 5154
1 4 13 4832
1 4 14 6835
1 4 15 8718
1 4 16 3398
1 5 2 787
1 5 3 1151
1 5 4 1122
1 5 6 1666
1 5 7 1679
1 5 8 2091
1 5 9 3484
1 5 10 3474
1 5 11 3250
1 5 12 5609
1 5 13 3858
1 5 14 9034
1 5 15 4135
1 5 16 7227
1 5 17 0
1 6 2 983
1 6 3 1049
1 6 4 1594
1 6 5 1332
1 6 7 2501
1 6 8 2210
1 6 9 3431
1 6 10 3003
1 6 11 12046
1 6 12 3560
1 6 13 7343
1 6 14 8223
1 6 15 8374
1 6 16 8391
1 7 2 1734
1 7 3 1646
1 7 4 1680
1 7 5 2081
1 7 6 2087
1 7 8 3590
1 7 9 3924
1 7 10 6114
1 7 11 9546
1 7 12 9601
1 7 13 5054
1 7 14 2829
1 7 15 6822
1 7 16 0
1 8 2 1568
1 8 3 2434
1 8 4 2391
1 8 5 3134
1 8 6 2675
1 8 7 3473
1 8 9 3924
1 8 10 5297
1 8 11 7370
1 8 12 6584
1 8 13 7272
1 8 14 7184
1 8 15 8667
1 8 16 0
1 8 17 0
1 8 18 0
1 9 2 2197
1 9 3 4944
1 9 4 2585
1 9 5 2913
1 9 6 3134
1 9 7 3651
1 9 8 5948
1 9 10 4214
1 9 11 5990
1 9 12 5044
1 9 13 2764
1 9 14 4754
1 9 15 6863
1 9 16 0
1 9 17 0
1 9 18 0
1 10 2 3459
1 10 3 3774
1 10 4 4511
1 10 5 5257
1 10 6 5870
1 10 7 4191
1 10 8 8093
1 10 9 6045
1 10 11 9243
1 10 12 8928
1 10 13 7306
1 10 14 11427
1 10 15 9016
1 10 16 3996
1 11 2 5939
1 11 3 6630
1 11 4 4777
1 11 5 5990
1 11 6 7365
1 11 7 5473
1 11 8 4648
1 11 9 6482
1 11 10 10496
1 11 12 6694
1 11 13 2575
1 11 14 10192
1 11 15 0
1 11 16 0
1 11 17 0
1 11 18 0
1 12 2 4980
1 12 3 5388
1 12 4 8768
1 12 5 3312
1 12 6 7299
1 12 7 7280
1 12 8 6701
1 12 9 6436
1 12 10 4303
1 12 11 8667
1 12 13 10084
1 12 14 6539
1 12 15 0
1 12 16 0
1 13 2 4926
1 13 3 8268
1 13 4 9065
1 13 5 1916
1 13 6 6082
1 13 7 5344
1 13 8 6008
1 13 9 6159
1 13 10 1836
1 13 11 8389
1 13 12 5845
1 13 15 1306
1 13 16 0
1 14 2 6487
1 14 3 9457
1 14 4 5521
1 14 5 9466
1 14 6 3636
1 14 7 3485
1 14 8 8873
1 14 9 12778
1 14 10 3225
1 14 11 4110
1 14 12 5920
1 14 15 0
1 14 16 0
1 14 17 0
1 15 2 6971
1 15 3 10336
1 15 4 457
1 15 5 0
1 15 6 7735
1 15 7 5606
1 15 8 4975
1 15 9 0
1 15 10 0
1 15 11 4796
1 15 12 0
1 15 14 0
1 16 2 5585
1 16 3 8229
1 16 4 0
1 16 5 6436
1 16 6 0
1 16 7 0
1 16 8 0
1 16 9 0
1 16 10 0
1 16 11 0
1 16 12 0
1 16 13 0
1 16 15 0
1 17 2 0
1 17 3 0
1 17 4 0
1 17 12 0
1 17 13 0
1 17 15 0
1 18 4 0
1 18 11 0
2 1 3 396
2 1 4 507
2 1 5 765
2 1 6 911
2 1 7 1531
2 1 8 1324
2 1 9 1991
2 1 10 2672
2 1 11 2858
2 1 12 4354
2 1 13 4210
2 1 14 6547
2 1 15 6786
2 1 16 5343
2 3 1 724
2 3 4 974
2 3 5 1310
2 3 6 2042
2 3 7 1679
2 3 8 2390
2 3 9 3123
2 3 10 3413
2 3 11 6068
2 3 12 9583
2 3 13 6448
2 3 14 8201
2 3 15 3174
2 3 16 0
2 3 17 768
2 3 18 0
2 4 1 811
2 4 3 1056
2 4 5 2606
2 4 6 2490
2 4 7 2745
2 4 8 5853
2 4 9 4653
2 4 10 5907
2 4 11 5322
2 4 12 6526
2 4 13 4659
2 4 14 6600
2 4 15 5244
2 4 16 1696
2 4 17 0
2 4 18 0
2 5 1 1114
2 5 3 2143
2 5 4 2262
2 5 6 4027
2 5 7 6652
2 5 8 2597
2 5 9 3469
2 5 10 5207
2 5 11 5566
2 5 12 5659
2 5 13 7782
2 5 14 5526
2 5 15 2184
2 5 16 1371
2 5 18 0
2 6 1 1788
2 6 3 2329
2 6 4 3268
2 6 5 3948
2 6 7 3918
2 6 8 5015
2 6 9 9457
2 6 10 6422
2 6 11 8104
2 6 12 5787
2 6 13 5834
2 6 14 11825
2 6 15 0
2 6 16 0
2 6 18 0
2 7 1 1685
2 7 3 2632
2 7 4 2871
2 7 5 3248
2 7 6 5658
2 7 8 8925
2 7 9 6965
2 7 10 8951
2 7 11 2882
2 7 12 9193
2 7 13 11911
2 7 14 8255
2 7 15 0
2 7 16 0
2 7 17 0
2 8 1 2582
2 8 3 3445
2 8 4 3572
2 8 5 4587
2 8 6 3371
2 8 7 5250
2 8 9 5363
2 8 10 10190
2 8 11 6091
2 8 12 3132
2 8 13 0
2 8 14 6740
2 8 15 5830
2 8 16 0
2 8 17 0
2 9 1 3003
2 9 3 5005
2 9 4 4816
2 9 5 5212
2 9 6 5772
2 9 7 5436
2 9 8 5807
2 9 10 5439
2 9 11 10410
2 9 12 11285
2 9 13 9704
2 9 14 3042
2 9 15 7650
2 10 1 3713
2 10 3 6367
2 10 4 9545
2 10 5 4903
2 10 6 6651
2 10 7 7277
2 10 8 9838
2 10 9 6491
2 10 11 5071
2 10 12 7956
2 10 13 4652
2 10 14 0
2 11 1 4844
2 11 3 4041
2 11 4 6341
2 11 5 4513
2 11 6 7525
2 11 7 7330
2 11 8 4535
2 11 9 4004
2 11 10 7078
2 11 12 6714
2 11 13 3129
2 11 14 0
2 11 15 0
2 11 16 0
2 11 17 0
2 12 1 10843
2 12 3 7501
2 12 4 7273
2 12 5 8006
2 12 6 4566
2 12 7 10038
2 12 8 3074
2 12 9 4723
2 12 10 5398
2 12 11 3820
2 12 13 0
2 12 14 1208
2 12 17 0
2 13 1 4956
2 13 3 8281
2 13 4 5703
2 13 5 6504
2 13 6 7806
2 13 7 6577
2 13 8 7545
2 13 9 6217
2 13 10 447
2 13 11 8700
2 13 12 4554
2 13 14 0
2 13 15 0
2 13 16 0
2 14 1 4006
2 14 3 2300
2 14 4 3231
2 14 5 911
2 14 6 1375
2 14 7 3006
2 14 8 0
2 14 9 1684
2 14 10 0
2 14 11 4198
2 14 12 0
2 14 13 0
2 14 16 0
2 14 17 0
2 15 1 4672
2 15 3 10192
2 15 4 0
2 15 5 2607
2 15 6 158
2 15 7 254
2 15 8 0
2 15 9 0
2 15 10 0
2 15 11 0
2 15 12 1018
2 15 14 0
2 16 1 6234
2 16 3 0
2 16 4 0
2 16 5 0
2 16 8 0
2 16 9 0
2 16 10 0
2 16 11 0
2 16 12 4121
2 17 4 0
2 17 6 0
2 18 9 0
3 1 2 717
3 1 4 1050
3 1 5 1378
3 1 6 1873
3 1 7 1807
3 1 8 2964
3 1 9 3391
3 1 10 2890
3 1 11 3839
3 1 12 5608
3 1 13 7155
3 1 14 6215
3 1 15 7134
3 1 16 2937
3 1 18 0
3 2 1 812
3 2 4 1379
3 2 5 1885
3 2 6 2890
3 2 7 2096
3 2 8 2683
3 2 9 4519
3 2 10 3800
3 2 11 9057
3 2 12 4847
3 2 13 9267
3 2 14 6767
3 2 15 7032
3 2 16 10381
3 2 17 46
3 2 18 0
3 4 1 1249
3 4 2 1931
3 4 5 2449
3 4 6 3034
3 4 7 6413
3 4 8 3640
3 4 9 4925
3 4 10 8224
3 4 11 5078
3 4 12 5066
3 4 13 4318
3 4 14 3012
3 4 15 2866
3 4 16 0
3 4 17 0
3 5 1 1404
3 5 2 1659
3 5 4 2247
3 5 6 2169
3 5 7 5948
3 5 8 4956
3 5 9 4994
3 5 10 5026
3 5 11 7700
3 5 12 9963
3 5 13 8687
3 5 14 2818
3 5 15 414
3 5 16 0
3 5 17 0
3 6 1 2696
3 6 2 2716
3 6 4 3857
3 6 5 3955
3 6 7 5359
3 6 8 5248
3 6 9 6166
3 6 10 10021
3 6 11 8246
3 6 12 4594
3 6 13 2299
3 6 14 9223
3 6 15 0
3 6 16 0
3 6 17 0
3 7 1 3209
3 7 2 3222
3 7 4 4973
3 7 5 8593
3 7 6 3795
3 7 8 7783
3 7 9 6245
3 7 10 7656
3 7 11 9252
3 7 12 7246
3 7 13 5710
3 7 14 0
3 7 15 6318
3 7 16 0
3 7 17 0
3 7 18 0
3 8 1 3856
3 8 2 4387
3 8 4 5549
3 8 5 4778
3 8 6 6042
3 8 7 8874
3 8 9 9337
3 8 10 7361
3 8 11 6684
3 8 12 4027
3 8 13 0
3 8 15 0
3 8 16 0
3 9 1 5723
3 9 2 4586
3 9 4 3872
3 9 5 6917
3 9 6 3975
3 9 7 7539
3 9 8 6467
3 9 10 10714
3 9 11 6588
3 9 12 9479
3 9 13 10417
3 9 14 2825
3 9 15 6545
3 10 1 6567
3 10 2 8127
3 10 4 7284
3 10 5 7961
3 10 6 5073
3 10 7 7060
3 10 8 7780
3 10 9 5997
3 10 11 1863
3 10 12 2664
3 10 13 0
3 10 14 0
3 10 15 0
3 10 16 0
3 10 18 0
3 11 1 7535
3 11 2 6251
3 11 4 3771
3 11 5 6792
3 11 6 10886
3 11 7 8231
3 11 8 9838
3 11 9 9639
3 11 10 10004
3 11 12 1327
3 11 13 5764
3 11 14 0
3 12 1 6052
3 12 2 7318
3 12 4 9904
3 12 5 3598
3 12 6 9290
3 12 7 4233
3 12 8 7911
3 12 9 10663
3 12 10 6440
3 12 11 6513
3 12 13 0
3 12 14 0
3 13 1 4413
3 13 2 9004
3 13 4 3699
3 13 5 6776
3 13 6 5396
3 13 7 0
3 13 8 0
3 13 9 0
3 13 10 0
3 13 11 4223
3 13 12 0
3 13 14 9238
3 13 15 0
3 13 16 0
3 13 17 0
3 14 1 3708
3 14 2 6295
3 14 4 7380
3 14 5 11700
3 14 6 0
3 14 7 0
3 14 9 0
3 14 11 0
3 14 12 0
3 14 13 0
3 15 1 7912
3 15 2 6127
3 15 4 2276
3 15 5 0
3 15 6 0
3 15 7 0
3 15 8 0
3 15 9 0
3 15 10 0
3 15 11 0
3 15 12 0
3 15 13 0
3 15 14 0
3 16 1 0
3 16 2 0
3 16 4 0
3 16 5 0
3 16 6 876
3 16 7 0
3 16 13 0
3 16 15 0
3 17 1 0
3 17 2 0
3 17 6 0
3 17 15 0
4 1 2 803
4 1 3 1160
4 1 5 2075
4 1 6 2230
4 1 7 1891
4 1 8 5700
4 1 9 5797
4 1 10 3332
4 1 11 6069
4 1 12 4373
4 1 13 6293
4 1 14 9653
4 1 15 4428
4 1 16 0
4 1 17 0
4 2 1 1317
4 2 3 2039
4 2 5 2006
4 2 6 2399
4 2 7 3294
4 2 8 3704
4 2 9 7281
4 2 10 6281
4 2 11 5301
4 2 12 7317
4 2 13 5913
4 2 14 7122
4 2 15 1303
4 2 16 0
4 2 18 0
4 3 1 1162
4 3 2 1600
4 3 5 3556
4 3 6 3615
4 3 7 4329
4 3 8 5201
4 3 9 3309
4 3 10 4198
4 3 11 8346
4 3 12 4096
4 3 13 11371
4 3 14 5312
4 3 15 5495
4 3 16 0
4 5 1 2026
4 5 2 2877
4 5 3 4012
4 5 6 6428
4 5 7 4166
4 5 8 5474
4 5 9 7182
4 5 10 10631
4 5 11 4691
4 5 12 4634
4 5 13 11472
4 5 14 0
4 5 15 0
4 5 16 0
4 5 17 0
4 6 1 3064
4 6 2 2950
4 6 3 4033
4 6 5 4835
4 6 7 6146
4 6 8 7755
4 6 9 7251
4 6 10 6693
4 6 11 4172
4 6 12 7197
4 6 13 0
4 6 14 0
4 6 15 2145
4 6 16 0
4 7 1 2980
4 7 2 4391
4 7 3 5091
4 7 5 4079
4 7 6 5392
4 7 8 9964
4 7 9 8274
4 7 10 3669
4 7 11 6806
4 7 12 566
4 7 13 5590
4 7 14 0
4 7 15 0
4 7 16 0
4 8 1 4939
4 8 2 4926
4 8 3 3904
4 8 5 6346
4 8 6 8259
4 8 7 6498
4 8 9 10908
4 8 10 3251
4 8 11 10662
4 8 12 0
4 8 13 2043
4 8 14 0
4 8 15 6692
4 8 16 0
4 9 1 5131
4 9 2 8427
4 9 3 7060
4 9 5 7148
4 9 6 6260
4 9 7 11157
4 9 8 5464
4 9 10 8874
4 9 11 10964
4 9 12 0
4 9 13 0
4 9 14 1316
4 9 15 0
4 9 16 0
4 10 1 4130
4 10 2 8372
4 10 3 9048
4 10 5 10501
4 10 6 7872
4 10 7 10494
4 10 8 8894
4 10 9 7518
4 10 11 3597
4 10 12 0
4 10 13 3188
4 10 14 0
4 10 15 0
4 11 1 10199
4 11 2 5927
4 11 3 6265
4 11 5 7484
4 11 6 6887
4 11 7 5893
4 11 8 253
4 11 9 0
4 11 10 4506
4 11 12 3087
4 11 13 0
4 11 16 0
4 12 1 8786
4 12 2 5122
4 12 3 579
4 12 5 3671
4 12 6 2028
4 12 7 4509
4 12 8 1156
4 12 9 8324
4 12 10 3671
4 12 11 0
4 12 13 0
4 12 14 0
4 12 15 0
4 13 1 4744
4 13 2 2543
4 13 3 5219
4 13 5 0
4 13 6 0
4 13 7 5436
4 13 8 8785
4 13 9 0
4 13 10 0
4 13 11 0
4 13 15 0
4 13 16 0
4 14 1 3647
4 14 2 3631
4 14 3 1215
4 14 5 11090
4 14 6 2599
4 14 7 0
4 14 8 0
4 14 9 0
4 14 10 0
4 14 11 0
4 14 12 0
4 14 13 0
4 15 1 0
4 15 2 1811
4 15 3 2782
4 15 5 0
4 15 6 0
4 15 7 0
4 15 8 0
4 15 9 0
4 15 10 0
4 15 11 0
4 16 1 8350
4 16 2 0
4 16 3 0
4 16 6 0
4 16 7 0
4 16 9 0
4 16 10 0
4 16 13 0
4 16 14 0
4 18 10 0
4 22 5 0
5 1 2 1221
5 1 3 2511
5 1 4 2066
5 1 6 2304
5 1 7 3440
5 1 8 2660
5 1 9 5278
5 1 10 9894
5 1 11 6364
5 1 12 9587
5 1 13 11989
5 1 14 6708
5 1 15 9624
5 1 16 0
5 1 18 0
5 2 1 1727
5 2 3 2389
5 2 4 2051
5 2 6 5351
5 2 7 4469
5 2 8 5004
5 2 9 9826
5 2 10 5268
5 2 11 7704
5 2 12 8742
5 2 13 11020
5 2 14 4432
5 2 15 5478
5 2 16 777
5 2 18 0
5 3 1 2007
5 3 2 2927
5 3 4 2355
5 3 6 4780
5 3 7 4753
5 3 8 6000
5 3 9 6021
5 3 10 7205
5 3 11 6414
5 3 12 3334
5 3 13 4722
5 3 14 0
5 3 15 0
5 3 16 0
5 3 17 7588
5 4 1 1698
5 4 2 3430
5 4 3 4025
5 4 6 5311
5 4 7 4380
5 4 8 6366
5 4 9 4313
5 4 10 8610
5 4 11 2993
5 4 12 5711
5 4 13 0
5 4 14 1380
5 4 15 0
5 4 16 0
5 4 17 0
5 6 1 3793
5 6 2 3853
5 6 3 4689
5 6 4 6675
5 6 7 6201
5 6 8 5902
5 6 9 6987
5 6 10 5870
5 6 11 3604
5 6 12 3062
5 6 13 10468
5 6 14 8389
5 6 15 0
5 6 16 0
5 7 1 5589
5 7 2 7867
5 7 3 5941
5 7 4 6842
5 7 6 7970
5 7 8 7887
5 7 9 6015
5 7 10 4971
5 7 11 6257
5 7 12 4900
5 7 13 10606
5 7 14 4999
5 7 15 0
5 8 1 6515
5 8 2 6987
5 8 3 5961
5 8 4 6895
5 8 6 10847
5 8 7 4809
5 8 9 11194
5 8 10 9527
5 8 11 3442
5 8 12 1607
5 8 13 0
5 8 14 0
5 8 16 0
5 9 1 6122
5 9 2 4468
5 9 3 7246
5 9 4 7350
5 9 6 7118
5 9 7 8110
5 9 8 10546
5 9 10 8066
5 9 11 10484
5 9 12 0
5 9 13 0
5 9 14 0
5 9 16 0
5 9 17 0
5 10 1 6923
5 10 2 7013
5 10 3 8909
5 10 4 8692
5 10 6 5611
5 10 7 3796
5 10 8 10034
5 10 9 4780
5 10 11 5350
5 10 12 0
5 10 13 0
5 11 1 8007
5 11 2 5824
5 11 3 6334
5 11 4 8354
5 11 6 5766
5 11 7 4880
5 11 8 5851
5 11 9 0
5 11 10 0
5 11 12 1950
5 11 13 0
5 11 14 0
5 11 15 0
5 12 1 7391
5 12 2 7801
5 12 3 5833
5 12 4 11895
5 12 6 10392
5 12 7 6530
5 12 8 1635
5 12 9 0
5 12 10 802
5 12 11 0
5 12 13 0
5 12 16 0
5 12 18 0
5 13 1 2976
5 13 2 7977
5 13 3 7325
5 13 4 9878
5 13 6 3686
5 13 7 0
5 13 8 898
5 13 9 0
5 13 10 0
5 13 11 0
5 13 12 0
5 13 14 0
5 13 15 0
5 14 1 5038
5 14 2 0
5 14 3 2639
5 14 4 0
5 14 6 6011
5 14 7 6962
5 14 9 0
5 14 11 0
5 14 12 0
5 14 13 0
5 14 15 0
5 15 1 5634
5 15 2 9866
5 15 3 0
5 15 6 0
5 15 8 0
5 15 9 0
5 15 10 0
5 15 12 0
5 15 14 0
5 16 1 0
5 16 2 0
5 16 3 0
5 16 7 941
5 16 8 0
5 16 9 0
5 16 11 0
5 16 14 0
6 1 2 2011
6 1 3 2128
6 1 4 2672
6 1 5 3602
6 1 7 4258
6 1 8 3665
6 1 9 5526
6 1 10 5920
6 1 11 6328
6 1 12 6373
6 1 13 7088
6 1 14 8330
6 1 15 760
6 1 16 0
6 1 17 2829
6 2 1 1729
6 2 3 3684
6 2 4 3281
6 2 5 6411
6 2 7 4559
6 2 8 5771
6 2 9 10020
6 2 10 11538
6 2 11 6559
6 2 12 3962
6 2 13 4762
6 2 14 5884
6 2 15 0
6 2 16 0
6 3 1 2054
6 3 2 2770
6 3 4 4363
6 3 5 5189
6 3 7 7465
6 3 8 9013
6 3 9 5920
6 3 10 6090
6 3 11 4257
6 3 12 2391
6 3 13 2018
6 3 14 0
6 3 15 10804
6 3 16 0
6 4 1 3076
6 4 2 5784
6 4 3 6335
6 4 5 6068
6 4 7 7274
6 4 8 6350
6 4 9 6202
6 4 10 5828
6 4 11 3832
6 4 12 7258
6 4 13 0
6 4 14 0
6 4 15 0
6 4 16 0
6 5 1 3571
6 5 2 3245
6 5 3 3999
6 5 4 5899
6 5 7 5889
6 5 8 11714
6 5 9 7574
6 5 10 9020
6 5 11 4211
6 5 12 5056
6 5 13 3012
6 5 14 2203
6 5 15 1565
6 5 16 0
6 5 17 0
6 6 4 0
6 7 1 8814
6 7 2 9390
6 7 3 4557
6 7 4 4991
6 7 5 4660
6 7 8 5745
6 7 9 3879
6 7 10 2331
6 7 11 3128
6 7 12 5725
6 7 13 7025
6 7 14 2759
6 7 15 0
6 8 1 6516
6 8 2 8078
6 8 3 4306
6 8 4 9391
6 8 5 10824
6 8 7 5533
6 8 9 5742
6 8 10 7691
6 8 11 3928
6 8 12 4114
6 8 13 5801
6 8 15 0
6 9 1 5647
6 9 2 6376
6 9 3 7169
6 9 4 5224
6 9 5 5022
6 9 7 11445
6 9 8 9158
6 9 10 3635
6 9 11 9655
6 9 12 4827
6 9 13 0
6 9 14 4799
6 9 15 0
6 9 16 0
6 9 17 0
6 10 1 11910
6 10 2 4973
6 10 3 6399
6 10 4 5538
6 10 5 7337
6 10 7 3384
6 10 8 5573
6 10 9 2182
6 10 11 0
6 10 12 0
6 10 13 0
6 10 14 0
6 10 15 0
6 10 16 0
6 11 1 9995
6 11 2 4032
6 11 3 2947
6 11 4 6785
6 11 5 7499
6 11 7 4423
6 11 8 4842
6 11 9 6428
6 11 10 0
6 11 12 0
6 11 13 0
6 11 14 0
6 11 15 0
6 12 1 7748
6 12 2 7487
6 12 3 3696
6 12 4 2093
6 12 5 0
6 12 7 0
6 12 8 7926
6 12 9 0
6 12 10 0
6 12 11 0
6 12 14 0
6 13 1 6444
6 13 2 4749
6 13 3 5766
6 13 4 7267
6 13 5 8850
6 13 7 2247
6 13 8 2296
6 13 10 0
6 13 11 0
6 13 12 2896
6 14 1 0
6 14 2 3690
6 14 3 3641
6 14 4 0
6 14 5 0
6 14 7 0
6 14 8 0
6 14 9 4763
6 14 10 0
6 14 11 0
6 14 12 0
6 14 13 0
6 15 1 0
6 15 2 0
6 15 3 2648
6 15 4 0
6 15 5 0
6 15 7 0
6 15 13 0
6 15 14 0
6 16 2 0
6 16 3 0
6 16 4 0
6 16 7 0
6 18 8 0
7 1 2 2383
7 1 3 3383
7 1 4 6328
7 1 5 4095
7 1 6 4269
7 1 8 3160
7 1 9 7820
7 1 10 5380
7 1 11 6872
7 1 12 7382
7 1 13 7340
7 1 14 2860
7 1 15 0
7 1 16 0
7 2 1 2089
7 2 3 3423
7 2 4 4591
7 2 5 4122
7 2 6 8019
7 2 8 7508
7 2 9 6267
7 2 10 7715
7 2 11 5534
7 2 12 3944
7 2 13 4968
7 2 14 11479
7 2 15 0
7 2 16 0
7 2 17 0
7 3 1 4226
7 3 2 4995
7 3 4 4175
7 3 5 6382
7 3 6 6535
7 3 8 5206
7 3 9 7229
7 3 10 9791
7 3 11 3707
7 3 12 2046
7 3 13 0
7 3 14 4806
7 3 15 0
7 3 16 440
7 4 1 6713
7 4 2 3821
7 4 3 7100
7 4 5 14142
7 4 6 8457
7 4 8 7468
7 4 9 5176
7 4 10 11214
7 4 11 3298
7 4 12 7817
7 4 13 1135
7 4 14 0
7 5 1 4894
7 5 2 6236
7 5 3 6085
7 5 4 5870
7 5 6 4869
7 5 8 12850
7 5 9 8846
7 5 10 8548
7 5 11 5453
7 5 12 13240
7 5 13 0
7 5 14 5390
7 6 1 4900
7 6 2 9795
7 6 3 6438
7 6 4 4854
7 6 5 7304
7 6 8 4246
7 6 9 6385
7 6 10 10010
7 6 11 0
7 6 12 0
7 6 13 0
7 6 14 0
7 6 15 0
7 6 16 0
7 7 5 0
7 8 1 8134
7 8 2 6078
7 8 3 7526
7 8 4 6353
7 8 5 9578
7 8 6 10580
7 8 9 6408
7 8 10 7655
7 8 11 2295
7 8 12 0
7 8 13 0
7 8 15 0
7 9 1 5154
7 9 2 11056
7 9 3 6111
7 9 4 5020
7 9 5 7996
7 9 6 9928
7 9 8 7373
7 9 10 0
7 9 11 0
7 9 12 0
7 9 13 0
7 9 14 1802
7 10 1 11622
7 10 2 5717
7 10 3 4151
7 10 4 4902
7 10 5 6666
7 10 6 5063
7 10 8 0
7 10 9 9448
7 10 11 7770
7 10 12 0
7 10 13 0
7 10 14 0
7 10 15 3914
7 10 16 0
7 11 1 6539
7 11 2 10341
7 11 3 1854
7 11 4 9747
7 11 5 5672
7 11 6 0
7 11 8 3357
7 11 9 0
7 11 10 0
7 11 12 0
7 11 13 0
7 11 14 0
7 12 1 3005
7 12 2 5669
7 12 3 83
7 12 4 1521
7 12 5 0
7 12 6 3617
7 12 8 0
7 12 9 0
7 12 11 0
7 12 15 0
7 13 1 5519
7 13 2 1944
7 13 3 0
7 13 4 1067
7 13 5 6830
7 13 6 0
7 13 8 0
7 13 9 0
7 13 10 0
7 13 11 0
7 13 16 0
7 14 1 7756
7 14 2 0
7 14 3 1643
7 14 4 1124
7 14 5 0
7 14 6 0
7 14 8 87
7 14 11 98
7 14 12 0
7 15 1 2623
7 15 2 5189
7 15 3 0
7 15 4 0
7 15 5 0
7 15 8 0
7 15 9 0
7 15 14 0
7 16 1 0
7 16 2 0
7 16 3 0
7 16 8 0
7 16 12 0
7 17 1 0
7 17 3 0
7 17 4 0
7 17 5 0
7 18 2 0
8 1 2 3887
8 1 3 3683
8 1 4 4602
8 1 5 7073
8 1 6 5710
8 1 7 5406
8 1 9 4543
8 1 10 6491
8 1 11 5163
8 1 12 6855
8 1 13 0
8 1 14 0
8 1 15 2084
8 1 16 611
8 1 17 0
8 2 1 3759
8 2 3 6116
8 2 4 5784
8 2 5 6756
8 2 6 6825
8 2 7 5538
8 2 9 9841
8 2 10 5626
8 2 11 5013
8 2 12 10322
8 2 13 3366
8 2 14 0
8 2 15 0
8 2 16 0
8 3 1 4726
8 3 2 6412
8 3 4 7503
8 3 5 8724
8 3 6 6502
8 3 7 7270
8 3 9 4532
8 3 10 7440
8 3 11 6083
8 3 12 632
8 3 13 0
8 3 14 4701
8 3 16 0
8 4 1 7724
8 4 2 7554
8 4 3 9311
8 4 5 11196
8 4 6 6936
8 4 7 7215
8 4 9 11253
8 4 10 7734
8 4 11 7777
8 4 12 2741
8 4 13 0
8 4 14 0
8 4 15 0
8 5 1 8891
8 5 2 6947
8 5 3 8474
8 5 4 7286
8 5 6 6241
8 5 7 5105
8 5 9 7385
8 5 10 3951
8 5 11 6477
8 5 12 0
8 5 13 0
8 5 14 0
8 5 15 0
8 6 1 6949
8 6 2 6827
8 6 3 7021
8 6 4 5544
8 6 5 10240
8 6 7 5218
8 6 9 3987
8 6 10 500
8 6 11 5529
8 6 12 0
8 6 13 0
8 6 14 0
8 6 15 0
8 7 1 8236
8 7 2 7189
8 7 3 8197
8 7 4 7900
8 7 5 12759
8 7 6 6108
8 7 9 6828
8 7 10 3096
8 7 11 0
8 7 12 0
8 7 13 0
8 7 15 0
8 7 16 0
8 9 1 7519
8 9 2 6778
8 9 3 8668
8 9 4 5778
8 9 5 9058
8 9 6 5128
8 9 7 1649
8 9 10 0
8 9 18 0
8 10 1 7324
8 10 2 7581
8 10 3 3390
8 10 4 9105
8 10 5 5831
8 10 6 0
8 10 7 1609
8 10 9 1836
8 10 11 0
8 10 12 0
8 10 13 11838
8 11 1 4865
8 11 2 8683
8 11 3 0
8 11 4 5319
8 11 5 13798
8 11 6 3296
8 11 7 1445
8 11 9 0
8 11 10 0
8 11 12 0
8 12 1 4386
8 12 2 0
8 12 3 9545
8 12 4 2799
8 12 5 3798
8 12 6 8692
8 12 7 4940
8 12 9 3468
8 12 10 0
8 12 15 0
8 13 1 0
8 13 2 0
8 13 3 1220
8 13 4 3578
8 13 5 0
8 13 6 0
8 13 7 0
8 13 9 9339
8 13 10 9508
8 13 11 0
8 13 12 0
8 13 14 0
8 13 15 0
8 13 16 0
8 13 17 0
8 14 1 0
8 14 2 0
8 14 4 0
8 14 5 0
8 14 6 0
8 14 7 4489
8 14 9 0
8 14 10 0
8 14 11 0
8 14 13 0
8 14 15 0
8 14 16 0
8 15 1 0
8 15 2 0
8 15 3 0
8 15 5 0
8 15 6 0
8 15 7 0
8 15 11 0
8 16 2 0
8 16 4 0
8 16 14 0
9 1 2 3451
9 1 3 5530
9 1 4 5834
9 1 5 6769
9 1 6 6202
9 1 7 8411
9 1 8 10854
9 1 10 6978
9 1 11 6485
9 1 12 7241
9 1 13 0
9 1 14 0
9 1 15 0
9 1 16 0
9 1 17 0
9 2 1 6620
9 2 3 6467
9 2 4 5939
9 2 5 8161
9 2 6 9169
9 2 7 5435
9 2 8 7638
9 2 10 10446
9 2 11 10698
9 2 12 2052
9 2 13 2631
9 2 14 0
9 2 15 2894
9 3 1 5661
9 3 2 7448
9 3 4 9666
9 3 5 8139
9 3 6 11820
9 3 7 3706
9 3 8 11924
9 3 10 3928
9 3 11 4291
9 3 12 2227
9 3 13 9917
9 3 14 0
9 3 17 0
9 3 18 0
9 4 1 5348
9 4 2 10031
9 4 3 4527
9 4 5 6211
9 4 6 5045
9 4 7 7142
9 4 8 1304
9 4 10 7697
9 4 11 5325
9 4 12 1385
9 4 13 2932
9 4 14 0
9 4 15 13148
9 5 1 5307
9 5 2 5904
9 5 3 10259
9 5 4 7240
9 5 6 10644
9 5 7 5241
9 5 8 11114
9 5 10 7611
9 5 11 0
9 5 12 0
9 5 13 0
9 5 14 0
9 5 15 0
9 6 1 5543
9 6 2 6884
9 6 3 6372
9 6 4 7281
9 6 5 6273
9 6 7 2979
9 6 8 7009
9 6 10 1750
9 6 11 1011
9 6 12 0
9 6 13 0
9 6 14 0
9 6 15 4270
9 7 1 8707
9 7 2 9081
9 7 3 8009
9 7 4 9493
9 7 5 7858
9 7 6 6664
9 7 8 3581
9 7 10 11924
9 7 11 0
9 7 12 0
9 7 13 0
9 7 16 0
9 8 1 6649
9 8 2 5138
9 8 3 211
9 8 4 9703
9 8 5 8064
9 8 6 0
9 8 7 1240
9 8 10 0
9 8 11 0
9 8 12 0
9 8 13 0
9 8 14 0
9 8 15 0
9 10 1 11922
9 10 2 9661
9 10 3 7164
9 10 4 2962
9 10 5 933
9 10 6 0
9 10 7 0
9 10 8 0
9 10 11 995
9 10 12 0
9 11 1 8927
9 11 2 3607
9 11 3 6909
9 11 4 0
9 11 5 5391
9 11 6 0
9 11 7 0
9 11 8 0
9 11 10 0
9 11 12 0
9 11 13 0
9 11 18 0
9 12 1 0
9 12 2 0
9 12 3 0
9 12 4 30
9 12 5 8479
9 12 6 0
9 12 7 0
9 12 8 0
9 12 10 0
9 12 13 0
9 12 14 0
9 13 1 0
9 13 2 6322
9 13 3 0
9 13 5 0
9 13 6 0
9 13 7 4241
9 13 8 0
9 13 10 0
9 13 11 0
9 13 12 0
9 14 1 4616
9 14 2 1248
9 14 3 4728
9 14 5 0
9 14 6 0
9 14 7 0
9 14 8 0
9 14 10 0
9 14 12 0
9 15 1 0
9 15 2 0
9 15 3 5787
9 15 5 0
9 15 6 0
9 15 7 0
9 15 8 0
9 16 6 0
9 16 7 0
9 18 2 0
10 1 2 4902
10 1 3 5816
10 1 4 3633
10 1 5 5032
10 1 6 8314
10 1 7 6764
10 1 8 12388
10 1 9 8056
10 1 11 9875
10 1 12 0
10 1 13 0
10 1 14 0
10 1 15 0
10 1 16 0
10 2 1 6831
10 2 3 6205
10 2 4 8682
10 2 5 9262
10 2 6 9033
10 2 7 3553
10 2 8 11043
10 2 9 8096
10 2 11 7913
10 2 12 3010
10 2 13 7991
10 2 14 0
10 2 15 0
10 3 1 6801
10 3 2 7769
10 3 4 6610
10 3 5 7203
10 3 6 4322
10 3 7 6291
10 3 8 6563
10 3 9 4971
10 3 11 6956
10 3 12 355
10 3 13 3332
10 3 14 0
10 3 15 0
10 3 16 0
10 4 1 6614
10 4 2 6688
10 4 3 10522
10 4 5 6244
10 4 6 6881
10 4 7 5803
10 4 8 3246
10 4 9 7705
10 4 11 0
10 4 12 0
10 4 13 0
10 4 14 0
10 5 1 9767
10 5 2 9219
10 5 3 9704
10 5 4 5330
10 5 6 2087
10 5 7 4685
10 5 8 2028
10 5 9 0
10 5 11 0
10 5 12 5815
10 5 13 2471
10 5 14 0
10 5 16 0
10 6 1 7086
10 6 2 4210
10 6 3 12043
10 6 4 7766
10 6 5 8539
10 6 7 3657
10 6 8 11947
10 6 9 10315
10 6 11 0
10 6 12 0
10 6 13 0
10 6 14 0
10 6 15 0
10 6 16 0
10 7 1 8424
10 7 2 3309
10 7 3 7161
10 7 4 4205
10 7 5 10265
10 7 6 2178
10 7 8 8269
10 7 9 8707
10 7 11 0
10 7 12 1773
10 7 13 0
10 7 14 0
10 8 1 10590
10 8 2 9976
10 8 3 3700
10 8 4 2322
10 8 5 11966
10 8 6 4049
10 8 7 0
10 8 9 0
10 8 11 0
10 8 12 0
10 8 13 0
10 9 1 2677
10 9 2 4657
10 9 3 0
10 9 4 1939
10 9 5 5930
10 9 6 0
10 9 7 0
10 9 8 7453
10 9 12 0
10 9 13 0
10 9 14 0
10 9 15 0
10 11 1 7839
10 11 2 3726
10 11 3 4830
10 11 4 0
10 11 5 1228
10 11 6 0
10 11 7 0
10 11 8 0
10 11 9 0
10 11 14 0
10 11 15 0
10 12 1 2473
10 12 2 0
10 12 3 0
10 12 4 10708
10 12 5 0
10 12 6 0
10 12 7 0
10 12 8 0
10 12 9 0
10 12 16 0
10 13 1 0
10 13 2 0
10 13 3 0
10 13 4 0
10 13 5 0
10 13 6 0
10 13 7 0
10 13 11 0
10 13 14 0
10 14 1 0
10 14 2 0
10 14 4 0
10 14 7 0
10 14 8 2022
10 14 12 0
10 14 13 0
10 14 16 0
10 15 2 0
10 15 3 0
10 15 5 0
10 15 9 0
10 16 1 0
10 16 3 0
10 16 13 0
10 17 6 0
10 18 3 0
10 18 9 0
10 18 17 0
11 1 2 7664
11 1 3 5013
11 1 4 8960
11 1 5 5564
11 1 6 7105
11 1 7 11302
11 1 8 4714
11 1 9 3179
11 1 10 6158
11 1 12 5172
11 1 13 4674
11 1 14 6126
11 1 16 0
11 1 18 0
11 2 1 7592
11 2 3 6233
11 2 4 8193
11 2 5 7971
11 2 6 7621
11 2 7 7072
11 2 8 9119
11 2 9 4930
11 2 10 2384
11 2 12 245
11 2 13 8252
11 2 14 4512
11 2 15 0
11 3 1 8003
11 3 2 6861
11 3 4 7362
11 3 5 11926
11 3 6 13250
11 3 7 7159
11 3 8 7321
11 3 9 0
11 3 10 5711
11 3 12 563
11 3 13 0
11 3 15 0
11 3 16 0
11 4 1 6084
11 4 2 7183
11 4 3 10698
11 4 5 10243
11 4 6 3330
11 4 7 2686
11 4 8 3472
11 4 9 0
11 4 10 80
11 4 12 0
11 4 13 2451
11 4 14 0
11 4 15 0
11 5 1 6293
11 5 2 6799
11 5 3 4840
11 5 4 6072
11 5 6 0
11 5 7 4409
11 5 8 4081
11 5 9 0
11 5 10 97
11 5 13 0
11 5 15 0
11 6 1 6938
11 6 2 6259
11 6 3 0
11 6 4 0
11 6 5 4038
11 6 7 4854
11 6 8 6317
11 6 9 9428
11 6 10 0
11 6 13 0
11 7 1 2836
11 7 2 8752
11 7 3 5198
11 7 4 0
11 7 5 4206
11 7 6 0
11 7 8 2216
11 7 9 0
11 7 10 1103
11 7 12 7083
11 8 1 1696
11 8 2 12725
11 8 3 6934
11 8 4 5429
11 8 5 0
11 8 6 1827
11 8 7 0
11 8 9 4977
11 8 10 0
11 8 12 0
11 8 14 0
11 8 16 0
11 9 1 553
11 9 2 7901
11 9 3 0
11 9 4 0
11 9 5 0
11 9 6 6238
11 9 7 0
11 9 8 0
11 9 10 0
11 9 13 0
11 9 14 0
11 10 1 4052
11 10 2 0
11 10 3 0
11 10 4 0
11 10 5 0
11 10 6 759
11 10 7 0
11 10 8 0
11 10 9 539
11 10 12 0
11 10 14 0
11 10 15 0
11 12 1 8293
11 12 2 0
11 12 3 0
11 12 4 0
11 12 5 0
11 12 6 2847
11 12 8 0
11 12 10 9561
11 12 13 0
11 12 14 0
11 13 1 0
11 13 2 0
11 13 3 0
11 13 4 0
11 13 7 4744
11 13 9 0
11 14 1 0
11 14 2 0
11 14 3 0
11 14 4 0
11 14 6 0
11 14 8 0
11 14 9 0
11 15 1 0
11 15 2 0
11 15 3 0
11 16 1 0
11 16 3 0
11 16 4 0
11 16 6 0
11 16 8 0
11 18 12 0
12 1 2 6663
12 1 3 6805
12 1 4 7328
12 1 5 6624
12 1 6 3448
12 1 7 6004
12 1 8 1844
12 1 9 0
12 1 10 6454
12 1 11 3629
12 1 13 4559
12 1 14 0
12 1 16 0
12 2 1 10712
12 2 3 3570
12 2 4 5666
12 2 5 1001
12 2 6 6356
12 2 7 4746
12 2 8 3301
12 2 9 0
12 2 10 1062
12 2 11 1935
12 2 14 0
12 2 15 0
12 2 16 0
12 3 1 5501
12 3 2 5242
12 3 4 5159
12 3 5 301
12 3 6 4203
12 3 7 2551
12 3 8 6077
12 3 9 0
12 3 10 0
12 3 11 0
12 3 13 0
12 3 14 0
12 3 15 0
12 3 16 0
12 4 1 6283
12 4 2 2235
12 4 3 6137
12 4 5 10381
12 4 6 6273
12 4 7 0
12 4 8 0
12 4 9 0
12 4 10 0
12 4 11 0
12 4 13 0
12 4 15 0
12 5 1 6679
12 5 2 5424
12 5 3 8911
12 5 4 8869
12 5 6 0
12 5 7 0
12 5 8 0
12 5 9 0
12 5 10 0
12 5 11 2865
12 5 13 0
12 5 14 0
12 5 15 0
12 6 1 1949
12 6 2 8618
12 6 3 0
12 6 4 11258
12 6 5 2437
12 6 7 0
12 6 8 5219
12 6 9 0
12 6 10 0
12 6 11 3829
12 6 13 0
12 6 15 0
12 7 1 1530
12 7 2 0
12 7 3 7509
12 7 4 0
12 7 5 0
12 7 6 0
12 7 8 5427
12 7 9 0
12 7 10 0
12 7 11 0
12 7 14 0
12 8 1 4438
12 8 2 1533
12 8 3 837
12 8 4 4372
12 8 5 219
12 8 6 0
12 8 7 0
12 9 1 0
12 9 2 0
12 9 3 0
12 9 4 3381
12 9 5 0
12 9 6 0
12 9 7 0
12 9 8 0
12 9 10 1995
12 9 11 0
12 9 14 0
12 10 1 879
12 10 2 0
12 10 3 0
12 10 4 0
12 10 5 0
12 10 6 0
12 10 7 285
12 10 9 0
12 10 14 0
12 11 1 0
12 11 2 0
12 11 3 2482
12 11 4 0
12 11 5 0
12 11 7 0
12 11 9 0
12 11 10 0
12 13 2 0
12 13 3 0
12 13 4 0
12 13 10 0
12 13 15 0
12 14 7 0
12 14 8 0
12 14 9 0
12 14 13 0
12 15 1 0
12 15 3 0
12 15 5 0
12 16 1 0
12 16 3 0
12 16 8 0
12 17 1 0
13 1 2 10847
13 1 3 7248
13 1 4 4232
13 1 5 4910
13 1 6 6791
13 1 7 0
13 1 8 2520
13 1 9 8568
13 1 10 4217
13 1 11 6362
13 1 12 201
13 1 14 0
13 1 15 0
13 1 16 0
13 2 1 8888
13 2 3 1005
13 2 4 1145
13 2 5 5898
13 2 6 3956
13 2 7 3967
13 2 8 0
13 2 9 5986
13 2 11 0
13 2 12 0
13 2 14 0
13 3 1 2336
13 3 2 4632
13 3 4 8165
13 3 5 0
13 3 6 245
13 3 7 0
13 3 8 0
13 3 9 0
13 3 10 0
13 3 11 0
13 3 12 0
13 3 14 0
13 3 15 0
13 4 1 0
13 4 2 0
13 4 3 0
13 4 5 0
13 4 6 4590
13 4 7 215
13 4 8 0
13 4 9 0
13 4 10 0
13 4 12 0
13 5 1 1022
13 5 2 0
13 5 3 0
13 5 4 0
13 5 7 0
13 5 8 0
13 5 9 0
13 5 11 0
13 5 12 0
13 5 14 0
13 6 1 1732
13 6 2 3485
13 6 3 0
13 6 4 7691
13 6 5 0
13 6 7 0
13 6 9 0
13 6 12 0
13 6 16 0
13 7 1 5783
13 7 2 5454
13 7 3 0
13 7 4 0
13 7 5 0
13 7 6 0
13 7 8 0
13 7 9 0
13 7 10 0
13 8 1 0
13 8 3 0
13 8 5 0
13 8 6 0
13 8 7 0
13 8 12 0
13 9 1 7645
13 9 2 0
13 9 3 0
13 9 4 0
13 9 5 0
13 9 6 0
13 9 7 0
13 9 8 0
13 9 11 0
13 9 12 0
13 10 1 611
13 10 2 0
13 10 3 0
13 10 4 0
13 10 5 0
13 10 7 0
13 11 1 0
13 11 2 0
13 11 3 0
13 11 4 2319
13 11 8 0
13 11 9 0
13 11 14 3536
13 11 15 0
13 12 1 0
13 12 2 0
13 12 4 0
13 12 5 2929
13 12 6 14250
13 12 7 0
13 12 8 0
13 12 9 0
13 14 1 0
13 14 4 0
13 14 5 0
13 14 6 0
13 14 7 0
13 15 1 0
13 15 3 0
13 15 4 0
13 15 7 0
13 15 9 0
13 15 14 0
13 16 2 0
13 16 11 0
13 17 3 0
13 17 7 0
14 1 2 7051
14 1 3 5949
14 1 4 979
14 1 5 5708
14 1 6 0
14 1 7 0
14 1 8 1214
14 1 9 3868
14 1 10 3108
14 1 11 0
14 1 12 0
14 1 13 2998
14 1 15 0
14 2 1 5757
14 2 3 0
14 2 4 8856
14 2 5 0
14 2 7 3474
14 2 8 0
14 2 9 5907
14 2 10 3926
14 2 11 7451
14 2 13 0
14 3 1 0
14 3 2 4634
14 3 4 5122
14 3 5 0
14 3 7 0
14 3 8 0
14 3 10 0
14 3 11 0
14 3 12 0
14 3 13 0
14 4 1 0
14 4 2 0
14 4 3 0
14 4 5 0
14 4 6 0
14 4 7 0
14 4 8 0
14 4 11 0
14 4 12 0
14 5 1 8605
14 5 2 0
14 5 3 0
14 5 4 0
14 5 6 0
14 5 7 0
14 5 8 0
14 5 10 0
14 5 11 0
14 6 1 1136
14 6 3 2549
14 6 5 2017
14 6 7 0
14 6 8 0
14 7 1 0
14 7 2 0
14 7 3 0
14 7 5 0
14 7 6 0
14 7 8 0
14 7 16 0
14 8 1 2321
14 8 2 7871
14 8 3 0
14 8 4 0
14 8 5 0
14 8 6 0
14 8 7 0
14 8 9 0
14 8 11 0
14 9 1 0
14 9 2 0
14 9 3 0
14 9 4 1215
14 9 5 0
14 9 6 0
14 9 10 0
14 9 11 0
14 9 15 3373
14 10 3 0
14 10 4 0
14 10 12 0
14 11 1 0
14 11 2 0
14 11 4 0
14 11 5 0
14 11 6 4064
14 12 2 0
14 12 3 0
14 12 4 0
14 12 5 0
14 12 10 0
14 13 2 0
14 13 4 0
14 13 7 0
14 13 16 0
15 1 2 8820
15 1 3 0
15 1 4 558
15 1 5 2017
15 1 6 0
15 1 7 0
15 1 8 0
15 1 10 0
15 1 11 0
15 1 12 0
15 1 14 0
15 2 1 1100
15 2 4 0
15 2 5 0
15 2 6 0
15 2 7 1607
15 2 8 0
15 2 9 0
15 2 10 0
15 2 11 0
15 2 12 0
15 3 1 0
15 3 2 3791
15 3 4 0
15 3 6 0
15 3 7 0
15 3 8 0
15 3 10 0
15 3 12 2309
15 3 13 0
15 4 1 0
15 4 2 0
15 4 5 0
15 4 6 0
15 4 7 0
15 4 8 0
15 4 12 0
15 4 13 0
15 5 1 0
15 5 2 0
15 5 4 4359
15 5 6 0
15 5 7 0
15 5 8 0
15 5 9 0
15 5 10 0
15 5 11 0
15 5 16 0
15 6 1 1163
15 6 2 0
15 6 4 0
15 6 5 0
15 6 8 0
15 6 9 0
15 6 10 0
15 6 12 0
15 7 1 0
15 7 2 0
15 7 3 0
15 7 4 0
15 7 5 3354
15 7 9 0
15 7 10 0
15 7 12 0
15 8 1 0
15 8 4 0
15 8 5 0
15 8 6 0
15 8 12 0
15 9 2 0
15 9 4 0
15 9 7 0
15 9 8 0
15 9 11 0
15 9 17 0
15 10 1 0
15 10 3 0
15 10 4 0
15 10 6 0
15 10 8 0
15 11 2 0
15 11 7 0
15 12 1 0
15 12 3 0
15 12 4 0
15 12 9 0
15 12 13 0
15 13 1 0
15 13 2 0
15 14 2 0
15 14 3 0
15 14 10 0
15 16 1 0
16 1 2 0
16 1 6 0
16 1 8 0
16 1 9 0
16 1 10 0
16 2 1 3674
16 2 3 0
16 2 5 0
16 2 6 0
16 2 7 0
16 2 8 0
16 2 9 0
16 2 10 0
16 2 13 0
16 2 14 0
16 3 2 0
16 3 4 0
16 3 5 0
16 3 7 0
16 3 8 0
16 3 10 0
16 3 15 0
16 4 2 0
16 4 5 0
16 4 8 0
16 4 11 0
16 4 13 0
16 5 2 0
16 5 4 0
16 5 7 0
16 5 11 0
16 6 2 0
16 6 4 0
16 6 11 0
16 7 1 0
16 7 2 0
16 7 4 0
16 7 9 0
16 8 1 0
16 8 3 0
16 8 4 0
16 8 5 0
16 8 7 0
16 9 2 0
16 9 4 0
16 9 7 0
16 12 3 0
16 13 2 0
16 13 8 0
16 13 11 0
16 14 3 0
16 14 11 0
17 1 4 0
17 1 8 0
17 1 11 0
17 1 18 0
17 2 1 0
17 2 6 0
17 2 10 0
17 3 4 0
17 4 1 0
17 5 1 0
17 5 7 0
17 7 10 0
17 9 10 0
17 11 1 0
17 13 1 0
17 13 2 0
17 15 11 0
18 1 3 0
18 1 6 0
18 1 11 0
18 5 1 0
18 5 11 0
18 12 8 0
20 10 14 0
