1 140
2 185
3 232
4 244
5 277
6 255
7 309
8 309
9 336
10 324
11 406
12 416
13 558
14 470
15 492
16 542
17 536
18 576
19 635
20 616
21 604
22 722
23 806
24 964
25 696
26 973
27 903
28 958
29 931
30 1145
31 1133
32 1049
33 1237
34 1204
35 1238
36 1305
37 1322
38 1396
39 1286
40 2219
41 1331
42 1518
43 1540
44 1691
45 2030
46 1824
47 1979
48 2148
49 2089
50 1684
51 1966
52 2783
53 1623
54 2070
55 2054
56 2502
57 2375
58 2229
59 2530
60 2213
61 4357
62 2959
63 2634
64 2944
65 3483
66 3082
67 2310
68 3827
69 2856
70 2872
71 4594
72 2902
73 2883
74 3398
75 3109
76 3730
77 4198
78 4516
79 3974
80 3616
81 4426
82 4464
83 5386
84 5169
85 6191
86 5957
87 5598
88 5319
89 6810
90 7213
91 4412
92 4260
93 5645
94 7100
95 7618
96 6259
97 5404
98 5342
99 5531
100 8319
101 6843
102 6298
103 6649
104 7379
105 7641
106 7466
107 6923
108 6832
109 7422
110 7312
111 9027
112 9039
113 10120
114 11157
115 8552
116 8097
117 10904
118 13486
119 14366
120 10420
