20120420 1 1 7 9 1 5
20120420 2 3 2 9 3 2
20120420 3 2 7 5 2 5
20120420 4 5 1 7 4 1
20120420 5 8 1 9 6 1
20120420 6 7 5 6 5 4
20120420 7 7 9 2 5 6
20120420 8 9 1 4 6 1
20120420 9 9 7 8 6 5
20120420 10 1 7 3 1 5
20120420 11 1 7 5 1 5
20120420 12 9 1 4 6 1
20120421 1 3 5 9 3 4
20120421 2 3 1 9 3 1
20120421 3 9 1 3 6 1
20120421 4 2 8 3 2 6
20120421 5 3 7 5 3 5
20120421 6 1 7 5 1 5
20120421 7 5 7 2 4 5
20120421 8 3 7 2 3 5
20120421 9 4 9 7 4 6
20120421 10 3 9 7 3 6
20120421 11 5 7 8 4 5
20120421 12 8 4 9 6 4
20120422 1 1 7 9 1 5
20120422 2 3 5 1 3 4
20120422 3 9 2 1 6 2
20120422 4 7 1 2 5 1
20120422 5 2 7 3 2 5
20120422 6 7 2 5 6 2
20120422 7 1 2 6 1 2
20120422 8 3 4 7 3 4
20120422 9 1 7 8 1 5
20120422 10 9 6 2 6 5
20120422 11 4 1 8 4 1
20120422 12 5 1 7 4 1
20120427 1 2 7 5 0 0
20120427 2 7 1 6 0 0
20120427 3 3 5 1 0 0
20120427 4 2 1 6 0 0
20120427 5 1 2 3 0 0
20120427 6 1 9 3 1 6
20120427 7 7 5 3 5 4
20120427 8 3 7 5 3 5
20120427 9 9 1 5 6 1
20120427 10 1 5 2 1 4
20120427 11 7 1 6 5 1
20120428 1 7 2 1 0 0
20120428 2 3 5 2 0 0
20120428 3 2 4 6 0 0
20120428 4 1 5 2 0 0
20120428 5 3 2 7 0 0
20120428 6 7 5 2 5 4
20120428 7 4 1 9 4 1
20120428 8 4 2 8 4 2
20120428 9 2 3 5 2 3
20120428 10 8 3 1 6 3
20120428 11 9 3 4 6 3
20120429 1 3 5 1 0 0
20120429 2 3 1 4 0 0
20120429 3 3 5 1 0 0
20120429 4 7 4 2 0 0
20120429 5 2 3 7 2 3
20120429 6 3 9 5 3 6
20120429 7 7 9 8 5 6
20120429 8 3 9 4 3 6
20120429 9 2 5 9 2 4
20120429 10 1 3 4 0 0
20120429 11 2 3 1 2 3
20120504 1 1 5 3 0 0
20120504 2 2 3 4 0 0
20120504 3 3 5 1 0 0
20120504 4 2 7 1 0 0
20120504 5 1 7 3 0 0
20120504 6 7 3 5 5 3
20120504 7 2 5 9 2 4
20120504 8 2 8 5 2 6
20120504 9 2 9 5 2 6
20120504 10 5 1 9 4 1
20120504 11 3 9 6 3 6
20120505 1 2 7 3 0 0
20120505 2 2 1 3 0 0
20120505 3 5 3 1 0 0
20120505 4 1 3 2 0 0
20120505 5 5 2 1 0 0
20120505 6 4 2 1 4 2
20120505 7 1 6 7 1 5
20120505 8 1 3 7 1 3
20120505 9 3 8 2 3 6
20120505 10 9 2 5 6 2
20120505 11 5 1 3 4 1
20120506 1 7 2 4 0 0
20120506 2 1 7 2 0 0
20120506 3 7 3 1 0 0
20120506 4 5 3 1 0 0
20120506 5 8 4 3 6 4
20120506 6 3 1 5 3 1
20120506 7 3 5 2 3 4
20120506 8 1 8 5 1 6
20120506 9 2 3 7 2 3
20120506 10 7 6 1 0 0
20120506 11 1 2 3 1 2
20120516 1 4 3 2 0 0
20120516 2 5 4 3 0 0
20120516 3 7 1 3 0 0
20120516 4 1 5 7 0 0
20120516 5 4 3 1 0 0
20120516 6 1 5 2 1 4
20120516 7 3 9 6 3 6
20120516 8 9 2 4 6 2
20120516 9 7 2 3 5 2
20120516 10 9 4 1 6 4
20120516 11 3 7 2 3 5
20120517 1 1 7 4 0 0
20120517 2 1 7 6 0 0
20120517 3 5 1 4 0 0
20120517 4 5 2 3 0 0
20120517 5 1 5 7 0 0
20120517 6 1 2 9 1 2
20120517 7 5 9 7 4 6
20120517 8 3 9 1 3 6
20120517 9 3 8 2 3 6
20120517 10 1 9 3 1 6
20120517 11 7 1 5 5 1
20120518 1 3 5 2 0 0
20120518 2 1 5 3 0 0
20120518 3 2 1 5 0 0
20120518 4 4 5 3 0 0
20120518 5 5 7 3 4 5
20120518 6 7 1 2 5 1
20120518 7 8 1 2 6 1
20120518 8 1 5 8 1 4
20120518 9 7 5 3 5 4
20120518 10 2 5 3 0 0
20120518 11 9 2 7 6 2
20120527 1 6 1 2 5 1
20120527 2 3 9 6 3 6
20120527 3 8 1 5 6 1
20120527 4 7 5 9 5 4
20120527 5 3 5 8 3 4
20120527 6 1 2 3 1 2
20120527 7 5 9 3 4 6
20120527 8 7 1 5 5 1
20120527 9 5 9 2 4 6
20120527 10 1 3 7 1 3
20120527 11 3 5 4 3 4
20120527 12 4 5 7 4 4
20120528 1 2 9 5 2 6
20120528 2 5 8 2 4 6
20120528 3 1 7 8 1 5
20120528 4 7 9 2 5 6
20120528 5 7 2 6 5 2
20120528 6 5 1 9 4 1
20120528 7 5 2 4 4 2
20120528 8 3 9 1 3 6
20120528 9 2 7 5 2 5
20120528 10 1 5 6 1 4
20120528 11 7 3 2 5 3
20120528 12 1 9 7 1 6
20120529 1 4 2 8 4 2
20120529 2 3 2 1 3 2
20120529 3 9 5 1 6 4
20120529 4 3 1 6 3 1
20120529 5 9 2 5 6 2
20120529 6 2 1 8 2 1
20120529 7 5 9 7 4 6
20120529 8 8 1 4 6 1
20120529 9 5 1 7 4 1
20120529 10 3 7 5 3 5
20120529 11 9 1 2 6 1
20120529 12 8 4 2 6 4
20120614 1 3 7 8 3 5
20120614 2 8 5 2 6 4
20120614 3 7 1 4 5 1
20120614 4 9 2 1 6 2
20120614 5 8 9 4 6 6
20120614 6 7 3 2 5 3
20120614 7 3 2 8 3 2
20120614 8 9 5 3 6 4
20120614 9 2 3 1 2 3
20120614 10 7 5 2 5 4
20120614 11 2 3 7 2 3
20120614 12 3 6 5 3 5
20120615 1 2 5 3 2 4
20120615 2 9 5 6 6 4
20120615 3 7 2 5 5 2
20120615 4 3 9 2 3 6
20120615 5 9 7 3 6 5
20120615 6 4 1 7 4 1
20120615 7 2 7 3 2 5
20120615 8 9 1 6 6 1
20120615 9 3 5 1 3 4
20120615 10 4 5 7 4 4
20120615 11 1 5 3 1 4
20120615 12 6 3 2 5 3
20120616 1 3 4 1 3 4
20120616 2 3 6 5 3 5
20120616 3 1 4 2 1 4
20120616 4 7 5 4 5 4
20120616 5 4 6 2 4 5
20120616 6 3 8 5 3 6
20120616 7 1 7 5 1 5
20120616 8 4 7 6 4 5
20120616 9 1 4 8 1 4
20120616 10 1 5 4 1 4
20120616 11 5 6 2 4 5
20120616 12 3 1 8 3 1
20120617 1 5 3 4 4 3
20120617 2 3 2 4 3 2
20120617 3 5 8 3 4 6
20120617 4 7 1 9 5 1
20120617 5 8 5 6 6 4
20120617 6 5 2 8 4 2
20120617 7 2 9 1 2 6
20120617 8 2 9 7 2 6
20120617 9 3 9 7 3 6
20120617 10 1 4 9 1 4
20120617 11 9 2 3 6 2
20120628 1 7 3 5 0 0
20120628 2 7 3 4 0 0
20120628 3 2 5 3 0 0
20120628 4 2 1 3 0 0
20120628 5 7 1 5 0 0
20120628 6 9 2 4 6 2
20120628 7 2 7 1 2 5
20120628 8 5 1 2 4 1
20120628 9 7 1 6 5 1
20120628 10 9 3 1 6 3
20120628 11 7 2 9 5 2
20120629 1 3 5 1 0 0
20120629 2 7 1 6 0 0
20120629 3 3 1 4 0 0
20120629 4 2 7 5 0 0
20120629 5 1 5 7 0 0
20120629 6 1 3 2 1 3
20120629 7 9 3 5 6 3
20120629 8 7 2 1 5 2
20120629 9 9 7 1 6 5
20120629 10 4 1 9 4 1
20120629 11 1 9 7 1 6
20120630 1 5 1 7 0 0
20120630 2 5 7 3 0 0
20120630 3 3 5 4 0 0
20120630 4 3 1 4 0 0
20120630 5 2 7 9 2 5
20120630 6 9 1 5 6 1
20120630 7 7 4 1 5 4
20120630 8 3 7 5 3 5
20120630 9 3 1 5 3 1
20120630 10 7 3 4 0 0
20120630 11 2 4 8 2 4
20120704 1 7 1 3 0 0
20120704 2 3 7 4 0 0
20120704 3 1 7 3 0 0
20120704 4 4 1 2 0 0
20120704 5 3 2 1 0 0
20120704 6 5 9 7 4 6
20120704 7 1 9 5 1 6
20120704 8 7 1 8 5 1
20120704 9 2 5 9 2 4
20120704 10 3 9 7 3 6
20120704 11 1 7 3 1 5
20120705 1 2 1 3 0 0
20120705 2 2 7 3 0 0
20120705 3 7 2 4 0 0
20120705 4 2 3 5 0 0
20120705 5 5 4 3 0 0
20120705 6 3 1 6 3 1
20120705 7 1 4 8 1 4
20120705 8 9 7 2 6 5
20120705 9 5 1 9 4 1
20120705 10 1 3 5 1 3
20120705 11 9 3 4 6 3
20120706 1 1 2 5 0 0
20120706 2 7 5 2 0 0
20120706 3 1 3 2 0 0
20120706 4 3 2 1 0 0
20120706 5 5 8 2 4 6
20120706 6 5 8 3 4 6
20120706 7 3 8 9 3 6
20120706 8 7 3 4 5 3
20120706 9 1 3 5 1 3
20120706 10 1 7 3 0 0
20120706 11 3 9 4 3 6
20120716 1 6 4 3 5 4
20120716 2 3 7 5 3 5
20120716 3 5 9 1 4 6
20120716 4 2 7 1 2 5
20120716 5 7 1 5 5 1
20120716 6 5 3 7 4 3
20120716 7 1 7 8 1 5
20120716 8 7 3 2 5 3
20120716 9 5 8 4 4 6
20120716 10 7 9 1 5 6
20120716 11 2 9 3 2 6
20120717 1 7 2 3 5 2
20120717 2 6 3 9 5 3
20120717 3 1 8 6 1 6
20120717 4 1 3 7 1 3
20120717 5 7 9 3 5 6
20120717 6 9 3 1 6 3
20120717 7 2 1 5 2 1
20120717 8 3 1 9 3 1
20120717 9 4 1 3 4 1
20120717 10 3 5 4 3 4
20120717 11 1 5 6 1 4
20120718 1 8 3 1 6 3
20120718 2 5 3 8 4 3
20120718 3 7 3 1 5 3
20120718 4 1 3 5 1 3
20120718 5 2 5 9 2 4
20120718 6 3 4 5 3 4
20120718 7 7 9 5 5 6
20120718 8 1 2 8 1 2
20120718 9 7 9 5 5 6
20120718 10 1 9 3 1 6
20120718 11 1 4 7 1 4
20120729 1 2 3 5 0 0
20120729 2 1 5 7 0 0
20120729 3 3 1 5 0 0
20120729 4 3 7 1 0 0
20120729 5 7 1 6 0 0
20120729 6 5 8 1 4 6
20120729 7 1 9 5 1 6
20120729 8 1 7 2 1 5
20120729 9 9 3 4 6 3
20120729 10 7 3 5 5 3
20120729 11 8 5 2 6 4
20120730 1 7 3 1 0 0
20120730 2 1 7 4 0 0
20120730 3 1 7 4 0 0
20120730 4 3 1 7 0 0
20120730 5 2 4 6 0 0
20120730 6 2 6 5 2 5
20120730 7 2 8 9 2 6
20120730 8 6 1 2 5 1
20120730 9 1 2 7 1 2
20120730 10 9 4 2 6 4
20120730 11 5 3 9 4 3
20120731 1 3 1 7 0 0
20120731 2 5 1 2 0 0
20120731 3 1 6 3 0 0
20120731 4 3 7 1 0 0
20120731 5 5 7 1 4 5
20120731 6 3 5 2 3 4
20120731 7 6 3 5 5 3
20120731 8 9 2 6 6 2
20120731 9 1 5 6 1 4
20120731 10 7 3 4 0 0
20120731 11 9 8 6 6 6
20120807 1 3 7 1 0 0
20120807 2 2 5 4 0 0
20120807 3 2 1 4 0 0
20120807 4 5 3 2 0 0
20120807 5 5 3 1 0 0
20120807 6 9 1 7 6 1
20120807 7 9 7 5 6 5
20120807 8 9 3 2 6 3
20120807 9 9 3 7 6 3
20120807 10 3 9 6 3 6
20120807 11 2 1 5 2 1
20120808 1 2 3 1 0 0
20120808 2 1 7 3 0 0
20120808 3 4 3 5 0 0
20120808 4 4 1 7 0 0
20120808 5 4 2 7 0 0
20120808 6 7 2 6 5 2
20120808 7 3 7 4 3 5
20120808 8 3 7 6 3 5
20120808 9 3 2 6 3 2
20120808 10 8 2 1 6 2
20120808 11 2 3 7 2 3
20120809 1 4 2 7 0 0
20120809 2 3 2 1 0 0
20120809 3 3 5 2 0 0
20120809 4 5 1 4 0 0
20120809 5 9 8 2 6 6
20120809 6 5 3 9 4 3
20120809 7 8 1 5 6 1
20120809 8 9 2 8 6 2
20120809 9 7 1 3 5 1
20120809 10 6 4 1 0 0
20120809 11 8 1 2 6 1
20120822 1 2 5 7 2 4
20120822 2 9 2 7 6 2
20120822 3 7 9 2 5 6
20120822 4 7 3 9 5 3
20120822 5 3 5 7 3 4
20120822 6 1 6 3 1 5
20120822 7 7 2 3 5 2
20120822 8 8 7 4 6 5
20120822 9 7 2 4 5 2
20120822 10 9 2 6 6 2
20120822 11 1 4 9 1 4
20120823 1 3 9 7 3 6
20120823 2 3 7 2 3 5
20120823 3 9 7 2 6 5
20120823 4 9 8 4 6 6
20120823 5 7 3 2 5 3
20120823 6 8 5 7 6 4
20120823 7 7 2 1 5 2
20120823 8 1 6 9 1 5
20120823 9 1 4 3 1 4
20120823 10 3 2 9 3 2
20120823 11 7 1 3 5 1
20120824 1 9 6 2 6 5
20120824 2 5 6 2 4 5
20120824 3 9 3 5 6 3
20120824 4 3 7 5 3 5
20120824 5 6 4 3 5 4
20120824 6 1 6 3 1 5
20120824 7 1 4 3 1 4
20120824 8 4 1 7 4 1
20120824 9 7 2 8 5 2
20120824 10 9 2 4 6 2
20120824 11 3 1 9 3 1
20120827 1 1 3 5 0 0
20120827 2 2 7 3 0 0
20120827 3 7 5 2 0 0
20120827 4 3 1 5 0 0
20120827 5 5 3 1 0 0
20120827 6 2 9 7 2 6
20120827 7 8 5 1 6 4
20120827 8 2 3 9 2 3
20120827 9 5 9 1 4 6
20120827 10 1 5 7 1 4
20120827 11 2 7 9 2 5
20120828 1 5 2 3 0 0
20120828 2 3 2 1 0 0
20120828 3 7 3 4 0 0
20120828 4 5 7 1 0 0
20120828 5 7 6 3 0 0
20120828 6 5 9 2 4 6
20120828 7 9 3 4 6 3
20120828 8 9 1 7 6 1
20120828 9 2 9 3 2 6
20120828 10 9 3 5 6 3
20120828 11 1 7 4 1 5
20120829 1 2 5 3 0 0
20120829 2 2 4 1 0 0
20120829 3 7 3 2 0 0
20120829 4 5 3 1 0 0
20120829 5 1 5 4 1 4
20120829 6 9 1 5 6 1
20120829 7 1 5 2 1 4
20120829 8 5 1 9 4 1
20120829 9 5 2 7 4 2
20120829 10 1 7 4 0 0
20120829 11 1 9 2 1 6
20120910 1 1 4 5 1 4
20120910 2 3 7 6 3 5
20120910 3 3 9 2 3 6
20120910 4 1 7 4 1 5
20120910 5 3 1 4 3 1
20120910 6 3 1 4 3 1
20120910 7 8 5 1 6 4
20120910 8 2 6 3 2 5
20120910 9 1 3 5 1 3
20120910 10 2 5 4 2 4
20120910 11 5 3 2 4 3
20120911 1 4 5 8 4 4
20120911 2 2 9 1 2 6
20120911 3 3 2 9 3 2
20120911 4 3 7 6 3 5
20120911 5 7 2 3 5 2
20120911 6 1 5 2 1 4
20120911 7 9 4 2 6 4
20120911 8 3 2 6 3 2
20120911 9 1 2 4 1 2
20120911 10 9 1 3 6 1
20120911 11 7 2 4 5 2
20120912 1 7 5 9 5 4
20120912 2 1 9 3 1 6
20120912 3 9 2 7 6 2
20120912 4 2 7 3 2 5
20120912 5 9 2 3 6 2
20120912 6 7 9 2 5 6
20120912 7 2 8 3 2 6
20120912 8 5 1 7 4 1
20120912 9 7 2 3 5 2
20120912 10 2 9 3 2 6
20120912 11 4 7 5 4 5
20120917 1 1 7 5 1 5
20120917 2 5 2 3 4 2
20120917 3 5 7 8 4 5
20120917 4 5 3 2 4 3
20120917 5 3 5 9 3 4
20120917 6 3 7 2 3 5
20120917 7 2 5 9 2 4
20120917 8 7 1 5 5 1
20120917 9 2 9 3 2 6
20120917 10 1 3 5 1 3
20120917 11 1 5 7 1 4
20120918 1 3 1 7 3 1
20120918 2 2 1 5 2 1
20120918 3 6 3 2 5 3
20120918 4 1 2 5 1 2
20120918 5 9 7 4 6 5
20120918 6 5 2 3 4 2
20120918 7 1 7 5 1 5
20120918 8 3 8 4 3 6
20120918 9 1 8 5 1 6
20120918 10 1 5 7 1 4
20120918 11 5 9 1 4 6
20120919 1 2 9 5 2 6
20120919 2 5 3 7 4 3
20120919 3 1 3 8 1 3
20120919 4 3 2 8 3 2
20120919 5 7 5 1 5 4
20120919 6 2 1 5 2 1
20120919 7 3 4 9 3 4
20120919 8 3 2 8 3 2
20120919 9 9 5 2 6 4
20120919 10 5 9 7 4 6
20120919 11 2 4 5 2 4
20120924 1 1 3 2 0 0
20120924 2 5 3 6 0 0
20120924 3 3 5 7 0 0
20120924 4 1 2 5 0 0
20120924 5 2 5 1 0 0
20120924 6 3 7 5 3 5
20120924 7 1 5 8 1 4
20120924 8 2 5 1 2 4
20120924 9 1 5 4 1 4
20120924 10 1 9 3 1 6
20120924 11 1 4 3 1 4
20120925 1 3 4 1 0 0
20120925 2 5 2 1 0 0
20120925 3 2 1 5 0 0
20120925 4 2 3 7 0 0
20120925 5 3 5 7 0 0
20120925 6 5 2 1 4 2
20120925 7 3 9 5 3 6
20120925 8 1 2 3 1 2
20120925 9 1 7 9 1 5
20120925 10 1 3 5 1 3
20120925 11 1 9 8 1 6
20120926 1 3 2 7 0 0
20120926 2 7 1 5 0 0
20120926 3 7 2 3 0 0
20120926 4 1 4 2 0 0
20120926 5 1 4 5 1 4
20120926 6 1 2 3 1 2
20120926 7 1 3 2 1 3
20120926 8 9 1 7 6 1
20120926 9 7 3 5 5 3
20120926 10 1 3 4 0 0
20120926 11 9 2 4 6 2
20121001 1 1 5 2 0 0
20121001 2 1 7 5 0 0
20121001 3 2 1 4 0 0
20121001 4 4 7 2 0 0
20121001 5 3 2 5 0 0
20121001 6 2 7 9 2 5
20121001 7 7 5 4 5 4
20121001 8 7 2 9 5 2
20121001 9 2 7 3 2 5
20121001 10 7 5 3 5 4
20121001 11 9 2 6 6 2
20121002 1 4 7 3 0 0
20121002 2 2 7 3 0 0
20121002 3 1 4 5 0 0
20121002 4 1 3 5 0 0
20121002 5 5 4 1 0 0
20121002 6 1 4 7 1 4
20121002 7 1 6 5 1 5
20121002 8 1 8 7 1 6
20121002 9 2 5 1 2 4
20121002 10 8 5 3 6 4
20121002 11 1 6 7 1 5
20121003 1 5 6 2 0 0
20121003 2 5 1 6 0 0
20121003 3 5 3 2 0 0
20121003 4 1 3 2 0 0
20121003 5 6 5 4 5 4
20121003 6 7 9 8 5 6
20121003 7 6 7 5 5 5
20121003 8 2 9 7 2 6
20121003 9 9 1 3 6 1
20121003 10 4 6 7 0 0
20121003 11 5 2 3 4 2
20121009 1 2 3 5 0 0
20121009 2 2 7 3 0 0
20121009 3 3 1 7 0 0
20121009 4 2 7 4 0 0
20121009 5 5 2 7 0 0
20121009 6 7 9 2 5 6
20121009 7 2 1 6 2 1
20121009 8 3 9 1 3 6
20121009 9 7 3 2 5 3
20121009 10 5 1 9 4 1
20121009 11 2 6 4 2 5
20121010 1 2 4 6 0 0
20121010 2 5 2 1 0 0
20121010 3 2 3 1 0 0
20121010 4 5 2 7 0 0
20121010 5 3 2 1 0 0
20121010 6 3 6 1 3 5
20121010 7 3 5 9 3 4
20121010 8 9 6 1 6 5
20121010 9 1 3 5 1 3
20121010 10 9 1 6 6 1
20121010 11 3 2 5 3 2
20121011 1 1 5 7 0 0
20121011 2 4 7 5 0 0
20121011 3 3 1 5 0 0
20121011 4 5 6 1 0 0
20121011 5 5 2 7 4 2
20121011 6 1 5 9 1 4
20121011 7 9 6 5 6 5
20121011 8 3 5 9 3 4
20121011 9 3 5 7 3 4
20121011 10 2 1 5 0 0
20121011 11 1 9 2 1 6
20121019 1 3 9 4 3 6
20121019 2 7 5 1 5 4
20121019 3 3 7 9 3 5
20121019 4 1 9 2 1 6
20121019 5 1 9 2 1 6
20121019 6 2 1 6 2 1
20121019 7 1 2 4 1 2
20121019 8 1 7 4 1 5
20121019 9 7 5 2 5 4
20121019 10 4 3 8 4 3
20121019 11 5 9 7 4 6
20121020 1 1 7 3 1 5
20121020 2 9 5 3 6 4
20121020 3 6 2 3 5 2
20121020 4 7 2 8 5 2
20121020 5 3 1 4 3 1
20121020 6 9 2 7 6 2
20121020 7 3 1 5 3 1
20121020 8 7 3 5 5 3
20121020 9 3 2 5 3 2
20121020 10 5 7 9 4 5
20121020 11 9 1 3 6 1
20121021 1 3 5 8 3 4
20121021 2 7 9 1 5 6
20121021 3 4 5 8 4 4
20121021 4 3 9 1 3 6
20121021 5 2 4 9 2 4
20121021 6 1 7 5 1 5
20121021 7 7 2 3 5 2
20121021 8 5 1 3 4 1
20121021 9 9 7 1 6 5
20121021 10 3 1 4 3 1
20121021 11 3 7 9 3 5
20130416 1 3 1 6 3 1
20130416 2 7 3 9 5 3
20130416 3 2 1 5 2 1
20130416 4 1 7 9 1 5
20130416 5 9 2 1 6 2
20130416 6 3 1 5 3 1
20130416 7 9 8 2 6 6
20130416 8 2 7 9 2 5
20130416 9 9 7 2 6 5
20130416 10 2 7 3 2 5
20130416 11 7 3 1 5 3
20130417 1 1 7 4 1 5
20130417 2 5 1 2 4 1
20130417 3 1 7 8 1 5
20130417 4 7 1 5 5 1
20130417 5 1 3 8 1 3
20130417 6 2 9 3 2 6
20130417 7 4 8 1 4 6
20130417 8 1 7 9 1 5
20130417 9 3 1 2 3 1
20130417 10 7 2 1 5 2
20130417 11 5 1 7 4 1
20130418 1 3 8 7 3 6
20130418 2 3 4 9 3 4
20130418 3 5 7 1 4 5
20130418 4 5 4 2 4 4
20130418 5 9 6 1 6 5
20130418 6 2 7 3 2 5
20130418 7 1 5 2 1 4
20130418 8 1 8 5 1 6
20130418 9 2 8 5 2 6
20130418 10 1 5 2 1 4
20130418 11 1 3 2 1 3
20130425 1 7 4 1 0 0
20130425 2 4 5 2 0 0
20130425 3 5 2 4 0 0
20130425 4 7 4 1 0 0
20130425 5 5 3 1 0 0
20130425 6 8 9 7 6 6
20130425 7 3 8 4 3 6
20130425 8 1 7 8 1 5
20130425 9 9 2 6 6 2
20130425 10 9 1 7 6 1
20130426 1 2 1 5 0 0
20130426 2 3 1 4 0 0
20130426 3 7 4 1 0 0
20130426 4 7 3 2 0 0
20130426 5 1 4 2 0 0
20130426 6 3 9 2 3 6
20130426 7 5 9 1 4 6
20130426 8 9 1 8 6 1
20130426 9 2 3 5 2 3
20130426 10 5 7 9 4 5
20130427 1 7 3 4 0 0
20130427 2 4 7 2 0 0
20130427 3 2 6 1 0 0
20130427 4 7 4 5 0 0
20130427 5 3 7 5 3 6
20130427 6 8 3 5 6 3
20130427 7 8 9 2 6 6
20130427 8 7 4 9 5 4
20130427 9 4 7 5 0 0
20130427 10 9 1 3 6 1
20130504 1 7 4 2 0 0
20130504 2 5 1 7 0 0
20130504 3 5 3 2 0 0
20130504 4 2 1 3 0 0
20130504 5 7 2 4 0 0
20130504 6 1 7 9 1 5
20130504 7 1 4 7 1 4
20130504 8 5 1 2 4 1
20130504 9 9 4 1 6 4
20130504 10 9 1 4 6 1
20130505 1 7 2 1 0 0
20130505 2 4 5 3 0 0
20130505 3 4 7 6 0 0
20130505 4 5 7 4 0 0
20130505 5 1 5 3 0 0
20130505 6 9 2 1 6 2
20130505 7 1 3 9 1 3
20130505 8 2 6 7 2 5
20130505 9 1 3 2 1 3
20130505 10 5 1 4 4 1
20130506 1 3 4 2 0 0
20130506 2 1 3 2 0 0
20130506 3 2 6 5 0 0
20130506 4 4 2 1 0 0
20130506 5 5 3 7 4 3
20130506 6 5 1 3 4 1
20130506 7 9 3 1 6 3
20130506 8 3 5 8 3 4
20130506 9 7 6 5 0 0
20130506 10 9 2 7 6 2
20130514 1 5 2 1 0 0
20130514 2 3 5 7 0 0
20130514 3 3 5 1 0 0
20130514 4 5 1 7 0 0
20130514 5 2 4 7 0 0
20130514 6 5 7 2 4 5
20130514 7 9 2 5 6 2
20130514 8 4 3 7 4 3
20130514 9 7 3 2 5 3
20130514 10 6 9 2 5 6
20130515 1 1 3 2 0 0
20130515 2 3 2 7 0 0
20130515 3 4 7 3 0 0
20130515 4 4 1 2 0 0
20130515 5 4 3 5 0 0
20130515 6 3 2 8 3 2
20130515 7 3 6 7 3 5
20130515 8 7 1 2 5 1
20130515 9 9 7 1 6 5
20130515 10 3 1 7 3 1
20130516 1 3 1 5 0 0
20130516 2 2 3 1 0 0
20130516 3 7 2 1 0 0
20130516 4 1 4 3 0 0
20130516 5 9 3 8 6 3
20130516 6 4 9 1 4 6
20130516 7 2 5 9 2 4
20130516 8 9 5 1 6 4
20130516 9 1 4 2 0 0
20130516 10 1 6 5 1 5
20130522 1 3 1 5 3 1
20130522 2 3 1 9 3 1
20130522 3 1 3 5 1 3
20130522 4 5 1 7 4 1
20130522 5 1 9 7 1 6
20130522 6 7 3 1 5 3
20130522 7 9 3 4 6 3
20130522 8 7 5 1 5 4
20130522 9 1 3 2 1 3
20130522 10 1 7 3 1 5
20130522 11 2 5 8 2 4
20130523 1 7 5 2 5 4
20130523 2 3 7 2 3 5
20130523 3 1 7 3 1 5
20130523 4 5 4 3 4 4
20130523 5 5 9 1 4 6
20130523 6 1 5 2 1 4
20130523 7 3 2 8 3 2
20130523 8 3 9 2 3 6
20130523 9 1 8 3 1 6
20130523 10 1 9 6 1 6
20130523 11 3 1 2 3 1
20130524 1 1 7 4 1 5
20130524 2 8 5 9 6 4
20130524 3 8 1 7 6 1
20130524 4 3 9 5 3 6
20130524 5 3 9 1 3 6
20130524 6 8 2 3 6 2
20130524 7 7 5 3 5 4
20130524 8 3 4 9 3 4
20130524 9 5 3 2 4 3
20130524 10 8 2 9 6 2
20130524 11 5 7 8 4 5
20130531 1 3 7 1 3 5
20130531 2 2 9 4 2 6
20130531 3 2 9 7 2 6
20130531 4 9 1 7 6 1
20130531 5 7 5 9 5 4
20130531 6 9 7 1 6 5
20130531 7 1 2 9 1 2
20130531 8 1 9 2 1 6
20130531 9 9 3 4 6 3
20130531 10 2 7 9 2 5
20130531 11 1 7 4 1 5
20130601 1 5 4 3 4 4
20130601 2 3 7 5 3 5
20130601 3 7 1 4 5 1
20130601 4 1 5 3 1 4
20130601 5 2 7 9 2 5
20130601 6 1 7 4 1 5
20130601 7 2 7 3 2 5
20130601 8 3 2 1 3 2
20130601 9 9 5 1 6 4
20130601 10 5 2 1 4 2
20130601 11 9 3 5 6 3
20130602 1 1 3 5 1 3
20130602 2 5 9 7 4 6
20130602 3 5 7 4 4 5
20130602 4 1 8 2 1 6
20130602 5 7 3 1 5 3
20130602 6 1 8 9 1 6
20130602 7 2 5 6 2 4
20130602 8 2 7 1 2 5
20130602 9 3 6 9 3 5
20130602 10 9 2 5 6 2
20130602 11 1 9 7 1 6
20130603 1 5 4 2 5 4
20130603 2 1 6 5 1 5
20130603 3 5 4 8 4 4
20130603 4 3 2 9 3 2
20130603 5 7 1 3 5 1
20130603 6 1 9 7 1 6
20130603 7 1 9 3 1 6
20130603 8 1 7 2 1 5
20130603 9 1 6 7 1 5
20130603 10 5 7 4 4 5
20130603 11 2 4 3 2 4
20130610 1 1 5 3 1 4
20130610 2 5 3 4 4 3
20130610 3 5 3 8 4 3
20130610 4 3 7 2 3 5
20130610 5 1 9 5 1 6
20130610 6 2 9 5 2 6
20130610 7 7 1 9 5 1
20130610 8 5 3 2 4 3
20130610 9 3 1 9 3 1
20130610 10 5 3 2 4 3
20130610 11 1 7 8 1 5
20130611 1 2 7 5 2 5
20130611 2 4 7 8 4 5
20130611 3 9 5 3 6 4
20130611 4 3 7 1 3 5
20130611 5 1 9 5 1 6
20130611 6 1 7 9 1 5
20130611 7 4 2 6 4 2
20130611 8 2 3 9 2 3
20130611 9 9 7 5 6 5
20130611 10 1 2 3 1 2
20130611 11 3 4 1 3 4
20130612 1 9 3 2 6 3
20130612 2 7 1 9 5 1
20130612 3 7 9 1 5 6
20130612 4 9 2 1 6 2
20130612 5 9 1 6 6 1
20130612 6 8 1 6 6 1
20130612 7 5 3 7 4 3
20130612 8 9 5 1 6 4
20130612 9 3 7 9 3 5
20130612 10 3 7 1 3 5
20130612 11 2 9 4 2 6
20130702 1 7 5 1 0 0
20130702 2 3 5 1 0 0
20130702 3 7 5 6 0 0
20130702 4 7 5 2 0 0
20130702 5 2 5 1 0 0
20130702 6 1 4 2 1 4
20130702 7 1 9 7 1 6
20130702 8 9 4 1 6 4
20130702 9 3 7 9 3 5
20130702 10 1 7 9 1 5
20130703 1 3 2 4 0 0
20130703 2 5 4 1 0 0
20130703 3 6 4 7 0 0
20130703 4 3 4 7 0 0
20130703 5 3 1 2 0 0
20130703 6 9 3 7 6 3
20130703 7 6 5 7 5 4
20130703 8 3 5 8 3 4
20130703 9 3 2 4 3 2
20130703 10 2 5 7 2 4
20130704 1 3 5 2 0 0
20130704 2 2 3 4 0 0
20130704 3 1 3 4 0 0
20130704 4 7 1 5 0 0
20130704 5 3 5 6 3 4
20130704 6 9 7 2 6 5
20130704 7 1 9 2 1 6
20130704 8 5 4 2 4 4
20130704 9 3 5 6 0 0
20130704 10 7 1 9 5 1
20130715 1 7 1 2 5 1
20130715 2 9 2 4 6 2
20130715 3 5 2 3 4 2
20130715 4 2 7 5 2 5
20130715 5 9 2 6 6 2
20130715 6 7 2 9 5 2
20130715 7 2 1 9 2 1
20130715 8 1 2 7 1 2
20130715 9 3 9 2 3 6
20130715 10 3 2 4 3 2
20130715 11 9 7 5 6 5
20130716 1 3 6 2 3 5
20130716 2 3 7 9 3 5
20130716 3 1 2 7 1 2
20130716 4 5 2 3 4 2
20130716 5 7 1 2 5 1
20130716 6 1 9 5 1 6
20130716 7 9 7 5 6 5
20130716 8 5 1 3 4 1
20130716 9 4 7 2 4 5
20130716 10 2 7 9 2 5
20130716 11 3 1 7 3 1
20130717 1 9 5 6 6 4
20130717 2 1 5 8 1 4
20130717 3 9 1 7 6 1
20130717 4 3 9 8 3 6
20130717 5 3 4 9 3 4
20130717 6 6 1 4 5 1
20130717 7 2 1 6 2 1
20130717 8 2 7 3 2 5
20130717 9 3 6 2 3 5
20130717 10 4 3 7 4 3
20130717 11 5 9 2 4 6
20130724 1 3 4 2 0 0
20130724 2 3 7 2 0 0
20130724 3 7 3 5 0 0
20130724 4 1 5 3 0 0
20130724 5 2 5 3 0 0
20130724 6 1 2 7 1 2
20130724 7 1 7 3 1 5
20130724 8 9 7 3 6 5
20130724 9 7 2 1 5 2
20130724 10 5 9 2 4 6
20130725 1 1 4 3 0 0
20130725 2 4 3 7 0 0
20130725 3 3 1 4 0 0
20130725 4 1 3 5 0 0
20130725 5 5 7 2 0 0
20130725 6 7 1 4 5 1
20130725 7 2 3 9 2 3
20130725 8 5 1 9 4 1
20130725 9 1 9 7 1 6
20130725 10 2 5 9 2 4
20130726 1 5 2 3 0 0
20130726 2 7 4 1 0 0
20130726 3 1 4 3 0 0
20130726 4 3 5 7 0 0
20130726 5 9 1 7 6 1
20130726 6 9 2 5 6 2
20130726 7 7 2 8 5 2
20130726 8 7 1 9 5 1
20130726 9 3 7 5 0 0
20130726 10 5 1 7 4 1
20130807 1 2 7 4 0 0
20130807 2 4 3 7 0 0
20130807 3 4 2 5 0 0
20130807 4 7 3 2 0 0
20130807 5 5 2 4 0 0
20130807 6 3 5 4 3 4
20130807 7 7 1 5 5 1
20130807 8 2 7 3 2 5
20130807 9 1 9 2 1 6
20130807 10 9 5 1 6 4
20130808 1 4 5 7 0 0
20130808 2 3 7 6 0 0
20130808 3 2 3 1 0 0
20130808 4 5 1 7 0 0
20130808 5 2 3 1 0 0
20130808 6 1 4 8 1 4
20130808 7 7 9 3 5 6
20130808 8 1 5 8 1 4
20130808 9 9 7 5 6 5
20130808 10 9 3 2 6 3
20130809 1 2 5 7 0 0
20130809 2 1 5 7 0 0
20130809 3 2 7 5 0 0
20130809 4 1 5 7 0 0
20130809 5 3 9 8 3 6
20130809 6 9 1 5 6 1
20130809 7 4 9 1 4 6
20130809 8 3 4 6 3 4
20130809 9 3 5 2 0 0
20130809 10 2 9 1 2 6
20130812 1 2 9 5 2 6
20130812 2 7 2 3 5 2
20130812 3 9 1 4 6 1
20130812 4 5 9 2 4 6
20130812 5 3 7 9 3 5
20130812 6 2 7 4 2 5
20130812 7 7 2 4 5 2
20130812 8 7 5 2 5 4
20130812 9 1 9 5 1 6
20130812 10 1 5 3 1 4
20130812 11 7 9 2 5 6
20130813 1 7 8 4 5 6
20130813 2 9 7 5 6 5
20130813 3 2 9 7 2 6
20130813 4 3 4 6 3 4
20130813 5 1 7 5 1 5
20130813 6 1 3 2 1 3
20130813 7 7 1 4 5 1
20130813 8 7 9 4 5 6
20130813 9 9 2 7 6 2
20130813 10 3 1 9 3 1
20130813 11 1 7 3 1 5
20130814 1 4 3 2 4 3
20130814 2 3 1 9 3 1
20130814 3 4 9 2 4 6
20130814 4 5 2 7 4 2
20130814 5 1 5 7 1 4
20130814 6 5 1 3 4 1
20130814 7 1 3 7 1 3
20130814 8 8 6 7 6 5
20130814 9 3 1 8 3 1
20130814 10 1 7 8 1 5
20130814 11 9 7 4 6 5
20130826 1 7 5 3 0 0
20130826 2 3 2 1 0 0
20130826 3 4 2 7 0 0
20130826 4 1 5 3 0 0
20130826 5 3 2 6 0 0
20130826 6 3 7 5 3 5
20130826 7 3 6 1 3 5
20130826 8 9 3 5 6 3
20130826 9 1 7 5 1 5
20130826 10 6 3 9 5 3
20130827 1 7 4 3 0 0
20130827 2 2 7 4 0 0
20130827 3 1 2 5 0 0
20130827 4 5 7 1 0 0
20130827 5 3 2 7 0 0
20130827 6 5 7 6 4 5
20130827 7 3 7 4 3 5
20130827 8 9 1 2 6 1
20130827 9 7 3 6 5 3
20130827 10 9 2 7 6 2
20130828 1 4 2 3 0 0
20130828 2 5 4 6 0 0
20130828 3 4 2 3 0 0
20130828 4 1 2 5 0 0
20130828 5 9 2 7 6 2
20130828 6 9 5 1 6 4
20130828 7 3 7 2 3 5
20130828 8 2 4 3 2 4
20130828 9 5 3 1 0 0
20130828 10 9 7 1 6 5
20130902 1 7 1 2 0 0
20130902 2 1 4 7 0 0
20130902 3 5 2 3 0 0
20130902 4 7 1 2 0 0
20130902 5 7 2 4 0 0
20130902 6 9 4 7 6 4
20130902 7 3 7 8 3 5
20130902 8 3 8 1 3 6
20130902 9 7 1 3 5 1
20130902 10 1 2 8 1 2
20130903 1 7 4 1 0 0
20130903 2 1 7 2 0 0
20130903 3 5 1 2 0 0
20130903 4 6 2 5 0 0
20130903 5 5 1 7 0 0
20130903 6 3 9 8 3 6
20130903 7 7 1 3 5 1
20130903 8 5 7 2 4 5
20130903 9 2 1 7 2 1
20130903 10 9 7 5 6 5
20130904 1 3 5 1 0 0
20130904 2 1 4 5 0 0
20130904 3 1 3 2 0 0
20130904 4 5 1 2 0 0
20130904 5 3 5 2 3 4
20130904 6 1 5 7 1 4
20130904 7 9 1 5 6 1
20130904 8 1 9 7 1 6
20130904 9 3 7 1 0 0
20130904 10 6 4 1 5 4
20130909 1 7 1 2 0 0
20130909 2 5 7 4 0 0
20130909 3 2 1 7 0 0
20130909 4 1 4 2 0 0
20130909 5 5 2 7 0 0
20130909 6 3 9 7 3 6
20130909 7 1 7 4 1 5
20130909 8 5 1 3 4 1
20130909 9 3 5 1 3 4
20130909 10 7 1 3 5 1
20130910 1 4 1 7 0 0
20130910 2 5 7 3 0 0
20130910 3 5 3 1 0 0
20130910 4 7 1 4 0 0
20130910 5 3 5 7 0 0
20130910 6 3 4 7 3 4
20130910 7 7 8 3 5 6
20130910 8 7 1 3 5 1
20130910 9 2 5 6 2 4
20130910 10 1 9 7 1 6
20130911 1 5 2 1 0 0
20130911 2 3 5 7 0 0
20130911 3 3 7 2 0 0
20130911 4 3 6 2 0 0
20130911 5 8 3 9 6 3
20130911 6 5 7 2 4 5
20130911 7 1 8 6 1 6
20130911 8 3 8 5 3 6
20130911 9 6 5 7 0 0
20130911 10 2 3 4 2 3
20130915 1 9 3 2 6 3
20130915 2 9 3 2 6 3
20130915 3 1 7 9 1 5
20130915 4 3 7 8 3 5
20130915 5 1 9 7 1 6
20130915 6 9 7 1 6 5
20130915 7 7 3 6 5 3
20130915 8 1 9 4 1 6
20130915 9 3 9 2 3 6
20130915 10 5 1 4 4 1
20130915 11 5 2 9 4 2
20130916 1 5 2 1 4 2
20130916 2 7 1 3 5 1
20130916 3 1 2 6 1 2
20130916 4 9 5 3 6 4
20130916 5 5 3 2 4 3
20130916 6 7 5 1 5 4
20130916 7 7 2 3 5 2
20130916 8 3 9 2 3 6
20130916 9 6 9 2 5 6
20130916 10 3 2 4 3 2
20130916 11 3 4 2 3 4
20130917 1 1 3 8 1 3
20130917 2 9 2 3 6 2
20130917 3 5 1 4 4 1
20130917 4 7 1 8 5 1
20130917 5 3 7 2 3 5
20130917 6 3 2 9 3 2
20130917 7 3 4 8 3 4
20130917 8 5 1 3 4 1
20130917 9 3 5 2 3 4
20130917 10 9 2 1 6 2
20130917 11 8 9 6 6 6
20131006 1 2 7 1 0 0
20131006 2 7 1 3 0 0
20131006 3 2 4 3 0 0
20131006 4 1 2 5 0 0
20131006 5 3 4 7 0 0
20131006 6 3 5 8 3 4
20131006 7 2 4 7 2 4
20131006 8 5 8 4 4 6
20131006 9 9 7 2 6 5
20131006 10 3 5 2 3 4
20131007 1 4 2 1 0 0
20131007 2 2 5 4 0 0
20131007 3 4 1 3 0 0
20131007 4 7 4 6 0 0
20131007 5 5 4 2 0 0
20131007 6 7 4 5 5 4
20131007 7 1 3 7 1 3
20131007 8 1 8 7 1 6
20131007 9 7 1 6 5 1
20131007 10 7 4 1 5 4
20131008 1 2 7 3 0 0
20131008 2 5 1 4 0 0
20131008 3 5 3 7 0 0
20131008 4 4 1 2 0 0
20131008 5 1 7 9 1 5
20131008 6 1 7 5 1 5
20131008 7 3 7 2 3 5
20131008 8 2 5 4 2 4
20131008 9 7 3 4 0 0
20131008 10 3 1 9 3 1
20131019 1 9 5 7 6 4
20131019 2 5 3 2 4 3
20131019 3 9 1 7 6 1
20131019 4 5 1 7 4 1
20131019 5 7 1 8 5 1
20131019 6 9 2 1 6 2
20131019 7 3 1 5 3 1
20131019 8 5 1 4 4 1
20131019 9 7 5 8 5 4
20131019 10 2 7 9 2 5
20131019 11 1 3 6 1 3
20131020 1 7 2 5 5 2
20131020 2 2 5 7 2 4
20131020 3 4 7 6 4 5
20131020 4 5 1 7 4 1
20131020 5 9 7 3 6 5
20131020 6 3 1 2 3 1
20131020 7 2 7 9 2 5
20131020 8 3 1 7 3 1
20131020 9 1 9 3 1 6
20131020 10 3 7 4 3 5
20131020 11 5 3 7 4 3
20131021 1 2 7 9 2 5
20131021 2 3 1 9 3 1
20131021 3 3 1 8 3 1
20131021 4 2 1 9 2 1
20131021 5 1 7 9 1 5
20131021 6 3 6 9 3 5
20131021 7 4 1 7 4 1
20131021 8 9 3 2 6 3
20131021 9 9 1 3 6 1
20131021 10 3 9 1 3 6
20131021 11 1 4 8 1 4
20140410 1 7 2 5 0 0
20140410 2 5 1 4 0 0
20140410 3 5 1 3 0 0
20140410 4 2 7 4 0 0
20140410 5 3 5 7 0 0
20140410 6 4 6 5 0 0
20140410 7 4 6 7 0 0
20140410 8 2 5 1 2 4
20140410 9 7 1 9 5 1
20140410 10 1 3 9 1 3
20140410 11 9 7 2 6 5
20140410 12 3 7 6 3 5
20140411 1 3 5 7 0 0
20140411 2 7 5 2 0 0
20140411 3 5 4 6 0 0
20140411 4 1 5 3 0 0
20140411 5 1 7 3 0 0
20140411 6 3 1 7 0 0
20140411 7 3 4 1 0 0
20140411 8 1 9 3 1 6
20140411 9 7 4 3 5 4
20140411 10 3 1 7 3 1
20140411 11 1 3 8 1 3
20140411 12 2 7 3 2 5
20140412 1 5 6 7 0 0
20140412 2 1 5 3 0 0
20140412 3 1 3 5 0 0
20140412 4 3 6 7 0 0
20140412 5 2 6 4 0 0
20140412 6 9 7 2 6 5
20140412 7 2 4 7 2 4
20140412 8 4 3 8 4 3
20140412 9 4 8 5 4 6
20140412 10 6 2 5 0 0
20140412 11 4 3 2 0 0
20140412 12 1 9 4 1 6
20140419 1 2 7 5 2 5
20140419 2 9 7 4 6 5
20140419 3 5 8 1 4 6
20140419 4 2 9 4 2 6
20140419 5 2 9 1 2 6
20140419 6 3 7 1 3 5
20140419 7 2 1 7 2 1
20140419 8 3 7 5 3 5
20140419 9 7 9 3 5 6
20140419 10 1 4 6 1 4
20140419 11 9 2 4 6 2
20140420 1 5 3 6 4 3
20140420 2 4 9 2 4 6
20140420 3 2 3 8 2 3
20140420 4 2 9 3 2 6
20140420 5 9 5 7 6 4
20140420 6 7 9 1 5 6
20140420 7 1 8 4 1 6
20140420 8 7 5 9 5 4
20140420 9 7 2 9 5 2
20140420 10 6 3 7 5 3
20140420 11 3 8 2 3 6
20140421 1 9 6 1 6 5
20140421 2 3 7 9 3 5
20140421 3 9 5 1 6 4
20140421 4 1 2 7 1 2
20140421 5 5 1 7 4 1
20140421 6 7 3 4 5 3
20140421 7 3 4 5 3 4
20140421 8 7 5 2 5 4
20140421 9 1 9 7 1 6
20140421 10 3 5 7 3 4
20140421 11 7 1 9 5 1
20140429 1 5 2 7 4 2
20140429 2 1 3 8 1 3
20140429 3 5 9 2 4 6
20140429 4 9 2 7 6 2
20140429 5 5 1 2 4 1
20140429 6 3 4 5 3 4
20140429 7 2 7 9 2 5
20140429 8 3 2 4 3 2
20140429 9 2 7 4 2 5
20140429 10 3 1 4 3 1
20140429 11 3 9 7 3 6
20140430 1 3 8 6 3 6
20140430 2 9 2 5 6 2
20140430 3 6 3 5 5 3
20140430 4 2 9 5 2 6
20140430 5 9 3 5 6 3
20140430 6 5 7 2 4 5
20140430 7 7 2 5 5 2
20140430 8 5 2 8 4 2
20140430 9 7 9 5 5 6
20140430 10 4 3 1 4 3
20140430 11 7 9 3 5 6
20140501 1 3 4 2 3 4
20140501 2 9 1 5 6 1
20140501 3 5 2 1 4 2
20140501 4 9 1 5 6 1
20140501 5 1 4 7 1 4
20140501 6 9 7 1 6 5
20140501 7 4 5 9 4 4
20140501 8 3 1 2 3 1
20140501 9 1 5 4 1 4
20140501 10 9 2 7 6 2
20140501 11 8 3 4 6 3
20140507 1 7 5 2 0 0
20140507 2 2 7 5 0 0
20140507 3 1 7 5 0 0
20140507 4 3 5 7 0 0
20140507 5 7 2 5 0 0
20140507 6 4 1 3 4 1
20140507 7 7 3 8 5 3
20140507 8 2 1 9 2 1
20140507 9 1 7 3 1 5
20140507 10 7 3 8 5 3
20140508 1 4 7 3 0 0
20140508 2 3 6 5 0 0
20140508 3 4 2 3 0 0
20140508 4 4 1 7 0 0
20140508 5 3 1 4 0 0
20140508 6 3 6 5 3 5
20140508 7 1 3 9 1 3
20140508 8 4 8 9 4 6
20140508 9 9 5 3 6 4
20140508 10 1 7 5 1 5
20140509 1 5 4 1 0 0
20140509 2 2 4 3 0 0
20140509 3 7 2 4 0 0
20140509 4 7 1 3 0 0
20140509 5 7 3 2 5 3
20140509 6 9 2 5 6 2
20140509 7 3 8 2 3 6
20140509 8 6 9 2 5 6
20140509 9 3 1 5 0 0
20140509 10 3 7 2 3 5
20140612 1 2 1 7 0 0
20140612 2 2 3 4 0 0
20140612 3 1 3 5 0 0
20140612 4 3 4 1 0 0
20140612 5 1 5 4 0 0
20140612 6 6 2 1 0 0
20140612 7 7 5 1 0 0
20140612 8 7 4 1 5 4
20140612 9 1 9 7 1 6
20140612 10 3 1 7 3 1
20140612 11 9 8 2 6 6
20140612 12 2 5 3 2 4
20140613 1 5 2 3 0 0
20140613 2 7 4 3 0 0
20140613 3 7 1 3 0 0
20140613 4 4 3 2 0 0
20140613 5 4 3 5 0 0
20140613 6 3 4 2 0 0
20140613 7 2 4 6 0 0
20140613 8 9 5 3 6 4
20140613 9 3 5 2 3 4
20140613 10 3 2 7 3 2
20140613 11 2 9 1 2 6
20140613 12 5 7 3 4 5
20140614 1 1 2 6 0 0
20140614 2 4 7 5 0 0
20140614 3 2 5 6 0 0
20140614 4 6 5 2 0 0
20140614 5 1 4 7 0 0
20140614 6 2 3 1 2 3
20140614 7 7 1 5 5 1
20140614 8 5 3 1 4 3
20140614 9 5 2 1 4 2
20140614 10 4 2 1 0 0
20140614 11 5 1 2 0 0
20140614 12 1 7 9 1 5
20140623 1 9 1 2 6 1
20140623 2 9 7 4 6 5
20140623 3 5 3 9 4 3
20140623 4 1 5 2 1 4
20140623 5 2 5 9 2 4
20140623 6 2 4 3 2 4
20140623 7 3 2 4 3 2
20140623 8 1 2 5 1 2
20140623 9 5 7 3 4 5
20140623 10 1 3 6 1 3
20140623 11 1 3 2 1 3
20140624 1 1 9 6 1 6
20140624 2 5 3 1 4 3
20140624 3 1 8 7 1 6
20140624 4 7 2 3 5 2
20140624 5 7 2 1 5 2
20140624 6 9 2 1 6 2
20140624 7 7 9 2 5 6
20140624 8 3 9 1 3 6
20140624 9 9 3 1 6 3
20140624 10 9 1 3 6 1
20140624 11 5 3 9 4 3
20140625 1 6 2 1 5 2
20140625 2 2 7 5 2 5
20140625 3 5 9 1 4 6
20140625 4 2 9 5 2 6
20140625 5 2 5 9 2 4
20140625 6 2 5 9 2 4
20140625 7 1 5 4 1 4
20140625 8 9 2 1 6 2
20140625 9 1 5 2 1 4
20140625 10 3 5 1 3 4
20140625 11 1 6 3 1 5
20140702 1 4 1 7 0 0
20140702 2 2 7 5 0 0
20140702 3 1 5 3 0 0
20140702 4 2 1 7 0 0
20140702 5 7 4 2 0 0
20140702 6 3 9 2 3 6
20140702 7 7 5 8 5 4
20140702 8 3 5 8 3 4
20140702 9 7 1 2 5 1
20140702 10 1 9 3 1 6
20140703 1 7 2 5 0 0
20140703 2 4 5 2 0 0
20140703 3 2 6 3 0 0
20140703 4 5 4 2 0 0
20140703 5 7 1 4 0 0
20140703 6 3 5 1 3 4
20140703 7 7 9 5 5 6
20140703 8 3 2 8 3 2
20140703 9 3 5 9 3 4
20140703 10 5 1 3 4 1
20140704 1 7 3 5 0 0
20140704 2 5 4 1 0 0
20140704 3 1 2 3 0 0
20140704 4 4 1 5 0 0
20140704 5 1 3 7 1 3
20140704 6 7 8 1 5 6
20140704 7 2 5 3 2 4
20140704 8 7 2 5 5 2
20140704 9 3 4 7 0 0
20140704 10 6 1 9 5 1
20140708 1 3 4 2 0 0
20140708 2 1 5 4 0 0
20140708 3 3 1 7 0 0
20140708 4 7 5 1 0 0
20140708 5 3 2 1 0 0
20140708 6 4 2 5 4 2
20140708 7 3 2 7 3 2
20140708 8 2 9 5 2 6
20140708 9 3 9 4 3 6
20140708 10 7 2 8 5 2
20140709 1 7 2 3 0 0
20140709 2 5 6 1 0 0
20140709 3 5 3 2 0 0
20140709 4 2 5 3 0 0
20140709 5 1 5 2 0 0
20140709 6 1 7 9 1 5
20140709 7 3 7 5 3 5
20140709 8 5 9 8 4 6
20140709 9 9 1 5 6 1
20140709 10 9 1 3 6 1
20140710 1 2 3 5 0 0
20140710 2 5 4 1 0 0
20140710 3 2 7 3 0 0
20140710 4 5 2 7 0 0
20140710 5 5 9 2 4 6
20140710 6 7 1 9 5 1
20140710 7 1 7 5 1 5
20140710 8 7 5 2 5 4
20140710 9 4 7 2 0 0
20140710 10 2 4 5 2 4
20140726 1 7 9 2 5 6
20140726 2 9 3 1 6 3
20140726 3 1 2 7 1 2
20140726 4 3 7 5 3 5
20140726 5 7 3 8 5 3
20140726 6 7 5 1 5 4
20140726 7 7 9 3 5 6
20140726 8 7 1 6 5 1
20140726 9 5 3 4 4 3
20140726 10 6 7 3 5 5
20140726 11 5 3 1 4 3
20140726 12 1 9 7 1 6
20140727 1 3 5 2 3 4
20140727 2 3 7 6 3 5
20140727 3 9 3 8 6 3
20140727 4 3 5 2 3 4
20140727 5 9 5 2 6 4
20140727 6 7 1 6 5 1
20140727 7 8 3 6 6 3
20140727 8 3 4 7 3 4
20140727 9 3 4 1 3 4
20140727 10 2 1 7 2 1
20140727 11 7 2 3 5 2
20140727 12 2 6 1 2 5
20140728 1 1 7 9 1 5
20140728 2 1 7 6 1 5
20140728 3 2 8 5 2 6
20140728 4 1 5 7 1 4
20140728 5 7 3 1 5 3
20140728 6 7 9 5 5 6
20140728 7 3 2 1 3 2
20140728 8 3 4 2 3 4
20140728 9 7 5 1 5 4
20140728 10 2 8 1 2 6
20140728 11 9 5 7 6 4
20140728 12 1 9 5 1 6
20140729 1 2 5 3 2 4
20140729 2 6 3 2 5 3
20140729 3 9 4 6 6 4
20140729 4 9 2 7 6 2
20140729 5 4 1 5 4 1
20140729 6 7 5 9 5 4
20140729 7 7 2 1 5 2
20140729 8 7 2 3 5 2
20140729 9 8 1 7 6 1
20140729 10 3 9 7 3 6
20140729 11 4 1 7 4 1
20140805 1 3 7 1 0 0
20140805 2 2 7 3 0 0
20140805 3 3 1 2 0 0
20140805 4 6 2 3 0 0
20140805 5 5 3 1 0 0
20140805 6 5 1 7 4 1
20140805 7 1 3 7 1 3
20140805 8 5 3 1 4 3
20140805 9 3 9 7 3 6
20140805 10 8 3 9 6 3
20140806 1 1 5 7 0 0
20140806 2 3 7 1 0 0
20140806 3 4 3 5 0 0
20140806 4 5 1 7 0 0
20140806 5 1 2 7 0 0
20140806 6 5 9 6 4 6
20140806 7 3 8 5 3 6
20140806 8 2 9 4 2 6
20140806 9 2 3 1 2 3
20140806 10 5 9 1 4 6
20140807 1 5 4 6 0 0
20140807 2 3 7 5 0 0
20140807 3 5 7 1 0 0
20140807 4 6 4 5 0 0
20140807 5 3 5 9 3 4
20140807 6 2 5 8 2 4
20140807 7 2 5 7 2 4
20140807 8 2 3 1 2 3
20140807 9 7 3 5 0 0
20140807 10 1 6 2 1 5
20140817 1 3 1 5 0 0
20140817 2 6 7 2 0 0
20140817 3 5 1 2 0 0
20140817 4 2 1 5 0 0
20140817 5 7 4 1 0 0
20140817 6 1 7 2 1 5
20140817 7 3 7 1 3 5
20140817 8 9 5 3 6 4
20140817 9 8 7 3 6 5
20140817 10 6 4 9 5 4
20140818 1 3 1 5 0 0
20140818 2 2 3 7 0 0
20140818 3 4 3 5 0 0
20140818 4 3 7 1 0 0
20140818 5 3 4 2 0 0
20140818 6 5 6 1 4 5
20140818 7 1 5 7 1 4
20140818 8 1 5 6 1 4
20140818 9 1 7 5 1 5
20140818 10 3 5 8 3 4
20140819 1 3 1 2 0 0
20140819 2 7 5 1 0 0
20140819 3 7 5 4 0 0
20140819 4 2 3 1 0 0
20140819 5 7 9 4 5 6
20140819 6 2 7 8 2 5
20140819 7 2 9 3 2 6
20140819 8 7 5 2 5 4
20140819 9 2 5 1 0 0
20140819 10 5 3 1 4 3
20140830 1 7 3 9 5 3
20140830 2 3 2 1 3 2
20140830 3 4 2 5 4 2
20140830 4 9 4 7 6 4
20140830 5 7 1 2 5 1
20140830 6 3 5 1 3 4
20140830 7 7 3 9 5 3
20140830 8 5 2 1 4 2
20140830 9 5 2 8 4 2
20140830 10 7 6 3 5 5
20140830 11 9 2 8 6 2
20140831 1 7 6 4 5 5
20140831 2 1 4 3 1 4
20140831 3 7 1 6 5 1
20140831 4 9 1 7 6 1
20140831 5 2 9 8 2 6
20140831 6 7 5 1 5 4
20140831 7 3 9 4 3 6
20140831 8 4 8 3 4 6
20140831 9 3 1 5 3 1
20140831 10 1 5 9 1 4
20140831 11 1 3 4 1 3
20140901 1 7 5 2 5 4
20140901 2 9 7 4 6 5
20140901 3 9 2 5 6 2
20140901 4 9 1 3 6 1
20140901 5 4 9 3 4 6
20140901 6 5 2 1 4 2
20140901 7 2 8 3 2 6
20140901 8 2 7 1 2 5
20140901 9 2 8 4 2 6
20140901 10 3 7 1 3 5
20140901 11 5 1 3 4 1
20140905 1 5 3 2 0 0
20140905 2 3 4 6 0 0
20140905 3 2 3 4 0 0
20140905 4 2 5 4 0 0
20140905 5 1 7 3 0 0
20140905 6 3 1 6 0 0
20140905 7 5 3 1 0 0
20140905 8 7 1 4 5 1
20140905 9 3 5 4 3 4
20140905 10 7 3 4 5 3
20140905 11 5 2 6 4 2
20140905 12 3 4 2 3 4
20140906 1 3 1 2 0 0
20140906 2 7 3 6 0 0
20140906 3 7 3 2 0 0
20140906 4 7 5 3 0 0
20140906 5 4 5 7 0 0
20140906 6 7 1 5 0 0
20140906 7 4 6 5 0 0
20140906 8 1 2 4 1 2
20140906 9 7 9 3 5 6
20140906 10 5 2 4 4 2
20140906 11 9 1 3 6 1
20140906 12 1 3 7 1 3
20140907 1 1 5 6 0 0
20140907 2 5 1 7 0 0
20140907 3 5 7 3 0 0
20140907 4 4 3 5 0 0
20140907 5 1 6 7 0 0
20140907 6 7 4 3 5 4
20140907 7 9 1 3 6 1
20140907 8 1 5 3 1 4
20140907 9 7 2 5 5 2
20140907 10 3 2 5 0 0
20140907 11 1 3 2 0 0
20140907 12 3 5 9 3 4
20140915 1 4 7 3 0 0
20140915 2 7 6 3 0 0
20140915 3 1 2 4 0 0
20140915 4 7 2 1 0 0
20140915 5 4 3 2 0 0
20140915 6 9 2 4 6 2
20140915 7 5 7 2 4 5
20140915 8 1 7 5 1 5
20140915 9 3 5 1 3 4
20140915 10 9 4 3 6 4
20140916 1 5 2 7 0 0
20140916 2 7 1 3 0 0
20140916 3 1 3 5 0 0
20140916 4 4 7 5 0 0
20140916 5 3 1 7 0 0
20140916 6 5 7 8 4 5
20140916 7 7 1 3 5 1
20140916 8 5 8 3 4 6
20140916 9 3 1 8 3 1
20140916 10 1 2 8 1 2
20140917 1 3 7 2 0 0
20140917 2 7 2 4 0 0
20140917 3 3 1 7 0 0
20140917 4 3 1 5 0 0
20140917 5 8 3 1 6 3
20140917 6 9 1 3 6 1
20140917 7 2 7 4 2 5
20140917 8 9 7 8 6 5
20140917 9 3 2 4 0 0
20140917 10 4 2 9 4 2
20140920 1 5 7 9 4 5
20140920 2 5 3 4 4 3
20140920 3 1 9 7 1 6
20140920 4 7 3 1 5 3
20140920 5 1 3 5 1 3
20140920 6 5 3 1 4 3
20140920 7 1 2 6 1 2
20140920 8 3 5 9 3 4
20140920 9 7 9 4 5 6
20140920 10 3 7 6 3 5
20140920 11 3 2 5 3 2
20140921 1 3 5 1 3 4
20140921 2 3 7 8 3 5
20140921 3 5 7 8 4 5
20140921 4 3 9 6 3 6
20140921 5 1 2 3 1 2
20140921 6 3 5 4 3 4
20140921 7 7 1 2 5 1
20140921 8 1 3 8 1 3
20140921 9 9 1 2 6 1
20140921 10 7 3 4 5 3
20140921 11 2 1 3 2 1
20140922 1 9 1 8 6 1
20140922 2 7 2 5 5 2
20140922 3 7 2 3 5 2
20140922 4 4 2 6 4 2
20140922 5 5 9 1 4 6
20140922 6 1 9 5 1 6
20140922 7 2 9 6 2 6
20140922 8 7 2 9 5 2
20140922 9 5 1 3 4 1
20140922 10 2 3 9 2 3
20140922 11 3 9 5 3 6
20141008 1 5 2 3 0 0
20141008 2 5 3 2 0 0
20141008 3 4 7 3 0 0
20141008 4 7 4 2 0 0
20141008 5 1 7 4 0 0
20141008 6 9 1 3 6 1
20141008 7 2 3 6 2 3
20141008 8 3 2 7 3 2
20141008 9 9 1 5 6 1
20141008 10 2 3 5 2 3
20141009 1 1 5 4 0 0
20141009 2 2 7 1 0 0
20141009 3 1 5 6 0 0
20141009 4 1 5 3 0 0
20141009 5 3 4 2 0 0
20141009 6 7 4 1 5 4
20141009 7 3 7 8 3 5
20141009 8 5 2 8 4 2
20141009 9 9 1 6 6 1
20141009 10 3 5 9 3 4
20141010 1 1 7 5 0 0
20141010 2 3 5 4 0 0
20141010 3 4 3 5 0 0
20141010 4 7 1 2 0 0
20141010 5 1 2 9 1 2
20141010 6 2 5 7 2 4
20141010 7 9 1 3 6 1
20141010 8 3 4 2 3 4
20141010 9 3 7 1 0 0
20141010 10 4 7 2 4 5
20141018 1 8 3 9 6 3
20141018 2 5 1 7 4 1
20141018 3 7 2 4 5 2
20141018 4 3 1 2 3 1
20141018 5 1 3 7 1 3
20141018 6 7 1 8 5 1
20141018 7 9 4 7 6 4
20141018 8 1 5 9 1 4
20141018 9 2 9 3 2 6
20141018 10 1 8 2 1 6
20141018 11 9 8 1 6 6
20141019 1 2 3 5 2 3
20141019 2 5 9 1 4 6
20141019 3 3 9 4 3 6
20141019 4 9 5 2 6 4
20141019 5 3 5 7 3 4
20141019 6 3 5 9 3 4
20141019 7 2 5 7 2 4
20141019 8 2 7 9 2 5
20141019 9 1 4 3 1 4
20141019 10 5 1 7 4 1
20141019 11 2 5 7 2 4
20141020 1 6 5 3 5 4
20141020 2 3 1 7 3 1
20141020 3 7 9 1 5 6
20141020 4 5 8 2 4 6
20141020 5 8 2 3 6 2
20141020 6 2 8 9 2 6
20141020 7 3 2 7 3 2
20141020 8 7 2 3 5 2
20141020 9 9 1 3 6 1
20141020 10 2 5 7 2 4
20141020 11 5 2 1 4 2
20150416 1 1 3 5 1 3
20150416 2 6 3 9 5 3
20150416 3 3 2 1 3 2
20150416 4 3 7 9 3 5
20150416 5 9 5 3 6 4
20150416 6 4 3 5 4 3
20150416 7 3 9 2 3 6
20150416 8 1 6 2 1 5
20150416 9 5 3 7 4 3
20150416 10 7 2 6 5 2
20150416 11 1 3 5 1 3
20150417 1 5 2 9 4 2
20150417 2 2 9 1 2 6
20150417 3 8 7 9 6 5
20150417 4 5 4 7 4 4
20150417 5 9 3 8 6 3
20150417 6 2 8 9 2 6
20150417 7 2 8 9 2 6
20150417 8 2 9 4 2 6
20150417 9 2 9 3 2 6
20150417 10 4 3 9 4 3
20150417 11 7 5 3 5 4
20150418 1 9 1 7 6 1
20150418 2 9 2 3 6 2
20150418 3 4 1 2 4 1
20150418 4 1 7 2 1 5
20150418 5 2 9 7 2 6
20150418 6 2 3 7 2 3
20150418 7 2 5 9 2 4
20150418 8 3 9 5 3 6
20150418 9 8 9 1 6 6
20150418 10 7 3 9 5 3
20150418 11 1 2 8 1 2
20150422 1 5 9 2 4 6
20150422 2 3 1 5 3 1
20150422 3 9 1 4 6 1
20150422 4 3 1 7 3 1
20150422 5 1 9 2 1 6
20150422 6 9 4 1 6 4
20150422 7 7 2 3 5 2
20150422 8 3 2 9 3 2
20150422 9 3 9 1 3 6
20150422 10 7 2 4 5 2
20150422 11 4 6 9 4 5
20150423 1 7 3 5 5 3
20150423 2 3 2 9 3 2
20150423 3 2 9 5 2 6
20150423 4 3 1 8 3 1
20150423 5 2 9 1 2 6
20150423 6 5 1 3 4 1
20150423 7 4 1 6 4 1
20150423 8 9 1 7 6 1
20150423 9 1 9 7 1 6
20150423 10 1 9 3 1 6
20150423 11 9 1 4 6 1
20150424 1 5 1 4 4 1
20150424 2 5 3 4 4 3
20150424 3 1 2 8 1 2
20150424 4 7 5 2 5 4
20150424 5 9 3 2 6 3
20150424 6 6 2 4 5 2
20150424 7 2 5 3 2 4
20150424 8 2 3 4 2 3
20150424 9 9 3 1 6 3
20150424 10 2 5 9 2 4
20150424 11 7 1 3 5 1
20150519 1 1 7 3 0 0
20150519 2 1 4 7 0 0
20150519 3 4 1 5 0 0
20150519 4 2 5 1 0 0
20150519 5 1 5 3 0 0
20150519 6 1 5 7 1 4
20150519 7 1 5 7 1 4
20150519 8 3 8 9 3 6
20150519 9 9 4 3 6 4
20150519 10 1 9 5 1 6
20150520 1 3 2 7 0 0
20150520 2 1 5 4 0 0
20150520 3 1 7 2 0 0
20150520 4 2 3 4 0 0
20150520 5 7 1 3 0 0
20150520 6 3 9 7 3 6
20150520 7 3 7 5 3 5
20150520 8 5 3 9 4 3
20150520 9 1 3 7 1 3
20150520 10 9 1 4 6 1
20150521 1 1 4 7 0 0
20150521 2 2 1 5 0 0
20150521 3 4 3 5 0 0
20150521 4 7 4 3 0 0
20150521 5 5 4 7 4 4
20150521 6 1 5 2 1 4
20150521 7 9 1 7 6 1
20150521 8 9 7 2 6 5
20150521 9 5 1 7 0 0
20150521 10 7 1 4 5 1
20150527 1 3 2 7 0 0
20150527 2 5 2 3 0 0
20150527 3 7 3 4 0 0
20150527 4 3 1 7 0 0
20150527 5 5 1 7 0 0
20150527 6 7 2 9 5 2
20150527 7 1 7 3 1 5
20150527 8 7 9 1 5 6
20150527 9 5 9 2 4 6
20150527 10 1 6 9 1 5
20150528 1 4 2 3 0 0
20150528 2 7 2 4 0 0
20150528 3 5 1 2 0 0
20150528 4 7 4 2 0 0
20150528 5 4 1 5 0 0
20150528 6 8 5 2 6 4
20150528 7 3 9 2 3 6
20150528 8 2 3 1 2 3
20150528 9 3 1 5 3 1
20150528 10 5 2 7 4 2
20150529 1 6 2 4 0 0
20150529 2 4 1 2 0 0
20150529 3 4 2 3 0 0
20150529 4 7 1 3 0 0
20150529 5 5 8 1 4 6
20150529 6 5 1 3 4 1
20150529 7 3 9 2 3 6
20150529 8 1 2 5 1 2
20150529 9 7 4 5 0 0
20150529 10 8 3 1 6 3
20150620 1 9 1 3 6 1
20150620 2 9 1 2 6 1
20150620 3 9 1 5 6 1
20150620 4 5 9 8 4 6
20150620 5 5 2 3 4 2
20150620 6 1 7 4 1 5
20150620 7 5 2 7 4 2
20150620 8 1 3 2 1 3
20150620 9 7 1 4 5 1
20150620 10 8 3 7 6 3
20150620 11 5 1 6 4 1
20150621 1 9 8 1 6 6
20150621 2 5 2 9 4 2
20150621 3 1 7 3 1 5
20150621 4 7 5 1 5 4
20150621 5 1 7 6 1 5
20150621 6 1 9 2 1 6
20150621 7 1 3 8 1 3
20150621 8 2 5 3 2 4
20150621 9 5 1 9 4 1
20150621 10 3 5 1 3 4
20150621 11 5 1 3 4 1
20150622 1 2 1 4 2 1
20150622 2 4 2 9 4 2
20150622 3 5 1 2 4 1
20150622 4 1 3 9 1 3
20150622 5 7 2 4 5 2
20150622 6 7 5 2 5 4
20150622 7 4 1 8 4 1
20150622 8 7 1 2 5 1
20150622 9 5 2 8 4 2
20150622 10 5 2 4 4 2
20150622 11 8 2 3 6 2
20150629 1 5 3 7 0 0
20150629 2 4 3 1 0 0
20150629 3 2 4 3 0 0
20150629 4 1 4 7 0 0
20150629 5 4 3 1 0 0
20150629 6 1 5 7 0 0
20150629 7 7 2 1 0 0
20150629 8 9 5 4 6 4
20150629 9 7 9 4 5 6
20150629 10 7 5 2 5 4
20150629 11 7 8 6 5 6
20150629 12 9 3 5 6 3
20150630 1 4 1 7 0 0
20150630 2 1 4 7 0 0
20150630 3 1 3 7 0 0
20150630 4 7 3 2 0 0
20150630 5 1 5 3 0 0
20150630 6 6 7 1 0 0
20150630 7 4 5 3 0 0
20150630 8 2 7 9 2 5
20150630 9 2 9 1 2 6
20150630 10 1 5 9 1 4
20150630 11 1 5 3 1 4
20150630 12 9 5 1 6 4
20150701 1 1 7 3 0 0
20150701 2 3 5 2 0 0
20150701 3 1 3 5 0 0
20150701 4 2 1 5 0 0
20150701 5 5 4 1 0 0
20150701 6 5 2 7 4 2
20150701 7 5 1 3 4 1
20150701 8 3 1 9 3 1
20150701 9 1 5 3 1 4
20150701 10 3 4 5 0 0
20150701 11 1 4 6 0 0
20150701 12 3 2 8 3 2
20150705 1 2 5 1 2 4
20150705 2 1 7 6 1 5
20150705 3 5 7 1 4 5
20150705 4 5 9 4 4 6
20150705 5 1 7 3 1 5
20150705 6 7 4 1 5 4
20150705 7 5 2 8 4 2
20150705 8 7 9 3 5 6
20150705 9 5 1 9 4 1
20150705 10 2 3 6 2 3
20150705 11 1 9 4 1 6
20150706 1 1 7 8 1 5
20150706 2 3 9 1 3 6
20150706 3 1 2 4 1 2
20150706 4 3 4 6 3 4
20150706 5 2 9 5 2 6
20150706 6 9 1 4 6 1
20150706 7 1 7 5 1 5
20150706 8 2 8 1 2 6
20150706 9 1 9 8 1 6
20150706 10 1 7 2 1 5
20150706 11 8 1 7 6 1
20150707 1 6 2 4 5 2
20150707 2 9 1 7 6 1
20150707 3 3 7 1 3 5
20150707 4 2 9 4 2 6
20150707 5 7 3 1 5 3
20150707 6 4 6 7 4 5
20150707 7 3 2 1 3 2
20150707 8 6 7 2 5 5
20150707 9 1 9 3 1 6
20150707 10 2 3 4 2 3
20150707 11 5 7 9 4 5
20150721 1 1 4 2 0 0
20150721 2 5 7 3 0 0
20150721 3 7 3 1 0 0
20150721 4 4 5 2 0 0
20150721 5 5 1 6 0 0
20150721 6 1 2 5 1 2
20150721 7 9 3 5 6 3
20150721 8 2 5 4 2 4
20150721 9 5 2 8 4 2
20150721 10 6 5 8 5 4
20150722 1 7 3 6 0 0
20150722 2 1 5 3 0 0
20150722 3 6 2 5 0 0
20150722 4 1 5 3 0 0
20150722 5 7 1 2 0 0
20150722 6 1 5 2 1 5
20150722 7 3 9 2 3 6
20150722 8 7 3 9 5 3
20150722 9 2 4 6 2 4
20150722 10 9 1 2 6 1
20150723 1 7 3 6 0 0
20150723 2 7 3 5 0 0
20150723 3 3 5 4 0 0
20150723 4 5 6 7 0 0
20150723 5 2 7 4 2 5
20150723 6 3 5 8 3 4
20150723 7 7 6 1 5 5
20150723 8 9 4 5 6 4
20150723 9 1 3 7 0 0
20150723 10 3 7 1 3 5
