20120626 1 1 9 5 1 6
20120626 2 1 7 8 1 5
20120626 3 5 7 8 4 5
20120626 4 2 8 5 2 6
20120626 5 1 9 2 1 6
20120626 6 2 9 7 2 6
20120626 7 3 9 1 3 6
20120626 8 5 3 8 4 3
20120626 9 7 1 3 5 1
20120626 10 2 1 5 2 1
20120626 11 9 7 2 6 5
20120626 12 5 6 4 4 5
20120627 1 2 6 9 2 5
20120627 2 1 7 5 1 5
20120627 3 5 1 2 4 1
20120627 4 2 7 3 2 5
20120627 5 1 5 6 1 4
20120627 6 1 8 4 1 6
20120627 7 1 5 6 1 4
20120627 8 9 2 4 6 2
20120627 9 5 3 8 4 3
20120627 10 6 8 5 5 6
20120627 11 1 8 5 1 6
20120627 12 5 7 2 4 5
20120628 1 5 1 4 4 1
20120628 2 8 3 2 6 3
20120628 3 3 9 4 3 6
20120628 4 7 2 8 5 2
20120628 5 6 7 4 5 5
20120628 6 6 3 8 5 3
20120628 7 1 6 7 1 5
20120628 8 5 9 2 4 6
20120628 9 4 2 1 4 2
20120628 10 3 5 1 3 4
20120628 11 5 1 3 4 1
20120628 12 7 3 4 5 3
20120708 1 1 2 4 0 0
20120708 2 7 1 4 0 0
20120708 3 5 1 3 0 0
20120708 4 4 1 7 0 0
20120708 5 3 1 4 0 0
20120708 6 2 5 3 2 4
20120708 7 7 3 4 5 3
20120708 8 2 1 7 2 1
20120708 9 9 5 3 6 4
20120708 10 5 1 7 4 1
20120708 11 5 2 7 4 2
20120709 1 1 5 3 0 0
20120709 2 5 2 6 0 0
20120709 3 1 3 2 0 0
20120709 4 3 6 5 0 0
20120709 5 1 3 5 0 0
20120709 6 1 3 2 1 3
20120709 7 4 2 1 4 2
20120709 8 2 1 6 2 1
20120709 9 2 1 5 2 1
20120709 10 1 7 5 1 5
20120709 11 1 4 5 1 4
20120710 1 1 2 5 0 0
20120710 2 7 5 6 0 0
20120710 3 3 7 4 0 0
20120710 4 1 3 7 0 0
20120710 5 7 1 4 0 0
20120710 6 3 6 4 3 5
20120710 7 1 3 7 1 3
20120710 8 5 3 2 4 3
20120710 9 1 7 5 1 5
20120710 10 1 9 2 1 6
20120710 11 5 7 9 4 5
20120720 1 5 1 7 0 0
20120720 2 5 3 1 0 0
20120720 3 2 7 4 0 0
20120720 4 4 7 3 0 0
20120720 5 5 2 3 0 0
20120720 6 1 5 3 1 4
20120720 7 5 1 7 4 1
20120720 8 1 7 2 1 5
20120720 9 8 3 5 6 3
20120720 10 1 9 5 1 6
20120720 11 9 7 1 6 5
20120721 1 5 2 3 0 0
20120721 2 5 1 4 0 0
20120721 3 7 1 3 0 0
20120721 4 1 4 7 0 0
20120721 5 7 1 2 0 0
20120721 6 4 9 1 4 6
20120721 7 2 7 5 2 5
20120721 8 2 3 1 2 3
20120721 9 7 2 3 5 2
20120721 10 1 9 2 1 6
20120721 11 1 3 7 1 3
20120722 1 1 5 7 0 0
20120722 2 3 7 1 0 0
20120722 3 1 3 5 0 0
20120722 4 2 7 5 0 0
20120722 5 1 5 3 0 0
20120722 6 4 9 1 4 6
20120722 7 4 1 2 4 1
20120722 8 5 7 2 4 5
20120722 9 2 5 7 2 4
20120722 10 9 1 7 6 1
20120722 11 7 1 3 5 1
20120725 1 9 3 7 6 3
20120725 2 8 1 4 6 1
20120725 3 3 7 8 3 5
20120725 4 3 8 9 3 6
20120725 5 9 5 3 6 4
20120725 6 3 1 2 3 1
20120725 7 9 3 1 6 3
20120725 8 5 9 2 4 6
20120725 9 5 2 1 4 2
20120725 10 4 3 9 4 3
20120725 11 5 3 2 4 3
20120726 1 1 2 7 1 2
20120726 2 1 6 5 1 5
20120726 3 7 2 4 5 2
20120726 4 1 2 3 1 2
20120726 5 6 5 2 5 4
20120726 6 8 1 3 6 1
20120726 7 5 8 9 4 6
20120726 8 7 2 1 5 2
20120726 9 6 3 5 5 3
20120726 10 9 5 1 6 4
20120726 11 7 2 4 5 2
20120727 1 1 5 9 1 4
20120727 2 6 4 2 5 4
20120727 3 1 4 6 1 4
20120727 4 4 9 2 4 6
20120727 5 3 1 7 3 1
20120727 6 7 1 4 5 1
20120727 7 7 2 1 5 2
20120727 8 5 3 1 4 3
20120727 9 1 4 2 1 4
20120727 10 3 7 2 3 5
20120727 11 5 7 9 4 5
20120803 1 3 4 5 0 0
20120803 2 3 2 1 0 0
20120803 3 1 5 2 0 0
20120803 4 1 5 2 0 0
20120803 5 5 1 2 0 0
20120803 6 7 2 5 5 2
20120803 7 3 1 5 3 1
20120803 8 2 3 9 2 3
20120803 9 5 1 9 4 1
20120803 10 1 5 9 1 4
20120803 11 2 7 8 2 5
20120804 1 1 7 3 0 0
20120804 2 7 3 1 0 0
20120804 3 3 4 1 0 0
20120804 4 7 1 5 0 0
20120804 5 1 7 3 0 0
20120804 6 2 3 1 2 3
20120804 7 5 3 4 4 3
20120804 8 1 9 3 1 6
20120804 9 1 3 9 1 3
20120804 10 9 3 8 6 3
20120804 11 7 1 3 5 1
20120805 1 1 5 7 0 0
20120805 2 2 4 5 0 0
20120805 3 3 2 7 0 0
20120805 4 2 5 7 0 0
20120805 5 2 1 6 0 0
20120805 6 6 5 4 5 4
20120805 7 5 3 1 4 3
20120805 8 7 2 3 5 2
20120805 9 2 9 5 2 6
20120805 10 7 9 2 5 6
20120805 11 2 3 6 2 3
20120814 1 1 5 7 0 0
20120814 2 5 4 2 0 0
20120814 3 1 2 3 0 0
20120814 4 7 1 2 0 0
20120814 5 2 1 5 0 0
20120814 6 2 7 1 2 5
20120814 7 3 9 1 3 6
20120814 8 8 2 3 6 2
20120814 9 4 3 2 4 3
20120814 10 1 9 2 1 6
20120814 11 6 9 1 5 6
20120815 1 2 7 5 0 0
20120815 2 2 3 7 0 0
20120815 3 4 6 3 0 0
20120815 4 5 7 2 0 0
20120815 5 5 7 1 0 0
20120815 6 7 1 5 5 1
20120815 7 1 8 9 1 6
20120815 8 2 9 7 2 6
20120815 9 2 9 7 2 6
20120815 10 1 9 2 1 6
20120815 11 2 7 5 2 5
20120816 1 1 5 3 0 0
20120816 2 3 5 2 0 0
20120816 3 3 4 2 0 0
20120816 4 3 1 4 0 0
20120816 5 3 5 1 0 0
20120816 6 1 8 5 1 6
20120816 7 2 5 9 2 4
20120816 8 1 5 6 1 4
20120816 9 2 3 5 2 3
20120816 10 2 9 1 2 6
20120816 11 2 7 9 2 5
20120820 1 5 1 7 4 1
20120820 2 5 8 7 4 6
20120820 3 3 1 7 3 1
20120820 4 7 2 1 5 2
20120820 5 5 1 8 4 1
20120820 6 7 2 5 5 2
20120820 7 2 4 7 2 4
20120820 8 9 3 8 6 3
20120820 9 3 4 9 3 4
20120820 10 2 1 7 2 1
20120820 11 6 3 4 5 3
20120821 1 3 2 1 3 2
20120821 2 6 2 7 5 2
20120821 3 2 5 9 2 4
20120821 4 7 1 5 5 1
20120821 5 3 9 7 3 6
20120821 6 5 3 1 4 3
20120821 7 1 5 4 1 4
20120821 8 6 3 7 5 3
20120821 9 1 5 2 1 4
20120821 10 9 3 7 6 3
20120821 11 7 1 5 5 1
20120822 1 5 4 9 4 4
20120822 2 8 2 4 6 2
20120822 3 9 1 7 6 1
20120822 4 1 3 7 1 3
20120822 5 5 1 7 4 1
20120822 6 2 5 7 2 4
20120822 7 1 3 4 1 3
20120822 8 7 1 4 5 1
20120822 9 3 1 2 3 1
20120822 10 3 6 2 3 5
20120822 11 7 2 3 5 2
20120901 1 7 1 2 5 1
20120901 2 2 7 1 2 5
20120901 3 2 5 8 2 4
20120901 4 7 5 1 5 4
20120901 5 2 9 4 2 6
20120901 6 3 5 2 3 4
20120901 7 1 7 9 1 5
20120901 8 2 9 7 2 6
20120901 9 7 5 1 5 4
20120901 10 3 2 5 3 2
20120901 11 9 3 2 6 3
20120902 1 1 5 2 1 4
20120902 2 1 8 6 1 6
20120902 3 1 7 9 1 5
20120902 4 7 5 2 5 4
20120902 5 2 7 5 2 5
20120902 6 2 8 5 2 6
20120902 7 9 5 1 6 4
20120902 8 5 1 2 4 1
20120902 9 1 2 5 1 2
20120902 10 5 1 8 4 1
20120902 11 2 1 9 2 1
20120903 1 1 2 9 1 2
20120903 2 5 3 2 4 3
20120903 3 1 5 4 1 4
20120903 4 4 6 9 4 5
20120903 5 7 1 5 5 1
20120903 6 2 3 1 2 3
20120903 7 9 7 3 6 5
20120903 8 5 9 1 4 6
20120903 9 1 7 3 1 5
20120903 10 5 9 7 4 6
20120903 11 1 9 5 1 6
20120904 1 7 2 9 5 2
20120904 2 7 1 9 5 1
20120904 3 3 1 9 3 1
20120904 4 2 5 8 2 4
20120904 5 9 5 1 6 4
20120904 6 4 3 2 4 3
20120904 7 1 6 7 1 5
20120904 8 3 5 1 3 4
20120904 9 3 1 9 3 1
20120904 10 8 1 2 6 1
20120904 11 9 1 7 6 1
20120921 1 1 5 3 0 0
20120921 2 1 5 7 0 0
20120921 3 3 5 6 0 0
20120921 4 1 5 4 0 0
20120921 5 1 5 7 0 0
20120921 6 3 7 8 3 5
20120921 7 5 1 6 4 1
20120921 8 5 2 9 4 2
20120921 9 9 1 2 6 1
20120921 10 1 3 7 1 3
20120921 11 1 6 4 1 5
20120922 1 1 7 4 0 0
20120922 2 5 2 3 0 0
20120922 3 6 3 1 0 0
20120922 4 1 5 2 0 0
20120922 5 7 1 5 0 0
20120922 6 2 3 7 2 3
20120922 7 3 6 9 3 5
20120922 8 6 3 5 5 3
20120922 9 2 1 7 2 1
20120922 10 5 7 9 4 5
20120922 11 1 2 9 1 2
20120923 1 5 1 7 0 0
20120923 2 3 5 2 0 0
20120923 3 5 2 7 0 0
20120923 4 3 7 6 0 0
20120923 5 1 5 2 0 0
20120923 6 7 3 1 5 3
20120923 7 1 7 2 1 5
20120923 8 5 2 3 4 2
20120923 9 8 1 3 6 1
20120923 10 8 6 9 6 5
20120923 11 6 3 8 5 3
20121003 1 1 5 3 0 0
20121003 2 2 7 5 0 0
20121003 3 3 4 7 0 0
20121003 4 5 1 7 0 0
20121003 5 7 1 4 0 0
20121003 6 2 6 7 2 5
20121003 7 2 7 1 2 5
20121003 8 7 3 5 5 3
20121003 9 9 2 7 6 2
20121003 10 1 9 4 1 6
20121003 11 8 4 2 6 4
20121004 1 5 1 7 0 0
20121004 2 7 1 3 0 0
20121004 3 3 4 1 0 0
20121004 4 1 5 6 0 0
20121004 5 7 3 4 0 0
20121004 6 4 7 2 4 5
20121004 7 7 2 3 5 2
20121004 8 7 2 1 5 2
20121004 9 2 3 7 2 3
20121004 10 1 8 5 1 6
20121004 11 8 1 3 6 1
20121005 1 3 2 5 0 0
20121005 2 2 3 5 0 0
20121005 3 2 5 7 0 0
20121005 4 5 3 7 0 0
20121005 5 2 7 5 0 0
20121005 6 9 1 3 6 1
20121005 7 1 3 7 1 3
20121005 8 7 2 8 5 2
20121005 9 1 2 4 1 2
20121005 10 1 9 4 1 6
20121005 11 2 9 5 2 6
20121012 1 1 5 3 0 0
20121012 2 5 7 4 0 0
20121012 3 3 5 4 0 0
20121012 4 1 7 5 0 0
20121012 5 3 2 1 0 0
20121012 6 7 3 4 5 3
20121012 7 5 2 7 4 2
20121012 8 1 3 9 1 3
20121012 9 2 5 3 2 4
20121012 10 2 5 1 2 4
20121012 11 9 5 2 6 4
20121013 1 1 2 5 0 0
20121013 2 1 7 2 0 0
20121013 3 7 1 5 0 0
20121013 4 1 7 5 0 0
20121013 5 5 4 3 0 0
20121013 6 7 5 8 5 4
20121013 7 1 5 7 1 4
20121013 8 7 9 5 5 6
20121013 9 3 4 5 3 4
20121013 10 3 7 9 3 5
20121013 11 9 1 2 6 1
20121014 1 7 5 4 0 0
20121014 2 4 7 5 0 0
20121014 3 7 4 3 0 0
20121014 4 1 3 6 0 0
20121014 5 7 2 4 0 0
20121014 6 2 5 1 2 4
20121014 7 3 8 7 3 6
20121014 8 7 4 3 5 4
20121014 9 2 7 1 2 5
20121014 10 7 3 5 5 3
20121014 11 1 7 3 1 5
20121025 1 1 2 5 0 0
20121025 2 4 2 7 0 0
20121025 3 1 3 4 0 0
20121025 4 7 2 5 0 0
20121025 5 1 5 6 0 0
20121025 6 3 7 4 0 0
20121025 7 1 3 5 0 0
20121026 1 1 7 4 0 0
20121026 2 7 5 4 0 0
20121026 3 1 7 6 0 0
20121026 4 1 7 4 0 0
20121026 5 7 2 1 0 0
20121026 6 1 7 2 0 0
20121026 7 7 1 5 0 0
20121029 1 1 5 9 1 4
20121029 2 5 2 1 4 2
20121029 3 3 4 7 3 4
20121029 4 2 9 3 2 6
20121029 5 9 1 5 6 1
20121029 6 1 8 9 1 6
20121029 7 4 1 3 4 1
20121029 8 2 9 7 2 6
20121029 9 9 3 2 6 3
20121029 10 3 1 7 3 1
20121029 11 5 1 3 4 1
20121030 1 5 1 2 4 1
20121030 2 2 7 4 2 5
20121030 3 2 5 7 2 4
20121030 4 3 1 9 3 1
20121030 5 2 7 1 2 5
20121030 6 1 7 5 1 5
20121030 7 5 7 4 4 5
20121030 8 7 3 9 5 3
20121030 9 1 6 3 1 5
20121030 10 2 7 1 2 5
20121030 11 3 1 9 3 1
20121031 1 1 2 4 1 2
20121031 2 1 3 4 1 3
20121031 3 1 9 2 1 6
20121031 4 9 5 4 6 4
20121031 5 1 3 7 1 3
20121031 6 7 4 3 5 4
20121031 7 1 9 4 1 6
20121031 8 5 1 6 4 1
20121031 9 3 5 4 3 4
20121031 10 2 1 7 2 1
20121031 11 3 4 1 3 4
20130412 1 7 2 1 0 0
20130412 2 2 7 1 0 0
20130412 3 3 5 7 0 0
20130412 4 3 1 4 0 0
20130412 5 1 4 5 0 0
20130412 6 2 5 7 2 4
20130412 7 7 2 3 5 2
20130412 8 1 5 9 1 4
20130412 9 2 7 1 2 5
20130412 10 2 4 5 2 4
20130413 1 5 1 4 0 0
20130413 2 2 3 4 0 0
20130413 3 3 2 4 0 0
20130413 4 2 5 7 0 0
20130413 5 7 3 1 0 0
20130413 6 9 3 1 6 3
20130413 7 5 2 9 4 2
20130413 8 9 7 2 6 5
20130413 9 7 3 9 5 3
20130413 10 1 5 3 1 4
20130414 1 1 7 2 0 0
20130414 2 2 7 3 0 0
20130414 3 2 4 1 0 0
20130414 4 2 7 6 0 0
20130414 5 7 8 3 5 6
20130414 6 7 3 5 5 3
20130414 7 2 1 6 0 0
20130414 8 2 5 7 2 4
20130414 9 9 1 4 6 1
20130414 10 2 1 6 2 1
20130420 1 3 9 7 3 6
20130420 2 2 9 1 2 6
20130420 3 7 1 4 5 1
20130420 4 1 7 9 1 5
20130420 5 1 3 9 1 3
20130420 6 3 5 7 3 4
20130420 7 9 5 2 6 4
20130420 8 4 9 8 4 6
20130420 9 5 9 2 4 6
20130420 10 1 7 3 1 5
20130420 11 2 9 5 2 6
20130421 1 5 6 1 4 5
20130421 2 9 4 7 6 4
20130421 3 1 9 4 1 6
20130421 4 7 1 3 5 1
20130421 5 7 5 2 5 4
20130421 6 2 5 9 2 4
20130421 7 5 2 3 4 2
20130421 8 3 4 8 3 4
20130421 9 4 2 8 4 2
20130421 10 1 7 3 1 5
20130421 11 7 8 2 5 6
20130422 1 1 5 3 1 4
20130422 2 1 9 3 1 6
20130422 3 4 1 6 4 1
20130422 4 9 2 4 6 2
20130422 5 7 2 9 5 2
20130422 6 1 4 5 1 4
20130422 7 5 2 4 5 2
20130422 8 6 1 3 5 1
20130422 9 7 2 4 5 2
20130422 10 1 7 2 1 5
20130422 11 3 8 5 3 6
20130426 1 4 7 3 0 0
20130426 2 2 3 7 0 0
20130426 3 7 2 4 0 0
20130426 4 1 5 2 0 0
20130426 5 7 5 1 0 0
20130426 6 3 2 4 0 0
20130426 7 5 2 6 0 0
20130427 1 7 1 2 0 0
20130427 2 2 4 3 0 0
20130427 3 7 3 1 0 0
20130427 4 7 4 1 0 0
20130427 5 1 4 3 0 0
20130427 6 4 1 2 0 0
20130427 7 4 7 3 0 0
20130430 1 1 5 9 1 4
20130430 2 2 7 3 2 5
20130430 3 1 5 8 1 4
20130430 4 1 5 7 1 4
20130430 5 2 3 5 2 3
20130430 6 5 7 8 4 5
20130430 7 8 1 2 6 1
20130430 8 2 7 3 2 5
20130430 9 1 5 3 1 4
20130430 10 5 1 2 4 1
20130430 11 9 4 3 6 4
20130501 1 1 5 9 1 4
20130501 2 7 4 1 5 4
20130501 3 2 6 5 2 5
20130501 4 7 3 1 5 3
20130501 5 7 5 3 5 4
20130501 6 1 2 8 1 2
20130501 7 2 7 4 2 5
20130501 8 5 3 1 4 3
20130501 9 4 3 1 4 3
20130501 10 5 2 7 4 2
20130501 11 9 5 7 6 4
20130502 1 5 1 7 4 1
20130502 2 9 8 1 6 6
20130502 3 1 4 6 1 4
20130502 4 7 3 1 5 3
20130502 5 5 2 9 4 2
20130502 6 3 9 6 3 6
20130502 7 4 3 8 4 3
20130502 8 3 1 4 3 1
20130502 9 3 6 4 3 5
20130502 10 1 7 9 1 5
20130502 11 3 6 2 3 5
20130506 1 7 5 3 0 0
20130506 2 7 2 3 0 0
20130506 3 2 4 7 0 0
20130506 4 3 1 5 0 0
20130506 5 7 2 5 0 0
20130506 6 3 5 1 0 0
20130506 7 1 7 2 0 0
20130507 1 2 7 1 0 0
20130507 2 4 2 1 0 0
20130507 3 3 5 7 0 0
20130507 4 2 5 3 0 0
20130507 5 5 3 2 0 0
20130507 6 4 1 5 0 0
20130507 7 3 5 7 0 0
20130511 1 1 5 7 0 0
20130511 2 2 1 5 0 0
20130511 3 1 4 7 0 0
20130511 4 2 7 1 0 0
20130511 5 7 1 2 0 0
20130511 6 2 1 3 2 1
20130511 7 9 6 2 6 5
20130511 8 6 1 9 5 1
20130511 9 2 3 7 2 3
20130511 10 7 3 9 5 3
20130512 1 1 4 2 0 0
20130512 2 7 4 2 0 0
20130512 3 2 7 3 0 0
20130512 4 7 2 5 0 0
20130512 5 4 1 7 0 0
20130512 6 7 3 4 5 3
20130512 7 1 6 7 1 5
20130512 8 5 3 9 4 3
20130512 9 1 9 7 1 6
20130512 10 5 9 7 4 6
20130513 1 1 5 3 0 0
20130513 2 4 5 3 0 0
20130513 3 4 5 2 0 0
20130513 4 5 1 7 0 0
20130513 5 9 3 1 6 3
20130513 6 5 1 3 4 1
20130513 7 3 6 4 0 0
20130513 8 2 9 3 2 6
20130513 9 9 3 4 6 3
20130513 10 3 5 8 3 4
20130518 1 7 2 5 0 0
20130518 2 3 5 7 0 0
20130518 3 1 2 3 0 0
20130518 4 2 5 1 0 0
20130518 5 3 1 5 0 0
20130518 6 1 3 7 1 3
20130518 7 7 3 9 5 3
20130518 8 3 4 7 3 4
20130518 9 1 7 3 1 5
20130518 10 7 2 1 5 2
20130519 1 2 5 4 0 0
20130519 2 7 2 1 0 0
20130519 3 3 2 7 0 0
20130519 4 7 3 1 0 0
20130519 5 4 7 1 0 0
20130519 6 3 6 2 3 5
20130519 7 2 5 1 2 4
20130519 8 1 5 7 1 4
20130519 9 5 7 9 4 5
20130519 10 1 9 3 1 6
20130520 1 1 7 2 0 0
20130520 2 1 2 7 0 0
20130520 3 6 3 1 0 0
20130520 4 5 3 1 0 0
20130520 5 1 3 2 1 3
20130520 6 7 2 3 5 2
20130520 7 6 1 2 0 0
20130520 8 5 7 2 4 5
20130520 9 7 4 9 5 4
20130520 10 9 6 4 6 5
20130617 1 1 5 3 0 0
20130617 2 1 3 6 0 0
20130617 3 4 2 3 0 0
20130617 4 1 7 4 0 0
20130617 5 5 3 7 0 0
20130617 6 1 9 4 1 6
20130617 7 7 1 9 5 1
20130617 8 1 7 3 1 5
20130617 9 7 9 2 5 6
20130617 10 1 2 7 1 2
20130618 1 4 1 3 0 0
20130618 2 3 7 1 0 0
20130618 3 7 3 2 0 0
20130618 4 2 1 6 0 0
20130618 5 2 1 6 0 0
20130618 6 5 1 7 4 1
20130618 7 8 5 9 6 4
20130618 8 1 7 9 1 5
20130618 9 3 9 1 3 6
20130618 10 2 1 7 2 1
20130619 1 1 5 4 0 0
20130619 2 3 7 2 0 0
20130619 3 3 1 7 0 0
20130619 4 1 4 7 0 0
20130619 5 2 5 1 2 4
20130619 6 5 9 3 4 6
20130619 7 3 1 2 0 0
20130619 8 3 1 5 3 1
20130619 9 4 3 9 4 3
20130619 10 3 7 5 3 5
20130621 1 3 4 1 0 0
20130621 2 3 7 2 0 0
20130621 3 4 1 5 0 0
20130621 4 7 3 2 0 0
20130621 5 7 2 5 0 0
20130621 6 2 1 4 2 1
20130621 7 7 9 2 5 6
20130621 8 1 2 5 1 2
20130621 9 3 9 1 3 6
20130621 10 2 6 9 2 5
20130622 1 4 5 3 0 0
20130622 2 1 2 5 0 0
20130622 3 2 7 3 0 0
20130622 4 1 4 2 0 0
20130622 5 3 4 2 0 0
20130622 6 1 5 9 1 4
20130622 7 3 1 2 3 1
20130622 8 3 9 2 3 6
20130622 9 1 9 3 1 6
20130622 10 5 1 4 4 1
20130623 1 1 5 3 0 0
20130623 2 2 5 1 0 0
20130623 3 4 7 2 0 0
20130623 4 1 4 2 0 0
20130623 5 5 1 2 5 1
20130623 6 7 5 8 5 4
20130623 7 2 4 5 0 0
20130623 8 3 5 9 3 4
20130623 9 7 4 5 5 4
20130623 10 2 4 5 2 4
20130628 1 1 5 4 0 0
20130628 2 7 2 1 0 0
20130628 3 3 7 4 0 0
20130628 4 1 5 7 0 0
20130628 5 1 4 3 0 0
20130628 6 1 7 3 0 0
20130628 7 7 2 5 0 0
20130629 1 3 7 2 0 0
20130629 2 4 1 7 0 0
20130629 3 7 4 5 0 0
20130629 4 1 7 5 0 0
20130629 5 7 1 5 0 0
20130629 6 1 4 5 0 0
20130629 7 4 2 1 0 0
20130709 1 1 5 4 1 4
20130709 2 9 5 1 6 4
20130709 3 1 7 9 1 5
20130709 4 2 3 7 2 3
20130709 5 1 9 5 1 6
20130709 6 3 9 2 3 6
20130709 7 2 8 9 2 6
20130709 8 5 1 6 4 1
20130709 9 7 9 3 5 6
20130709 10 9 3 4 6 3
20130709 11 4 9 5 4 6
20130710 1 1 2 8 1 2
20130710 2 5 3 2 4 3
20130710 3 5 2 9 4 2
20130710 4 7 3 1 5 3
20130710 5 4 1 9 4 1
20130710 6 9 7 1 6 5
20130710 7 3 2 8 3 2
20130710 8 3 9 7 3 6
20130710 9 3 7 1 3 5
20130710 10 2 1 6 2 1
20130710 11 3 9 5 3 6
20130711 1 7 5 1 5 4
20130711 2 2 7 8 2 5
20130711 3 9 1 4 6 1
20130711 4 7 5 3 5 4
20130711 5 1 9 3 1 6
20130711 6 7 3 9 5 3
20130711 7 3 4 1 3 4
20130711 8 2 5 1 2 4
20130711 9 2 1 6 2 1
20130711 10 1 9 7 1 6
20130711 11 3 9 7 3 6
20130719 1 1 4 2 0 0
20130719 2 2 4 7 0 0
20130719 3 7 2 6 0 0
20130719 4 5 2 3 0 0
20130719 5 4 2 1 0 0
20130719 6 3 2 7 0 0
20130719 7 5 1 4 0 0
20130719 8 1 2 7 1 2
20130719 9 5 7 2 4 5
20130719 10 5 9 4 4 6
20130719 11 9 1 7 6 1
20130719 12 1 8 2 1 6
20130720 1 5 1 4 0 0
20130720 2 7 3 5 0 0
20130720 3 7 1 3 0 0
20130720 4 2 3 5 0 0
20130720 5 6 1 2 0 0
20130720 6 4 3 2 0 0
20130720 7 7 3 1 0 0
20130720 8 2 3 4 2 3
20130720 9 9 4 8 6 4
20130720 10 3 9 8 3 6
20130720 11 5 2 1 4 2
20130720 12 1 9 7 1 6
20130721 1 3 1 4 0 0
20130721 2 7 1 4 0 0
20130721 3 3 4 6 0 0
20130721 4 3 4 5 0 0
20130721 5 3 4 7 0 0
20130721 6 6 3 2 0 0
20130721 7 1 5 7 1 4
20130721 8 2 3 7 2 3
20130721 9 2 1 9 2 1
20130721 10 5 3 1 4 3
20130721 11 5 1 2 0 0
20130721 12 7 3 1 5 3
20130727 1 5 2 7 0 0
20130727 2 3 7 2 0 0
20130727 3 1 3 5 0 0
20130727 4 2 1 4 0 0
20130727 5 4 2 1 0 0
20130727 6 7 3 1 5 3
20130727 7 7 9 8 5 6
20130727 8 7 1 2 5 1
20130727 9 5 1 3 4 1
20130727 10 1 3 7 1 3
20130728 1 3 1 5 0 0
20130728 2 3 5 1 0 0
20130728 3 7 5 4 0 0
20130728 4 4 2 7 0 0
20130728 5 3 2 1 0 0
20130728 6 4 2 3 4 2
20130728 7 1 7 8 1 5
20130728 8 5 2 1 4 2
20130728 9 3 1 9 3 1
20130728 10 7 2 1 5 2
20130729 1 1 5 2 0 0
20130729 2 7 3 5 0 0
20130729 3 5 3 7 0 0
20130729 4 1 7 4 0 0
20130729 5 2 4 9 2 4
20130729 6 2 5 1 2 4
20130729 7 3 6 5 0 0
20130729 8 9 2 1 6 2
20130729 9 1 9 7 1 6
20130729 10 1 8 2 1 6
20130807 1 4 2 5 4 2
20130807 2 1 3 9 1 3
20130807 3 3 9 6 3 6
20130807 4 7 9 3 5 6
20130807 5 7 1 5 5 1
20130807 6 5 8 3 4 6
20130807 7 3 7 8 3 5
20130807 8 7 4 1 5 4
20130807 9 9 1 4 6 1
20130807 10 2 9 7 2 6
20130807 11 2 9 3 2 6
20130808 1 7 6 3 5 5
20130808 2 3 4 9 3 4
20130808 3 3 1 2 3 1
20130808 4 3 7 8 3 5
20130808 5 5 3 8 4 3
20130808 6 9 3 7 6 3
20130808 7 2 5 3 2 4
20130808 8 2 5 6 2 4
20130808 9 2 9 5 2 6
20130808 10 5 3 2 4 3
20130808 11 4 3 5 4 3
20130809 1 1 2 4 1 2
20130809 2 3 1 7 3 1
20130809 3 9 5 2 6 4
20130809 4 9 7 2 6 5
20130809 5 1 9 5 1 6
20130809 6 7 3 5 6 3
20130809 7 3 8 6 3 6
20130809 8 1 5 9 1 4
20130809 9 1 5 3 1 4
20130809 10 2 5 7 2 4
20130809 11 3 4 2 3 4
20130821 1 1 3 5 1 3
20130821 2 2 7 3 2 5
20130821 3 3 5 2 3 4
20130821 4 5 3 2 4 3
20130821 5 1 9 7 1 6
20130821 6 6 8 5 5 6
20130821 7 3 1 9 3 1
20130821 8 5 1 4 4 1
20130821 9 3 2 5 3 2
20130821 10 9 1 2 6 1
20130821 11 1 8 7 1 6
20130822 1 2 3 7 2 3
20130822 2 2 5 4 2 4
20130822 3 6 7 4 5 5
20130822 4 4 5 7 4 4
20130822 5 6 8 2 5 6
20130822 6 9 3 8 6 3
20130822 7 9 4 7 6 4
20130822 8 5 1 6 4 1
20130822 9 2 7 1 2 5
20130822 10 7 9 8 5 6
20130822 11 3 2 4 3 2
20130823 1 2 5 7 2 4
20130823 2 9 3 6 6 3
20130823 3 3 9 8 3 6
20130823 4 3 9 7 3 6
20130823 5 5 2 6 4 2
20130823 6 1 5 7 1 4
20130823 7 4 8 2 4 6
20130823 8 7 3 4 5 3
20130823 9 4 9 8 4 6
20130823 10 1 5 8 1 4
20130823 11 2 3 6 2 3
20130828 1 5 1 2 0 0
20130828 2 4 2 7 0 0
20130828 3 3 1 7 0 0
20130828 4 2 1 4 0 0
20130828 5 3 2 5 0 0
20130828 6 9 1 3 6 1
20130828 7 2 7 9 2 5
20130828 8 3 9 6 3 6
20130828 9 1 5 7 1 4
20130828 10 1 3 9 1 3
20130829 1 1 5 7 0 0
20130829 2 3 7 1 0 0
20130829 3 1 4 2 0 0
20130829 4 1 5 7 0 0
20130829 5 4 1 3 0 0
20130829 6 9 4 7 6 4
20130829 7 3 4 1 3 4
20130829 8 2 7 5 2 5
20130829 9 5 9 1 4 6
20130829 10 3 1 5 3 1
20130830 1 1 5 3 0 0
20130830 2 3 7 4 0 0
20130830 3 2 5 1 0 0
20130830 4 4 1 3 0 0
20130830 5 1 4 5 1 4
20130830 6 1 5 7 1 4
20130830 7 1 2 4 0 0
20130830 8 5 4 2 4 4
20130830 9 2 9 1 2 6
20130830 10 1 7 3 1 5
20130906 1 1 2 4 0 0
20130906 2 3 2 1 0 0
20130906 3 1 7 4 0 0
20130906 4 7 5 1 0 0
20130906 5 4 5 2 0 0
20130906 6 2 3 7 0 0
20130906 7 6 3 4 0 0
20130906 8 1 2 5 1 2
20130906 9 5 2 7 4 2
20130906 10 9 5 8 6 4
20130906 11 5 1 2 4 1
20130906 12 7 9 1 5 6
20130907 1 3 2 5 0 0
20130907 2 2 7 3 0 0
20130907 3 2 5 6 0 0
20130907 4 1 4 2 0 0
20130907 5 7 2 6 0 0
20130907 6 3 1 2 0 0
20130907 7 2 5 1 0 0
20130907 8 7 9 3 5 6
20130907 9 5 3 2 4 3
20130907 10 7 8 2 5 6
20130907 11 5 2 1 4 2
20130907 12 9 5 2 6 4
20130908 1 1 4 2 0 0
20130908 2 2 4 3 0 0
20130908 3 3 2 1 0 0
20130908 4 3 7 2 0 0
20130908 5 3 2 4 0 0
20130908 6 4 2 1 0 0
20130908 7 2 3 4 2 3
20130908 8 2 5 3 2 4
20130908 9 2 1 6 2 1
20130908 10 9 7 2 6 5
20130908 11 7 4 6 0 0
20130908 12 1 2 4 1 2
20130920 1 1 5 3 0 0
20130920 2 4 3 2 0 0
20130920 3 3 1 2 0 0
20130920 4 2 4 1 0 0
20130920 5 3 5 6 0 0
20130920 6 9 1 8 6 1
20130920 7 4 2 6 4 2
20130920 8 4 1 9 4 1
20130920 9 2 9 5 2 6
20130920 10 7 1 3 5 1
20130921 1 5 2 1 0 0
20130921 2 1 3 4 0 0
20130921 3 2 1 4 0 0
20130921 4 7 3 5 0 0
20130921 5 4 3 1 0 0
20130921 6 8 1 9 6 1
20130921 7 3 9 7 3 6
20130921 8 1 7 5 1 5
20130921 9 3 2 1 3 2
20130921 10 3 1 2 3 1
20130922 1 1 5 2 0 0
20130922 2 7 4 2 0 0
20130922 3 3 4 2 0 0
20130922 4 3 1 6 0 0
20130922 5 9 7 2 6 5
20130922 6 3 1 7 3 1
20130922 7 5 2 1 0 0
20130922 8 6 4 7 5 4
20130922 9 8 7 3 6 5
20130922 10 6 9 8 5 6
20130928 1 3 5 1 3 4
20130928 2 3 9 8 3 6
20130928 3 3 9 7 3 6
20130928 4 3 5 9 3 4
20130928 5 7 3 2 5 3
20130928 6 3 7 2 3 5
20130928 7 9 7 1 6 5
20130928 8 9 1 3 6 1
20130928 9 9 3 2 6 3
20130928 10 2 9 7 2 6
20130928 11 5 1 3 4 1
20130929 1 2 6 5 2 5
20130929 2 1 9 4 1 6
20130929 3 7 2 8 5 2
20130929 4 5 2 4 4 2
20130929 5 1 7 2 1 5
20130929 6 3 9 4 3 6
20130929 7 2 4 7 2 4
20130929 8 2 9 4 2 6
20130929 9 7 3 5 5 3
20130929 10 9 3 2 6 3
20130929 11 9 1 5 6 1
20130930 1 9 7 4 6 5
20130930 2 3 2 7 3 2
20130930 3 9 1 2 6 1
20130930 4 4 1 6 4 1
20130930 5 5 2 6 4 2
20130930 6 1 5 9 1 4
20130930 7 2 7 9 2 5
20130930 8 3 9 1 3 6
20130930 9 3 7 9 3 5
20130930 10 9 2 1 6 2
20130930 11 7 5 9 5 4
20131001 1 1 3 5 1 3
20131001 2 1 7 4 1 6
20131001 3 1 3 4 1 3
20131001 4 6 9 2 5 6
20131001 5 3 5 7 3 4
20131001 6 1 3 4 1 3
20131001 7 5 2 7 4 2
20131001 8 1 9 5 1 6
20131001 9 2 7 5 2 5
20131001 10 3 2 8 3 2
20131001 11 3 7 9 3 5
20131005 1 1 5 7 0 0
20131005 2 7 4 3 0 0
20131005 3 2 3 5 0 0
20131005 4 1 4 7 0 0
20131005 5 2 5 6 0 0
20131005 6 3 1 7 0 0
20131005 7 7 1 3 0 0
20131006 1 1 7 4 0 0
20131006 2 7 2 3 0 0
20131006 3 4 2 7 0 0
20131006 4 5 2 4 0 0
20131006 5 5 7 2 0 0
20131006 6 2 7 3 0 0
20131006 7 1 2 4 0 0
20131007 1 1 3 5 0 0
20131007 2 2 5 4 0 0
20131007 3 1 7 4 0 0
20131007 4 1 5 4 0 0
20131007 5 5 2 3 0 0
20131007 6 4 5 3 0 0
20131007 7 7 2 5 0 0
20131015 1 3 5 7 0 0
20131015 2 4 3 2 0 0
20131015 3 4 7 2 0 0
20131015 4 1 2 4 0 0
20131015 5 5 2 4 0 0
20131015 6 5 2 4 0 0
20131015 7 1 3 4 0 0
20131016 1 5 2 3 0 0
20131016 2 2 1 7 0 0
20131016 3 1 4 7 0 0
20131016 4 5 2 1 0 0
20131016 5 4 1 3 0 0
20131016 6 1 5 6 0 0
20131016 7 1 3 7 0 0
20131025 1 7 5 2 5 4
20131025 2 3 9 8 3 6
20131025 3 1 9 3 1 6
20131025 4 7 5 1 5 4
20131025 5 2 5 9 2 4
20131025 6 2 1 9 2 1
20131025 7 8 1 3 6 1
20131025 8 1 7 2 1 5
20131025 9 9 3 7 6 3
20131025 10 5 2 1 4 2
20131025 11 1 8 4 1 6
20131026 1 3 2 1 3 2
20131026 2 2 5 3 2 4
20131026 3 4 1 2 4 1
20131026 4 1 2 3 1 2
20131026 5 2 9 1 2 6
20131026 6 5 1 9 4 1
20131026 7 7 3 1 5 3
20131026 8 9 3 1 6 3
20131026 9 2 5 1 2 4
20131026 10 5 3 7 4 3
20131026 11 5 3 6 4 3
20131027 1 4 7 9 4 5
20131027 2 2 9 5 2 6
20131027 3 5 2 1 4 2
20131027 4 1 9 5 1 6
20131027 5 7 2 8 5 2
20131027 6 7 5 3 5 4
20131027 7 2 9 7 2 6
20131027 8 9 3 2 6 3
20131027 9 9 2 7 6 2
20131027 10 8 7 3 6 5
20131027 11 7 5 1 5 4
20131101 1 1 5 3 0 0
20131101 2 2 7 3 0 0
20131101 3 7 2 6 0 0
20131101 4 4 2 7 0 0
20131101 5 3 1 4 0 0
20131101 6 2 3 6 0 0
20131101 7 1 3 4 0 0
20131102 1 1 5 7 0 0
20131102 2 5 4 3 0 0
20131102 3 3 5 2 0 0
20131102 4 3 1 4 0 0
20131102 5 7 1 5 0 0
20131102 6 1 7 2 0 0
20131102 7 3 7 2 0 0
20131106 1 7 2 9 5 2
20131106 2 4 1 3 4 1
20131106 3 2 5 8 2 4
20131106 4 1 2 9 1 2
20131106 5 2 7 3 2 5
20131106 6 1 9 2 1 6
20131106 7 7 1 4 5 1
20131106 8 3 9 2 3 6
20131106 9 5 7 4 4 5
20131106 10 1 2 7 1 2
20131106 11 6 7 2 5 5
20131107 1 5 3 2 4 3
20131107 2 9 1 4 6 1
20131107 3 2 4 7 2 4
20131107 4 5 3 2 4 3
20131107 5 5 9 1 4 6
20131107 6 7 8 1 5 6
20131107 7 5 7 8 4 5
20131107 8 1 7 5 1 5
20131107 9 2 7 5 2 5
20131107 10 3 2 1 3 2
20131107 11 7 5 3 5 4
20131108 1 2 9 1 2 6
20131108 2 2 3 8 2 3
20131108 3 2 9 3 2 6
20131108 4 9 3 7 6 3
20131108 5 7 2 5 5 2
20131108 6 2 7 4 2 5
20131108 7 2 9 5 2 6
20131108 8 3 2 5 3 2
20131108 9 1 7 3 1 5
20131108 10 3 4 7 3 4
20131108 11 9 1 4 6 1
20140420 1 1 5 3 0 0
20140420 2 2 3 1 0 0
20140420 3 1 5 3 0 0
20140420 4 2 4 7 0 0
20140420 5 1 5 4 0 0
20140420 6 8 1 9 6 1
20140420 7 7 8 5 5 6
20140420 8 2 3 9 2 3
20140420 9 2 3 7 2 3
20140420 10 8 1 4 6 1
20140421 1 1 2 5 0 0
20140421 2 3 7 4 0 0
20140421 3 7 3 2 0 0
20140421 4 5 2 1 0 0
20140421 5 1 2 3 0 0
20140421 6 1 9 4 1 6
20140421 7 1 7 6 1 5
20140421 8 5 2 7 4 2
20140421 9 9 2 1 6 2
20140421 10 7 2 1 5 2
20140422 1 4 5 6 0 0
20140422 2 7 1 2 0 0
20140422 3 7 4 1 0 0
20140422 4 2 7 1 0 0
20140422 5 1 3 2 1 3
20140422 6 5 1 7 4 1
20140422 7 4 2 5 0 0
20140422 8 1 2 9 1 2
20140422 9 3 9 4 3 6
20140422 10 1 3 9 1 3
20140502 1 3 1 5 0 0
20140502 2 5 4 7 0 0
20140502 3 7 2 3 0 0
20140502 4 4 1 2 0 0
20140502 5 1 4 3 0 0
20140502 6 2 1 7 0 0
20140502 7 5 1 2 0 0
20140503 1 4 3 5 0 0
20140503 2 4 2 7 0 0
20140503 3 4 1 5 0 0
20140503 4 2 7 3 0 0
20140503 5 5 4 7 0 0
20140503 6 4 1 5 0 0
20140503 7 1 4 2 0 0
20140504 1 1 4 7 0 0
20140504 2 2 3 4 0 0
20140504 3 4 1 3 0 0
20140504 4 1 4 7 0 0
20140504 5 5 1 7 0 0
20140504 6 1 7 5 0 0
20140504 7 3 1 2 0 0
20140516 1 2 1 5 0 0
20140516 2 2 4 7 0 0
20140516 3 2 4 3 0 0
20140516 4 4 5 1 0 0
20140516 5 5 3 2 0 0
20140516 6 7 1 3 5 1
20140516 7 2 1 7 2 1
20140516 8 2 8 5 2 6
20140516 9 7 2 9 5 2
20140516 10 5 2 1 4 2
20140517 1 1 3 5 0 0
20140517 2 2 7 5 0 0
20140517 3 1 6 3 0 0
20140517 4 1 4 5 0 0
20140517 5 1 5 3 0 0
20140517 6 9 5 3 6 4
20140517 7 1 8 3 1 6
20140517 8 1 7 3 1 5
20140517 9 4 7 2 4 5
20140517 10 1 9 5 1 6
20140518 1 1 5 6 0 0
20140518 2 3 5 7 0 0
20140518 3 2 5 4 0 0
20140518 4 4 1 6 0 0
20140518 5 1 5 2 1 4
20140518 6 5 4 3 4 4
20140518 7 2 7 4 0 0
20140518 8 9 4 3 6 4
20140518 9 7 1 8 5 1
20140518 10 7 2 6 5 2
20140521 1 5 9 1 4 6
20140521 2 2 9 6 2 6
20140521 3 3 7 2 3 5
20140521 4 2 7 9 2 5
20140521 5 1 7 9 1 5
20140521 6 3 5 1 3 4
20140521 7 3 7 1 3 5
20140521 8 1 7 4 1 5
20140521 9 2 6 1 2 5
20140521 10 9 1 3 6 1
20140521 11 4 2 7 4 2
20140522 1 7 9 5 5 6
20140522 2 2 1 5 2 1
20140522 3 6 7 3 5 5
20140522 4 1 2 7 1 2
20140522 5 9 2 1 6 2
20140522 6 2 9 7 2 6
20140522 7 4 1 9 4 1
20140522 8 7 3 5 5 3
20140522 9 3 7 1 3 5
20140522 10 9 1 4 6 1
20140522 11 1 9 3 1 6
20140523 1 2 4 3 2 4
20140523 2 2 9 5 2 6
20140523 3 7 2 9 5 2
20140523 4 2 5 1 2 4
20140523 5 1 9 4 1 6
20140523 6 1 3 2 1 3
20140523 7 7 2 8 5 2
20140523 8 1 3 8 1 3
20140523 9 3 1 5 3 1
20140523 10 3 9 7 3 6
20140523 11 3 2 9 3 2
20140529 1 5 1 7 0 0
20140529 2 3 7 2 0 0
20140529 3 5 2 4 0 0
20140529 4 2 7 1 0 0
20140529 5 7 3 4 0 0
20140529 6 7 1 2 0 0
20140529 7 2 7 3 0 0
20140530 1 3 5 4 0 0
20140530 2 2 3 7 0 0
20140530 3 5 1 7 0 0
20140530 4 1 7 4 0 0
20140530 5 3 4 7 0 0
20140530 6 3 2 4 0 0
20140530 7 3 7 1 0 0
20140531 1 1 5 7 0 0
20140531 2 2 7 4 0 0
20140531 3 4 3 5 0 0
20140531 4 2 3 7 0 0
20140531 5 2 1 7 0 0
20140531 6 7 1 3 0 0
20140531 7 1 5 2 0 0
20140605 1 1 2 4 0 0
20140605 2 7 1 3 0 0
20140605 3 5 1 2 0 0
20140605 4 5 1 3 0 0
20140605 5 3 2 1 0 0
20140605 6 7 1 4 0 0
20140605 7 5 2 4 0 0
20140606 1 7 6 4 0 0
20140606 2 4 2 6 0 0
20140606 3 6 1 4 0 0
20140606 4 4 5 3 0 0
20140606 5 2 1 7 0 0
20140606 6 1 3 7 0 0
20140606 7 4 7 2 0 0
20140607 1 6 2 7 0 0
20140607 2 2 1 5 0 0
20140607 3 4 3 7 0 0
20140607 4 1 2 5 0 0
20140607 5 3 7 5 0 0
20140607 6 3 5 1 0 0
20140607 7 3 2 6 0 0
20140612 1 1 2 6 0 0
20140612 2 5 7 4 0 0
20140612 3 1 7 5 0 0
20140612 4 2 5 3 0 0
20140612 5 1 7 3 0 0
20140612 6 2 5 7 0 0
20140612 7 3 1 2 0 0
20140613 1 3 7 1 0 0
20140613 2 5 4 2 0 0
20140613 3 1 3 5 0 0
20140613 4 1 3 7 0 0
20140613 5 5 1 4 0 0
20140613 6 3 7 2 0 0
20140613 7 2 3 5 0 0
20140614 1 1 5 3 0 0
20140614 2 3 1 2 0 0
20140614 3 4 5 3 0 0
20140614 4 2 7 1 0 0
20140614 5 1 5 7 0 0
20140614 6 4 1 7 0 0
20140614 7 3 2 7 0 0
20140618 1 2 4 1 2 4
20140618 2 1 2 9 1 2
20140618 3 7 4 1 5 4
20140618 4 8 9 2 6 6
20140618 5 1 3 8 1 3
20140618 6 1 8 7 1 6
20140618 7 7 1 4 5 1
20140618 8 5 9 8 4 6
20140618 9 3 7 1 3 5
20140618 10 3 8 1 3 6
20140618 11 2 1 5 2 1
20140619 1 1 5 2 1 4
20140619 2 9 3 4 6 3
20140619 3 1 7 5 1 5
20140619 4 5 3 7 4 3
20140619 5 9 5 2 6 4
20140619 6 2 5 1 2 4
20140619 7 2 7 4 2 6
20140619 8 5 9 2 4 6
20140619 9 7 3 1 5 3
20140619 10 5 9 2 4 6
20140619 11 1 7 9 1 5
20140620 1 2 9 4 2 6
20140620 2 5 3 9 4 3
20140620 3 7 2 6 5 2
20140620 4 7 3 2 5 3
20140620 5 4 9 7 4 6
20140620 6 1 5 9 1 4
20140620 7 1 9 5 1 6
20140620 8 2 8 9 2 6
20140620 9 9 3 1 6 3
20140620 10 3 6 4 3 5
20140620 11 6 9 3 5 6
20140625 1 1 4 5 0 0
20140625 2 1 3 2 0 0
20140625 3 7 1 3 0 0
20140625 4 5 4 7 0 0
20140625 5 2 3 1 0 0
20140625 6 7 5 6 5 4
20140625 7 7 9 2 5 6
20140625 8 1 3 7 1 3
20140625 9 1 5 3 1 4
20140625 10 5 1 2 4 1
20140626 1 2 7 3 0 0
20140626 2 5 3 7 0 0
20140626 3 2 5 3 0 0
20140626 4 5 2 1 0 0
20140626 5 4 5 1 0 0
20140626 6 3 7 5 3 5
20140626 7 2 3 4 2 3
20140626 8 3 6 1 3 5
20140626 9 2 9 7 2 6
20140626 10 9 1 7 6 1
20140627 1 3 1 5 0 0
20140627 2 5 3 4 0 0
20140627 3 3 2 4 0 0
20140627 4 1 5 2 0 0
20140627 5 5 9 8 4 6
20140627 6 9 2 3 6 2
20140627 7 7 4 2 0 0
20140627 8 2 9 8 2 6
20140627 9 7 1 3 5 1
20140627 10 4 3 7 4 3
20140630 1 5 1 3 4 1
20140630 2 5 7 9 4 5
20140630 3 7 2 3 5 2
20140630 4 2 3 5 2 3
20140630 5 1 9 7 1 6
20140630 6 2 5 9 2 4
20140630 7 5 2 7 4 2
20140630 8 2 8 1 2 6
20140630 9 2 7 8 2 5
20140630 10 2 9 4 2 6
20140630 11 3 2 4 3 2
20140701 1 1 2 7 1 2
20140701 2 1 3 9 1 3
20140701 3 5 4 2 4 4
20140701 4 9 1 3 6 1
20140701 5 2 5 9 2 4
20140701 6 7 2 5 5 2
20140701 7 5 9 6 4 6
20140701 8 5 1 3 4 1
20140701 9 2 1 7 2 1
20140701 10 9 2 1 6 2
20140701 11 5 1 7 4 1
20140702 1 3 4 1 3 4
20140702 2 2 3 8 2 3
20140702 3 7 5 4 5 4
20140702 4 7 5 9 5 4
20140702 5 3 1 7 3 1
20140702 6 7 3 9 5 3
20140702 7 3 4 6 3 4
20140702 8 1 3 2 1 3
20140702 9 8 2 7 6 2
20140702 10 9 5 1 6 4
20140702 11 1 7 5 1 5
20140710 1 1 5 7 0 0
20140710 2 2 6 3 0 0
20140710 3 3 2 4 0 0
20140710 4 1 4 6 0 0
20140710 5 4 2 7 0 0
20140710 6 4 2 5 0 0
20140710 7 2 3 6 0 0
20140711 1 7 1 5 0 0
20140711 2 1 6 4 0 0
20140711 3 7 1 5 0 0
20140711 4 2 5 6 0 0
20140711 5 5 1 3 0 0
20140711 6 3 7 2 0 0
20140711 7 4 2 3 0 0
20140712 1 7 4 2 0 0
20140712 2 6 7 5 0 0
20140712 3 3 6 5 0 0
20140712 4 3 1 7 0 0
20140712 5 4 2 7 0 0
20140712 6 1 2 3 0 0
20140712 7 7 3 6 0 0
20140718 1 4 1 7 0 0
20140718 2 7 2 3 0 0
20140718 3 3 7 2 0 0
20140718 4 1 7 2 0 0
20140718 5 4 1 7 0 0
20140718 6 7 2 6 0 0
20140718 7 7 2 1 0 0
20140719 1 5 1 7 0 0
20140719 2 3 7 2 0 0
20140719 3 3 5 6 0 0
20140719 4 7 2 3 0 0
20140719 5 7 4 1 0 0
20140719 6 1 4 5 0 0
20140719 7 5 1 7 0 0
20140720 1 2 1 5 0 0
20140720 2 1 3 4 0 0
20140720 3 2 7 4 0 0
20140720 4 1 2 6 0 0
20140720 5 3 7 2 0 0
20140720 6 5 3 2 0 0
20140720 7 1 3 2 0 0
20140811 1 1 5 2 0 0
20140811 2 5 4 2 0 0
20140811 3 1 3 7 0 0
20140811 4 4 5 7 0 0
20140811 5 7 1 6 0 0
20140811 6 2 9 3 2 6
20140811 7 1 5 9 1 4
20140811 8 7 3 9 5 3
20140811 9 1 9 7 1 6
20140811 10 1 6 3 1 5
20140812 1 5 2 7 0 0
20140812 2 2 4 6 0 0
20140812 3 2 7 4 0 0
20140812 4 2 3 7 0 0
20140812 5 3 1 4 0 0
20140812 6 2 5 8 2 4
20140812 7 5 9 1 4 6
20140812 8 9 2 7 6 2
20140812 9 1 2 9 1 2
20140812 10 9 2 8 6 2
20140813 1 1 5 2 0 0
20140813 2 1 6 4 0 0
20140813 3 3 7 1 0 0
20140813 4 4 7 1 0 0
20140813 5 9 7 4 6 5
20140813 6 5 4 2 4 4
20140813 7 2 6 1 0 0
20140813 8 3 9 1 3 6
20140813 9 3 9 7 3 6
20140813 10 1 4 2 1 4
20140825 1 3 5 6 3 4
20140825 2 7 1 5 5 1
20140825 3 9 2 7 6 2
20140825 4 1 3 7 1 3
20140825 5 1 7 9 1 5
20140825 6 5 1 6 4 1
20140825 7 2 9 1 2 6
20140825 8 1 9 3 1 6
20140825 9 3 1 9 3 1
20140825 10 1 7 9 1 5
20140825 11 7 4 3 5 4
20140826 1 3 1 5 3 1
20140826 2 2 6 5 2 5
20140826 3 1 3 9 1 3
20140826 4 1 9 8 1 6
20140826 5 1 3 7 1 3
20140826 6 2 9 7 2 6
20140826 7 2 4 1 2 4
20140826 8 1 3 2 1 3
20140826 9 7 4 2 5 4
20140826 10 1 3 8 1 3
20140826 11 9 5 2 6 4
20140827 1 4 8 3 4 6
20140827 2 3 9 5 3 6
20140827 3 5 3 7 4 3
20140827 4 1 9 5 1 6
20140827 5 1 7 9 1 5
20140827 6 2 7 4 2 5
20140827 7 7 1 2 5 1
20140827 8 6 5 8 5 4
20140827 9 8 1 9 6 1
20140827 10 3 6 2 3 5
20140827 11 1 7 2 1 5
20140903 1 1 2 4 1 2
20140903 2 9 2 8 6 2
20140903 3 1 5 7 1 4
20140903 4 3 7 1 3 5
20140903 5 9 1 3 6 1
20140903 6 9 4 3 6 4
20140903 7 1 5 7 1 4
20140903 8 7 2 8 5 2
20140903 9 3 7 1 3 5
20140903 10 9 1 7 6 1
20140903 11 2 7 1 2 5
20140904 1 1 5 8 1 4
20140904 2 7 2 5 5 2
20140904 3 6 5 3 5 4
20140904 4 1 5 6 1 4
20140904 5 1 5 7 1 4
20140904 6 9 2 4 6 2
20140904 7 9 7 8 6 5
20140904 8 9 1 2 6 1
20140904 9 2 3 6 2 3
20140904 10 4 7 1 4 5
20140904 11 7 5 1 5 4
20140905 1 1 5 3 1 4
20140905 2 7 2 3 5 2
20140905 3 5 3 1 4 3
20140905 4 2 9 5 2 6
20140905 5 2 1 4 2 1
20140905 6 1 8 3 1 6
20140905 7 5 2 9 4 2
20140905 8 1 2 7 1 2
20140905 9 2 5 9 2 4
20140905 10 2 5 3 2 4
20140905 11 7 9 1 5 6
20140910 1 5 1 3 0 0
20140910 2 7 6 5 0 0
20140910 3 2 6 4 0 0
20140910 4 5 3 4 0 0
20140910 5 3 1 5 0 0
20140910 6 1 7 3 0 0
20140910 7 5 2 3 0 0
20140911 1 2 3 4 0 0
20140911 2 7 4 2 0 0
20140911 3 2 6 1 0 0
20140911 4 5 4 2 0 0
20140911 5 5 1 6 0 0
20140911 6 7 2 4 0 0
20140911 7 5 1 4 0 0
20140912 1 4 7 2 0 0
20140912 2 7 2 4 0 0
20140912 3 7 2 1 0 0
20140912 4 5 4 7 0 0
20140912 5 4 2 5 0 0
20140912 6 5 7 2 0 0
20140912 7 5 7 6 0 0
20140927 1 9 4 3 6 4
20140927 2 8 2 3 6 2
20140927 3 9 2 7 6 2
20140927 4 3 1 5 3 1
20140927 5 1 3 4 1 3
20140927 6 1 7 2 1 5
20140927 7 2 7 3 2 5
20140927 8 7 1 8 5 1
20140927 9 1 5 9 1 4
20140927 10 5 3 1 4 3
20140927 11 2 9 5 2 6
20140927 12 7 3 5 5 3
20140928 1 2 4 5 2 4
20140928 2 3 9 8 3 6
20140928 3 4 3 1 4 3
20140928 4 9 1 5 6 1
20140928 5 9 3 1 6 3
20140928 6 1 9 8 1 6
20140928 7 7 3 2 5 3
20140928 8 7 2 5 5 2
20140928 9 5 2 7 4 2
20140928 10 1 7 5 1 5
20140928 11 1 9 2 1 6
20140928 12 9 1 4 6 1
20140929 1 1 7 6 1 5
20140929 2 4 8 1 4 6
20140929 3 5 9 2 4 6
20140929 4 3 9 7 3 6
20140929 5 1 4 5 1 4
20140929 6 2 7 9 2 5
20140929 7 3 9 2 3 6
20140929 8 3 7 1 3 5
20140929 9 9 2 1 6 2
20140929 10 2 5 6 2 4
20140929 11 9 1 6 6 1
20140929 12 2 9 4 2 6
20140930 1 1 2 5 1 2
20140930 2 4 5 2 4 4
20140930 3 2 7 3 2 5
20140930 4 4 2 3 4 2
20140930 5 2 1 8 2 1
20140930 6 7 3 9 5 3
20140930 7 2 9 4 2 6
20140930 8 5 9 1 4 6
20140930 9 7 2 4 5 2
20140930 10 8 7 5 6 5
20140930 11 1 9 5 1 6
20141006 1 3 7 1 3 5
20141006 2 2 3 4 2 3
20141006 3 7 5 3 5 4
20141006 4 9 1 2 6 1
20141006 5 7 5 3 5 4
20141006 6 2 5 1 2 4
20141006 7 5 2 3 4 2
20141006 8 2 9 4 2 6
20141006 9 2 9 6 2 6
20141006 10 2 1 3 2 1
20141006 11 1 9 4 1 6
20141007 1 3 5 7 3 4
20141007 2 9 4 3 6 4
20141007 3 7 2 8 5 2
20141007 4 3 2 7 3 2
20141007 5 2 9 7 2 6
20141007 6 3 9 2 3 6
20141007 7 3 8 5 3 6
20141007 8 7 1 2 5 1
20141007 9 1 5 9 1 4
20141007 10 5 7 8 4 5
20141007 11 5 1 3 4 1
20141008 1 1 8 5 1 6
20141008 2 3 1 5 3 1
20141008 3 1 2 9 1 2
20141008 4 6 5 3 5 4
20141008 5 5 1 2 4 1
20141008 6 7 1 9 5 1
20141008 7 9 4 5 6 4
20141008 8 7 2 9 5 2
20141008 9 9 2 3 6 2
20141008 10 5 4 1 4 4
20141008 11 1 7 3 1 5
20141011 1 7 1 5 5 1
20141011 2 2 8 3 2 6
20141011 3 5 7 2 4 5
20141011 4 1 9 7 1 6
20141011 5 7 1 8 5 1
20141011 6 1 4 6 0 0
20141011 7 6 5 2 0 0
20141011 8 7 3 1 5 3
20141011 9 2 9 5 2 6
20141011 10 1 7 2 1 5
20141011 11 9 5 3 6 4
20141011 12 1 2 7 1 2
20141012 1 8 9 1 6 6
20141012 2 3 2 6 3 2
20141012 3 1 3 7 1 3
20141012 4 3 7 9 3 5
20141012 5 2 1 5 2 1
20141012 6 2 5 7 0 0
20141012 7 4 5 1 0 0
20141012 8 3 7 1 3 5
20141012 9 5 3 2 4 3
20141012 10 1 7 5 1 5
20141012 11 5 1 8 4 1
20141012 12 9 2 3 6 2
20141013 1 6 3 4 5 3
20141013 2 2 7 5 2 5
20141013 3 1 7 5 1 5
20141013 4 1 2 7 1 2
20141013 5 7 6 3 0 0
20141013 6 1 4 7 1 4
20141013 7 1 8 7 1 6
20141013 8 7 9 1 5 6
20141013 9 2 9 1 2 6
20141013 10 4 1 7 4 1
20141013 11 7 2 3 0 0
20141013 12 2 1 3 2 1
20141015 1 1 5 3 0 0
20141015 2 2 7 6 0 0
20141015 3 7 1 3 0 0
20141015 4 4 5 6 0 0
20141015 5 7 2 3 0 0
20141015 6 3 4 7 0 0
20141015 7 2 3 4 0 0
20141016 1 1 5 2 0 0
20141016 2 7 5 1 0 0
20141016 3 1 5 2 0 0
20141016 4 1 7 6 0 0
20141016 5 1 5 7 0 0
20141016 6 1 2 3 0 0
20141016 7 4 1 3 0 0
20141017 1 1 2 4 0 0
20141017 2 4 1 7 0 0
20141017 3 7 2 5 0 0
20141017 4 4 7 1 0 0
20141017 5 1 5 2 0 0
20141017 6 3 7 5 0 0
20141017 7 1 3 5 0 0
20141022 1 1 5 3 0 0
20141022 2 7 2 4 0 0
20141022 3 5 3 1 0 0
20141022 4 1 4 7 0 0
20141022 5 2 5 7 0 0
20141022 6 1 7 4 0 0
20141022 7 1 7 5 0 0
20141023 1 1 4 6 0 0
20141023 2 7 2 3 0 0
20141023 3 7 1 5 0 0
20141023 4 5 2 4 0 0
20141023 5 1 6 2 0 0
20141023 6 1 3 4 0 0
20141023 7 7 1 2 0 0
20141024 1 2 3 7 0 0
20141024 2 2 1 3 0 0
20141024 3 5 1 4 0 0
20141024 4 7 3 1 0 0
20141024 5 7 1 3 0 0
20141024 6 1 6 4 0 0
20141024 7 1 6 4 0 0
20141029 1 1 7 5 0 0
20141029 2 4 3 1 0 0
20141029 3 1 4 6 0 0
20141029 4 1 7 2 0 0
20141029 5 2 5 4 0 0
20141029 6 9 5 1 6 4
20141029 7 7 5 8 5 4
20141029 8 3 9 7 3 6
20141029 9 9 3 5 6 3
20141029 10 8 3 6 6 3
20141030 1 5 1 7 0 0
20141030 2 5 1 6 0 0
20141030 3 4 3 7 0 0
20141030 4 1 7 5 0 0
20141030 5 5 2 3 0 0
20141030 6 3 4 2 3 4
20141030 7 1 7 3 1 5
20141030 8 2 1 4 2 1
20141030 9 5 9 2 4 6
20141030 10 1 9 4 1 6
20141031 1 7 5 1 0 0
20141031 2 6 7 4 0 0
20141031 3 7 3 4 0 0
20141031 4 1 7 2 0 0
20141031 5 1 5 4 1 4
20141031 6 9 2 6 6 2
20141031 7 1 7 5 0 0
20141031 8 4 3 9 4 3
20141031 9 5 2 1 4 2
20141031 10 3 6 1 3 5
20141104 1 5 7 4 0 0
20141104 2 1 7 2 0 0
20141104 3 7 1 3 0 0
20141104 4 7 4 2 0 0
20141104 5 1 5 4 0 0
20141104 6 5 9 3 4 6
20141104 7 1 3 9 1 3
20141104 8 7 8 3 5 6
20141104 9 1 8 7 1 6
20141104 10 9 4 2 6 4
20141105 1 2 7 1 0 0
20141105 2 5 3 2 0 0
20141105 3 1 5 7 0 0
20141105 4 5 1 6 0 0
20141105 5 2 7 1 0 0
20141105 6 2 1 7 2 1
20141105 7 3 9 5 3 6
20141105 8 1 4 8 1 4
20141105 9 7 2 8 5 2
20141105 10 7 1 9 5 1
20141106 1 1 2 6 0 0
20141106 2 4 5 1 0 0
20141106 3 4 3 2 0 0
20141106 4 5 7 3 0 0
20141106 5 8 3 4 6 3
20141106 6 2 1 7 2 1
20141106 7 3 5 4 0 0
20141106 8 9 1 2 6 1
20141106 9 2 8 3 2 6
20141106 10 1 3 8 1 3
20150424 1 4 2 7 0 0
20150424 2 3 2 4 0 0
20150424 3 4 1 5 0 0
20150424 4 2 7 4 0 0
20150424 5 3 1 4 0 0
20150424 6 3 6 5 3 5
20150424 7 1 9 7 1 6
20150424 8 9 7 3 6 5
20150424 9 3 7 9 3 5
20150424 10 4 1 8 4 1
20150425 1 3 7 2 0 0
20150425 2 7 1 4 0 0
20150425 3 1 2 7 0 0
20150425 4 5 2 6 0 0
20150425 5 2 5 6 0 0
20150425 6 4 1 5 4 1
20150425 7 4 1 5 4 1
20150425 8 3 2 9 3 2
20150425 9 2 9 3 2 6
20150425 10 9 8 3 6 6
20150426 1 2 3 4 0 0
20150426 2 1 7 3 0 0
20150426 3 7 2 4 0 0
20150426 4 5 3 7 0 0
20150426 5 8 2 1 6 2
20150426 6 2 5 8 2 4
20150426 7 3 1 6 0 0
20150426 8 3 8 1 3 6
20150426 9 1 3 7 1 3
20150426 10 9 1 8 6 1
20150501 1 5 1 7 0 0
20150501 2 1 7 5 0 0
20150501 3 1 4 2 0 0
20150501 4 3 5 1 0 0
20150501 5 3 2 1 0 0
20150501 6 1 7 5 0 0
20150501 7 1 2 3 0 0
20150502 1 4 7 3 0 0
20150502 2 2 4 5 0 0
20150502 3 7 6 3 0 0
20150502 4 2 1 4 0 0
20150502 5 1 7 5 0 0
20150502 6 2 4 7 0 0
20150502 7 3 5 2 0 0
20150503 1 3 7 1 0 0
20150503 2 6 4 5 0 0
20150503 3 5 3 2 0 0
20150503 4 2 7 6 0 0
20150503 5 3 5 4 0 0
20150503 6 7 1 5 0 0
20150503 7 5 4 1 0 0
20150507 1 1 7 6 0 0
20150507 2 2 6 1 0 0
20150507 3 3 4 2 0 0
20150507 4 1 2 5 0 0
20150507 5 1 7 5 0 0
20150507 6 4 7 1 0 0
20150507 7 2 5 3 0 0
20150508 1 1 3 5 0 0
20150508 2 1 4 7 0 0
20150508 3 3 5 6 0 0
20150508 4 2 1 5 0 0
20150508 5 7 6 3 0 0
20150508 6 7 3 1 0 0
20150508 7 4 6 3 0 0
20150509 1 5 1 2 0 0
20150509 2 5 2 3 0 0
20150509 3 4 3 7 0 0
20150509 4 1 4 2 0 0
20150509 5 7 2 4 0 0
20150509 6 1 3 2 0 0
20150509 7 1 2 7 0 0
20150513 1 4 5 7 0 0
20150513 2 2 6 5 0 0
20150513 3 7 3 4 0 0
20150513 4 4 2 6 0 0
20150513 5 2 4 7 0 0
20150513 6 1 2 7 0 0
20150513 7 7 1 3 0 0
20150514 1 4 1 5 0 0
20150514 2 5 3 1 0 0
20150514 3 7 2 5 0 0
20150514 4 2 1 6 0 0
20150514 5 2 5 4 0 0
20150514 6 1 2 5 0 0
20150514 7 5 1 2 0 0
20150515 1 5 4 7 0 0
20150515 2 7 5 3 0 0
20150515 3 2 1 4 0 0
20150515 4 1 4 5 0 0
20150515 5 3 5 7 0 0
20150515 6 4 7 2 0 0
20150515 7 5 1 4 0 0
20150520 1 5 6 1 4 5
20150520 2 5 2 7 4 2
20150520 3 9 4 3 6 4
20150520 4 2 3 8 2 3
20150520 5 1 9 5 1 6
20150520 6 9 3 6 6 3
20150520 7 7 2 5 5 2
20150520 8 6 7 1 5 5
20150520 9 5 9 1 4 6
20150520 10 1 7 9 1 5
20150520 11 5 8 1 4 6
20150521 1 1 9 2 1 6
20150521 2 7 2 1 5 2
20150521 3 9 5 1 6 4
20150521 4 3 9 2 3 6
20150521 5 3 9 7 3 6
20150521 6 9 8 5 6 6
20150521 7 3 2 8 3 2
20150521 8 1 3 7 1 3
20150521 9 1 5 2 1 4
20150521 10 2 5 3 2 4
20150521 11 1 2 9 1 2
20150522 1 1 6 5 1 5
20150522 2 2 5 8 2 4
20150522 3 9 8 7 6 6
20150522 4 2 1 8 2 1
20150522 5 1 9 6 1 6
20150522 6 2 5 6 2 4
20150522 7 2 3 5 2 3
20150522 8 2 1 9 2 1
20150522 9 6 8 1 5 6
20150522 10 7 1 5 5 1
20150522 11 2 3 8 2 3
20150605 1 7 3 1 5 3
20150605 2 2 9 5 2 6
20150605 3 3 9 7 3 6
20150605 4 3 5 9 3 4
20150605 5 3 1 7 3 1
20150605 6 3 1 5 3 1
20150605 7 7 3 5 5 3
20150605 8 1 5 7 1 4
20150605 9 3 5 9 3 4
20150605 10 2 8 3 2 6
20150605 11 3 4 5 3 4
20150606 1 1 5 6 1 4
20150606 2 3 7 8 3 5
20150606 3 5 3 8 4 3
20150606 4 3 7 5 3 5
20150606 5 9 4 5 6 4
20150606 6 7 1 8 5 1
20150606 7 4 8 5 4 6
20150606 8 2 3 1 2 3
20150606 9 7 9 3 5 6
20150606 10 2 5 7 2 4
20150606 11 4 9 5 4 6
20150607 1 8 3 1 6 3
20150607 2 3 9 1 3 6
20150607 3 5 6 9 4 5
20150607 4 5 8 1 4 6
20150607 5 3 8 5 3 6
20150607 6 7 2 3 5 2
20150607 7 5 9 1 4 6
20150607 8 9 1 3 6 1
20150607 9 7 1 3 5 1
20150607 10 3 5 4 3 4
20150607 11 7 3 9 5 3
20150610 1 5 1 7 0 0
20150610 2 3 5 1 0 0
20150610 3 3 5 4 0 0
20150610 4 2 5 3 0 0
20150610 5 3 1 5 0 0
20150610 6 2 1 5 0 0
20150610 7 3 4 7 0 0
20150611 1 6 2 7 0 0
20150611 2 6 7 3 0 0
20150611 3 5 1 6 0 0
20150611 4 4 1 5 0 0
20150611 5 4 7 3 0 0
20150611 6 5 7 3 0 0
20150611 7 2 5 3 0 0
20150612 1 1 3 6 0 0
20150612 2 6 5 3 0 0
20150612 3 7 3 5 0 0
20150612 4 7 2 1 0 0
20150612 5 5 1 6 0 0
20150612 6 1 4 5 0 0
20150612 7 1 6 7 0 0
20150626 1 2 5 6 0 0
20150626 2 3 1 6 0 0
20150626 3 1 5 3 0 0
20150626 4 1 7 3 0 0
20150626 5 4 5 7 0 0
20150626 6 2 3 4 0 0
20150626 7 1 3 5 0 0
20150627 1 7 2 4 0 0
20150627 2 6 5 1 0 0
20150627 3 1 3 7 0 0
20150627 4 3 1 2 0 0
20150627 5 7 1 2 0 0
20150627 6 1 4 5 0 0
20150627 7 3 1 5 0 0
20150628 1 6 3 2 0 0
20150628 2 3 2 4 0 0
20150628 3 7 5 1 0 0
20150628 4 4 2 5 0 0
20150628 5 2 7 3 0 0
20150628 6 1 4 2 0 0
20150628 7 6 5 4 0 0
20150702 1 4 3 1 0 0
20150702 2 1 2 4 0 0
20150702 3 3 5 1 0 0
20150702 4 4 1 6 0 0
20150702 5 2 7 5 0 0
20150702 6 1 3 4 0 0
20150702 7 1 3 5 0 0
20150703 1 1 2 5 0 0
20150703 2 7 6 3 0 0
20150703 3 4 3 1 0 0
20150703 4 2 5 1 0 0
20150703 5 3 5 2 0 0
20150703 6 2 4 6 0 0
20150703 7 4 7 2 0 0
20150704 1 1 3 2 0 0
20150704 2 2 1 7 0 0
20150704 3 7 3 4 0 0
20150704 4 3 7 4 0 0
20150704 5 6 7 2 0 0
20150704 6 5 3 1 0 0
20150704 7 6 1 2 0 0
20150713 1 9 7 8 6 5
20150713 2 9 7 5 6 5
20150713 3 5 8 1 4 6
20150713 4 3 5 1 3 4
20150713 5 5 3 7 4 3
20150713 6 9 2 3 6 2
20150713 7 2 7 1 2 5
20150713 8 5 7 8 4 5
20150713 9 9 7 5 6 5
20150713 10 9 4 1 6 4
20150713 11 1 4 6 1 4
20150714 1 2 7 8 2 5
20150714 2 5 3 6 4 3
20150714 3 1 3 4 1 3
20150714 4 3 7 2 3 5
20150714 5 3 9 5 3 6
20150714 6 9 3 5 6 3
20150714 7 2 5 7 2 4
20150714 8 5 9 3 4 6
20150714 9 9 1 2 6 1
20150714 10 9 4 1 6 4
20150714 11 3 1 7 3 1
20150715 1 3 7 2 3 5
20150715 2 7 9 2 5 6
20150715 3 3 1 9 3 1
20150715 4 8 2 4 6 2
20150715 5 2 9 8 2 6
20150715 6 5 3 8 4 3
20150715 7 7 4 9 5 4
20150715 8 5 2 1 4 2
20150715 9 9 2 7 6 2
20150715 10 8 2 3 6 2
20150715 11 2 9 1 2 6
20150717 1 7 2 6 0 0
20150717 2 3 6 2 0 0
20150717 3 1 4 6 0 0
20150717 4 3 6 5 0 0
20150717 5 1 3 7 0 0
20150717 6 2 7 3 0 0
20150717 7 1 6 7 0 0
20150718 1 2 4 7 0 0
20150718 2 6 1 2 0 0
20150718 3 5 2 4 0 0
20150718 4 6 4 3 0 0
20150718 5 7 1 4 0 0
20150718 6 6 2 7 0 0
20150718 7 7 3 4 0 0
20150719 1 7 3 2 0 0
20150719 2 7 5 3 0 0
20150719 3 4 2 7 0 0
20150719 4 5 1 2 0 0
20150719 5 5 1 2 0 0
20150719 6 2 4 6 0 0
20150719 7 2 5 3 0 0
20150722 1 1 5 9 1 4
20150722 2 7 8 1 5 6
20150722 3 8 6 5 6 5
20150722 4 7 9 2 5 6
20150722 5 1 5 7 1 4
20150722 6 8 4 1 6 4
20150722 7 5 2 3 4 2
20150722 8 1 9 7 1 6
20150722 9 3 2 9 3 2
20150722 10 2 1 9 2 1
20150722 11 7 2 9 5 2
20150723 1 1 3 4 1 3
20150723 2 2 3 7 2 3
20150723 3 2 9 6 2 6
20150723 4 5 3 8 4 3
20150723 5 2 7 8 2 5
20150723 6 5 1 9 4 1
20150723 7 7 5 3 5 4
20150723 8 1 9 7 1 6
20150723 9 1 2 7 1 2
20150723 10 7 3 2 5 3
20150723 11 9 1 4 6 1
