20120102 1 3 1 4 3 1
20120102 2 1 5 9 1 4
20120102 3 7 3 5 5 3
20120102 4 2 5 1 2 4
20120102 5 7 3 1 5 3
20120102 6 8 2 3 6 2
20120102 7 1 7 2 1 5
20120102 8 7 1 9 5 1
20120102 9 7 8 9 5 6
20120102 10 1 3 9 1 3
20120102 11 5 2 3 4 2
20120102 12 3 7 4 3 5
20120103 1 7 1 9 5 1
20120103 2 7 5 3 5 4
20120103 3 2 1 5 2 1
20120103 4 6 2 9 5 2
20120103 5 3 1 2 3 1
20120103 6 1 9 7 1 6
20120103 7 7 2 3 5 2
20120103 8 2 1 9 2 1
20120103 9 1 7 8 1 5
20120103 10 3 7 1 3 5
20120103 11 5 3 8 4 3
20120103 12 2 7 4 2 5
20120104 1 3 5 7 3 4
20120104 2 4 6 1 4 5
20120104 3 7 3 2 5 3
20120104 4 3 2 5 3 2
20120104 5 7 2 1 5 2
20120104 6 3 5 7 3 5
20120104 7 5 2 7 4 2
20120104 8 8 7 3 6 5
20120104 9 9 3 2 6 3
20120104 10 7 8 1 5 6
20120104 11 5 1 8 4 1
20120104 12 2 1 7 2 1
20120121 1 1 7 3 1 5
20120121 2 3 6 7 3 5
20120121 3 9 5 7 6 4
20120121 4 3 9 7 3 6
20120121 5 4 2 9 4 2
20120121 6 1 8 6 1 6
20120121 7 5 3 1 4 3
20120121 8 1 7 9 1 5
20120121 9 3 5 9 3 4
20120121 10 2 9 6 2 6
20120121 11 3 1 5 3 1
20120122 1 1 3 7 1 3
20120122 2 8 3 5 6 3
20120122 3 5 2 8 4 2
20120122 4 2 1 6 2 1
20120122 5 8 1 2 6 1
20120122 6 7 1 4 5 1
20120122 7 5 1 9 4 1
20120122 8 7 2 5 5 2
20120122 9 9 3 6 6 3
20120122 10 1 3 2 1 3
20120122 11 3 1 5 3 1
20120122 12 5 1 2 4 1
20120123 1 4 1 2 4 1
20120123 2 9 3 7 6 3
20120123 3 3 9 7 3 6
20120123 4 1 9 4 1 6
20120123 5 8 2 7 6 2
20120123 6 2 1 7 2 1
20120123 7 2 7 4 2 5
20120123 8 7 1 3 5 1
20120123 9 2 1 3 2 1
20120123 10 3 2 8 3 2
20120123 11 1 7 9 1 5
20120124 1 1 8 7 1 6
20120124 2 4 1 7 4 1
20120124 3 6 5 3 5 4
20120124 4 3 7 9 3 5
20120124 5 2 6 3 2 5
20120124 6 1 2 3 1 2
20120124 7 5 6 4 4 5
20120124 8 3 5 2 3 4
20120124 9 8 2 7 6 2
20120124 10 3 9 7 3 6
20120124 11 8 3 1 6 3
20120215 1 1 7 5 1 5
20120215 2 2 7 9 2 5
20120215 3 3 9 7 3 6
20120215 4 9 4 2 6 4
20120215 5 3 9 2 3 6
20120215 6 3 8 6 3 6
20120215 7 7 2 1 5 2
20120215 8 1 5 3 1 4
20120215 9 3 2 9 3 2
20120215 10 3 5 2 3 4
20120215 11 1 9 2 1 6
20120215 12 2 3 8 2 3
20120216 1 5 4 3 4 4
20120216 2 7 4 5 5 4
20120216 3 3 1 9 3 1
20120216 4 7 2 9 5 2
20120216 5 9 4 5 6 4
20120216 6 5 4 7 4 4
20120216 7 4 8 7 4 6
20120216 8 4 7 1 4 5
20120216 9 4 3 8 4 3
20120216 10 9 2 4 6 2
20120216 11 3 8 9 3 6
20120216 12 2 7 5 2 5
20120217 1 3 9 5 3 6
20120217 2 3 5 9 3 4
20120217 3 7 2 3 5 2
20120217 4 1 9 7 1 6
20120217 5 9 2 5 6 2
20120217 6 5 3 2 4 3
20120217 7 1 9 4 1 6
20120217 8 7 2 1 5 2
20120217 9 4 1 2 4 1
20120217 10 2 4 3 2 4
20120217 11 5 1 8 4 1
20120217 12 3 6 1 3 5
20120223 1 1 6 7 0 0
20120223 2 2 4 7 0 0
20120223 3 3 5 1 0 0
20120223 4 5 2 3 0 0
20120223 5 7 1 5 0 0
20120223 6 2 5 3 2 4
20120223 7 7 2 1 5 2
20120223 8 2 6 3 2 5
20120223 9 9 3 4 6 3
20120223 10 1 3 7 1 3
20120223 11 3 2 6 3 2
20120224 1 1 3 6 0 0
20120224 2 4 2 6 0 0
20120224 3 7 4 1 0 0
20120224 4 7 1 3 0 0
20120224 5 5 7 6 0 0
20120224 6 4 1 5 4 1
20120224 7 3 2 9 3 2
20120224 8 3 6 1 3 5
20120224 9 7 3 5 5 3
20120224 10 6 5 3 5 4
20120224 11 3 1 9 3 1
20120225 1 1 2 7 0 0
20120225 2 2 7 4 0 0
20120225 3 7 1 2 0 0
20120225 4 5 1 2 0 0
20120225 5 2 7 4 2 5
20120225 6 7 2 6 5 2
20120225 7 7 3 5 5 3
20120225 8 5 6 2 4 5
20120225 9 1 5 9 1 4
20120225 10 3 1 2 0 0
20120225 11 1 9 3 1 6
20120310 1 4 1 3 0 0
20120310 2 5 4 2 0 0
20120310 3 7 4 1 0 0
20120310 4 3 1 5 0 0
20120310 5 1 2 3 0 0
20120310 6 9 7 3 6 5
20120310 7 9 3 2 6 3
20120310 8 5 7 1 4 5
20120310 9 2 5 1 2 4
20120310 10 2 5 1 2 4
20120310 11 7 2 9 5 2
20120311 1 7 5 3 0 0
20120311 2 7 5 3 0 0
20120311 3 3 7 2 0 0
20120311 4 5 2 3 0 0
20120311 5 3 1 2 0 0
20120311 6 9 5 3 6 4
20120311 7 1 7 3 1 5
20120311 8 2 3 6 2 3
20120311 9 2 4 1 2 4
20120311 10 9 7 2 6 5
20120311 11 3 2 5 3 2
20120312 1 1 7 4 0 0
20120312 2 2 5 1 0 0
20120312 3 3 1 2 0 0
20120312 4 3 7 5 0 0
20120312 5 6 5 9 5 4
20120312 6 2 7 3 2 5
20120312 7 1 5 4 1 4
20120312 8 6 3 2 5 3
20120312 9 7 1 3 5 1
20120312 10 7 5 2 0 0
20120312 11 7 5 1 5 4
20120321 1 1 2 5 1 2
20120321 2 5 9 1 4 6
20120321 3 1 9 3 1 6
20120321 4 7 1 5 5 1
20120321 5 9 5 3 6 4
20120321 6 2 7 4 2 5
20120321 7 4 3 9 4 3
20120321 8 3 1 7 3 1
20120321 9 3 9 2 3 6
20120321 10 5 2 7 4 2
20120321 11 9 3 2 6 3
20120321 12 7 9 3 5 6
20120322 1 1 7 9 1 5
20120322 2 9 3 1 6 3
20120322 3 9 3 4 6 3
20120322 4 5 3 9 4 3
20120322 5 1 7 9 1 5
20120322 6 3 1 9 3 1
20120322 7 2 8 1 2 6
20120322 8 1 7 3 1 5
20120322 9 7 5 2 5 4
20120322 10 9 3 2 6 3
20120322 11 2 6 9 2 5
20120322 12 9 2 1 6 2
20120323 1 2 3 9 2 3
20120323 2 3 9 7 3 6
20120323 3 3 7 1 3 5
20120323 4 3 5 7 3 4
20120323 5 4 2 1 4 2
20120323 6 2 5 8 2 4
20120323 7 1 9 5 1 6
20120323 8 2 7 9 2 5
20120323 9 3 9 6 3 6
20120323 10 2 1 9 2 1
20120323 11 7 1 9 5 1
20120323 12 2 5 7 2 4
20120412 1 5 1 2 0 0
20120412 2 2 5 4 0 0
20120412 3 3 7 1 0 0
20120412 4 2 1 7 0 0
20120412 5 3 1 4 0 0
20120412 6 7 1 2 5 1
20120412 7 1 7 9 1 5
20120412 8 9 1 7 6 1
20120412 9 3 9 2 3 6
20120412 10 2 1 5 2 1
20120412 11 4 5 1 4 4
20120413 1 7 1 2 0 0
20120413 2 5 2 1 0 0
20120413 3 3 2 7 0 0
20120413 4 2 3 1 0 0
20120413 5 2 5 7 0 0
20120413 6 7 5 1 5 4
20120413 7 1 9 7 1 6
20120413 8 1 6 2 1 5
20120413 9 2 7 3 2 5
20120413 10 4 2 1 4 2
20120413 11 9 1 5 6 1
20120414 1 1 7 3 0 0
20120414 2 2 5 4 0 0
20120414 3 5 1 4 0 0
20120414 4 3 4 5 0 0
20120414 5 2 4 5 2 4
20120414 6 1 9 2 1 6
20120414 7 2 7 9 2 5
20120414 8 2 1 5 2 1
20120414 9 5 1 8 4 1
20120414 10 7 4 1 0 0
20120414 11 7 4 1 5 4
20120518 1 1 7 3 0 0
20120518 2 4 2 7 0 0
20120518 3 5 2 3 0 0
20120518 4 1 4 5 0 0
20120518 5 2 3 5 0 0
20120518 6 9 3 1 6 3
20120518 7 2 3 9 2 3
20120518 8 7 2 8 5 2
20120518 9 1 9 7 1 6
20120518 10 1 4 9 1 4
20120518 11 9 1 3 6 1
20120519 1 1 7 2 0 0
20120519 2 4 2 3 0 0
20120519 3 5 1 3 0 0
20120519 4 3 2 1 0 0
20120519 5 1 3 2 0 0
20120519 6 2 9 5 2 6
20120519 7 5 2 8 4 2
20120519 8 1 8 2 1 6
20120519 9 1 2 7 1 2
20120519 10 1 2 7 1 2
20120519 11 5 1 2 4 1
20120520 1 1 5 3 0 0
20120520 2 3 5 7 0 0
20120520 3 2 3 1 0 0
20120520 4 6 4 3 0 0
20120520 5 1 9 3 1 6
20120520 6 9 5 1 6 4
20120520 7 3 7 1 3 5
20120520 8 1 2 7 1 2
20120520 9 7 3 2 5 3
20120520 10 7 3 1 0 0
20120520 11 3 2 4 3 2
20120602 1 1 5 2 0 0
20120602 2 1 5 3 0 0
20120602 3 5 3 2 0 0
20120602 4 1 7 3 0 0
20120602 5 3 1 5 0 0
20120602 6 9 1 5 6 1
20120602 7 3 1 8 3 1
20120602 8 7 5 9 5 4
20120602 9 2 1 9 2 1
20120602 10 1 7 2 1 5
20120602 11 6 3 4 5 3
20120603 1 1 6 7 0 0
20120603 2 5 1 6 0 0
20120603 3 7 1 2 0 0
20120603 4 2 4 3 0 0
20120603 5 1 7 5 0 0
20120603 6 5 3 7 4 3
20120603 7 2 7 5 2 5
20120603 8 5 2 9 4 2
20120603 9 9 3 1 6 3
20120603 10 3 9 7 3 6
20120603 11 5 3 1 4 3
20120604 1 1 6 5 0 0
20120604 2 3 5 7 0 0
20120604 3 2 7 1 0 0
20120604 4 1 2 5 0 0
20120604 5 9 3 4 6 3
20120604 6 7 9 2 5 6
20120604 7 2 5 1 2 4
20120604 8 9 2 7 6 2
20120604 9 2 5 7 2 4
20120604 10 3 5 7 0 0
20120604 11 5 8 1 4 6
20120608 1 7 1 6 5 1
20120608 2 6 5 3 5 4
20120608 3 3 5 7 3 4
20120608 4 1 5 9 1 4
20120608 5 2 4 8 2 4
20120608 6 5 7 2 4 5
20120608 7 3 5 4 3 4
20120608 8 4 2 3 4 2
20120608 9 5 8 7 4 6
20120608 10 1 9 4 1 6
20120608 11 2 5 9 2 4
20120608 12 5 6 9 4 5
20120609 1 7 1 3 5 1
20120609 2 1 2 7 1 2
20120609 3 1 4 5 1 4
20120609 4 7 1 8 5 1
20120609 5 3 5 1 3 4
20120609 6 1 7 2 1 5
20120609 7 8 7 5 6 5
20120609 8 4 9 2 4 6
20120609 9 9 1 5 6 1
20120609 10 2 3 9 2 3
20120609 11 2 7 5 2 5
20120609 12 4 1 5 4 1
20120610 1 9 8 2 6 6
20120610 2 2 9 3 2 6
20120610 3 2 3 4 2 3
20120610 4 2 5 3 2 4
20120610 5 1 3 5 1 3
20120610 6 9 2 5 6 2
20120610 7 9 2 7 6 2
20120610 8 1 9 6 1 6
20120610 9 3 8 9 3 6
20120610 10 2 1 8 2 1
20120610 11 2 9 1 2 6
20120610 12 3 9 1 3 6
20120713 1 5 3 1 0 0
20120713 2 2 5 1 0 0
20120713 3 7 2 5 0 0
20120713 4 7 3 2 0 0
20120713 5 1 4 5 0 0
20120713 6 9 3 6 6 3
20120713 7 8 3 5 6 3
20120713 8 3 5 9 3 4
20120713 9 9 1 2 6 1
20120713 10 7 1 5 5 1
20120713 11 6 9 1 5 6
20120714 1 5 7 3 0 0
20120714 2 2 7 5 0 0
20120714 3 2 7 1 0 0
20120714 4 3 4 1 0 0
20120714 5 1 3 7 0 0
20120714 6 5 2 9 4 2
20120714 7 2 5 7 2 4
20120714 8 5 6 4 4 5
20120714 9 3 2 7 3 2
20120714 10 7 2 9 5 2
20120714 11 7 1 9 5 1
20120715 1 1 4 2 0 0
20120715 2 2 1 4 0 0
20120715 3 2 5 4 0 0
20120715 4 3 1 6 0 0
20120715 5 1 7 4 1 5
20120715 6 3 7 2 3 5
20120715 7 2 8 3 2 6
20120715 8 3 4 5 3 4
20120715 9 2 3 8 2 3
20120715 10 1 6 5 0 0
20120715 11 1 3 2 1 3
20120810 1 2 4 9 2 4
20120810 2 8 5 1 6 4
20120810 3 1 2 9 1 2
20120810 4 1 9 8 1 6
20120810 5 5 2 3 4 2
20120810 6 7 9 1 5 6
20120810 7 2 7 3 2 5
20120810 8 5 8 2 4 6
20120810 9 3 7 2 3 5
20120810 10 7 3 4 5 3
20120810 11 1 3 7 1 3
20120811 1 1 5 8 1 4
20120811 2 7 2 4 5 2
20120811 3 9 1 4 6 1
20120811 4 5 1 3 4 1
20120811 5 5 2 4 4 2
20120811 6 7 4 1 5 4
20120811 7 3 1 9 3 1
20120811 8 1 8 5 1 6
20120811 9 3 9 2 3 6
20120811 10 2 7 9 2 5
20120811 11 9 2 1 6 2
20120812 1 1 5 9 1 4
20120812 2 2 8 4 2 6
20120812 3 9 5 2 6 4
20120812 4 3 2 7 3 2
20120812 5 1 7 5 1 5
20120812 6 7 2 8 5 2
20120812 7 3 7 1 3 5
20120812 8 3 7 8 3 5
20120812 9 1 7 2 1 5
20120812 10 2 1 6 2 1
20120812 11 1 7 4 1 5
20120907 1 7 1 3 0 0
20120907 2 4 5 7 0 0
20120907 3 3 5 4 0 0
20120907 4 3 1 7 0 0
20120907 5 2 5 7 0 0
20120907 6 2 3 1 2 3
20120907 7 2 4 9 2 4
20120907 8 3 7 1 3 5
20120907 9 1 5 3 1 4
20120907 10 2 7 9 2 5
20120907 11 1 9 8 1 6
20120908 1 5 2 3 0 0
20120908 2 7 1 5 0 0
20120908 3 3 5 2 0 0
20120908 4 3 5 7 0 0
20120908 5 1 7 2 0 0
20120908 6 9 2 1 6 2
20120908 7 5 2 3 4 2
20120908 8 1 2 4 1 2
20120908 9 2 5 3 2 4
20120908 10 3 2 4 3 2
20120908 11 7 5 9 5 4
20120909 1 1 2 3 0 0
20120909 2 3 5 2 0 0
20120909 3 1 5 2 0 0
20120909 4 7 5 1 0 0
20120909 5 7 6 4 5 5
20120909 6 9 1 2 6 1
20120909 7 1 2 6 1 2
20120909 8 2 4 9 2 4
20120909 9 7 3 5 5 3
20120909 10 1 3 2 0 0
20120909 11 1 8 5 1 6
20121025 1 5 2 1 0 0
20121025 2 2 3 5 0 0
20121025 3 2 5 7 0 0
20121025 4 1 3 5 0 0
20121025 5 2 1 5 0 0
20121025 6 8 3 2 6 3
20121025 7 3 9 7 3 6
20121025 8 2 5 3 2 4
20121025 9 5 3 9 4 3
20121025 10 9 7 2 6 5
20121025 11 5 4 7 4 4
20121026 1 7 5 3 0 0
20121026 2 1 4 2 0 0
20121026 3 3 1 7 0 0
20121026 4 2 7 5 0 0
20121026 5 1 7 5 0 0
20121026 6 2 7 1 2 5
20121026 7 5 9 1 4 6
20121026 8 5 9 3 4 6
20121026 9 1 4 9 1 4
20121026 10 3 7 6 3 5
20121026 11 3 1 7 3 1
20121027 1 5 1 7 0 0
20121027 2 5 2 7 0 0
20121027 3 3 4 7 0 0
20121027 4 3 2 1 0 0
20121027 5 1 4 2 1 4
20121027 6 9 3 2 6 3
20121027 7 7 1 3 5 1
20121027 8 1 6 2 1 5
20121027 9 7 8 2 5 6
20121027 10 3 1 4 0 0
20121027 11 2 9 3 2 6
20121103 1 7 1 2 5 1
20121103 2 5 1 2 4 1
20121103 3 2 7 9 2 5
20121103 4 7 1 5 5 1
20121103 5 2 7 1 2 5
20121103 6 6 8 9 5 6
20121103 7 2 4 7 2 4
20121103 8 5 2 3 4 2
20121103 9 7 5 3 5 4
20121103 10 1 7 3 1 5
20121103 11 1 7 5 1 5
20121104 1 2 1 6 2 1
20121104 2 1 5 8 1 4
20121104 3 4 8 9 4 6
20121104 4 7 1 6 5 1
20121104 5 2 7 9 2 5
20121104 6 7 2 9 5 2
20121104 7 2 4 9 2 4
20121104 8 9 1 8 6 1
20121104 9 9 3 5 6 3
20121104 10 7 9 2 5 6
20121104 11 1 7 2 1 5
20121105 1 1 2 7 1 2
20121105 2 2 7 4 2 5
20121105 3 9 7 2 6 5
20121105 4 5 2 7 4 2
20121105 5 7 2 1 5 2
20121105 6 3 2 9 3 2
20121105 7 8 5 6 6 4
20121105 8 7 5 1 5 4
20121105 9 7 1 2 5 1
20121105 10 7 8 5 5 6
20121105 11 4 1 7 4 1
20121109 1 3 1 2 3 1
20121109 2 2 3 9 2 3
20121109 3 1 9 3 1 6
20121109 4 5 2 9 4 2
20121109 5 1 7 5 1 5
20121109 6 3 7 5 3 5
20121109 7 5 7 9 4 5
20121109 8 2 1 4 2 1
20121109 9 5 2 7 4 2
20121109 10 2 5 4 2 4
20121109 11 1 4 9 1 4
20121110 1 1 7 9 1 5
20121110 2 9 5 1 6 4
20121110 3 3 5 4 3 4
20121110 4 2 7 3 2 5
20121110 5 5 3 9 4 3
20121110 6 1 9 5 1 6
20121110 7 3 9 5 3 6
20121110 8 9 4 2 6 4
20121110 9 5 2 3 4 2
20121110 10 5 2 3 4 2
20121110 11 9 2 1 6 2
20121111 1 1 2 4 1 2
20121111 2 5 2 9 4 2
20121111 3 2 7 4 2 5
20121111 4 3 2 8 3 2
20121111 5 3 5 2 3 4
20121111 6 7 5 4 5 4
20121111 7 7 2 1 5 2
20121111 8 3 2 9 3 2
20121111 9 8 7 5 6 5
20121111 10 1 3 2 1 3
20121111 11 8 1 7 6 1
20121129 1 1 5 3 0 0
20121129 2 2 5 7 0 0
20121129 3 1 5 3 0 0
20121129 4 2 1 5 0 0
20121129 5 2 5 1 0 0
20121129 6 3 7 9 3 5
20121129 7 1 9 7 1 6
20121129 8 7 3 1 5 3
20121129 9 1 7 8 1 5
20121129 10 1 3 4 1 3
20121129 11 8 5 2 6 4
20121130 1 1 7 2 0 0
20121130 2 5 2 7 0 0
20121130 3 2 3 1 0 0
20121130 4 3 5 7 0 0
20121130 5 5 1 7 0 0
20121130 6 1 2 7 1 2
20121130 7 2 1 8 2 1
20121130 8 1 7 5 1 5
20121130 9 7 5 8 5 4
20121130 10 2 9 3 2 6
20121130 11 3 5 2 3 4
20121201 1 1 4 3 0 0
20121201 2 7 4 1 0 0
20121201 3 3 4 1 0 0
20121201 4 3 4 7 0 0
20121201 5 9 3 1 6 3
20121201 6 7 1 2 5 1
20121201 7 4 1 5 4 1
20121201 8 2 7 9 2 5
20121201 9 7 3 1 5 3
20121201 10 2 1 5 0 0
20121201 11 2 3 4 2 3
20121208 1 7 2 1 5 2
20121208 2 2 5 1 2 4
20121208 3 3 5 9 3 4
20121208 4 7 1 4 5 1
20121208 5 7 6 8 5 5
20121208 6 3 8 4 3 6
20121208 7 3 2 8 3 2
20121208 8 9 3 8 6 3
20121208 9 3 8 6 3 6
20121208 10 5 1 9 4 1
20121208 11 3 1 5 3 1
20121209 1 7 3 8 5 3
20121209 2 5 7 2 4 5
20121209 3 2 3 1 2 3
20121209 4 5 9 4 4 6
20121209 5 3 7 2 3 5
20121209 6 5 2 3 4 2
20121209 7 4 7 1 4 5
20121209 8 2 9 6 2 6
20121209 9 7 9 4 5 6
20121209 10 1 9 2 1 6
20121209 11 3 9 2 3 6
20121210 1 7 4 3 5 4
20121210 2 3 1 5 3 1
20121210 3 3 7 4 3 5
20121210 4 9 3 2 6 3
20121210 5 1 7 3 1 5
20121210 6 2 8 9 2 6
20121210 7 1 8 4 1 6
20121210 8 1 5 6 1 4
20121210 9 1 7 9 1 5
20121210 10 5 3 6 4 3
20121210 11 7 2 8 5 2
20121222 1 7 1 5 0 0
20121222 2 3 5 2 0 0
20121222 3 1 3 2 0 0
20121222 4 5 1 3 0 0
20121222 5 7 3 5 0 0
20121222 6 9 1 7 6 1
20121222 7 1 9 2 1 6
20121222 8 5 1 6 4 1
20121222 9 3 1 5 3 1
20121222 10 5 9 2 4 6
20121222 11 7 5 3 5 4
20121223 1 5 2 1 0 0
20121223 2 3 5 4 0 0
20121223 3 2 4 7 0 0
20121223 4 2 3 6 0 0
20121223 5 3 4 1 0 0
20121223 6 4 2 1 4 2
20121223 7 2 5 1 2 4
20121223 8 7 4 2 5 4
20121223 9 1 7 9 1 5
20121223 10 5 7 2 4 5
20121223 11 7 1 9 5 1
20121224 1 7 1 2 0 0
20121224 2 5 3 1 0 0
20121224 3 5 2 7 0 0
20121224 4 1 2 3 0 0
20121224 5 1 3 9 1 3
20121224 6 9 1 2 6 1
20121224 7 3 7 8 3 5
20121224 8 7 9 1 5 6
20121224 9 8 4 1 6 4
20121224 10 5 2 1 0 0
20121224 11 1 6 2 1 5
20130102 1 1 6 5 1 5
20130102 2 4 6 7 4 5
20130102 3 3 2 9 3 2
20130102 4 6 1 3 5 1
20130102 5 9 1 3 6 1
20130102 6 3 1 9 3 1
20130102 7 7 3 4 5 3
20130102 8 5 2 7 4 2
20130102 9 7 3 9 5 3
20130102 10 2 9 5 2 6
20130102 11 1 6 9 1 5
20130103 1 3 2 4 3 2
20130103 2 5 6 1 4 5
20130103 3 3 9 7 3 6
20130103 4 6 2 7 5 2
20130103 5 2 1 3 2 1
20130103 6 8 2 4 6 2
20130103 7 3 5 1 3 4
20130103 8 2 5 7 2 4
20130103 9 3 9 1 3 6
20130103 10 5 9 7 4 6
20130103 11 9 4 1 6 4
20130104 1 5 2 7 4 2
20130104 2 4 3 5 4 3
20130104 3 7 3 2 5 3
20130104 4 7 1 9 5 1
20130104 5 5 1 7 4 1
20130104 6 9 4 8 6 4
20130104 7 5 6 1 4 5
20130104 8 9 8 5 6 6
20130104 9 5 9 1 4 6
20130104 10 9 2 3 6 2
20130104 11 1 7 4 1 5
20130112 1 7 3 1 0 0
20130112 2 4 5 3 0 0
20130112 3 3 4 7 0 0
20130112 4 1 4 3 0 0
20130112 5 7 2 5 0 0
20130112 6 2 7 3 2 5
20130112 7 7 1 8 5 1
20130112 8 5 2 7 4 2
20130112 9 3 1 6 3 1
20130112 10 1 4 9 1 4
20130112 11 1 7 6 1 5
20130113 1 5 1 4 0 0
20130113 2 5 2 4 0 0
20130113 3 4 7 3 0 0
20130113 4 2 1 6 0 0
20130113 5 3 1 6 0 0
20130113 6 2 1 5 2 1
20130113 7 5 2 3 4 2
20130113 8 9 3 7 6 3
20130113 9 3 9 5 3 6
20130113 10 3 9 1 3 6
20130113 11 3 1 9 3 1
20130114 1 1 7 3 0 0
20130114 2 1 4 2 0 0
20130114 3 6 1 3 0 0
20130114 4 7 2 5 0 0
20130114 5 1 5 2 1 4
20130114 6 9 3 2 6 3
20130114 7 2 9 3 2 6
20130114 8 9 7 3 6 5
20130114 9 1 5 2 1 4
20130114 10 1 5 3 0 0
20130114 11 3 9 1 3 6
20130119 1 4 3 1 0 0
20130119 2 2 7 5 0 0
20130119 3 4 3 2 0 0
20130119 4 2 5 4 0 0
20130119 5 2 4 5 0 0
20130119 6 3 7 2 3 5
20130119 7 1 5 7 1 4
20130119 8 3 7 4 3 5
20130119 9 2 7 5 2 5
20130119 10 1 9 2 1 6
20130119 11 5 8 6 4 6
20130120 1 7 4 6 0 0
20130120 2 3 2 5 0 0
20130120 3 3 2 1 0 0
20130120 4 4 7 5 0 0
20130120 5 7 2 5 0 0
20130120 6 4 5 9 4 4
20130120 7 2 8 5 2 6
20130120 8 5 2 6 4 2
20130120 9 3 2 7 3 2
20130120 10 4 8 2 4 6
20130120 11 5 1 7 4 1
20130121 1 3 1 2 0 0
20130121 2 5 3 2 0 0
20130121 3 3 7 2 0 0
20130121 4 1 4 6 0 0
20130121 5 2 7 9 2 5
20130121 6 3 2 7 3 2
20130121 7 1 6 3 1 5
20130121 8 2 9 4 2 6
20130121 9 7 2 4 5 2
20130121 10 4 7 6 0 0
20130121 11 7 3 9 5 3
20130216 1 3 1 7 3 1
20130216 2 6 2 9 5 2
20130216 3 5 3 4 4 3
20130216 4 2 5 1 2 4
20130216 5 2 5 9 2 4
20130216 6 6 5 9 5 4
20130216 7 3 7 4 3 5
20130216 8 1 4 9 1 4
20130216 9 3 9 5 3 6
20130216 10 3 9 2 3 6
20130216 11 7 1 9 5 1
20130217 1 3 5 6 3 4
20130217 2 1 9 3 1 6
20130217 3 3 9 6 3 6
20130217 4 9 3 7 6 3
20130217 5 3 1 7 3 1
20130217 6 1 3 7 1 3
20130217 7 3 7 9 3 5
20130217 8 2 1 7 2 1
20130217 9 2 1 3 2 1
20130217 10 5 3 7 4 3
20130217 11 1 7 9 1 5
20130218 1 8 2 9 6 2
20130218 2 9 6 4 6 5
20130218 3 1 7 8 1 5
20130218 4 2 8 1 2 6
20130218 5 2 3 8 2 3
20130218 6 9 5 7 6 4
20130218 7 2 3 1 2 3
20130218 8 9 6 2 6 5
20130218 9 2 7 9 2 5
20130218 10 9 5 4 6 4
20130218 11 2 7 4 2 5
20130307 1 1 7 9 1 5
20130307 2 1 9 3 1 6
20130307 3 7 9 1 5 6
20130307 4 5 3 2 4 3
20130307 5 2 1 9 2 1
20130307 6 5 1 8 4 1
20130307 7 9 3 6 6 3
20130307 8 7 2 5 5 2
20130307 9 3 9 5 3 6
20130307 10 9 2 1 6 2
20130307 11 7 2 9 5 2
20130308 1 7 4 1 5 4
20130308 2 1 7 5 1 5
20130308 3 4 1 3 4 1
20130308 4 9 3 6 6 3
20130308 5 5 9 6 4 6
20130308 6 1 9 6 1 6
20130308 7 7 8 2 5 6
20130308 8 4 1 9 4 1
20130308 9 5 1 9 4 1
20130308 10 1 2 3 1 2
20130308 11 3 1 7 3 1
20130309 1 3 9 7 3 6
20130309 2 2 4 9 2 4
20130309 3 9 2 8 6 2
20130309 4 2 4 9 2 4
20130309 5 7 1 5 5 1
20130309 6 6 2 9 5 2
20130309 7 2 9 5 2 6
20130309 8 1 7 9 1 5
20130309 9 2 7 3 2 5
20130309 10 9 1 5 6 1
20130309 11 7 9 1 5 6
20130309 12 5 2 8 4 2
20130310 1 1 3 7 1 3
20130310 2 6 3 9 5 3
20130310 3 6 9 3 5 6
20130310 4 2 7 4 2 5
20130310 5 8 1 9 6 1
20130310 6 5 2 3 4 2
20130310 7 8 2 7 6 2
20130310 8 1 7 5 1 5
20130310 9 1 3 4 1 3
20130310 10 3 5 1 3 4
20130310 11 9 1 5 6 1
20130328 1 2 7 1 2 5
20130328 2 9 3 8 6 3
20130328 3 3 9 2 3 6
20130328 4 3 9 2 3 6
20130328 5 1 9 2 1 6
20130328 6 1 5 2 1 4
20130328 7 3 5 7 3 4
20130328 8 3 2 9 3 2
20130328 9 2 1 8 2 1
20130328 10 3 9 1 3 6
20130328 11 1 6 9 1 5
20130329 1 7 8 1 5 6
20130329 2 2 5 9 2 4
20130329 3 2 6 7 2 5
20130329 4 3 2 1 3 2
20130329 5 9 3 1 6 3
20130329 6 4 9 2 4 6
20130329 7 9 2 5 6 2
20130329 8 4 8 9 4 6
20130329 9 1 3 9 1 3
20130329 10 3 9 7 3 6
20130329 11 7 1 6 5 1
20130330 1 7 1 5 5 1
20130330 2 7 8 6 5 6
20130330 3 9 3 2 6 3
20130330 4 1 7 2 1 5
20130330 5 2 5 6 2 4
20130330 6 4 7 3 4 5
20130330 7 6 9 2 5 6
20130330 8 1 2 9 1 2
20130330 9 2 7 5 2 5
20130330 10 1 5 9 1 4
20130330 11 5 3 2 4 3
20130407 1 3 5 4 0 0
20130407 2 3 5 7 0 0
20130407 3 3 4 7 0 0
20130407 4 1 3 4 0 0
20130407 5 2 7 3 0 0
20130407 6 2 4 9 2 4
20130407 7 7 2 1 5 2
20130407 8 7 3 4 5 3
20130407 9 9 2 1 6 2
20130407 10 5 2 8 4 2
20130408 1 5 1 3 0 0
20130408 2 4 1 3 0 0
20130408 3 3 4 1 0 0
20130408 4 5 1 3 0 0
20130408 5 3 2 5 0 0
20130408 6 5 3 1 4 3
20130408 7 1 7 3 1 5
20130408 8 2 3 7 2 3
20130408 9 1 3 5 1 3
20130408 10 1 2 7 1 2
20130409 1 7 5 1 0 0
20130409 2 5 2 7 0 0
20130409 3 5 7 3 0 0
20130409 4 7 5 4 0 0
20130409 5 2 9 5 2 6
20130409 6 1 9 6 1 6
20130409 7 7 5 3 5 4
20130409 8 2 5 6 2 4
20130409 9 1 3 5 0 0
20130409 10 6 9 1 5 6
20130507 1 2 1 5 0 0
20130507 2 7 1 2 0 0
20130507 3 7 3 1 0 0
20130507 4 2 1 5 0 0
20130507 5 5 3 7 0 0
20130507 6 9 3 2 6 3
20130507 7 3 5 6 3 4
20130507 8 3 5 8 3 4
20130507 9 3 9 8 3 6
20130507 10 8 2 1 6 2
20130508 1 2 5 1 0 0
20130508 2 5 1 7 0 0
20130508 3 7 2 4 0 0
20130508 4 1 4 5 0 0
20130508 5 3 2 7 0 0
20130508 6 1 4 7 1 4
20130508 7 5 4 1 4 4
20130508 8 1 7 5 1 5
20130508 9 2 7 3 2 5
20130508 10 1 2 5 1 2
20130509 1 1 4 2 0 0
20130509 2 4 1 7 0 0
20130509 3 5 7 2 0 0
20130509 4 6 7 1 0 0
20130509 5 1 2 3 1 2
20130509 6 5 2 8 4 2
20130509 7 3 9 7 3 6
20130509 8 5 7 1 4 5
20130509 9 5 3 1 0 0
20130509 10 2 4 6 2 4
20130606 1 7 1 9 5 1
20130606 2 2 9 1 2 6
20130606 3 3 4 2 3 4
20130606 4 5 2 7 4 2
20130606 5 4 2 3 4 2
20130606 6 3 7 2 0 0
20130606 7 1 5 3 0 0
20130606 8 5 1 7 4 1
20130606 9 2 1 5 2 1
20130606 10 9 5 1 6 4
20130606 11 7 2 5 5 2
20130606 12 1 5 2 1 4
20130607 1 9 2 4 6 2
20130607 2 9 1 5 6 1
20130607 3 2 5 8 2 4
20130607 4 1 7 5 1 5
20130607 5 2 9 3 2 6
20130607 6 7 1 5 0 0
20130607 7 7 2 3 0 0
20130607 8 3 7 5 3 5
20130607 9 9 1 7 6 1
20130607 10 4 2 1 4 2
20130607 11 7 9 3 5 6
20130607 12 9 2 6 6 2
20130608 1 1 2 3 1 2
20130608 2 5 3 9 4 3
20130608 3 2 1 5 2 1
20130608 4 3 1 5 3 1
20130608 5 7 3 2 0 0
20130608 6 1 7 4 1 6
20130608 7 3 1 2 3 1
20130608 8 4 6 1 4 5
20130608 9 9 1 4 6 1
20130608 10 1 5 3 0 0
20130608 11 7 2 9 5 2
20130608 12 1 2 4 1 2
20130624 1 1 7 2 0 0
20130624 2 7 3 2 0 0
20130624 3 3 2 1 0 0
20130624 4 2 7 3 0 0
20130624 5 3 1 4 0 0
20130624 6 1 9 2 1 6
20130624 7 1 7 9 1 5
20130624 8 2 3 5 2 3
20130624 9 9 1 7 6 1
20130624 10 1 7 2 1 5
20130625 1 1 4 5 0 0
20130625 2 5 2 7 0 0
20130625 3 4 2 1 0 0
20130625 4 4 1 5 0 0
20130625 5 1 7 4 0 0
20130625 6 7 9 5 5 6
20130625 7 3 7 4 3 5
20130625 8 9 2 3 6 2
20130625 9 3 7 4 3 5
20130625 10 4 1 7 4 1
20130626 1 2 4 6 0 0
20130626 2 7 1 4 0 0
20130626 3 3 1 2 0 0
20130626 4 5 7 3 0 0
20130626 5 9 7 3 6 5
20130626 6 1 8 5 1 6
20130626 7 2 7 9 2 5
20130626 8 6 4 1 5 4
20130626 9 4 6 5 0 0
20130626 10 9 7 2 6 5
20130712 1 5 2 4 0 0
20130712 2 2 3 7 0 0
20130712 3 3 4 1 0 0
20130712 4 7 2 3 0 0
20130712 5 1 4 3 0 0
20130712 6 5 7 2 0 0
20130712 7 1 3 2 0 0
20130712 8 7 2 3 5 2
20130712 9 1 9 6 1 6
20130712 10 3 9 5 3 6
20130712 11 1 9 5 1 6
20130712 12 1 3 7 1 3
20130713 1 1 7 2 0 0
20130713 2 2 5 3 0 0
20130713 3 6 3 2 0 0
20130713 4 5 2 1 0 0
20130713 5 7 1 5 0 0
20130713 6 2 4 7 0 0
20130713 7 5 6 3 0 0
20130713 8 5 2 8 4 2
20130713 9 7 3 5 5 3
20130713 10 1 9 3 1 6
20130713 11 2 1 9 2 1
20130713 12 2 5 6 2 4
20130714 1 1 7 3 0 0
20130714 2 3 4 5 0 0
20130714 3 5 2 3 0 0
20130714 4 1 4 5 0 0
20130714 5 1 4 5 0 0
20130714 6 5 1 2 4 1
20130714 7 2 6 3 2 5
20130714 8 7 5 8 5 4
20130714 9 6 7 8 5 5
20130714 10 5 1 7 0 0
20130714 11 7 3 5 0 0
20130714 12 1 5 7 1 4
20130802 1 6 3 8 5 3
20130802 2 2 1 7 2 1
20130802 3 3 9 7 3 6
20130802 4 2 4 7 2 4
20130802 5 1 9 7 1 6
20130802 6 1 4 9 1 4
20130802 7 7 1 2 5 1
20130802 8 2 7 8 2 5
20130802 9 1 5 9 1 4
20130803 1 1 3 7 1 3
20130803 2 5 2 9 4 2
20130803 3 9 7 1 6 5
20130803 4 7 1 2 5 1
20130803 5 2 4 7 2 4
20130803 6 2 6 9 2 5
20130803 7 2 7 9 2 5
20130803 8 1 5 3 1 4
20130803 9 9 2 4 6 2
20130818 1 2 6 5 0 0
20130818 2 5 2 1 0 0
20130818 3 3 2 4 0 0
20130818 4 7 3 2 0 0
20130818 5 5 4 1 0 0
20130818 6 1 7 4 1 5
20130818 7 2 5 8 2 4
20130818 8 5 3 7 4 3
20130818 9 3 9 5 3 6
20130818 10 2 5 9 2 4
20130819 1 2 7 3 0 0
20130819 2 2 5 3 0 0
20130819 3 3 1 7 0 0
20130819 4 3 6 1 0 0
20130819 5 1 5 3 0 0
20130819 6 5 2 7 4 2
20130819 7 2 4 9 2 4
20130819 8 1 2 7 1 2
20130819 9 5 7 3 4 5
20130819 10 1 5 2 1 4
20130820 1 1 7 6 0 0
20130820 2 5 3 2 0 0
20130820 3 7 6 2 0 0
20130820 4 3 6 5 0 0
20130820 5 3 9 5 3 6
20130820 6 1 7 9 1 5
20130820 7 1 5 4 1 4
20130820 8 1 9 6 1 6
20130820 9 2 5 1 0 0
20130820 10 1 4 9 1 4
20130922 1 1 4 3 1 4
20130922 2 5 3 2 4 3
20130922 3 2 7 5 2 5
20130922 4 3 7 9 3 5
20130922 5 7 1 2 5 1
20130922 6 3 1 5 3 1
20130922 7 1 2 3 1 2
20130922 8 2 9 5 2 6
20130922 9 9 8 2 6 6
20130922 10 5 7 2 4 5
20130922 11 3 8 2 3 6
20130923 1 7 3 8 5 3
20130923 2 7 3 5 5 3
20130923 3 1 2 4 1 2
20130923 4 7 3 5 5 3
20130923 5 3 7 4 3 5
20130923 6 9 3 5 6 3
20130923 7 9 4 3 6 4
20130923 8 5 7 2 4 5
20130923 9 3 1 4 3 1
20130923 10 9 1 6 6 1
20130923 11 7 2 3 5 2
20130924 1 7 1 4 5 1
20130924 2 2 1 5 2 1
20130924 3 2 7 4 2 5
20130924 4 5 1 8 4 1
20130924 5 1 7 3 1 5
20130924 6 1 8 9 1 6
20130924 7 2 5 8 2 4
20130924 8 1 5 7 1 4
20130924 9 3 7 9 3 5
20130924 10 1 3 4 1 3
20130924 11 1 4 5 1 4
20131012 1 7 1 4 0 0
20131012 2 2 3 5 0 0
20131012 3 3 4 7 0 0
20131012 4 2 4 1 0 0
20131012 5 5 3 7 0 0
20131012 6 2 5 7 0 0
20131012 7 5 2 1 0 0
20131012 8 2 7 1 2 5
20131012 9 7 4 1 5 4
20131012 10 1 5 8 1 4
20131012 11 7 2 6 5 2
20131012 12 1 5 4 1 4
20131013 1 1 3 7 0 0
20131013 2 7 3 5 0 0
20131013 3 7 5 6 0 0
20131013 4 3 2 4 0 0
20131013 5 3 7 4 0 0
20131013 6 1 3 7 0 0
20131013 7 4 1 7 0 0
20131013 8 2 5 1 2 4
20131013 9 2 6 1 2 5
20131013 10 3 8 9 3 6
20131013 11 3 7 9 3 5
20131013 12 7 3 9 5 3
20131014 1 1 7 3 0 0
20131014 2 5 2 7 0 0
20131014 3 3 4 2 0 0
20131014 4 1 7 2 0 0
20131014 5 4 2 6 0 0
20131014 6 3 1 7 3 1
20131014 7 7 2 5 5 2
20131014 8 2 7 4 2 5
20131014 9 5 2 9 4 2
20131014 10 7 3 4 0 0
20131014 11 3 6 2 0 0
20131014 12 1 7 2 1 5
20131030 1 1 7 3 0 0
20131030 2 3 1 5 0 0
20131030 3 1 4 3 0 0
20131030 4 2 4 7 0 0
20131030 5 1 5 4 0 0
20131030 6 7 2 5 5 2
20131030 7 7 2 5 5 2
20131030 8 2 7 1 2 5
20131030 9 2 5 1 2 4
20131030 10 1 9 7 1 6
20131031 1 1 7 4 0 0
20131031 2 2 4 7 0 0
20131031 3 7 1 3 0 0
20131031 4 5 1 6 0 0
20131031 5 5 3 1 0 0
20131031 6 3 9 6 3 6
20131031 7 2 1 5 2 1
20131031 8 9 3 4 6 3
20131031 9 3 2 9 3 2
20131031 10 7 1 5 5 1
20131101 1 7 1 5 0 0
20131101 2 2 3 5 0 0
20131101 3 7 3 1 0 0
20131101 4 1 3 6 0 0
20131101 5 5 1 7 4 1
20131101 6 1 8 3 1 6
20131101 7 6 3 2 5 3
20131101 8 1 9 2 1 6
20131101 9 2 1 4 0 0
20131101 10 8 5 2 6 4
20131116 1 1 5 3 1 4
20131116 2 5 3 2 4 3
20131116 3 1 9 7 1 6
20131116 4 7 3 5 5 3
20131116 5 5 2 1 4 2
20131116 6 1 5 3 1 4
20131116 7 3 7 4 3 5
20131116 8 1 9 5 1 6
20131116 9 7 1 4 5 1
20131116 10 7 4 8 5 4
20131117 1 1 2 8 1 2
20131117 2 3 4 2 3 4
20131117 3 1 2 9 1 2
20131117 4 3 7 5 3 5
20131117 5 2 5 9 2 4
20131117 6 4 2 7 4 2
20131117 7 9 1 7 6 1
20131117 8 7 1 9 5 1
20131117 9 7 5 3 5 4
20131117 10 3 2 9 3 2
20131118 1 3 1 7 3 1
20131118 2 2 7 3 2 5
20131118 3 2 3 8 2 3
20131118 4 3 7 5 3 5
20131118 5 9 5 6 6 4
20131118 6 3 9 1 3 6
20131118 7 7 9 1 5 6
20131118 8 3 7 6 3 5
20131118 9 3 4 9 3 4
20131118 10 5 3 1 4 3
20131128 1 7 1 2 0 0
20131128 2 5 7 1 0 0
20131128 3 3 7 2 0 0
20131128 4 5 7 2 0 0
20131128 5 1 7 2 0 0
20131128 6 7 1 5 0 0
20131128 7 5 1 7 0 0
20131128 8 7 1 9 5 1
20131128 9 7 5 1 5 4
20131128 10 8 3 2 6 3
20131128 11 1 3 2 1 3
20131128 12 1 9 2 1 6
20131129 1 1 7 5 0 0
20131129 2 2 5 7 0 0
20131129 3 7 1 3 0 0
20131129 4 2 7 3 0 0
20131129 5 1 5 3 0 0
20131129 6 1 7 2 0 0
20131129 7 3 7 6 0 0
20131129 8 7 3 1 5 3
20131129 9 8 7 3 6 5
20131129 10 5 1 2 4 1
20131129 11 2 1 5 2 1
20131129 12 8 4 7 6 4
20131130 1 1 5 7 0 0
20131130 2 5 3 1 0 0
20131130 3 1 5 4 0 0
20131130 4 5 3 1 0 0
20131130 5 4 3 2 0 0
20131130 6 7 4 2 6 4
20131130 7 9 1 5 6 1
20131130 8 9 1 8 6 1
20131130 9 9 2 7 6 2
20131130 10 4 5 7 0 0
20131130 11 1 5 7 0 0
20131130 12 4 1 3 4 1
20131206 1 3 9 4 3 6
20131206 2 3 2 9 3 2
20131206 3 2 5 1 2 4
20131206 4 2 7 9 2 5
20131206 5 7 8 2 5 6
20131206 6 5 3 7 0 0
20131206 7 7 4 1 0 0
20131206 8 3 7 1 3 5
20131206 9 7 2 9 5 2
20131206 10 3 7 2 3 5
20131206 11 1 5 3 1 4
20131206 12 3 6 1 3 5
20131207 1 8 1 5 6 1
20131207 2 2 5 7 2 4
20131207 3 1 9 8 1 6
20131207 4 7 4 9 5 4
20131207 5 5 3 7 4 3
20131207 6 4 5 1 0 0
20131207 7 1 6 4 0 0
20131207 8 2 9 5 2 6
20131207 9 3 2 5 3 2
20131207 10 5 1 2 4 1
20131207 11 7 3 1 5 3
20131207 12 2 5 7 2 4
20131208 1 1 3 2 1 3
20131208 2 9 7 2 6 5
20131208 3 3 7 1 3 5
20131208 4 5 1 6 4 1
20131208 5 6 4 3 0 0
20131208 6 1 3 5 1 3
20131208 7 1 2 3 1 2
20131208 8 2 8 1 2 6
20131208 9 3 7 5 3 5
20131208 10 6 2 4 0 0
20131208 11 5 3 1 4 3
20131208 12 1 5 9 1 4
20131217 1 3 5 1 0 0
20131217 2 5 4 7 0 0
20131217 3 5 3 4 0 0
20131217 4 5 7 3 0 0
20131217 5 1 3 7 0 0
20131217 6 3 1 2 3 1
20131217 7 3 9 2 3 6
20131217 8 1 5 4 1 4
20131217 9 5 4 1 4 4
20131217 10 3 6 1 3 5
20131218 1 1 7 4 0 0
20131218 2 5 7 4 0 0
20131218 3 3 1 4 0 0
20131218 4 2 7 4 0 0
20131218 5 4 1 7 0 0
20131218 6 8 5 9 6 4
20131218 7 8 3 7 6 3
20131218 8 5 2 1 4 2
20131218 9 2 8 1 2 6
20131218 10 1 5 2 1 4
20131219 1 7 1 5 0 0
20131219 2 5 1 2 0 0
20131219 3 2 6 1 0 0
20131219 4 3 7 1 0 0
20131219 5 4 3 2 4 3
20131219 6 3 5 4 3 4
20131219 7 2 9 7 2 6
20131219 8 7 1 2 5 1
20131219 9 1 7 6 0 0
20131219 10 1 9 6 1 6
20140102 1 2 4 8 2 4
20140102 2 5 3 2 4 3
20140102 3 1 2 3 1 2
20140102 4 7 1 3 5 1
20140102 5 5 1 9 4 1
20140102 6 4 9 5 4 6
20140102 7 2 4 5 2 4
20140102 8 3 1 9 3 1
20140102 9 8 9 5 6 6
20140102 10 2 7 1 2 5
20140102 11 3 5 7 3 4
20140103 1 9 4 2 6 4
20140103 2 5 3 1 4 3
20140103 3 6 1 4 5 1
20140103 4 2 3 8 2 3
20140103 5 5 3 1 4 3
20140103 6 5 7 2 4 5
20140103 7 7 3 4 5 3
20140103 8 4 1 8 4 1
20140103 9 5 2 9 4 2
20140103 10 3 7 4 3 5
20140103 11 5 3 9 4 3
20140104 1 2 4 9 2 4
20140104 2 2 5 4 2 4
20140104 3 7 9 6 5 6
20140104 4 2 6 3 2 5
20140104 5 7 2 1 5 2
20140104 6 8 1 2 6 1
20140104 7 1 2 9 1 2
20140104 8 2 7 3 2 5
20140104 9 2 9 7 2 6
20140104 10 5 8 3 4 6
20140104 11 3 5 7 3 4
20140124 1 9 3 1 6 3
20140124 2 3 8 6 3 6
20140124 3 7 2 3 5 2
20140124 4 9 3 7 6 3
20140124 5 5 7 1 4 5
20140124 6 3 4 1 3 4
20140124 7 2 9 4 2 6
20140124 8 5 3 6 4 3
20140124 9 1 5 3 1 4
20140124 10 7 3 8 5 3
20140124 11 5 1 4 4 1
20140125 1 2 3 5 2 3
20140125 2 3 9 8 3 6
20140125 3 8 3 1 6 3
20140125 4 9 1 3 6 1
20140125 5 1 3 2 1 3
20140125 6 2 1 5 2 1
20140125 7 9 1 2 6 1
20140125 8 3 7 6 3 5
20140125 9 1 7 9 1 5
20140125 10 3 8 2 3 6
20140125 11 1 9 7 1 6
20140125 12 5 3 1 4 3
20140126 1 1 7 8 1 5
20140126 2 3 6 4 3 5
20140126 3 7 1 4 5 1
20140126 4 8 7 1 6 5
20140126 5 3 9 7 3 6
20140126 6 3 4 9 3 4
20140126 7 2 7 4 2 5
20140126 8 4 1 5 4 1
20140126 9 1 5 4 0 0
20140126 10 2 4 9 2 4
20140126 11 1 2 5 1 2
20140126 12 7 1 5 5 1
20140127 1 9 3 4 6 3
20140127 2 7 5 1 5 4
20140127 3 5 1 9 4 1
20140127 4 7 1 2 5 1
20140127 5 2 1 9 2 1
20140127 6 7 3 2 5 3
20140127 7 2 5 4 2 4
20140127 8 1 7 4 1 5
20140127 9 9 1 8 6 1
20140127 10 1 9 7 1 6
20140127 11 5 7 1 4 5
20140212 1 9 3 1 6 3
20140212 2 9 7 4 6 5
20140212 3 5 3 2 4 3
20140212 4 3 9 7 3 6
20140212 5 7 9 3 5 6
20140212 6 1 9 8 1 6
20140212 7 2 7 9 2 5
20140212 8 9 1 8 6 1
20140212 9 4 2 9 4 2
20140212 10 2 5 7 2 4
20140212 11 2 3 9 2 3
20140213 1 9 1 2 6 1
20140213 2 9 5 6 6 4
20140213 3 8 1 3 6 1
20140213 4 3 9 5 3 6
20140213 5 9 7 1 6 5
20140213 6 3 7 9 3 5
20140213 7 3 9 4 3 6
20140213 8 9 2 5 6 2
20140213 9 7 5 3 5 4
20140213 10 3 1 9 3 1
20140213 11 7 3 2 5 3
20140214 1 3 9 7 3 6
20140214 2 3 5 1 3 4
20140214 3 4 5 3 4 4
20140214 4 1 3 4 1 3
20140214 5 5 2 3 4 2
20140214 6 4 8 5 4 6
20140214 7 6 5 8 5 4
20140214 8 2 7 1 2 5
20140214 9 5 2 9 4 2
20140214 10 8 1 5 6 1
20140214 11 2 3 7 2 3
20140219 1 2 5 7 0 0
20140219 2 5 2 3 0 0
20140219 3 3 2 5 0 0
20140219 4 2 7 4 0 0
20140219 5 1 5 7 0 0
20140219 6 7 2 9 5 2
20140219 7 2 9 8 2 6
20140219 8 4 6 5 4 5
20140219 9 8 1 5 6 1
20140219 10 1 8 5 1 6
20140220 1 2 3 7 0 0
20140220 2 2 1 7 0 0
20140220 3 3 7 2 0 0
20140220 4 5 2 7 0 0
20140220 5 3 7 4 0 0
20140220 6 6 5 2 5 4
20140220 7 7 1 3 5 1
20140220 8 3 9 6 3 6
20140220 9 2 5 3 2 4
20140220 10 9 4 1 6 4
20140221 1 7 5 2 0 0
20140221 2 2 6 4 0 0
20140221 3 4 3 6 0 0
20140221 4 7 2 6 0 0
20140221 5 7 2 5 5 2
20140221 6 6 9 3 5 6
20140221 7 2 1 5 2 1
20140221 8 3 7 5 3 5
20140221 9 1 4 2 0 0
20140221 10 9 1 2 6 1
20140303 1 5 3 9 4 3
20140303 2 1 5 9 1 4
20140303 3 7 1 3 5 1
20140303 4 2 5 7 2 4
20140303 5 1 5 3 1 4
20140303 6 1 7 3 1 5
20140303 7 5 9 4 4 6
20140303 8 3 2 6 3 2
20140303 9 1 7 9 1 5
20140303 10 5 3 1 4 3
20140303 11 9 1 7 6 1
20140304 1 9 4 1 6 4
20140304 2 2 6 7 2 5
20140304 3 3 8 6 3 6
20140304 4 7 2 3 5 2
20140304 5 3 9 4 3 6
20140304 6 1 7 9 1 5
20140304 7 4 9 5 4 6
20140304 8 5 8 2 4 6
20140304 9 3 5 2 3 4
20140304 10 7 1 8 5 1
20140304 11 4 1 7 4 1
20140305 1 1 9 7 1 6
20140305 2 3 1 2 3 1
20140305 3 7 9 2 5 6
20140305 4 4 6 8 4 5
20140305 5 1 9 3 1 6
20140305 6 9 3 2 6 3
20140305 7 5 4 9 4 4
20140305 8 2 7 9 2 5
20140305 9 1 3 4 1 3
20140305 10 9 2 1 6 2
20140305 11 3 9 4 3 6
20140324 1 5 7 3 0 0
20140324 2 1 2 4 0 0
20140324 3 3 4 2 0 0
20140324 4 7 1 4 0 0
20140324 5 1 6 7 0 0
20140324 6 9 3 6 6 3
20140324 7 7 9 3 5 6
20140324 8 3 2 1 3 2
20140324 9 1 3 5 1 3
20140324 10 3 1 4 3 1
20140325 1 3 1 7 0 0
20140325 2 2 5 1 0 0
20140325 3 5 1 7 0 0
20140325 4 2 7 6 0 0
20140325 5 7 1 2 0 0
20140325 6 6 5 1 5 4
20140325 7 1 5 6 1 4
20140325 8 9 4 1 6 4
20140325 9 7 3 2 5 3
20140325 10 1 7 3 1 5
20140326 1 7 1 3 0 0
20140326 2 6 1 3 0 0
20140326 3 5 3 1 0 0
20140326 4 2 7 5 0 0
20140326 5 9 2 1 6 2
20140326 6 3 7 2 3 5
20140326 7 2 7 9 2 5
20140326 8 9 2 6 6 2
20140326 9 2 1 3 0 0
20140326 10 1 5 7 1 4
20140406 1 3 2 1 0 0
20140406 2 3 5 1 0 0
20140406 3 7 1 2 0 0
20140406 4 2 3 1 0 0
20140406 5 7 1 6 0 0
20140406 6 3 8 2 3 6
20140406 7 9 3 2 6 3
20140406 8 9 2 8 6 2
20140406 9 1 7 5 1 5
20140406 10 1 4 8 1 4
20140407 1 2 6 1 0 0
20140407 2 2 5 7 0 0
20140407 3 4 3 2 0 0
20140407 4 7 1 5 0 0
20140407 5 1 7 5 0 0
20140407 6 5 3 1 4 3
20140407 7 1 4 7 1 4
20140407 8 5 1 9 4 1
20140407 9 3 2 9 3 2
20140407 10 1 5 7 1 4
20140408 1 1 2 4 0 0
20140408 2 6 5 4 0 0
20140408 3 4 1 3 0 0
20140408 4 1 7 6 0 0
20140408 5 7 1 9 5 1
20140408 6 5 1 9 4 1
20140408 7 9 2 8 6 2
20140408 8 5 1 3 4 1
20140408 9 7 4 6 0 0
20140408 10 3 1 7 3 1
20140413 1 7 1 5 0 0
20140413 2 2 5 4 0 0
20140413 3 3 2 4 0 0
20140413 4 6 5 2 0 0
20140413 5 7 4 1 0 0
20140413 6 4 7 6 0 0
20140413 7 2 6 5 0 0
20140413 8 7 1 4 5 1
20140413 9 1 7 8 1 5
20140413 10 7 9 5 5 6
20140413 11 5 1 7 4 1
20140413 12 1 2 5 1 2
20140414 1 1 7 2 0 0
20140414 2 2 5 7 0 0
20140414 3 4 1 7 0 0
20140414 4 3 7 1 0 0
20140414 5 5 7 4 0 0
20140414 6 3 2 1 0 0
20140414 7 7 4 2 0 0
20140414 8 1 4 7 1 4
20140414 9 1 2 7 1 2
20140414 10 3 9 1 3 6
20140414 11 5 3 7 4 3
20140414 12 1 7 2 1 5
20140415 1 1 6 7 0 0
20140415 2 3 4 5 0 0
20140415 3 1 4 2 0 0
20140415 4 4 1 2 0 0
20140415 5 1 3 4 0 0
20140415 6 9 6 8 6 5
20140415 7 2 7 5 2 5
20140415 8 8 5 4 6 4
20140415 9 1 5 7 1 4
20140415 10 1 6 5 0 0
20140415 11 2 4 3 0 0
20140415 12 1 2 3 1 2
20140510 1 4 1 3 4 1
20140510 2 2 9 5 2 6
20140510 3 5 3 4 4 3
20140510 4 1 9 3 1 6
20140510 5 9 1 5 6 1
20140510 6 1 8 2 1 6
20140510 7 1 2 3 1 2
20140510 8 9 2 5 6 2
20140510 9 5 8 2 4 6
20140510 10 9 5 7 6 4
20140510 11 1 9 5 1 6
20140511 1 7 1 9 5 1
20140511 2 7 2 3 5 2
20140511 3 3 7 1 3 5
20140511 4 2 3 1 2 3
20140511 5 2 9 3 2 6
20140511 6 9 3 1 6 3
20140511 7 1 7 2 1 5
20140511 8 9 3 5 6 3
20140511 9 2 4 1 2 4
20140511 10 2 7 9 2 5
20140511 11 9 2 7 6 2
20140512 1 7 1 3 5 1
20140512 2 9 6 2 6 5
20140512 3 9 2 4 6 2
20140512 4 1 2 7 1 2
20140512 5 7 2 1 5 2
20140512 6 2 1 3 2 1
20140512 7 2 4 1 2 4
20140512 8 9 7 2 6 5
20140512 9 1 3 8 1 3
20140512 10 1 5 4 1 4
20140512 11 1 5 9 1 4
20140522 1 1 5 7 0 0
20140522 2 7 2 1 0 0
20140522 3 3 2 4 0 0
20140522 4 4 1 3 0 0
20140522 5 5 7 2 0 0
20140522 6 1 5 3 1 4
20140522 7 2 7 9 2 5
20140522 8 7 5 3 5 4
20140522 9 7 3 4 5 3
20140522 10 1 7 6 1 5
20140523 1 3 5 1 0 0
20140523 2 7 5 4 0 0
20140523 3 7 3 5 0 0
20140523 4 3 5 7 0 0
20140523 5 7 2 1 0 0
20140523 6 2 1 4 2 1
20140523 7 1 7 9 1 5
20140523 8 9 4 2 6 4
20140523 9 5 7 1 4 5
20140523 10 9 7 5 6 5
20140524 1 5 3 7 0 0
20140524 2 2 4 3 0 0
20140524 3 2 7 1 0 0
20140524 4 1 5 7 0 0
20140524 5 2 1 7 2 1
20140524 6 1 9 5 1 6
20140524 7 9 3 5 6 3
20140524 8 1 6 9 1 5
20140524 9 4 1 7 0 0
20140524 10 3 1 5 3 1
20140603 1 1 5 2 0 0
20140603 2 4 1 2 0 0
20140603 3 4 5 1 0 0
20140603 4 3 1 6 0 0
20140603 5 4 5 1 0 0
20140603 6 5 9 3 4 6
20140603 7 2 4 3 2 4
20140603 8 4 6 2 4 5
20140603 9 1 9 5 1 6
20140603 10 2 4 9 2 4
20140604 1 3 5 4 0 0
20140604 2 5 2 7 0 0
20140604 3 5 2 3 0 0
20140604 4 1 4 3 0 0
20140604 5 1 5 7 0 0
20140604 6 9 5 2 6 4
20140604 7 9 7 5 6 5
20140604 8 1 7 5 1 5
20140604 9 1 2 9 1 2
20140604 10 9 2 8 6 2
20140605 1 1 4 2 0 0
20140605 2 5 2 7 0 0
20140605 3 3 4 1 0 0
20140605 4 4 7 1 0 0
20140605 5 9 2 8 6 2
20140605 6 4 9 8 4 6
20140605 7 1 8 2 1 6
20140605 8 5 7 4 4 5
20140605 9 4 2 5 0 0
20140605 10 1 2 3 1 2
20140715 1 5 3 7 4 3
20140715 2 3 9 1 3 6
20140715 3 1 7 9 1 5
20140715 4 3 5 4 3 4
20140715 5 7 1 9 5 1
20140715 6 5 7 8 4 5
20140715 7 8 2 5 6 2
20140715 8 4 7 2 4 5
20140715 9 1 5 2 1 4
20140715 10 9 1 4 6 1
20140715 11 1 7 2 1 5
20140716 1 2 9 1 2 6
20140716 2 9 2 1 6 2
20140716 3 6 7 2 5 5
20140716 4 3 7 1 3 5
20140716 5 3 7 5 3 5
20140716 6 8 7 3 6 5
20140716 7 2 5 9 2 4
20140716 8 7 3 1 5 3
20140716 9 3 1 2 3 1
20140716 10 2 3 9 2 3
20140716 11 2 7 9 2 5
20140717 1 5 8 7 4 6
20140717 2 7 2 1 5 2
20140717 3 3 5 6 3 4
20140717 4 6 9 2 5 6
20140717 5 5 2 7 4 2
20140717 6 1 3 9 1 3
20140717 7 9 6 1 6 5
20140717 8 5 2 8 4 2
20140717 9 9 6 3 6 5
20140717 10 7 2 9 5 2
20140717 11 9 5 7 6 4
20140811 1 2 3 7 2 3
20140811 2 7 3 1 5 3
20140811 3 9 3 4 6 3
20140811 4 7 1 9 5 1
20140811 5 2 9 1 2 6
20140811 6 5 8 9 4 6
20140811 7 7 4 9 5 4
20140811 8 7 3 1 5 3
20140811 9 8 2 4 6 2
20140811 10 3 7 2 3 5
20140811 11 4 3 9 4 3
20140812 1 8 7 2 6 5
20140812 2 3 6 7 3 5
20140812 3 3 9 5 3 6
20140812 4 2 3 1 2 3
20140812 5 9 3 6 6 3
20140812 6 5 1 9 4 1
20140812 7 9 5 3 6 4
20140812 8 4 6 2 4 5
20140812 9 3 9 2 3 6
20140812 10 3 1 5 3 1
20140812 11 2 9 7 2 6
20140813 1 7 8 1 5 6
20140813 2 8 9 7 6 6
20140813 3 1 9 6 1 6
20140813 4 8 9 3 6 6
20140813 5 1 3 2 1 3
20140813 6 9 5 3 6 4
20140813 7 2 9 8 2 6
20140813 8 4 6 9 4 5
20140813 9 7 1 5 5 1
20140813 10 1 7 3 1 5
20140813 11 9 8 1 6 6
20140910 1 1 7 6 0 0
20140910 2 7 6 2 0 0
20140910 3 4 3 5 0 0
20140910 4 3 5 1 0 0
20140910 5 7 3 4 0 0
20140910 6 7 3 1 0 0
20140910 7 6 5 3 0 0
20140910 8 2 9 8 2 6
20140910 9 5 1 7 4 1
20140910 10 3 5 7 3 4
20140910 11 4 7 2 4 5
20140910 12 6 3 5 5 3
20140911 1 1 3 6 0 0
20140911 2 2 5 7 0 0
20140911 3 1 6 2 0 0
20140911 4 5 2 7 0 0
20140911 5 4 1 3 0 0
20140911 6 7 3 6 0 0
20140911 7 5 7 2 0 0
20140911 8 4 9 3 4 6
20140911 9 8 5 7 6 4
20140911 10 9 2 5 6 2
20140911 11 3 2 7 3 2
20140911 12 7 1 5 5 1
20140912 1 3 1 5 0 0
20140912 2 4 7 6 0 0
20140912 3 4 2 5 0 0
20140912 4 3 2 1 0 0
20140912 5 4 2 1 0 0
20140912 6 3 8 2 3 6
20140912 7 3 4 9 3 4
20140912 8 3 7 5 3 5
20140912 9 7 3 9 5 3
20140912 10 1 4 2 0 0
20140912 11 2 1 4 0 0
20140912 12 8 1 7 6 1
20141025 1 3 5 2 0 0
20141025 2 2 5 3 0 0
20141025 3 4 3 5 0 0
20141025 4 3 4 5 0 0
20141025 5 1 5 4 0 0
20141025 6 5 4 1 4 4
20141025 7 5 6 2 4 5
20141025 8 1 5 9 1 4
20141025 9 3 7 2 3 5
20141025 10 1 4 9 1 4
20141026 1 1 7 3 0 0
20141026 2 2 5 3 0 0
20141026 3 1 3 2 0 0
20141026 4 5 4 1 0 0
20141026 5 2 7 4 0 0
20141026 6 5 1 8 4 1
20141026 7 3 4 8 3 4
20141026 8 3 5 6 3 4
20141026 9 5 3 6 4 3
20141026 10 5 7 4 4 5
20141027 1 1 3 2 0 0
20141027 2 3 4 1 0 0
20141027 3 4 3 5 0 0
20141027 4 2 5 3 0 0
20141027 5 2 8 7 2 6
20141027 6 1 2 5 1 2
20141027 7 7 2 5 5 2
20141027 8 7 1 3 5 1
20141027 9 1 4 3 0 0
20141027 10 1 9 4 1 6
20141117 1 7 1 2 0 0
20141117 2 5 2 4 0 0
20141117 3 3 2 5 0 0
20141117 4 1 5 6 0 0
20141117 5 7 3 1 0 0
20141117 6 9 1 3 6 1
20141117 7 3 4 9 3 4
20141117 8 2 3 9 2 3
20141117 9 5 2 3 4 2
20141117 10 2 7 4 2 5
20141118 1 1 2 5 0 0
20141118 2 5 2 4 0 0
20141118 3 7 3 2 0 0
20141118 4 2 3 4 0 0
20141118 5 1 5 7 0 0
20141118 6 5 7 1 4 5
20141118 7 1 8 7 1 6
20141118 8 5 1 9 4 1
20141118 9 2 5 8 2 4
20141118 10 5 3 1 4 3
20141119 1 4 2 5 0 0
20141119 2 3 5 6 0 0
20141119 3 7 1 4 0 0
20141119 4 3 4 5 0 0
20141119 5 5 7 2 4 5
20141119 6 9 5 1 6 4
20141119 7 4 9 5 4 6
20141119 8 7 1 6 5 1
20141119 9 7 3 4 0 0
20141119 10 1 2 3 1 2
20141204 1 3 5 7 0 0
20141204 2 4 2 5 0 0
20141204 3 3 7 1 0 0
20141204 4 7 2 3 0 0
20141204 5 1 5 2 0 0
20141204 6 1 4 9 1 4
20141204 7 9 4 3 6 4
20141204 8 5 3 9 4 3
20141204 9 1 3 8 1 3
20141204 10 9 3 4 6 3
20141205 1 1 7 3 0 0
20141205 2 2 6 3 0 0
20141205 3 3 1 6 0 0
20141205 4 3 7 2 0 0
20141205 5 5 1 6 0 0
20141205 6 1 2 9 1 2
20141205 7 7 9 5 5 6
20141205 8 7 5 1 5 4
20141205 9 2 5 7 2 4
20141205 10 7 5 3 5 4
20141206 1 1 2 5 0 0
20141206 2 5 2 7 0 0
20141206 3 2 5 4 0 0
20141206 4 2 4 3 0 0
20141206 5 2 7 5 2 5
20141206 6 5 6 2 4 5
20141206 7 1 2 7 1 2
20141206 8 1 5 8 1 4
20141206 9 1 2 3 0 0
20141206 10 1 8 9 1 6
20141221 1 1 7 2 1 5
20141221 2 9 7 2 6 5
20141221 3 1 7 3 1 5
20141221 4 2 7 5 2 5
20141221 5 9 3 2 6 3
20141221 6 7 2 1 0 0
20141221 7 5 3 6 0 0
20141221 8 1 5 9 1 4
20141221 9 1 9 3 1 6
20141221 10 7 3 1 5 3
20141221 11 1 7 9 1 5
20141221 12 2 9 1 2 6
20141222 1 1 3 5 1 3
20141222 2 3 7 9 3 5
20141222 3 5 1 9 4 1
20141222 4 5 1 3 4 1
20141222 5 9 3 5 6 3
20141222 6 2 6 1 0 0
20141222 7 3 1 5 0 0
20141222 8 9 1 2 6 1
20141222 9 9 3 4 6 3
20141222 10 2 5 8 2 4
20141222 11 5 1 4 4 1
20141222 12 2 9 4 2 6
20141223 1 1 2 3 1 2
20141223 2 2 3 9 2 3
20141223 3 7 5 2 5 4
20141223 4 9 7 2 6 5
20141223 5 5 1 7 0 0
20141223 6 3 5 9 3 4
20141223 7 5 8 1 4 6
20141223 8 7 9 4 5 6
20141223 9 9 5 7 6 4
20141223 10 1 4 3 0 0
20141223 11 7 3 5 5 3
20141223 12 3 7 1 3 5
20150102 1 7 1 9 5 1
20150102 2 5 8 6 4 6
20150102 3 9 7 3 6 5
20150102 4 2 7 6 2 5
20150102 5 3 1 7 3 1
20150102 6 2 8 1 2 6
20150102 7 9 3 2 6 3
20150102 8 2 3 7 2 3
20150102 9 5 8 4 4 6
20150102 10 1 3 5 1 3
20150102 11 1 9 7 1 6
20150103 1 9 4 6 6 4
20150103 2 9 1 2 6 1
20150103 3 7 5 1 5 4
20150103 4 7 3 5 5 3
20150103 5 4 3 9 4 3
20150103 6 5 9 2 4 6
20150103 7 1 9 6 1 6
20150103 8 9 1 3 6 1
20150103 9 3 7 2 3 5
20150103 10 9 3 1 6 3
20150103 11 6 9 7 5 6
20150104 1 2 9 5 2 6
20150104 2 5 3 8 4 3
20150104 3 2 9 5 2 6
20150104 4 5 7 6 4 5
20150104 5 5 7 9 4 5
20150104 6 2 6 5 2 5
20150104 7 1 4 2 1 4
20150104 8 7 3 8 5 3
20150104 9 2 4 7 2 4
20150104 10 1 5 7 1 4
20150104 11 1 3 7 1 3
20150122 1 9 4 5 6 4
20150122 2 1 3 5 1 3
20150122 3 3 9 6 3 6
20150122 4 7 8 2 5 6
20150122 5 3 7 2 3 5
20150122 6 7 1 4 5 1
20150122 7 7 5 6 5 4
20150122 8 5 2 3 4 2
20150122 9 9 6 1 6 5
20150122 10 5 3 8 4 3
20150122 11 2 1 7 2 1
20150122 12 7 1 8 5 1
20150123 1 9 1 7 6 1
20150123 2 1 9 5 1 6
20150123 3 2 9 5 2 6
20150123 4 4 2 5 4 2
20150123 5 2 9 4 2 6
20150123 6 5 3 4 4 3
20150123 7 1 5 2 1 4
20150123 8 9 2 1 6 2
20150123 9 5 3 8 4 3
20150123 10 3 2 7 3 2
20150123 11 2 7 5 2 5
20150123 12 2 1 8 2 1
20150124 1 5 2 1 4 2
20150124 2 9 2 1 6 2
20150124 3 5 3 1 4 3
20150124 4 2 9 5 2 6
20150124 5 2 5 1 2 4
20150124 6 1 4 2 1 4
20150124 7 2 5 9 2 4
20150124 8 2 5 9 2 4
20150124 9 4 7 5 4 5
20150124 10 9 2 8 6 2
20150124 11 2 7 8 2 5
20150124 12 9 1 8 6 1
20150125 1 4 9 1 4 6
20150125 2 9 1 7 6 1
20150125 3 2 9 7 2 6
20150125 4 9 7 4 6 5
20150125 5 8 2 6 6 2
20150125 6 2 9 5 2 6
20150125 7 2 3 1 2 3
20150125 8 9 1 7 6 1
20150125 9 9 3 5 6 3
20150125 10 7 1 5 5 1
20150125 11 9 2 3 6 2
20150209 1 2 3 1 2 3
20150209 2 9 2 5 6 2
20150209 3 2 9 3 2 6
20150209 4 9 7 2 6 5
20150209 5 1 2 3 1 2
20150209 6 3 6 7 3 5
20150209 7 2 5 9 2 4
20150209 8 9 5 8 6 4
20150209 9 9 2 7 6 2
20150209 10 7 2 3 5 2
20150209 11 2 3 4 2 3
20150210 1 3 7 4 3 5
20150210 2 2 5 9 2 4
20150210 3 4 9 2 4 6
20150210 4 3 7 9 3 5
20150210 5 9 2 7 6 2
20150210 6 1 2 9 1 2
20150210 7 7 9 6 5 6
20150210 8 7 6 1 5 5
20150210 9 2 1 4 2 1
20150210 10 7 9 4 5 6
20150210 11 5 8 1 4 6
20150211 1 7 3 1 5 3
20150211 2 9 3 1 6 3
20150211 3 2 7 3 2 5
20150211 4 5 4 7 4 4
20150211 5 4 3 1 4 3
20150211 6 4 5 2 4 4
20150211 7 9 2 5 6 2
20150211 8 9 5 4 6 4
20150211 9 5 9 3 4 6
20150211 10 3 7 2 3 5
20150211 11 7 1 2 5 1
20150322 1 7 1 9 5 1
20150322 2 9 2 7 6 2
20150322 3 2 9 4 2 6
20150322 4 6 1 5 5 1
20150322 5 1 7 5 1 5
20150322 6 2 1 5 2 1
20150322 7 6 3 5 5 3
20150322 8 9 4 7 6 4
20150322 9 8 9 3 6 6
20150322 10 7 2 5 5 2
20150322 11 8 1 5 6 1
20150323 1 1 9 7 1 6
20150323 2 2 5 1 2 4
20150323 3 2 7 9 2 5
20150323 4 9 7 5 6 5
20150323 5 2 7 1 2 5
20150323 6 8 1 5 6 1
20150323 7 5 1 2 4 1
20150323 8 7 3 5 5 3
20150323 9 5 2 8 4 2
20150323 10 3 4 7 3 4
20150323 11 9 1 7 6 1
20150324 1 5 2 9 4 2
20150324 2 2 5 1 2 4
20150324 3 1 9 3 1 6
20150324 4 4 9 8 4 6
20150324 5 2 1 3 2 1
20150324 6 2 5 9 2 4
20150324 7 1 2 9 1 2
20150324 8 5 8 2 4 6
20150324 9 4 1 7 4 1
20150324 10 8 3 1 6 3
20150324 11 1 5 6 1 4
20150402 1 7 1 4 0 0
20150402 2 2 3 5 0 0
20150402 3 3 7 2 0 0
20150402 4 3 5 4 0 0
20150402 5 5 1 4 0 0
20150402 6 2 9 7 2 6
20150402 7 2 6 9 2 5
20150402 8 1 3 4 1 3
20150402 9 9 2 7 6 2
20150402 10 1 3 4 1 3
20150403 1 4 5 3 0 0
20150403 2 5 7 2 0 0
20150403 3 7 4 1 0 0
20150403 4 5 4 1 0 0
20150403 5 1 4 3 0 0
20150403 6 4 7 1 4 5
20150403 7 3 9 7 3 6
20150403 8 8 1 9 6 1
20150403 9 9 1 6 6 1
20150403 10 9 1 2 6 1
20150404 1 7 2 4 0 0
20150404 2 7 5 3 0 0
20150404 3 4 2 7 0 0
20150404 4 1 2 6 0 0
20150404 5 9 1 7 6 1
20150404 6 1 5 7 1 4
20150404 7 5 9 4 4 6
20150404 8 2 9 5 2 6
20150404 9 5 2 1 0 0
20150404 10 3 8 1 3 6
20150429 1 7 1 4 0 0
20150429 2 7 3 2 0 0
20150429 3 2 4 5 0 0
20150429 4 3 1 5 0 0
20150429 5 1 7 2 0 0
20150429 6 2 7 6 2 5
20150429 7 3 9 7 3 6
20150429 8 1 9 5 1 6
20150429 9 1 9 5 1 6
20150429 10 2 9 4 2 6
20150430 1 1 7 2 0 0
20150430 2 3 2 7 0 0
20150430 3 2 5 3 0 0
20150430 4 7 4 5 0 0
20150430 5 5 1 2 0 0
20150430 6 9 7 8 6 5
20150430 7 7 1 5 5 1
20150430 8 7 3 8 5 3
20150430 9 3 7 9 3 5
20150430 10 3 2 1 3 2
20150501 1 4 7 3 0 0
20150501 2 4 2 3 0 0
20150501 3 1 4 7 0 0
20150501 4 3 4 5 0 0
20150501 5 4 5 2 4 4
20150501 6 2 5 6 2 4
20150501 7 6 5 1 5 4
20150501 8 2 4 5 2 4
20150501 9 3 2 5 0 0
20150501 10 2 9 3 2 6
20150504 1 1 7 6 1 5
20150504 2 7 3 5 5 3
20150504 3 1 6 5 1 5
20150504 4 2 9 3 2 6
20150504 5 9 1 7 6 1
20150504 6 7 1 5 0 0
20150504 7 1 4 3 0 0
20150504 8 4 3 2 4 3
20150504 9 1 5 7 1 4
20150504 10 1 5 3 1 4
20150504 11 2 9 8 2 6
20150504 12 3 5 1 3 4
20150505 1 1 7 8 1 5
20150505 2 9 7 2 6 5
20150505 3 7 3 2 5 3
20150505 4 2 3 9 2 3
20150505 5 1 9 3 1 6
20150505 6 1 5 4 0 0
20150505 7 7 1 6 0 0
20150505 8 1 8 5 1 6
20150505 9 2 7 3 2 5
20150505 10 9 3 5 6 3
20150505 11 5 3 6 4 3
20150505 12 2 5 3 2 4
20150506 1 9 2 4 6 2
20150506 2 2 4 6 2 4
20150506 3 1 9 6 1 6
20150506 4 9 2 1 6 2
20150506 5 3 2 7 0 0
20150506 6 2 5 7 2 4
20150506 7 9 1 4 6 1
20150506 8 7 4 9 5 4
20150506 9 4 9 8 4 6
20150506 10 3 2 1 0 0
20150506 11 8 2 5 6 2
20150506 12 5 1 7 4 1
20150510 1 2 1 7 2 1
20150510 2 5 1 3 4 1
20150510 3 9 3 1 6 3
20150510 4 7 3 1 5 3
20150510 5 3 7 1 3 5
20150510 6 7 5 3 5 4
20150510 7 3 2 7 3 2
20150510 8 5 9 3 4 6
20150510 9 2 7 1 2 5
20150510 10 5 2 7 4 2
20150510 11 1 3 2 1 3
20150511 1 2 9 1 2 6
20150511 2 1 3 8 1 3
20150511 3 1 5 3 1 4
20150511 4 5 2 3 4 2
20150511 5 3 2 5 3 2
20150511 6 2 7 1 2 5
20150511 7 5 7 3 4 5
20150511 8 7 2 5 5 2
20150511 9 3 7 2 3 5
20150511 10 3 5 8 3 4
20150511 11 2 9 1 2 6
20150512 1 3 6 9 3 5
20150512 2 7 4 1 5 4
20150512 3 2 1 8 2 1
20150512 4 3 7 8 3 5
20150512 5 1 2 9 1 2
20150512 6 9 8 4 6 6
20150512 7 1 9 8 1 6
20150512 8 1 5 9 1 4
20150512 9 9 4 5 6 4
20150512 10 4 7 5 4 5
20150512 11 2 3 1 2 3
20150602 1 3 1 6 0 0
20150602 2 2 1 4 0 0
20150602 3 1 5 4 0 0
20150602 4 7 1 5 0 0
20150602 5 1 5 2 0 0
20150602 6 5 1 9 4 1
20150602 7 2 9 5 2 6
20150602 8 3 7 1 3 5
20150602 9 1 3 9 1 3
20150602 10 2 5 8 2 4
20150603 1 7 1 2 0 0
20150603 2 2 5 7 0 0
20150603 3 2 3 4 0 0
20150603 4 1 4 3 0 0
20150603 5 7 1 5 0 0
20150603 6 1 4 9 1 4
20150603 7 7 3 5 5 3
20150603 8 7 2 5 5 2
20150603 9 3 8 5 3 6
20150603 10 7 9 3 5 6
20150604 1 1 7 4 0 0
20150604 2 2 7 1 0 0
20150604 3 4 5 2 0 0
20150604 4 4 7 3 0 0
20150604 5 5 4 8 4 4
20150604 6 9 1 2 6 1
20150604 7 8 5 1 6 4
20150604 8 1 4 8 1 4
20150604 9 1 7 5 0 0
20150604 10 4 1 2 4 1
20150611 1 7 1 4 5 1
20150611 2 5 3 7 4 3
20150611 3 9 1 2 6 1
20150611 4 1 9 7 1 6
20150611 5 2 3 7 2 3
20150611 6 3 7 4 3 5
20150611 7 9 3 5 6 3
20150611 8 7 3 8 5 3
20150611 9 9 3 5 6 3
20150611 10 3 1 9 3 1
20150611 11 1 9 2 1 6
20150612 1 8 1 2 6 1
20150612 2 7 3 5 5 3
20150612 3 2 8 1 2 6
20150612 4 4 1 2 4 1
20150612 5 3 9 4 3 6
20150612 6 2 7 1 2 5
20150612 7 8 3 2 6 3
20150612 8 5 3 9 4 3
20150612 9 3 6 2 3 5
20150612 10 3 1 2 3 1
20150612 11 2 5 1 2 4
20150613 1 3 9 1 3 6
20150613 2 9 3 2 6 3
20150613 3 2 7 4 2 5
20150613 4 5 3 7 4 3
20150613 5 7 1 8 5 1
20150613 6 9 2 4 6 2
20150613 7 5 1 6 4 1
20150613 8 4 2 9 4 2
20150613 9 2 7 3 2 5
20150613 10 7 9 6 5 6
20150613 11 3 4 6 3 4
20150616 1 5 2 4 0 0
20150616 2 1 4 5 0 0
20150616 3 1 7 5 0 0
20150616 4 4 2 5 0 0
20150616 5 5 1 3 0 0
20150616 6 1 7 3 1 5
20150616 7 5 2 9 4 2
20150616 8 7 4 1 5 4
20150616 9 7 9 3 5 6
20150616 10 5 9 1 4 6
20150617 1 4 7 2 0 0
20150617 2 2 1 5 0 0
20150617 3 5 3 1 0 0
20150617 4 7 1 2 0 0
20150617 5 5 4 3 0 0
20150617 6 2 7 9 2 5
20150617 7 1 3 6 1 3
20150617 8 1 3 2 1 3
20150617 9 3 1 6 3 1
20150617 10 1 2 7 1 2
20150618 1 2 4 7 0 0
20150618 2 1 3 6 0 0
20150618 3 2 3 5 0 0
20150618 4 2 4 7 0 0
20150618 5 6 1 7 5 1
20150618 6 6 4 3 5 4
20150618 7 9 3 2 6 3
20150618 8 9 6 3 6 5
20150618 9 1 5 2 0 0
20150618 10 3 2 8 3 2
