20120413 1 2 5 1 0 0
20120413 2 7 1 5 0 0
20120413 3 1 2 7 0 0
20120413 4 5 7 1 0 0
20120413 5 2 1 6 0 0
20120413 6 9 7 1 6 5
20120413 7 9 7 2 6 5
20120413 8 9 3 7 6 3
20120413 9 5 9 3 4 6
20120413 10 3 7 1 3 5
20120413 11 4 1 2 4 1
20120414 1 2 1 4 0 0
20120414 2 1 2 3 0 0
20120414 3 3 5 2 0 0
20120414 4 5 2 1 0 0
20120414 5 7 5 1 0 0
20120414 6 3 5 8 3 4
20120414 7 7 2 9 5 2
20120414 8 8 5 7 6 4
20120414 9 9 5 8 6 4
20120414 10 5 4 3 4 4
20120414 11 3 9 8 3 6
20120415 1 2 5 1 0 0
20120415 2 5 7 3 0 0
20120415 3 3 7 6 0 0
20120415 4 7 2 1 0 0
20120415 5 5 3 6 0 0
20120415 6 5 9 3 4 6
20120415 7 9 1 7 6 1
20120415 8 3 5 9 3 4
20120415 9 6 2 3 5 2
20120415 10 2 1 4 2 1
20120415 11 2 5 9 2 4
20120424 1 1 2 5 1 2
20120424 2 3 9 5 3 6
20120424 3 5 2 4 4 2
20120424 4 5 1 4 4 1
20120424 5 3 4 2 3 4
20120424 6 2 9 1 2 6
20120424 7 9 3 1 6 3
20120424 8 5 9 3 4 6
20120424 9 1 5 9 1 4
20120424 10 1 5 9 1 4
20120424 11 9 3 2 6 3
20120424 12 2 1 5 2 1
20120425 1 2 8 3 2 6
20120425 2 9 1 3 6 1
20120425 3 1 5 7 1 4
20120425 4 9 4 2 6 4
20120425 5 2 7 1 2 5
20120425 6 7 1 8 5 1
20120425 7 1 9 3 1 6
20120425 8 2 1 5 2 1
20120425 9 2 9 6 2 6
20120425 10 9 1 2 6 1
20120425 11 9 6 3 6 5
20120425 12 5 6 2 4 5
20120426 1 2 5 8 2 4
20120426 2 3 7 1 3 5
20120426 3 2 9 5 2 6
20120426 4 9 4 1 6 4
20120426 5 1 2 3 1 2
20120426 6 7 9 8 5 6
20120426 7 9 4 1 6 4
20120426 8 1 3 2 1 3
20120426 9 2 7 3 2 5
20120426 10 7 1 2 5 1
20120426 11 3 7 2 3 5
20120426 12 1 9 8 1 6
20120501 1 1 7 3 0 0
20120501 2 1 5 2 0 0
20120501 3 5 1 3 0 0
20120501 4 1 3 5 0 0
20120501 5 7 2 5 0 0
20120501 6 7 9 5 5 6
20120501 7 7 2 9 5 2
20120501 8 7 3 5 5 3
20120501 9 2 1 9 2 1
20120501 10 1 7 4 1 5
20120501 11 5 7 8 4 5
20120502 1 1 2 5 0 0
20120502 2 2 5 7 0 0
20120502 3 3 1 2 0 0
20120502 4 5 7 1 0 0
20120502 5 1 7 2 0 0
20120502 6 3 5 4 3 4
20120502 7 5 2 4 4 2
20120502 8 3 4 1 3 4
20120502 9 1 9 2 1 6
20120502 10 4 9 2 4 6
20120502 11 5 2 6 4 2
20120503 1 1 7 2 0 0
20120503 2 7 4 2 0 0
20120503 3 4 3 2 0 0
20120503 4 3 6 1 0 0
20120503 5 4 7 2 0 0
20120503 6 5 3 4 4 3
20120503 7 9 1 3 6 1
20120503 8 1 7 5 1 5
20120503 9 1 5 9 1 4
20120503 10 5 2 6 4 2
20120503 11 2 4 3 2 4
20120508 1 1 2 3 0 0
20120508 2 3 7 2 0 0
20120508 3 3 7 2 0 0
20120508 4 5 3 1 0 0
20120508 5 1 3 2 0 0
20120508 6 9 7 2 6 5
20120508 7 1 4 8 1 4
20120508 8 3 9 1 3 6
20120508 9 5 7 1 4 5
20120508 10 9 3 1 6 3
20120508 11 9 5 3 6 4
20120509 1 2 5 3 0 0
20120509 2 2 6 5 0 0
20120509 3 5 2 1 0 0
20120509 4 3 5 1 0 0
20120509 5 7 1 5 0 0
20120509 6 3 5 9 3 4
20120509 7 9 7 2 6 5
20120509 8 1 6 5 1 5
20120509 9 7 1 8 5 1
20120509 10 1 8 4 1 6
20120509 11 9 1 3 6 1
20120510 1 1 6 2 0 0
20120510 2 5 2 6 0 0
20120510 3 1 2 6 0 0
20120510 4 5 2 3 0 0
20120510 5 7 2 1 0 0
20120510 6 9 1 3 6 1
20120510 7 2 8 3 2 6
20120510 8 1 5 7 1 4
20120510 9 1 7 9 1 5
20120510 10 3 1 9 3 1
20120510 11 1 6 4 1 5
20120530 1 2 1 5 0 0
20120530 2 1 3 4 0 0
20120530 3 2 7 4 0 0
20120530 4 5 1 7 0 0
20120530 5 2 7 1 0 0
20120530 6 9 2 7 6 2
20120530 7 5 9 1 4 6
20120530 8 2 9 5 2 6
20120530 9 7 2 3 5 2
20120530 10 2 1 3 2 1
20120530 11 7 4 5 5 4
20120531 1 2 5 1 0 0
20120531 2 7 3 2 0 0
20120531 3 5 7 2 0 0
20120531 4 5 1 7 0 0
20120531 5 5 3 2 0 0
20120531 6 9 2 1 6 2
20120531 7 7 3 2 5 3
20120531 8 3 9 7 3 6
20120531 9 7 1 4 5 1
20120531 10 2 1 7 2 1
20120531 11 1 3 8 1 3
20120601 1 2 1 5 0 0
20120601 2 5 3 1 0 0
20120601 3 3 1 5 0 0
20120601 4 6 4 1 0 0
20120601 5 1 6 2 0 0
20120601 6 5 1 3 4 1
20120601 7 3 5 1 3 4
20120601 8 9 3 1 6 3
20120601 9 9 6 7 6 5
20120601 10 1 4 2 1 4
20120601 11 9 1 7 6 1
20120611 1 3 1 2 0 0
20120611 2 7 1 3 0 0
20120611 3 1 3 7 0 0
20120611 4 5 7 1 0 0
20120611 5 5 1 6 0 0
20120611 6 3 6 2 3 5
20120611 7 3 5 7 3 4
20120611 8 9 1 5 6 1
20120611 9 1 2 5 1 2
20120611 10 3 4 9 3 4
20120611 11 2 4 8 2 4
20120612 1 3 5 7 0 0
20120612 2 7 1 3 0 0
20120612 3 7 3 5 0 0
20120612 4 2 7 3 0 0
20120612 5 6 1 7 0 0
20120612 6 7 4 5 5 4
20120612 7 1 3 7 1 3
20120612 8 9 7 3 6 5
20120612 9 2 5 8 2 4
20120612 10 7 9 3 5 6
20120612 11 1 3 2 1 3
20120613 1 2 1 3 0 0
20120613 2 5 1 2 0 0
20120613 3 5 6 4 0 0
20120613 4 3 5 2 0 0
20120613 5 6 1 7 0 0
20120613 6 3 2 1 3 2
20120613 7 2 7 5 2 5
20120613 8 7 3 4 5 3
20120613 9 5 8 3 4 6
20120613 10 5 3 1 4 3
20120613 11 1 8 9 1 6
20120619 1 2 4 5 0 0
20120619 2 3 5 1 0 0
20120619 3 7 5 3 0 0
20120619 4 2 4 5 0 0
20120619 5 3 7 4 0 0
20120619 6 1 3 7 1 3
20120619 7 3 1 9 3 1
20120619 8 2 9 3 2 6
20120619 9 1 9 3 1 6
20120619 10 5 1 9 4 1
20120619 11 7 5 1 5 4
20120620 1 2 1 3 0 0
20120620 2 1 5 7 0 0
20120620 3 5 3 7 0 0
20120620 4 2 5 1 0 0
20120620 5 5 1 2 0 0
20120620 6 3 2 7 3 2
20120620 7 7 3 2 5 3
20120620 8 1 8 3 1 6
20120620 9 5 7 1 4 5
20120620 10 3 4 2 3 4
20120620 11 2 5 7 2 4
20120621 1 2 1 7 0 0
20120621 2 2 5 6 0 0
20120621 3 7 1 5 0 0
20120621 4 5 4 2 0 0
20120621 5 3 7 2 0 0
20120621 6 3 1 9 3 1
20120621 7 3 5 9 3 4
20120621 8 4 1 6 4 1
20120621 9 7 5 8 5 4
20120621 10 2 3 1 2 3
20120621 11 5 2 3 4 2
20120713 1 5 2 1 4 2
20120713 2 7 9 2 5 6
20120713 3 4 5 1 4 4
20120713 4 2 4 7 2 4
20120713 5 2 9 5 2 6
20120713 6 7 3 9 5 3
20120713 7 7 5 3 5 4
20120713 8 7 4 9 5 4
20120713 9 7 2 5 5 2
20120713 10 2 9 3 2 6
20120713 11 2 1 3 2 1
20120713 12 3 5 7 3 4
20120714 1 2 8 7 2 6
20120714 2 3 5 4 3 4
20120714 3 9 7 3 6 5
20120714 4 9 5 3 6 4
20120714 5 1 4 3 1 4
20120714 6 1 9 8 1 6
20120714 7 1 3 5 1 3
20120714 8 1 6 4 1 5
20120714 9 6 5 3 5 4
20120714 10 8 3 9 6 3
20120714 11 5 8 3 4 6
20120714 12 4 2 1 4 2
20120715 1 7 5 4 5 4
20120715 2 1 4 5 1 4
20120715 3 7 1 8 5 1
20120715 4 3 1 2 3 1
20120715 5 3 7 6 3 5
20120715 6 9 5 7 6 4
20120715 7 2 7 8 2 5
20120715 8 8 1 9 6 1
20120715 9 9 7 1 6 5
20120715 10 2 5 7 2 4
20120715 11 3 5 9 3 4
20120715 12 2 4 9 2 4
20120716 1 4 8 9 4 6
20120716 2 3 2 4 3 2
20120716 3 1 3 9 1 3
20120716 4 5 9 4 4 6
20120716 5 6 7 2 5 5
20120716 6 4 1 9 4 1
20120716 7 7 2 4 5 2
20120716 8 2 8 9 2 6
20120716 9 3 4 8 3 4
20120716 10 5 7 3 4 5
20120716 11 5 1 4 4 1
20120721 1 5 2 1 0 0
20120721 2 2 5 3 0 0
20120721 3 5 1 3 0 0
20120721 4 7 3 2 0 0
20120721 5 2 3 1 0 0
20120721 6 2 4 3 2 4
20120721 7 9 7 1 6 5
20120721 8 5 7 9 4 5
20120721 9 7 9 1 5 6
20120721 10 1 6 3 1 5
20120721 11 2 4 3 2 4
20120722 1 2 5 1 0 0
20120722 2 5 6 3 0 0
20120722 3 6 5 2 0 0
20120722 4 1 4 5 0 0
20120722 5 3 4 5 0 0
20120722 6 7 8 3 5 6
20120722 7 7 2 4 5 2
20120722 8 3 2 1 3 2
20120722 9 9 4 3 6 4
20120722 10 9 8 3 6 6
20120722 11 1 9 3 1 6
20120723 1 2 1 7 0 0
20120723 2 5 4 3 0 0
20120723 3 5 7 2 0 0
20120723 4 3 5 2 0 0
20120723 5 3 1 5 0 0
20120723 6 7 8 9 5 6
20120723 7 2 3 7 2 3
20120723 8 1 5 9 1 4
20120723 9 2 9 1 2 6
20120723 10 2 9 5 2 6
20120723 11 7 3 1 5 3
20120812 1 5 2 1 0 0
20120812 2 5 7 2 0 0
20120812 3 1 7 3 0 0
20120812 4 1 5 7 0 0
20120812 5 5 4 3 0 0
20120812 6 9 3 5 6 3
20120812 7 7 3 9 5 3
20120812 8 2 4 8 2 4
20120812 9 5 3 1 4 3
20120812 10 5 9 1 4 6
20120812 11 8 5 1 6 4
20120813 1 1 5 3 0 0
20120813 2 2 1 4 0 0
20120813 3 2 4 3 0 0
20120813 4 1 2 7 0 0
20120813 5 5 1 2 0 0
20120813 6 1 4 2 1 4
20120813 7 9 4 2 6 4
20120813 8 7 3 4 5 3
20120813 9 7 1 3 5 1
20120813 10 2 5 8 2 4
20120813 11 5 6 1 4 5
20120814 1 2 3 5 0 0
20120814 2 5 3 7 0 0
20120814 3 2 5 4 0 0
20120814 4 7 5 2 0 0
20120814 5 3 7 1 0 0
20120814 6 2 1 9 2 1
20120814 7 6 1 5 5 1
20120814 8 9 1 7 6 1
20120814 9 1 3 2 1 3
20120814 10 5 2 8 4 2
20120814 11 3 7 2 3 5
20120820 1 2 1 3 2 1
20120820 2 3 7 8 3 5
20120820 3 9 1 6 6 1
20120820 4 7 3 9 5 3
20120820 5 3 9 6 3 6
20120820 6 1 9 2 1 6
20120820 7 7 5 3 5 4
20120820 8 2 3 6 2 3
20120820 9 1 5 2 1 4
20120820 10 3 9 1 3 6
20120820 11 2 3 4 2 3
20120821 1 2 3 8 2 3
20120821 2 3 8 5 3 6
20120821 3 4 3 2 4 3
20120821 4 2 5 7 2 4
20120821 5 7 3 5 5 3
20120821 6 1 3 9 1 3
20120821 7 1 6 9 1 5
20120821 8 9 7 1 6 5
20120821 9 3 9 4 3 6
20120821 10 5 9 4 4 6
20120821 11 2 5 1 2 4
20120822 1 8 5 2 6 4
20120822 2 3 9 8 3 6
20120822 3 1 2 9 1 2
20120822 4 5 8 1 4 6
20120822 5 9 1 2 6 1
20120822 6 3 8 7 3 6
20120822 7 2 3 9 2 3
20120822 8 7 4 2 5 4
20120822 9 2 3 1 2 3
20120822 10 3 5 7 3 4
20120822 11 1 5 9 1 4
20120910 1 2 7 1 2 5
20120910 2 9 5 2 6 4
20120910 3 1 7 3 1 5
20120910 4 5 8 7 4 6
20120910 5 7 1 9 5 1
20120910 6 3 1 9 3 1
20120910 7 8 7 2 6 5
20120910 8 2 5 8 2 4
20120910 9 2 5 6 2 4
20120910 10 5 2 1 4 2
20120910 11 7 3 1 5 3
20120911 1 3 1 8 3 1
20120911 2 9 1 3 6 1
20120911 3 9 7 3 6 5
20120911 4 5 2 7 4 2
20120911 5 5 3 7 4 3
20120911 6 6 2 1 5 2
20120911 7 2 3 6 2 3
20120911 8 9 5 3 6 4
20120911 9 1 3 9 1 3
20120911 10 5 3 7 4 3
20120911 11 1 3 8 1 3
20120912 1 2 7 1 2 5
20120912 2 9 3 2 6 3
20120912 3 1 6 3 1 5
20120912 4 1 2 7 1 2
20120912 5 7 9 2 5 6
20120912 6 7 4 5 5 4
20120912 7 4 7 1 4 5
20120912 8 1 2 7 1 2
20120912 9 7 2 8 5 2
20120912 10 8 1 2 6 1
20120912 11 1 7 9 1 5
20120919 1 2 7 4 0 0
20120919 2 1 3 5 0 0
20120919 3 2 5 7 0 0
20120919 4 3 7 2 0 0
20120919 5 1 4 7 0 0
20120919 6 2 6 1 2 5
20120919 7 1 5 9 1 4
20120919 8 5 3 6 4 3
20120919 9 9 6 3 6 5
20120919 10 9 4 5 6 4
20120919 11 6 2 5 5 2
20120920 1 5 2 1 0 0
20120920 2 7 2 3 0 0
20120920 3 3 1 7 0 0
20120920 4 2 1 3 0 0
20120920 5 4 2 1 0 0
20120920 6 2 1 4 2 1
20120920 7 7 2 4 5 2
20120920 8 5 4 3 4 4
20120920 9 2 1 8 2 1
20120920 10 4 2 3 4 2
20120920 11 3 1 8 3 1
20120921 1 2 3 4 0 0
20120921 2 1 2 3 0 0
20120921 3 3 7 2 0 0
20120921 4 3 2 6 0 0
20120921 5 4 2 1 0 0
20120921 6 2 5 1 2 4
20120921 7 5 1 3 4 1
20120921 8 5 7 4 4 5
20120921 9 7 9 1 5 6
20120921 10 3 4 6 3 4
20120921 11 5 7 6 4 5
20120929 1 3 4 7 3 4
20120929 2 2 1 5 2 1
20120929 3 9 7 1 6 5
20120929 4 2 9 3 2 6
20120929 5 7 5 1 5 4
20120929 6 2 7 9 2 5
20120929 7 9 5 8 6 4
20120929 8 5 1 9 4 1
20120929 9 2 9 7 2 6
20120929 10 3 5 9 3 4
20120929 11 2 5 8 2 4
20120930 1 3 5 2 3 4
20120930 2 2 9 4 2 6
20120930 3 2 5 8 2 4
20120930 4 9 2 7 6 2
20120930 5 8 2 4 6 2
20120930 6 2 1 7 2 1
20120930 7 8 1 7 6 1
20120930 8 3 1 2 3 1
20120930 9 1 9 2 1 6
20120930 10 6 3 7 5 3
20120930 11 3 1 7 3 1
20121001 1 4 5 1 4 4
20121001 2 2 7 3 2 5
20121001 3 1 9 5 1 6
20121001 4 9 5 3 6 4
20121001 5 8 9 5 6 6
20121001 6 7 8 6 6 6
20121001 7 3 1 5 3 1
20121001 8 2 7 9 2 5
20121001 9 9 3 4 6 3
20121001 10 7 3 2 5 3
20121001 11 7 9 5 5 6
20121005 1 1 2 7 0 0
20121005 2 1 4 2 0 0
20121005 3 1 2 5 0 0
20121005 4 1 2 5 0 0
20121005 5 2 1 5 0 0
20121005 6 1 2 3 0 0
20121005 7 7 2 1 0 0
20121005 8 7 9 3 5 6
20121005 9 9 2 3 6 2
20121005 10 9 5 3 6 4
20121005 11 3 7 9 3 5
20121005 12 5 2 3 4 2
20121006 1 2 5 3 0 0
20121006 2 5 2 1 0 0
20121006 3 7 2 1 0 0
20121006 4 7 2 1 0 0
20121006 5 2 1 7 0 0
20121006 6 7 5 4 0 0
20121006 7 5 1 2 0 0
20121006 8 5 4 2 4 4
20121006 9 5 9 1 4 6
20121006 10 5 3 2 4 3
20121006 11 5 1 4 4 1
20121006 12 2 9 7 2 6
20121007 1 7 2 1 0 0
20121007 2 1 7 4 0 0
20121007 3 1 7 6 0 0
20121007 4 3 5 2 0 0
20121007 5 1 7 2 0 0
20121007 6 2 1 7 0 0
20121007 7 4 1 3 0 0
20121007 8 3 9 6 3 6
20121007 9 1 8 7 1 6
20121007 10 1 5 3 1 4
20121007 11 1 7 5 1 5
20121007 12 9 5 8 6 4
20121010 1 2 9 1 2 6
20121010 2 2 7 3 2 5
20121010 3 5 2 1 4 2
20121010 4 2 4 3 2 4
20121010 5 3 5 2 3 4
20121010 6 3 1 4 3 1
20121010 7 1 3 2 1 3
20121010 8 1 4 8 1 4
20121010 9 5 2 1 4 2
20121010 10 9 5 3 6 4
20121010 11 6 9 3 5 6
20121011 1 1 2 5 1 2
20121011 2 3 7 1 3 5
20121011 3 2 1 5 2 1
20121011 4 7 6 2 5 5
20121011 5 1 9 8 1 6
20121011 6 2 8 1 2 6
20121011 7 6 7 5 5 5
20121011 8 2 5 7 2 4
20121011 9 1 5 2 1 4
20121011 10 2 1 5 2 1
20121011 11 5 1 7 4 1
20121012 1 2 1 5 2 1
20121012 2 5 4 3 4 4
20121012 3 9 5 3 6 4
20121012 4 1 3 8 1 3
20121012 5 7 2 9 5 2
20121012 6 2 5 3 2 4
20121012 7 7 1 4 5 1
20121012 8 9 5 1 6 4
20121012 9 6 9 1 5 6
20121012 10 9 8 4 6 6
20121012 11 1 2 6 1 2
20121029 1 9 3 2 6 3
20121029 2 2 5 8 2 4
20121029 3 1 7 9 1 5
20121029 4 2 5 8 2 4
20121029 5 1 2 5 1 2
20121029 6 8 5 2 6 4
20121029 7 3 1 9 3 1
20121029 8 2 8 9 2 6
20121029 9 3 7 2 3 5
20121029 10 2 7 5 2 5
20121029 11 2 3 1 2 3
20121030 1 3 5 7 3 4
20121030 2 5 1 9 4 1
20121030 3 9 2 5 6 2
20121030 4 2 3 9 2 3
20121030 5 2 1 4 2 1
20121030 6 6 9 4 5 6
20121030 7 9 7 2 6 5
20121030 8 3 5 9 3 4
20121030 9 9 1 3 6 1
20121030 10 9 3 8 6 3
20121030 11 9 3 2 6 3
20121031 1 5 2 1 4 2
20121031 2 2 7 3 2 5
20121031 3 2 1 8 2 1
20121031 4 1 9 2 1 6
20121031 5 2 3 9 2 3
20121031 6 3 1 5 3 1
20121031 7 5 3 2 4 3
20121031 8 7 3 8 5 3
20121031 9 9 3 4 6 3
20121031 10 8 7 2 6 5
20121031 11 7 2 3 5 2
20121105 1 3 2 5 0 0
20121105 2 1 2 3 0 0
20121105 3 3 7 2 0 0
20121105 4 1 5 7 0 0
20121105 5 3 7 1 0 0
20121105 6 7 1 3 5 1
20121105 7 2 3 9 2 3
20121105 8 2 7 9 2 5
20121105 9 7 1 9 5 1
20121105 10 2 3 1 2 3
20121105 11 3 6 5 3 5
20121106 1 2 3 1 0 0
20121106 2 3 5 1 0 0
20121106 3 2 7 3 0 0
20121106 4 2 1 3 0 0
20121106 5 5 2 4 0 0
20121106 6 2 5 7 2 4
20121106 7 1 4 7 1 4
20121106 8 4 2 5 4 2
20121106 9 5 3 7 4 3
20121106 10 2 3 4 2 3
20121106 11 5 2 9 4 2
20121107 1 5 1 2 0 0
20121107 2 3 1 5 0 0
20121107 3 3 2 4 0 0
20121107 4 7 5 3 0 0
20121107 5 6 7 3 0 0
20121107 6 7 5 1 5 4
20121107 7 2 8 1 2 6
20121107 8 9 2 1 6 2
20121107 9 1 2 7 1 2
20121107 10 3 2 1 3 2
20121107 11 5 2 1 4 2
20121113 1 3 2 1 0 0
20121113 2 3 2 5 0 0
20121113 3 5 3 2 0 0
20121113 4 2 1 3 0 0
20121113 5 2 3 5 0 0
20121113 6 5 4 2 4 4
20121113 7 7 2 4 5 2
20121113 8 5 2 1 4 2
20121113 9 5 3 2 4 3
20121113 10 4 5 1 4 4
20121113 11 9 6 5 6 5
20121114 1 2 3 5 0 0
20121114 2 2 3 7 0 0
20121114 3 5 3 2 0 0
20121114 4 1 7 5 0 0
20121114 5 1 3 7 0 0
20121114 6 1 7 4 1 5
20121114 7 5 4 1 4 4
20121114 8 3 5 2 3 4
20121114 9 3 2 4 3 2
20121114 10 1 3 7 1 3
20121114 11 2 9 1 2 6
20121115 1 3 2 1 0 0
20121115 2 1 5 4 0 0
20121115 3 7 1 4 0 0
20121115 4 5 3 7 0 0
20121115 5 7 2 4 0 0
20121115 6 7 2 8 5 2
20121115 7 3 1 8 3 1
20121115 8 2 9 4 2 6
20121115 9 9 1 3 6 1
20121115 11 5 4 1 4 4
20130415 1 2 3 5 0 0
20130415 2 3 5 7 0 0
20130415 3 5 7 1 0 0
20130415 4 3 7 4 0 0
20130415 5 1 7 3 0 0
20130415 6 5 3 2 4 3
20130415 7 7 1 2 5 1
20130415 8 5 9 7 4 6
20130415 9 7 5 3 5 4
20130415 10 1 4 7 1 4
20130416 1 3 5 7 0 0
20130416 2 5 3 2 0 0
20130416 3 1 3 6 0 0
20130416 4 3 2 4 0 0
20130416 5 1 2 7 0 0
20130416 6 1 3 6 1 3
20130416 7 9 2 6 6 2
20130416 8 1 7 5 1 5
20130416 9 3 1 5 3 1
20130416 10 1 3 8 1 3
20130417 1 1 3 7 0 0
20130417 2 2 7 3 0 0
20130417 3 3 2 1 0 0
20130417 4 7 3 2 0 0
20130417 5 1 4 7 0 0
20130417 6 9 3 4 6 3
20130417 7 1 3 2 1 3
20130417 8 9 1 5 6 1
20130417 9 3 1 2 3 1
20130417 10 8 5 4 6 4
20130423 1 3 1 2 3 1
20130423 2 1 5 9 1 4
20130423 3 1 3 4 1 3
20130423 4 1 9 2 1 6
20130423 5 5 2 8 4 2
20130423 6 9 4 2 6 4
20130423 7 1 5 3 1 4
20130423 8 1 7 4 1 5
20130423 9 1 5 8 1 4
20130423 10 2 4 7 2 4
20130423 11 3 1 6 3 1
20130424 1 8 5 7 6 4
20130424 2 2 3 8 2 3
20130424 3 5 3 9 4 3
20130424 4 7 5 3 5 4
20130424 5 9 2 3 6 2
20130424 6 3 1 4 3 1
20130424 7 7 1 5 5 1
20130424 8 3 2 5 3 2
20130424 9 2 5 1 2 4
20130424 10 2 3 5 2 3
20130424 11 4 5 2 4 4
20130425 1 3 5 7 3 4
20130425 2 7 1 2 5 1
20130425 3 1 7 4 1 5
20130425 4 1 9 6 1 6
20130425 5 1 9 5 1 6
20130425 6 9 1 6 6 1
20130425 7 1 6 5 1 5
20130425 8 2 5 4 2 4
20130425 9 1 5 9 1 4
20130425 10 4 2 1 4 2
20130425 11 6 3 9 5 3
20130430 1 2 1 7 0 0
20130430 2 2 7 5 0 0
20130430 3 3 5 6 0 0
20130430 4 3 1 5 0 0
20130430 5 5 2 3 0 0
20130430 6 1 2 9 1 2
20130430 7 9 6 5 6 5
20130430 8 1 3 9 1 3
20130430 9 2 7 4 2 5
20130430 10 7 3 2 5 3
20130501 1 2 3 1 0 0
20130501 2 2 4 1 0 0
20130501 3 5 2 3 0 0
20130501 4 7 5 2 0 0
20130501 5 7 5 1 0 0
20130501 6 7 2 8 5 2
20130501 7 4 3 9 4 3
20130501 8 7 3 5 5 3
20130501 9 7 1 3 5 1
20130501 10 9 3 1 6 3
20130502 1 3 2 4 0 0
20130502 2 2 1 5 0 0
20130502 3 5 2 6 0 0
20130502 4 3 7 2 0 0
20130502 5 1 7 2 0 0
20130502 6 2 3 5 2 3
20130502 7 9 2 1 6 2
20130502 8 2 7 1 2 5
20130502 9 1 6 9 1 5
20130502 10 1 2 9 1 2
20130509 1 1 3 7 0 0
20130509 2 1 5 7 0 0
20130509 3 2 7 6 0 0
20130509 4 5 7 1 0 0
20130509 5 7 1 4 0 0
20130509 6 7 1 8 5 1
20130509 7 2 7 9 2 5
20130509 8 1 7 4 1 5
20130509 9 9 3 5 6 3
20130509 10 5 2 8 4 2
20130510 1 3 2 5 0 0
20130510 2 2 1 5 0 0
20130510 3 2 3 7 0 0
20130510 4 2 1 5 0 0
20130510 5 1 4 6 0 0
20130510 6 8 5 9 6 4
20130510 7 5 3 6 4 3
20130510 8 1 2 5 1 2
20130510 9 3 1 7 3 1
20130510 10 3 6 5 3 5
20130511 1 2 3 1 0 0
20130511 2 5 7 2 0 0
20130511 3 2 7 6 0 0
20130511 4 4 5 7 0 0
20130511 5 1 5 3 0 0
20130511 6 9 7 3 6 5
20130511 7 2 7 9 2 5
20130511 8 7 5 9 5 4
20130511 9 3 8 7 3 6
20130511 10 2 5 4 2 4
20130531 1 7 1 6 0 0
20130531 2 5 1 2 0 0
20130531 3 2 5 3 0 0
20130531 4 3 7 5 0 0
20130531 5 4 3 1 0 0
20130531 6 7 3 4 5 3
20130531 7 3 2 7 3 2
20130531 8 1 2 5 1 2
20130531 9 1 7 3 1 5
20130531 10 1 9 3 1 6
20130601 1 2 7 3 0 0
20130601 2 1 3 4 0 0
20130601 3 3 1 5 0 0
20130601 4 3 5 2 0 0
20130601 5 1 7 3 0 0
20130601 6 3 9 5 3 6
20130601 7 1 2 5 1 2
20130601 8 3 1 9 3 1
20130601 9 3 9 1 3 6
20130601 10 1 9 5 1 6
20130602 1 3 7 1 0 0
20130602 2 1 2 7 0 0
20130602 3 7 4 1 0 0
20130602 4 7 6 1 0 0
20130602 5 2 6 1 0 0
20130602 6 2 9 4 2 6
20130602 7 7 8 1 5 6
20130602 8 7 9 1 5 6
20130602 9 7 3 2 5 3
20130602 10 4 1 5 4 1
20130610 1 1 5 4 1 4
20130610 2 1 9 3 1 6
20130610 3 1 7 5 1 5
20130610 4 3 5 6 3 4
20130610 5 9 1 2 6 1
20130610 6 3 9 5 3 6
20130610 7 2 9 7 2 6
20130610 8 5 2 4 4 2
20130610 9 3 9 5 3 6
20130610 10 3 5 1 3 4
20130610 11 2 4 1 2 4
20130611 1 1 5 3 1 4
20130611 2 3 7 1 3 5
20130611 3 3 1 9 3 1
20130611 4 4 2 6 4 2
20130611 5 2 3 9 2 3
20130611 6 2 9 7 2 6
20130611 7 9 7 4 6 5
20130611 8 5 3 9 4 3
20130611 9 5 6 2 4 5
20130611 10 9 7 3 6 5
20130611 11 5 2 4 4 2
20130612 1 3 8 7 3 6
20130612 2 1 2 4 1 2
20130612 3 9 2 7 6 2
20130612 4 5 2 9 4 2
20130612 5 2 9 7 2 6
20130612 6 1 3 2 1 3
20130612 7 1 9 4 1 6
20130612 8 5 3 7 4 3
20130612 9 9 5 1 6 4
20130612 10 2 9 5 2 6
20130612 11 7 1 5 5 1
20130622 1 2 1 7 0 0
20130622 2 7 1 2 0 0
20130622 3 4 2 6 0 0
20130622 4 5 1 2 0 0
20130622 5 1 2 4 0 0
20130622 6 5 1 6 0 0
20130622 7 7 6 4 0 0
20130622 8 9 1 7 6 1
20130622 9 5 4 1 4 4
20130622 10 5 1 2 4 1
20130622 11 1 9 7 1 6
20130622 12 2 7 9 2 5
20130623 1 5 3 6 0 0
20130623 2 2 1 3 0 0
20130623 3 2 7 4 0 0
20130623 4 3 2 6 0 0
20130623 5 2 7 5 0 0
20130623 6 3 1 2 0 0
20130623 7 2 6 1 0 0
20130623 8 7 8 2 5 6
20130623 9 5 7 3 4 5
20130623 10 8 9 2 6 6
20130623 11 3 1 8 3 1
20130623 12 2 8 6 2 6
20130624 1 1 5 3 0 0
20130624 2 2 1 5 0 0
20130624 3 6 2 5 0 0
20130624 4 1 3 7 0 0
20130624 5 4 3 6 0 0
20130624 6 2 3 4 2 3
20130624 7 7 2 9 5 2
20130624 8 3 6 2 3 5
20130624 9 5 9 1 4 6
20130624 10 7 3 5 0 0
20130624 11 1 3 2 0 0
20130624 12 2 1 7 2 1
20130712 1 1 2 9 1 2
20130712 2 3 2 4 3 2
20130712 3 5 4 1 4 4
20130712 4 7 5 6 5 4
20130712 5 5 1 7 4 1
20130712 6 9 7 4 6 5
20130712 7 2 1 3 2 1
20130712 8 9 1 5 6 1
20130712 9 7 2 3 5 2
20130712 10 9 4 5 6 4
20130712 11 2 5 3 2 4
20130712 12 3 7 9 3 5
20130713 1 3 1 5 3 1
20130713 2 4 7 2 4 5
20130713 3 1 6 2 1 5
20130713 4 7 8 1 5 6
20130713 5 4 1 8 4 1
20130713 6 7 8 6 5 6
20130713 7 7 2 4 5 2
20130713 8 5 1 2 4 1
20130713 9 9 7 3 6 5
20130713 10 7 4 1 5 4
20130713 11 1 5 7 1 4
20130713 12 8 9 2 6 6
20130714 1 4 2 8 4 2
20130714 2 4 5 6 4 4
20130714 3 1 3 7 1 3
20130714 4 1 9 5 1 6
20130714 5 3 1 8 3 1
20130714 6 5 4 1 4 4
20130714 7 4 3 9 4 3
20130714 8 9 3 8 6 3
20130714 9 8 9 5 6 6
20130714 10 5 8 4 4 6
20130714 11 4 2 7 4 2
20130714 12 3 1 6 3 1
20130715 1 3 8 5 3 6
20130715 2 2 5 8 2 4
20130715 3 7 5 3 5 4
20130715 4 2 9 5 2 6
20130715 5 4 9 1 4 6
20130715 6 2 9 5 2 6
20130715 7 1 3 9 1 3
20130715 8 8 5 3 6 4
20130715 9 4 9 3 4 6
20130715 10 5 3 9 4 3
20130715 11 4 1 5 4 1
20130730 1 2 7 5 0 0
20130730 2 6 1 5 0 0
20130730 3 1 5 7 0 0
20130730 4 7 3 2 0 0
20130730 5 1 5 7 0 0
20130730 6 3 2 7 3 2
20130730 7 4 1 5 4 1
20130730 8 3 1 9 3 1
20130730 9 9 1 7 6 1
20130730 10 4 1 3 4 1
20130731 1 2 3 4 0 0
20130731 2 3 7 5 0 0
20130731 3 3 4 5 0 0
20130731 4 2 1 7 0 0
20130731 5 3 7 4 0 0
20130731 6 9 1 7 6 1
20130731 7 2 1 7 2 1
20130731 8 7 4 2 5 4
20130731 9 7 3 9 5 3
20130731 10 2 7 9 2 5
20130801 1 3 2 6 0 0
20130801 2 5 1 4 0 0
20130801 3 7 2 6 0 0
20130801 4 2 3 7 0 0
20130801 5 7 2 3 0 0
20130801 6 1 2 4 1 2
20130801 7 1 4 2 1 4
20130801 8 7 3 1 5 3
20130801 9 1 5 7 1 4
20130801 10 9 1 7 6 1
20130804 1 5 3 9 4 3
20130804 2 3 5 9 3 4
20130804 3 7 3 8 5 3
20130804 4 1 3 7 1 3
20130804 5 1 9 8 1 6
20130804 6 1 2 6 0 0
20130804 7 7 6 1 0 0
20130804 8 5 9 4 4 6
20130804 9 8 1 2 6 1
20130804 10 9 3 8 6 3
20130804 11 7 9 6 5 6
20130804 12 3 5 1 3 4
20130805 1 1 7 9 1 5
20130805 2 2 3 5 2 3
20130805 3 1 9 5 1 6
20130805 4 9 4 7 6 4
20130805 5 1 3 9 1 3
20130805 6 3 4 7 0 0
20130805 7 4 7 6 0 0
20130805 8 2 8 3 2 6
20130805 9 1 9 8 1 6
20130805 10 2 1 5 2 1
20130805 11 1 3 4 1 3
20130805 12 7 2 4 5 2
20130806 1 3 1 4 3 1
20130806 2 9 7 6 6 5
20130806 3 9 1 2 6 1
20130806 4 7 2 9 5 2
20130806 5 1 3 6 0 0
20130806 6 9 1 6 6 1
20130806 7 3 7 2 3 5
20130806 8 1 3 2 1 3
20130806 9 5 1 6 4 1
20130806 10 1 5 4 0 0
20130806 11 3 2 8 3 2
20130806 12 1 7 2 1 5
20130819 1 5 1 6 0 0
20130819 2 7 1 5 0 0
20130819 3 7 3 1 0 0
20130819 4 2 5 7 0 0
20130819 5 3 1 2 0 0
20130819 6 1 9 2 1 6
20130819 7 5 3 2 4 3
20130819 8 2 5 4 2 4
20130819 9 9 2 3 6 2
20130819 10 3 2 7 3 2
20130820 1 3 7 4 0 0
20130820 2 2 5 7 0 0
20130820 3 1 7 6 0 0
20130820 4 1 3 5 0 0
20130820 5 2 5 1 0 0
20130820 6 2 1 8 2 1
20130820 7 3 9 8 3 6
20130820 8 3 1 2 3 1
20130820 9 1 8 7 1 6
20130820 10 5 1 2 4 1
20130821 1 5 1 2 0 0
20130821 2 7 1 6 0 0
20130821 3 1 7 3 0 0
20130821 4 2 7 4 0 0
20130821 5 3 1 4 0 0
20130821 6 2 5 4 2 4
20130821 7 8 3 1 6 3
20130821 8 2 3 1 2 3
20130821 9 7 3 9 5 3
20130821 10 2 7 1 2 5
20130828 1 2 1 5 0 0
20130828 2 7 1 3 0 0
20130828 3 5 2 3 0 0
20130828 4 5 7 2 0 0
20130828 5 7 3 1 0 0
20130828 6 3 7 2 3 5
20130828 7 9 2 5 6 2
20130828 8 9 3 5 6 3
20130828 9 1 5 3 1 4
20130828 10 5 4 3 4 4
20130829 1 7 2 1 0 0
20130829 2 3 7 5 0 0
20130829 3 1 3 6 0 0
20130829 4 1 2 3 0 0
20130829 5 1 2 4 0 0
20130829 6 3 7 6 3 5
20130829 7 3 1 5 3 1
20130829 8 4 7 1 4 5
20130829 9 8 9 1 6 6
20130829 10 2 8 5 2 6
20130830 1 4 3 1 0 0
20130830 2 2 5 4 0 0
20130830 3 7 3 2 0 0
20130830 4 3 1 2 0 0
20130830 5 2 1 7 0 0
20130830 6 1 7 4 1 5
20130830 7 1 5 2 1 4
20130830 8 8 2 7 6 2
20130830 9 2 5 3 2 4
20130830 10 8 7 3 6 5
20130906 1 2 3 5 0 0
20130906 2 3 5 4 0 0
20130906 3 1 3 2 0 0
20130906 4 2 5 7 0 0
20130906 5 7 2 1 0 0
20130906 6 2 9 1 2 6
20130906 7 1 3 8 1 3
20130906 8 9 7 2 6 5
20130906 9 1 2 5 1 2
20130906 10 6 3 5 5 3
20130907 1 5 2 3 0 0
20130907 2 5 2 3 0 0
20130907 3 1 3 6 0 0
20130907 4 5 7 6 0 0
20130907 5 1 4 7 0 0
20130907 6 7 5 9 5 4
20130907 7 9 3 8 6 3
20130907 8 3 2 9 3 2
20130907 9 7 9 3 5 6
20130907 10 3 7 1 3 5
20130908 1 3 2 1 0 0
20130908 2 3 7 2 0 0
20130908 3 5 2 3 0 0
20130908 4 1 3 7 0 0
20130908 5 5 2 7 0 0
20130908 6 5 4 1 4 4
20130908 7 5 9 3 4 6
20130908 8 9 4 1 6 4
20130908 9 9 3 2 6 3
20130908 10 9 2 1 6 2
20130918 1 2 5 3 0 0
20130918 2 7 5 3 0 0
20130918 3 5 1 2 0 0
20130918 4 7 2 1 0 0
20130918 5 5 7 4 0 0
20130918 6 2 7 3 2 5
20130918 7 2 9 1 2 6
20130918 8 2 9 5 2 6
20130918 9 2 9 1 2 6
20130918 10 5 3 9 4 3
20130919 1 7 3 1 0 0
20130919 2 7 5 1 0 0
20130919 3 2 1 5 0 0
20130919 4 4 3 1 0 0
20130919 5 3 2 1 0 0
20130919 6 5 1 7 4 1
20130919 7 5 2 7 4 2
20130919 8 5 9 6 4 6
20130919 9 1 5 2 1 4
20130919 10 1 7 2 1 5
20130920 1 3 1 2 0 0
20130920 2 1 2 5 0 0
20130920 3 1 3 6 0 0
20130920 4 5 2 1 0 0
20130920 5 5 3 6 0 0
20130920 6 7 1 2 5 1
20130920 7 2 7 5 2 5
20130920 8 7 2 5 5 2
20130920 9 3 1 2 3 1
20130920 10 7 1 6 5 1
20131002 1 1 9 7 1 6
20131002 2 2 3 5 2 3
20131002 3 1 3 5 1 3
20131002 4 1 5 7 1 4
20131002 5 1 3 4 1 3
20131002 6 2 7 3 2 5
20131002 7 7 1 9 5 1
20131002 8 2 9 3 2 6
20131002 9 5 7 8 4 5
20131002 10 2 7 5 2 5
20131002 11 9 3 4 6 3
20131003 1 5 2 9 4 2
20131003 2 1 3 2 1 3
20131003 3 5 1 9 4 1
20131003 4 9 5 1 6 4
20131003 5 5 1 3 4 1
20131003 6 5 7 9 4 5
20131003 7 7 1 2 5 1
20131003 8 9 3 8 6 3
20131003 9 1 9 8 1 6
20131003 10 5 7 2 4 5
20131003 11 2 4 3 2 4
20131004 1 3 4 1 3 4
20131004 2 2 5 9 2 4
20131004 3 1 7 8 1 5
20131004 4 7 3 5 5 3
20131004 5 1 7 2 1 5
20131004 6 7 9 5 5 6
20131004 7 1 3 5 1 3
20131004 8 7 3 8 5 3
20131004 9 2 9 3 2 6
20131004 10 9 7 5 6 5
20131004 11 6 3 2 5 3
20131009 1 2 9 7 2 6
20131009 2 5 1 8 4 1
20131009 3 1 8 5 1 6
20131009 4 3 4 7 3 4
20131009 5 5 3 4 4 3
20131009 6 1 7 9 1 5
20131009 7 3 8 5 3 6
20131009 8 2 1 6 2 1
20131009 9 5 2 6 4 2
20131009 10 7 3 2 5 3
20131009 11 7 8 9 5 6
20131010 1 5 8 9 4 6
20131010 2 1 3 4 1 3
20131010 3 3 2 7 3 2
20131010 4 3 1 2 3 1
20131010 5 7 1 5 5 1
20131010 6 7 1 4 5 1
20131010 7 3 2 8 3 2
20131010 8 7 3 4 5 3
20131010 9 2 7 5 2 5
20131010 10 9 3 1 6 3
20131010 11 9 2 5 6 2
20131011 1 9 7 1 6 5
20131011 2 8 9 1 6 6
20131011 3 9 4 2 6 4
20131011 4 3 7 9 3 5
20131011 5 3 2 5 3 2
20131011 6 1 7 2 1 5
20131011 7 6 5 8 5 4
20131011 8 1 9 2 1 6
20131011 9 4 3 2 4 3
20131011 10 7 2 3 5 2
20131011 11 3 2 8 3 2
20131025 1 2 5 6 0 0
20131025 2 5 3 1 0 0
20131025 3 3 1 5 0 0
20131025 4 7 3 1 0 0
20131025 5 3 7 1 0 0
20131025 6 3 6 4 0 0
20131025 7 2 1 3 0 0
20131025 8 2 1 7 2 1
20131025 9 5 3 1 4 3
20131025 10 1 8 5 1 6
20131025 11 7 1 5 5 1
20131025 12 7 2 9 5 2
20131026 1 1 3 2 0 0
20131026 2 2 7 5 0 0
20131026 3 1 7 4 0 0
20131026 4 2 3 1 0 0
20131026 5 3 5 4 0 0
20131026 6 7 4 3 0 0
20131026 7 6 2 1 0 0
20131026 8 3 9 4 3 6
20131026 9 9 4 3 6 4
20131026 10 2 9 1 2 6
20131026 11 5 7 3 4 5
20131026 12 5 9 2 4 6
20131027 1 3 5 1 0 0
20131027 2 2 3 5 0 0
20131027 3 5 2 4 0 0
20131027 4 2 3 7 0 0
20131027 5 2 1 4 0 0
20131027 6 3 8 5 3 6
20131027 7 2 7 3 2 5
20131027 8 9 7 2 6 5
20131027 9 5 2 1 4 2
20131027 10 2 6 1 0 0
20131027 11 5 3 1 0 0
20131027 12 6 5 4 5 4
20131106 1 7 1 4 0 0
20131106 2 7 3 5 0 0
20131106 3 2 5 7 0 0
20131106 4 7 2 5 0 0
20131106 5 4 1 5 0 0
20131106 6 5 1 7 4 1
20131106 7 3 5 2 3 4
20131106 8 5 7 8 4 5
20131106 9 7 1 5 5 1
20131106 10 5 2 7 4 2
20131107 1 2 1 6 0 0
20131107 2 7 3 1 0 0
20131107 3 7 1 5 0 0
20131107 4 2 3 5 0 0
20131107 5 1 7 5 0 0
20131107 6 1 5 6 1 4
20131107 7 9 7 8 6 5
20131107 8 3 4 7 3 4
20131107 9 9 3 5 6 3
20131107 10 1 9 2 1 6
20131108 1 5 2 3 0 0
20131108 2 3 5 2 0 0
20131108 3 4 2 1 0 0
20131108 4 3 7 6 0 0
20131108 5 4 5 6 0 0
20131108 6 1 7 9 1 5
20131108 7 7 1 4 5 1
20131108 8 9 7 1 6 5
20131108 9 3 7 9 3 5
20131108 10 9 7 4 6 5
20131113 1 2 5 1 0 0
20131113 2 2 7 1 0 0
20131113 3 3 7 1 0 0
20131113 4 7 2 5 0 0
20131113 5 5 1 2 0 0
20131113 6 4 3 7 4 3
20131113 7 3 7 5 3 5
20131113 8 8 5 9 6 4
20131113 9 9 1 7 6 1
20131113 10 5 7 2 4 5
20131114 1 1 2 4 0 0
20131114 2 3 5 7 0 0
20131114 3 3 7 5 0 0
20131114 4 2 3 5 0 0
20131114 5 1 3 5 0 0
20131114 6 2 7 5 2 5
20131114 7 6 5 7 5 4
20131114 8 2 7 6 2 5
20131114 9 5 7 2 4 5
20131114 10 7 2 1 5 2
20131115 1 1 3 5 0 0
20131115 2 3 5 1 0 0
20131115 3 3 6 1 0 0
20131115 4 1 6 3 0 0
20131115 5 5 6 1 0 0
20131115 6 3 5 7 3 4
20131115 7 8 5 7 6 4
20131115 8 1 2 4 1 2
20131115 9 1 4 8 1 4
20131115 10 3 7 2 3 5
20140414 1 7 3 1 0 0
20140414 2 3 5 7 0 0
20140414 3 1 7 2 0 0
20140414 4 2 5 7 0 0
20140414 5 3 1 4 0 0
20140414 6 2 5 8 2 4
20140414 7 2 9 4 2 6
20140414 8 3 8 2 3 6
20140414 9 2 5 9 2 4
20140414 10 1 2 5 1 2
20140415 1 2 1 7 0 0
20140415 2 3 7 1 0 0
20140415 3 2 1 5 0 0
20140415 4 2 1 6 0 0
20140415 5 7 3 1 0 0
20140415 6 3 2 8 3 2
20140415 7 7 8 1 5 6
20140415 8 3 1 5 3 1
20140415 9 1 3 5 1 3
20140415 10 7 9 1 5 6
20140416 1 4 2 1 0 0
20140416 2 2 5 1 0 0
20140416 3 1 5 6 0 0
20140416 4 3 2 1 0 0
20140416 5 2 7 1 0 0
20140416 6 9 8 1 6 6
20140416 7 1 5 7 1 4
20140416 8 1 9 2 1 6
20140416 9 8 1 3 6 1
20140416 10 1 5 3 1 4
20140423 1 3 7 1 3 5
20140423 2 7 9 3 5 6
20140423 3 7 2 4 5 2
20140423 4 2 1 4 2 1
20140423 5 2 7 5 2 5
20140423 6 7 3 6 5 3
20140423 7 1 8 2 1 6
20140423 8 9 3 7 6 3
20140423 9 1 3 9 1 3
20140423 10 9 2 5 6 2
20140423 11 4 2 3 4 2
20140424 1 5 2 6 4 2
20140424 2 3 9 7 3 6
20140424 3 7 1 3 5 1
20140424 4 4 6 9 4 5
20140424 5 9 3 5 6 3
20140424 6 2 5 1 2 4
20140424 7 8 7 1 6 5
20140424 8 1 7 4 1 5
20140424 9 2 9 4 2 6
20140424 10 6 9 3 5 6
20140424 11 7 1 5 5 1
20140425 1 7 2 9 5 2
20140425 2 9 3 2 6 3
20140425 3 5 2 9 4 2
20140425 4 9 1 7 6 1
20140425 5 5 8 2 4 6
20140425 6 5 8 3 4 6
20140425 7 9 1 2 6 1
20140425 8 1 5 3 1 4
20140425 9 5 3 9 4 3
20140425 10 9 1 5 6 1
20140425 11 2 6 9 2 5
20140526 1 9 3 4 6 3
20140526 2 1 3 5 1 3
20140526 3 4 1 9 4 1
20140526 4 5 2 9 4 2
20140526 5 3 1 5 3 1
20140526 6 5 1 8 4 1
20140526 7 1 2 9 1 2
20140526 8 5 1 2 4 1
20140526 9 2 9 3 2 6
20140526 10 7 2 5 5 2
20140526 11 4 3 9 4 3
20140527 1 5 2 9 4 2
20140527 2 1 5 2 1 4
20140527 3 6 4 5 5 4
20140527 4 7 1 6 5 1
20140527 5 1 3 8 1 3
20140527 6 5 1 9 4 1
20140527 7 7 5 2 5 4
20140527 8 7 2 5 5 2
20140527 9 9 2 1 6 2
20140527 10 8 1 7 6 1
20140527 11 7 9 1 5 6
20140528 1 7 9 5 5 6
20140528 2 4 2 9 4 2
20140528 3 3 8 5 3 6
20140528 4 3 9 5 3 6
20140528 5 7 2 4 5 2
20140528 6 4 1 7 4 1
20140528 7 2 5 3 2 4
20140528 8 9 1 2 6 1
20140528 9 3 2 1 3 2
20140528 10 3 9 5 3 6
20140528 11 1 5 4 1 4
20140601 1 1 5 4 0 0
20140601 2 5 7 2 0 0
20140601 3 5 7 1 0 0
20140601 4 5 3 7 0 0
20140601 5 2 4 1 0 0
20140601 6 5 3 6 0 0
20140601 7 7 5 2 0 0
20140601 8 7 1 2 5 1
20140601 9 1 9 4 1 6
20140601 10 9 3 6 6 3
20140601 11 5 3 7 4 3
20140601 12 3 2 1 3 2
20140602 1 5 1 2 0 0
20140602 2 7 6 4 0 0
20140602 3 1 7 4 0 0
20140602 4 3 7 1 0 0
20140602 5 1 2 7 0 0
20140602 6 3 1 6 0 0
20140602 7 1 4 2 0 0
20140602 8 4 7 1 4 5
20140602 9 9 3 2 6 3
20140602 10 5 2 3 4 2
20140602 11 3 9 4 3 6
20140602 12 7 5 4 5 4
20140603 1 2 3 5 0 0
20140603 2 2 7 4 0 0
20140603 3 1 6 4 0 0
20140603 4 7 5 1 0 0
20140603 5 5 7 3 0 0
20140603 6 7 1 2 5 1
20140603 7 1 5 2 1 4
20140603 8 3 9 2 3 6
20140603 9 5 9 3 4 6
20140603 10 3 5 2 0 0
20140603 11 6 4 2 0 0
20140603 12 1 2 9 1 2
20140608 1 5 3 6 0 0
20140608 2 1 3 5 0 0
20140608 3 2 7 5 0 0
20140608 4 2 1 5 0 0
20140608 5 2 5 3 0 0
20140608 6 5 2 9 4 2
20140608 7 3 7 9 3 5
20140608 8 3 4 5 3 4
20140608 9 7 2 9 5 2
20140608 10 3 9 5 3 6
20140609 1 3 1 2 0 0
20140609 2 1 2 7 0 0
20140609 3 5 1 4 0 0
20140609 4 2 7 1 0 0
20140609 5 7 3 4 0 0
20140609 6 5 1 3 4 1
20140609 7 1 7 4 1 5
20140609 8 1 4 5 1 4
20140609 9 7 2 9 5 2
20140609 10 9 1 7 6 1
20140610 1 5 1 3 0 0
20140610 2 7 2 3 0 0
20140610 3 1 3 2 0 0
20140610 4 3 6 2 0 0
20140610 5 3 6 2 0 0
20140610 6 1 8 4 1 6
20140610 7 2 9 5 2 6
20140610 8 9 7 3 6 5
20140610 9 3 4 2 3 4
20140610 10 1 3 8 1 3
20140703 1 7 6 4 0 0
20140703 2 2 7 4 0 0
20140703 3 1 6 3 0 0
20140703 4 2 7 5 0 0
20140703 5 2 7 5 0 0
20140703 6 7 2 5 5 2
20140703 7 7 9 5 5 6
20140703 8 5 9 2 4 6
20140703 9 9 8 3 6 6
20140703 10 2 3 9 2 3
20140704 1 6 2 7 0 0
20140704 2 2 5 1 0 0
20140704 3 6 5 7 0 0
20140704 4 7 4 2 0 0
20140704 5 5 2 1 0 0
20140704 6 3 2 8 3 2
20140704 7 9 2 3 6 2
20140704 8 1 5 9 1 4
20140704 9 5 9 3 4 6
20140704 10 7 1 5 5 1
20140705 1 5 1 3 0 0
20140705 2 5 1 2 0 0
20140705 3 5 7 2 0 0
20140705 4 7 5 4 0 0
20140705 5 6 5 3 0 0
20140705 6 7 8 4 5 6
20140705 7 1 7 9 1 5
20140705 8 7 9 1 5 6
20140705 9 3 7 5 3 5
20140705 10 6 4 3 5 4
20140718 1 2 7 5 2 5
20140718 2 2 9 1 2 6
20140718 3 1 2 4 1 2
20140718 4 1 5 8 1 4
20140718 5 2 4 7 2 4
20140718 6 1 9 8 1 6
20140718 7 1 4 5 1 4
20140718 8 9 2 7 6 2
20140718 9 7 1 5 5 1
20140718 10 2 1 3 2 1
20140718 11 1 5 7 1 4
20140718 12 9 5 6 6 4
20140719 1 2 9 7 2 6
20140719 2 4 2 5 4 2
20140719 3 7 2 3 5 2
20140719 4 3 6 9 3 5
20140719 5 9 4 1 6 4
20140719 6 1 2 3 1 2
20140719 7 5 9 1 4 6
20140719 8 5 2 3 4 2
20140719 9 7 1 8 5 1
20140719 10 2 1 6 2 1
20140719 11 1 5 3 1 4
20140719 12 6 3 9 5 3
20140720 1 1 4 8 1 4
20140720 2 4 9 5 4 6
20140720 3 9 7 3 6 5
20140720 4 8 7 9 6 5
20140720 5 6 4 2 5 4
20140720 6 2 7 1 2 5
20140720 7 1 4 5 1 4
20140720 8 9 3 5 6 3
20140720 9 3 9 2 3 6
20140720 10 7 3 5 5 3
20140720 11 5 9 2 4 6
20140720 12 5 1 3 4 1
20140721 1 5 7 3 4 5
20140721 2 7 4 1 5 4
20140721 3 8 7 4 6 5
20140721 4 5 1 7 4 1
20140721 5 1 5 9 1 4
20140721 6 5 2 1 4 2
20140721 7 9 5 6 6 4
20140721 8 1 7 9 1 5
20140721 9 4 7 8 4 5
20140721 10 3 4 1 3 4
20140721 11 1 7 5 1 5
20140801 1 2 7 4 0 0
20140801 2 1 7 2 0 0
20140801 3 2 5 3 0 0
20140801 4 3 4 5 0 0
20140801 5 3 4 1 0 0
20140801 6 2 3 1 2 3
20140801 7 1 7 3 1 5
20140801 8 5 2 3 4 2
20140801 9 7 3 5 5 3
20140801 10 2 7 1 2 5
20140802 1 4 7 6 0 0
20140802 2 1 7 3 0 0
20140802 3 5 1 3 0 0
20140802 4 5 3 2 0 0
20140802 5 2 3 7 0 0
20140802 6 9 4 3 6 4
20140802 7 1 7 8 1 5
20140802 8 5 9 1 4 6
20140802 9 1 8 7 1 6
20140802 10 1 7 6 1 5
20140803 1 2 5 7 0 0
20140803 2 3 7 6 0 0
20140803 3 7 2 6 0 0
20140803 4 1 2 3 0 0
20140803 5 1 4 5 0 0
20140803 6 9 4 1 6 4
20140803 7 6 4 9 5 4
20140803 8 5 2 8 4 2
20140803 9 3 1 7 3 1
20140803 10 5 2 3 4 2
20140808 1 2 7 3 0 0
20140808 2 4 3 2 0 0
20140808 3 1 3 6 0 0
20140808 4 1 5 7 0 0
20140808 5 2 5 3 0 0
20140808 6 7 4 3 5 4
20140808 7 5 3 7 4 3
20140808 8 3 9 6 3 6
20140808 9 5 6 7 4 5
20140808 10 3 7 2 3 5
20140809 1 5 1 2 0 0
20140809 2 2 3 7 0 0
20140809 3 7 2 1 0 0
20140809 4 5 3 1 0 0
20140809 5 1 4 3 0 0
20140809 6 1 7 5 1 5
20140809 7 1 9 7 1 6
20140809 8 3 4 6 3 4
20140809 9 3 1 4 3 1
20140809 10 5 9 1 4 6
20140810 1 4 1 7 0 0
20140810 2 5 7 3 0 0
20140810 3 5 1 3 0 0
20140810 4 5 6 4 0 0
20140810 5 7 3 2 0 0
20140810 6 2 1 3 2 1
20140810 7 9 3 6 6 3
20140810 8 2 3 1 2 3
20140810 9 2 7 3 2 5
20140810 10 9 4 3 6 4
20140824 1 1 3 4 0 0
20140824 2 3 1 6 0 0
20140824 3 5 1 3 0 0
20140824 4 2 7 1 0 0
20140824 5 1 7 2 0 0
20140824 6 6 7 2 0 0
20140824 7 6 1 3 0 0
20140824 8 9 5 2 6 4
20140824 9 2 9 3 2 6
20140824 10 5 3 2 4 3
20140824 11 9 5 3 6 4
20140824 12 5 4 2 4 4
20140825 1 1 3 7 0 0
20140825 2 2 5 3 0 0
20140825 3 2 5 7 0 0
20140825 4 5 7 3 0 0
20140825 5 2 5 1 0 0
20140825 6 1 6 4 0 0
20140825 7 3 7 1 0 0
20140825 8 4 7 3 4 5
20140825 9 3 2 1 3 2
20140825 10 1 3 7 1 3
20140825 11 1 9 5 1 6
20140825 12 1 5 3 1 4
20140826 1 3 5 1 0 0
20140826 2 5 2 6 0 0
20140826 3 3 2 4 0 0
20140826 4 4 1 5 0 0
20140826 5 1 3 7 0 0
20140826 6 1 5 3 1 4
20140826 7 8 7 2 6 5
20140826 8 2 9 4 2 6
20140826 9 3 9 5 3 6
20140826 10 5 3 4 0 0
20140826 11 7 3 1 0 0
20140826 12 5 3 8 4 3
20140905 1 6 5 7 0 0
20140905 2 3 1 2 0 0
20140905 3 7 5 4 0 0
20140905 4 1 3 5 0 0
20140905 5 3 6 1 0 0
20140905 6 1 7 2 1 5
20140905 7 5 6 3 4 5
20140905 8 1 4 3 1 4
20140905 9 1 5 7 1 4
20140905 10 3 5 2 3 4
20140906 1 3 5 1 0 0
20140906 2 5 4 7 0 0
20140906 3 7 2 1 0 0
20140906 4 2 5 7 0 0
20140906 5 1 2 5 0 0
20140906 6 3 1 4 3 1
20140906 7 7 5 9 5 4
20140906 8 9 3 4 6 3
20140906 9 9 2 5 6 2
20140906 10 2 5 8 2 4
20140907 1 3 7 2 0 0
20140907 2 5 2 7 0 0
20140907 3 3 7 4 0 0
20140907 4 1 2 7 0 0
20140907 5 3 5 7 0 0
20140907 6 2 1 6 2 1
20140907 7 7 9 3 5 6
20140907 8 1 2 5 1 2
20140907 9 5 7 2 4 5
20140907 10 2 3 9 2 3
20140916 1 1 7 3 0 0
20140916 2 5 3 4 0 0
20140916 3 5 1 7 0 0
20140916 4 5 2 3 0 0
20140916 5 7 2 5 0 0
20140916 6 5 7 3 4 5
20140916 7 9 4 7 6 4
20140916 8 7 5 2 5 4
20140916 9 8 5 9 6 4
20140916 10 7 9 2 5 6
20140917 1 1 2 5 0 0
20140917 2 3 2 7 0 0
20140917 3 1 3 4 0 0
20140917 4 1 7 2 0 0
20140917 5 2 7 1 0 0
20140917 6 3 7 1 3 5
20140917 7 9 5 4 6 4
20140917 8 5 1 7 4 1
20140917 9 6 3 9 5 3
20140917 10 2 5 7 2 4
20140918 1 2 3 7 0 0
20140918 2 5 7 1 0 0
20140918 3 4 7 3 0 0
20140918 4 2 7 4 0 0
20140918 5 5 3 2 0 0
20140918 6 2 9 5 2 6
20140918 7 1 2 7 1 2
20140918 8 9 2 3 6 2
20140918 9 9 3 1 6 3
20140918 10 5 2 7 4 2
20140924 1 8 5 3 6 4
20140924 2 2 3 9 2 3
20140924 3 2 1 9 2 1
20140924 4 3 1 9 3 1
20140924 5 1 7 2 1 5
20140924 6 3 9 6 3 6
20140924 7 5 3 4 4 3
20140924 8 4 9 1 4 6
20140924 9 1 9 7 1 6
20140924 10 7 5 3 5 4
20140924 11 3 6 8 3 5
20140925 1 9 1 5 6 1
20140925 2 2 5 7 2 4
20140925 3 7 3 4 5 3
20140925 4 2 7 4 2 5
20140925 5 1 4 3 1 4
20140925 6 7 2 4 5 2
20140925 7 2 5 1 2 4
20140925 8 5 1 7 4 1
20140925 9 1 8 5 1 6
20140925 10 9 2 4 6 2
20140925 11 7 9 1 5 6
20140926 1 1 5 9 1 4
20140926 2 7 2 1 5 2
20140926 3 5 2 9 4 2
20140926 4 5 3 7 4 3
20140926 5 2 9 3 2 6
20140926 6 1 9 5 1 6
20140926 7 7 5 3 5 4
20140926 8 3 1 2 3 1
20140926 9 7 8 1 5 6
20140926 10 3 1 7 3 1
20140926 11 5 2 9 4 2
20141008 1 7 1 2 5 1
20141008 2 9 3 5 6 3
20141008 3 1 7 6 1 5
20141008 4 9 3 7 6 3
20141008 5 1 4 3 1 4
20141008 6 4 5 1 0 0
20141008 7 5 1 2 0 0
20141008 8 3 5 7 3 4
20141008 9 2 7 5 2 5
20141008 10 9 7 2 6 5
20141008 11 7 2 8 5 2
20141008 12 2 1 8 2 1
20141009 1 9 3 5 6 3
20141009 2 5 9 3 4 6
20141009 3 3 7 9 3 5
20141009 4 3 7 8 3 5
20141009 5 9 2 5 6 2
20141009 6 2 1 7 0 0
20141009 7 3 7 4 0 0
20141009 8 2 4 7 2 4
20141009 9 9 6 5 6 5
20141009 10 1 4 5 1 4
20141009 11 7 1 5 5 1
20141009 12 1 3 5 1 3
20141010 1 3 9 4 3 6
20141010 2 7 2 6 5 2
20141010 3 2 5 8 2 4
20141010 4 3 4 6 3 4
20141010 5 7 2 1 0 0
20141010 6 5 2 3 4 2
20141010 7 7 9 1 5 6
20141010 8 2 3 7 2 3
20141010 9 2 7 9 2 5
20141010 10 2 3 7 0 0
20141010 11 1 7 8 1 5
20141010 12 3 5 1 3 4
20141028 1 1 7 4 1 5
20141028 2 5 1 8 4 1
20141028 3 3 1 6 3 1
20141028 4 6 9 2 5 6
20141028 5 6 9 2 5 6
20141028 6 2 4 8 2 4
20141028 7 1 7 9 1 5
20141028 8 3 9 5 3 6
20141028 9 7 1 3 5 1
20141028 10 7 2 5 5 2
20141028 11 3 2 1 3 2
20141029 1 1 5 2 1 4
20141029 2 8 1 9 6 1
20141029 3 5 7 3 4 5
20141029 4 7 1 2 5 1
20141029 5 3 2 5 3 2
20141029 6 1 2 7 1 2
20141029 7 5 4 2 4 4
20141029 8 7 1 3 5 1
20141029 9 5 3 2 4 3
20141029 10 2 7 5 2 5
20141029 11 2 3 4 2 3
20141030 1 3 9 2 3 6
20141030 2 8 1 3 6 1
20141030 3 6 5 2 5 4
20141030 4 2 7 1 2 5
20141030 5 3 7 1 3 5
20141030 6 7 3 1 5 3
20141030 7 9 2 8 6 2
20141030 8 3 1 2 3 1
20141030 9 1 2 4 1 2
20141030 10 7 3 1 5 3
20141030 11 1 9 8 1 6
20141106 1 1 5 3 0 0
20141106 2 1 5 2 0 0
20141106 3 2 7 5 0 0
20141106 4 5 3 2 0 0
20141106 5 4 3 1 0 0
20141106 6 3 5 7 3 4
20141106 7 7 3 4 5 3
20141106 8 7 8 1 5 6
20141106 9 2 5 9 2 4
20141106 10 2 5 6 2 4
20141107 1 7 2 4 0 0
20141107 2 7 2 3 0 0
20141107 3 3 1 2 0 0
20141107 4 3 2 1 0 0
20141107 5 1 6 2 0 0
20141107 6 9 2 8 6 2
20141107 7 5 1 7 4 1
20141107 8 7 1 3 5 1
20141107 9 1 3 7 1 3
20141107 10 2 7 1 2 5
20141108 1 2 1 6 0 0
20141108 2 4 5 3 0 0
20141108 3 7 4 3 0 0
20141108 4 3 1 7 0 0
20141108 5 1 7 5 0 0
20141108 6 2 1 8 2 1
20141108 7 1 5 2 1 4
20141108 8 2 4 7 2 4
20141108 9 1 5 7 1 4
20141108 10 1 7 5 1 5
20150413 1 2 5 4 0 0
20150413 2 7 5 1 0 0
20150413 3 1 5 4 0 0
20150413 4 7 2 1 0 0
20150413 5 2 1 3 0 0
20150413 6 9 1 4 6 1
20150413 7 2 4 7 2 4
20150413 8 2 7 5 2 5
20150413 9 1 9 3 1 6
20150413 10 4 2 1 4 2
20150414 1 3 7 1 0 0
20150414 2 1 4 5 0 0
20150414 3 1 5 7 0 0
20150414 4 3 5 1 0 0
20150414 5 5 6 7 0 0
20150414 6 5 3 2 4 3
20150414 7 7 1 9 5 1
20150414 8 9 2 5 6 2
20150414 9 5 1 4 4 1
20150414 10 5 9 3 4 6
20150415 1 1 3 5 0 0
20150415 2 1 7 2 0 0
20150415 3 6 3 5 0 0
20150415 4 7 2 4 0 0
20150415 5 2 1 7 0 0
20150415 6 2 3 9 2 3
20150415 7 5 1 2 4 1
20150415 8 9 1 5 6 1
20150415 9 9 5 7 6 4
20150415 10 9 4 1 6 4
20150423 1 1 5 4 1 4
20150423 2 8 7 5 6 5
20150423 3 3 6 8 3 5
20150423 4 3 2 9 3 2
20150423 5 7 3 9 5 3
20150423 6 4 1 5 0 0
20150423 7 6 4 1 0 0
20150423 8 3 7 5 3 5
20150423 9 7 9 1 5 6
20150423 10 1 9 2 1 6
20150423 11 9 3 2 6 3
20150423 12 2 5 8 2 4
20150424 1 3 4 9 3 4
20150424 2 1 5 7 1 4
20150424 3 3 5 9 3 4
20150424 4 1 7 9 1 5
20150424 5 1 8 7 1 6
20150424 6 3 5 4 0 0
20150424 7 4 7 1 0 0
20150424 8 3 4 7 3 4
20150424 9 5 2 9 4 2
20150424 10 1 2 3 1 2
20150424 11 7 3 2 5 3
20150424 12 3 1 4 3 1
20150425 1 5 2 8 4 2
20150425 2 7 9 5 5 6
20150425 3 1 8 9 1 6
20150425 4 2 7 5 2 5
20150425 5 5 6 2 0 0
20150425 6 9 2 5 6 2
20150425 7 1 8 2 1 6
20150425 8 3 7 4 3 5
20150425 9 4 1 9 4 1
20150425 10 4 3 5 0 0
20150425 11 3 1 9 3 1
20150425 12 3 7 6 3 5
20150430 1 2 3 6 0 0
20150430 2 3 2 5 0 0
20150430 3 2 5 1 0 0
20150430 4 3 2 4 0 0
20150430 5 1 5 2 0 0
20150430 6 9 3 1 6 3
20150430 7 3 7 9 3 5
20150430 8 1 9 7 1 6
20150430 9 9 1 3 6 1
20150430 10 5 3 1 4 3
20150501 1 2 4 7 0 0
20150501 2 5 3 2 0 0
20150501 3 4 2 3 0 0
20150501 4 2 5 7 0 0
20150501 5 2 7 5 0 0
20150501 6 5 3 4 4 3
20150501 7 1 3 2 1 3
20150501 8 3 1 6 3 1
20150501 9 7 6 9 5 5
20150501 10 5 1 2 4 1
20150502 1 2 1 7 0 0
20150502 2 7 2 1 0 0
20150502 3 3 1 5 0 0
20150502 4 1 2 5 0 0
20150502 5 3 7 1 0 0
20150502 6 5 1 7 4 1
20150502 7 5 4 1 4 4
20150502 8 9 2 6 6 2
20150502 9 3 5 8 3 4
20150502 10 9 2 1 6 2
20150603 1 3 4 1 0 0
20150603 2 3 5 1 0 0
20150603 3 7 1 5 0 0
20150603 4 5 1 7 0 0
20150603 5 2 5 3 0 0
20150603 6 1 5 3 1 4
20150603 7 2 7 5 2 5
20150603 8 2 5 1 2 4
20150603 9 2 3 7 2 3
20150603 10 1 4 2 1 4
20150604 1 2 1 7 0 0
20150604 2 5 1 2 0 0
20150604 3 4 6 7 0 0
20150604 4 7 2 3 0 0
20150604 5 1 7 4 0 0
20150604 6 5 4 2 4 4
20150604 7 3 7 2 3 5
20150604 8 1 5 7 1 4
20150604 9 1 5 8 1 4
20150604 10 3 5 2 3 4
20150605 1 1 3 7 0 0
20150605 2 5 3 7 0 0
20150605 3 2 5 6 0 0
20150605 4 1 7 3 0 0
20150605 5 2 7 1 0 0
20150605 6 5 3 9 4 3
20150605 7 1 4 3 1 4
20150605 8 2 9 7 2 6
20150605 9 9 1 7 6 1
20150605 10 9 2 4 6 2
20150612 1 5 3 2 0 0
20150612 2 2 5 7 0 0
20150612 3 1 3 4 0 0
20150612 4 5 2 6 0 0
20150612 5 3 5 6 0 0
20150612 6 7 1 4 5 1
20150612 7 6 5 7 5 4
20150612 8 7 9 2 5 6
20150612 9 7 1 4 5 1
20150612 10 4 1 7 4 1
20150613 1 2 3 4 0 0
20150613 2 5 7 1 0 0
20150613 3 1 3 6 0 0
20150613 4 5 7 1 0 0
20150613 5 7 2 3 0 0
20150613 6 9 6 4 6 5
20150613 7 9 3 8 6 3
20150613 8 2 7 1 2 5
20150613 9 1 2 5 1 2
20150613 10 3 9 1 3 6
20150614 1 1 7 3 0 0
20150614 2 2 1 3 0 0
20150614 3 3 4 1 0 0
20150614 4 3 5 4 0 0
20150614 5 1 7 5 0 0
20150614 6 7 4 8 5 4
20150614 7 2 5 9 2 4
20150614 8 9 5 7 6 4
20150614 9 3 1 6 3 1
20150614 10 5 2 9 4 2
20150701 1 7 3 1 0 0
20150701 2 5 7 1 0 0
20150701 3 2 7 1 0 0
20150701 4 5 2 4 0 0
20150701 5 5 7 2 0 0
20150701 6 3 1 4 3 1
20150701 7 4 9 8 4 6
20150701 8 5 1 7 4 1
20150701 9 1 7 9 1 5
20150701 10 3 9 6 3 6
20150702 1 3 6 1 0 0
20150702 2 7 1 6 0 0
20150702 3 7 1 3 0 0
20150702 4 3 4 2 0 0
20150702 5 5 4 3 0 0
20150702 6 9 4 6 6 4
20150702 7 9 1 7 6 1
20150702 8 5 8 6 4 6
20150702 9 8 3 2 6 3
20150702 10 9 2 3 6 2
20150703 1 3 6 4 0 0
20150703 2 7 2 3 0 0
20150703 3 2 1 5 0 0
20150703 4 7 5 1 0 0
20150703 5 2 5 1 0 0
20150703 6 5 3 2 4 3
20150703 7 3 6 1 3 5
20150703 8 7 5 1 5 4
20150703 9 9 1 2 6 1
20150703 10 9 2 7 6 2
20150717 1 2 7 5 2 5
20150717 2 2 9 1 2 6
20150717 3 2 3 1 2 3
20150717 4 1 7 9 1 5
20150717 5 1 7 2 1 5
20150717 6 5 2 9 4 2
20150717 7 8 1 5 6 1
20150717 8 9 1 2 6 1
20150717 9 1 3 9 1 3
20150717 10 3 7 2 3 5
20150717 11 2 3 1 2 3
20150717 12 7 4 1 5 4
20150718 1 4 3 7 4 3
20150718 2 7 1 9 5 1
20150718 3 8 4 9 6 4
20150718 4 5 4 6 4 4
20150718 5 9 2 1 6 2
20150718 6 7 1 3 5 1
20150718 7 3 2 9 3 2
20150718 8 1 2 8 1 2
20150718 9 7 3 6 5 3
20150718 10 7 5 1 5 4
20150718 11 1 2 6 1 2
20150718 12 2 6 8 2 5
20150719 1 3 8 9 3 6
20150719 2 2 7 1 2 5
20150719 3 7 3 2 5 3
20150719 4 8 7 4 6 5
20150719 5 9 2 8 6 2
20150719 6 5 1 4 4 1
20150719 7 5 4 2 4 4
20150719 8 3 9 4 3 6
20150719 9 6 5 8 5 4
20150719 10 9 5 1 6 4
20150719 11 9 6 4 6 5
20150719 12 7 8 1 5 6
20150720 1 3 9 6 3 6
20150720 2 9 1 2 6 1
20150720 3 4 7 1 4 5
20150720 4 4 3 9 4 3
20150720 5 2 8 4 2 6
20150720 6 9 8 3 6 6
20150720 7 2 8 9 2 6
20150720 8 7 5 1 5 4
20150720 9 9 5 4 6 4
20150720 10 1 7 8 1 5
20150720 11 8 1 7 6 1
