20111207 1 3 9 2 3 6
20111207 2 6 1 8 5 1
20111207 3 2 5 1 2 4
20111207 4 3 5 2 3 4
20111207 5 9 2 3 6 2
20111207 6 4 5 3 4 4
20111208 1 1 7 8 1 5
20111208 2 6 3 4 5 3
20111208 3 3 5 2 3 4
20111208 4 3 5 9 3 4
20111208 5 7 1 5 5 1
20111208 6 3 9 7 3 6
20111208 7 1 3 5 1 3
20111208 8 5 4 7 4 4
20111208 9 1 7 9 1 5
20111208 10 3 5 4 3 4
20111208 11 1 7 3 1 5
20111208 12 3 9 5 3 6
20111209 1 7 1 4 5 1
20111209 2 2 9 1 2 6
20111209 3 2 9 8 2 6
20111209 4 1 9 3 1 6
20111209 5 2 9 5 2 6
20111209 6 2 3 5 2 3
20111209 7 1 7 4 1 5
20111209 8 7 2 8 5 2
20111209 9 2 8 1 2 6
20111209 10 2 6 1 2 5
20111209 11 5 1 7 4 1
20111209 12 1 9 5 1 6
20111220 1 9 3 1 6 3
20111220 2 1 7 3 1 5
20111220 3 2 3 5 2 3
20111220 4 1 2 5 1 2
20111220 5 1 8 4 1 6
20111220 6 2 7 1 2 5
20111220 7 2 1 5 2 1
20111220 8 2 5 7 2 4
20111220 9 2 1 9 2 1
20111220 10 3 2 9 3 2
20111220 11 1 2 4 1 2
20111220 12 1 8 7 1 6
20111221 1 1 5 9 1 4
20111221 2 4 1 6 4 1
20111221 3 1 3 9 1 3
20111221 4 9 6 3 6 5
20111221 5 2 9 3 2 6
20111221 6 2 5 9 2 4
20111221 7 2 7 1 2 5
20111221 8 5 3 8 4 3
20111221 9 6 2 1 5 2
20111221 10 2 7 8 2 5
20111221 11 2 9 3 2 6
20111221 12 1 7 2 1 5
20111222 1 4 2 5 4 2
20111222 2 9 7 4 6 5
20111222 3 7 2 8 5 2
20111222 4 5 1 4 4 1
20111222 5 5 7 1 4 5
20111222 6 3 9 1 3 6
20111222 7 4 2 6 4 2
20111222 8 9 2 1 6 2
20111222 9 2 5 3 2 4
20111222 10 5 2 3 4 2
20111222 11 5 9 1 4 6
20111222 12 9 7 4 6 5
20120111 1 2 1 8 2 1
20120111 2 1 5 6 1 4
20120111 3 9 5 2 6 4
20120111 4 5 9 7 4 6
20120111 5 7 2 3 5 2
20120111 6 7 3 8 5 3
20120111 7 3 6 2 3 5
20120111 8 2 4 3 2 4
20120111 9 1 2 8 1 2
20120111 10 2 5 9 2 4
20120111 11 3 1 4 3 1
20120111 12 2 6 4 2 5
20120112 1 6 2 4 5 2
20120112 2 2 4 5 2 4
20120112 3 6 1 3 5 1
20120112 4 5 9 7 4 6
20120112 5 2 3 6 2 3
20120112 6 1 3 7 1 3
20120112 7 3 9 2 3 6
20120112 8 3 2 7 3 2
20120112 9 5 2 7 4 2
20120112 10 2 6 3 2 5
20120112 11 3 4 2 3 4
20120112 12 1 2 4 1 2
20120113 1 3 7 9 3 5
20120113 2 4 5 3 4 4
20120113 3 1 2 7 1 2
20120113 4 1 9 6 1 6
20120113 5 5 2 3 4 2
20120113 6 9 3 7 6 3
20120113 7 2 7 4 2 5
20120113 8 2 6 5 2 5
20120113 9 1 9 2 1 6
20120113 10 3 1 2 3 1
20120113 11 3 4 1 3 4
20120113 12 3 2 1 3 2
20120119 1 5 1 4 0 0
20120119 2 7 1 2 0 0
20120119 3 2 7 5 0 0
20120119 4 2 4 7 0 0
20120119 5 7 5 2 0 0
20120119 6 2 9 3 2 6
20120119 7 3 9 1 3 6
20120119 8 1 3 7 1 3
20120119 9 1 3 6 1 3
20120119 10 2 5 7 2 4
20120119 11 3 9 7 3 6
20120120 1 2 5 3 0 0
20120120 2 2 4 3 0 0
20120120 3 2 7 6 0 0
20120120 4 3 6 1 0 0
20120120 5 1 2 4 0 0
20120120 6 8 2 3 6 2
20120120 7 3 5 2 3 4
20120120 8 1 3 5 1 3
20120120 9 3 9 5 3 6
20120120 10 8 2 4 6 2
20120120 11 1 7 3 1 5
20120121 1 3 2 5 0 0
20120121 2 2 3 7 0 0
20120121 3 1 5 4 0 0
20120121 4 5 2 1 0 0
20120121 5 1 5 4 0 0
20120121 6 3 4 5 3 4
20120121 7 7 3 2 5 3
20120121 8 3 4 9 3 4
20120121 9 5 3 2 4 3
20120121 10 1 2 9 1 2
20120121 11 1 6 5 1 5
20120202 1 7 1 3 0 0
20120202 2 2 5 1 0 0
20120202 3 1 7 3 0 0
20120202 4 3 2 5 0 0
20120202 5 1 7 4 0 0
20120202 6 2 3 1 0 0
20120202 7 1 2 4 0 0
20120203 1 3 5 1 0 0
20120203 2 1 5 3 0 0
20120203 3 7 3 2 0 0
20120203 4 1 3 2 0 0
20120203 5 3 4 1 0 0
20120203 6 6 4 2 0 0
20120203 7 4 6 1 0 0
20120209 1 5 2 3 0 0
20120209 2 7 1 3 0 0
20120209 3 3 5 7 0 0
20120209 4 2 7 5 0 0
20120209 5 2 1 5 0 0
20120209 6 2 4 3 2 4
20120209 7 1 2 3 1 2
20120209 8 3 1 7 3 1
20120209 9 2 9 8 2 6
20120209 10 2 1 4 2 1
20120209 11 7 2 4 5 2
20120210 1 2 5 3 0 0
20120210 2 3 2 5 0 0
20120210 3 1 4 5 0 0
20120210 4 3 5 4 0 0
20120210 5 5 2 3 0 0
20120210 6 4 2 5 4 2
20120210 7 3 7 9 3 5
20120210 8 2 3 5 2 3
20120210 9 1 7 2 1 5
20120210 10 6 2 4 5 2
20120210 11 7 1 3 5 1
20120211 1 6 3 7 0 0
20120211 2 2 4 7 0 0
20120211 3 2 7 1 0 0
20120211 4 2 1 6 0 0
20120211 5 2 1 3 0 0
20120211 6 5 1 7 4 1
20120211 7 4 2 7 4 2
20120211 8 1 9 3 1 6
20120211 9 2 1 3 2 1
20120211 10 1 8 3 1 6
20120211 11 1 4 7 1 4
20120216 1 3 4 7 0 0
20120216 2 1 4 2 0 0
20120216 3 3 2 5 0 0
20120216 4 3 1 2 0 0
20120216 5 2 3 5 0 0
20120216 6 2 3 5 0 0
20120216 7 1 2 3 0 0
20120217 1 4 1 2 0 0
20120217 2 5 2 3 0 0
20120217 3 1 5 2 0 0
20120217 4 3 7 2 0 0
20120217 5 3 5 1 0 0
20120217 6 1 7 4 0 0
20120217 7 2 5 7 0 0
20120224 1 3 5 2 0 0
20120224 2 4 1 2 0 0
20120224 3 3 5 7 0 0
20120224 4 2 3 7 0 0
20120224 5 1 7 3 0 0
20120224 6 7 2 5 5 2
20120224 7 3 7 5 3 5
20120224 8 9 2 1 6 2
20120224 9 6 3 4 5 3
20120224 10 7 1 9 5 1
20120224 11 1 2 9 1 2
20120225 1 2 1 5 0 0
20120225 2 7 2 1 0 0
20120225 3 2 5 6 0 0
20120225 4 3 4 7 0 0
20120225 5 2 1 6 0 0
20120225 6 2 4 1 2 4
20120225 7 2 7 1 2 5
20120225 8 2 5 6 2 4
20120225 9 9 7 3 6 5
20120225 10 8 3 9 6 3
20120225 11 5 8 2 4 6
20120226 1 3 1 7 0 0
20120226 2 2 1 3 0 0
20120226 3 5 6 1 0 0
20120226 4 2 3 5 0 0
20120226 5 3 4 7 0 0
20120226 6 2 5 3 2 4
20120226 7 7 4 1 5 4
20120226 8 1 9 6 1 6
20120226 9 2 6 5 2 5
20120226 10 2 3 8 2 3
20120226 11 5 8 2 4 6
20120301 1 1 2 6 0 0
20120301 2 3 1 2 0 0
20120301 3 3 2 5 0 0
20120301 4 2 7 4 0 0
20120301 5 5 7 2 0 0
20120301 6 2 3 7 0 0
20120301 7 1 3 7 0 0
20120302 1 2 5 1 0 0
20120302 2 4 1 3 0 0
20120302 3 2 1 7 0 0
20120302 4 6 1 2 0 0
20120302 5 3 7 1 0 0
20120302 6 1 6 5 0 0
20120302 7 5 1 2 0 0
20120307 1 7 1 4 5 1
20120307 2 1 4 9 1 4
20120307 3 1 7 9 1 5
20120307 4 8 7 2 6 5
20120307 5 3 7 4 3 5
20120307 6 1 9 4 1 6
20120307 7 7 3 5 5 3
20120307 8 2 1 3 2 1
20120307 9 2 9 1 2 6
20120307 10 3 8 1 3 6
20120307 11 1 5 3 1 4
20120307 12 4 9 7 4 6
20120308 1 1 7 9 1 5
20120308 2 9 1 7 6 1
20120308 3 3 9 6 3 6
20120308 4 9 1 3 6 1
20120308 5 4 3 5 4 3
20120308 6 2 7 5 2 5
20120308 7 9 3 2 6 3
20120308 8 5 1 9 4 1
20120308 9 1 4 7 1 4
20120308 10 3 7 5 3 5
20120308 11 2 7 1 2 5
20120308 12 8 2 5 6 2
20120309 1 2 8 3 2 6
20120309 2 3 1 5 3 1
20120309 3 1 4 2 1 4
20120309 4 2 9 4 2 6
20120309 5 3 2 4 3 2
20120309 6 1 9 2 1 6
20120309 7 9 2 7 6 2
20120309 8 3 1 7 3 1
20120309 9 9 1 5 6 1
20120309 10 8 2 5 6 2
20120309 11 1 9 6 1 6
20120309 12 8 1 3 6 1
20120315 1 3 4 5 0 0
20120315 2 1 7 2 0 0
20120315 3 1 3 5 0 0
20120315 4 3 7 1 0 0
20120315 5 1 7 2 0 0
20120315 6 2 4 7 0 0
20120315 7 3 1 4 0 0
20120316 1 3 4 1 0 0
20120316 2 2 3 1 0 0
20120316 3 3 7 2 0 0
20120316 4 3 2 1 0 0
20120316 5 2 6 7 0 0
20120316 6 3 2 1 0 0
20120316 7 7 1 6 0 0
20120329 1 2 5 7 2 4
20120329 2 5 9 1 4 6
20120329 3 4 3 5 4 3
20120329 4 2 3 5 2 3
20120329 5 7 4 2 5 4
20120329 6 3 9 6 3 6
20120329 7 1 9 7 1 6
20120329 8 2 7 9 2 5
20120329 9 2 7 5 2 5
20120329 10 3 9 1 3 6
20120329 11 1 9 3 1 6
20120329 12 1 3 5 1 3
20120330 1 3 2 1 3 2
20120330 2 2 1 9 2 1
20120330 3 9 2 5 6 2
20120330 4 9 8 3 6 6
20120330 5 7 3 4 5 3
20120330 6 1 3 4 1 3
20120330 7 2 4 6 2 4
20120330 8 2 5 1 2 4
20120330 9 2 6 1 2 5
20120330 10 3 6 8 3 5
20120330 11 2 4 8 2 4
20120330 12 9 3 4 6 3
20120331 1 5 1 2 4 1
20120331 2 7 3 9 5 3
20120331 3 8 1 9 6 1
20120331 4 5 3 7 4 3
20120331 5 3 5 9 3 4
20120331 6 7 2 9 5 2
20120331 7 3 1 9 3 1
20120331 8 5 1 2 4 1
20120331 9 3 4 5 3 4
20120331 10 3 5 7 3 4
20120331 11 2 1 3 2 1
20120331 12 1 5 8 1 4
20120405 1 1 5 2 0 0
20120405 2 3 4 2 0 0
20120405 3 2 5 7 0 0
20120405 4 2 7 4 0 0
20120405 5 1 2 4 0 0
20120405 6 8 5 1 6 4
20120405 7 1 9 5 1 6
20120405 8 5 3 9 4 3
20120405 9 1 5 7 1 4
20120405 10 3 2 1 3 2
20120405 11 7 8 3 5 6
20120406 1 3 7 4 0 0
20120406 2 1 2 3 0 0
20120406 3 2 5 4 0 0
20120406 4 3 1 7 0 0
20120406 5 3 2 1 0 0
20120406 6 2 9 4 2 6
20120406 7 1 7 9 1 5
20120406 8 3 8 2 3 6
20120406 9 5 2 1 4 2
20120406 10 2 9 4 2 6
20120406 11 1 2 3 1 2
20120407 1 3 1 6 0 0
20120407 2 2 5 7 0 0
20120407 3 1 4 2 0 0
20120407 4 1 5 3 0 0
20120407 5 5 2 1 0 0
20120407 6 1 2 4 1 2
20120407 7 2 9 5 2 6
20120407 8 7 2 5 5 2
20120407 9 5 4 7 4 4
20120407 10 9 2 4 6 2
20120407 11 3 8 9 3 6
20120419 1 1 5 4 0 0
20120419 2 2 7 3 0 0
20120419 3 1 3 4 0 0
20120419 4 2 7 3 0 0
20120419 5 3 7 1 0 0
20120419 6 2 1 5 0 0
20120419 7 1 2 4 0 0
20120420 1 1 5 3 0 0
20120420 2 1 7 6 0 0
20120420 3 5 2 1 0 0
20120420 4 3 1 2 0 0
20120420 5 5 3 4 0 0
20120420 6 1 7 3 0 0
20120420 7 7 1 2 0 0
20120512 1 5 1 3 4 1
20120512 2 9 1 5 6 1
20120512 3 5 4 9 4 4
20120512 4 9 2 4 6 2
20120512 5 2 1 4 2 1
20120512 6 4 2 7 4 2
20120512 7 9 2 4 6 2
20120512 8 2 7 6 2 5
20120512 9 1 4 3 1 4
20120512 10 2 9 6 2 6
20120512 11 2 6 4 2 5
20120513 1 5 1 9 4 1
20120513 2 2 9 1 2 6
20120513 3 5 3 8 4 3
20120513 4 2 5 3 2 4
20120513 5 3 6 1 3 5
20120513 6 3 5 7 3 4
20120513 7 3 6 1 3 5
20120513 8 1 9 7 1 6
20120513 9 9 1 3 6 1
20120513 10 9 5 4 6 4
20120513 11 3 6 7 3 5
20120517 1 3 5 2 0 0
20120517 2 5 1 3 0 0
20120517 3 2 3 1 0 0
20120517 4 2 7 5 0 0
20120517 5 3 1 7 0 0
20120517 6 1 5 2 0 0
20120517 7 1 5 2 0 0
20120518 1 2 7 3 0 0
20120518 2 1 3 7 0 0
20120518 3 2 3 6 0 0
20120518 4 2 5 1 0 0
20120518 5 2 6 7 0 0
20120518 6 3 1 5 0 0
20120518 7 2 7 6 0 0
20120522 1 3 9 8 3 6
20120522 2 2 3 4 2 3
20120522 3 7 3 1 5 3
20120522 4 2 3 9 2 3
20120522 5 1 5 6 1 4
20120522 6 2 6 8 2 5
20120522 7 1 7 2 1 5
20120522 8 1 5 7 1 4
20120522 9 3 5 1 3 4
20120522 10 3 1 6 3 1
20120522 11 2 3 9 2 3
20120522 12 2 1 9 2 1
20120523 1 3 4 2 3 4
20120523 2 7 1 3 5 1
20120523 3 2 3 5 2 3
20120523 4 1 9 4 1 6
20120523 5 7 3 2 5 3
20120523 6 1 5 7 1 4
20120523 7 1 4 5 1 4
20120523 8 5 9 3 4 6
20120523 9 3 9 4 3 6
20120523 10 7 9 2 5 6
20120523 11 5 2 7 4 2
20120523 12 1 5 9 1 4
20120524 1 1 5 2 1 4
20120524 2 3 9 7 3 6
20120524 3 3 1 5 3 1
20120524 4 7 1 9 5 1
20120524 5 6 8 7 5 6
20120524 6 1 4 8 1 4
20120524 7 6 3 7 5 3
20120524 8 3 7 5 3 5
20120524 9 9 4 8 6 4
20120524 10 5 1 3 4 1
20120524 11 3 4 5 3 4
20120524 12 9 3 1 6 3
20120525 1 1 5 2 1 4
20120525 2 3 1 5 3 1
20120525 3 2 9 3 2 6
20120525 4 3 2 9 3 2
20120525 5 3 4 1 3 4
20120525 6 3 5 2 3 4
20120525 7 2 7 8 2 5
20120525 8 1 3 9 1 3
20120525 9 2 3 7 2 3
20120525 10 1 7 3 1 5
20120525 11 2 9 1 2 6
20120525 12 1 7 2 1 5
20120531 1 2 7 5 0 0
20120531 2 3 7 1 0 0
20120531 3 2 7 5 0 0
20120531 4 1 3 2 0 0
20120531 5 3 2 5 0 0
20120531 6 5 7 6 0 0
20120531 7 1 4 3 0 0
20120601 1 4 6 5 0 0
20120601 2 1 5 2 0 0
20120601 3 2 3 5 0 0
20120601 4 6 3 4 0 0
20120601 5 1 6 4 0 0
20120601 6 5 2 1 0 0
20120601 7 5 7 2 0 0
20120610 1 1 6 3 0 0
20120610 2 3 2 4 0 0
20120610 3 7 1 6 0 0
20120610 4 2 7 4 0 0
20120610 5 3 7 6 0 0
20120610 6 2 8 7 2 6
20120610 7 1 5 9 1 4
20120610 8 2 3 1 2 3
20120610 9 2 5 1 2 4
20120610 10 3 2 4 3 2
20120610 11 1 4 9 1 4
20120611 1 1 2 5 0 0
20120611 2 3 5 4 0 0
20120611 3 1 7 2 0 0
20120611 4 1 5 6 0 0
20120611 5 2 1 3 0 0
20120611 6 2 1 9 2 1
20120611 7 1 2 7 1 2
20120611 8 2 9 1 2 6
20120611 9 1 8 2 1 6
20120611 10 1 8 4 1 6
20120611 11 2 1 9 2 1
20120612 1 5 3 1 0 0
20120612 2 1 3 5 0 0
20120612 3 1 4 5 0 0
20120612 4 2 7 3 0 0
20120612 5 3 5 1 0 0
20120612 6 8 2 5 6 2
20120612 7 9 2 7 6 2
20120612 8 7 9 5 5 6
20120612 9 7 2 4 5 2
20120612 10 2 1 9 2 1
20120612 11 1 7 3 1 5
20120717 1 3 1 7 3 1
20120717 2 5 1 2 4 1
20120717 3 2 3 8 2 3
20120717 4 2 7 6 2 5
20120717 5 1 3 9 1 3
20120717 6 2 9 4 2 6
20120717 7 5 1 3 4 1
20120717 8 7 3 9 5 3
20120717 9 2 9 4 2 6
20120717 10 3 2 4 3 2
20120717 11 3 1 4 3 1
20120718 1 2 9 7 2 6
20120718 2 1 2 6 1 2
20120718 3 3 9 1 3 6
20120718 4 5 2 7 4 2
20120718 5 7 3 5 5 3
20120718 6 9 3 5 6 3
20120718 7 3 7 5 3 5
20120718 8 7 3 5 5 3
20120718 9 2 8 7 2 6
20120718 10 3 6 1 3 5
20120718 11 1 3 9 1 3
20120719 1 8 1 9 6 1
20120719 2 6 1 2 5 1
20120719 3 8 1 4 6 1
20120719 4 2 6 3 2 5
20120719 5 9 5 8 6 4
20120719 6 3 1 4 3 1
20120719 7 2 3 7 2 3
20120719 8 1 2 9 1 2
20120719 9 2 5 4 2 4
20120719 10 2 9 3 2 6
20120719 11 2 3 1 2 3
20120725 1 4 7 2 0 0
20120725 2 1 3 2 0 0
20120725 3 5 2 6 0 0
20120725 4 2 5 4 0 0
20120725 5 2 1 3 0 0
20120725 6 2 8 7 2 6
20120725 7 3 9 6 3 6
20120725 8 2 7 6 2 5
20120725 9 5 3 8 4 3
20120725 10 9 4 3 6 4
20120725 11 9 1 3 6 1
20120726 1 2 4 7 0 0
20120726 2 2 3 1 0 0
20120726 3 3 5 6 0 0
20120726 4 1 4 2 0 0
20120726 5 1 3 5 0 0
20120726 6 7 1 9 5 1
20120726 7 3 6 9 3 5
20120726 8 2 9 7 2 6
20120726 9 3 7 4 3 5
20120726 10 2 8 7 2 6
20120726 11 7 2 8 5 2
20120727 1 3 5 4 0 0
20120727 2 7 3 2 0 0
20120727 3 2 7 1 0 0
20120727 4 7 5 2 0 0
20120727 5 1 5 2 0 0
20120727 6 5 3 1 4 3
20120727 7 3 7 8 3 5
20120727 8 7 1 2 5 1
20120727 9 2 4 1 2 4
20120727 10 2 1 8 2 1
20120727 11 1 3 8 1 3
20120817 1 6 2 1 0 0
20120817 2 2 5 7 0 0
20120817 3 7 3 2 0 0
20120817 4 1 5 7 0 0
20120817 5 2 7 3 0 0
20120817 6 4 5 1 4 4
20120817 7 2 7 9 2 5
20120817 8 5 2 7 4 2
20120817 9 3 9 5 3 6
20120817 10 2 3 7 2 3
20120817 11 1 3 5 1 3
20120818 1 7 1 2 0 0
20120818 2 1 7 3 0 0
20120818 3 2 3 7 0 0
20120818 4 2 7 5 0 0
20120818 5 3 5 2 0 0
20120818 6 3 5 7 3 4
20120818 7 1 7 5 1 5
20120818 8 5 4 2 4 4
20120818 9 2 9 3 2 6
20120818 10 7 2 1 5 2
20120818 11 7 3 9 5 3
20120819 1 3 2 4 0 0
20120819 2 1 5 2 0 0
20120819 3 5 3 7 0 0
20120819 4 2 3 7 0 0
20120819 5 2 1 3 0 0
20120819 6 2 7 5 2 5
20120819 7 3 9 5 3 6
20120819 8 2 1 9 2 1
20120819 9 3 1 7 3 1
20120819 10 1 3 2 1 3
20120819 11 2 4 8 2 4
20120829 1 1 9 2 1 6
20120829 2 5 9 7 4 6
20120829 3 1 7 3 1 5
20120829 4 7 3 8 5 3
20120829 5 3 7 5 3 5
20120829 6 2 9 3 2 6
20120829 7 5 2 4 4 2
20120829 8 2 9 6 2 6
20120829 9 3 7 9 3 5
20120829 10 1 2 9 1 2
20120829 11 2 8 3 2 6
20120830 1 2 1 9 2 1
20120830 2 3 8 9 3 6
20120830 3 2 7 8 2 5
20120830 4 3 1 6 3 1
20120830 5 2 9 5 2 6
20120830 6 4 2 7 4 2
20120830 7 3 1 9 3 1
20120830 8 1 7 4 1 5
20120830 9 5 1 7 4 1
20120830 10 2 7 8 2 5
20120830 11 3 5 4 3 4
20120831 1 9 7 1 6 5
20120831 2 9 1 3 6 1
20120831 3 2 5 6 2 4
20120831 4 3 7 5 3 5
20120831 5 5 3 8 4 3
20120831 6 5 2 7 4 2
20120831 7 3 2 9 3 2
20120831 8 1 3 5 1 3
20120831 9 1 5 7 1 4
20120831 10 2 3 5 2 3
20120831 11 7 2 3 5 2
20120913 1 5 2 1 4 2
20120913 2 5 3 8 4 3
20120913 3 3 9 4 3 6
20120913 4 7 1 5 5 1
20120913 5 6 9 2 5 6
20120913 6 1 4 3 1 4
20120913 7 5 1 7 4 1
20120913 8 2 1 7 2 1
20120913 9 9 1 5 6 1
20120913 10 3 8 1 3 6
20120913 11 4 3 8 4 3
20120914 1 1 4 3 1 4
20120914 2 8 3 7 6 3
20120914 3 5 2 1 4 2
20120914 4 7 9 1 5 6
20120914 5 1 8 2 1 6
20120914 6 4 2 1 4 2
20120914 7 5 2 1 4 2
20120914 8 2 5 3 2 4
20120914 9 8 1 3 6 1
20120914 10 4 5 9 4 4
20120915 1 7 4 8 5 4
20120915 2 7 6 2 5 5
20120915 3 8 3 9 6 3
20120915 4 2 3 7 2 3
20120915 5 1 9 5 1 6
20120915 6 2 5 3 2 4
20120915 7 9 5 3 6 4
20120915 8 5 3 7 4 3
20120915 9 2 1 3 2 1
20120915 10 1 3 9 1 3
20120915 11 9 7 3 6 5
20120916 1 8 5 7 6 4
20120916 2 1 5 4 1 4
20120916 3 6 1 9 5 1
20120916 4 1 8 9 1 6
20120916 5 9 6 3 6 5
20120916 6 6 3 4 5 3
20120916 7 4 9 1 4 6
20120916 8 2 3 6 2 3
20120916 9 1 9 5 1 6
20120916 10 5 3 6 4 3
20120916 11 7 9 1 5 6
20120917 1 5 1 6 4 1
20120917 2 4 2 3 4 2
20120917 3 7 4 3 5 4
20120917 4 1 7 9 1 5
20120917 5 2 1 9 2 1
20120917 6 2 5 7 2 4
20120917 7 7 1 9 5 1
20120917 8 6 1 5 5 1
20120917 9 3 1 9 3 1
20120917 10 2 9 7 2 6
20120917 11 5 9 4 4 6
20121003 1 5 1 6 0 0
20121003 2 1 3 7 0 0
20121003 3 2 7 3 0 0
20121003 4 1 3 7 0 0
20121003 5 5 1 4 0 0
20121003 6 1 5 3 1 4
20121003 7 3 5 4 3 4
20121003 8 3 7 8 3 5
20121003 9 3 2 1 3 2
20121003 10 5 2 1 4 2
20121003 11 7 5 3 5 4
20121004 1 3 5 7 0 0
20121004 2 3 7 5 0 0
20121004 3 2 4 6 0 0
20121004 4 3 7 1 0 0
20121004 5 5 1 7 0 0
20121004 6 9 2 5 6 2
20121004 7 1 9 5 1 6
20121004 8 5 9 3 4 6
20121004 9 9 5 7 6 4
20121004 10 9 2 4 6 2
20121004 11 3 1 7 3 1
20121005 1 5 3 2 0 0
20121005 2 2 5 1 0 0
20121005 3 3 2 6 0 0
20121005 4 7 1 3 0 0
20121005 5 7 2 4 0 0
20121005 6 3 5 2 3 4
20121005 7 9 2 5 6 2
20121005 8 2 3 1 2 3
20121005 9 5 3 7 4 3
20121005 10 7 5 2 5 4
20121005 11 7 3 9 5 3
20121018 1 7 1 6 0 0
20121018 2 3 5 7 0 0
20121018 3 7 4 3 0 0
20121018 4 1 5 6 0 0
20121018 5 1 7 2 0 0
20121018 6 3 5 9 3 4
20121018 7 1 9 2 1 6
20121018 8 7 2 8 5 2
20121018 9 7 3 1 5 3
20121018 10 3 7 9 3 5
20121018 11 9 2 6 6 2
20121019 1 3 2 5 0 0
20121019 2 7 5 4 0 0
20121019 3 5 1 3 0 0
20121019 4 3 2 5 0 0
20121019 5 1 3 2 0 0
20121019 6 1 3 5 1 3
20121019 7 7 5 9 5 4
20121019 8 7 1 2 5 1
20121019 9 9 7 2 6 5
20121019 10 1 5 2 1 4
20121019 11 1 3 2 1 3
20121020 1 2 5 1 0 0
20121020 2 2 7 5 0 0
20121020 3 1 2 5 0 0
20121020 4 2 3 6 0 0
20121020 5 2 5 1 0 0
20121020 6 5 9 2 4 6
20121020 7 9 4 2 6 4
20121020 8 9 8 4 6 6
20121020 9 7 2 5 5 2
20121020 10 9 7 2 6 5
20121020 11 2 9 5 2 6
20121105 1 7 5 2 5 4
20121105 2 7 3 1 5 3
20121105 3 2 5 1 2 4
20121105 4 5 1 3 4 1
20121105 5 8 1 2 6 1
20121105 6 4 8 1 4 6
20121105 7 5 8 9 4 6
20121105 8 1 5 3 1 4
20121105 9 2 1 5 2 1
20121105 10 1 7 4 1 5
20121105 11 9 3 1 6 3
20121106 1 2 5 9 2 4
20121106 2 9 5 1 6 4
20121106 3 9 3 6 6 3
20121106 4 3 4 1 3 4
20121106 5 8 5 1 6 4
20121106 6 2 4 1 2 4
20121106 7 1 5 2 1 4
20121106 8 1 4 3 1 4
20121106 9 1 2 3 1 2
20121106 10 7 1 5 5 1
20121106 11 5 1 6 4 1
20121107 1 3 7 9 3 5
20121107 2 7 5 2 5 4
20121107 3 7 2 6 5 2
20121107 4 2 3 9 2 3
20121107 5 4 7 2 4 5
20121107 6 3 7 1 3 5
20121107 7 3 2 7 3 2
20121107 8 3 1 7 3 1
20121107 9 3 5 6 3 4
20121107 10 2 7 3 2 5
20121107 11 2 9 5 2 6
20121108 1 3 4 7 3 4
20121108 2 2 4 1 2 4
20121108 3 3 5 7 3 4
20121108 4 1 7 2 1 5
20121108 5 3 5 2 3 4
20121108 6 4 7 1 4 5
20121108 7 1 9 7 1 6
20121108 8 1 8 2 1 6
20121108 9 5 2 9 4 2
20121108 10 1 2 6 1 2
20121108 11 3 5 7 3 4
20121203 1 1 3 5 0 0
20121203 2 2 7 4 0 0
20121203 3 7 1 2 0 0
20121203 4 5 2 1 0 0
20121203 5 2 3 1 0 0
20121203 6 2 4 9 2 4
20121203 7 5 3 9 4 3
20121203 8 5 9 3 4 6
20121203 9 7 6 3 5 5
20121203 10 8 5 7 6 4
20121203 11 2 7 8 2 5
20121204 1 7 3 4 0 0
20121204 2 5 3 1 0 0
20121204 3 0 0 0 0 0
20121204 4 1 7 2 0 0
20121204 5 7 1 4 0 0
20121204 6 9 5 2 6 4
20121204 7 6 3 2 5 3
20121204 8 9 2 3 6 2
20121204 9 9 7 5 6 5
20121204 10 7 3 6 5 3
20121204 11 2 9 4 2 6
20121205 1 2 5 1 0 0
20121205 2 2 6 7 0 0
20121205 3 5 4 2 0 0
20121205 4 7 5 2 0 0
20121205 5 2 3 7 0 0
20121205 6 1 7 5 1 5
20121205 7 5 9 6 4 6
20121205 8 6 9 4 5 6
20121205 9 9 5 3 6 4
20121205 10 5 8 4 4 6
20121205 11 6 3 1 5 3
20121220 1 1 5 4 0 0
20121220 2 7 1 5 0 0
20121220 3 1 5 7 0 0
20121220 4 1 2 7 0 0
20121220 5 3 2 1 0 0
20121220 6 7 5 2 0 0
20121220 7 5 1 2 0 0
20121221 1 2 6 3 0 0
20121221 2 2 7 6 0 0
20121221 3 7 1 2 0 0
20121221 4 2 7 5 0 0
20121221 5 1 7 3 0 0
20121221 6 5 7 4 0 0
20121221 7 4 7 2 0 0
20121225 1 3 2 9 3 2
20121225 2 1 3 8 1 3
20121225 3 4 9 7 4 6
20121225 4 9 3 2 6 3
20121225 5 3 2 9 3 2
20121225 6 3 9 4 3 6
20121225 7 2 3 7 2 3
20121225 8 1 7 4 1 5
20121225 9 9 1 2 6 1
20121225 10 2 9 7 2 6
20121225 11 7 5 2 5 4
20121226 1 9 3 1 6 3
20121226 2 7 8 5 5 6
20121226 3 2 1 5 2 1
20121226 4 7 1 4 5 1
20121226 5 2 3 5 2 3
20121226 6 9 1 7 6 1
20121226 7 6 3 2 5 3
20121226 8 4 3 7 4 3
20121226 9 1 9 7 1 6
20121226 10 3 7 9 3 5
20121226 11 2 1 9 2 1
20121227 1 3 9 4 3 6
20121227 2 4 3 2 4 3
20121227 3 7 1 4 5 1
20121227 4 5 1 7 4 1
20121227 5 2 3 1 2 3
20121227 6 3 9 1 3 6
20121227 7 9 2 6 6 2
20121227 8 9 5 7 6 4
20121227 9 3 5 9 3 4
20121227 10 2 9 3 2 6
20121227 11 2 4 9 2 4
20130102 1 2 1 3 0 0
20130102 2 3 5 7 0 0
20130102 3 7 3 1 0 0
20130102 4 2 7 4 0 0
20130102 5 7 3 4 0 0
20130102 6 6 7 4 5 5
20130102 7 9 2 5 6 2
20130102 8 5 2 1 4 2
20130102 9 9 3 1 6 3
20130102 10 6 8 2 5 6
20130102 11 7 5 9 5 4
20130103 1 3 1 2 0 0
20130103 2 7 5 2 0 0
20130103 3 7 5 1 0 0
20130103 4 5 7 2 0 0
20130103 5 3 7 6 0 0
20130103 6 5 3 1 4 3
20130103 7 8 1 5 6 1
20130103 8 1 9 4 1 6
20130103 9 6 2 1 5 2
20130103 10 8 7 2 6 5
20130103 11 3 1 7 3 1
20130104 1 2 1 3 0 0
20130104 2 4 7 1 0 0
20130104 3 5 7 2 0 0
20130104 4 1 4 3 0 0
20130104 5 2 4 6 0 0
20130104 6 7 3 2 5 3
20130104 7 5 3 2 4 3
20130104 8 8 9 5 6 6
20130104 9 9 1 5 6 1
20130104 10 5 3 1 4 3
20130104 11 6 5 8 5 4
20130116 1 7 2 1 0 0
20130116 2 3 1 5 0 0
20130116 3 2 1 7 0 0
20130116 4 5 3 2 0 0
20130116 5 3 7 1 0 0
20130116 6 7 1 9 5 1
20130116 7 4 9 1 4 6
20130116 8 9 7 8 6 5
20130116 9 7 3 4 5 3
20130116 10 2 9 6 2 6
20130116 11 2 7 6 2 5
20130117 1 7 3 1 0 0
20130117 2 2 3 1 0 0
20130117 3 7 1 2 0 0
20130117 4 1 3 5 0 0
20130117 5 3 4 2 0 0
20130117 6 7 1 8 5 1
20130117 7 9 3 5 6 3
20130117 8 7 8 2 5 6
20130117 9 9 7 6 6 5
20130117 10 7 2 6 5 2
20130117 11 1 3 2 1 3
20130118 1 5 6 3 0 0
20130118 2 1 7 5 0 0
20130118 3 5 7 2 0 0
20130118 4 3 2 7 0 0
20130118 5 2 1 4 0 0
20130118 6 2 9 1 2 6
20130118 7 9 1 4 6 1
20130118 8 2 5 9 2 4
20130118 9 2 5 1 2 4
20130118 10 1 9 5 1 6
20130118 11 7 4 2 5 4
20130204 1 3 1 5 0 0
20130204 2 2 5 4 0 0
20130204 3 7 5 1 0 0
20130204 4 5 2 3 0 0
20130204 5 1 4 7 0 0
20130204 6 7 3 1 5 3
20130204 7 1 7 9 1 5
20130204 8 5 1 9 4 1
20130204 9 1 9 7 1 6
20130204 10 4 8 2 4 6
20130204 11 8 2 1 6 2
20130205 1 7 3 4 0 0
20130205 2 7 1 5 0 0
20130205 3 5 1 7 0 0
20130205 4 7 3 5 0 0
20130205 5 5 1 7 0 0
20130205 6 9 1 4 6 1
20130205 7 7 2 9 5 2
20130205 8 1 6 5 1 5
20130205 9 3 9 2 3 6
20130205 10 1 5 7 1 4
20130205 11 9 2 3 6 2
20130206 1 2 3 5 0 0
20130206 2 3 5 7 0 0
20130206 3 7 2 5 0 0
20130206 4 1 5 2 0 0
20130206 5 1 7 2 0 0
20130206 6 9 5 4 6 4
20130206 7 2 1 6 2 1
20130206 8 2 9 4 2 6
20130206 9 4 1 5 4 1
20130206 10 3 8 7 3 6
20130206 11 1 4 9 1 4
20130211 1 3 1 5 0 0
20130211 2 7 3 1 0 0
20130211 3 7 1 3 0 0
20130211 4 3 1 2 0 0
20130211 5 1 7 5 0 0
20130211 6 1 7 4 0 0
20130211 7 2 5 3 0 0
20130212 1 1 4 7 0 0
20130212 2 1 7 6 0 0
20130212 3 5 3 1 0 0
20130212 4 3 7 2 0 0
20130212 5 1 7 3 0 0
20130212 6 5 1 7 0 0
20130212 7 7 2 1 0 0
20130220 1 9 5 7 6 4
20130220 2 7 5 9 5 4
20130220 3 1 2 9 1 2
20130220 4 3 4 7 3 4
20130220 5 1 8 9 1 6
20130220 6 8 1 2 6 1
20130220 7 1 9 7 1 6
20130220 8 4 2 9 4 2
20130220 9 2 3 7 2 3
20130220 10 3 5 7 3 4
20130220 11 8 2 5 6 2
20130221 1 1 2 6 1 2
20130221 2 9 5 7 6 4
20130221 3 1 7 9 1 5
20130221 4 3 2 9 3 2
20130221 5 3 1 5 3 1
20130221 6 3 1 5 3 1
20130221 7 7 8 4 5 6
20130221 8 9 7 8 6 5
20130221 9 5 2 3 4 2
20130221 10 1 3 9 1 3
20130221 11 9 2 3 6 2
20130222 1 1 5 3 1 4
20130222 2 9 3 6 6 3
20130222 3 6 3 5 5 3
20130222 4 3 2 6 3 2
20130222 5 4 7 3 4 5
20130222 6 8 4 1 6 4
20130222 7 4 2 9 4 2
20130222 8 8 9 1 6 6
20130222 9 5 7 2 4 5
20130222 10 5 3 2 4 3
20130222 11 1 6 4 1 5
20130304 1 5 1 2 0 0
20130304 2 7 2 5 0 0
20130304 3 1 5 3 0 0
20130304 4 1 5 2 0 0
20130304 5 3 5 2 0 0
20130304 6 9 3 7 6 3
20130304 7 5 2 1 4 2
20130304 8 7 5 2 5 4
20130304 9 9 3 1 6 3
20130304 10 1 3 9 1 3
20130304 11 8 9 6 6 6
20130305 1 7 2 1 0 0
20130305 2 1 3 7 0 0
20130305 3 7 1 3 0 0
20130305 4 2 5 7 0 0
20130305 5 7 5 3 0 0
20130305 6 3 5 9 3 4
20130305 7 7 9 3 5 6
20130305 8 4 7 2 4 5
20130305 9 2 7 8 2 5
20130305 10 7 3 1 5 3
20130305 11 3 4 8 3 4
20130306 1 7 5 6 0 0
20130306 2 1 3 7 0 0
20130306 3 3 1 7 0 0
20130306 4 1 7 5 0 0
20130306 5 5 2 7 0 0
20130306 6 2 3 4 2 3
20130306 7 3 1 7 3 1
20130306 8 7 2 3 5 2
20130306 9 4 7 3 4 5
20130306 10 5 7 1 4 5
20130306 11 1 2 9 1 2
20130426 1 7 2 1 0 0
20130426 2 7 4 2 0 0
20130426 3 1 3 7 0 0
20130426 4 7 5 2 0 0
20130426 5 5 1 3 0 0
20130426 6 5 2 7 0 0
20130426 7 7 6 4 0 0
20130426 8 3 5 6 3 4
20130426 9 5 9 4 4 6
20130426 10 2 1 7 2 1
20130426 11 8 1 4 6 1
20130426 12 7 6 1 5 5
20130427 1 3 5 2 0 0
20130427 2 1 4 7 0 0
20130427 3 7 1 3 0 0
20130427 4 3 4 1 0 0
20130427 5 5 7 1 0 0
20130427 6 1 2 3 0 0
20130427 7 4 2 5 0 0
20130427 8 5 3 7 4 3
20130427 9 7 8 2 5 6
20130427 10 6 5 2 5 4
20130427 11 3 5 1 3 4
20130427 12 9 1 2 6 1
20130428 1 2 5 1 0 0
20130428 2 7 5 3 0 0
20130428 3 1 5 6 0 0
20130428 4 1 2 7 0 0
20130428 5 1 2 3 0 0
20130428 6 5 1 3 0 0
20130428 7 1 3 5 0 0
20130428 8 2 4 8 2 4
20130428 9 2 4 9 2 4
20130428 10 7 9 4 5 6
20130428 11 2 7 5 2 5
20130428 12 6 5 1 5 4
20130502 1 5 3 1 0 0
20130502 2 1 7 4 0 0
20130502 3 2 3 1 0 0
20130502 4 1 3 5 0 0
20130502 5 2 5 1 0 0
20130502 6 7 1 5 0 0
20130502 7 1 3 4 0 0
20130503 1 1 5 7 0 0
20130503 2 2 4 3 0 0
20130503 3 3 2 6 0 0
20130503 4 2 5 3 0 0
20130503 5 5 2 7 0 0
20130503 6 3 1 7 0 0
20130503 7 6 7 3 0 0
20130513 1 1 9 4 1 6
20130513 2 1 2 3 1 2
20130513 3 3 5 6 3 4
20130513 4 9 1 5 6 1
20130513 5 9 3 1 6 3
20130513 6 3 2 1 3 2
20130513 7 9 5 1 6 4
20130513 8 2 5 3 2 4
20130513 9 5 2 9 4 2
20130513 10 5 1 9 4 1
20130513 11 3 5 7 3 4
20130514 1 8 6 2 6 5
20130514 2 2 3 9 2 3
20130514 3 5 7 2 4 5
20130514 4 1 5 9 1 4
20130514 5 1 9 2 1 6
20130514 6 9 3 2 6 3
20130514 7 5 2 1 4 2
20130514 8 9 1 7 6 1
20130514 9 3 1 7 3 1
20130514 10 7 3 9 5 3
20130514 11 4 6 8 4 5
20130515 1 1 3 5 1 3
20130515 2 3 9 5 3 6
20130515 3 3 9 5 3 6
20130515 4 1 5 3 1 4
20130515 5 1 9 2 1 6
20130515 6 2 8 1 2 6
20130515 7 9 1 4 6 1
20130515 8 3 7 1 3 5
20130515 9 9 7 1 6 5
20130515 10 1 7 2 1 5
20130515 11 3 1 9 3 1
20130522 1 1 7 3 0 0
20130522 2 2 7 1 0 0
20130522 3 5 4 1 0 0
20130522 4 2 3 1 0 0
20130522 5 3 1 2 0 0
20130522 6 3 9 7 3 6
20130522 7 1 3 4 1 3
20130522 8 7 3 5 5 3
20130522 9 9 5 3 6 4
20130522 10 9 1 3 6 1
20130523 1 7 3 6 0 0
20130523 2 5 3 1 0 0
20130523 3 1 7 2 0 0
20130523 4 5 3 1 0 0
20130523 5 1 3 7 0 0
20130523 6 3 1 9 3 1
20130523 7 1 6 2 1 5
20130523 8 5 1 2 4 1
20130523 9 5 9 2 4 6
20130523 10 1 3 9 1 3
20130524 1 5 3 1 0 0
20130524 2 1 5 6 0 0
20130524 3 7 4 3 0 0
20130524 4 1 5 7 0 0
20130524 5 2 7 3 0 0
20130524 6 9 2 3 6 2
20130524 7 1 2 9 1 2
20130524 8 5 9 2 4 6
20130524 9 5 2 8 4 2
20130524 10 4 8 7 4 6
20130607 1 3 5 2 0 0
20130607 2 3 5 2 0 0
20130607 3 7 2 4 0 0
20130607 4 5 1 4 0 0
20130607 5 1 5 7 0 0
20130607 6 9 1 5 6 1
20130607 7 7 9 5 5 6
20130607 8 9 3 6 6 3
20130607 9 3 1 4 3 1
20130607 10 5 1 2 4 1
20130608 1 7 5 1 0 0
20130608 2 7 3 1 0 0
20130608 3 2 3 7 0 0
20130608 4 7 6 3 0 0
20130608 5 7 5 1 0 0
20130608 6 1 3 9 1 3
20130608 7 1 4 6 1 4
20130608 8 8 9 2 6 6
20130608 9 9 5 7 6 4
20130608 10 1 3 8 1 3
20130609 1 5 3 2 0 0
20130609 2 7 5 3 0 0
20130609 3 2 3 4 0 0
20130609 4 5 1 3 0 0
20130609 5 1 5 4 0 0
20130609 6 5 2 9 4 2
20130609 7 2 4 8 2 4
20130609 8 7 1 9 5 1
20130609 9 5 1 8 4 1
20130609 10 7 1 2 5 1
20130620 1 3 7 1 0 0
20130620 2 3 5 1 0 0
20130620 3 3 1 4 0 0
20130620 4 1 5 6 0 0
20130620 5 3 5 2 0 0
20130620 6 3 7 1 0 0
20130620 7 7 1 4 0 0
20130621 1 3 5 6 0 0
20130621 2 3 1 5 0 0
20130621 3 3 2 4 0 0
20130621 4 3 5 1 0 0
20130621 5 1 5 3 0 0
20130621 6 4 3 5 0 0
20130621 7 3 1 7 0 0
20130628 1 2 9 5 2 6
20130628 2 1 9 4 1 6
20130628 3 2 5 9 2 4
20130628 4 2 4 5 2 4
20130628 5 3 9 5 3 6
20130628 6 3 7 2 3 5
20130628 7 8 1 7 6 1
20130628 8 1 9 3 1 6
20130628 9 3 1 7 3 1
20130628 10 1 9 2 1 6
20130628 11 5 4 7 4 4
20130629 1 3 4 8 3 4
20130629 2 7 5 2 5 4
20130629 3 2 4 7 2 4
20130629 4 3 6 5 3 5
20130629 5 2 9 3 2 6
20130629 6 3 7 5 3 5
20130629 7 7 1 3 5 1
20130629 8 7 3 6 5 3
20130629 9 3 4 9 3 4
20130629 10 9 1 6 6 1
20130629 11 8 9 5 6 6
20130630 1 9 7 6 6 5
20130630 2 3 1 8 3 1
20130630 3 1 7 2 1 5
20130630 4 7 1 6 5 1
20130630 5 2 7 8 2 5
20130630 6 2 1 6 2 1
20130630 7 2 7 8 2 5
20130630 8 9 5 1 6 4
20130630 9 4 6 2 0 0
20130630 10 1 8 4 1 6
20130630 11 5 1 8 4 1
20130630 12 4 1 8 4 1
20130701 1 7 8 1 5 6
20130701 2 5 2 3 4 2
20130701 3 4 6 9 4 5
20130701 4 1 3 5 1 3
20130701 5 5 8 1 4 6
20130701 6 5 1 4 4 1
20130701 7 3 9 4 3 6
20130701 8 1 3 7 1 3
20130701 9 5 2 3 4 2
20130701 10 3 9 7 3 6
20130701 11 3 9 4 3 6
20130711 1 3 4 1 0 0
20130711 2 3 7 2 0 0
20130711 3 2 7 3 0 0
20130711 4 7 3 4 0 0
20130711 5 3 1 2 0 0
20130711 6 5 3 1 0 0
20130711 7 7 3 6 0 0
20130712 1 2 3 4 0 0
20130712 2 1 4 3 0 0
20130712 3 7 4 1 0 0
20130712 4 6 4 5 0 0
20130712 5 2 1 7 0 0
20130712 6 7 5 2 0 0
20130712 7 7 3 2 0 0
20130717 1 9 2 3 6 2
20130717 2 2 5 3 2 4
20130717 3 2 1 3 2 1
20130717 4 5 9 1 4 6
20130717 5 7 2 6 5 2
20130717 6 8 1 9 6 1
20130717 7 5 9 2 4 6
20130717 8 7 3 2 5 3
20130717 9 1 3 7 1 3
20130717 10 5 2 7 4 2
20130717 11 7 4 9 5 4
20130718 1 3 9 7 3 6
20130718 2 2 7 1 2 5
20130718 3 8 3 9 6 3
20130718 4 1 3 7 1 3
20130718 5 9 5 7 6 4
20130718 6 5 1 3 4 1
20130718 7 1 8 2 1 6
20130718 8 8 2 9 6 2
20130718 9 5 4 8 4 4
20130718 10 2 3 8 2 3
20130718 11 3 7 2 3 5
20130719 1 3 9 8 3 6
20130719 2 9 5 1 6 4
20130719 3 9 1 3 6 1
20130719 4 7 1 8 5 1
20130719 5 1 7 8 1 5
20130719 6 9 7 5 6 5
20130719 7 1 5 4 1 4
20130719 8 7 4 2 5 4
20130719 9 2 4 3 2 4
20130719 10 9 7 3 6 5
20130719 11 3 4 6 3 4
20130801 1 1 3 5 0 0
20130801 2 2 7 1 0 0
20130801 3 7 2 1 0 0
20130801 4 5 3 2 0 0
20130801 5 1 5 4 0 0
20130801 6 7 2 4 5 2
20130801 7 7 9 1 5 6
20130801 8 5 9 2 4 6
20130801 9 3 5 2 3 4
20130801 10 5 8 7 4 6
20130802 1 2 5 3 0 0
20130802 2 1 7 5 0 0
20130802 3 2 7 1 0 0
20130802 4 5 2 1 0 0
20130802 5 7 2 5 0 0
20130802 6 7 2 9 5 2
20130802 7 5 3 9 4 3
20130802 8 5 7 3 4 5
20130802 9 3 7 9 3 5
20130802 10 3 1 7 3 1
20130803 1 7 3 1 0 0
20130803 2 2 1 3 0 0
20130803 3 5 1 2 0 0
20130803 4 6 3 2 0 0
20130803 5 1 4 3 0 0
20130803 6 5 3 9 4 3
20130803 7 1 9 5 1 6
20130803 8 7 3 8 5 3
20130803 9 3 5 7 3 4
20130803 10 4 2 7 4 2
20130828 1 1 3 7 0 0
20130828 2 1 5 2 0 0
20130828 3 1 2 3 0 0
20130828 4 1 7 2 0 0
20130828 5 5 1 7 0 0
20130828 6 1 2 9 1 2
20130828 7 7 5 9 5 4
20130828 8 9 7 4 6 5
20130828 9 5 9 1 4 6
20130828 10 3 1 7 3 1
20130829 1 2 7 5 0 0
20130829 2 3 6 4 0 0
20130829 3 3 7 5 0 0
20130829 4 3 5 2 0 0
20130829 5 1 2 5 0 0
20130829 6 9 3 7 6 3
20130829 7 6 4 2 5 4
20130829 8 7 3 2 5 3
20130829 9 7 5 3 5 4
20130829 10 7 1 9 5 1
20130830 1 7 3 1 0 0
20130830 2 2 7 4 0 0
20130830 3 3 5 6 0 0
20130830 4 7 4 2 0 0
20130830 5 5 6 3 0 0
20130830 6 5 2 7 4 2
20130830 7 5 3 6 4 3
20130830 8 2 9 3 2 6
20130830 9 1 9 5 1 6
20130830 10 7 5 3 5 4
20130909 1 1 3 2 1 3
20130909 2 3 9 5 3 6
20130909 3 5 7 1 4 5
20130909 4 3 2 5 3 2
20130909 5 1 7 3 1 5
20130909 6 9 1 5 6 1
20130909 7 3 7 5 3 5
20130909 8 7 3 8 5 3
20130909 9 5 1 2 4 1
20130909 10 1 9 8 1 6
20130909 11 9 1 4 6 1
20130910 1 1 9 3 1 6
20130910 2 7 3 9 5 3
20130910 3 1 5 7 1 4
20130910 4 7 5 8 5 4
20130910 5 7 2 1 5 2
20130910 6 5 1 3 4 1
20130910 7 3 7 9 3 5
20130910 8 3 5 9 3 4
20130910 9 7 5 1 5 4
20130910 10 2 5 9 2 4
20130910 11 7 1 9 5 1
20130911 1 5 1 6 4 1
20130911 2 1 3 2 1 3
20130911 3 7 1 3 5 1
20130911 4 9 3 4 6 3
20130911 5 9 1 3 6 1
20130911 6 2 4 7 2 4
20130911 7 2 3 8 2 3
20130911 8 5 2 9 4 2
20130911 9 8 1 9 6 1
20130911 10 1 8 3 1 6
20130911 11 5 2 3 4 2
20131002 1 2 3 5 0 0
20131002 2 1 5 3 0 0
20131002 3 1 5 7 0 0
20131002 4 2 7 4 0 0
20131002 5 5 3 2 0 0
20131002 6 8 7 2 6 5
20131002 7 6 3 1 5 3
20131002 8 2 3 8 2 3
20131002 9 4 2 9 4 2
20131002 10 7 8 1 5 6
20131003 1 3 5 7 0 0
20131003 2 3 1 7 0 0
20131003 3 7 1 5 0 0
20131003 4 3 7 5 0 0
20131003 5 1 3 7 0 0
20131003 6 3 7 9 3 5
20131003 7 1 9 2 1 6
20131003 8 2 1 3 2 1
20131003 9 3 1 7 3 1
20131003 10 3 1 7 3 1
20131004 1 5 3 2 0 0
20131004 2 7 3 1 0 0
20131004 3 3 1 2 0 0
20131004 4 2 4 3 0 0
20131004 5 3 6 4 0 0
20131004 6 9 5 4 6 4
20131004 7 2 1 4 2 1
20131004 8 2 9 1 2 6
20131004 9 5 1 3 4 1
20131004 10 1 4 7 1 4
20131102 1 5 3 9 4 3
20131102 2 7 3 5 5 3
20131102 3 7 1 9 5 1
20131102 4 8 1 7 6 1
20131102 5 1 5 7 1 4
20131102 6 6 7 4 0 0
20131102 7 5 6 3 0 0
20131102 8 5 7 3 4 5
20131102 9 2 7 8 2 5
20131102 10 5 4 9 4 4
20131102 11 9 1 7 6 1
20131102 12 2 9 7 2 6
20131103 1 9 5 7 6 4
20131103 2 5 1 2 4 1
20131103 3 2 1 4 2 1
20131103 4 2 9 1 2 6
20131103 5 3 1 2 3 1
20131103 6 3 2 1 0 0
20131103 7 7 5 3 0 0
20131103 8 1 5 9 1 4
20131103 9 3 9 7 3 6
20131103 10 1 9 3 1 6
20131103 11 9 3 5 6 3
20131103 12 1 9 3 1 6
20131104 1 3 9 4 3 6
20131104 2 5 1 7 4 1
20131104 3 3 4 9 3 4
20131104 4 9 3 7 6 3
20131104 5 4 2 6 0 0
20131104 6 9 2 3 6 2
20131104 7 2 6 4 2 5
20131104 8 4 1 2 0 0
20131104 9 3 9 1 3 6
20131104 10 7 2 5 5 2
20131104 11 2 1 7 2 1
20131104 12 3 1 2 3 1
20131128 1 5 7 2 0 0
20131128 2 1 7 2 0 0
20131128 3 3 7 6 0 0
20131128 4 7 3 5 0 0
20131128 5 6 3 2 0 0
20131128 6 5 7 1 0 0
20131128 7 1 6 2 0 0
20131129 1 3 6 1 0 0
20131129 2 1 5 7 0 0
20131129 3 7 3 1 0 0
20131129 4 6 3 2 0 0
20131129 5 1 5 4 0 0
20131129 6 1 3 2 0 0
20131129 7 2 3 1 0 0
20131130 1 2 5 1 0 0
20131130 2 7 1 2 0 0
20131130 3 1 7 2 0 0
20131130 4 5 7 6 0 0
20131130 5 7 5 1 0 0
20131130 6 3 7 6 0 0
20131130 7 1 7 2 0 0
20131210 1 2 9 7 2 6
20131210 2 2 5 3 2 4
20131210 3 2 5 1 2 4
20131210 4 5 2 9 4 2
20131210 5 3 9 5 3 6
20131210 6 2 7 1 2 5
20131210 7 5 2 9 4 2
20131210 8 1 9 2 1 6
20131210 9 5 2 3 4 2
20131210 10 3 5 7 3 4
20131210 11 3 7 1 3 5
20131211 1 6 9 2 5 6
20131211 2 5 7 9 4 5
20131211 3 5 9 8 4 6
20131211 4 1 7 3 1 5
20131211 5 7 3 5 5 3
20131211 6 7 2 1 5 2
20131211 7 2 1 5 2 1
20131211 8 4 9 8 4 6
20131211 9 1 9 6 1 6
20131211 10 5 4 6 4 4
20131211 11 3 1 5 3 1
20131212 1 2 7 1 2 5
20131212 2 2 7 4 2 5
20131212 3 3 7 5 3 5
20131212 4 4 2 1 4 2
20131212 5 2 3 5 2 3
20131212 6 5 9 1 4 6
20131212 7 1 8 2 1 6
20131212 8 2 5 3 2 4
20131212 9 7 1 5 5 1
20131212 10 3 4 7 3 4
20131212 11 3 7 9 3 5
20131225 1 3 2 5 3 2
20131225 2 3 1 2 3 1
20131225 3 2 7 4 2 5
20131225 4 3 1 5 3 1
20131225 5 9 7 5 6 5
20131225 6 1 7 4 1 5
20131225 7 3 9 1 3 6
20131225 8 9 2 7 6 2
20131225 9 3 7 4 3 5
20131225 10 2 5 7 2 4
20131225 11 2 1 3 2 1
20131226 1 9 2 5 6 2
20131226 2 1 5 9 1 4
20131226 3 9 1 5 6 1
20131226 4 3 9 7 3 6
20131226 5 3 1 2 3 1
20131226 6 2 5 4 2 4
20131226 7 3 2 5 3 2
20131226 8 8 1 5 6 1
20131226 9 7 5 8 5 4
20131226 10 9 2 5 6 2
20131226 11 3 5 1 3 4
20131227 1 5 3 9 4 3
20131227 2 7 5 6 5 4
20131227 3 2 3 9 2 3
20131227 4 6 4 8 5 4
20131227 5 7 2 5 5 2
20131227 6 7 3 9 5 3
20131227 7 1 3 5 1 3
20131227 8 2 5 1 2 4
20131227 9 5 2 8 4 2
20131227 10 1 4 7 1 4
20131227 11 2 5 1 2 4
20140108 1 7 3 5 0 0
20140108 2 5 1 2 0 0
20140108 3 5 3 6 0 0
20140108 4 7 2 4 0 0
20140108 5 1 7 5 0 0
20140108 6 1 7 9 1 5
20140108 7 1 3 2 1 3
20140108 8 8 6 7 6 5
20140108 9 9 4 5 6 4
20140108 10 1 3 9 1 3
20140109 1 3 7 5 0 0
20140109 2 7 5 1 0 0
20140109 3 5 6 1 0 0
20140109 4 5 7 3 0 0
20140109 5 1 5 3 0 0
20140109 6 2 4 3 2 4
20140109 7 9 4 3 6 4
20140109 8 4 5 1 4 4
20140109 9 1 4 3 1 4
20140109 10 6 9 3 5 6
20140110 1 2 3 5 0 0
20140110 2 1 6 7 0 0
20140110 3 1 3 2 0 0
20140110 4 5 3 2 0 0
20140110 5 7 1 2 0 0
20140110 6 5 7 4 4 5
20140110 7 7 8 9 5 6
20140110 8 4 7 6 4 5
20140110 9 5 2 3 4 2
20140110 10 1 5 9 1 4
20140122 1 5 6 1 0 0
20140122 2 2 7 1 0 0
20140122 3 3 7 2 0 0
20140122 4 2 4 6 0 0
20140122 5 3 4 1 0 0
20140122 6 5 1 3 0 0
20140122 7 3 1 5 0 0
20140123 1 1 6 5 0 0
20140123 2 3 5 7 0 0
20140123 3 4 2 3 0 0
20140123 4 5 2 7 0 0
20140123 5 6 5 1 0 0
20140123 6 3 7 5 0 0
20140123 7 1 4 7 0 0
20140128 1 5 3 9 4 3
20140128 2 5 6 7 4 5
20140128 3 3 7 1 3 5
20140128 4 8 1 9 6 1
20140128 5 7 8 1 5 6
20140128 6 9 1 3 6 1
20140128 7 7 2 1 5 2
20140128 8 1 5 3 1 4
20140128 9 7 4 5 5 4
20140128 10 7 2 9 5 2
20140128 11 5 1 2 4 1
20140129 1 8 3 9 6 3
20140129 2 6 4 5 5 4
20140129 3 8 2 6 6 2
20140129 4 3 2 1 3 2
20140129 5 2 3 5 2 3
20140129 6 2 6 7 2 5
20140129 7 5 1 8 4 1
20140129 8 1 5 4 1 4
20140129 9 2 4 9 2 4
20140129 10 7 1 5 5 1
20140129 11 5 9 7 4 6
20140130 1 5 2 9 4 2
20140130 2 3 9 1 3 6
20140130 3 1 6 7 1 5
20140130 4 8 7 4 6 5
20140130 5 3 2 1 3 2
20140130 6 2 5 3 2 4
20140130 7 2 8 3 2 6
20140130 8 2 9 4 2 6
20140130 9 3 4 7 3 4
20140130 10 3 2 9 3 2
20140130 11 1 4 5 1 4
20140211 1 5 2 1 0 0
20140211 2 5 2 1 0 0
20140211 3 3 5 2 0 0
20140211 4 5 3 1 0 0
20140211 5 1 7 5 0 0
20140211 6 5 3 6 0 0
20140211 7 3 2 4 0 0
20140212 1 3 1 4 0 0
20140212 2 7 1 2 0 0
20140212 3 3 1 7 0 0
20140212 4 4 6 5 0 0
20140212 5 6 3 1 0 0
20140212 6 7 4 1 0 0
20140212 7 5 7 3 0 0
20140306 1 5 2 1 0 0
20140306 2 1 4 2 0 0
20140306 3 7 3 1 0 0
20140306 4 5 7 4 0 0
20140306 5 3 5 2 0 0
20140306 6 2 7 3 2 5
20140306 7 2 5 3 2 4
20140306 8 3 7 9 3 5
20140306 9 3 2 8 3 2
20140306 10 5 8 1 4 6
20140307 1 5 1 2 0 0
20140307 2 1 7 3 0 0
20140307 3 5 2 7 0 0
20140307 4 7 1 2 0 0
20140307 5 2 1 5 0 0
20140307 6 3 2 8 3 2
20140307 7 2 5 3 2 4
20140307 8 3 9 4 3 6
20140307 9 3 6 8 3 5
20140307 10 5 1 9 4 1
20140308 1 3 1 7 0 0
20140308 2 2 4 3 0 0
20140308 3 2 5 4 0 0
20140308 4 2 7 5 0 0
20140308 5 7 3 8 5 3
20140308 6 2 9 5 2 6
20140308 7 2 4 1 0 0
20140308 8 1 3 7 1 3
20140308 9 9 2 1 6 2
20140308 10 8 3 7 6 3
20140312 1 3 7 5 0 0
20140312 2 3 1 7 0 0
20140312 3 5 1 7 0 0
20140312 4 7 2 1 0 0
20140312 5 2 5 3 0 0
20140312 6 7 3 1 0 0
20140312 7 3 6 4 0 0
20140313 1 5 7 4 0 0
20140313 2 3 4 6 0 0
20140313 3 6 2 1 0 0
20140313 4 2 3 4 0 0
20140313 5 2 4 7 0 0
20140313 6 4 7 3 0 0
20140313 7 4 3 5 0 0
20140329 1 3 5 7 0 0
20140329 2 1 7 4 0 0
20140329 3 2 1 7 0 0
20140329 4 3 1 5 0 0
20140329 5 2 1 7 0 0
20140329 6 2 7 1 2 5
20140329 7 3 9 6 3 6
20140329 8 1 5 7 1 4
20140329 9 1 5 3 1 4
20140329 10 2 1 8 2 1
20140330 1 4 1 5 0 0
20140330 2 1 5 6 0 0
20140330 3 7 1 4 0 0
20140330 4 3 2 5 0 0
20140330 5 5 1 4 0 0
20140330 6 1 9 6 1 6
20140330 7 7 1 9 5 1
20140330 8 5 4 2 4 4
20140330 9 1 7 8 1 5
20140330 10 1 2 5 1 2
20140331 1 1 3 5 0 0
20140331 2 3 2 7 0 0
20140331 3 1 3 4 0 0
20140331 4 2 3 7 0 0
20140331 5 3 5 1 3 4
20140331 6 2 5 7 2 4
20140331 7 7 5 3 0 0
20140331 8 2 7 8 2 5
20140331 9 3 1 8 3 1
20140331 10 2 8 7 2 6
20140412 1 1 7 3 0 0
20140412 2 3 7 2 0 0
20140412 3 5 1 2 0 0
20140412 4 3 5 4 0 0
20140412 5 2 5 7 0 0
20140412 6 9 2 5 6 2
20140412 7 1 9 8 1 6
20140412 8 4 3 7 4 3
20140412 9 1 5 8 1 4
20140412 10 7 1 9 5 1
20140413 1 1 5 3 0 0
20140413 2 3 2 5 0 0
20140413 3 2 5 7 0 0
20140413 4 1 5 7 0 0
20140413 5 5 2 4 0 0
20140413 6 7 1 3 5 1
20140413 7 2 1 5 2 1
20140413 8 3 9 2 3 6
20140413 9 7 9 3 5 6
20140413 10 1 7 5 1 5
20140414 1 2 5 4 0 0
20140414 2 3 5 1 0 0
20140414 3 4 5 7 0 0
20140414 4 2 7 1 0 0
20140414 5 2 5 3 2 4
20140414 6 6 2 4 5 2
20140414 7 2 4 7 0 0
20140414 8 2 9 1 2 6
20140414 9 1 3 4 1 3
20140414 10 1 6 9 1 5
20140416 1 7 2 1 0 0
20140416 2 5 7 4 0 0
20140416 3 5 7 2 0 0
20140416 4 2 7 4 0 0
20140416 5 1 5 2 0 0
20140416 6 1 7 2 0 0
20140416 7 3 1 7 0 0
20140417 1 5 6 3 0 0
20140417 2 1 6 4 0 0
20140417 3 7 3 1 0 0
20140417 4 7 1 3 0 0
20140417 5 5 1 2 0 0
20140417 6 7 3 2 0 0
20140417 7 1 5 4 0 0
20140418 1 2 3 6 0 0
20140418 2 1 6 4 0 0
20140418 3 2 5 3 0 0
20140418 4 3 1 7 0 0
20140418 5 4 2 6 0 0
20140418 6 2 5 7 0 0
20140418 7 3 2 5 0 0
20140424 1 3 2 4 0 0
20140424 2 2 5 4 0 0
20140424 3 5 3 7 0 0
20140424 4 5 3 2 0 0
20140424 5 3 7 1 0 0
20140424 6 3 2 1 0 0
20140424 7 1 7 2 0 0
20140425 1 7 5 2 0 0
20140425 2 6 4 5 0 0
20140425 3 6 3 2 0 0
20140425 4 7 2 1 0 0
20140425 5 1 5 6 0 0
20140425 6 2 3 6 0 0
20140425 7 1 7 3 0 0
20140426 1 3 5 7 0 0
20140426 2 2 7 3 0 0
20140426 3 5 3 4 0 0
20140426 4 4 7 2 0 0
20140426 5 2 6 1 0 0
20140426 6 5 3 7 0 0
20140426 7 3 2 1 0 0
20140505 1 3 5 7 0 0
20140505 2 2 5 7 0 0
20140505 3 3 2 1 0 0
20140505 4 7 5 1 0 0
20140505 5 7 5 3 0 0
20140505 6 1 3 5 0 0
20140505 7 3 1 4 0 0
20140506 1 7 3 1 0 0
20140506 2 1 5 7 0 0
20140506 3 3 5 2 0 0
20140506 4 7 2 5 0 0
20140506 5 2 3 5 0 0
20140506 6 2 5 6 0 0
20140506 7 2 1 4 0 0
20140507 1 6 7 3 0 0
20140507 2 5 7 6 0 0
20140507 3 7 5 2 0 0
20140507 4 3 2 7 0 0
20140507 5 4 3 7 0 0
20140507 6 7 4 5 0 0
20140507 7 1 3 7 0 0
20140522 1 2 5 7 0 0
20140522 2 6 5 4 0 0
20140522 3 2 7 5 0 0
20140522 4 1 2 5 0 0
20140522 5 3 5 6 0 0
20140522 6 4 5 3 0 0
20140522 7 5 1 7 0 0
20140523 1 7 5 2 0 0
20140523 2 3 4 2 0 0
20140523 3 2 1 7 0 0
20140523 4 4 1 7 0 0
20140523 5 4 2 1 0 0
20140523 6 3 5 7 0 0
20140523 7 4 5 7 0 0
20140524 1 4 3 1 0 0
20140524 2 5 2 3 0 0
20140524 3 1 6 2 0 0
20140524 4 2 4 5 0 0
20140524 5 5 3 6 0 0
20140524 6 5 4 3 0 0
20140524 7 3 1 6 0 0
20140609 1 3 6 2 3 5
20140609 2 1 4 9 1 4
20140609 3 3 1 6 3 1
20140609 4 1 5 6 1 4
20140609 5 9 2 7 6 2
20140609 6 2 7 5 2 5
20140609 7 5 3 1 4 3
20140609 8 5 2 1 4 2
20140609 9 3 1 4 3 1
20140609 10 1 9 7 1 6
20140609 11 2 7 3 2 5
20140610 1 5 2 7 4 2
20140610 2 4 9 2 4 6
20140610 3 2 1 9 2 1
20140610 4 7 2 9 5 2
20140610 5 3 8 5 3 6
20140610 6 1 5 3 1 4
20140610 7 2 9 7 2 6
20140610 8 3 7 8 3 5
20140610 9 5 3 7 4 3
20140610 10 5 4 2 4 4
20140610 11 3 9 4 3 6
20140611 1 5 7 9 4 5
20140611 2 1 5 4 1 4
20140611 3 1 9 2 1 6
20140611 4 8 1 7 6 1
20140611 5 9 1 5 6 1
20140611 6 5 4 7 4 4
20140611 7 2 9 8 2 6
20140611 8 5 4 7 4 4
20140611 9 2 7 3 2 5
20140611 10 8 1 5 6 1
20140611 11 7 2 1 5 2
20140619 1 3 7 5 0 0
20140619 2 5 3 4 0 0
20140619 3 7 2 1 0 0
20140619 4 6 5 2 0 0
20140619 5 2 7 5 0 0
20140619 6 3 1 5 0 0
20140619 7 1 7 5 0 0
20140620 1 3 7 5 0 0
20140620 2 5 7 6 0 0
20140620 3 3 2 7 0 0
20140620 4 5 6 1 0 0
20140620 5 5 2 1 0 0
20140620 6 7 4 1 0 0
20140620 7 1 4 2 0 0
20140621 1 3 5 1 0 0
20140621 2 1 3 7 0 0
20140621 3 2 3 5 0 0
20140621 4 3 7 1 0 0
20140621 5 5 1 2 0 0
20140621 6 2 5 6 0 0
20140621 7 2 7 5 0 0
20140714 1 5 9 6 4 6
20140714 2 1 9 3 1 6
20140714 3 2 8 9 2 6
20140714 4 5 2 4 4 2
20140714 5 7 1 5 5 1
20140714 6 3 7 5 3 5
20140714 7 9 7 1 6 5
20140714 8 5 9 8 4 6
20140714 9 5 8 2 4 6
20140714 10 2 1 7 2 1
20140714 11 1 7 5 1 5
20140715 1 2 4 5 2 4
20140715 2 7 9 2 5 6
20140715 3 9 3 2 6 3
20140715 4 1 5 6 1 4
20140715 5 7 5 1 5 4
20140715 6 5 7 9 4 5
20140715 7 2 7 1 2 5
20140715 8 2 8 7 2 6
20140715 9 7 1 5 5 1
20140715 10 5 9 7 4 6
20140715 11 9 5 2 6 4
20140716 1 1 6 4 1 5
20140716 2 9 5 7 6 4
20140716 3 3 6 9 3 5
20140716 4 2 7 1 2 5
20140716 5 1 3 7 1 3
20140716 6 7 3 8 5 3
20140716 7 1 3 8 1 3
20140716 8 3 5 7 3 4
20140716 9 2 7 3 2 5
20140716 10 5 3 1 4 3
20140716 11 7 3 1 5 3
20140717 1 7 2 6 5 2
20140717 2 3 8 2 3 6
20140717 3 5 1 2 4 1
20140717 4 2 3 7 2 3
20140717 5 6 5 7 5 5
20140717 6 8 9 2 6 6
20140717 7 9 3 2 6 3
20140717 8 5 4 2 4 4
20140717 9 2 7 5 2 5
20140717 10 4 9 7 4 6
20140717 11 1 9 5 1 6
20140731 1 7 1 3 0 0
20140731 2 7 3 6 0 0
20140731 3 5 3 1 0 0
20140731 4 7 3 5 0 0
20140731 5 2 3 5 0 0
20140731 6 3 1 5 0 0
20140731 7 1 5 3 0 0
20140801 1 3 5 6 0 0
20140801 2 1 3 6 0 0
20140801 3 5 3 2 0 0
20140801 4 4 7 5 0 0
20140801 5 3 1 7 0 0
20140801 6 2 5 1 0 0
20140801 7 1 6 3 0 0
20140802 1 5 7 3 0 0
20140802 2 2 4 3 0 0
20140802 3 4 2 1 0 0
20140802 4 2 4 6 0 0
20140802 5 3 2 4 0 0
20140802 6 6 1 2 0 0
20140802 7 7 4 3 0 0
20140811 1 2 5 1 2 4
20140811 2 5 2 7 4 2
20140811 3 5 1 6 4 1
20140811 4 9 3 4 6 3
20140811 5 2 1 5 2 1
20140811 6 4 3 7 4 3
20140811 7 7 5 2 5 4
20140811 8 5 1 8 4 1
20140811 9 1 5 2 1 4
20140811 10 7 9 2 5 6
20140811 11 4 9 7 4 6
20140812 1 9 4 1 6 4
20140812 2 4 3 5 4 3
20140812 3 2 8 1 2 6
20140812 4 2 5 3 2 4
20140812 5 1 3 2 1 3
20140812 6 2 7 4 2 5
20140812 7 9 2 7 6 2
20140812 8 3 5 9 3 4
20140812 9 5 1 8 4 1
20140812 10 3 7 9 3 5
20140812 11 7 5 2 5 4
20140813 1 3 9 7 3 6
20140813 2 1 3 5 1 3
20140813 3 1 5 3 1 4
20140813 4 4 3 5 4 3
20140813 5 5 1 7 4 1
20140813 6 7 3 4 5 3
20140813 7 9 2 4 6 2
20140813 8 1 7 9 1 5
20140813 9 4 9 6 4 6
20140813 10 9 1 2 6 1
20140813 11 3 2 4 3 2
20140821 1 2 1 7 0 0
20140821 2 1 7 5 0 0
20140821 3 4 2 3 0 0
20140821 4 5 1 7 0 0
20140821 5 1 4 7 0 0
20140821 6 3 1 6 0 0
20140821 7 2 5 6 0 0
20140822 1 3 1 2 0 0
20140822 2 2 4 1 0 0
20140822 3 3 6 2 0 0
20140822 4 1 3 5 0 0
20140822 5 2 3 7 0 0
20140822 6 2 3 5 0 0
20140822 7 1 6 2 0 0
20140823 1 5 7 2 0 0
20140823 2 7 2 5 0 0
20140823 3 7 5 3 0 0
20140823 4 5 7 6 0 0
20140823 5 3 7 6 0 0
20140823 6 5 1 7 0 0
20140823 7 5 7 1 0 0
20140911 1 1 5 3 1 4
20140911 2 2 9 6 2 6
20140911 3 8 4 5 6 4
20140911 4 9 4 6 6 4
20140911 5 9 7 8 6 5
20140911 6 3 2 6 3 2
20140911 7 2 3 4 2 3
20140911 8 3 9 4 3 6
20140911 9 3 1 7 3 1
20140911 10 9 2 8 6 2
20140911 11 1 9 5 1 6
20140912 1 2 9 6 2 6
20140912 2 5 7 9 4 5
20140912 3 9 1 3 6 1
20140912 4 2 9 1 2 6
20140912 5 3 2 7 3 2
20140912 6 2 4 3 2 4
20140912 7 5 1 3 0 0
20140912 8 1 9 4 1 6
20140912 9 1 5 4 1 4
20140912 10 2 4 7 2 4
20140912 11 5 1 9 4 1
20140913 1 4 3 1 4 3
20140913 2 4 7 2 4 5
20140913 3 1 9 4 1 6
20140913 4 4 8 7 4 6
20140913 5 2 1 4 2 1
20140913 6 7 8 4 5 6
20140913 7 2 8 5 2 6
20140913 8 1 5 7 1 4
20140913 9 6 3 2 5 3
20140913 10 9 8 2 6 6
20140913 11 1 3 7 1 3
20140914 1 2 4 7 2 4
20140914 2 2 7 9 2 5
20140914 3 5 8 3 4 6
20140914 4 7 2 5 5 2
20140914 5 3 7 4 3 5
20140914 6 8 7 4 6 5
20140914 7 4 7 6 4 5
20140914 8 2 9 5 2 6
20140914 9 5 2 1 0 0
20140914 10 8 3 1 6 3
20140914 11 1 7 3 1 5
20140914 12 7 2 1 5 2
20140915 1 3 7 1 3 5
20140915 2 9 2 6 6 2
20140915 3 4 6 8 4 5
20140915 4 9 4 1 6 4
20140915 5 8 4 3 6 4
20140915 6 2 9 1 2 6
20140915 7 9 3 8 6 3
20140915 8 2 8 3 2 6
20140915 9 3 6 2 3 5
20140915 10 5 1 3 4 1
20140915 11 2 4 3 2 4
20141018 1 7 3 4 0 0
20141018 2 5 3 7 0 0
20141018 3 5 1 2 0 0
20141018 4 7 2 3 0 0
20141018 5 3 1 5 0 0
20141018 6 1 5 7 1 4
20141018 7 9 1 5 6 1
20141018 8 7 3 9 5 3
20141018 9 1 7 2 1 5
20141018 10 9 2 4 6 2
20141019 1 4 5 3 0 0
20141019 2 3 5 2 0 0
20141019 3 3 7 2 0 0
20141019 4 7 5 2 0 0
20141019 5 7 2 4 0 0
20141019 6 7 1 4 5 1
20141019 7 9 3 1 6 3
20141019 8 2 9 1 2 6
20141019 9 9 1 3 6 1
20141019 10 3 9 1 3 6
20141020 1 3 5 1 0 0
20141020 2 7 3 5 0 0
20141020 3 3 7 2 0 0
20141020 4 2 5 7 0 0
20141020 5 2 5 3 2 4
20141020 6 2 9 4 2 6
20141020 7 3 1 6 0 0
20141020 8 3 4 6 3 4
20141020 9 5 3 2 4 3
20141020 10 1 8 7 1 6
20141030 1 7 3 5 0 0
20141030 2 3 5 6 0 0
20141030 3 1 5 2 0 0
20141030 4 5 7 1 0 0
20141030 5 5 2 6 0 0
20141030 6 7 2 5 0 0
20141030 7 5 7 6 0 0
20141031 1 2 3 7 0 0
20141031 2 7 6 4 0 0
20141031 3 7 2 4 0 0
20141031 4 3 5 7 0 0
20141031 5 7 2 6 0 0
20141031 6 7 5 3 0 0
20141031 7 4 1 5 0 0
20141101 1 3 7 2 0 0
20141101 2 6 1 5 0 0
20141101 3 2 3 7 0 0
20141101 4 4 1 2 0 0
20141101 5 7 4 3 0 0
20141101 6 6 1 3 0 0
20141101 7 3 1 6 0 0
20141108 1 3 5 4 0 0
20141108 2 1 2 4 0 0
20141108 3 5 1 4 0 0
20141108 4 7 2 5 0 0
20141108 5 1 7 5 0 0
20141108 6 1 2 7 1 2
20141108 7 7 4 9 5 4
20141108 8 9 1 4 6 1
20141108 9 9 3 8 6 3
20141108 10 3 5 7 3 4
20141109 1 1 5 2 0 0
20141109 2 3 4 1 0 0
20141109 3 7 1 2 0 0
20141109 4 5 1 2 0 0
20141109 5 7 1 5 0 0
20141109 6 7 2 3 5 2
20141109 7 3 2 1 3 2
20141109 8 1 7 2 1 5
20141109 9 2 4 1 2 4
20141109 10 3 7 1 3 5
20141110 1 7 3 5 0 0
20141110 2 3 7 2 0 0
20141110 3 1 5 3 0 0
20141110 4 2 6 1 0 0
20141110 5 9 4 1 6 4
20141110 6 1 5 9 1 4
20141110 7 1 6 2 0 0
20141110 8 2 3 8 2 3
20141110 9 2 9 3 2 6
20141110 10 9 5 3 6 4
20141118 1 3 1 7 3 1
20141118 2 3 6 9 3 5
20141118 3 2 9 7 2 6
20141118 4 7 1 3 5 1
20141118 5 1 9 2 1 6
20141118 6 5 2 8 4 2
20141118 7 1 9 2 1 6
20141118 8 7 5 9 5 4
20141118 9 2 9 1 2 6
20141118 10 2 7 5 2 5
20141118 11 9 5 2 6 4
20141119 1 3 7 8 3 5
20141119 2 3 9 1 3 6
20141119 3 1 9 6 1 6
20141119 4 9 7 4 6 5
20141119 5 2 9 4 2 6
20141119 6 9 1 5 6 1
20141119 7 7 2 5 5 2
20141119 8 2 1 4 2 1
20141119 9 5 8 4 4 6
20141119 10 3 4 9 3 4
20141119 11 9 7 4 6 5
20141120 1 9 5 1 6 4
20141120 2 3 4 9 3 4
20141120 3 9 5 4 6 4
20141120 4 1 5 7 1 4
20141120 5 3 5 1 3 4
20141120 6 7 8 4 5 6
20141120 7 1 9 3 1 6
20141120 8 3 4 5 3 4
20141120 9 9 1 3 6 1
20141120 10 8 5 2 6 4
20141120 11 5 9 2 4 6
20141122 1 2 4 7 0 0
20141122 2 2 5 7 0 0
20141122 3 5 2 6 0 0
20141122 4 3 4 1 0 0
20141122 5 2 7 1 0 0
20141122 6 2 7 1 0 0
20141122 7 3 5 4 0 0
20141123 1 2 4 3 0 0
20141123 2 5 3 1 0 0
20141123 3 5 1 7 0 0
20141123 4 7 1 2 0 0
20141123 5 2 3 7 0 0
20141123 6 4 7 1 0 0
20141123 7 5 1 3 0 0
20141124 1 5 6 1 0 0
20141124 2 3 5 7 0 0
20141124 3 1 3 2 0 0
20141124 4 4 3 7 0 0
20141124 5 2 3 6 0 0
20141124 6 2 6 4 0 0
20141124 7 1 6 2 0 0
20141217 1 2 3 4 0 0
20141217 2 3 5 1 0 0
20141217 3 1 5 2 0 0
20141217 4 1 3 6 0 0
20141217 5 5 2 1 0 0
20141217 6 1 5 2 0 0
20141217 7 2 6 5 0 0
20141218 1 2 5 7 0 0
20141218 2 2 5 3 0 0
20141218 3 3 5 7 0 0
20141218 4 1 2 3 0 0
20141218 5 3 1 5 0 0
20141218 6 3 7 1 0 0
20141218 7 5 7 2 0 0
20141219 1 7 1 3 0 0
20141219 2 3 5 7 0 0
20141219 3 3 1 4 0 0
20141219 4 1 7 3 0 0
20141219 5 5 2 3 0 0
20141219 6 3 2 1 0 0
20141219 7 5 7 2 0 0
20141225 1 1 5 3 0 0
20141225 2 7 3 1 0 0
20141225 3 7 3 2 0 0
20141225 4 1 7 3 0 0
20141225 5 5 1 3 0 0
20141225 6 7 5 9 5 4
20141225 7 3 9 8 3 6
20141225 8 9 1 5 6 1
20141225 9 1 4 3 1 4
20141225 10 7 1 9 5 1
20141226 1 5 4 1 0 0
20141226 2 2 5 3 0 0
20141226 3 2 5 4 0 0
20141226 4 2 1 7 0 0
20141226 5 2 3 5 0 0
20141226 6 2 1 7 2 1
20141226 7 1 9 4 1 6
20141226 8 1 8 7 1 6
20141226 9 9 5 7 6 4
20141226 10 3 9 1 3 6
20141227 1 1 3 2 0 0
20141227 2 3 1 7 0 0
20141227 3 1 6 5 0 0
20141227 4 5 2 7 0 0
20141227 5 2 8 7 2 6
20141227 6 2 3 5 2 3
20141227 7 1 6 2 0 0
20141227 8 7 2 5 5 2
20141227 9 3 7 4 3 5
20141227 10 5 8 7 4 6
20150101 1 3 7 5 3 5
20150101 2 2 9 8 2 6
20150101 3 3 5 6 3 4
20150101 4 7 9 1 5 6
20150101 5 1 5 3 1 4
20150101 6 3 5 2 3 4
20150101 7 9 5 3 6 4
20150101 8 4 7 1 4 5
20150101 9 3 5 1 3 4
20150101 10 7 1 3 5 1
20150101 11 2 5 9 2 4
20150102 1 5 7 1 4 5
20150102 2 2 7 5 2 5
20150102 3 2 8 4 2 6
20150102 4 5 7 3 4 5
20150102 5 9 6 2 6 5
20150102 6 7 1 4 5 1
20150102 7 2 7 3 2 5
20150102 8 9 4 7 6 4
20150102 9 5 7 3 4 5
20150102 10 7 4 9 5 4
20150102 11 1 5 7 1 4
20150103 1 8 1 9 6 1
20150103 2 4 1 8 4 1
20150103 3 2 3 6 2 3
20150103 4 1 7 5 1 5
20150103 5 7 3 5 5 3
20150103 6 1 6 3 1 5
20150103 7 5 2 8 4 2
20150103 8 1 7 4 1 5
20150103 9 3 5 9 3 4
20150103 10 7 1 3 5 1
20150103 11 1 8 7 1 6
20150114 1 7 3 5 0 0
20150114 2 7 5 6 0 0
20150114 3 1 4 7 0 0
20150114 4 4 7 1 0 0
20150114 5 7 3 2 0 0
20150114 6 1 3 2 0 0
20150114 7 2 5 7 0 0
20150115 1 3 6 4 0 0
20150115 2 7 4 3 0 0
20150115 3 1 7 5 0 0
20150115 4 3 5 2 0 0
20150115 5 5 2 3 0 0
20150115 6 2 7 1 0 0
20150115 7 7 1 5 0 0
20150116 1 3 6 5 0 0
20150116 2 1 3 4 0 0
20150116 3 3 2 5 0 0
20150116 4 1 2 5 0 0
20150116 5 7 2 5 0 0
20150116 6 4 6 1 0 0
20150116 7 1 3 4 0 0
20150121 1 3 1 2 0 0
20150121 2 2 5 7 0 0
20150121 3 4 5 3 0 0
20150121 4 5 3 2 0 0
20150121 5 3 1 5 0 0
20150121 6 1 7 2 0 0
20150121 7 1 6 3 0 0
20150122 1 5 1 3 0 0
20150122 2 2 5 7 0 0
20150122 3 7 1 2 0 0
20150122 4 7 3 4 0 0
20150122 5 1 5 7 0 0
20150122 6 6 5 7 0 0
20150122 7 7 3 5 0 0
20150123 1 6 3 7 0 0
20150123 2 3 5 7 0 0
20150123 3 5 2 4 0 0
20150123 4 2 3 6 0 0
20150123 5 5 2 3 0 0
20150123 6 1 3 5 0 0
20150123 7 6 1 7 0 0
20150208 1 6 2 7 5 2
20150208 2 7 9 2 5 6
20150208 3 5 1 7 4 1
20150208 4 7 1 6 5 1
20150208 5 5 9 3 4 6
20150208 6 2 1 4 2 1
20150208 7 7 1 5 5 1
20150208 8 2 5 7 2 4
20150208 9 5 1 3 4 1
20150208 10 3 9 4 3 6
20150208 11 1 2 4 1 2
20150209 1 4 1 8 4 1
20150209 2 3 6 4 3 5
20150209 3 5 7 3 4 5
20150209 4 1 9 5 1 6
20150209 5 5 9 3 4 6
20150209 6 3 7 1 3 5
20150209 7 1 3 7 1 3
20150209 8 9 1 5 6 1
20150209 9 9 2 7 6 2
20150209 10 7 1 4 5 1
20150209 11 5 2 4 4 2
20150210 1 5 7 2 4 5
20150210 2 1 5 7 1 4
20150210 3 3 6 9 3 5
20150210 4 5 1 7 4 1
20150210 5 9 1 5 6 1
20150210 6 8 5 9 6 4
20150210 7 1 3 5 1 3
20150210 8 3 9 4 3 6
20150210 9 7 9 1 5 6
20150210 10 3 8 5 3 6
20150210 11 3 1 8 3 1
20150211 1 5 7 9 4 5
20150211 2 7 2 3 5 2
20150211 3 2 9 5 2 6
20150211 4 1 9 2 1 6
20150211 5 9 2 5 6 2
20150211 6 5 7 9 4 5
20150211 7 7 4 5 5 4
20150211 8 2 6 5 2 5
20150211 9 9 1 3 6 1
20150211 10 3 1 9 3 1
20150211 11 3 7 4 3 5
20150227 1 3 1 6 0 0
20150227 2 1 2 5 0 0
20150227 3 7 3 1 0 0
20150227 4 7 6 1 0 0
20150227 5 1 5 3 0 0
20150227 6 7 1 4 0 0
20150227 7 5 7 2 0 0
20150227 8 1 7 9 1 5
20150227 9 2 7 4 2 5
20150227 10 1 9 8 1 6
20150227 11 7 1 8 5 1
20150227 12 4 5 2 4 4
20150228 1 5 1 7 0 0
20150228 2 5 3 6 0 0
20150228 3 2 5 7 0 0
20150228 4 1 5 7 0 0
20150228 5 1 3 5 0 0
20150228 6 1 2 6 0 0
20150228 7 7 6 4 0 0
20150228 8 3 7 9 3 5
20150228 9 4 5 2 4 4
20150228 10 3 1 4 3 1
20150228 11 4 1 2 4 1
20150228 12 4 1 2 4 1
20150301 1 3 5 2 0 0
20150301 2 5 7 4 0 0
20150301 3 2 7 1 0 0
20150301 4 4 1 5 0 0
20150301 5 2 6 7 0 0
20150301 6 5 4 3 4 4
20150301 7 7 3 5 5 3
20150301 8 9 1 2 6 1
20150301 9 2 5 1 2 4
20150301 10 1 6 2 0 0
20150301 11 4 7 1 0 0
20150301 12 7 8 5 5 6
20150318 1 3 1 5 0 0
20150318 2 2 5 7 0 0
20150318 3 5 7 1 0 0
20150318 4 7 4 5 0 0
20150318 5 1 5 3 0 0
20150318 6 3 5 1 0 0
20150318 7 1 3 2 0 0
20150319 1 2 6 7 0 0
20150319 2 5 2 7 0 0
20150319 3 2 4 1 0 0
20150319 4 4 3 5 0 0
20150319 5 6 1 2 0 0
20150319 6 3 6 7 0 0
20150319 7 1 7 4 0 0
20150320 1 5 3 2 0 0
20150320 2 3 1 2 0 0
20150320 3 3 1 4 0 0
20150320 4 2 5 7 0 0
20150320 5 3 1 7 0 0
20150320 6 7 4 1 0 0
20150320 7 1 5 7 0 0
20150328 1 3 1 2 0 0
20150328 2 1 4 2 0 0
20150328 3 5 2 1 0 0
20150328 4 1 7 5 0 0
20150328 5 2 7 5 0 0
20150328 6 1 3 5 1 3
20150328 7 1 5 2 1 4
20150328 8 1 5 3 1 4
20150328 9 9 2 1 6 2
20150328 10 4 5 3 4 4
20150329 1 5 7 4 0 0
20150329 2 1 3 7 0 0
20150329 3 1 7 2 0 0
20150329 4 1 5 3 0 0
20150329 5 2 3 4 0 0
20150329 6 7 3 8 5 3
20150329 7 1 9 8 1 6
20150329 8 5 3 9 4 3
20150329 9 3 5 2 3 4
20150329 10 2 3 9 2 3
20150330 1 7 5 1 0 0
20150330 2 5 7 1 0 0
20150330 3 3 6 5 0 0
20150330 4 1 5 6 0 0
20150330 5 3 5 7 3 4
20150330 6 9 1 5 6 1
20150330 7 3 5 4 0 0
20150330 8 8 9 1 6 6
20150330 9 1 6 5 1 5
20150330 10 4 9 1 4 6
20150409 1 5 1 2 0 0
20150409 2 2 4 5 0 0
20150409 3 3 7 4 0 0
20150409 4 4 1 7 0 0
20150409 5 5 1 3 0 0
20150409 6 2 4 5 0 0
20150409 7 1 4 3 0 0
20150410 1 5 1 4 0 0
20150410 2 7 4 5 0 0
20150410 3 1 4 3 0 0
20150410 4 4 2 1 0 0
20150410 5 5 1 4 0 0
20150410 6 6 2 3 0 0
20150410 7 1 6 2 0 0
20150411 1 1 2 3 0 0
20150411 2 7 2 3 0 0
20150411 3 5 2 7 0 0
20150411 4 2 7 3 0 0
20150411 5 1 4 6 0 0
20150411 6 4 5 2 0 0
20150411 7 4 7 1 0 0
20150416 1 3 5 4 0 0
20150416 2 3 7 1 0 0
20150416 3 3 7 5 0 0
20150416 4 4 3 7 0 0
20150416 5 6 5 3 0 0
20150416 6 2 1 3 2 1
20150416 7 2 7 9 2 5
20150416 8 2 5 3 2 4
20150416 9 3 7 9 3 5
20150416 10 3 1 6 3 1
20150417 1 5 1 6 0 0
20150417 2 5 2 7 0 0
20150417 3 7 3 4 0 0
20150417 4 2 4 1 0 0
20150417 5 1 3 4 0 0
20150417 6 1 9 3 1 6
20150417 7 5 6 7 4 5
20150417 8 7 5 1 5 4
20150417 9 2 7 1 2 5
20150417 10 9 5 1 6 4
20150418 1 1 7 2 0 0
20150418 2 3 1 5 0 0
20150418 3 4 5 2 0 0
20150418 4 7 3 1 0 0
20150418 5 1 8 7 1 6
20150418 6 8 1 7 6 1
20150418 7 5 2 7 0 0
20150418 8 1 7 9 1 5
20150418 9 2 9 5 2 6
20150418 10 1 2 5 1 2
20150427 1 1 5 4 0 0
20150427 2 2 7 6 0 0
20150427 3 5 4 3 0 0
20150427 4 2 1 4 0 0
20150427 5 5 2 3 0 0
20150427 6 7 1 5 0 0
20150427 7 2 1 7 0 0
20150428 1 1 5 3 0 0
20150428 2 4 3 1 0 0
20150428 3 3 1 5 0 0
20150428 4 2 7 5 0 0
20150428 5 5 1 2 0 0
20150428 6 4 5 2 0 0
20150428 7 5 3 7 0 0
20150429 1 5 6 7 0 0
20150429 2 1 4 2 0 0
20150429 3 7 1 3 0 0
20150429 4 2 5 1 0 0
20150429 5 3 5 6 0 0
20150429 6 1 6 4 0 0
20150429 7 7 1 4 0 0
20150503 1 1 7 4 0 0
20150503 2 1 4 3 0 0
20150503 3 3 2 4 0 0
20150503 4 7 4 1 0 0
20150503 5 5 1 7 0 0
20150503 6 7 3 2 5 3
20150503 7 7 2 6 5 2
20150503 8 3 5 9 3 4
20150503 9 1 7 2 1 5
20150503 10 7 4 9 5 4
20150504 1 1 5 3 0 0
20150504 2 4 5 1 0 0
20150504 3 7 2 4 0 0
20150504 4 1 5 4 0 0
20150504 5 1 7 3 0 0
20150504 6 3 5 6 3 4
20150504 7 1 5 3 1 4
20150504 8 3 9 1 3 6
20150504 9 1 8 7 1 6
20150504 10 6 1 4 5 1
20150505 1 1 4 5 0 0
20150505 2 3 5 2 0 0
20150505 3 7 2 3 0 0
20150505 4 3 1 4 0 0
20150505 5 7 3 9 0 0
20150505 6 3 1 5 3 1
20150505 7 2 3 4 0 0
20150505 8 1 5 9 1 4
20150505 9 1 4 7 1 4
20150505 10 1 4 7 1 4
20150512 1 7 1 3 5 1
20150512 2 1 4 2 1 4
20150512 3 2 5 9 2 4
20150512 4 9 1 4 6 1
20150512 5 9 1 8 6 1
20150512 6 2 4 6 2 4
20150512 7 1 9 4 1 6
20150512 8 1 9 5 1 6
20150512 9 2 9 7 2 6
20150512 10 2 5 3 2 4
20150512 11 1 9 2 1 6
20150513 1 8 5 2 6 4
20150513 2 2 1 5 2 1
20150513 3 4 2 6 4 2
20150513 4 3 9 5 3 6
20150513 5 5 1 7 4 1
20150513 6 3 5 2 3 4
20150513 7 9 1 3 6 1
20150513 8 7 1 4 5 1
20150513 9 2 1 9 2 1
20150513 10 3 7 4 3 5
20150513 11 2 4 3 2 4
20150514 1 1 4 9 1 4
20150514 2 9 7 2 6 5
20150514 3 6 1 3 5 1
20150514 4 9 7 5 6 5
20150514 5 5 7 4 4 5
20150514 6 7 5 8 5 4
20150514 7 2 6 8 2 5
20150514 8 1 8 5 1 6
20150514 9 2 1 5 2 1
20150514 10 9 5 2 6 4
20150514 11 1 2 5 1 2
20150619 1 1 4 5 0 0
20150619 2 5 7 2 0 0
20150619 3 2 3 5 0 0
20150619 4 4 2 7 0 0
20150619 5 5 7 4 0 0
20150619 6 7 1 4 0 0
20150619 7 1 3 4 0 0
20150620 1 3 1 7 0 0
20150620 2 6 2 4 0 0
20150620 3 2 3 7 0 0
20150620 4 1 5 7 0 0
20150620 5 1 2 6 0 0
20150620 6 2 4 7 0 0
20150620 7 5 3 2 0 0
20150621 1 3 6 4 0 0
20150621 2 1 4 2 0 0
20150621 3 1 5 4 0 0
20150621 4 2 1 4 0 0
20150621 5 1 5 2 0 0
20150621 6 4 5 1 0 0
20150621 7 1 3 5 0 0
20150629 1 4 1 3 0 0
20150629 2 2 5 4 0 0
20150629 3 3 1 5 0 0
20150629 4 4 1 3 0 0
20150629 5 1 2 5 0 0
20150629 6 7 2 5 0 0
20150629 7 2 4 6 0 0
20150630 1 1 7 3 0 0
20150630 2 1 5 2 0 0
20150630 3 5 1 7 0 0
20150630 4 2 7 5 0 0
20150630 5 2 4 7 0 0
20150630 6 2 6 5 0 0
20150630 7 3 1 5 0 0
20150701 1 2 6 5 0 0
20150701 2 7 5 2 0 0
20150701 3 6 3 5 0 0
20150701 4 7 1 6 0 0
20150701 5 3 7 5 0 0
20150701 6 5 3 6 0 0
20150701 7 5 2 4 0 0
20150709 1 3 6 4 3 5
20150709 2 5 3 8 4 3
20150709 3 7 1 5 5 1
20150709 4 3 7 1 3 5
20150709 5 2 1 9 2 1
20150709 6 5 1 7 4 1
20150709 7 7 5 2 5 4
20150709 8 7 2 1 5 2
20150709 9 9 1 8 6 1
20150709 10 1 9 4 1 6
20150709 11 3 1 8 3 1
20150709 12 1 5 4 1 4
20150710 1 1 6 7 1 5
20150710 2 7 2 5 5 2
20150710 3 3 6 2 3 5
20150710 4 5 1 7 4 1
20150710 5 5 1 7 4 1
20150710 6 1 7 3 1 5
20150710 7 1 9 7 1 6
20150710 8 2 9 7 2 6
20150710 9 8 3 7 6 3
20150710 10 1 9 8 1 6
20150710 11 5 7 3 4 5
20150710 12 1 5 2 1 4
20150711 1 2 7 3 2 5
20150711 2 5 9 7 4 6
20150711 3 3 2 8 3 2
20150711 4 9 1 7 6 1
20150711 5 1 3 9 1 3
20150711 6 7 3 5 5 3
20150711 7 9 1 5 6 1
20150711 8 3 5 2 3 4
20150711 9 9 1 5 6 1
20150711 10 7 3 2 5 3
20150711 11 3 1 9 3 1
20150711 12 5 1 3 4 1
20150712 1 5 7 9 4 5
20150712 2 3 7 2 3 5
20150712 3 8 5 3 6 4
20150712 4 9 6 2 6 5
20150712 5 5 6 3 4 5
20150712 6 5 8 1 4 6
20150712 7 2 9 5 2 6
20150712 8 3 2 1 3 2
20150712 9 7 1 6 5 1
20150712 10 1 9 8 1 6
20150712 11 2 8 1 2 6
