20121022 1 3 5 1 3 4
20121022 2 1 9 7 1 6
20121022 3 5 3 9 4 3
20121022 4 5 2 1 4 2
20121022 5 1 5 7 1 4
20121022 6 1 2 3 1 2
20121022 7 3 7 1 3 5
20121022 8 2 9 7 2 6
20121022 9 2 5 8 2 4
20121022 10 5 2 1 4 2
20121022 11 7 2 1 5 2
20121023 1 9 5 7 6 4
20121023 2 1 3 9 1 3
20121023 3 2 7 3 2 5
20121023 4 5 3 1 4 3
20121023 5 3 1 7 3 1
20121023 6 3 5 2 3 4
20121023 7 2 5 1 2 4
20121023 8 7 5 3 5 4
20121023 9 3 1 7 3 1
20121023 10 3 9 2 3 6
20121023 11 5 4 1 4 4
20121024 1 9 7 2 6 5
20121024 2 1 9 5 1 6
20121024 3 7 9 4 5 6
20121024 4 9 1 4 6 1
20121024 5 2 4 9 2 4
20121024 6 5 2 9 4 2
20121024 7 1 9 2 1 6
20121024 8 9 4 3 6 4
20121024 9 1 9 2 1 6
20121024 10 3 8 4 3 6
20121024 11 1 4 7 1 4
20121109 1 9 3 5 6 3
20121109 2 5 4 1 4 4
20121109 3 1 3 5 1 3
20121109 4 9 3 5 6 3
20121109 5 4 3 9 4 3
20121109 6 7 3 5 5 3
20121109 7 9 3 5 6 3
20121109 8 7 2 8 5 2
20121109 9 3 2 4 3 2
20121109 10 3 1 2 3 1
20121109 11 1 3 5 1 3
20121110 1 7 5 2 5 4
20121110 2 2 7 1 2 5
20121110 3 5 1 9 4 1
20121110 4 1 5 7 1 4
20121110 5 5 1 9 4 1
20121110 6 1 7 5 1 5
20121110 7 9 3 2 6 3
20121110 8 5 1 6 4 1
20121110 9 1 7 9 1 5
20121110 10 5 9 1 4 6
20121110 11 5 1 8 4 1
20121111 1 9 3 8 6 3
20121111 2 7 2 8 5 2
20121111 3 3 9 4 3 6
20121111 4 7 6 8 5 5
20121111 5 2 1 5 2 1
20121111 6 8 2 3 6 2
20121111 7 1 9 8 1 6
20121111 8 9 6 2 6 5
20121111 9 9 5 1 6 4
20121111 10 2 1 7 2 1
20121111 11 2 1 3 2 1
20121112 1 2 5 6 2 4
20121112 2 2 9 6 2 6
20121112 3 7 2 4 5 2
20121112 4 9 6 5 6 5
20121112 5 9 7 3 6 5
20121112 6 8 9 7 6 6
20121112 7 2 9 5 2 6
20121112 8 9 1 4 6 1
20121112 9 3 4 7 3 4
20121112 10 2 1 4 2 1
20121112 11 3 1 8 3 1
20121205 1 5 1 2 0 0
20121205 2 3 7 5 0 0
20121205 3 5 4 2 0 0
20121205 4 3 4 1 0 0
20121205 5 3 1 7 0 0
20121205 6 2 8 9 2 6
20121205 7 2 5 9 2 4
20121205 8 9 8 1 0 0
20121205 9 3 9 1 3 6
20121205 10 2 7 5 2 5
20121205 11 2 3 1 2 3
20121206 1 5 2 1 0 0
20121206 2 1 5 2 0 0
20121206 3 3 5 7 0 0
20121206 4 1 3 5 0 0
20121206 5 2 4 1 0 0
20121206 6 7 4 5 5 4
20121206 7 2 4 3 2 4
20121206 8 1 3 9 1 3
20121206 9 3 2 5 3 2
20121206 10 5 4 7 4 4
20121206 11 1 3 9 1 3
20121207 1 2 3 7 0 0
20121207 2 1 3 2 0 0
20121207 3 3 2 4 0 0
20121207 4 5 2 4 0 0
20121207 5 5 1 7 0 0
20121207 6 5 9 1 4 6
20121207 7 6 5 3 5 4
20121207 8 2 7 1 2 5
20121207 9 2 5 1 2 4
20121207 10 5 1 3 4 1
20121207 11 5 8 7 4 6
20121213 1 5 2 4 0 0
20121213 2 2 7 5 0 0
20121213 3 1 3 5 0 0
20121213 4 5 2 7 0 0
20121213 5 7 2 1 0 0
20121213 6 7 9 2 5 6
20121213 7 1 7 3 1 5
20121213 8 2 7 5 2 5
20121213 9 3 9 8 3 6
20121213 10 5 9 7 4 6
20121213 11 1 7 6 1 5
20121214 1 5 3 1 0 0
20121214 2 4 3 5 0 0
20121214 3 5 1 4 0 0
20121214 4 3 2 5 0 0
20121214 5 3 2 1 0 0
20121214 6 3 1 7 3 1
20121214 7 3 1 7 3 1
20121214 8 7 5 1 5 4
20121214 9 2 9 5 2 6
20121214 10 3 1 9 3 1
20121214 11 5 2 9 4 2
20121215 1 7 4 5 0 0
20121215 2 2 5 4 0 0
20121215 3 1 5 3 0 0
20121215 4 1 4 5 0 0
20121215 5 1 3 2 0 0
20121215 6 3 8 7 3 6
20121215 7 3 4 7 3 4
20121215 8 4 9 3 4 6
20121215 9 2 7 1 2 5
20121215 10 7 5 6 5 4
20121215 11 6 4 8 5 4
20130102 1 2 1 3 2 1
20130102 2 9 1 2 6 1
20130102 3 4 2 8 4 2
20130102 4 1 5 6 1 4
20130102 5 7 2 8 5 2
20130102 6 8 3 4 6 3
20130102 7 1 3 9 1 3
20130102 8 5 7 3 4 5
20130102 9 5 1 3 4 1
20130102 10 5 1 7 4 1
20130102 11 1 7 5 1 5
20130103 1 1 9 7 1 6
20130103 2 3 9 6 3 6
20130103 3 3 2 7 3 2
20130103 4 6 7 2 5 5
20130103 5 1 9 2 1 6
20130103 6 1 9 8 1 6
20130103 7 7 3 4 5 3
20130103 8 9 4 8 6 4
20130103 9 1 9 5 1 6
20130103 10 7 1 6 5 1
20130103 11 2 7 1 2 5
20130104 1 3 9 7 3 6
20130104 2 9 2 3 6 2
20130104 3 2 4 9 2 4
20130104 4 5 7 9 4 5
20130104 5 5 7 1 4 5
20130104 6 4 1 3 4 1
20130104 7 2 1 9 2 1
20130104 8 1 2 9 1 2
20130104 9 2 1 7 2 1
20130104 10 2 4 9 2 4
20130104 11 3 2 8 3 2
20130118 1 2 1 7 0 0
20130118 2 5 1 2 0 0
20130118 3 7 4 3 0 0
20130118 4 3 2 6 0 0
20130118 5 3 4 1 0 0
20130118 6 9 1 2 6 1
20130118 7 6 7 5 5 5
20130118 8 5 1 3 4 1
20130118 9 4 1 8 4 1
20130118 10 5 1 3 4 1
20130118 11 5 6 1 4 5
20130119 1 1 2 7 0 0
20130119 2 5 1 2 0 0
20130119 3 6 4 1 0 0
20130119 4 4 5 7 0 0
20130119 5 1 7 3 0 0
20130119 6 1 9 5 1 6
20130119 7 2 8 7 2 6
20130119 8 5 7 8 4 5
20130119 9 5 2 3 4 2
20130119 10 1 5 3 1 4
20130119 11 6 9 1 5 6
20130120 1 3 2 4 0 0
20130120 2 7 1 4 0 0
20130120 3 7 4 3 0 0
20130120 4 3 2 7 0 0
20130120 5 6 3 7 0 0
20130120 6 4 2 6 4 2
20130120 7 7 2 1 5 2
20130120 8 2 3 9 2 3
20130120 9 1 7 8 1 5
20130120 10 3 1 8 3 1
20130120 11 1 2 4 1 2
20130202 1 3 5 2 0 0
20130202 2 3 4 5 0 0
20130202 3 1 7 3 0 0
20130202 4 1 4 2 0 0
20130202 5 5 4 2 0 0
20130202 6 3 6 1 3 5
20130202 7 7 6 3 5 5
20130202 8 7 3 1 5 3
20130202 9 5 7 1 4 5
20130202 10 7 1 4 5 1
20130202 11 7 3 8 5 3
20130203 1 5 4 1 0 0
20130203 2 1 4 3 0 0
20130203 3 4 7 2 0 0
20130203 4 5 2 4 0 0
20130203 5 1 2 5 0 0
20130203 6 2 8 5 2 6
20130203 7 7 4 9 5 4
20130203 8 7 5 4 5 4
20130203 9 1 2 3 1 2
20130203 10 3 7 4 3 5
20130203 11 3 1 4 3 1
20130204 1 7 2 6 0 0
20130204 2 7 5 4 0 0
20130204 3 7 2 1 0 0
20130204 4 3 4 5 0 0
20130204 5 7 1 4 0 0
20130204 6 7 8 3 5 6
20130204 7 1 9 2 1 6
20130204 8 5 3 9 4 3
20130204 9 7 3 2 5 3
20130204 10 1 7 9 1 5
20130204 11 1 4 3 1 4
20130215 1 2 5 9 2 4
20130215 2 2 7 9 2 5
20130215 3 7 2 4 5 2
20130215 4 4 3 5 4 3
20130215 5 5 3 2 4 3
20130215 6 8 3 9 6 3
20130215 7 7 4 1 5 4
20130215 8 5 1 3 4 1
20130215 9 7 2 4 5 2
20130215 10 5 2 8 4 2
20130215 11 1 8 9 1 6
20130216 1 3 9 2 3 6
20130216 2 7 2 3 5 2
20130216 3 3 2 9 3 2
20130216 4 3 7 2 3 5
20130216 5 2 8 5 2 6
20130216 6 1 5 3 1 4
20130216 7 7 2 1 5 2
20130216 8 2 1 6 2 1
20130216 9 7 3 5 5 3
20130216 10 9 2 3 6 2
20130216 11 9 1 3 6 1
20130217 1 7 3 8 5 3
20130217 2 3 9 5 3 6
20130217 3 4 5 1 4 4
20130217 4 3 7 2 3 5
20130217 5 1 5 9 1 4
20130217 6 3 1 7 3 1
20130217 7 7 4 8 5 4
20130217 8 3 1 5 3 1
20130217 9 8 2 7 6 2
20130217 10 4 5 3 4 4
20130217 11 1 7 3 1 5
20130315 1 4 2 5 0 0
20130315 2 5 7 2 0 0
20130315 3 3 7 1 0 0
20130315 4 7 2 1 0 0
20130315 5 5 7 2 0 0
20130315 6 2 1 9 2 1
20130315 7 9 2 7 6 2
20130315 8 3 1 4 3 1
20130315 9 3 7 4 3 5
20130315 10 7 2 3 5 2
20130315 11 3 8 7 3 6
20130316 1 4 2 3 0 0
20130316 2 1 3 5 0 0
20130316 3 3 4 1 0 0
20130316 4 2 5 1 0 0
20130316 5 3 2 5 0 0
20130316 6 7 8 4 5 6
20130316 7 9 3 6 6 3
20130316 8 3 1 4 3 1
20130316 9 3 9 2 3 6
20130316 10 1 7 2 1 5
20130316 11 3 9 1 3 6
20130317 1 7 5 3 0 0
20130317 2 4 3 7 0 0
20130317 3 4 7 3 0 0
20130317 4 5 3 4 0 0
20130317 5 1 3 4 0 0
20130317 6 1 7 9 1 5
20130317 7 7 2 4 5 2
20130317 8 5 3 9 4 3
20130317 9 5 3 6 4 3
20130317 10 2 9 1 2 6
20130317 11 2 5 1 2 4
20130329 1 1 9 6 1 6
20130329 2 1 4 9 1 4
20130329 3 2 5 9 2 4
20130329 4 1 3 7 1 3
20130329 5 3 9 5 3 6
20130329 6 2 3 7 2 3
20130329 7 9 4 7 6 4
20130329 8 2 4 8 2 4
20130329 9 9 3 4 6 3
20130329 10 5 2 7 4 2
20130329 11 4 3 2 4 3
20130330 1 9 8 1 6 6
20130330 2 9 5 2 6 4
20130330 3 8 1 9 6 1
20130330 4 1 3 4 1 3
20130330 5 9 4 2 6 4
20130330 6 9 3 8 6 3
20130330 7 5 2 8 4 2
20130330 8 9 5 3 6 4
20130330 9 1 6 2 1 5
20130330 10 5 3 6 4 3
20130330 11 1 3 2 1 3
20130331 1 3 1 7 3 1
20130331 2 6 3 7 5 3
20130331 3 1 8 7 1 6
20130331 4 6 7 2 5 5
20130331 5 1 5 7 1 4
20130331 6 8 7 2 6 5
20130331 7 2 8 5 2 6
20130331 8 7 1 3 5 1
20130331 9 2 6 5 2 5
20130331 10 2 5 6 2 4
20130331 11 9 4 1 6 4
20130411 1 1 6 5 0 0
20130411 2 4 3 1 0 0
20130411 3 5 2 4 0 0
20130411 4 4 1 3 0 0
20130411 5 5 1 4 0 0
20130411 6 7 1 5 5 1
20130411 7 1 9 3 1 6
20130411 8 5 7 2 4 5
20130411 9 2 6 5 2 5
20130411 10 5 7 2 4 5
20130412 1 1 4 3 0 0
20130412 2 5 4 1 0 0
20130412 3 2 3 5 0 0
20130412 4 5 2 1 0 0
20130412 5 1 5 7 0 0
20130412 6 4 2 3 4 2
20130412 7 7 5 1 5 4
20130412 8 9 1 7 6 1
20130412 9 1 9 7 1 6
20130412 10 7 2 5 5 2
20130413 1 1 2 4 0 0
20130413 2 2 5 3 0 0
20130413 3 2 4 3 0 0
20130413 4 7 1 3 0 0
20130413 5 6 4 1 0 0
20130413 6 5 1 2 4 1
20130413 7 2 4 5 2 4
20130413 8 5 9 8 4 6
20130413 9 5 3 2 4 3
20130413 10 4 7 2 4 5
20130422 1 2 7 1 0 0
20130422 2 1 3 7 0 0
20130422 3 3 4 2 0 0
20130422 4 2 5 3 0 0
20130422 5 1 3 5 0 0
20130422 6 2 7 1 2 5
20130422 7 1 5 7 1 4
20130422 8 2 1 5 2 1
20130422 9 5 1 8 4 1
20130422 10 1 7 5 1 5
20130423 1 2 7 4 0 0
20130423 2 1 3 6 0 0
20130423 3 1 2 7 0 0
20130423 4 1 4 3 0 0
20130423 5 2 3 4 0 0
20130423 6 9 2 8 6 2
20130423 7 2 7 4 2 5
20130423 8 6 5 9 5 4
20130423 9 9 3 4 6 3
20130423 10 9 1 3 6 1
20130424 1 4 1 2 0 0
20130424 2 1 5 7 0 0
20130424 3 1 7 6 0 0
20130424 4 7 3 4 0 0
20130424 5 2 1 5 0 0
20130424 6 7 5 9 5 4
20130424 7 2 5 1 2 4
20130424 8 3 2 1 3 2
20130424 9 5 8 7 4 6
20130424 10 9 1 3 6 1
20130520 1 3 9 7 3 6
20130520 2 2 7 8 2 5
20130520 3 1 2 7 1 2
20130520 4 1 7 8 1 5
20130520 5 9 5 6 6 4
20130520 6 4 2 6 4 2
20130520 7 3 5 1 3 4
20130520 8 1 7 5 1 5
20130520 9 1 5 9 1 4
20130520 10 2 1 7 2 1
20130520 11 1 5 9 1 4
20130521 1 3 9 4 3 6
20130521 2 3 4 2 3 4
20130521 3 8 1 7 6 1
20130521 4 1 7 9 1 5
20130521 5 6 9 1 5 6
20130521 6 3 5 8 3 4
20130521 7 6 3 7 5 3
20130521 8 3 2 1 3 2
20130521 9 1 5 2 1 4
20130521 10 8 5 1 6 4
20130521 11 3 2 7 3 2
20130522 1 2 7 8 2 5
20130522 2 1 7 8 1 5
20130522 3 9 2 5 6 2
20130522 4 1 2 4 1 2
20130522 5 9 5 7 6 4
20130522 6 4 7 3 4 5
20130522 7 2 1 3 2 1
20130522 8 7 3 5 5 3
20130522 9 5 3 1 4 3
20130522 10 3 5 8 3 4
20130522 11 1 5 6 1 4
20130603 1 8 1 4 6 1
20130603 2 7 5 3 5 4
20130603 3 2 9 5 2 6
20130603 4 4 7 5 4 5
20130603 5 9 5 1 6 4
20130603 6 6 7 2 5 5
20130603 7 1 2 7 1 2
20130603 8 7 1 2 5 1
20130603 9 1 7 3 1 5
20130603 10 2 9 7 2 6
20130603 11 1 2 6 1 2
20130604 1 5 9 2 4 6
20130604 2 2 7 9 2 5
20130604 3 7 2 1 5 2
20130604 4 1 6 3 1 5
20130604 5 7 5 2 5 4
20130604 6 5 1 9 4 1
20130604 7 1 3 5 1 3
20130604 8 1 9 2 1 6
20130604 9 2 5 7 2 4
20130604 10 7 2 8 5 2
20130604 11 1 9 3 1 6
20130605 1 7 2 9 5 2
20130605 2 5 3 8 4 3
20130605 3 9 5 3 6 4
20130605 4 5 7 3 4 5
20130605 5 2 5 4 2 4
20130605 6 8 5 3 6 5
20130605 7 2 7 5 2 6
20130605 8 8 1 5 6 1
20130605 9 7 4 9 5 4
20130605 10 3 4 1 3 4
20130605 11 9 2 1 6 2
20130610 1 5 7 2 0 0
20130610 2 3 5 1 0 0
20130610 3 3 4 5 0 0
20130610 4 7 2 1 0 0
20130610 5 3 1 2 0 0
20130610 6 5 2 8 4 2
20130610 7 3 5 2 3 4
20130610 8 2 9 8 2 6
20130610 9 3 7 1 3 5
20130610 10 5 9 7 4 6
20130611 1 2 5 4 0 0
20130611 2 5 4 1 0 0
20130611 3 7 2 3 0 0
20130611 4 4 5 3 0 0
20130611 5 7 1 4 0 0
20130611 6 5 1 7 4 1
20130611 7 2 3 5 2 3
20130611 8 1 4 5 1 4
20130611 9 7 5 1 5 4
20130611 10 7 1 2 5 1
20130612 1 4 5 3 0 0
20130612 2 5 3 1 0 0
20130612 3 5 1 2 0 0
20130612 4 2 7 1 0 0
20130612 5 3 2 1 0 0
20130612 6 1 7 3 1 5
20130612 7 6 7 1 5 5
20130612 8 1 7 4 1 5
20130612 9 3 8 1 3 6
20130612 10 9 2 3 6 2
20130620 1 7 3 5 0 0
20130620 2 3 5 2 0 0
20130620 3 5 3 4 0 0
20130620 4 1 7 2 0 0
20130620 5 5 1 3 0 0
20130620 6 2 7 1 2 5
20130620 7 3 9 1 3 6
20130620 8 3 7 8 3 5
20130620 9 3 9 1 3 6
20130620 10 1 7 2 1 5
20130621 1 5 7 1 0 0
20130621 2 4 3 5 0 0
20130621 3 3 7 1 0 0
20130621 4 3 1 2 0 0
20130621 5 1 7 4 0 0
20130621 6 2 1 9 2 1
20130621 7 3 8 1 3 6
20130621 8 2 4 6 2 4
20130621 9 3 1 7 3 1
20130621 10 1 5 9 1 4
20130622 1 1 5 7 0 0
20130622 2 1 3 4 0 0
20130622 3 3 1 5 0 0
20130622 4 7 1 4 0 0
20130622 5 5 2 1 0 0
20130622 6 5 4 2 4 4
20130622 7 7 2 4 5 2
20130622 8 3 9 8 3 6
20130622 9 7 2 1 5 2
20130622 10 4 3 5 4 3
20130708 1 2 1 7 0 0
20130708 2 5 3 2 0 0
20130708 3 2 5 7 0 0
20130708 4 5 1 2 0 0
20130708 5 3 1 5 0 0
20130708 6 3 1 9 3 1
20130708 7 5 2 8 4 2
20130708 8 2 7 5 2 5
20130708 9 1 6 8 1 5
20130708 10 2 1 3 2 1
20130709 1 2 7 4 0 0
20130709 2 2 3 5 0 0
20130709 3 4 1 3 0 0
20130709 4 2 1 3 0 0
20130709 5 2 7 5 0 0
20130709 6 7 3 1 5 3
20130709 7 3 5 8 3 4
20130709 8 5 9 3 4 6
20130709 9 1 7 9 1 5
20130709 10 7 8 2 5 6
20130710 1 7 2 3 0 0
20130710 2 2 3 7 0 0
20130710 3 7 2 6 0 0
20130710 4 4 1 6 0 0
20130710 5 1 4 3 0 0
20130710 6 1 3 5 1 3
20130710 7 7 1 4 5 1
20130710 8 3 5 1 3 4
20130710 9 3 4 6 3 4
20130710 10 2 1 9 2 1
20130716 1 4 5 1 0 0
20130716 2 6 3 5 0 0
20130716 3 4 3 1 0 0
20130716 4 7 3 5 0 0
20130716 5 5 2 6 0 0
20130716 6 2 3 1 2 3
20130716 7 9 6 2 6 5
20130716 8 5 1 7 4 1
20130716 9 5 1 4 4 1
20130716 10 6 3 4 5 3
20130717 1 5 7 3 0 0
20130717 2 2 5 7 0 0
20130717 3 7 5 3 0 0
20130717 4 2 5 4 0 0
20130717 5 5 1 2 0 0
20130717 6 9 2 5 6 2
20130717 7 1 5 2 1 4
20130717 8 3 2 9 3 2
20130717 9 1 7 3 1 5
20130717 10 1 9 5 1 6
20130718 1 3 5 4 0 0
20130718 2 3 2 6 0 0
20130718 3 4 3 2 0 0
20130718 4 4 5 7 0 0
20130718 5 1 6 2 0 0
20130718 6 7 3 9 5 3
20130718 7 5 1 3 4 1
20130718 8 9 1 2 6 1
20130718 9 9 3 2 6 3
20130718 10 3 1 9 3 1
20130925 1 9 7 1 6 5
20130925 2 9 1 6 6 1
20130925 3 2 5 7 2 4
20130925 4 9 7 2 6 5
20130925 5 7 1 4 5 1
20130925 6 2 4 9 2 4
20130925 7 7 2 5 5 2
20130925 8 5 8 7 4 6
20130925 9 1 7 2 1 5
20130925 10 3 5 9 3 4
20130925 11 7 2 6 5 2
20130926 1 5 1 4 4 1
20130926 2 7 2 8 5 2
20130926 3 5 6 3 4 5
20130926 4 7 5 9 5 4
20130926 5 7 3 5 5 3
20130926 6 1 2 7 1 2
20130926 7 2 7 3 2 5
20130926 8 5 9 1 4 6
20130926 9 5 2 3 4 2
20130926 10 9 2 1 6 2
20130926 11 1 9 7 1 6
20130927 1 1 3 4 1 3
20130927 2 2 9 5 2 6
20130927 3 5 2 4 4 2
20130927 4 8 5 4 6 4
20130927 5 3 9 7 3 6
20130927 6 2 9 1 2 6
20130927 7 4 7 2 4 5
20130927 8 1 6 9 1 5
20130927 9 1 8 5 1 6
20130927 10 2 3 5 2 3
20130927 11 2 3 5 2 3
20131009 1 5 4 7 0 0
20131009 2 2 7 4 0 0
20131009 3 3 4 5 0 0
20131009 4 1 4 5 0 0
20131009 5 5 2 7 0 0
20131009 6 7 1 8 5 1
20131009 7 9 2 5 6 2
20131009 8 5 9 2 4 6
20131009 9 1 2 7 1 2
20131009 10 8 3 9 6 3
20131010 1 1 4 2 0 0
20131010 2 2 3 4 0 0
20131010 3 2 7 4 0 0
20131010 4 2 4 7 0 0
20131010 5 3 4 7 0 0
20131010 6 9 4 3 6 4
20131010 7 2 1 5 2 1
20131010 8 5 1 2 4 1
20131010 9 4 3 5 4 3
20131010 10 1 9 4 1 6
20131011 1 5 2 7 0 0
20131011 2 1 3 2 0 0
20131011 3 1 3 7 0 0
20131011 4 1 5 2 0 0
20131011 5 2 1 4 0 0
20131011 6 1 4 7 1 4
20131011 7 9 4 8 6 4
20131011 8 3 7 5 3 5
20131011 9 3 9 7 3 6
20131011 10 1 5 7 1 4
20131025 1 3 5 2 0 0
20131025 2 4 3 7 0 0
20131025 3 5 4 7 0 0
20131025 4 2 5 3 0 0
20131025 5 4 5 7 0 0
20131025 6 1 9 3 1 6
20131025 7 3 7 5 3 5
20131025 8 5 7 1 4 5
20131025 9 3 2 9 3 2
20131025 10 1 4 8 1 4
20131026 1 7 2 3 0 0
20131026 2 5 3 7 0 0
20131026 3 5 2 7 0 0
20131026 4 7 1 5 0 0
20131026 5 6 7 2 0 0
20131026 6 7 3 8 5 3
20131026 7 9 7 1 6 5
20131026 8 3 7 9 3 5
20131026 9 3 5 4 3 4
20131026 10 7 5 1 5 4
20131027 1 3 2 4 0 0
20131027 2 1 7 4 0 0
20131027 3 5 4 7 0 0
20131027 4 2 3 1 0 0
20131027 5 3 4 1 0 0
20131027 6 1 9 7 1 6
20131027 7 7 5 9 5 4
20131027 8 6 5 9 5 4
20131027 9 7 2 1 5 2
20131027 10 7 1 9 5 1
20131109 1 7 1 3 5 1
20131109 2 9 1 8 6 1
20131109 3 7 5 2 5 4
20131109 4 5 1 2 4 1
20131109 5 3 1 6 3 1
20131109 6 7 2 9 5 2
20131109 7 1 3 7 1 3
20131109 8 3 7 4 3 5
20131109 9 9 4 3 6 4
20131109 10 2 9 1 2 6
20131109 11 1 9 7 1 6
20131109 12 7 2 9 5 2
20131110 1 1 9 3 1 6
20131110 2 7 8 2 5 6
20131110 3 9 1 3 6 1
20131110 4 1 5 9 1 4
20131110 5 9 2 5 6 2
20131110 6 9 3 2 6 3
20131110 7 7 1 9 5 1
20131110 8 5 3 7 4 3
20131110 9 2 3 4 2 3
20131110 10 1 4 8 1 4
20131110 11 2 3 5 2 3
20131111 1 5 7 6 4 5
20131111 2 7 2 1 5 2
20131111 3 5 1 3 4 1
20131111 4 5 1 7 4 1
20131111 5 3 4 1 3 4
20131111 6 9 3 4 6 3
20131111 7 3 6 5 3 5
20131111 8 8 9 1 6 6
20131111 9 1 3 8 1 3
20131111 10 4 3 9 4 3
20131111 11 1 3 5 1 3
20131112 1 6 4 9 5 4
20131112 2 3 5 6 3 4
20131112 3 5 1 2 4 1
20131112 4 9 7 1 6 5
20131112 5 9 2 3 6 2
20131112 6 5 3 6 4 3
20131112 7 1 5 3 1 4
20131112 8 2 5 3 2 4
20131112 9 5 1 7 4 1
20131112 10 1 5 2 1 4
20131112 11 1 7 9 1 5
20131213 1 2 5 3 0 0
20131213 2 3 2 1 0 0
20131213 3 2 4 1 0 0
20131213 4 4 5 3 0 0
20131213 5 5 3 1 0 0
20131213 6 3 7 1 3 5
20131213 7 2 1 9 2 1
20131213 8 5 9 7 4 6
20131213 9 7 2 3 5 2
20131213 10 3 1 4 3 1
20131214 1 5 3 1 0 0
20131214 2 7 3 1 0 0
20131214 3 4 1 6 0 0
20131214 4 2 1 3 0 0
20131214 5 3 4 1 0 0
20131214 6 7 6 5 5 5
20131214 7 9 1 4 6 1
20131214 8 9 5 1 6 4
20131214 9 5 9 2 4 6
20131214 10 1 9 7 1 6
20131215 1 7 4 5 0 0
20131215 2 5 3 2 0 0
20131215 3 3 2 1 0 0
20131215 4 1 5 4 0 0
20131215 5 3 7 2 0 0
20131215 6 7 2 3 5 2
20131215 7 2 5 4 2 4
20131215 8 7 2 4 5 2
20131215 9 1 7 5 1 5
20131215 10 1 7 6 1 5
20140108 1 7 9 6 5 6
20140108 2 1 5 8 1 4
20140108 3 1 3 7 1 3
20140108 4 2 1 7 2 1
20140108 5 3 5 7 3 4
20140108 6 4 1 3 4 1
20140108 7 5 1 7 4 1
20140108 8 1 3 4 1 3
20140108 9 5 3 9 4 3
20140108 10 6 4 5 5 4
20140108 11 9 1 2 6 1
20140109 1 3 4 9 3 4
20140109 2 3 5 9 3 4
20140109 3 7 3 2 5 3
20140109 4 3 1 9 3 1
20140109 5 2 7 5 2 5
20140109 6 4 2 9 4 2
20140109 7 3 5 1 3 4
20140109 8 7 5 6 5 4
20140109 9 7 8 2 5 6
20140109 10 7 1 3 5 1
20140109 11 1 3 9 1 3
20140110 1 1 3 5 1 3
20140110 2 2 9 5 2 6
20140110 3 7 9 8 5 6
20140110 4 9 5 3 6 4
20140110 5 7 2 6 5 2
20140110 6 1 9 4 1 6
20140110 7 9 7 2 6 5
20140110 8 8 9 3 6 6
20140110 9 3 2 8 3 2
20140110 10 9 3 7 6 3
20140110 11 1 7 2 1 5
20140122 1 5 1 6 4 1
20140122 2 4 9 1 4 6
20140122 3 1 7 5 1 5
20140122 4 3 9 7 3 6
20140122 5 3 2 1 3 2
20140122 6 8 2 6 6 2
20140122 7 5 3 8 4 3
20140122 8 5 9 1 4 6
20140122 9 7 9 3 5 6
20140122 10 3 7 4 3 5
20140122 11 2 5 9 2 4
20140123 1 5 6 9 4 5
20140123 2 9 7 4 6 5
20140123 3 9 7 8 6 5
20140123 4 5 2 7 4 2
20140123 5 7 1 9 5 1
20140123 6 1 9 7 1 6
20140123 7 7 5 3 5 4
20140123 8 5 8 9 4 6
20140123 9 7 9 8 5 6
20140123 10 9 2 1 6 2
20140123 11 7 1 8 5 1
20140124 1 9 7 3 6 5
20140124 2 5 6 2 4 5
20140124 3 4 8 2 4 6
20140124 4 7 4 9 5 4
20140124 5 9 5 3 6 4
20140124 6 9 1 2 6 1
20140124 7 5 9 2 4 6
20140124 8 5 3 7 4 3
20140124 9 2 5 1 2 4
20140124 10 6 2 8 5 2
20140124 11 7 5 8 5 4
20140204 1 7 1 3 0 0
20140204 2 5 1 2 0 0
20140204 3 4 5 1 0 0
20140204 4 4 5 3 0 0
20140204 5 3 2 5 0 0
20140204 6 7 9 3 5 6
20140204 7 9 3 1 6 3
20140204 8 9 1 6 6 1
20140204 9 7 1 3 5 1
20140204 10 7 4 5 5 4
20140205 1 5 3 2 0 0
20140205 2 3 5 1 0 0
20140205 3 2 5 3 0 0
20140205 4 1 7 4 0 0
20140205 5 2 7 5 0 0
20140205 6 5 3 2 4 3
20140205 7 3 9 7 3 6
20140205 8 7 1 2 5 1
20140205 9 5 3 2 4 3
20140205 10 9 1 2 6 1
20140206 1 7 5 4 0 0
20140206 2 2 1 7 0 0
20140206 3 2 6 7 0 0
20140206 4 1 6 5 0 0
20140206 5 6 1 5 0 0
20140206 6 5 9 2 4 6
20140206 7 6 2 1 5 2
20140206 8 1 2 6 1 2
20140206 9 7 1 9 5 1
20140206 10 3 1 4 3 1
20140222 1 3 2 1 0 0
20140222 2 3 7 2 0 0
20140222 3 5 3 1 0 0
20140222 4 2 4 6 0 0
20140222 5 1 5 2 0 0
20140222 6 7 1 6 0 0
20140222 7 5 1 4 0 0
20140222 8 5 1 2 4 1
20140222 9 9 2 6 6 2
20140222 10 1 5 6 1 4
20140222 11 2 7 4 2 5
20140222 12 4 3 8 4 3
20140223 1 3 2 7 0 0
20140223 2 4 7 3 0 0
20140223 3 4 1 2 0 0
20140223 4 2 7 3 0 0
20140223 5 2 7 4 0 0
20140223 6 3 7 1 0 0
20140223 7 3 6 2 0 0
20140223 8 1 9 5 1 6
20140223 9 5 7 8 4 5
20140223 10 2 8 5 2 6
20140223 11 1 3 7 1 3
20140223 12 6 1 9 5 1
20140224 1 5 6 7 0 0
20140224 2 4 2 5 0 0
20140224 3 1 7 4 0 0
20140224 4 4 1 6 0 0
20140224 5 4 1 7 0 0
20140224 6 5 2 6 4 2
20140224 7 2 8 1 2 6
20140224 8 1 3 2 0 0
20140224 9 5 2 1 0 0
20140224 10 7 5 2 5 4
20140224 11 8 6 9 6 5
20140224 12 1 5 6 1 4
20140314 1 3 7 2 3 5
20140314 2 7 3 2 5 3
20140314 3 5 1 6 4 1
20140314 4 1 9 3 1 6
20140314 5 1 7 9 1 5
20140314 6 4 7 5 0 0
20140314 7 5 1 2 0 0
20140314 8 4 3 1 4 3
20140314 9 2 6 3 2 5
20140314 10 9 2 1 6 2
20140314 11 8 7 2 6 5
20140314 12 1 6 3 1 5
20140315 1 9 1 7 6 1
20140315 2 1 9 5 1 6
20140315 3 7 2 1 5 2
20140315 4 9 5 1 6 4
20140315 5 3 4 8 3 4
20140315 6 2 1 3 0 0
20140315 7 1 3 7 0 0
20140315 8 9 6 7 6 5
20140315 9 3 7 8 3 5
20140315 10 8 9 7 6 6
20140315 11 1 8 5 1 6
20140315 12 8 7 5 6 5
20140316 1 7 2 5 5 2
20140316 2 2 8 4 2 6
20140316 3 9 7 4 6 5
20140316 4 5 2 7 4 2
20140316 5 4 3 1 0 0
20140316 6 5 3 1 4 3
20140316 7 4 2 6 4 2
20140316 8 1 2 7 0 0
20140316 9 3 5 4 3 4
20140316 10 6 3 5 5 3
20140316 11 2 9 4 2 6
20140316 12 7 5 1 5 4
20140409 1 4 1 2 0 0
20140409 2 2 3 4 0 0
20140409 3 3 4 1 0 0
20140409 4 4 1 3 0 0
20140409 5 5 1 7 0 0
20140409 6 1 5 2 1 4
20140409 7 2 5 8 2 4
20140409 8 1 2 8 1 2
20140409 9 3 1 7 3 1
20140409 10 2 5 4 2 4
20140410 1 5 2 1 0 0
20140410 2 2 5 7 0 0
20140410 3 3 1 2 0 0
20140410 4 3 7 6 0 0
20140410 5 2 1 5 0 0
20140410 6 6 9 3 5 6
20140410 7 1 9 6 1 6
20140410 8 5 2 3 4 2
20140410 9 1 7 4 1 5
20140410 10 5 4 7 4 4
20140411 1 4 3 2 0 0
20140411 2 1 7 4 0 0
20140411 3 4 3 1 0 0
20140411 4 2 4 1 0 0
20140411 5 4 1 7 0 0
20140411 6 4 9 7 4 6
20140411 7 5 1 3 4 1
20140411 8 2 9 1 2 6
20140411 9 7 5 2 5 4
20140411 10 1 7 9 1 5
20140508 1 1 5 2 0 0
20140508 2 4 1 3 0 0
20140508 3 5 1 3 0 0
20140508 4 7 1 2 0 0
20140508 5 4 2 1 0 0
20140508 6 7 6 2 5 5
20140508 7 9 1 3 6 1
20140508 8 5 4 1 4 4
20140508 9 5 2 3 4 2
20140508 10 7 9 5 5 6
20140509 1 2 5 3 0 0
20140509 2 7 2 5 0 0
20140509 3 5 2 1 0 0
20140509 4 2 5 1 0 0
20140509 5 3 6 5 0 0
20140509 6 1 9 2 1 6
20140509 7 9 2 7 6 2
20140509 8 2 9 1 2 6
20140509 9 7 8 5 5 6
20140509 10 1 5 9 1 4
20140510 1 5 1 3 0 0
20140510 2 1 7 3 0 0
20140510 3 1 3 2 0 0
20140510 4 3 4 6 0 0
20140510 5 5 3 7 0 0
20140510 6 7 5 9 5 4
20140510 7 5 9 8 4 6
20140510 8 2 5 3 2 4
20140510 9 7 9 5 5 6
20140510 10 3 2 5 3 2
20140517 1 7 2 3 5 2
20140517 2 2 9 5 2 6
20140517 3 2 7 4 2 5
20140517 4 2 7 3 2 5
20140517 5 9 5 7 6 4
20140517 6 9 4 1 6 4
20140517 7 5 7 6 4 5
20140517 8 7 4 9 5 4
20140517 9 1 6 5 1 5
20140517 10 4 2 9 4 2
20140517 11 1 5 6 1 4
20140518 1 1 7 4 1 5
20140518 2 2 9 7 2 6
20140518 3 3 9 1 3 6
20140518 4 7 5 1 5 4
20140518 5 2 8 4 2 6
20140518 6 4 9 3 4 6
20140518 7 4 1 3 4 1
20140518 8 7 2 6 5 2
20140518 9 2 9 5 2 6
20140518 10 7 9 2 5 6
20140518 11 5 9 2 4 6
20140602 1 1 3 5 1 3
20140602 2 2 4 3 2 4
20140602 3 1 2 8 1 2
20140602 4 2 9 4 2 6
20140602 5 1 7 3 1 5
20140602 6 3 9 4 3 6
20140602 7 4 5 7 4 4
20140602 8 5 2 8 4 2
20140602 9 3 9 2 3 6
20140602 10 5 7 1 4 5
20140602 11 9 8 5 6 6
20140603 1 4 8 3 4 6
20140603 2 5 7 3 4 5
20140603 3 9 4 3 6 4
20140603 4 5 9 3 4 6
20140603 5 9 7 5 6 5
20140603 6 3 2 1 3 2
20140603 7 7 9 1 5 6
20140603 8 3 9 6 3 6
20140603 9 1 9 3 1 6
20140603 10 8 2 5 6 2
20140603 11 7 3 8 5 3
20140604 1 2 9 7 2 6
20140604 2 5 2 4 4 2
20140604 3 3 1 2 3 1
20140604 4 1 9 7 1 6
20140604 5 3 1 8 3 1
20140604 6 1 9 5 1 6
20140604 7 5 1 2 4 1
20140604 8 2 7 4 2 5
20140604 9 1 2 5 1 2
20140604 10 7 3 2 5 3
20140604 11 3 5 2 3 4
20140626 1 7 5 1 5 4
20140626 2 2 9 3 2 6
20140626 3 3 4 9 3 4
20140626 4 3 7 1 3 5
20140626 5 5 2 9 4 2
20140626 6 9 7 1 6 5
20140626 7 7 6 8 5 5
20140626 8 5 1 7 4 1
20140626 9 1 3 7 1 3
20140626 10 7 8 1 5 6
20140626 11 7 5 4 5 4
20140626 12 2 9 3 2 6
20140627 1 3 9 2 3 6
20140627 2 5 1 7 4 1
20140627 3 7 5 1 5 4
20140627 4 2 1 5 2 1
20140627 5 6 3 2 5 3
20140627 6 1 5 2 1 4
20140627 7 5 2 1 4 2
20140627 8 5 9 3 4 6
20140627 9 9 5 4 6 4
20140627 10 9 3 1 6 3
20140627 11 9 1 8 6 1
20140627 12 3 9 6 3 6
20140628 1 5 1 9 4 1
20140628 2 9 2 5 6 2
20140628 3 9 1 5 6 1
20140628 4 2 9 4 2 6
20140628 5 9 1 4 6 1
20140628 6 7 1 9 5 1
20140628 7 7 6 9 5 5
20140628 8 2 3 7 2 3
20140628 9 3 1 7 3 1
20140628 10 3 9 2 3 6
20140628 11 9 2 5 6 2
20140628 12 3 1 9 3 1
20140629 1 2 5 3 2 4
20140629 2 2 8 4 2 6
20140629 3 1 7 9 1 5
20140629 4 9 6 1 6 5
20140629 5 2 7 4 2 5
20140629 6 5 9 2 4 6
20140629 7 5 2 9 4 2
20140629 8 1 3 5 1 3
20140629 9 2 1 3 0 0
20140629 10 2 9 4 2 6
20140629 11 5 1 9 4 1
20140629 12 7 9 6 5 6
20140707 1 1 2 9 1 2
20140707 2 1 5 9 1 4
20140707 3 9 3 1 6 3
20140707 4 3 9 5 3 6
20140707 5 2 7 9 2 5
20140707 6 9 5 1 6 4
20140707 7 7 8 5 5 6
20140707 8 9 3 7 6 3
20140707 9 9 1 4 6 1
20140707 10 7 4 2 5 4
20140707 11 2 5 3 2 4
20140708 1 8 5 1 6 4
20140708 2 3 1 2 3 1
20140708 3 5 2 8 4 2
20140708 4 4 1 2 4 1
20140708 5 7 2 9 5 2
20140708 6 9 1 2 6 1
20140708 7 2 8 9 2 6
20140708 8 5 7 9 4 5
20140708 9 3 4 5 3 4
20140708 10 5 1 9 4 1
20140708 11 7 5 3 5 4
20140709 1 3 2 6 3 2
20140709 2 9 6 7 6 5
20140709 3 7 1 8 5 1
20140709 4 1 5 9 1 4
20140709 5 7 9 3 5 6
20140709 6 6 1 5 5 1
20140709 7 2 4 6 2 4
20140709 8 8 1 7 6 1
20140709 9 7 5 9 5 4
20140709 10 1 3 4 1 3
20140709 11 2 9 7 2 6
20140811 1 3 7 6 0 0
20140811 2 2 7 1 0 0
20140811 3 1 3 7 0 0
20140811 4 5 3 7 0 0
20140811 5 3 6 5 0 0
20140811 6 2 5 1 2 4
20140811 7 8 2 5 6 2
20140811 8 9 4 7 6 4
20140811 9 9 3 1 6 3
20140811 10 7 9 1 5 6
20140812 1 2 3 1 0 0
20140812 2 1 4 5 0 0
20140812 3 4 7 1 0 0
20140812 4 7 6 2 0 0
20140812 5 5 2 1 0 0
20140812 6 2 7 9 2 5
20140812 7 5 9 6 4 6
20140812 8 7 5 4 5 4
20140812 9 5 7 6 4 5
20140812 10 7 3 9 5 3
20140813 1 7 3 4 0 0
20140813 2 3 7 4 0 0
20140813 3 2 3 4 0 0
20140813 4 1 7 2 0 0
20140813 5 1 4 7 0 0
20140813 6 5 2 7 4 2
20140813 7 7 1 9 5 1
20140813 8 7 4 8 5 4
20140813 9 9 7 1 6 5
20140813 10 7 6 1 5 5
20140905 1 1 4 7 0 0
20140905 2 2 6 5 0 0
20140905 3 4 5 1 0 0
20140905 4 3 7 5 0 0
20140905 5 1 6 2 0 0
20140905 6 2 7 4 2 5
20140905 7 9 2 7 6 2
20140905 8 9 2 7 6 2
20140905 9 7 9 1 5 6
20140905 10 5 3 7 4 3
20140906 1 4 2 3 0 0
20140906 2 1 4 3 0 0
20140906 3 4 6 3 0 0
20140906 4 5 1 2 0 0
20140906 5 2 4 1 0 0
20140906 6 5 1 2 4 1
20140906 7 9 1 2 6 1
20140906 8 7 5 2 5 4
20140906 9 7 1 8 5 1
20140906 10 5 4 2 4 4
20140907 1 4 7 1 0 0
20140907 2 1 4 3 0 0
20140907 3 1 5 6 0 0
20140907 4 1 3 6 0 0
20140907 5 5 7 4 0 0
20140907 6 2 3 8 2 3
20140907 7 4 1 2 4 1
20140907 8 1 4 5 1 4
20140907 9 7 1 5 5 1
20140907 10 9 3 2 6 3
20140916 1 1 3 9 1 3
20140916 2 9 5 2 6 4
20140916 3 9 7 2 6 5
20140916 4 1 7 5 1 5
20140916 5 2 9 5 2 6
20140916 6 4 1 6 0 0
20140916 7 5 7 4 0 0
20140916 8 7 9 3 5 6
20140916 9 5 2 7 4 2
20140916 10 3 1 9 3 1
20140916 11 2 7 3 2 5
20140916 12 3 5 8 3 4
20140917 1 2 5 8 2 4
20140917 2 5 1 9 4 1
20140917 3 9 4 3 6 4
20140917 4 9 7 4 6 5
20140917 5 7 1 9 5 1
20140917 6 3 6 2 0 0
20140917 7 4 3 1 0 0
20140917 8 9 4 3 6 4
20140917 9 9 2 1 6 2
20140917 10 7 8 4 5 6
20140917 11 6 9 5 5 6
20140917 12 5 9 1 4 6
20140918 1 5 6 3 4 5
20140918 2 7 3 9 5 3
20140918 3 5 1 6 4 1
20140918 4 7 3 8 5 3
20140918 5 6 3 1 0 0
20140918 6 7 2 6 5 2
20140918 7 5 3 7 4 3
20140918 8 1 2 5 0 0
20140918 9 9 7 4 6 5
20140918 10 1 4 9 1 4
20140918 11 1 3 7 1 3
20140918 12 2 4 5 2 4
20141023 1 5 4 2 0 0
20141023 2 2 3 7 0 0
20141023 3 4 2 7 0 0
20141023 4 5 2 6 0 0
20141023 5 3 5 7 0 0
20141023 6 5 9 2 4 6
20141023 7 3 1 5 3 1
20141023 8 7 1 4 5 1
20141023 9 9 1 5 6 1
20141023 10 6 1 2 5 1
20141024 1 7 5 1 0 0
20141024 2 4 2 5 0 0
20141024 3 1 5 2 0 0
20141024 4 4 7 3 0 0
20141024 5 1 7 2 0 0
20141024 6 2 7 4 2 5
20141024 7 1 4 9 1 4
20141024 8 5 4 1 4 4
20141024 9 3 2 1 3 2
20141024 10 1 5 9 1 4
20141025 1 5 2 4 0 0
20141025 2 3 1 2 0 0
20141025 3 7 3 5 0 0
20141025 4 4 2 6 0 0
20141025 5 1 4 5 0 0
20141025 6 9 3 5 6 3
20141025 7 8 7 1 6 5
20141025 8 3 4 9 3 4
20141025 9 7 5 9 5 4
20141025 10 7 3 9 5 3
20141118 1 7 1 3 0 0
20141118 2 7 4 5 0 0
20141118 3 5 3 1 0 0
20141118 4 4 7 2 0 0
20141118 5 5 7 3 0 0
20141118 6 1 3 9 1 3
20141118 7 5 1 2 4 1
20141118 8 1 3 7 1 3
20141118 9 2 9 7 2 6
20141118 10 8 7 1 6 5
20141119 1 4 1 5 0 0
20141119 2 5 1 4 0 0
20141119 3 4 2 5 0 0
20141119 4 1 7 6 0 0
20141119 5 3 7 5 0 0
20141119 6 8 7 6 6 5
20141119 7 9 7 2 6 5
20141119 8 7 2 5 5 2
20141119 9 1 7 4 1 5
20141119 10 7 2 1 5 2
20141120 1 1 3 7 0 0
20141120 2 3 2 7 0 0
20141120 3 6 3 4 0 0
20141120 4 7 4 5 0 0
20141120 5 1 7 3 0 0
20141120 6 5 2 8 4 2
20141120 7 1 4 3 1 4
20141120 8 2 5 9 2 4
20141120 9 2 1 5 2 1
20141120 10 8 2 4 6 2
20141217 1 5 7 2 4 5
20141217 2 1 5 8 1 4
20141217 3 1 7 5 1 5
20141217 4 1 7 4 1 5
20141217 5 3 8 9 3 6
20141217 6 9 1 7 6 1
20141217 7 2 5 3 2 4
20141217 8 3 2 1 3 2
20141217 9 9 4 2 6 4
20141217 10 5 3 1 4 3
20141217 11 7 9 4 5 6
20141218 1 2 5 7 2 4
20141218 2 7 1 4 5 1
20141218 3 3 7 4 3 5
20141218 4 7 5 1 5 4
20141218 5 7 1 3 5 1
20141218 6 9 2 1 6 2
20141218 7 5 4 2 4 4
20141218 8 1 5 7 1 4
20141218 9 9 4 3 6 4
20141218 10 5 8 3 4 6
20141218 11 1 5 9 1 4
20141219 1 2 6 9 2 5
20141219 2 1 5 3 1 4
20141219 3 4 6 3 4 5
20141219 4 7 1 5 5 1
20141219 5 2 7 4 2 5
20141219 6 2 5 9 2 4
20141219 7 3 2 1 3 2
20141219 8 5 1 2 4 1
20141219 9 2 9 4 2 6
20141219 10 3 5 1 3 4
20141219 11 7 4 9 5 4
20150101 1 1 5 4 0 0
20150101 2 1 7 3 0 0
20150101 3 1 5 4 0 0
20150101 4 6 3 2 0 0
20150101 5 1 4 2 0 0
20150101 6 4 7 9 4 5
20150101 7 9 1 5 6 1
20150101 8 3 2 9 3 2
20150101 9 7 2 3 5 2
20150101 10 7 4 9 5 4
20150102 1 5 2 7 0 0
20150102 2 2 1 3 0 0
20150102 3 5 4 3 0 0
20150102 4 7 4 2 0 0
20150102 5 3 7 1 0 0
20150102 6 2 1 7 2 1
20150102 7 1 2 8 1 2
20150102 8 9 7 3 6 5
20150102 9 9 1 2 6 1
20150102 10 3 9 1 3 6
20150103 1 3 7 1 0 0
20150103 2 5 3 2 0 0
20150103 3 1 7 3 0 0
20150103 4 3 4 1 0 0
20150103 5 1 2 4 0 0
20150103 6 1 2 3 1 2
20150103 7 9 1 2 6 1
20150103 8 8 5 1 6 4
20150103 9 3 5 1 3 4
20150103 10 1 5 7 1 4
20150119 1 5 2 1 4 2
20150119 2 3 9 1 3 6
20150119 3 5 3 4 4 3
20150119 4 1 5 3 1 4
20150119 5 2 5 3 2 4
20150119 6 7 3 6 5 3
20150119 7 7 2 5 5 2
20150119 8 7 3 1 5 3
20150119 9 1 4 2 1 4
20150119 10 3 7 1 3 5
20150119 11 9 5 6 6 4
20150120 1 9 3 7 6 3
20150120 2 4 9 1 4 6
20150120 3 9 7 2 6 5
20150120 4 8 9 5 6 6
20150120 5 6 5 9 5 4
20150120 6 2 7 8 2 5
20150120 7 1 2 9 1 2
20150120 8 1 4 2 1 4
20150120 9 1 2 3 1 2
20150120 10 9 6 7 6 5
20150120 11 7 9 1 5 6
20150121 1 3 8 2 3 6
20150121 2 9 1 4 6 1
20150121 3 5 8 7 4 6
20150121 4 9 1 7 6 1
20150121 5 7 3 1 5 3
20150121 6 7 3 8 5 3
20150121 7 8 6 1 6 5
20150121 8 5 3 9 4 3
20150121 9 9 7 3 6 5
20150121 10 2 5 6 2 4
20150121 11 5 3 4 4 3
20150206 1 1 5 2 1 4
20150206 2 2 9 3 2 6
20150206 3 1 7 4 1 5
20150206 4 2 1 8 2 1
20150206 5 1 9 8 1 6
20150206 6 4 2 1 0 0
20150206 7 3 4 2 0 0
20150206 8 1 3 9 1 3
20150206 9 5 1 9 4 1
20150206 10 3 6 4 3 5
20150206 11 7 1 4 5 1
20150206 12 5 2 6 4 2
20150207 1 5 2 1 4 2
20150207 2 7 8 3 5 6
20150207 3 9 7 5 6 5
20150207 4 5 1 7 4 1
20150207 5 5 7 1 4 5
20150207 6 3 2 6 0 0
20150207 7 7 4 1 0 0
20150207 8 4 2 3 4 2
20150207 9 1 5 3 1 4
20150207 10 7 9 2 5 6
20150207 11 7 8 2 5 6
20150207 12 1 6 5 1 5
20150208 1 4 2 1 4 2
20150208 2 3 7 2 3 5
20150208 3 5 3 2 4 3
20150208 4 4 9 3 4 6
20150208 5 2 1 4 0 0
20150208 6 3 2 6 3 2
20150208 7 4 1 7 4 1
20150208 8 1 2 6 0 0
20150208 9 9 1 2 6 1
20150208 10 1 5 7 1 4
20150208 11 9 3 7 6 3
20150208 12 2 3 1 2 3
20150221 1 1 7 9 1 5
20150221 2 9 5 2 6 4
20150221 3 9 6 7 6 5
20150221 4 9 3 7 6 3
20150221 5 3 4 2 3 4
20150221 6 2 4 6 2 4
20150221 7 1 7 2 1 5
20150221 8 3 1 4 3 1
20150221 9 5 1 9 4 1
20150221 10 7 1 9 5 1
20150221 11 5 7 9 4 5
20150222 1 5 1 8 4 1
20150222 2 5 3 2 4 3
20150222 3 6 8 4 5 6
20150222 4 9 3 2 6 3
20150222 5 8 5 6 6 4
20150222 6 9 2 3 6 2
20150222 7 9 4 8 6 4
20150222 8 8 9 4 6 6
20150222 9 3 9 2 3 6
20150222 10 1 2 9 1 2
20150222 11 2 7 5 2 5
20150223 1 1 2 4 1 2
20150223 2 1 3 5 1 3
20150223 3 1 3 4 1 3
20150223 4 6 7 1 5 5
20150223 5 1 9 4 1 6
20150223 6 7 9 6 5 6
20150223 7 2 1 7 2 1
20150223 8 2 3 1 2 3
20150223 9 4 3 2 4 3
20150223 10 2 9 4 2 6
20150223 11 2 5 7 2 4
20150304 1 6 1 3 0 0
20150304 2 2 1 7 0 0
20150304 3 4 5 7 0 0
20150304 4 4 2 3 0 0
20150304 5 2 6 5 0 0
20150304 6 1 7 3 1 5
20150304 7 7 1 2 5 1
20150304 8 5 9 1 4 6
20150304 9 5 1 9 4 1
20150304 10 1 5 6 1 4
20150305 1 5 1 3 0 0
20150305 2 5 7 3 0 0
20150305 3 5 7 3 0 0
20150305 4 3 6 1 0 0
20150305 5 7 1 2 0 0
20150305 6 4 9 3 4 6
20150305 7 7 5 3 5 4
20150305 8 3 4 8 3 4
20150305 9 6 9 1 5 6
20150305 10 2 9 3 2 6
20150306 1 1 5 3 0 0
20150306 2 3 4 7 0 0
20150306 3 4 3 7 0 0
20150306 4 7 5 1 0 0
20150306 5 7 4 6 0 0
20150306 6 7 3 9 5 3
20150306 7 1 8 9 1 6
20150306 8 4 9 7 4 6
20150306 9 7 9 2 5 6
20150306 10 4 3 9 4 3
20150328 1 2 5 3 0 0
20150328 2 5 1 6 0 0
20150328 3 2 6 5 0 0
20150328 4 3 1 4 0 0
20150328 5 2 1 5 0 0
20150328 6 3 1 2 3 1
20150328 7 7 4 2 5 4
20150328 8 9 2 8 6 2
20150328 9 1 3 6 1 3
20150328 10 2 3 6 2 3
20150329 1 5 2 7 0 0
20150329 2 1 4 7 0 0
20150329 3 4 2 5 0 0
20150329 4 3 4 6 0 0
20150329 5 1 4 2 0 0
20150329 6 5 7 8 5 6
20150329 7 4 9 1 4 6
20150329 8 7 5 1 5 4
20150329 9 1 9 4 1 6
20150329 10 5 4 2 4 4
20150330 1 4 3 7 0 0
20150330 2 4 1 7 0 0
20150330 3 1 5 4 0 0
20150330 4 1 7 3 0 0
20150330 5 3 7 1 0 0
20150330 6 3 7 2 3 5
20150330 7 5 3 1 4 3
20150330 8 9 2 7 6 2
20150330 9 1 4 7 1 4
20150330 10 4 9 1 4 6
20150420 1 9 2 7 6 2
20150420 2 1 3 2 1 3
20150420 3 2 9 7 2 6
20150420 4 7 9 2 5 6
20150420 5 1 3 7 1 3
20150420 6 5 2 9 4 2
20150420 7 1 7 2 1 5
20150420 8 7 5 1 5 4
20150420 9 5 2 4 4 2
20150420 10 7 3 5 5 3
20150420 11 5 4 7 4 4
20150421 1 1 2 3 1 2
20150421 2 1 4 3 1 4
20150421 3 1 7 3 1 5
20150421 4 1 5 9 1 4
20150421 5 3 7 1 3 5
20150421 6 3 5 4 3 4
20150421 7 3 9 5 3 6
20150421 8 5 1 9 4 1
20150421 9 1 9 3 1 6
20150421 10 3 5 8 3 4
20150421 11 1 7 9 1 5
20150422 1 8 5 3 6 4
20150422 2 3 8 1 3 6
20150422 3 2 9 5 2 6
20150422 4 3 5 7 3 4
20150422 5 2 1 5 2 1
20150422 6 3 7 2 3 5
20150422 7 2 6 3 2 5
20150422 8 1 9 5 1 6
20150422 9 9 5 1 6 4
20150422 10 1 5 7 1 4
20150422 11 3 9 5 3 6
20150519 1 5 3 6 0 0
20150519 2 1 3 6 0 0
20150519 3 5 3 1 0 0
20150519 4 1 2 5 0 0
20150519 5 7 2 1 0 0
20150519 6 5 3 7 4 3
20150519 7 9 1 7 6 1
20150519 8 7 3 9 5 3
20150519 9 7 8 1 5 6
20150519 10 2 5 7 2 4
20150520 1 2 1 4 0 0
20150520 2 7 3 2 0 0
20150520 3 7 6 4 0 0
20150520 4 4 3 2 0 0
20150520 5 7 2 5 0 0
20150520 6 5 7 1 4 5
20150520 7 3 9 6 3 6
20150520 8 3 7 9 3 5
20150520 9 3 1 7 3 1
20150520 10 1 9 5 1 6
20150521 1 7 3 1 0 0
20150521 2 3 7 2 0 0
20150521 3 2 7 1 0 0
20150521 4 1 4 3 0 0
20150521 5 5 7 1 0 0
20150521 6 3 6 5 3 5
20150521 7 7 9 1 5 6
20150521 8 1 4 9 1 4
20150521 9 8 2 3 6 2
20150521 10 3 6 5 3 5
20150528 1 2 5 4 0 0
20150528 2 7 1 2 0 0
20150528 3 4 1 2 0 0
20150528 4 3 5 7 0 0
20150528 5 7 4 1 0 0
20150528 6 2 6 4 0 0
20150528 7 5 6 4 0 0
20150528 8 8 9 2 6 6
20150528 9 5 9 2 4 6
20150528 10 4 3 9 4 3
20150528 11 1 5 2 1 4
20150528 12 9 2 3 6 2
20150529 1 5 2 6 0 0
20150529 2 5 2 7 0 0
20150529 3 7 4 1 0 0
20150529 4 7 3 2 0 0
20150529 5 5 7 6 0 0
20150529 6 3 2 4 0 0
20150529 7 7 1 3 0 0
20150529 8 4 3 7 4 3
20150529 9 2 5 1 2 4
20150529 10 5 2 9 4 2
20150529 11 2 8 6 2 6
20150529 12 3 7 9 3 5
20150530 1 2 7 5 0 0
20150530 2 6 2 7 0 0
20150530 3 5 3 7 0 0
20150530 4 6 7 4 0 0
20150530 5 7 1 2 0 0
20150530 6 9 2 3 6 2
20150530 7 4 1 8 4 1
20150530 8 7 2 4 0 0
20150530 9 7 1 6 0 0
20150530 10 9 3 2 6 3
20150530 11 2 1 3 2 1
20150530 12 2 7 9 2 5
20150606 1 2 5 9 2 4
20150606 2 3 2 5 3 2
20150606 3 4 6 5 4 5
20150606 4 2 4 5 2 4
20150606 5 3 7 5 3 5
20150606 6 1 9 4 1 6
20150606 7 7 9 5 5 6
20150606 8 9 3 7 6 3
20150606 9 1 5 7 1 4
20150606 10 8 3 1 6 3
20150606 11 7 6 2 5 5
20150606 12 1 4 7 1 4
20150607 1 5 2 1 4 2
20150607 2 9 2 7 6 2
20150607 3 7 6 3 5 5
20150607 4 7 9 1 5 6
20150607 5 3 8 5 3 6
20150607 6 3 8 7 3 6
20150607 7 6 3 5 5 3
20150607 8 2 1 4 2 1
20150607 9 1 5 2 1 4
20150607 10 7 5 1 5 4
20150607 11 5 1 2 4 1
20150607 12 1 9 7 1 6
20150608 1 4 2 6 4 2
20150608 2 3 1 2 3 1
20150608 3 1 4 2 1 4
20150608 4 9 2 7 6 2
20150608 5 4 5 3 4 4
20150608 6 7 5 1 5 4
20150608 7 9 4 1 6 4
20150608 8 3 2 7 3 2
20150608 9 5 6 3 4 5
20150608 10 1 5 9 1 4
20150608 11 7 5 1 5 4
20150608 12 7 9 4 5 6
20150609 1 2 7 6 2 5
20150609 2 8 7 4 6 5
20150609 3 7 3 9 5 3
20150609 4 8 2 1 6 2
20150609 5 6 2 7 5 2
20150609 6 3 7 8 3 5
20150609 7 5 9 7 4 6
20150609 8 4 3 6 4 3
20150609 9 9 1 5 6 1
20150609 10 3 5 6 3 4
20150609 11 1 9 7 1 6
20150609 12 3 5 7 3 4
20150722 1 5 9 1 4 6
20150722 2 9 7 3 6 5
20150722 3 8 2 1 6 2
20150722 4 3 9 5 3 6
20150722 5 7 1 5 5 1
20150722 6 3 8 5 3 6
20150722 7 2 3 7 2 3
20150722 8 2 5 7 2 4
20150722 9 9 1 4 6 1
20150722 10 1 7 8 1 5
20150722 11 5 3 2 4 3
