20120409 1 8 1 7 6 1
20120409 2 2 3 4 2 3
20120409 3 9 3 2 6 3
20120409 4 1 2 3 1 2
20120409 5 5 8 1 4 6
20120409 6 1 5 3 1 4
20120409 7 1 7 9 1 5
20120409 8 2 1 8 2 1
20120409 9 2 3 1 2 3
20120409 10 1 3 7 1 3
20120409 11 3 5 9 3 4
20120409 12 1 3 8 1 3
20120410 1 9 1 3 6 1
20120410 2 1 4 7 1 4
20120410 3 7 4 9 5 4
20120410 4 5 7 9 4 5
20120410 5 6 1 4 5 1
20120410 6 1 7 3 1 5
20120410 7 8 9 5 6 6
20120410 8 3 4 6 3 4
20120410 9 3 2 7 3 2
20120410 10 3 7 1 3 5
20120410 11 7 1 6 5 1
20120410 12 5 1 7 4 1
20120411 1 1 7 9 1 5
20120411 2 2 7 9 2 5
20120411 3 7 1 5 5 1
20120411 4 7 3 1 5 3
20120411 5 1 2 9 1 2
20120411 6 1 5 2 1 4
20120411 7 9 1 3 6 1
20120411 8 5 4 2 4 4
20120411 9 3 1 2 3 1
20120411 10 3 9 5 3 6
20120411 11 1 2 9 1 2
20120411 12 5 7 1 4 5
20120421 1 4 5 1 0 0
20120421 2 2 4 5 0 0
20120421 3 5 1 2 0 0
20120421 4 5 4 7 0 0
20120421 5 3 7 2 0 0
20120421 6 2 9 1 2 6
20120421 7 9 3 1 6 3
20120421 8 9 7 3 6 5
20120421 9 3 9 6 3 6
20120421 10 2 1 9 2 1
20120421 11 3 9 2 3 6
20120422 1 2 7 4 0 0
20120422 2 4 5 3 0 0
20120422 3 3 7 1 0 0
20120422 4 3 7 6 0 0
20120422 5 2 3 1 0 0
20120422 6 7 5 2 5 4
20120422 7 2 6 3 2 5
20120422 8 7 4 6 5 4
20120422 9 4 8 9 4 6
20120422 10 7 8 9 5 6
20120422 11 5 2 4 4 2
20120423 1 3 1 5 0 0
20120423 2 2 6 1 0 0
20120423 3 5 4 2 0 0
20120423 4 2 1 4 0 0
20120423 5 2 3 6 0 0
20120423 6 1 9 5 1 6
20120423 7 5 1 9 4 1
20120423 8 2 6 1 2 5
20120423 9 1 2 5 1 2
20120423 10 5 1 7 4 1
20120423 11 1 2 8 1 2
20120526 1 4 9 1 4 6
20120526 2 5 3 1 4 3
20120526 3 9 6 2 6 5
20120526 4 1 7 5 1 5
20120526 5 5 4 9 4 4
20120526 6 3 2 4 3 2
20120526 7 9 1 2 6 1
20120526 8 7 8 1 5 6
20120526 9 1 4 2 1 4
20120526 10 1 3 7 1 3
20120526 11 2 7 3 2 5
20120527 1 1 3 7 1 3
20120527 2 3 7 1 3 5
20120527 3 4 1 9 4 1
20120527 4 7 1 2 5 1
20120527 5 3 9 2 3 6
20120527 6 1 5 6 1 4
20120527 7 2 5 4 2 4
20120527 8 9 4 5 6 4
20120527 9 5 7 1 4 5
20120527 10 2 4 7 2 4
20120527 11 4 7 9 4 5
20120528 1 7 3 5 5 3
20120528 2 5 7 8 4 5
20120528 3 2 7 1 2 5
20120528 4 2 9 3 2 6
20120528 5 3 1 5 3 1
20120528 6 3 4 2 3 4
20120528 7 3 9 1 3 6
20120528 8 5 2 3 4 2
20120528 9 3 1 4 3 1
20120528 10 1 9 3 1 6
20120528 11 3 1 5 3 1
20120529 1 9 5 2 6 4
20120529 2 7 1 3 5 1
20120529 3 3 2 8 3 2
20120529 4 7 4 8 5 4
20120529 5 1 8 9 1 6
20120529 6 1 4 5 1 4
20120529 7 3 5 9 3 4
20120529 8 9 1 2 6 1
20120529 9 2 9 7 2 6
20120529 10 1 7 2 1 5
20120529 11 3 1 4 3 1
20120611 1 9 5 2 6 4
20120611 2 2 4 6 2 4
20120611 3 3 4 1 3 4
20120611 4 3 1 5 3 1
20120611 5 5 7 1 4 5
20120611 6 9 3 1 6 3
20120611 7 1 2 5 1 2
20120611 8 9 5 4 6 4
20120611 9 2 5 3 2 4
20120611 10 1 9 3 1 6
20120611 11 1 2 7 1 2
20120611 12 3 4 8 3 4
20120612 1 1 7 9 1 5
20120612 2 9 3 2 6 3
20120612 3 3 5 8 3 4
20120612 4 2 1 9 2 1
20120612 5 5 1 9 4 1
20120612 6 6 2 9 5 2
20120612 7 3 5 1 3 4
20120612 8 9 1 8 6 1
20120612 9 4 5 9 4 4
20120612 10 9 5 1 6 4
20120612 11 5 3 7 4 3
20120612 12 1 7 3 1 5
20120613 1 9 5 4 6 4
20120613 2 9 5 7 6 4
20120613 3 4 8 5 4 6
20120613 4 1 4 2 1 4
20120613 5 7 2 8 5 2
20120613 6 9 5 6 6 4
20120613 7 7 3 5 5 3
20120613 8 9 2 7 6 2
20120613 9 5 2 9 4 2
20120613 10 3 5 1 3 4
20120613 11 1 3 2 1 3
20120613 12 9 7 2 6 5
20120626 1 1 9 5 1 6
20120626 2 2 9 3 2 6
20120626 3 2 7 5 2 5
20120626 4 7 1 5 5 1
20120626 5 7 1 5 5 1
20120626 6 7 2 6 5 2
20120626 7 5 7 2 4 5
20120626 8 4 7 3 4 5
20120626 9 7 1 5 5 1
20120626 10 7 2 5 5 2
20120626 11 3 1 5 3 1
20120626 12 9 2 3 6 2
20120627 1 9 2 5 6 2
20120627 2 5 7 8 4 5
20120627 3 7 4 3 5 4
20120627 4 7 2 5 5 2
20120627 5 2 5 3 2 4
20120627 6 5 2 8 4 2
20120627 7 5 8 1 5 6
20120627 8 5 3 1 5 3
20120627 9 9 3 5 6 3
20120627 10 3 1 2 3 1
20120627 11 3 6 8 3 5
20120627 12 2 3 7 2 3
20120628 1 4 8 7 4 6
20120628 2 2 6 5 2 5
20120628 3 8 2 7 6 2
20120628 4 7 9 3 5 6
20120628 5 5 7 4 4 5
20120628 6 2 4 7 2 4
20120628 7 6 2 4 5 2
20120628 8 3 1 6 3 1
20120628 9 8 4 2 6 4
20120628 10 7 4 3 5 4
20120628 11 1 5 2 1 4
20120628 12 3 7 6 3 5
20120708 1 3 1 5 0 0
20120708 2 5 4 3 0 0
20120708 3 2 3 7 0 0
20120708 4 5 2 7 0 0
20120708 5 5 1 7 0 0
20120708 6 7 2 9 5 2
20120708 7 1 4 9 1 4
20120708 8 2 1 4 2 1
20120708 9 1 2 8 1 2
20120708 10 3 9 1 3 6
20120708 11 5 9 2 4 6
20120709 1 2 4 3 0 0
20120709 2 0 0 0 0 0
20120709 3 5 6 3 0 0
20120709 4 1 5 7 0 0
20120709 5 2 6 1 0 0
20120709 6 9 7 2 6 5
20120709 7 5 9 2 4 6
20120709 8 9 6 4 6 5
20120709 9 3 1 9 3 1
20120709 10 3 5 9 3 4
20120709 11 1 8 3 1 6
20120710 1 3 1 4 0 0
20120710 2 2 5 4 0 0
20120710 3 1 4 2 0 0
20120710 4 1 5 4 0 0
20120710 5 1 7 5 0 0
20120710 6 3 7 6 3 5
20120710 7 9 3 2 6 3
20120710 8 9 3 2 6 3
20120710 9 5 6 3 4 5
20120710 10 6 3 8 5 3
20120710 11 8 2 7 6 2
20120801 1 4 2 1 0 0
20120801 2 1 3 2 0 0
20120801 3 7 5 2 0 0
20120801 4 1 7 5 0 0
20120801 5 5 1 3 0 0
20120801 6 9 2 7 6 2
20120801 7 7 2 6 5 2
20120801 8 1 9 7 1 6
20120801 9 1 8 7 1 6
20120801 10 2 6 8 2 5
20120801 11 9 1 5 6 1
20120802 1 5 1 3 0 0
20120802 2 5 7 2 0 0
20120802 3 7 4 2 0 0
20120802 4 1 2 4 0 0
20120802 5 6 2 1 0 0
20120802 6 1 5 4 1 4
20120802 7 2 9 8 2 6
20120802 8 5 1 3 4 1
20120802 9 7 1 6 5 1
20120802 10 5 1 2 4 1
20120802 11 5 1 3 4 1
20120803 1 7 3 6 0 0
20120803 2 3 1 7 0 0
20120803 3 5 3 2 0 0
20120803 4 1 4 5 0 0
20120803 5 2 3 4 0 0
20120803 6 3 9 7 3 6
20120803 7 7 5 1 5 4
20120803 8 1 3 4 1 3
20120803 9 7 2 3 5 2
20120803 10 8 2 7 6 2
20120803 11 9 1 7 6 1
20120905 1 1 4 3 0 0
20120905 2 5 1 2 0 0
20120905 3 7 5 2 0 0
20120905 4 1 2 4 0 0
20120905 5 2 3 6 0 0
20120905 6 5 1 3 4 1
20120905 7 2 9 1 2 6
20120905 8 9 5 2 6 4
20120905 9 2 5 9 2 4
20120905 10 1 7 3 1 5
20120905 11 9 5 3 6 4
20120906 1 5 3 2 0 0
20120906 2 6 7 2 0 0
20120906 3 1 4 2 0 0
20120906 4 5 2 1 0 0
20120906 5 3 5 1 0 0
20120906 6 1 6 7 1 5
20120906 7 1 9 3 1 6
20120906 8 3 5 7 3 4
20120906 9 9 3 2 6 3
20120906 10 1 8 9 1 6
20120906 11 7 2 9 5 2
20120907 1 3 1 7 0 0
20120907 2 5 7 4 0 0
20120907 3 7 5 4 0 0
20120907 4 2 3 4 0 0
20120907 5 1 5 4 0 0
20120907 6 7 3 9 5 3
20120907 7 4 1 7 4 1
20120907 8 4 2 5 4 2
20120907 9 2 8 1 2 6
20120907 10 2 8 1 2 6
20120907 11 7 2 5 5 2
20120921 1 7 3 2 0 0
20120921 2 7 2 4 0 0
20120921 3 3 4 1 0 0
20120921 4 4 1 5 0 0
20120921 5 3 7 5 0 0
20120921 6 9 2 3 6 2
20120921 7 9 3 4 6 3
20120921 8 5 1 9 4 1
20120921 9 1 3 7 1 3
20120921 10 3 9 7 3 6
20120921 11 1 2 8 1 2
20120922 1 5 3 4 0 0
20120922 2 7 4 1 0 0
20120922 3 4 5 1 0 0
20120922 4 3 1 2 0 0
20120922 5 1 4 7 0 0
20120922 6 5 2 1 4 2
20120922 7 5 9 1 4 6
20120922 8 3 7 9 3 5
20120922 9 9 2 5 6 2
20120922 10 5 2 8 4 2
20120922 11 2 6 3 2 5
20120923 1 5 7 3 0 0
20120923 2 7 5 1 0 0
20120923 3 4 5 1 0 0
20120923 4 5 3 1 0 0
20120923 5 4 1 7 0 0
20120923 6 5 9 3 4 6
20120923 7 7 3 9 5 3
20120923 8 3 7 4 3 5
20120923 9 1 7 2 1 5
20120923 10 1 2 6 1 2
20120923 11 7 5 1 5 4
20121002 1 7 2 3 5 2
20121002 2 5 8 2 4 6
20121002 3 7 2 9 5 2
20121002 4 1 5 9 1 4
20121002 5 1 7 4 1 5
20121002 6 1 7 4 1 5
20121002 7 3 5 6 3 4
20121002 8 8 3 7 6 3
20121002 9 7 1 2 5 1
20121002 10 7 4 1 5 4
20121002 11 1 7 2 1 5
20121003 1 2 3 8 2 3
20121003 2 3 7 9 3 5
20121003 3 7 3 4 5 3
20121003 4 4 3 6 4 3
20121003 5 2 1 9 2 1
20121003 6 5 2 3 4 2
20121003 7 1 8 3 1 6
20121003 8 1 7 6 1 5
20121003 9 7 9 5 5 6
20121003 10 5 2 3 4 2
20121003 11 1 9 2 1 6
20121004 1 2 5 3 2 4
20121004 2 4 1 7 4 1
20121004 3 3 9 1 3 6
20121004 4 5 9 2 4 6
20121004 5 8 3 2 6 3
20121004 6 7 1 3 5 1
20121004 7 5 9 2 4 6
20121004 8 3 5 4 3 4
20121004 9 3 9 7 3 6
20121004 10 1 5 2 1 4
20121004 11 2 1 5 2 1
20121119 1 2 5 3 0 0
20121119 2 1 5 7 0 0
20121119 3 7 1 5 0 0
20121119 4 2 5 7 0 0
20121119 5 3 1 7 0 0
20121119 6 9 5 1 6 4
20121119 7 1 5 3 1 4
20121119 8 9 5 3 6 4
20121119 9 3 7 5 3 5
20121119 10 4 5 3 4 4
20121119 11 4 6 7 4 5
20121120 1 4 7 5 0 0
20121120 2 5 1 4 0 0
20121120 3 3 5 6 0 0
20121120 4 1 3 2 0 0
20121120 5 2 3 5 0 0
20121120 6 9 5 1 6 4
20121120 7 9 1 6 6 1
20121120 8 1 3 4 1 3
20121120 9 9 1 2 6 1
20121120 10 1 2 9 1 2
20121120 11 3 9 1 3 6
20121121 1 5 7 3 0 0
20121121 2 4 1 5 0 0
20121121 3 1 6 4 0 0
20121121 4 1 5 7 0 0
20121121 5 1 7 2 0 0
20121121 6 3 4 7 3 4
20121121 7 9 2 1 6 2
20121121 8 9 2 1 6 2
20121121 9 9 2 7 6 2
20121121 10 7 2 5 5 2
20121121 11 7 5 6 5 4
20121126 1 7 2 5 5 2
20121126 2 7 3 9 5 3
20121126 3 3 2 9 3 2
20121126 4 7 9 1 5 6
20121126 5 5 1 8 4 1
20121126 6 9 6 1 6 5
20121126 7 3 1 5 3 1
20121126 8 9 1 4 6 1
20121126 9 7 2 5 5 2
20121126 10 4 3 1 4 3
20121126 11 1 3 7 1 3
20121127 1 1 5 2 1 4
20121127 2 3 5 2 3 4
20121127 3 2 5 8 2 4
20121127 4 7 4 2 5 4
20121127 5 3 7 4 3 5
20121127 6 1 5 7 1 4
20121127 7 7 9 1 5 6
20121127 8 3 5 1 3 4
20121127 9 2 3 9 2 3
20121127 10 2 1 5 2 1
20121127 11 6 2 1 5 2
20121128 1 1 9 5 1 6
20121128 2 1 9 7 1 6
20121128 3 9 3 1 6 3
20121128 4 1 5 2 1 4
20121128 5 5 9 2 4 6
20121128 6 9 3 1 6 3
20121128 7 3 9 8 3 6
20121128 8 3 8 7 3 6
20121128 9 3 2 5 3 2
20121128 10 5 3 8 4 3
20121128 11 4 1 6 4 1
20121207 1 2 3 1 0 0
20121207 2 3 1 7 0 0
20121207 3 7 3 1 0 0
20121207 4 1 2 3 0 0
20121207 5 5 1 7 0 0
20121207 6 2 9 5 2 6
20121207 7 7 9 3 5 6
20121207 8 3 9 7 3 6
20121207 9 9 7 3 6 5
20121207 10 2 3 7 2 3
20121207 11 8 4 7 6 4
20121208 1 2 5 7 0 0
20121208 2 1 2 3 0 0
20121208 3 4 5 7 0 0
20121208 4 6 5 2 0 0
20121208 5 2 6 7 0 0
20121208 6 3 4 7 3 4
20121208 7 3 1 4 3 1
20121208 8 2 5 9 2 4
20121208 9 5 8 4 4 6
20121208 10 9 3 5 6 3
20121208 11 5 2 8 4 2
20121209 1 5 7 3 0 0
20121209 2 7 1 3 0 0
20121209 3 1 3 5 0 0
20121209 4 7 1 4 0 0
20121209 5 1 7 5 0 0
20121209 6 2 6 5 2 5
20121209 7 7 8 5 5 6
20121209 8 9 1 2 6 1
20121209 9 7 3 4 5 3
20121209 10 6 1 5 5 1
20121209 11 7 2 9 5 2
20121218 1 1 3 6 1 3
20121218 2 4 2 1 4 2
20121218 3 9 3 8 6 3
20121218 4 1 3 2 1 3
20121218 5 3 8 2 3 6
20121218 6 7 5 1 5 4
20121218 7 9 1 6 6 1
20121218 8 9 8 3 6 6
20121218 9 9 6 2 6 5
20121218 10 1 3 5 1 3
20121218 11 8 1 2 6 1
20121219 1 1 5 6 1 4
20121219 2 8 5 3 6 4
20121219 3 9 3 1 6 3
20121219 4 5 1 8 4 1
20121219 5 2 7 6 2 5
20121219 6 1 3 5 1 3
20121219 7 7 3 4 6 3
20121219 8 2 1 5 2 1
20121219 9 7 5 1 5 4
20121219 10 5 3 6 4 3
20121219 11 2 1 5 2 1
20121220 1 2 7 1 2 5
20121220 2 5 9 6 4 6
20121220 3 9 2 3 6 2
20121220 4 2 5 6 2 4
20121220 5 7 3 9 5 3
20121220 6 1 2 4 1 2
20121220 7 1 9 2 1 6
20121220 8 2 5 7 2 4
20121220 9 5 1 8 4 1
20121220 10 9 4 3 6 4
20121220 11 1 3 9 1 3
20130111 1 1 5 2 0 0
20130111 2 4 1 7 0 0
20130111 3 5 2 3 0 0
20130111 4 5 2 3 0 0
20130111 5 3 1 2 0 0
20130111 6 6 4 2 5 4
20130111 7 9 7 4 6 5
20130111 8 7 4 3 5 4
20130111 9 6 1 2 5 1
20130111 10 3 9 2 3 6
20130111 11 7 2 5 5 2
20130112 1 3 7 1 0 0
20130112 2 7 1 2 0 0
20130112 3 7 2 5 0 0
20130112 4 7 4 3 0 0
20130112 5 2 4 1 0 0
20130112 6 1 2 8 1 2
20130112 7 3 9 7 3 6
20130112 8 1 2 9 1 2
20130112 9 1 9 3 1 6
20130112 10 3 5 9 3 4
20130112 11 3 5 2 3 4
20130113 1 4 3 6 0 0
20130113 2 1 7 3 0 0
20130113 3 4 7 1 0 0
20130113 4 7 1 4 0 0
20130113 5 1 2 5 0 0
20130113 6 5 7 2 4 5
20130113 7 9 2 3 6 2
20130113 8 9 2 6 6 2
20130113 9 6 3 7 5 3
20130113 10 5 6 1 4 5
20130113 11 1 7 4 1 5
20130123 1 2 1 4 0 0
20130123 2 5 2 1 0 0
20130123 3 2 1 7 0 0
20130123 4 7 5 2 0 0
20130123 5 2 3 5 0 0
20130123 6 3 5 1 3 4
20130123 7 2 9 5 2 6
20130123 8 7 3 5 5 3
20130123 9 5 1 9 4 1
20130123 10 5 2 8 4 2
20130123 11 9 2 6 6 2
20130124 1 5 1 4 0 0
20130124 2 5 3 2 0 0
20130124 3 7 3 5 0 0
20130124 4 2 6 4 0 0
20130124 5 5 3 4 0 0
20130124 6 5 2 6 4 2
20130124 7 1 5 3 1 4
20130124 8 6 9 3 5 6
20130124 9 1 3 4 1 3
20130124 10 4 1 9 4 1
20130124 11 1 7 8 1 5
20130125 1 5 7 4 0 0
20130125 2 3 7 2 0 0
20130125 3 7 5 3 0 0
20130125 4 4 5 3 0 0
20130125 5 3 2 7 0 0
20130125 6 5 1 2 4 1
20130125 7 9 4 8 6 4
20130125 8 7 5 9 5 4
20130125 9 3 1 4 3 1
20130125 10 7 5 4 5 4
20130125 11 2 7 1 2 5
20130213 1 7 1 3 0 0
20130213 2 7 2 5 0 0
20130213 3 7 5 3 0 0
20130213 4 3 1 2 0 0
20130213 5 4 6 5 0 0
20130213 6 3 1 7 3 1
20130213 7 9 8 5 6 6
20130213 8 5 6 7 4 5
20130213 9 3 5 1 3 4
20130213 10 3 4 8 3 4
20130213 11 6 2 5 5 2
20130214 1 1 5 7 0 0
20130214 2 1 7 4 0 0
20130214 3 2 1 7 0 0
20130214 4 7 2 3 0 0
20130214 5 2 7 6 0 0
20130214 6 5 3 9 4 3
20130214 7 9 6 4 6 5
20130214 8 3 2 4 3 2
20130214 9 2 4 7 2 4
20130214 10 1 9 3 1 6
20130214 11 1 5 6 1 4
20130215 1 1 4 2 0 0
20130215 2 2 3 1 0 0
20130215 3 5 2 7 0 0
20130215 4 7 3 1 0 0
20130215 5 3 5 4 0 0
20130215 6 3 1 2 3 1
20130215 7 2 7 9 2 5
20130215 8 7 5 3 5 4
20130215 9 2 1 3 2 1
20130215 10 1 3 7 1 3
20130215 11 3 5 6 3 4
20130316 1 1 3 5 0 0
20130316 2 5 3 1 0 0
20130316 3 3 1 2 0 0
20130316 4 7 5 3 0 0
20130316 5 3 1 7 0 0
20130316 6 9 8 4 6 6
20130316 7 1 7 9 1 5
20130316 8 6 1 4 5 1
20130316 9 2 7 3 2 5
20130316 10 9 5 2 6 4
20130316 11 9 1 8 6 1
20130317 1 7 2 3 0 0
20130317 2 3 6 5 0 0
20130317 3 1 7 5 0 0
20130317 4 3 5 1 0 0
20130317 5 2 3 5 0 0
20130317 6 3 1 2 3 1
20130317 7 9 2 4 6 2
20130317 8 8 9 1 6 6
20130317 9 1 5 2 1 4
20130317 10 5 2 1 4 2
20130317 11 2 7 1 2 5
20130318 1 4 2 5 0 0
20130318 2 5 1 4 0 0
20130318 3 5 1 2 0 0
20130318 4 1 3 5 0 0
20130318 5 3 2 1 0 0
20130318 6 9 2 7 6 2
20130318 7 3 6 5 3 5
20130318 8 2 1 3 2 1
20130318 9 8 5 2 6 4
20130318 10 1 5 7 1 4
20130318 11 2 9 3 2 6
20130328 1 7 3 2 0 0
20130328 2 5 1 7 0 0
20130328 3 1 7 2 0 0
20130328 4 3 6 5 0 0
20130328 5 7 2 5 0 0
20130328 6 8 7 1 6 5
20130328 7 7 5 3 5 4
20130328 8 2 7 1 2 5
20130328 9 9 2 1 6 2
20130328 10 1 9 3 1 6
20130328 11 7 5 3 5 4
20130329 1 1 5 2 0 0
20130329 2 2 3 6 0 0
20130329 3 3 5 7 0 0
20130329 4 7 6 1 0 0
20130329 5 2 5 1 0 0
20130329 6 5 7 9 4 5
20130329 7 1 3 9 1 3
20130329 8 8 7 1 6 5
20130329 9 3 1 7 3 1
20130329 10 4 6 9 4 5
20130329 11 9 2 5 6 2
20130330 1 7 1 4 0 0
20130330 2 7 1 2 0 0
20130330 3 2 1 5 0 0
20130330 4 7 2 5 0 0
20130330 5 2 7 5 0 0
20130330 6 7 3 1 5 3
20130330 7 3 9 6 3 6
20130330 8 7 3 5 5 3
20130330 9 1 2 7 1 2
20130330 10 6 5 9 5 4
20130330 11 8 2 1 6 2
20130411 1 9 1 3 6 1
20130411 2 2 9 7 2 6
20130411 3 9 5 1 6 4
20130411 4 1 2 3 1 2
20130411 5 3 2 9 3 2
20130411 6 3 1 5 3 1
20130411 7 9 5 2 6 4
20130411 8 3 7 5 3 5
20130411 9 7 3 9 5 3
20130411 10 7 5 9 5 4
20130411 11 9 7 5 6 5
20130412 1 5 2 7 4 2
20130412 2 3 7 9 3 5
20130412 3 3 7 5 3 5
20130412 4 3 2 5 3 2
20130412 5 9 8 4 6 6
20130412 6 1 3 4 1 3
20130412 7 7 3 5 5 3
20130412 8 7 2 6 5 2
20130412 9 3 5 1 3 4
20130412 10 2 7 8 2 5
20130412 11 2 3 7 2 3
20130413 1 7 1 5 5 1
20130413 2 1 4 2 1 4
20130413 3 4 9 1 4 6
20130413 4 7 9 5 5 6
20130413 5 5 3 7 4 3
20130413 6 1 5 8 1 4
20130413 7 1 9 2 1 6
20130413 8 2 7 1 2 5
20130413 9 6 7 8 5 5
20130413 10 5 1 3 4 1
20130413 11 3 6 4 3 5
20130525 1 1 5 9 1 4
20130525 2 1 7 6 1 5
20130525 3 7 2 5 5 2
20130525 4 3 1 4 3 1
20130525 5 5 3 2 4 3
20130525 6 7 1 9 5 1
20130525 7 9 5 3 6 4
20130525 8 4 6 7 4 5
20130525 9 3 4 1 3 4
20130525 10 1 2 7 1 2
20130525 11 5 9 4 4 6
20130526 1 2 1 5 2 1
20130526 2 8 2 6 6 2
20130526 3 9 1 5 6 1
20130526 4 3 9 7 3 6
20130526 5 1 4 2 1 4
20130526 6 7 3 8 5 3
20130526 7 9 2 3 6 2
20130526 8 3 6 7 3 5
20130526 9 2 1 9 2 1
20130526 10 5 1 7 4 1
20130526 11 5 1 7 4 1
20130527 1 4 2 6 4 2
20130527 2 7 6 4 5 5
20130527 3 5 9 1 4 6
20130527 4 3 1 8 3 1
20130527 5 2 1 8 2 1
20130527 6 2 3 1 2 3
20130527 7 3 5 9 3 4
20130527 8 5 3 1 4 3
20130527 9 5 1 7 4 1
20130527 10 3 5 6 3 4
20130527 11 3 9 1 3 6
20130528 1 6 2 9 5 2
20130528 2 3 2 5 3 2
20130528 3 3 9 5 3 6
20130528 4 3 2 8 3 2
20130528 5 8 5 9 6 4
20130528 6 1 8 5 1 6
20130528 7 5 1 4 4 1
20130528 8 2 1 4 2 1
20130528 9 1 8 3 1 6
20130528 10 1 6 3 1 5
20130528 11 3 1 9 3 1
20130617 1 4 3 7 0 0
20130617 2 5 7 2 0 0
20130617 3 3 1 4 0 0
20130617 4 5 4 2 0 0
20130617 5 5 1 2 0 0
20130617 6 5 1 7 4 1
20130617 7 1 7 5 1 5
20130617 8 5 9 3 4 6
20130617 9 1 9 7 1 6
20130617 10 5 2 7 4 2
20130618 1 2 1 6 0 0
20130618 2 7 4 2 0 0
20130618 3 2 5 1 0 0
20130618 4 5 3 7 0 0
20130618 5 4 1 3 0 0
20130618 6 7 5 9 5 4
20130618 7 1 2 3 1 2
20130618 8 5 4 9 4 4
20130618 9 2 3 5 2 3
20130618 10 9 1 4 6 1
20130619 1 1 6 2 0 0
20130619 2 5 1 7 0 0
20130619 3 2 7 4 0 0
20130619 4 1 2 4 0 0
20130619 5 5 2 1 0 0
20130619 6 2 1 3 2 1
20130619 7 1 9 7 1 6
20130619 8 1 3 5 1 3
20130619 9 3 7 5 3 5
20130619 10 1 5 4 1 4
20130625 1 3 9 1 3 6
20130625 2 5 9 2 4 6
20130625 3 2 1 5 2 1
20130625 4 3 7 1 3 5
20130625 5 1 8 9 1 6
20130625 6 1 5 2 1 4
20130625 7 7 2 1 5 2
20130625 8 3 7 5 3 5
20130625 9 7 3 4 5 3
20130625 10 5 3 2 4 3
20130625 11 2 1 4 2 1
20130626 1 2 5 7 2 4
20130626 2 2 1 5 2 1
20130626 3 3 5 9 3 4
20130626 4 9 5 1 6 4
20130626 5 5 9 1 4 6
20130626 6 5 7 2 4 5
20130626 7 1 7 9 1 5
20130626 8 5 4 1 4 4
20130626 9 1 7 2 1 5
20130626 10 2 9 5 2 6
20130626 11 7 9 1 5 6
20130627 1 2 4 9 2 4
20130627 2 9 7 1 6 5
20130627 3 1 4 8 1 4
20130627 4 1 5 8 1 4
20130627 5 2 5 9 2 4
20130627 6 6 3 2 6 3
20130627 7 7 3 2 6 3
20130627 8 7 1 8 5 1
20130627 9 7 1 9 5 1
20130627 10 2 1 5 2 1
20130627 11 1 9 4 1 6
20130709 1 5 2 1 0 0
20130709 2 2 5 4 0 0
20130709 3 3 2 6 0 0
20130709 4 4 3 5 0 0
20130709 5 5 2 1 0 0
20130709 6 5 3 9 4 3
20130709 7 9 2 5 6 2
20130709 8 1 7 9 1 5
20130709 9 9 4 3 6 4
20130709 10 3 2 1 3 2
20130710 1 1 7 2 0 0
20130710 2 5 1 3 0 0
20130710 3 4 2 5 0 0
20130710 4 7 3 4 0 0
20130710 5 1 3 2 0 0
20130710 6 5 1 6 4 1
20130710 7 5 1 6 4 1
20130710 8 4 7 9 4 5
20130710 9 3 8 6 3 6
20130710 10 1 7 3 1 5
20130711 1 3 1 5 0 0
20130711 2 7 2 6 0 0
20130711 3 5 1 7 0 0
20130711 4 5 4 2 0 0
20130711 5 3 4 6 0 0
20130711 6 1 8 2 1 6
20130711 7 2 1 9 2 1
20130711 8 9 5 1 6 4
20130711 9 5 7 3 4 5
20130711 10 7 1 9 5 1
20130724 1 2 1 7 0 0
20130724 2 1 7 5 0 0
20130724 3 5 3 2 0 0
20130724 4 1 2 7 0 0
20130724 5 2 3 7 0 0
20130724 6 8 2 3 6 2
20130724 7 1 3 9 1 3
20130724 8 7 3 1 5 3
20130724 9 7 1 6 5 1
20130724 10 5 1 3 4 1
20130725 1 3 1 4 0 0
20130725 2 2 1 7 0 0
20130725 3 3 4 1 0 0
20130725 4 5 3 1 0 0
20130725 5 7 5 2 0 0
20130725 6 1 3 9 1 3
20130725 7 9 1 4 6 1
20130725 8 5 2 7 4 2
20130725 9 3 5 2 3 4
20130725 10 1 2 5 1 2
20130726 1 2 5 4 0 0
20130726 2 7 5 4 0 0
20130726 3 2 1 4 0 0
20130726 4 3 4 5 0 0
20130726 5 4 1 3 0 0
20130726 6 2 6 7 2 5
20130726 7 8 2 5 6 2
20130726 8 5 7 4 4 5
20130726 9 7 8 3 5 6
20130726 10 5 9 3 4 6
20130807 1 5 1 7 0 0
20130807 2 4 2 1 0 0
20130807 3 7 2 1 0 0
20130807 4 3 5 1 0 0
20130807 5 5 7 1 0 0
20130807 6 5 2 6 4 2
20130807 7 7 2 9 5 2
20130807 8 9 3 2 6 3
20130807 9 3 2 1 3 2
20130807 10 4 6 9 4 5
20130808 1 7 1 4 0 0
20130808 2 3 5 1 0 0
20130808 3 2 4 1 0 0
20130808 4 7 3 1 0 0
20130808 5 4 2 3 0 0
20130808 6 9 7 3 6 5
20130808 7 5 1 3 4 1
20130808 8 1 9 4 1 6
20130808 9 7 3 8 5 3
20130808 10 9 3 7 6 3
20130809 1 1 2 3 0 0
20130809 2 5 7 3 0 0
20130809 3 7 1 2 0 0
20130809 4 4 3 2 0 0
20130809 5 1 5 6 0 0
20130809 6 1 9 2 1 6
20130809 7 9 1 5 6 1
20130809 8 2 1 9 2 1
20130809 9 5 8 9 4 6
20130809 10 1 7 5 1 5
20130819 1 9 2 7 6 2
20130819 2 7 9 2 5 6
20130819 3 2 1 5 2 1
20130819 4 9 3 1 6 3
20130819 5 1 5 2 1 4
20130819 6 5 1 9 4 1
20130819 7 5 2 7 4 2
20130819 8 1 4 3 1 4
20130819 9 8 1 7 6 1
20130819 10 1 7 3 1 5
20130819 11 8 2 7 6 2
20130820 1 4 2 9 4 2
20130820 2 5 3 8 4 3
20130820 3 9 5 8 6 4
20130820 4 3 2 1 3 2
20130820 5 5 7 9 4 5
20130820 6 5 1 3 4 1
20130820 7 1 8 6 1 6
20130820 8 2 7 3 2 5
20130820 9 2 1 6 2 1
20130820 10 2 7 5 2 5
20130820 11 5 9 1 4 6
20130821 1 2 1 4 2 1
20130821 2 6 9 4 5 6
20130821 3 3 5 2 3 4
20130821 4 9 2 8 6 2
20130821 5 5 9 1 4 6
20130821 6 2 1 8 2 1
20130821 7 7 9 2 5 6
20130821 8 2 9 1 2 6
20130821 9 6 9 2 5 6
20130821 10 7 9 6 5 6
20130821 11 9 2 4 6 2
20130926 1 1 3 5 0 0
20130926 2 3 5 7 0 0
20130926 3 5 7 3 0 0
20130926 4 7 1 4 0 0
20130926 5 2 5 7 0 0
20130926 6 6 7 4 0 0
20130926 7 4 3 7 0 0
20130926 8 7 1 5 5 1
20130926 9 4 8 9 4 6
20130926 10 5 9 2 4 6
20130926 11 9 1 5 6 1
20130926 12 8 7 5 6 5
20130927 1 5 3 7 0 0
20130927 2 7 3 2 0 0
20130927 3 2 3 7 0 0
20130927 4 2 3 7 0 0
20130927 5 1 7 3 0 0
20130927 6 1 5 3 0 0
20130927 7 1 5 2 0 0
20130927 8 8 1 2 6 1
20130927 9 6 3 2 5 3
20130927 10 2 9 5 2 6
20130927 11 3 9 5 3 6
20130927 12 1 3 9 1 3
20130928 1 2 7 4 0 0
20130928 2 2 5 1 0 0
20130928 3 2 7 6 0 0
20130928 4 3 4 1 0 0
20130928 5 7 3 2 0 0
20130928 6 4 5 7 4 4
20130928 7 2 1 7 2 1
20130928 8 5 6 7 0 0
20130928 9 1 3 2 0 0
20130928 10 3 7 2 3 5
20130928 11 3 5 2 3 4
20130928 12 3 5 8 3 4
20131023 1 9 4 2 6 4
20131023 2 9 7 4 6 5
20131023 3 8 9 6 6 6
20131023 4 2 7 4 2 5
20131023 5 5 2 4 4 2
20131023 6 1 4 3 1 4
20131023 7 1 3 7 1 3
20131023 8 7 2 9 5 2
20131023 9 3 7 2 3 5
20131023 10 9 8 5 6 6
20131023 11 8 6 3 6 5
20131024 1 1 3 9 1 3
20131024 2 4 1 3 4 1
20131024 3 7 2 9 5 2
20131024 4 1 4 3 1 4
20131024 5 9 1 2 6 1
20131024 6 3 7 1 3 5
20131024 7 7 4 2 6 4
20131024 8 3 9 7 3 6
20131024 9 5 1 7 4 1
20131024 10 1 3 2 1 3
20131024 11 1 3 2 1 3
20131025 1 9 3 7 6 3
20131025 2 3 4 7 3 4
20131025 3 3 7 9 3 5
20131025 4 1 7 6 1 5
20131025 5 2 5 8 2 4
20131025 6 5 8 1 4 6
20131025 7 7 3 9 5 3
20131025 8 6 4 1 5 4
20131025 9 4 1 2 4 1
20131025 10 2 5 7 2 4
20131025 11 3 2 9 3 2
20131125 1 5 2 3 0 0
20131125 2 7 2 1 0 0
20131125 3 5 2 1 0 0
20131125 4 2 1 4 0 0
20131125 5 2 3 7 0 0
20131125 6 3 1 8 3 1
20131125 7 3 9 5 3 6
20131125 8 7 1 6 5 1
20131125 9 1 3 5 1 3
20131125 10 2 3 8 2 3
20131126 1 2 3 6 0 0
20131126 2 7 3 1 0 0
20131126 3 2 1 3 0 0
20131126 4 7 1 2 0 0
20131126 5 1 3 7 0 0
20131126 6 2 5 7 2 4
20131126 7 2 5 6 2 4
20131126 8 3 7 9 3 5
20131126 9 2 3 8 2 3
20131126 10 7 3 4 5 3
20131127 1 5 3 6 0 0
20131127 2 7 3 2 0 0
20131127 3 2 7 1 0 0
20131127 4 2 7 3 0 0
20131127 5 6 7 4 0 0
20131127 6 7 1 9 5 1
20131127 7 9 3 1 6 3
20131127 8 5 9 4 4 6
20131127 9 9 8 3 6 6
20131127 10 5 1 9 4 1
20131203 1 1 7 2 0 0
20131203 2 3 7 1 0 0
20131203 3 1 3 7 0 0
20131203 4 5 7 3 0 0
20131203 5 7 2 1 0 0
20131203 6 5 4 3 4 4
20131203 7 2 9 7 2 6
20131203 8 3 4 7 3 4
20131203 9 7 9 3 5 6
20131203 10 1 3 7 1 3
20131204 1 2 3 5 0 0
20131204 2 2 3 5 0 0
20131204 3 3 6 4 0 0
20131204 4 7 2 3 0 0
20131204 5 1 2 5 0 0
20131204 6 7 3 9 5 3
20131204 7 0 0 0 5 3
20131204 8 9 1 8 6 1
20131204 9 9 2 1 6 2
20131204 10 1 9 2 1 6
20131205 1 7 5 1 0 0
20131205 2 3 4 1 0 0
20131205 3 7 3 2 0 0
20131205 4 6 4 3 0 0
20131205 5 5 2 6 0 0
20131205 6 1 5 2 1 4
20131205 7 7 9 1 5 6
20131205 8 1 9 4 1 6
20131205 9 3 5 2 3 4
20131205 10 1 5 8 1 4
20131224 1 5 7 2 0 0
20131224 2 1 2 5 0 0
20131224 3 2 5 3 0 0
20131224 4 5 1 3 0 0
20131224 5 7 2 4 0 0
20131224 6 8 4 2 6 4
20131224 7 9 2 3 6 2
20131224 8 8 5 2 6 4
20131224 9 1 7 3 1 5
20131224 10 9 5 7 6 4
20131225 1 2 1 5 0 0
20131225 2 3 4 1 0 0
20131225 3 1 5 3 0 0
20131225 4 2 1 5 0 0
20131225 5 1 3 2 0 0
20131225 6 4 2 9 4 2
20131225 7 1 7 8 1 5
20131225 8 3 5 7 3 4
20131225 9 9 3 1 6 3
20131225 10 1 9 7 1 6
20131226 1 5 4 7 0 0
20131226 2 3 7 2 0 0
20131226 3 3 2 4 0 0
20131226 4 4 7 2 0 0
20131226 5 1 5 6 0 0
20131226 6 2 8 4 2 6
20131226 7 7 3 9 5 3
20131226 8 1 9 6 1 6
20131226 9 9 4 3 6 4
20131226 10 3 5 6 3 4
20140101 1 7 1 5 0 0
20140101 2 1 4 7 0 0
20140101 3 1 7 3 0 0
20140101 4 2 4 7 0 0
20140101 5 7 1 2 0 0
20140101 6 5 9 1 4 6
20140101 7 1 9 3 1 6
20140101 8 9 3 1 6 3
20140101 9 3 5 7 3 4
20140101 10 3 7 9 3 5
20140102 1 7 4 1 0 0
20140102 2 5 3 1 0 0
20140102 3 7 4 1 0 0
20140102 4 6 4 3 0 0
20140102 5 3 1 4 0 0
20140102 6 6 2 9 5 2
20140102 7 6 5 1 5 4
20140102 8 1 5 8 1 4
20140102 9 1 5 7 1 4
20140102 10 7 1 5 5 1
20140103 1 1 3 5 0 0
20140103 2 1 7 3 0 0
20140103 3 1 7 5 0 0
20140103 4 4 1 3 0 0
20140103 5 1 5 3 0 0
20140103 6 1 2 3 1 2
20140103 7 4 3 9 4 3
20140103 8 9 1 7 6 1
20140103 9 2 8 3 2 6
20140103 10 7 4 3 5 4
20140115 1 7 2 9 5 2
20140115 2 3 5 1 3 4
20140115 3 3 9 2 3 6
20140115 4 1 3 7 1 3
20140115 5 1 5 6 1 4
20140115 6 3 1 6 0 0
20140115 7 4 2 7 0 0
20140115 8 6 1 4 5 1
20140115 9 1 9 3 1 6
20140115 10 1 7 3 1 5
20140115 11 1 6 2 1 5
20140115 12 9 3 1 6 3
20140116 1 9 3 7 6 3
20140116 2 3 4 9 3 4
20140116 3 4 3 5 4 3
20140116 4 2 7 3 2 5
20140116 5 7 1 5 5 1
20140116 6 4 1 7 0 0
20140116 7 2 6 4 0 0
20140116 8 9 8 4 6 6
20140116 9 5 2 9 4 2
20140116 10 9 6 1 6 5
20140116 11 5 3 7 4 3
20140116 12 3 2 1 3 2
20140117 1 7 1 4 5 1
20140117 2 3 5 2 3 4
20140117 3 7 2 8 5 2
20140117 4 3 5 9 3 4
20140117 5 2 1 7 0 0
20140117 6 7 6 3 5 5
20140117 7 3 5 1 3 4
20140117 8 1 7 3 0 0
20140117 9 5 1 4 4 1
20140117 10 9 3 1 6 3
20140117 11 7 2 1 5 2
20140117 12 5 9 2 4 6
20140204 1 5 3 2 0 0
20140204 2 2 1 4 0 0
20140204 3 7 4 2 0 0
20140204 4 1 3 7 0 0
20140204 5 5 7 2 0 0
20140205 1 5 3 1 0 0
20140205 2 1 5 7 0 0
20140205 3 5 2 7 0 0
20140205 4 3 2 7 0 0
20140205 5 2 1 5 0 0
20140205 6 5 4 7 4 4
20140205 7 2 5 9 2 4
20140205 8 1 3 9 1 3
20140205 9 2 5 7 2 4
20140205 10 2 1 9 2 1
20140206 1 3 7 5 0 0
20140206 2 4 6 2 0 0
20140206 3 1 4 2 0 0
20140206 4 1 7 2 0 0
20140206 5 3 7 2 0 0
20140206 6 9 1 7 6 1
20140206 7 3 4 5 3 4
20140206 8 9 2 7 6 2
20140206 9 8 9 1 6 6
20140206 10 1 7 4 1 5
20140212 1 2 1 9 2 1
20140212 2 1 3 5 1 3
20140212 3 5 8 2 4 6
20140212 4 9 4 2 6 4
20140212 5 1 3 5 1 3
20140212 6 9 2 4 6 2
20140212 7 5 9 3 4 6
20140212 8 2 7 1 2 5
20140212 9 9 7 2 6 5
20140212 10 9 1 5 6 1
20140212 11 1 3 5 1 3
20140213 1 5 6 7 4 5
20140213 2 1 2 9 1 2
20140213 3 7 1 5 5 1
20140213 4 9 6 3 6 5
20140213 5 6 3 2 5 3
20140213 6 1 2 6 1 2
20140213 7 3 1 6 3 1
20140213 8 6 2 3 5 2
20140213 9 1 9 2 1 6
20140213 10 3 4 2 3 4
20140213 11 2 3 1 2 3
20140214 1 1 4 5 1 4
20140214 2 1 7 3 1 5
20140214 3 3 5 9 3 4
20140214 4 4 2 3 4 2
20140214 5 2 5 7 2 4
20140214 6 4 2 1 4 2
20140214 7 7 2 6 5 2
20140214 8 7 6 1 5 5
20140214 9 7 2 8 5 2
20140214 10 5 1 8 4 1
20140214 11 9 1 5 6 1
20140314 1 2 1 7 0 0
20140314 2 3 1 6 0 0
20140314 3 7 6 4 0 0
20140314 4 3 7 5 0 0
20140314 5 3 1 7 0 0
20140314 6 7 3 2 5 3
20140314 7 3 7 9 3 5
20140314 8 1 9 5 1 6
20140314 9 2 8 4 2 6
20140314 10 1 2 9 1 2
20140315 1 4 3 7 0 0
20140315 2 4 2 7 0 0
20140315 3 5 2 1 0 0
20140315 4 2 5 3 0 0
20140315 5 5 2 1 0 0
20140315 6 1 3 6 1 3
20140315 7 2 4 1 2 4
20140315 8 9 1 2 6 1
20140315 9 9 7 5 6 5
20140315 10 5 9 1 4 6
20140316 1 5 2 4 0 0
20140316 2 1 5 6 0 0
20140316 3 7 3 2 0 0
20140316 4 2 1 5 0 0
20140316 5 4 5 6 0 0
20140316 6 3 7 8 3 5
20140316 7 5 3 1 4 3
20140316 8 7 6 5 5 5
20140316 9 1 2 4 1 2
20140316 10 3 4 8 3 4
20140409 1 1 7 9 1 5
20140409 2 3 7 9 3 5
20140409 3 1 4 5 1 4
20140409 4 5 1 7 4 1
20140409 5 9 2 3 6 2
20140409 6 8 6 1 6 5
20140409 7 7 3 2 5 3
20140409 8 4 7 2 4 5
20140409 9 9 7 4 6 5
20140409 10 1 3 7 1 3
20140409 11 5 7 3 4 5
20140410 1 1 9 4 1 6
20140410 2 1 7 2 1 5
20140410 3 5 9 4 4 6
20140410 4 9 1 7 6 1
20140410 5 5 2 7 4 2
20140410 6 7 2 5 5 2
20140410 7 3 7 2 3 5
20140410 8 7 9 1 5 6
20140410 9 9 7 1 6 5
20140410 10 1 2 4 1 2
20140410 11 1 5 3 1 4
20140411 1 5 3 2 4 3
20140411 2 8 1 5 6 1
20140411 3 5 7 3 4 5
20140411 4 9 3 4 6 3
20140411 5 3 8 7 3 6
20140411 6 5 1 7 4 1
20140411 7 4 5 8 4 4
20140411 8 4 5 7 4 4
20140411 9 7 1 8 5 1
20140411 10 4 2 5 4 2
20140411 11 3 6 7 3 5
20140423 1 3 1 5 0 0
20140423 2 1 5 2 0 0
20140423 3 3 1 6 0 0
20140423 4 7 4 3 0 0
20140423 5 5 3 4 0 0
20140423 6 7 1 9 5 1
20140423 7 5 8 2 4 6
20140423 8 5 3 8 4 3
20140423 9 5 1 2 4 1
20140423 10 5 9 2 4 6
20140424 1 4 5 1 0 0
20140424 2 3 2 5 0 0
20140424 3 1 2 5 0 0
20140424 4 4 3 7 0 0
20140424 5 7 3 2 0 0
20140424 6 7 9 1 5 6
20140424 7 7 1 4 5 1
20140424 8 4 3 8 4 3
20140424 9 5 1 7 4 1
20140424 10 5 1 9 4 1
20140425 1 2 3 1 0 0
20140425 2 5 3 1 0 0
20140425 3 3 4 7 0 0
20140425 4 7 3 1 0 0
20140425 5 1 4 5 0 0
20140425 6 3 1 4 3 1
20140425 7 1 7 2 1 5
20140425 8 7 1 2 5 1
20140425 9 3 1 5 3 1
20140425 10 9 2 4 6 2
20140514 1 2 4 6 0 0
20140514 2 2 3 7 0 0
20140514 3 1 4 7 0 0
20140514 4 3 7 1 0 0
20140514 5 5 4 3 0 0
20140514 6 1 9 8 1 6
20140514 7 5 7 2 4 5
20140514 8 2 9 5 2 6
20140514 9 2 5 7 2 4
20140514 10 1 4 7 1 4
20140515 1 4 2 1 0 0
20140515 2 1 4 3 0 0
20140515 3 4 5 3 0 0
20140515 4 5 7 1 0 0
20140515 5 7 4 2 0 0
20140515 6 7 5 2 5 4
20140515 7 3 7 9 3 5
20140515 8 9 7 2 6 5
20140515 9 2 5 8 2 4
20140515 10 4 2 6 4 2
20140516 1 2 4 5 0 0
20140516 2 1 5 4 0 0
20140516 3 1 3 5 0 0
20140516 4 5 4 6 0 0
20140516 5 6 7 2 0 0
20140516 6 8 4 5 6 4
20140516 7 7 2 4 5 2
20140516 8 2 9 5 2 6
20140516 9 1 6 2 1 5
20140516 10 3 5 7 3 4
20140612 1 5 1 3 4 1
20140612 2 1 6 2 1 5
20140612 3 1 9 6 1 6
20140612 4 8 1 5 6 1
20140612 5 8 2 1 6 2
20140612 6 8 7 6 6 5
20140612 7 9 5 1 6 4
20140612 8 9 1 5 6 1
20140612 9 5 3 9 4 3
20140612 10 5 2 3 4 2
20140612 11 1 4 8 1 4
20140612 12 3 6 4 3 5
20140613 1 9 2 4 6 2
20140613 2 5 3 8 4 3
20140613 3 9 6 2 6 5
20140613 4 4 3 7 4 3
20140613 5 9 4 2 6 4
20140613 6 5 4 3 4 4
20140613 7 9 2 6 6 2
20140613 8 1 9 5 1 6
20140613 9 1 7 6 1 5
20140613 10 1 5 4 1 4
20140613 11 3 9 4 3 6
20140613 12 6 2 9 5 2
20140614 1 8 2 7 6 2
20140614 2 2 6 4 2 5
20140614 3 5 7 3 4 5
20140614 4 1 5 8 1 4
20140614 5 8 3 7 6 3
20140614 6 2 7 9 2 5
20140614 7 4 1 3 4 1
20140614 8 3 5 2 3 4
20140614 9 7 4 1 5 4
20140614 10 2 9 4 2 6
20140614 11 2 7 6 2 5
20140614 12 5 3 4 4 3
20140615 1 8 1 7 6 1
20140615 2 9 1 5 6 1
20140615 3 9 4 2 6 4
20140615 4 6 8 7 5 6
20140615 5 7 3 9 5 3
20140615 6 9 3 1 6 3
20140615 7 4 7 3 4 5
20140615 8 9 1 5 6 1
20140615 9 8 5 4 6 4
20140615 10 2 5 1 2 4
20140615 11 9 5 3 6 4
20140630 1 2 3 9 2 3
20140630 2 3 7 2 3 5
20140630 3 1 7 5 1 5
20140630 4 7 3 5 5 3
20140630 5 5 7 8 4 5
20140630 6 3 1 4 3 1
20140630 7 9 8 7 6 6
20140630 8 2 9 7 2 6
20140630 9 1 8 7 1 6
20140630 10 1 3 6 1 3
20140630 11 3 5 6 3 4
20140701 1 3 2 9 3 2
20140701 2 5 2 7 4 2
20140701 3 1 4 7 1 4
20140701 4 2 4 6 2 4
20140701 5 8 2 5 6 2
20140701 6 7 5 1 5 4
20140701 7 2 9 5 2 6
20140701 8 9 2 6 6 2
20140701 9 2 1 5 2 1
20140701 10 2 5 4 2 4
20140701 11 3 2 9 3 2
20140702 1 3 1 4 3 1
20140702 2 2 7 3 2 5
20140702 3 6 8 9 5 6
20140702 4 2 5 1 2 4
20140702 5 5 1 7 4 1
20140702 6 5 6 9 4 5
20140702 7 7 2 6 5 2
20140702 8 7 3 6 5 3
20140702 9 2 4 3 2 4
20140702 10 7 4 6 5 4
20140702 11 3 1 8 3 1
20140722 1 4 3 5 0 0
20140722 2 3 4 1 0 0
20140722 3 1 5 6 0 0
20140722 4 7 1 4 0 0
20140722 5 3 6 4 0 0
20140722 6 7 1 5 5 1
20140722 7 3 5 9 3 4
20140722 8 2 9 8 2 6
20140722 9 2 5 9 2 4
20140722 10 1 3 8 1 3
20140723 1 6 2 5 0 0
20140723 2 3 5 2 0 0
20140723 3 4 5 2 0 0
20140723 4 3 7 4 0 0
20140723 5 4 1 5 0 0
20140723 6 7 9 2 5 6
20140723 7 1 9 8 1 6
20140723 8 3 7 1 3 5
20140723 9 5 1 9 4 1
20140723 10 5 9 1 4 6
20140724 1 7 1 3 0 0
20140724 2 5 6 1 0 0
20140724 3 1 5 4 0 0
20140724 4 5 2 7 0 0
20140724 5 5 7 2 0 0
20140724 6 4 1 2 4 1
20140724 7 3 1 6 3 1
20140724 8 7 3 1 5 3
20140724 9 4 2 1 4 2
20140724 10 9 3 5 6 3
20140804 1 1 4 7 0 0
20140804 2 3 5 2 0 0
20140804 3 3 7 1 0 0
20140804 4 2 6 3 0 0
20140804 5 7 2 1 0 0
20140804 6 7 1 9 5 1
20140804 7 1 5 9 1 4
20140804 8 5 1 7 4 1
20140804 9 4 1 3 4 1
20140804 10 2 7 3 2 5
20140805 1 3 2 5 0 0
20140805 2 1 6 2 0 0
20140805 3 2 5 7 0 0
20140805 4 5 7 4 0 0
20140805 5 1 4 3 0 0
20140805 6 7 5 9 5 4
20140805 7 5 9 3 4 6
20140805 8 9 1 3 6 1
20140805 9 3 7 5 3 5
20140805 10 1 2 7 1 2
20140806 1 4 3 7 0 0
20140806 2 4 2 7 0 0
20140806 3 5 1 4 0 0
20140806 4 2 1 7 0 0
20140806 5 3 1 2 0 0
20140806 6 1 2 9 1 2
20140806 7 1 2 5 1 2
20140806 8 5 7 1 4 5
20140806 9 2 3 9 2 3
20140806 10 4 3 2 4 3
20140906 1 1 5 9 1 4
20140906 2 9 3 7 6 3
20140906 3 7 2 4 5 2
20140906 4 5 3 2 4 3
20140906 5 3 7 9 3 5
20140906 6 5 7 1 4 5
20140906 7 8 9 3 6 6
20140906 8 3 8 2 3 6
20140906 9 1 2 5 1 2
20140906 10 5 1 7 4 1
20140906 11 7 3 8 5 3
20140907 1 9 2 7 6 2
20140907 2 9 3 8 6 3
20140907 3 7 1 3 5 1
20140907 4 2 1 5 2 1
20140907 5 1 7 5 1 5
20140907 6 1 5 3 1 4
20140907 7 7 3 8 5 3
20140907 8 2 4 9 2 4
20140907 9 2 4 7 2 4
20140907 10 7 3 4 5 3
20140907 11 5 1 7 4 1
20140908 1 6 1 8 5 1
20140908 2 7 1 8 5 1
20140908 3 9 5 3 6 4
20140908 4 1 3 4 1 3
20140908 5 5 1 3 4 1
20140908 6 4 1 8 4 1
20140908 7 5 1 9 4 1
20140908 8 1 5 2 1 4
20140908 9 5 3 2 4 3
20140908 10 6 5 7 5 4
20140908 11 7 1 8 5 1
20141015 1 3 4 7 3 4
20141015 2 7 9 8 5 6
20141015 3 3 5 6 3 4
20141015 4 5 3 2 4 3
20141015 5 2 3 9 2 3
20141015 6 5 8 9 4 6
20141015 7 1 2 4 1 2
20141015 8 2 3 9 2 3
20141015 9 9 1 5 6 1
20141015 10 5 3 1 4 3
20141015 11 1 7 3 1 5
20141016 1 2 4 3 2 4
20141016 2 9 5 1 6 4
20141016 3 5 9 2 4 6
20141016 4 7 1 4 5 1
20141016 5 5 1 9 4 1
20141016 6 3 7 5 3 5
20141016 7 7 2 9 5 2
20141016 8 7 1 4 5 1
20141016 9 5 7 9 4 5
20141016 10 3 5 9 3 4
20141016 11 5 2 7 4 2
20141017 1 3 9 2 3 6
20141017 2 5 7 2 4 5
20141017 3 5 9 2 4 6
20141017 4 1 9 8 1 6
20141017 5 3 5 8 3 4
20141017 6 9 5 1 6 4
20141017 7 2 5 9 2 4
20141017 8 9 6 5 6 5
20141017 9 7 9 2 5 6
20141017 10 3 6 4 3 5
20141017 11 2 3 1 2 3
20141117 1 1 2 5 0 0
20141117 2 5 1 2 0 0
20141117 3 1 2 7 0 0
20141117 4 2 3 7 0 0
20141117 5 1 7 5 0 0
20141117 6 9 5 3 6 4
20141117 7 3 9 4 3 6
20141117 8 5 3 1 4 3
20141117 9 1 5 8 1 4
20141117 10 2 7 5 2 5
20141118 1 3 7 1 0 0
20141118 2 2 1 5 0 0
20141118 3 7 5 2 0 0
20141118 4 7 2 1 0 0
20141118 5 5 7 3 0 0
20141118 6 9 7 3 6 5
20141118 7 1 5 2 1 4
20141118 8 5 3 1 4 3
20141118 9 9 2 7 6 2
20141118 10 7 3 9 5 3
20141119 1 3 6 1 0 0
20141119 2 5 4 2 0 0
20141119 3 5 4 7 0 0
20141119 4 2 7 4 0 0
20141119 5 7 1 5 0 0
20141119 6 5 3 7 4 3
20141119 7 2 7 9 2 5
20141119 8 5 2 8 4 2
20141119 9 3 5 6 3 4
20141119 10 9 1 6 6 1
20141203 1 5 2 1 0 0
20141203 2 3 5 1 0 0
20141203 3 7 2 1 0 0
20141203 4 5 7 1 0 0
20141203 5 2 5 3 0 0
20141203 6 2 3 1 2 3
20141203 7 5 7 9 4 5
20141203 8 4 8 7 4 6
20141203 9 4 7 8 4 5
20141203 10 6 2 1 5 2
20141204 1 5 7 2 0 0
20141204 2 5 4 3 0 0
20141204 3 7 2 3 0 0
20141204 4 5 3 1 0 0
20141204 5 1 4 5 0 0
20141204 6 7 3 1 5 3
20141204 7 1 5 9 1 4
20141204 8 2 7 9 2 5
20141204 9 2 1 9 2 1
20141204 10 1 5 2 1 4
20141205 1 4 5 7 0 0
20141205 2 7 3 4 0 0
20141205 3 1 3 7 0 0
20141205 4 2 1 7 0 0
20141205 5 5 7 3 0 0
20141205 6 7 2 1 5 2
20141205 7 9 4 5 6 4
20141205 8 5 7 2 4 5
20141205 9 9 3 2 6 3
20141205 10 8 5 4 6 4
20141212 1 3 7 2 0 0
20141212 2 1 3 7 0 0
20141212 3 5 4 2 0 0
20141212 4 1 2 7 0 0
20141212 5 1 5 4 0 0
20141212 6 3 9 1 3 6
20141212 7 1 7 3 1 5
20141212 8 3 7 6 3 5
20141212 9 9 5 2 6 4
20141212 10 2 1 3 2 1
20141213 1 7 2 3 0 0
20141213 2 5 1 7 0 0
20141213 3 2 5 4 0 0
20141213 4 2 4 6 0 0
20141213 5 2 5 4 0 0
20141213 6 3 2 9 3 2
20141213 7 2 3 9 2 3
20141213 8 3 7 9 3 5
20141213 9 1 9 5 1 6
20141213 10 5 1 4 4 1
20141214 1 5 2 3 0 0
20141214 2 5 1 2 0 0
20141214 3 3 2 4 0 0
20141214 4 1 5 7 0 0
20141214 5 1 5 7 0 0
20141214 6 7 2 9 5 2
20141214 7 3 7 5 3 5
20141214 8 9 7 5 6 5
20141214 9 9 3 5 6 3
20141214 10 3 4 7 3 4
20150112 1 5 2 7 4 2
20150112 2 5 1 7 4 1
20150112 3 3 4 7 3 4
20150112 4 3 9 4 3 6
20150112 5 3 7 9 3 5
20150112 6 1 8 4 1 6
20150112 7 2 7 5 2 5
20150112 8 2 5 9 2 4
20150112 9 7 9 2 5 6
20150112 10 5 9 7 4 6
20150112 11 5 1 3 4 1
20150113 1 8 6 9 6 5
20150113 2 1 8 2 1 6
20150113 3 7 5 2 5 4
20150113 4 7 3 1 5 3
20150113 5 3 7 2 3 5
20150113 6 5 2 4 4 2
20150113 7 5 2 4 4 2
20150113 8 2 8 6 2 6
20150113 9 7 5 9 5 4
20150113 10 2 1 8 2 1
20150113 11 3 1 8 3 1
20150114 1 8 9 5 6 6
20150114 2 6 9 1 5 6
20150114 3 1 9 3 1 6
20150114 4 1 9 7 1 6
20150114 5 9 3 5 6 3
20150114 6 2 1 7 2 1
20150114 7 1 4 5 1 4
20150114 8 8 9 3 6 6
20150114 9 1 7 3 1 5
20150114 10 2 6 9 2 5
20150114 11 5 3 7 4 3
20150216 1 5 3 4 0 0
20150216 2 7 2 5 0 0
20150216 3 5 2 6 0 0
20150216 4 5 1 7 0 0
20150216 5 1 3 5 0 0
20150216 6 1 3 5 0 0
20150216 7 6 1 7 0 0
20150216 8 8 9 1 6 6
20150216 9 2 8 5 2 6
20150216 10 4 3 2 4 3
20150216 11 7 1 3 5 1
20150216 12 4 3 1 4 3
20150217 1 4 3 2 0 0
20150217 2 3 7 2 0 0
20150217 3 7 1 2 0 0
20150217 4 7 1 2 0 0
20150217 5 5 1 7 0 0
20150217 6 2 6 7 0 0
20150217 7 3 2 4 0 0
20150217 8 9 3 2 6 3
20150217 9 8 7 5 6 5
20150217 10 3 2 1 3 2
20150217 11 8 2 5 6 2
20150217 12 5 1 7 4 1
20150218 1 4 3 1 0 0
20150218 2 3 5 1 0 0
20150218 3 5 3 2 0 0
20150218 4 7 3 2 0 0
20150218 5 6 4 7 0 0
20150218 6 2 9 7 2 6
20150218 7 2 3 5 2 3
20150218 8 3 5 4 0 0
20150218 9 4 2 7 0 0
20150218 10 5 1 6 4 1
20150218 11 7 2 8 5 2
20150218 12 6 1 8 5 1
20150225 1 9 2 1 6 2
20150225 2 2 5 7 2 4
20150225 3 1 5 7 1 4
20150225 4 1 6 3 1 5
20150225 5 9 2 5 6 2
20150225 6 5 1 8 4 1
20150225 7 3 2 8 3 2
20150225 8 4 9 3 4 6
20150225 9 5 2 9 4 2
20150225 10 5 1 7 4 1
20150225 11 9 5 1 6 4
20150226 1 3 7 5 3 5
20150226 2 7 1 9 5 1
20150226 3 2 4 9 2 4
20150226 4 1 5 8 1 4
20150226 5 1 2 3 1 2
20150226 6 3 1 7 3 1
20150226 7 3 4 2 3 4
20150226 8 3 5 4 3 4
20150226 9 3 7 9 3 5
20150226 10 1 3 7 1 3
20150226 11 1 9 5 1 6
20150227 1 4 3 9 4 3
20150227 2 2 5 9 2 4
20150227 3 4 9 1 4 6
20150227 4 4 3 6 4 3
20150227 5 3 8 2 3 6
20150227 6 1 6 7 1 5
20150227 7 1 5 9 1 4
20150227 8 1 7 9 1 5
20150227 9 9 1 8 6 1
20150227 10 3 4 5 3 4
20150227 11 4 7 3 4 5
20150311 1 3 5 9 3 4
20150311 2 8 5 2 6 4
20150311 3 1 3 5 1 3
20150311 4 9 4 7 6 4
20150311 5 3 7 4 3 5
20150311 6 9 3 1 6 3
20150311 7 3 4 8 3 4
20150311 8 8 4 2 6 4
20150311 9 5 1 9 4 1
20150311 10 5 2 1 4 2
20150311 11 7 9 3 5 6
20150312 1 5 4 7 4 4
20150312 2 7 1 2 5 1
20150312 3 7 1 8 5 1
20150312 4 8 1 4 6 1
20150312 5 3 9 7 3 6
20150312 6 1 7 2 1 5
20150312 7 4 9 1 4 6
20150312 8 2 4 1 2 4
20150312 9 7 5 9 5 4
20150312 10 9 7 2 6 5
20150312 11 7 2 4 5 2
20150313 1 7 5 1 5 4
20150313 2 7 9 4 5 6
20150313 3 1 6 8 1 5
20150313 4 2 1 9 2 1
20150313 5 1 7 8 1 5
20150313 6 5 7 3 4 5
20150313 7 1 3 4 1 3
20150313 8 6 9 3 5 6
20150313 9 9 1 5 6 1
20150313 10 5 1 7 4 1
20150313 11 3 4 5 3 4
20150323 1 3 4 6 0 0
20150323 2 3 2 7 0 0
20150323 3 3 1 7 0 0
20150323 4 1 3 7 0 0
20150323 5 2 5 7 0 0
20150323 6 3 5 7 3 4
20150323 7 7 9 5 5 6
20150323 8 6 1 2 5 1
20150323 9 9 2 4 6 2
20150323 10 1 9 2 1 6
20150324 1 3 7 1 0 0
20150324 2 5 1 2 0 0
20150324 3 7 2 6 0 0
20150324 4 5 1 7 0 0
20150324 5 1 7 5 0 0
20150324 6 1 2 4 1 2
20150324 7 3 4 9 3 4
20150324 8 9 5 3 6 4
20150324 9 2 5 9 2 4
20150324 10 4 3 1 4 3
20150325 1 5 1 2 0 0
20150325 2 7 3 2 0 0
20150325 3 2 6 3 0 0
20150325 4 3 1 6 0 0
20150325 5 4 1 5 0 0
20150325 6 3 9 7 3 6
20150325 7 9 5 7 6 4
20150325 8 9 3 1 6 3
20150325 9 3 2 9 3 2
20150325 10 7 1 6 5 1
20150404 1 1 4 2 0 0
20150404 2 1 4 5 0 0
20150404 3 3 5 4 0 0
20150404 4 2 6 7 0 0
20150404 5 4 2 3 0 0
20150404 6 4 1 2 0 0
20150404 7 7 2 5 0 0
20150404 8 2 1 3 2 1
20150404 9 3 8 7 3 6
20150404 10 5 1 9 4 1
20150404 11 9 7 5 6 5
20150404 12 3 6 8 3 5
20150405 1 2 4 3 0 0
20150405 2 3 1 4 0 0
20150405 3 7 4 1 0 0
20150405 4 4 2 5 0 0
20150405 5 2 1 5 0 0
20150405 6 4 3 5 0 0
20150405 7 3 4 2 0 0
20150405 8 9 2 6 6 2
20150405 9 5 9 1 4 6
20150405 10 3 1 6 3 1
20150405 11 2 7 1 2 5
20150405 12 5 2 7 4 2
20150406 1 2 5 7 0 0
20150406 2 4 2 5 0 0
20150406 3 3 4 7 0 0
20150406 4 6 3 5 0 0
20150406 5 4 5 3 0 0
20150406 6 3 7 2 3 5
20150406 7 6 3 7 5 3
20150406 8 7 4 1 0 0
20150406 9 1 5 2 0 0
20150406 10 2 3 5 2 3
20150406 11 3 2 7 3 2
20150406 12 9 2 5 6 2
20150523 1 1 5 9 1 4
20150523 2 9 1 7 6 1
20150523 3 1 3 5 1 3
20150523 4 7 3 5 5 3
20150523 5 9 3 1 6 3
20150523 6 7 5 6 5 4
20150523 7 3 9 7 3 6
20150523 8 9 5 3 6 4
20150523 9 2 5 7 2 4
20150523 10 3 5 7 3 4
20150523 11 7 3 1 5 3
20150523 12 1 6 2 1 5
20150524 1 1 7 4 1 5
20150524 2 9 1 5 6 1
20150524 3 5 9 4 4 6
20150524 4 7 9 3 5 6
20150524 5 2 3 4 2 3
20150524 6 6 7 9 5 5
20150524 7 9 1 3 6 1
20150524 8 5 6 3 4 5
20150524 9 5 1 7 4 1
20150524 10 3 4 8 3 4
20150524 11 5 1 7 4 1
20150524 12 2 5 9 2 4
20150525 1 1 4 5 1 4
20150525 2 8 2 9 6 2
20150525 3 7 1 5 5 1
20150525 4 2 1 5 2 1
20150525 5 8 6 5 6 5
20150525 6 2 9 1 2 6
20150525 7 5 3 1 4 3
20150525 8 3 7 2 3 5
20150525 9 9 3 8 6 3
20150525 10 7 3 5 5 3
20150525 11 2 7 3 2 5
20150525 12 7 9 5 5 6
20150526 1 9 7 2 6 5
20150526 2 1 7 9 1 5
20150526 3 3 2 6 3 2
20150526 4 5 2 3 4 2
20150526 5 1 8 9 1 6
20150526 6 3 1 9 3 1
20150526 7 2 3 4 2 3
20150526 8 1 4 6 1 4
20150526 9 7 3 9 5 3
20150526 10 7 1 3 5 1
20150526 11 3 4 2 3 4
20150612 1 5 2 9 4 2
20150612 2 3 9 7 3 6
20150612 3 5 9 1 4 6
20150612 4 3 7 8 3 5
20150612 5 9 7 4 6 5
20150612 6 7 1 4 0 0
20150612 7 3 6 7 0 0
20150612 8 1 5 7 1 4
20150612 9 5 2 8 4 2
20150612 10 5 1 9 4 1
20150612 11 3 9 7 3 6
20150612 12 2 9 7 2 6
20150613 1 3 2 8 3 2
20150613 2 5 9 1 4 6
20150613 3 1 5 3 1 4
20150613 4 9 7 2 6 5
20150613 5 1 7 8 1 5
20150613 6 3 2 6 0 0
20150613 7 6 5 4 0 0
20150613 8 4 1 2 4 1
20150613 9 1 5 8 1 4
20150613 10 1 4 7 1 4
20150613 11 5 7 8 4 5
20150613 12 7 2 4 5 2
20150614 1 3 8 7 3 6
20150614 2 2 7 4 2 5
20150614 3 3 5 1 3 4
20150614 4 3 7 1 3 5
20150614 5 4 2 5 0 0
20150614 6 5 3 9 4 3
20150614 7 7 2 9 5 2
20150614 8 1 3 2 0 0
20150614 9 7 9 4 5 6
20150614 10 9 5 6 6 4
20150614 11 2 5 9 2 4
20150614 12 3 7 9 3 5
20150622 1 7 2 1 0 0
20150622 2 7 2 4 0 0
20150622 3 4 7 2 0 0
20150622 4 5 1 2 0 0
20150622 5 3 4 1 0 0
20150622 6 4 7 9 4 5
20150622 7 3 6 8 3 5
20150622 8 1 8 9 1 6
20150622 9 3 7 5 3 5
20150622 10 6 7 1 5 5
20150623 1 5 2 7 0 0
20150623 2 1 4 3 0 0
20150623 3 3 5 1 0 0
20150623 4 1 3 4 0 0
20150623 5 1 7 2 0 0
20150623 6 5 2 8 4 2
20150623 7 3 6 9 3 5
20150623 8 5 2 1 4 2
20150623 9 1 3 5 1 3
20150623 10 1 5 7 1 4
20150624 1 1 4 2 0 0
20150624 2 6 3 7 0 0
20150624 3 6 2 1 0 0
20150624 4 5 2 3 0 0
20150624 5 4 7 2 0 0
20150624 6 8 5 2 6 4
20150624 7 7 2 3 5 2
20150624 8 1 2 9 1 2
20150624 9 3 1 6 3 1
20150624 10 8 4 5 6 4
20150714 1 1 7 9 1 5
20150714 2 5 7 6 4 5
20150714 3 5 1 8 4 1
20150714 4 9 3 7 6 3
20150714 5 2 5 3 2 4
20150714 6 1 6 7 1 5
20150714 7 3 4 1 3 4
20150714 8 3 9 7 3 6
20150714 9 5 8 2 4 6
20150714 10 3 5 9 3 4
20150714 11 3 1 8 3 1
20150715 1 2 8 1 2 6
20150715 2 3 9 4 3 6
20150715 3 4 3 9 4 3
20150715 4 3 9 6 3 6
20150715 5 3 5 4 3 4
20150715 6 9 4 7 6 4
20150715 7 3 1 9 3 1
20150715 8 2 9 7 2 6
20150715 9 7 5 4 5 4
20150715 10 5 2 7 4 2
20150715 11 7 5 1 5 4
20150716 1 2 9 5 2 6
20150716 2 9 4 6 6 4
20150716 3 9 8 5 6 6
20150716 4 3 1 5 3 1
20150716 5 9 2 5 6 2
20150716 6 8 2 4 6 2
20150716 7 1 8 9 1 6
20150716 8 1 4 3 1 4
20150716 9 4 8 3 4 6
20150716 10 5 3 7 4 3
20150716 11 8 1 3 6 1
