20120618 1 3 2 1 3 2
20120618 2 3 1 9 3 1
20120618 3 8 9 7 6 6
20120618 4 5 3 1 4 3
20120618 5 9 1 3 6 1
20120618 6 1 2 7 1 2
20120618 7 6 9 4 5 6
20120618 8 3 9 2 3 6
20120618 9 7 8 5 5 6
20120618 10 1 3 7 1 3
20120618 11 8 5 9 6 4
20120618 12 9 3 7 6 3
20120619 1 4 3 7 4 3
20120619 2 7 5 9 5 4
20120619 3 2 9 3 2 6
20120619 4 4 9 2 4 6
20120619 5 4 9 6 4 6
20120619 6 7 9 8 5 6
20120619 7 4 3 5 4 3
20120619 8 3 1 2 3 1
20120619 9 1 6 9 1 5
20120619 10 9 1 7 6 1
20120619 11 1 9 5 1 6
20120619 12 9 1 3 6 1
20120620 1 7 3 4 5 3
20120620 2 2 1 8 2 1
20120620 3 3 7 5 3 5
20120620 4 2 3 8 2 3
20120620 5 8 6 4 6 5
20120620 6 1 7 4 1 6
20120620 7 7 9 5 5 6
20120620 8 6 8 3 5 6
20120620 9 2 1 7 2 1
20120620 10 5 2 7 4 2
20120620 11 3 6 7 3 5
20120620 12 6 4 3 5 4
20120905 1 3 5 2 3 4
20120905 2 2 7 4 2 5
20120905 3 3 5 2 3 4
20120905 4 9 5 4 6 4
20120905 5 1 5 4 1 4
20120905 6 8 5 3 6 4
20120905 7 5 9 3 4 6
20120905 8 2 7 5 2 5
20120905 9 5 8 3 4 6
20120905 10 1 3 2 1 3
20120905 11 1 2 5 1 2
20120906 1 7 1 5 5 1
20120906 2 3 5 1 3 4
20120906 3 3 9 6 3 6
20120906 4 5 6 9 4 5
20120906 5 1 3 8 1 3
20120906 6 3 1 4 3 1
20120906 7 1 2 8 1 2
20120906 8 1 2 9 1 2
20120906 9 5 1 2 4 1
20120906 10 5 7 2 4 5
20120906 11 7 1 8 5 1
20120907 1 5 2 8 4 2
20120907 2 4 2 7 4 2
20120907 3 1 3 2 1 3
20120907 4 1 4 3 1 4
20120907 5 2 6 1 2 5
20120907 6 2 9 4 2 6
20120907 7 3 8 4 3 6
20120907 8 6 8 1 5 6
20120907 9 2 5 3 2 4
20120907 10 7 4 5 5 4
20120907 11 5 3 1 4 3
20121012 1 7 5 4 0 0
20121012 2 4 5 2 0 0
20121012 3 2 4 7 0 0
20121012 4 5 1 7 0 0
20121012 5 2 4 5 0 0
20121012 6 7 1 5 5 1
20121012 7 5 3 9 4 3
20121012 8 5 2 3 4 2
20121012 9 3 1 5 3 1
20121012 10 9 1 4 6 1
20121012 11 5 7 1 4 5
20121013 1 1 2 5 0 0
20121013 2 3 2 1 0 0
20121013 3 1 4 2 0 0
20121013 4 3 7 5 0 0
20121013 5 1 3 5 0 0
20121013 6 5 3 8 4 3
20121013 7 2 3 5 2 3
20121013 8 4 1 9 4 1
20121013 9 5 3 9 4 3
20121013 10 9 1 4 6 1
20121013 11 5 2 1 4 2
20121014 1 5 2 6 0 0
20121014 2 1 5 7 0 0
20121014 3 5 2 7 0 0
20121014 4 1 7 3 0 0
20121014 5 1 4 6 0 0
20121014 6 1 9 5 1 6
20121014 7 3 6 1 3 5
20121014 8 1 3 6 1 3
20121014 9 5 7 8 4 5
20121014 10 1 7 3 1 5
20121014 11 2 3 4 2 3
20121114 1 5 2 4 4 2
20121114 2 3 2 9 3 2
20121114 3 5 2 3 4 2
20121114 4 9 3 7 6 3
20121114 5 3 1 4 3 1
20121114 6 2 1 5 2 1
20121114 7 3 5 2 3 4
20121114 8 1 5 8 1 4
20121114 9 3 9 7 3 6
20121114 10 9 5 3 6 4
20121114 11 3 5 1 3 4
20121115 1 5 9 4 4 6
20121115 2 1 5 8 1 4
20121115 3 3 5 2 3 4
20121115 4 5 1 9 4 1
20121115 5 5 7 4 4 5
20121115 6 9 3 6 6 3
20121115 7 3 7 2 3 5
20121115 8 2 5 7 2 4
20121115 9 2 9 7 2 6
20121115 10 7 9 3 5 6
20121115 11 7 1 5 5 1
20121116 1 1 2 7 1 2
20121116 2 8 1 9 6 1
20121116 3 5 2 9 4 2
20121116 4 1 5 3 1 4
20121116 5 7 1 3 5 1
20121116 6 3 7 8 3 5
20121116 7 2 7 5 2 5
20121116 8 3 5 1 3 4
20121116 9 5 9 6 4 6
20121116 10 7 1 5 5 1
20121116 11 8 4 3 6 4
20121126 1 7 5 3 0 0
20121126 2 2 4 7 0 0
20121126 3 5 2 4 0 0
20121126 4 1 4 3 0 0
20121126 5 1 2 5 0 0
20121126 6 2 5 7 2 4
20121126 7 2 1 8 2 1
20121126 8 9 3 1 6 3
20121126 9 7 5 3 5 4
20121126 10 1 3 8 1 3
20121126 11 9 5 6 6 4
20121127 1 4 7 1 0 0
20121127 2 3 7 5 0 0
20121127 3 5 4 6 0 0
20121127 4 5 1 7 0 0
20121127 5 7 1 3 0 0
20121127 6 4 9 3 4 6
20121127 7 5 3 1 4 3
20121127 8 3 7 2 3 5
20121127 9 5 3 6 4 3
20121127 10 9 2 3 6 2
20121127 11 9 8 6 6 6
20121128 1 1 4 2 0 0
20121128 2 1 7 2 0 0
20121128 3 3 1 2 0 0
20121128 4 1 3 7 0 0
20121128 5 2 7 3 0 0
20121128 6 3 5 2 3 4
20121128 7 5 4 7 4 4
20121128 8 2 7 8 2 5
20121128 9 9 2 7 6 2
20121128 10 1 8 9 1 6
20121128 11 3 2 5 3 2
20121204 1 5 1 9 4 1
20121204 2 5 3 2 4 3
20121204 3 9 1 5 6 1
20121204 4 1 9 3 1 6
20121204 5 5 9 6 4 6
20121204 6 8 3 4 6 3
20121204 7 3 5 7 3 4
20121204 8 5 2 1 4 2
20121204 9 7 2 4 5 2
20121204 10 5 7 2 4 5
20121204 11 7 1 5 5 1
20121205 1 9 3 2 6 3
20121205 2 1 5 9 1 4
20121205 3 1 4 7 1 4
20121205 4 9 2 1 6 2
20121205 5 5 7 1 4 5
20121205 6 9 1 3 6 1
20121205 7 5 2 3 4 2
20121205 8 2 1 7 2 1
20121205 9 4 1 9 4 1
20121205 10 2 3 9 2 3
20121205 11 3 7 5 3 5
20121206 1 7 3 4 5 3
20121206 2 8 1 4 6 1
20121206 3 4 3 1 4 3
20121206 4 5 8 2 4 6
20121206 5 7 3 2 5 3
20121206 6 9 4 1 6 4
20121206 7 5 3 6 4 3
20121206 8 1 3 9 1 3
20121206 9 2 5 1 2 4
20121206 10 4 7 2 4 5
20121206 11 8 4 2 6 4
20121221 1 4 1 2 0 0
20121221 2 7 3 2 0 0
20121221 3 2 1 5 0 0
20121221 4 7 3 2 0 0
20121221 5 2 3 5 0 0
20121221 6 1 5 9 1 4
20121221 7 5 2 3 4 2
20121221 8 9 3 5 6 3
20121221 9 6 1 2 5 1
20121221 10 2 7 4 2 5
20121221 11 2 5 3 2 4
20121222 1 2 1 3 0 0
20121222 2 4 2 7 0 0
20121222 3 1 3 7 0 0
20121222 4 5 1 6 0 0
20121222 5 7 1 3 0 0
20121222 6 9 1 4 6 1
20121222 7 2 3 7 2 3
20121222 8 3 1 7 3 1
20121222 9 2 3 7 2 3
20121222 10 3 8 4 3 6
20121222 11 7 2 3 5 2
20121223 1 2 7 4 0 0
20121223 2 4 2 7 0 0
20121223 3 3 5 4 0 0
20121223 4 7 2 5 0 0
20121223 5 7 4 3 0 0
20121223 6 2 9 5 2 6
20121223 7 3 1 9 3 1
20121223 8 7 3 4 5 3
20121223 9 5 7 3 4 5
20121223 10 3 9 8 3 6
20121223 11 1 9 4 1 6
20130105 1 7 9 8 5 6
20130105 2 2 9 7 2 6
20130105 3 1 5 3 1 4
20130105 4 3 2 4 3 2
20130105 5 1 4 2 1 4
20130105 6 1 6 2 1 5
20130105 7 7 3 5 5 3
20130105 8 3 9 4 3 6
20130105 9 1 5 7 1 4
20130105 10 3 2 6 3 2
20130105 11 1 9 6 1 6
20130106 1 7 1 4 5 1
20130106 2 1 7 3 1 5
20130106 3 3 2 5 3 2
20130106 4 9 6 1 6 5
20130106 5 3 4 9 3 4
20130106 6 9 4 1 6 4
20130106 7 1 7 2 1 5
20130106 8 9 8 6 6 6
20130106 9 3 1 2 3 1
20130106 10 1 3 6 1 3
20130106 11 9 6 7 6 5
20130107 1 9 5 3 6 4
20130107 2 7 1 5 5 1
20130107 3 8 1 9 6 1
20130107 4 5 9 1 4 6
20130107 5 9 1 5 6 1
20130107 6 3 1 4 3 1
20130107 7 2 7 1 2 5
20130107 8 2 4 8 2 4
20130107 9 4 7 6 4 5
20130107 10 1 5 9 1 4
20130107 11 2 3 8 2 3
20130108 1 7 9 2 5 6
20130108 2 5 1 8 4 1
20130108 3 4 7 2 4 5
20130108 4 7 5 4 5 4
20130108 5 2 3 1 2 3
20130108 6 5 8 2 4 6
20130108 7 1 8 6 1 6
20130108 8 1 3 8 1 3
20130108 9 5 2 4 4 2
20130108 10 1 9 6 1 6
20130108 11 1 9 5 1 6
20130212 1 4 3 2 0 0
20130212 2 1 2 6 0 0
20130212 3 2 3 4 0 0
20130212 4 5 2 1 0 0
20130212 5 4 1 5 0 0
20130212 6 7 9 2 5 6
20130212 7 2 3 7 2 3
20130212 8 1 3 9 1 3
20130212 9 3 1 7 3 1
20130212 10 7 5 1 5 4
20130212 11 9 1 3 6 1
20130213 1 5 2 6 0 0
20130213 2 1 3 7 0 0
20130213 3 6 3 4 0 0
20130213 4 2 5 1 0 0
20130213 5 1 3 4 0 0
20130213 6 7 2 1 5 2
20130213 7 5 3 9 4 3
20130213 8 6 7 1 5 5
20130213 9 5 8 7 4 6
20130213 10 7 9 1 5 6
20130213 11 5 2 1 4 2
20130214 1 4 5 7 0 0
20130214 2 1 7 4 0 0
20130214 3 3 2 5 0 0
20130214 4 2 6 7 0 0
20130214 5 5 4 3 0 0
20130214 6 1 7 9 1 5
20130214 7 2 7 3 2 5
20130214 8 4 9 3 4 6
20130214 9 5 9 7 4 6
20130214 10 9 1 8 6 1
20130214 11 5 2 7 4 2
20130304 1 1 9 3 1 6
20130304 2 7 1 3 5 1
20130304 3 7 2 4 5 2
20130304 4 2 7 4 2 5
20130304 5 7 2 8 5 2
20130304 6 5 9 3 4 6
20130304 7 2 3 1 2 3
20130304 8 3 5 2 3 4
20130304 9 5 1 7 4 1
20130304 10 1 6 9 1 5
20130304 11 3 1 5 3 1
20130305 1 7 3 2 5 3
20130305 2 5 6 7 4 5
20130305 3 9 5 4 6 4
20130305 4 9 1 3 6 1
20130305 5 4 1 7 4 1
20130305 6 8 6 1 6 5
20130305 7 7 3 8 5 3
20130305 8 2 5 7 2 4
20130305 9 9 3 7 6 3
20130305 10 5 3 1 4 3
20130305 11 5 2 6 4 2
20130306 1 3 9 1 3 6
20130306 2 9 5 7 6 4
20130306 3 3 4 5 3 4
20130306 4 7 5 3 5 4
20130306 5 4 9 7 4 6
20130306 6 3 9 1 3 6
20130306 7 1 7 3 1 5
20130306 8 2 5 1 2 4
20130306 9 3 4 2 3 4
20130306 10 7 4 5 5 4
20130306 11 1 9 5 1 6
20130315 1 5 3 4 0 0
20130315 2 4 1 7 0 0
20130315 3 4 2 7 0 0
20130315 4 4 7 2 0 0
20130315 5 1 3 4 0 0
20130315 6 9 1 7 6 1
20130315 7 5 1 6 4 1
20130315 8 1 3 7 1 3
20130315 9 7 8 4 5 6
20130315 10 3 5 8 3 4
20130315 11 3 4 8 3 4
20130316 1 4 3 2 0 0
20130316 2 7 3 4 0 0
20130316 3 2 5 1 0 0
20130316 4 4 2 5 0 0
20130316 5 1 4 5 0 0
20130316 6 1 2 9 1 2
20130316 7 9 7 1 6 5
20130316 8 9 3 1 6 3
20130316 9 2 3 5 2 3
20130316 10 2 6 7 2 5
20130316 11 7 9 1 5 6
20130317 1 1 4 2 0 0
20130317 2 3 6 2 0 0
20130317 3 3 2 6 0 0
20130317 4 4 3 1 0 0
20130317 5 4 7 3 0 0
20130317 6 5 2 7 4 2
20130317 7 2 1 9 2 1
20130317 8 5 3 4 4 3
20130317 9 7 5 2 5 4
20130317 10 3 5 2 3 4
20130317 11 7 5 9 5 4
20130325 1 2 7 4 0 0
20130325 2 1 5 2 0 0
20130325 3 1 2 7 0 0
20130325 4 2 1 5 0 0
20130325 5 3 4 2 0 0
20130325 6 2 1 9 2 1
20130325 7 7 1 3 5 1
20130325 8 5 2 7 4 2
20130325 9 2 7 9 2 5
20130325 10 9 5 4 6 4
20130325 11 1 7 8 1 5
20130326 1 7 1 3 0 0
20130326 2 2 1 7 0 0
20130326 3 2 4 7 0 0
20130326 4 1 3 2 0 0
20130326 5 2 5 3 0 0
20130326 6 7 6 8 5 5
20130326 7 7 1 3 5 1
20130326 8 2 3 4 2 3
20130326 9 2 4 7 2 4
20130326 10 7 2 6 5 2
20130326 11 5 9 1 4 6
20130327 1 2 7 4 0 0
20130327 2 3 4 1 0 0
20130327 3 3 2 7 0 0
20130327 4 7 5 1 0 0
20130327 5 4 1 5 0 0
20130327 6 2 9 3 2 6
20130327 7 6 2 8 5 2
20130327 8 5 1 7 4 1
20130327 9 1 9 7 1 6
20130327 10 9 6 5 6 5
20130327 11 2 1 3 2 1
20130406 1 3 7 5 0 0
20130406 2 1 7 4 0 0
20130406 3 3 1 2 0 0
20130406 4 1 2 7 0 0
20130406 5 7 1 4 0 0
20130406 6 8 4 7 6 4
20130406 7 1 3 6 1 3
20130406 8 5 1 2 4 1
20130406 9 5 1 9 4 1
20130406 10 3 8 7 3 6
20130407 1 2 1 5 0 0
20130407 2 4 1 3 0 0
20130407 3 4 1 2 0 0
20130407 4 7 2 1 0 0
20130407 5 2 1 3 0 0
20130407 6 3 5 8 3 4
20130407 7 5 1 7 4 1
20130407 8 7 3 8 5 3
20130407 9 9 8 6 6 6
20130407 10 2 5 1 2 4
20130408 1 2 7 4 0 0
20130408 2 5 7 2 0 0
20130408 3 2 4 1 0 0
20130408 4 4 3 2 0 0
20130408 5 3 1 2 0 0
20130408 6 5 8 4 4 6
20130408 7 7 4 3 5 4
20130408 8 1 9 5 1 6
20130408 9 4 7 2 4 5
20130408 10 5 3 1 4 3
20130423 1 1 7 2 0 0
20130423 2 1 4 6 0 0
20130423 3 4 3 2 0 0
20130423 4 2 4 3 0 0
20130423 5 1 3 5 0 0
20130423 6 2 5 3 2 4
20130423 7 7 3 2 5 3
20130423 8 9 5 1 6 4
20130423 9 7 5 2 5 4
20130423 10 1 9 4 1 6
20130424 1 2 1 7 0 0
20130424 2 4 2 7 0 0
20130424 3 3 7 1 0 0
20130424 4 1 5 3 0 0
20130424 5 1 7 5 0 0
20130424 6 5 7 2 4 5
20130424 7 9 7 1 6 5
20130424 8 1 3 5 1 3
20130424 9 7 1 3 5 1
20130424 10 3 7 1 3 5
20130425 1 2 1 7 0 0
20130425 2 1 2 5 0 0
20130425 3 4 2 1 0 0
20130425 4 5 3 7 0 0
20130425 5 3 4 5 0 0
20130425 6 7 2 8 5 2
20130425 7 5 3 7 4 3
20130425 8 1 5 6 1 4
20130425 9 7 9 5 5 6
20130425 10 7 2 9 5 2
20130518 1 1 2 5 0 0
20130518 2 4 7 1 0 0
20130518 3 1 5 2 0 0
20130518 4 3 7 5 0 0
20130518 5 1 5 3 0 0
20130518 6 3 2 4 3 2
20130518 7 2 3 5 2 3
20130518 8 5 2 6 4 2
20130518 9 3 9 2 3 6
20130518 10 3 1 7 3 1
20130519 1 2 3 5 0 0
20130519 2 3 2 6 0 0
20130519 3 4 2 3 0 0
20130519 4 1 3 7 0 0
20130519 5 7 4 1 0 0
20130519 6 1 5 9 1 4
20130519 7 7 9 4 5 6
20130519 8 2 5 8 2 4
20130519 9 1 9 3 1 6
20130519 10 2 9 8 2 6
20130520 1 3 1 7 0 0
20130520 2 5 3 1 0 0
20130520 3 6 1 3 0 0
20130520 4 3 2 5 0 0
20130520 5 2 7 1 0 0
20130520 6 5 6 2 4 5
20130520 8 9 2 4 6 2
20130520 9 9 3 1 6 3
20130520 10 1 6 2 1 5
20130610 1 1 5 7 0 0
20130610 2 3 1 5 0 0
20130610 3 2 3 5 0 0
20130610 4 7 2 1 0 0
20130610 5 5 1 4 0 0
20130610 6 3 9 7 3 6
20130610 7 3 4 2 3 4
20130610 8 5 1 8 4 1
20130610 9 3 2 5 3 2
20130610 10 9 1 3 6 1
20130611 1 2 4 7 0 0
20130611 2 3 2 4 0 0
20130611 3 1 2 7 0 0
20130611 4 7 5 1 0 0
20130611 5 4 6 3 0 0
20130611 6 1 9 5 1 6
20130611 7 9 2 8 6 2
20130611 8 3 1 7 3 1
20130611 9 1 8 3 1 6
20130611 10 7 5 4 5 4
20130612 1 5 2 4 0 0
20130612 2 3 4 7 0 0
20130612 3 7 1 6 0 0
20130612 4 1 2 4 0 0
20130612 5 3 7 2 0 0
20130612 6 7 1 9 5 1
20130612 7 5 9 2 4 6
20130612 8 3 4 2 3 4
20130612 9 5 4 9 4 4
20130612 10 7 1 8 5 1
20130702 1 2 9 4 2 6
20130702 2 3 2 4 3 2
20130702 3 1 9 2 1 6
20130702 4 6 7 9 5 5
20130702 5 1 5 9 1 4
20130702 6 9 1 8 6 1
20130702 7 3 7 9 3 5
20130702 8 1 7 5 1 5
20130702 9 9 7 3 6 5
20130702 10 3 5 7 3 4
20130702 11 3 2 8 3 2
20130703 1 3 5 2 3 4
20130703 2 1 3 8 1 3
20130703 3 3 7 9 3 5
20130703 4 2 5 8 2 4
20130703 5 9 5 3 6 4
20130703 6 1 7 5 1 5
20130703 7 7 5 9 5 4
20130703 8 1 5 3 1 4
20130703 9 3 2 8 3 2
20130703 10 3 5 8 3 4
20130703 11 3 9 6 3 6
20130704 1 5 3 7 4 3
20130704 2 9 2 5 6 2
20130704 3 1 4 8 1 4
20130704 4 9 3 5 6 3
20130704 5 9 3 5 6 3
20130704 6 9 6 4 6 5
20130704 7 3 7 9 3 5
20130704 8 1 3 4 1 3
20130704 9 5 3 1 4 3
20130704 10 7 5 9 5 4
20130704 11 2 4 5 2 4
20130807 1 7 2 9 5 2
20130807 2 2 1 9 2 1
20130807 3 7 4 5 5 4
20130807 4 5 7 1 4 5
20130807 5 3 5 1 3 4
20130807 6 3 9 2 3 6
20130807 7 7 3 2 5 3
20130807 8 5 1 2 4 1
20130807 9 2 9 3 2 6
20130807 10 1 3 9 1 3
20130807 11 5 3 4 4 3
20130808 1 1 5 3 1 4
20130808 2 5 3 9 4 3
20130808 3 9 1 8 6 1
20130808 4 3 9 2 3 6
20130808 5 9 1 7 6 1
20130808 6 1 6 9 1 5
20130808 7 6 8 5 5 6
20130808 8 1 7 9 1 5
20130808 9 1 9 7 1 6
20130808 10 3 2 4 3 2
20130808 11 7 8 3 5 6
20130809 1 3 8 2 3 6
20130809 2 1 3 4 1 3
20130809 3 1 4 2 1 4
20130809 4 9 1 4 6 1
20130809 5 2 1 4 2 1
20130809 6 9 2 7 6 2
20130809 7 2 1 9 2 1
20130809 8 2 3 8 2 3
20130809 9 2 9 6 2 6
20130809 10 5 7 2 4 5
20130809 11 2 3 8 2 3
20130828 1 7 3 2 5 3
20130828 2 1 5 9 1 4
20130828 3 1 5 8 1 4
20130828 4 9 5 1 6 4
20130828 5 5 9 3 4 6
20130828 6 5 1 3 4 1
20130828 7 4 1 3 4 1
20130828 8 2 5 9 2 4
20130828 9 9 3 5 6 3
20130828 10 2 7 3 2 5
20130828 11 3 1 9 3 1
20130829 1 2 5 4 2 4
20130829 2 3 7 1 3 5
20130829 3 4 1 7 4 1
20130829 4 3 1 9 3 1
20130829 5 5 3 1 4 3
20130829 6 9 1 8 6 1
20130829 7 2 9 1 2 6
20130829 8 1 2 9 1 2
20130829 9 9 3 4 6 3
20130829 10 5 2 1 4 2
20130829 11 1 3 7 1 3
20130830 1 3 9 2 3 6
20130830 2 4 2 7 4 2
20130830 3 2 5 6 2 4
20130830 4 1 2 9 1 2
20130830 5 5 8 1 4 6
20130830 6 8 9 6 6 6
20130830 7 9 5 1 6 4
20130830 8 2 1 3 2 1
20130830 9 5 6 9 4 5
20130830 10 1 5 2 1 4
20130830 11 5 8 3 4 6
20130907 1 3 1 7 0 0
20130907 2 2 5 1 0 0
20130907 3 5 2 7 0 0
20130907 4 3 6 1 0 0
20130907 5 4 6 3 0 0
20130907 6 4 2 3 4 2
20130907 7 7 2 5 5 2
20130907 8 1 3 2 1 3
20130907 9 9 3 5 6 3
20130907 10 8 3 2 6 3
20130908 1 1 4 3 0 0
20130908 2 3 5 2 0 0
20130908 3 1 4 6 0 0
20130908 4 1 4 3 0 0
20130908 5 4 5 7 0 0
20130908 6 3 1 5 3 1
20130908 7 9 1 7 6 1
20130908 8 1 3 9 1 3
20130908 9 3 1 8 3 1
20130908 10 1 5 7 1 4
20130909 1 4 1 3 0 0
20130909 2 4 7 1 0 0
20130909 3 2 4 7 0 0
20130909 4 5 4 2 0 0
20130909 5 4 1 6 0 0
20130909 6 9 4 5 6 4
20130909 7 2 1 8 2 1
20130909 8 5 1 3 4 1
20130909 9 1 7 4 1 5
20130909 10 5 9 2 4 6
20130921 1 7 3 5 0 0
20130921 2 1 2 4 0 0
20130921 3 2 4 7 0 0
20130921 4 5 2 7 0 0
20130921 5 3 7 1 0 0
20130921 6 2 7 1 2 5
20130921 7 3 1 9 3 1
20130921 8 5 1 9 4 1
20130921 9 3 5 9 3 4
20130921 10 3 6 5 3 5
20130922 1 2 4 3 0 0
20130922 2 3 7 1 0 0
20130922 3 1 7 4 0 0
20130922 4 3 5 4 0 0
20130922 5 1 4 5 0 0
20130922 6 9 4 1 6 4
20130922 7 3 9 2 3 6
20130922 8 5 2 3 4 2
20130922 9 4 8 9 4 6
20130922 10 2 1 5 2 1
20130923 1 4 5 7 0 0
20130923 2 4 6 1 0 0
20130923 3 1 4 7 0 0
20130923 4 4 3 2 0 0
20130923 5 4 2 7 0 0
20130923 6 9 7 4 6 5
20130923 7 2 1 3 2 1
20130923 8 5 7 1 4 5
20130923 9 2 3 9 2 3
20130923 10 7 1 8 5 1
20131002 1 1 3 4 0 0
20131002 2 7 3 2 0 0
20131002 3 1 7 5 0 0
20131002 4 4 7 5 0 0
20131002 5 1 7 3 0 0
20131002 6 2 3 5 2 3
20131002 7 9 1 3 6 1
20131002 8 4 7 9 4 5
20131002 9 7 1 3 5 1
20131002 10 3 2 1 3 2
20131003 1 5 7 4 0 0
20131003 2 4 5 1 0 0
20131003 3 5 2 1 0 0
20131003 4 1 4 5 0 0
20131003 5 3 5 4 0 0
20131003 6 5 8 4 4 6
20131003 7 5 1 6 4 1
20131003 8 9 2 4 6 2
20131003 9 5 9 2 4 6
20131003 10 7 1 2 5 1
20131004 1 4 3 2 0 0
20131004 2 6 5 2 0 0
20131004 3 5 1 7 0 0
20131004 4 5 2 4 0 0
20131004 5 2 5 1 0 0
20131004 6 2 8 4 2 6
20131004 7 9 3 1 6 3
20131004 8 5 2 4 4 2
20131004 9 5 9 7 4 6
20131004 10 9 3 6 6 3
20131106 1 1 5 7 0 0
20131106 2 3 7 1 0 0
20131106 3 4 2 3 0 0
20131106 4 7 2 1 0 0
20131106 5 1 3 5 0 0
20131106 6 5 4 2 4 4
20131106 7 1 9 8 1 6
20131106 8 9 2 3 6 2
20131106 9 3 1 5 3 1
20131106 10 4 7 1 4 5
20131107 1 5 7 1 0 0
20131107 2 5 2 7 0 0
20131107 3 3 1 4 0 0
20131107 4 2 7 1 0 0
20131107 5 2 3 4 0 0
20131107 6 5 1 7 4 1
20131107 7 5 3 1 4 3
20131107 8 5 6 1 4 5
20131107 9 1 9 5 1 6
20131107 10 5 1 2 4 1
20131108 1 2 3 1 0 0
20131108 2 7 1 6 0 0
20131108 3 3 5 1 0 0
20131108 4 1 7 2 0 0
20131108 5 1 4 3 0 0
20131108 6 2 9 3 2 6
20131108 7 3 9 5 3 6
20131108 8 2 5 1 2 4
20131108 9 9 7 5 6 5
20131108 10 1 2 7 1 2
20131125 1 1 7 3 1 5
20131125 2 3 1 9 3 1
20131125 3 3 6 5 3 5
20131125 4 9 7 1 6 5
20131125 5 9 2 1 6 2
20131125 6 3 1 4 3 1
20131125 7 2 1 8 2 1
20131125 8 1 7 3 1 5
20131125 9 7 3 9 5 3
20131125 10 2 3 5 2 3
20131125 11 2 9 7 2 6
20131126 1 7 3 9 5 3
20131126 2 7 3 5 5 3
20131126 3 2 9 1 2 6
20131126 4 3 9 5 3 6
20131126 5 2 9 3 2 6
20131126 6 1 3 9 1 3
20131126 7 2 7 1 2 5
20131126 8 9 3 2 6 3
20131126 9 9 5 2 6 4
20131126 10 3 2 8 3 2
20131126 11 1 7 4 1 5
20131127 1 9 1 3 6 1
20131127 2 7 9 1 5 6
20131127 3 1 9 4 1 6
20131127 4 7 3 9 5 3
20131127 5 7 1 9 5 1
20131127 6 4 2 3 4 2
20131127 7 2 1 7 2 1
20131127 8 8 3 6 6 3
20131127 9 9 5 2 6 4
20131127 10 7 8 9 5 6
20131127 11 2 7 9 2 5
20131217 1 9 7 2 6 5
20131217 2 5 1 8 4 1
20131217 3 5 3 7 4 3
20131217 4 9 2 1 6 2
20131217 5 3 5 7 3 4
20131217 6 4 3 5 4 3
20131217 7 2 9 7 2 6
20131217 8 7 3 5 5 3
20131217 9 1 5 3 1 4
20131217 10 2 9 5 2 6
20131217 11 6 1 3 5 1
20131218 1 7 5 3 5 4
20131218 2 8 3 9 6 3
20131218 3 2 1 3 2 1
20131218 4 8 3 1 6 3
20131218 5 1 9 2 1 6
20131218 6 9 1 3 6 1
20131218 7 7 5 3 5 4
20131218 8 7 3 8 5 3
20131218 9 7 2 3 5 2
20131218 10 1 7 2 1 5
20131218 11 1 4 2 1 4
20131219 1 1 2 6 1 2
20131219 2 2 3 4 2 3
20131219 3 5 2 3 4 2
20131219 4 2 7 8 2 5
20131219 5 1 5 9 1 4
20131219 6 1 7 5 1 5
20131219 7 3 6 7 3 5
20131219 8 2 1 5 2 1
20131219 9 7 6 3 5 5
20131219 10 2 5 8 2 4
20131219 11 2 5 8 2 4
20131223 1 1 4 5 0 0
20131223 2 2 4 7 0 0
20131223 3 1 3 6 0 0
20131223 4 5 3 2 0 0
20131223 5 7 2 1 0 0
20131223 6 6 1 2 5 1
20131223 7 5 3 9 4 3
20131223 8 5 1 7 4 1
20131223 9 3 7 9 3 5
20131223 10 9 1 2 6 1
20131224 1 6 2 1 0 0
20131224 2 1 3 7 0 0
20131224 3 7 5 1 0 0
20131224 4 2 4 7 0 0
20131224 5 3 1 7 0 0
20131224 6 3 2 5 3 2
20131224 7 1 2 7 1 2
20131224 8 2 5 8 2 4
20131224 9 1 2 3 1 2
20131224 10 2 5 7 2 4
20131225 1 5 7 3 0 0
20131225 2 6 7 3 0 0
20131225 3 4 5 7 0 0
20131225 4 7 4 2 0 0
20131225 5 1 2 5 0 0
20131225 6 4 7 8 4 5
20131225 7 4 9 7 4 6
20131225 8 1 2 9 1 2
20131225 9 5 2 7 4 2
20131225 10 5 3 1 4 3
20140118 1 1 9 7 1 6
20140118 2 1 9 3 1 6
20140118 3 5 7 9 4 5
20140118 4 2 9 6 2 6
20140118 5 5 1 3 4 1
20140118 6 1 7 9 1 5
20140118 7 2 9 6 2 6
20140118 8 1 3 4 1 3
20140118 9 9 3 5 6 3
20140118 10 9 3 5 6 3
20140118 11 9 1 7 6 1
20140119 1 3 9 6 3 6
20140119 2 7 5 9 5 4
20140119 3 1 9 7 1 6
20140119 4 2 5 7 2 4
20140119 5 2 3 7 2 3
20140119 6 3 6 1 3 5
20140119 7 2 9 3 2 6
20140119 8 9 2 1 6 2
20140119 9 9 2 3 6 2
20140119 10 1 8 3 1 6
20140119 11 3 2 9 3 2
20140120 1 4 8 3 4 6
20140120 2 9 5 8 6 4
20140120 3 1 4 7 1 4
20140120 4 1 3 4 1 3
20140120 5 3 5 2 3 4
20140120 6 8 4 7 6 4
20140120 7 4 2 7 4 2
20140120 8 5 2 9 4 2
20140120 9 5 4 7 4 4
20140120 10 2 1 7 2 1
20140120 11 3 2 9 3 2
20140121 1 1 5 4 1 4
20140121 2 6 1 9 5 1
20140121 3 3 5 1 3 4
20140121 4 9 2 7 6 2
20140121 5 5 3 2 4 3
20140121 6 2 9 7 2 6
20140121 7 3 5 9 3 4
20140121 8 7 3 9 5 3
20140121 9 2 1 3 2 1
20140121 10 3 5 9 3 4
20140121 11 5 7 6 4 5
20140205 1 1 2 3 1 2
20140205 2 6 9 5 5 6
20140205 3 2 8 7 2 6
20140205 4 1 7 4 1 5
20140205 5 5 7 1 4 5
20140205 6 3 9 7 3 6
20140205 7 7 4 2 5 4
20140205 8 5 2 9 4 2
20140205 9 9 6 1 6 5
20140205 10 5 2 7 4 2
20140205 11 1 5 8 1 4
20140206 1 8 5 1 6 4
20140206 2 9 6 1 6 5
20140206 3 1 7 6 1 5
20140206 4 3 4 9 3 4
20140206 5 3 1 8 3 1
20140206 6 1 3 9 1 3
20140206 7 3 9 8 3 6
20140206 8 7 3 2 5 3
20140206 9 2 4 8 2 4
20140206 10 7 9 6 5 6
20140206 11 7 1 9 5 1
20140207 1 7 1 2 5 1
20140207 2 5 6 1 4 5
20140207 3 5 7 3 4 5
20140207 4 4 8 1 4 6
20140207 5 7 5 4 5 4
20140207 6 9 5 2 6 4
20140207 7 2 1 4 2 1
20140207 8 9 7 2 6 5
20140207 9 5 8 4 4 6
20140207 10 1 7 3 1 5
20140207 11 2 3 9 2 3
20140216 1 2 3 5 0 0
20140216 2 3 1 2 0 0
20140216 3 3 2 1 0 0
20140216 4 1 3 5 0 0
20140216 5 3 1 5 0 0
20140216 6 2 6 4 2 5
20140216 7 1 6 7 1 5
20140216 8 3 7 9 3 5
20140216 9 3 7 1 3 5
20140216 10 6 2 7 5 2
20140217 1 1 4 7 0 0
20140217 2 2 6 3 0 0
20140217 3 6 4 1 0 0
20140217 4 3 4 6 0 0
20140217 5 5 2 3 0 0
20140217 6 5 1 9 4 1
20140217 7 3 7 9 3 5
20140217 8 5 1 9 4 1
20140217 9 5 9 2 4 6
20140217 10 9 1 3 6 1
20140218 1 1 4 2 0 0
20140218 2 1 3 5 0 0
20140218 3 4 5 7 0 0
20140218 4 1 5 4 0 0
20140218 5 1 6 5 0 0
20140218 6 9 1 5 6 1
20140218 7 1 2 8 1 2
20140218 8 7 2 5 5 2
20140218 9 9 2 1 6 2
20140218 10 9 2 5 6 2
20140309 1 7 9 2 5 6
20140309 2 3 9 2 3 6
20140309 3 3 9 4 3 6
20140309 4 3 9 5 3 6
20140309 5 2 7 3 2 5
20140309 6 4 9 8 4 6
20140309 7 2 7 1 2 5
20140309 8 9 4 7 6 4
20140309 9 9 1 5 6 1
20140309 10 2 5 9 2 4
20140309 11 3 4 5 3 4
20140310 1 7 6 3 5 5
20140310 2 1 6 5 1 5
20140310 3 2 9 5 2 6
20140310 4 9 3 7 6 3
20140310 5 1 2 7 1 2
20140310 6 1 5 7 1 4
20140310 7 8 3 6 6 3
20140310 8 5 7 2 4 5
20140310 9 1 8 5 1 6
20140310 10 3 4 7 3 4
20140310 11 1 7 2 1 5
20140311 1 9 3 7 6 3
20140311 2 1 2 3 1 2
20140311 3 3 1 9 3 1
20140311 4 3 4 6 3 4
20140311 5 3 9 6 3 6
20140311 6 3 8 2 3 6
20140311 7 6 7 3 5 5
20140311 8 1 4 2 1 4
20140311 9 3 5 7 3 4
20140311 10 4 5 9 4 4
20140311 11 5 2 7 4 2
20140421 1 7 1 3 0 0
20140421 2 7 5 1 0 0
20140421 3 2 1 7 0 0
20140421 4 2 5 1 0 0
20140421 5 7 4 2 0 0
20140421 6 1 9 7 1 6
20140421 7 1 4 9 1 4
20140421 8 1 9 3 1 6
20140421 9 1 8 3 1 6
20140421 10 4 2 7 4 2
20140422 1 1 4 3 0 0
20140422 2 7 1 2 0 0
20140422 3 1 3 7 0 0
20140422 4 2 7 3 0 0
20140422 5 5 1 6 0 0
20140422 6 7 1 3 5 1
20140422 7 9 1 2 6 1
20140422 8 1 9 7 1 6
20140422 9 3 2 7 3 2
20140422 10 1 7 5 1 5
20140423 1 1 3 7 0 0
20140423 2 1 7 3 0 0
20140423 3 7 4 1 0 0
20140423 4 7 4 5 0 0
20140423 5 7 1 2 0 0
20140423 6 7 5 8 5 4
20140423 7 1 3 8 1 3
20140423 8 7 6 9 5 5
20140423 9 7 3 1 5 3
20140423 10 2 5 8 2 4
20140504 1 2 1 5 0 0
20140504 2 5 7 4 0 0
20140504 3 3 1 7 0 0
20140504 4 5 1 3 0 0
20140504 5 3 1 6 0 0
20140504 6 1 3 4 1 3
20140504 7 5 7 4 4 5
20140504 8 5 1 9 4 1
20140504 9 1 9 5 1 6
20140504 10 3 9 2 3 6
20140505 1 5 7 3 0 0
20140505 2 4 1 5 0 0
20140505 3 2 3 1 0 0
20140505 4 1 2 7 0 0
20140505 5 3 5 4 0 0
20140505 6 1 2 5 1 2
20140505 7 8 4 9 6 4
20140505 8 7 1 2 5 1
20140505 9 1 2 3 1 2
20140505 10 1 3 7 1 3
20140506 1 1 2 5 0 0
20140506 2 1 5 7 0 0
20140506 3 1 2 3 0 0
20140506 4 7 2 5 0 0
20140506 5 1 3 4 0 0
20140506 6 2 7 3 2 5
20140506 7 2 9 3 2 6
20140506 8 1 3 9 1 3
20140506 9 9 2 8 6 2
20140506 10 9 3 6 6 3
20140521 1 5 1 9 4 1
20140521 2 5 7 1 4 5
20140521 3 4 2 5 4 2
20140521 4 1 7 4 1 5
20140521 5 5 9 2 4 6
20140521 6 3 7 1 3 5
20140521 7 2 1 4 2 1
20140521 8 2 9 3 2 6
20140521 9 3 5 7 3 4
20140521 10 7 2 3 5 2
20140521 11 1 4 7 1 4
20140522 1 1 5 7 1 4
20140522 2 3 7 1 3 5
20140522 3 4 9 8 4 6
20140522 4 3 8 6 3 6
20140522 5 2 7 8 2 5
20140522 6 3 7 9 3 5
20140522 7 2 3 9 2 3
20140522 8 5 7 9 4 5
20140522 9 3 8 7 3 6
20140522 10 9 2 5 6 2
20140522 11 3 1 7 3 1
20140523 1 3 2 7 3 2
20140523 2 1 5 8 1 4
20140523 3 1 9 6 1 6
20140523 4 3 1 4 3 1
20140523 5 4 2 9 4 2
20140523 6 1 9 6 1 6
20140523 7 5 7 1 4 5
20140523 8 5 2 1 4 2
20140523 9 1 3 7 1 3
20140523 10 3 2 7 3 2
20140523 11 7 2 8 5 2
20140616 1 2 5 9 2 4
20140616 2 6 2 3 5 2
20140616 3 3 1 5 3 1
20140616 4 1 7 3 1 5
20140616 5 1 2 4 1 2
20140616 6 2 9 5 2 6
20140616 7 3 5 7 3 4
20140616 8 2 7 8 2 5
20140616 9 3 1 7 3 1
20140616 10 1 9 7 1 6
20140616 11 7 4 2 5 4
20140617 1 3 2 9 3 2
20140617 2 2 5 7 2 4
20140617 3 3 9 5 3 6
20140617 4 7 3 6 5 3
20140617 5 9 5 2 6 4
20140617 6 7 1 4 5 1
20140617 7 1 2 4 1 2
20140617 8 2 7 5 2 6
20140617 9 5 7 1 4 5
20140617 10 9 2 3 6 2
20140617 11 3 7 5 3 5
20140618 1 3 8 5 3 6
20140618 2 3 5 9 3 4
20140618 3 3 7 5 3 5
20140618 4 3 9 5 3 6
20140618 5 9 1 7 6 1
20140618 6 3 7 8 3 6
20140618 7 5 4 2 5 4
20140618 8 2 4 9 2 4
20140618 9 3 7 2 3 5
20140618 10 7 9 5 5 6
20140618 11 3 9 4 3 6
20140623 1 1 7 9 1 5
20140623 2 7 1 2 5 1
20140623 3 1 3 5 1 3
20140623 4 1 4 7 1 4
20140623 5 2 6 3 2 5
20140623 6 5 7 2 4 5
20140623 7 7 2 9 5 2
20140623 8 1 4 2 1 4
20140623 9 9 3 4 6 3
20140623 10 5 3 7 4 3
20140623 11 3 1 7 3 1
20140624 1 7 2 4 5 2
20140624 2 2 8 5 2 6
20140624 3 7 1 4 5 1
20140624 4 6 2 4 5 2
20140624 5 2 5 7 2 4
20140624 6 3 2 7 3 2
20140624 7 9 7 2 6 5
20140624 8 5 9 2 4 6
20140624 9 9 6 2 6 5
20140624 10 1 7 2 1 5
20140624 11 3 7 4 3 5
20140625 1 7 5 3 5 4
20140625 2 2 4 7 2 4
20140625 3 1 2 6 1 2
20140625 4 5 9 1 4 6
20140625 5 9 6 3 6 5
20140625 6 1 7 3 1 5
20140625 7 3 7 8 3 5
20140625 8 5 3 2 4 3
20140625 9 1 4 8 1 4
20140625 10 6 2 5 5 2
20140625 11 5 2 6 4 2
20140714 1 3 4 7 0 0
20140714 2 4 2 5 0 0
20140714 3 5 2 1 0 0
20140714 4 4 2 5 0 0
20140714 5 1 2 7 0 0
20140714 6 2 5 9 2 4
20140714 7 3 1 8 3 1
20140714 8 3 7 6 3 5
20140714 9 4 9 2 4 6
20140714 10 2 1 5 2 1
20140715 1 4 2 1 0 0
20140715 2 2 1 5 0 0
20140715 3 3 1 7 0 0
20140715 4 2 5 7 0 0
20140715 5 2 5 7 0 0
20140715 6 7 2 1 5 2
20140715 7 5 3 4 4 3
20140715 8 7 3 1 5 3
20140715 9 2 3 5 2 3
20140715 10 7 1 5 5 1
20140716 1 2 5 1 0 0
20140716 2 6 1 5 0 0
20140716 3 4 2 7 0 0
20140716 4 3 7 2 0 0
20140716 5 3 2 6 0 0
20140716 6 5 9 8 4 6
20140716 7 2 9 5 2 6
20140716 8 2 1 9 2 1
20140716 9 1 5 6 1 4
20140716 10 5 1 4 4 1
20140815 1 1 2 5 0 0
20140815 2 4 1 3 0 0
20140815 3 5 2 4 0 0
20140815 4 7 2 4 0 0
20140815 5 5 1 2 0 0
20140815 6 7 1 5 5 1
20140815 7 3 5 1 3 4
20140815 8 9 7 2 6 5
20140815 9 3 9 7 3 6
20140815 10 7 2 9 5 2
20140816 1 7 2 3 0 0
20140816 2 1 4 5 0 0
20140816 3 1 5 3 0 0
20140816 4 3 4 1 0 0
20140816 5 1 5 7 0 0
20140816 6 7 1 5 5 1
20140816 7 7 3 5 5 3
20140816 8 2 1 7 2 1
20140816 9 6 5 1 5 4
20140816 10 2 9 4 2 6
20140817 1 1 6 4 0 0
20140817 2 7 6 1 0 0
20140817 3 4 5 7 0 0
20140817 4 2 4 5 0 0
20140817 5 2 5 7 0 0
20140817 6 7 1 5 5 1
20140817 7 1 7 3 1 5
20140817 8 3 9 2 3 6
20140817 9 9 8 7 6 6
20140817 10 5 9 1 4 6
20140925 1 5 2 3 0 0
20140925 2 3 4 2 0 0
20140925 3 7 2 3 0 0
20140925 4 5 3 4 0 0
20140925 5 1 4 3 0 0
20140925 6 8 9 5 6 6
20140925 7 9 3 7 6 3
20140925 8 5 9 2 4 6
20140925 9 4 2 5 4 2
20140925 10 7 3 9 5 3
20140926 1 7 5 1 0 0
20140926 2 1 7 5 0 0
20140926 3 4 1 2 0 0
20140926 4 3 1 7 0 0
20140926 5 5 6 2 0 0
20140926 6 5 1 8 4 1
20140926 7 5 9 1 4 6
20140926 8 3 9 1 3 6
20140926 9 5 7 6 4 5
20140926 10 2 3 1 2 3
20140927 1 2 4 5 0 0
20140927 2 5 2 1 0 0
20140927 3 7 3 1 0 0
20140927 4 1 6 3 0 0
20140927 5 2 7 1 0 0
20140927 6 7 5 3 5 4
20140927 7 5 2 8 4 2
20140927 8 2 1 9 2 1
20140927 9 8 1 9 6 1
20140927 10 5 3 2 4 3
20141005 1 5 7 4 0 0
20141005 2 1 4 2 0 0
20141005 3 1 4 6 0 0
20141005 4 5 2 7 0 0
20141005 5 1 2 5 0 0
20141005 6 1 7 3 1 5
20141005 7 2 9 7 2 6
20141005 8 7 9 1 5 6
20141005 9 3 5 9 3 4
20141005 10 5 7 3 4 5
20141007 1 3 2 1 0 0
20141007 2 2 4 3 0 0
20141007 3 7 6 3 0 0
20141007 4 5 2 3 0 0
20141007 5 1 5 3 0 0
20141007 6 7 5 4 5 4
20141007 7 8 2 9 6 2
20141007 8 9 1 3 6 1
20141007 9 6 8 1 5 6
20141007 10 1 4 5 1 4
20141008 1 4 1 3 0 0
20141008 2 2 3 1 0 0
20141008 3 1 4 6 0 0
20141008 4 2 1 7 0 0
20141008 5 4 3 7 0 0
20141008 6 9 2 1 6 2
20141008 7 7 3 9 5 3
20141008 8 3 5 1 3 4
20141008 9 3 1 9 3 1
20141008 10 4 9 7 4 6
20141110 1 1 3 7 0 0
20141110 2 4 5 1 0 0
20141110 3 3 2 1 0 0
20141110 4 2 4 1 0 0
20141110 5 3 1 5 0 0
20141110 6 7 1 4 5 1
20141110 7 2 5 8 2 4
20141110 8 7 9 1 5 6
20141110 9 7 3 4 5 3
20141110 10 7 9 1 5 6
20141111 1 6 3 4 0 0
20141111 2 5 2 1 0 0
20141111 3 5 3 4 0 0
20141111 4 4 2 3 0 0
20141111 5 1 3 5 0 0
20141111 6 3 5 2 3 4
20141111 7 9 2 8 6 2
20141111 8 4 3 1 4 3
20141111 9 7 3 9 5 3
20141111 10 3 4 7 3 4
20141112 1 7 4 5 0 0
20141112 2 5 1 2 0 0
20141112 3 4 1 5 0 0
20141112 4 3 5 2 0 0
20141112 5 5 1 4 0 0
20141112 6 3 7 2 3 5
20141112 7 2 1 4 2 1
20141112 8 3 4 9 3 4
20141112 9 3 9 1 3 6
20141112 10 9 7 1 6 5
20141214 1 1 7 2 0 0
20141214 2 1 3 4 0 0
20141214 3 4 1 5 0 0
20141214 4 7 5 1 0 0
20141214 5 7 1 3 0 0
20141214 6 2 4 3 2 4
20141214 7 3 1 9 3 1
20141214 8 7 2 8 5 2
20141214 9 7 2 3 5 2
20141214 10 3 1 5 3 1
20141215 1 5 7 4 0 0
20141215 2 7 5 4 0 0
20141215 3 7 1 2 0 0
20141215 4 7 5 1 0 0
20141215 5 2 5 6 0 0
20141215 6 3 9 2 3 6
20141215 7 9 3 7 6 3
20141215 8 7 1 5 5 1
20141215 9 2 5 3 2 4
20141215 10 1 7 4 1 5
20141216 1 1 6 3 0 0
20141216 2 1 7 3 0 0
20141216 3 1 3 5 0 0
20141216 4 3 4 5 0 0
20141216 5 5 2 1 0 0
20141216 6 5 7 3 4 5
20141216 7 1 5 3 1 4
20141216 8 1 7 3 1 5
20141216 9 3 9 1 3 6
20141216 10 1 3 6 1 3
20141225 1 7 3 9 5 3
20141225 2 9 5 2 6 4
20141225 3 4 1 9 4 1
20141225 4 5 1 2 4 1
20141225 5 7 1 9 5 1
20141225 6 2 7 4 2 5
20141225 7 9 3 1 6 3
20141225 8 9 1 4 6 1
20141225 9 1 3 4 1 3
20141225 10 3 5 9 3 4
20141225 11 8 1 2 6 1
20141226 1 7 1 3 5 1
20141226 2 2 9 7 2 6
20141226 3 7 2 1 5 2
20141226 4 9 1 7 6 1
20141226 5 1 5 3 1 4
20141226 6 5 3 9 4 3
20141226 7 5 1 3 4 1
20141226 8 1 9 3 1 6
20141226 9 3 7 9 3 5
20141226 10 5 3 2 4 3
20141226 11 2 7 5 2 5
20141227 1 1 7 4 1 5
20141227 2 4 2 3 4 2
20141227 3 9 8 3 6 6
20141227 4 2 9 3 2 6
20141227 5 3 1 8 3 1
20141227 6 9 5 4 6 4
20141227 7 6 9 1 5 6
20141227 8 4 1 8 4 1
20141227 9 7 9 2 5 6
20141227 10 1 7 3 1 5
20141227 11 9 1 7 6 1
20150115 1 5 1 8 4 1
20150115 2 3 8 1 3 6
20150115 3 4 8 2 4 6
20150115 4 1 2 4 1 2
20150115 5 3 5 4 3 4
20150115 6 2 5 3 2 4
20150115 7 9 7 1 6 5
20150115 8 1 7 2 1 5
20150115 9 3 4 9 3 4
20150115 10 3 1 4 3 1
20150115 11 7 4 5 5 4
20150115 12 3 1 5 3 1
20150116 1 9 3 5 6 3
20150116 2 2 7 9 2 5
20150116 3 2 9 4 2 6
20150116 4 3 5 7 3 4
20150116 5 2 1 5 2 1
20150116 6 9 4 5 6 4
20150116 7 2 4 1 2 4
20150116 8 1 9 7 1 6
20150116 9 1 5 4 1 4
20150116 10 3 1 9 3 1
20150116 11 3 7 1 3 5
20150116 12 1 9 7 1 6
20150117 1 3 8 4 3 6
20150117 2 9 1 2 6 1
20150117 3 9 5 6 6 4
20150117 4 1 9 3 1 6
20150117 5 4 9 5 4 6
20150117 6 7 1 8 5 1
20150117 7 5 1 7 4 1
20150117 8 3 4 1 3 4
20150117 9 5 9 1 4 6
20150117 10 1 8 3 1 6
20150117 11 1 7 8 1 5
20150117 12 9 5 2 6 4
20150118 1 8 1 2 6 1
20150118 2 5 2 3 4 2
20150118 3 8 2 1 6 2
20150118 4 4 2 8 4 2
20150118 5 7 3 9 5 3
20150118 6 7 1 4 5 1
20150118 7 2 9 7 2 6
20150118 8 1 7 3 1 5
20150118 9 9 4 1 6 4
20150118 10 1 4 2 1 4
20150118 11 1 9 7 1 6
20150129 1 1 5 3 1 4
20150129 2 7 5 2 5 4
20150129 3 7 1 2 5 1
20150129 4 3 5 8 3 4
20150129 5 5 1 7 4 1
20150129 6 3 1 7 3 1
20150129 7 7 9 6 5 6
20150129 8 1 2 5 1 2
20150129 9 1 8 2 1 6
20150129 10 4 2 8 4 2
20150129 11 2 8 6 2 6
20150131 1 1 5 4 1 4
20150131 2 1 5 6 1 4
20150131 3 5 9 8 4 6
20150131 4 1 5 4 1 4
20150131 5 4 9 5 4 6
20150131 6 7 5 2 5 4
20150131 7 9 3 5 6 3
20150131 8 5 3 7 4 3
20150131 9 7 9 5 5 6
20150131 10 1 9 5 1 6
20150131 11 3 2 5 3 2
20150201 1 6 5 3 5 4
20150201 2 4 5 7 4 4
20150201 3 5 7 6 4 5
20150201 4 2 7 5 2 5
20150201 5 5 3 7 4 3
20150201 6 2 8 9 2 6
20150201 7 7 3 4 5 3
20150201 8 7 5 8 5 4
20150201 9 9 4 8 6 4
20150201 10 5 2 3 4 2
20150201 11 1 5 8 1 4
20150204 1 1 2 7 0 0
20150204 2 1 4 5 0 0
20150204 3 7 1 4 0 0
20150204 4 5 6 2 0 0
20150204 5 2 4 1 0 0
20150204 6 7 3 8 5 3
20150204 7 5 1 2 4 1
20150204 8 7 3 4 5 3
20150204 9 5 8 1 4 6
20150204 10 6 2 3 5 2
20150206 1 3 7 4 0 0
20150206 2 3 5 4 0 0
20150206 3 6 3 7 0 0
20150206 4 3 2 7 0 0
20150206 5 3 5 1 0 0
20150206 6 9 2 6 6 2
20150206 7 5 1 3 4 1
20150206 8 3 6 5 3 5
20150206 9 9 7 3 6 5
20150206 10 2 3 9 2 3
20150207 1 4 2 1 0 0
20150207 2 6 3 2 0 0
20150207 3 1 2 7 0 0
20150207 4 4 5 2 0 0
20150207 5 1 7 3 0 0
20150207 6 9 3 4 6 3
20150207 7 3 2 7 3 2
20150207 8 3 1 4 3 1
20150207 9 2 9 7 2 6
20150207 10 3 7 4 3 5
20150218 1 7 2 9 5 2
20150218 2 3 7 5 3 5
20150218 3 7 5 8 5 4
20150218 4 7 1 3 5 1
20150218 5 5 1 9 4 1
20150218 6 9 7 1 6 5
20150218 7 7 9 1 5 6
20150218 8 7 8 2 5 6
20150218 9 3 7 1 3 5
20150218 10 3 8 1 3 6
20150218 11 2 1 5 2 1
20150219 1 3 2 5 3 2
20150219 2 2 4 5 2 4
20150219 3 2 7 3 2 5
20150219 4 9 2 1 6 2
20150219 5 7 5 2 5 4
20150219 6 6 1 9 5 1
20150219 7 6 1 7 5 1
20150219 8 1 5 3 1 4
20150219 9 4 3 7 4 3
20150219 10 3 7 2 3 5
20150219 11 7 4 3 5 4
20150220 1 7 4 3 5 4
20150220 2 3 9 4 3 6
20150220 3 4 2 7 4 2
20150220 4 3 7 9 3 5
20150220 5 3 6 2 3 5
20150220 6 2 9 8 2 6
20150220 7 2 5 1 2 4
20150220 8 2 1 7 2 1
20150220 9 3 1 9 3 1
20150220 10 3 8 4 3 6
20150220 11 6 5 2 5 4
20150305 1 7 1 6 0 0
20150305 2 5 4 6 0 0
20150305 3 4 3 7 0 0
20150305 4 1 3 5 0 0
20150305 5 7 4 3 0 0
20150305 6 7 3 5 5 3
20150305 7 9 3 1 6 3
20150305 8 2 7 5 2 5
20150305 9 1 9 5 1 6
20150305 10 1 7 2 1 5
20150306 1 3 5 1 0 0
20150306 2 5 7 1 0 0
20150306 3 2 3 5 0 0
20150306 4 7 3 5 0 0
20150306 5 5 1 3 0 0
20150306 6 9 3 1 6 3
20150306 7 3 5 9 3 4
20150306 8 9 3 8 6 3
20150306 9 8 9 1 6 6
20150306 10 8 3 5 6 3
20150307 1 1 2 4 0 0
20150307 2 7 1 5 0 0
20150307 3 2 4 5 0 0
20150307 4 4 2 3 0 0
20150307 5 7 2 1 0 0
20150307 6 3 9 5 3 6
20150307 7 4 6 2 4 5
20150307 8 4 7 9 4 5
20150307 9 7 5 3 5 4
20150307 10 1 9 7 1 6
20150420 1 5 1 4 0 0
20150420 2 4 5 1 0 0
20150420 3 4 2 5 0 0
20150420 4 3 7 2 0 0
20150420 5 1 3 4 0 0
20150420 6 3 7 2 3 5
20150420 7 7 3 8 5 3
20150420 8 3 8 2 3 6
20150420 9 7 2 9 5 2
20150420 10 5 3 2 4 3
20150421 1 2 5 4 0 0
20150421 2 1 7 5 0 0
20150421 3 1 5 6 0 0
20150421 4 7 2 1 0 0
20150421 5 3 1 4 0 0
20150421 6 6 5 3 5 4
20150421 7 7 5 6 5 4
20150421 8 8 4 1 6 4
20150421 9 5 1 6 4 1
20150421 10 7 3 4 5 3
20150422 1 3 2 5 0 0
20150422 2 2 1 7 0 0
20150422 3 1 4 6 0 0
20150422 4 4 1 2 0 0
20150422 5 1 7 2 0 0
20150422 6 9 5 6 6 4
20150422 7 1 3 6 1 3
20150422 8 1 5 7 1 4
20150422 9 9 2 3 6 2
20150422 10 3 5 8 3 4
20150508 1 1 5 8 1 4
20150508 2 2 5 6 2 4
20150508 3 7 1 5 5 1
20150508 4 9 3 7 6 3
20150508 5 3 7 1 3 5
20150508 6 6 2 4 5 2
20150508 7 4 7 2 4 5
20150508 8 9 2 3 6 2
20150508 9 6 3 2 5 3
20150508 10 6 1 4 5 1
20150508 11 6 1 7 5 1
20150509 1 6 2 8 5 2
20150509 2 1 2 4 1 2
20150509 3 1 5 3 1 4
20150509 4 1 5 3 1 4
20150509 5 9 1 7 6 1
20150509 6 2 5 7 2 4
20150509 7 7 4 1 5 4
20150509 8 9 1 8 6 1
20150509 9 2 5 4 2 4
20150509 10 5 9 4 4 6
20150509 11 2 5 9 2 4
20150510 1 7 3 4 5 3
20150510 2 9 3 6 6 3
20150510 3 9 3 6 6 3
20150510 4 3 9 6 3 6
20150510 5 8 7 5 6 5
20150510 6 9 1 8 6 1
20150510 7 8 9 1 6 6
20150510 8 2 3 5 2 3
20150510 9 5 9 1 4 6
20150510 10 2 7 9 2 5
20150510 11 2 7 1 2 5
20150615 1 1 9 7 1 6
20150615 2 1 5 2 1 4
20150615 3 9 3 1 6 3
20150615 4 5 4 8 4 4
20150615 5 3 5 9 3 4
20150615 6 6 8 2 5 6
20150615 7 5 9 3 4 6
20150615 8 1 3 5 1 3
20150615 9 9 2 5 6 2
20150615 10 4 2 8 4 2
20150615 11 5 2 6 4 2
20150616 1 1 5 2 1 4
20150616 2 7 5 2 5 4
20150616 3 3 7 8 3 5
20150616 4 5 9 1 4 6
20150616 5 1 9 7 1 6
20150616 6 5 3 2 4 3
20150616 7 3 5 4 3 4
20150616 8 9 1 7 6 1
20150616 9 1 7 2 1 5
20150616 10 2 4 6 2 4
20150616 11 1 5 8 1 4
20150617 1 9 3 4 6 3
20150617 2 5 2 9 4 2
20150617 3 6 4 3 5 4
20150617 4 3 7 8 3 5
20150617 5 9 5 3 6 4
20150617 6 1 2 7 1 2
20150617 7 2 4 7 2 4
20150617 8 1 2 5 1 2
20150617 9 2 7 6 2 5
20150617 10 5 3 1 4 3
20150617 11 5 7 2 4 5
20150706 1 5 2 7 0 0
20150706 2 6 4 7 0 0
20150706 3 3 7 5 0 0
20150706 4 4 2 1 0 0
20150706 5 3 5 7 0 0
20150706 6 3 5 6 3 4
20150706 7 7 3 6 5 3
20150706 8 5 4 1 4 4
20150706 9 7 3 9 5 3
20150706 10 1 4 7 1 4
20150707 1 2 5 6 0 0
20150707 2 4 2 1 0 0
20150707 3 3 1 7 0 0
20150707 4 4 6 5 0 0
20150707 5 7 5 3 0 0
20150707 6 5 1 3 4 1
20150707 7 5 3 8 4 3
20150707 8 3 1 7 3 1
20150707 9 1 6 7 1 5
20150707 10 3 7 5 3 5
20150708 1 2 4 5 0 0
20150708 2 4 7 1 0 0
20150708 3 5 4 1 0 0
20150708 4 6 1 5 0 0
20150708 5 2 5 4 0 0
20150708 6 7 5 3 5 4
20150708 7 2 7 9 2 5
20150708 8 2 9 1 2 6
20150708 9 4 3 5 4 3
20150708 10 5 4 9 4 4
