20120602 1 8 2 1 6 2
20120602 2 1 3 2 1 3
20120602 3 2 1 9 2 1
20120602 4 3 9 2 3 6
20120602 5 1 4 9 1 4
20120602 6 2 7 3 2 5
20120602 7 5 1 3 4 1
20120602 8 7 9 6 5 6
20120602 9 1 5 9 1 4
20120602 10 3 7 5 3 5
20120602 11 5 6 4 4 5
20120602 12 1 9 7 1 6
20120603 1 9 3 2 6 3
20120603 2 6 9 7 5 6
20120603 3 1 5 2 1 4
20120603 4 7 2 5 5 2
20120603 5 2 5 1 2 4
20120603 6 2 5 8 2 4
20120603 7 5 1 4 4 1
20120603 8 5 1 7 4 1
20120603 9 2 3 9 2 3
20120603 10 1 5 9 1 4
20120603 11 5 1 3 4 1
20120603 12 2 8 1 2 6
20120604 1 8 2 9 6 2
20120604 2 6 2 9 5 2
20120604 3 3 4 9 3 4
20120604 4 1 4 5 1 4
20120604 5 2 7 4 2 5
20120604 6 7 1 4 5 1
20120604 7 1 6 7 1 5
20120604 8 8 1 3 6 1
20120604 9 1 9 5 1 6
20120604 10 5 4 1 4 4
20120604 11 2 3 7 2 3
20120605 1 6 2 7 5 2
20120605 2 6 1 7 5 1
20120605 3 4 2 7 4 2
20120605 4 9 5 1 6 4
20120605 5 3 7 5 3 5
20120605 6 7 3 5 5 3
20120605 7 3 2 1 3 2
20120605 8 7 5 2 5 4
20120605 9 5 4 2 4 4
20120605 10 1 2 4 1 2
20120605 11 3 7 5 3 5
20120703 1 2 1 5 2 1
20120703 2 3 9 6 3 6
20120703 3 7 3 2 5 3
20120703 4 1 9 8 1 6
20120703 5 7 2 9 5 2
20120703 6 5 9 2 4 6
20120703 7 4 5 9 4 4
20120703 8 4 2 8 4 2
20120703 9 5 1 2 4 1
20120703 10 9 7 4 6 5
20120703 11 4 7 2 4 5
20120704 1 8 2 5 6 2
20120704 2 2 6 9 2 5
20120704 3 5 3 2 4 3
20120704 4 5 1 2 4 1
20120704 5 5 1 3 4 1
20120704 6 2 4 6 2 4
20120704 7 7 8 9 5 6
20120704 8 5 8 1 4 6
20120704 9 7 5 8 5 4
20120704 10 9 1 2 6 1
20120704 11 1 4 3 1 4
20120705 1 1 9 7 1 6
20120705 2 1 2 5 1 2
20120705 3 3 5 9 3 4
20120705 4 9 7 4 6 5
20120705 5 2 7 9 2 5
20120705 6 9 4 3 6 4
20120705 7 9 7 1 6 5
20120705 8 1 2 5 1 2
20120705 9 7 1 6 5 1
20120705 10 2 5 8 2 4
20120705 11 2 4 1 2 4
20120801 1 3 5 2 3 4
20120801 2 1 3 9 1 3
20120801 3 1 7 9 1 5
20120801 4 8 7 9 6 5
20120801 5 1 2 7 1 2
20120801 6 7 9 3 5 6
20120801 7 1 7 5 1 5
20120801 8 6 3 8 5 3
20120801 9 7 3 2 5 3
20120801 10 1 9 2 1 6
20120801 11 7 3 6 5 3
20120802 1 7 3 1 5 3
20120802 2 6 9 3 5 6
20120802 3 7 5 3 5 4
20120802 4 2 7 8 2 5
20120802 5 1 5 3 1 4
20120802 6 5 1 9 4 1
20120802 7 5 3 7 4 3
20120802 8 3 1 9 3 1
20120802 9 1 2 7 1 2
20120802 10 5 1 2 4 1
20120802 11 9 5 7 6 4
20120803 1 1 7 6 1 5
20120803 2 3 5 8 3 4
20120803 3 1 6 9 1 5
20120803 4 3 9 1 3 6
20120803 5 4 6 2 4 5
20120803 6 3 5 9 3 4
20120803 7 4 5 9 4 4
20120803 8 2 5 4 2 4
20120803 9 3 7 2 3 5
20120803 10 9 5 6 6 4
20120803 11 2 9 1 2 6
20120918 1 7 2 1 5 2
20120918 2 9 7 3 6 5
20120918 3 9 5 2 6 4
20120918 4 5 1 7 4 1
20120918 5 7 3 9 5 3
20120918 6 5 2 8 4 2
20120918 7 1 3 7 1 3
20120918 8 5 7 2 4 5
20120918 9 1 9 5 1 6
20120918 10 3 1 7 3 1
20120918 11 8 7 9 6 5
20120919 1 7 9 5 5 6
20120919 2 9 3 1 6 3
20120919 3 5 8 1 4 6
20120919 4 1 4 5 1 4
20120919 5 4 9 7 4 6
20120919 6 3 6 1 3 5
20120919 7 4 2 1 4 2
20120919 8 1 5 9 1 4
20120919 9 1 7 3 1 5
20120919 10 2 7 3 2 5
20120919 11 4 7 8 4 5
20120920 1 7 1 2 5 1
20120920 2 2 4 3 2 4
20120920 3 5 1 7 4 1
20120920 4 2 4 8 2 4
20120920 5 1 7 5 1 5
20120920 6 8 1 5 6 1
20120920 7 9 2 5 6 2
20120920 8 3 9 5 3 6
20120920 9 5 3 2 4 3
20120920 10 7 8 4 5 6
20120920 11 3 1 4 3 1
20121029 1 5 1 4 0 0
20121029 2 3 4 2 0 0
20121029 3 5 2 7 0 0
20121029 4 5 1 4 0 0
20121029 5 3 4 2 0 0
20121029 6 5 2 7 4 2
20121029 7 1 7 3 1 5
20121029 8 2 9 7 2 6
20121029 9 5 2 9 4 2
20121029 10 9 1 2 6 1
20121029 11 3 7 6 3 5
20121030 1 3 5 7 0 0
20121030 2 7 3 2 0 0
20121030 3 2 4 3 0 0
20121030 4 1 3 6 0 0
20121030 5 2 1 7 0 0
20121030 6 9 3 1 6 3
20121030 7 5 7 1 4 5
20121030 8 2 7 5 2 5
20121030 9 6 9 5 5 6
20121030 10 7 3 9 5 3
20121030 11 1 9 2 1 6
20121031 1 5 2 3 0 0
20121031 2 1 7 5 0 0
20121031 3 7 5 2 0 0
20121031 4 2 1 5 0 0
20121031 5 3 5 1 0 0
20121031 6 9 1 3 6 1
20121031 7 1 4 3 1 4
20121031 8 8 1 5 6 1
20121031 9 9 5 8 6 4
20121031 10 5 9 6 4 6
20121031 11 5 7 6 4 5
20121121 1 2 3 4 0 0
20121121 2 1 5 3 0 0
20121121 3 4 1 7 0 0
20121121 4 7 3 2 0 0
20121121 5 5 6 1 0 0
20121121 6 2 9 1 2 6
20121121 7 2 7 1 2 5
20121121 8 1 9 7 1 6
20121121 9 9 3 7 6 3
20121121 10 2 9 7 2 6
20121121 11 2 9 3 2 6
20121122 1 2 4 5 0 0
20121122 2 5 7 6 0 0
20121122 3 2 4 1 0 0
20121122 4 5 6 7 0 0
20121122 5 1 3 5 0 0
20121122 6 5 9 1 4 6
20121122 7 8 7 3 6 5
20121122 8 8 1 2 6 1
20121122 9 5 2 3 4 2
20121122 10 9 2 8 6 2
20121122 11 4 7 8 4 5
20121123 1 7 2 1 0 0
20121123 2 2 4 3 0 0
20121123 3 5 1 7 0 0
20121123 4 7 3 2 0 0
20121123 5 3 1 7 0 0
20121123 6 1 5 8 1 4
20121123 7 2 9 6 2 6
20121123 8 5 4 2 4 4
20121123 9 7 3 9 5 3
20121123 10 1 4 7 1 4
20121123 11 6 8 5 5 6
20121211 1 4 2 3 0 0
20121211 2 3 7 1 0 0
20121211 3 2 5 4 0 0
20121211 4 5 7 1 0 0
20121211 5 4 1 5 0 0
20121211 6 7 5 3 0 0
20121211 7 3 2 4 0 0
20121211 8 2 5 9 2 4
20121211 9 1 3 4 1 3
20121211 10 5 2 1 4 2
20121211 11 1 3 9 1 3
20121211 12 3 2 6 3 2
20121212 1 4 2 3 0 0
20121212 2 5 2 1 0 0
20121212 3 2 4 1 0 0
20121212 4 1 4 3 0 0
20121212 5 7 1 2 0 0
20121212 6 4 6 3 0 0
20121212 7 7 4 1 0 0
20121212 8 3 4 5 3 4
20121212 9 1 9 5 1 6
20121212 10 2 7 5 2 5
20121212 11 5 3 9 4 3
20121212 12 9 1 3 6 1
20121213 1 4 2 5 0 0
20121213 2 2 7 5 0 0
20121213 3 7 4 6 0 0
20121213 4 4 2 1 0 0
20121213 5 2 5 1 0 0
20121213 6 7 3 5 0 0
20121213 7 1 4 3 0 0
20121213 8 1 3 7 1 3
20121213 9 3 5 7 3 4
20121213 10 1 9 2 1 6
20121213 11 3 2 1 3 2
20121213 12 4 2 9 4 2
20121225 1 5 2 7 0 0
20121225 2 5 1 3 0 0
20121225 3 1 3 5 0 0
20121225 4 3 4 7 0 0
20121225 5 2 3 1 0 0
20121225 6 5 3 9 4 3
20121225 7 5 3 8 4 3
20121225 8 9 3 8 6 3
20121225 9 1 3 9 1 3
20121225 10 1 5 2 1 4
20121225 11 4 7 5 4 5
20121226 1 3 1 6 0 0
20121226 2 3 4 6 0 0
20121226 3 5 2 3 0 0
20121226 4 4 2 5 0 0
20121226 5 3 4 2 0 0
20121226 6 4 3 2 4 3
20121226 7 3 1 5 3 1
20121226 8 1 7 2 1 5
20121226 9 2 3 4 2 3
20121226 10 5 1 6 4 1
20121226 11 3 7 2 3 5
20121227 1 5 4 2 0 0
20121227 2 5 3 4 0 0
20121227 3 0 0 0 0 0
20121227 4 3 2 7 0 0
20121227 5 1 3 2 0 0
20121227 6 5 3 4 4 3
20121227 7 9 7 4 6 5
20121227 8 5 2 7 4 2
20121227 9 4 8 2 4 6
20121227 10 3 7 2 3 5
20121227 11 3 7 5 3 5
20130123 1 2 5 3 2 4
20130123 2 5 3 9 4 3
20130123 3 3 7 8 3 5
20130123 4 3 5 2 3 4
20130123 5 1 9 5 1 6
20130123 6 7 3 5 5 3
20130123 7 5 1 4 4 1
20130123 8 7 3 1 5 3
20130123 9 1 2 9 1 2
20130123 10 1 3 7 1 3
20130123 11 4 3 7 4 3
20130124 1 2 1 3 2 1
20130124 2 1 9 3 1 6
20130124 3 1 8 9 1 6
20130124 4 7 3 5 5 3
20130124 5 9 2 5 6 2
20130124 6 2 4 9 2 4
20130124 7 9 2 3 6 2
20130124 8 3 5 1 3 4
20130124 9 9 8 2 6 6
20130124 10 4 7 1 4 5
20130124 11 1 5 3 1 4
20130125 1 9 5 3 6 4
20130125 2 3 4 8 3 4
20130125 3 5 9 2 4 6
20130125 4 9 1 7 6 1
20130125 5 5 4 1 4 4
20130125 6 4 2 8 4 2
20130125 7 2 5 6 2 4
20130125 8 5 2 7 4 2
20130125 9 2 5 9 2 4
20130125 10 3 4 5 3 4
20130125 11 8 7 5 6 5
20130204 1 3 9 7 3 6
20130204 2 5 2 1 4 2
20130204 3 1 3 7 1 3
20130204 4 5 7 2 4 5
20130204 5 9 7 2 6 5
20130204 6 1 5 6 1 4
20130204 7 5 2 7 4 2
20130204 8 8 9 6 6 6
20130204 9 5 1 2 4 1
20130204 10 7 5 3 5 4
20130204 11 9 5 2 6 4
20130205 1 2 6 1 2 5
20130205 2 9 5 6 6 4
20130205 3 3 8 5 3 6
20130205 4 4 2 3 4 2
20130205 5 3 6 1 3 5
20130205 6 5 7 9 4 5
20130205 7 7 9 4 5 6
20130205 8 7 1 6 5 1
20130205 9 5 3 8 4 3
20130205 10 9 5 6 6 4
20130205 11 2 1 6 2 1
20130206 1 9 1 6 6 1
20130206 2 5 3 2 4 3
20130206 3 2 3 5 2 3
20130206 4 9 7 5 6 5
20130206 5 2 3 8 2 3
20130206 6 4 3 5 4 3
20130206 7 8 3 5 6 3
20130206 8 9 4 2 6 4
20130206 9 5 1 2 4 1
20130206 10 5 4 3 4 4
20130206 11 2 9 7 2 6
20130220 1 1 5 3 0 0
20130220 2 4 1 5 0 0
20130220 3 4 5 7 0 0
20130220 4 1 3 4 0 0
20130220 5 4 5 2 0 0
20130220 6 7 1 5 5 1
20130220 7 3 7 8 3 5
20130220 8 1 4 2 1 4
20130220 9 1 9 5 1 6
20130220 10 7 9 1 5 6
20130220 11 9 2 7 6 2
20130221 1 7 1 5 0 0
20130221 2 7 1 5 0 0
20130221 3 5 4 2 0 0
20130221 4 3 7 4 0 0
20130221 5 7 4 3 0 0
20130221 6 9 1 3 6 1
20130221 7 2 3 6 2 3
20130221 8 5 9 7 4 6
20130221 9 1 2 4 1 2
20130221 10 7 1 2 5 1
20130221 11 5 1 3 4 1
20130222 1 7 3 1 0 0
20130222 2 3 4 6 0 0
20130222 3 7 2 4 0 0
20130222 4 3 2 4 0 0
20130222 5 1 7 3 0 0
20130222 6 9 2 7 6 2
20130222 7 7 2 9 5 2
20130222 8 5 2 9 4 2
20130222 9 1 8 4 1 6
20130222 10 7 3 6 5 3
20130222 11 4 2 7 4 2
20130227 1 7 1 3 0 0
20130227 2 1 2 7 0 0
20130227 3 3 4 7 0 0
20130227 4 3 1 2 0 0
20130227 5 4 3 1 0 0
20130227 6 1 6 5 1 5
20130227 7 7 2 5 5 2
20130227 8 2 5 9 2 4
20130227 9 1 9 7 1 6
20130227 10 7 6 8 5 5
20130227 11 3 7 5 3 5
20130228 1 4 2 5 0 0
20130228 2 2 5 4 0 0
20130228 3 3 4 1 0 0
20130228 4 4 1 7 0 0
20130228 5 4 7 5 0 0
20130228 6 3 1 5 3 1
20130228 7 6 4 5 5 4
20130228 8 5 9 1 4 6
20130228 9 1 9 5 1 6
20130228 10 4 1 9 4 1
20130228 11 3 7 1 3 5
20130301 1 5 3 1 0 0
20130301 2 5 2 3 0 0
20130301 3 5 2 7 0 0
20130301 4 1 5 6 0 0
20130301 5 6 2 4 0 0
20130301 6 6 1 3 5 1
20130301 7 8 7 2 6 5
20130301 8 8 7 3 6 5
20130301 9 9 5 3 6 4
20130301 10 5 9 3 4 6
20130301 11 8 7 1 6 5
20130311 1 1 5 2 1 4
20130311 2 3 1 7 3 1
20130311 3 7 5 9 5 4
20130311 4 3 7 2 3 5
20130311 5 5 1 9 4 1
20130311 6 1 7 9 1 5
20130311 7 1 9 3 1 6
20130311 8 2 4 1 2 4
20130311 9 2 7 5 2 5
20130311 10 5 2 3 4 2
20130311 11 2 7 9 2 5
20130312 1 7 8 5 5 6
20130312 2 7 1 9 5 1
20130312 3 7 1 8 5 1
20130312 4 9 1 2 6 1
20130312 5 1 3 7 1 3
20130312 6 2 5 6 2 4
20130312 7 3 2 7 3 2
20130312 8 3 4 5 3 4
20130312 9 4 7 9 4 5
20130312 10 3 7 1 3 5
20130312 11 1 5 7 1 4
20130313 1 6 9 2 5 6
20130313 2 7 3 1 5 3
20130313 3 7 2 3 5 2
20130313 4 7 1 2 5 1
20130313 5 3 8 7 3 6
20130313 6 1 8 2 1 6
20130313 7 8 3 2 6 3
20130313 8 8 3 1 6 3
20130313 9 1 4 3 1 4
20130313 10 5 1 9 4 1
20130313 11 4 3 8 4 3
20130401 1 4 3 1 0 0
20130401 2 7 2 3 0 0
20130401 3 4 1 3 0 0
20130401 4 3 7 2 0 0
20130401 5 5 2 7 0 0
20130401 6 1 7 4 1 5
20130401 7 1 7 5 1 5
20130401 8 3 2 9 3 2
20130401 9 1 5 2 1 4
20130401 10 5 3 9 4 3
20130402 1 5 1 3 0 0
20130402 2 5 3 1 0 0
20130402 3 1 5 6 0 0
20130402 4 2 7 4 0 0
20130402 5 1 4 2 0 0
20130402 6 2 3 4 2 3
20130402 7 1 3 2 1 3
20130402 8 7 9 3 5 6
20130402 9 9 2 7 6 2
20130402 10 5 3 8 4 3
20130403 1 1 2 4 0 0
20130403 2 3 1 7 0 0
20130403 3 4 5 7 0 0
20130403 4 7 3 1 0 0
20130403 5 5 1 7 0 0
20130403 6 1 7 5 1 5
20130403 7 7 4 6 5 4
20130403 8 2 4 1 2 4
20130403 9 8 3 5 6 3
20130403 10 1 9 7 1 6
20130418 1 2 6 7 2 5
20130418 2 1 5 2 1 4
20130418 3 4 2 9 4 2
20130418 4 2 3 1 2 3
20130418 5 7 2 3 5 2
20130418 6 5 2 1 4 2
20130418 7 7 9 2 5 6
20130418 8 2 5 9 2 4
20130418 9 9 7 5 6 5
20130418 10 1 5 3 1 4
20130418 11 3 2 1 3 2
20130419 1 2 4 7 2 4
20130419 2 7 2 4 5 2
20130419 3 1 3 4 1 3
20130419 4 9 1 2 6 1
20130419 5 1 5 2 1 4
20130419 6 5 1 6 4 1
20130419 7 9 2 5 6 2
20130419 8 6 9 7 5 6
20130419 9 3 7 2 3 5
20130419 10 2 1 5 2 1
20130419 11 1 9 2 1 6
20130420 1 7 3 5 5 3
20130420 2 4 1 8 4 1
20130420 3 5 8 3 4 6
20130420 4 1 7 2 1 5
20130420 5 7 5 1 5 4
20130420 6 5 2 9 4 2
20130420 7 9 7 2 6 5
20130420 8 5 9 2 4 6
20130420 9 1 8 7 1 6
20130420 10 1 7 4 1 5
20130420 11 3 2 5 3 2
20130421 1 8 3 7 6 3
20130421 2 5 2 8 4 2
20130421 3 5 9 3 4 6
20130421 4 3 5 8 3 4
20130421 5 5 2 4 4 2
20130421 6 2 7 9 2 5
20130421 7 3 9 4 3 6
20130421 8 7 1 2 5 1
20130421 9 2 4 5 2 4
20130421 10 2 5 7 2 4
20130421 11 7 2 9 5 2
20130507 1 9 5 3 6 4
20130507 2 2 9 3 2 6
20130507 3 2 5 3 2 4
20130507 4 9 3 7 6 3
20130507 5 5 3 7 4 3
20130507 6 3 2 9 3 2
20130507 7 7 3 1 5 3
20130507 8 7 2 1 5 2
20130507 9 3 5 8 3 4
20130507 10 7 2 9 5 2
20130507 11 7 1 3 5 1
20130508 1 2 5 7 2 4
20130508 2 1 3 5 1 3
20130508 3 8 4 1 6 4
20130508 4 7 1 4 5 1
20130508 5 3 1 5 3 1
20130508 6 4 5 3 4 4
20130508 7 5 9 6 4 6
20130508 8 5 7 9 4 5
20130508 9 1 7 5 1 5
20130508 10 7 5 2 5 4
20130508 11 9 6 2 6 5
20130509 1 3 2 9 3 2
20130509 2 3 1 8 3 1
20130509 3 3 2 9 3 2
20130509 4 7 2 9 5 2
20130509 5 3 6 1 3 5
20130509 6 3 2 1 3 2
20130509 7 3 1 6 3 1
20130509 8 2 3 5 2 3
20130509 9 5 9 3 4 6
20130509 10 3 7 8 3 5
20130509 11 2 9 4 2 6
20130529 1 2 5 3 0 0
20130529 2 3 4 7 0 0
20130529 3 4 3 5 0 0
20130529 4 3 2 4 0 0
20130529 5 7 5 2 0 0
20130529 6 5 3 7 4 3
20130529 7 1 5 9 1 4
20130529 8 3 1 9 3 1
20130529 9 9 1 7 6 1
20130529 10 5 3 2 4 3
20130530 1 5 1 6 0 0
20130530 2 7 4 5 0 0
20130530 3 4 1 7 0 0
20130530 4 2 7 1 0 0
20130530 5 5 4 1 0 0
20130530 6 3 4 7 3 4
20130530 7 9 3 4 6 3
20130530 8 3 1 9 3 1
20130530 9 5 1 7 4 1
20130530 10 3 9 4 3 6
20130531 1 1 7 4 0 0
20130531 2 1 5 3 0 0
20130531 3 1 2 7 0 0
20130531 4 3 4 2 0 0
20130531 5 2 3 5 0 0
20130531 6 9 1 4 6 1
20130531 7 7 8 9 5 6
20130531 8 9 1 6 6 1
20130531 9 3 7 5 3 5
20130531 10 9 5 8 6 4
20130619 1 5 7 8 4 5
20130619 2 9 1 4 6 1
20130619 3 5 9 7 4 6
20130619 4 7 1 5 5 1
20130619 5 2 5 7 2 4
20130619 6 1 2 7 1 2
20130619 7 7 3 4 5 3
20130619 8 5 1 4 4 1
20130619 9 2 7 9 2 5
20130619 10 2 9 6 2 6
20130619 11 3 7 9 3 5
20130620 1 3 8 2 3 6
20130620 2 7 4 2 5 4
20130620 3 5 7 2 4 5
20130620 4 1 2 3 1 2
20130620 5 5 1 7 4 1
20130620 6 4 9 1 4 6
20130620 7 9 1 5 6 1
20130620 8 1 7 3 1 5
20130620 9 7 1 3 5 1
20130620 10 5 6 3 4 5
20130620 11 8 5 2 6 4
20130621 1 2 3 1 2 3
20130621 2 9 3 8 6 3
20130621 3 1 5 8 1 4
20130621 4 5 1 9 4 1
20130621 5 9 3 7 6 3
20130621 6 9 3 6 6 3
20130621 7 3 2 5 3 2
20130621 8 9 3 7 6 3
20130621 9 7 2 8 5 2
20130621 10 8 9 3 6 6
20130621 11 2 3 4 2 3
20130708 1 7 9 1 5 6
20130708 2 3 2 9 3 2
20130708 3 3 7 5 3 5
20130708 4 3 1 7 3 1
20130708 5 7 4 1 5 4
20130708 6 4 6 7 4 5
20130708 7 2 3 8 2 3
20130708 8 2 8 6 2 6
20130708 9 7 9 3 5 6
20130708 10 5 3 8 4 3
20130708 11 1 9 6 1 6
20130709 1 1 9 2 1 6
20130709 2 1 5 3 1 4
20130709 3 9 8 1 6 6
20130709 4 1 7 5 1 5
20130709 5 5 6 3 4 5
20130709 6 3 9 5 3 6
20130709 7 8 1 4 6 1
20130709 8 2 7 5 2 5
20130709 9 5 1 2 4 1
20130709 10 5 7 9 4 5
20130709 11 3 9 8 3 6
20130710 1 5 1 6 4 1
20130710 2 1 5 3 1 4
20130710 3 5 9 3 4 6
20130710 4 3 1 4 3 1
20130710 5 5 6 8 4 5
20130710 6 5 8 2 4 6
20130710 7 7 2 1 5 2
20130710 8 3 7 2 3 5
20130710 9 4 8 6 4 6
20130710 10 2 7 3 2 5
20130710 11 7 9 2 5 6
20130729 1 2 4 1 0 0
20130729 2 3 4 5 0 0
20130729 3 7 3 6 0 0
20130729 4 1 3 5 0 0
20130729 5 5 7 3 0 0
20130729 6 2 1 9 2 1
20130729 7 3 7 1 3 5
20130729 8 1 9 2 1 6
20130729 9 6 2 1 5 2
20130729 10 3 4 5 3 4
20130730 1 3 1 4 0 0
20130730 2 3 4 7 0 0
20130730 3 3 7 4 0 0
20130730 4 4 7 3 0 0
20130730 5 3 7 5 0 0
20130730 6 5 2 3 4 2
20130730 7 4 1 2 4 1
20130730 8 4 2 5 4 2
20130730 9 5 2 8 4 2
20130730 10 7 3 9 5 3
20130731 1 6 3 4 0 0
20130731 2 3 7 4 0 0
20130731 3 1 7 5 0 0
20130731 4 4 5 1 0 0
20130731 5 2 5 4 0 0
20130731 6 2 4 9 2 4
20130731 7 1 8 4 1 6
20130731 8 9 7 1 6 5
20130731 9 1 7 6 1 5
20130731 10 7 9 4 5 6
20130819 1 5 7 3 0 0
20130819 2 3 1 4 0 0
20130819 3 2 1 5 0 0
20130819 4 4 1 3 0 0
20130819 5 3 6 2 0 0
20130819 6 5 2 4 4 2
20130819 7 3 7 9 3 5
20130819 8 2 9 6 2 6
20130819 9 7 1 3 5 1
20130819 10 5 7 1 4 5
20130820 1 5 1 4 0 0
20130820 2 7 1 2 0 0
20130820 3 4 1 7 0 0
20130820 4 3 2 1 0 0
20130820 5 7 5 3 0 0
20130820 6 3 1 2 3 1
20130820 7 3 7 5 3 5
20130820 8 5 3 7 4 3
20130820 9 5 7 9 4 5
20130820 10 7 1 9 5 1
20130821 1 2 6 7 0 0
20130821 2 5 3 4 0 0
20130821 3 3 5 6 0 0
20130821 4 7 4 5 0 0
20130821 5 5 2 1 0 0
20130821 6 5 2 6 4 2
20130821 7 9 2 5 6 2
20130821 8 1 6 7 1 5
20130821 9 2 6 8 2 5
20130821 10 5 1 7 4 1
20130917 1 5 2 4 0 0
20130917 2 1 3 6 0 0
20130917 3 5 1 3 0 0
20130917 4 4 7 2 0 0
20130917 5 3 1 6 0 0
20130917 6 1 5 9 1 4
20130917 7 3 8 7 3 6
20130917 8 2 5 7 2 4
20130917 9 3 1 6 3 1
20130917 10 9 3 6 6 3
20130918 1 1 2 4 0 0
20130918 2 7 5 1 0 0
20130918 3 2 1 6 0 0
20130918 4 3 5 4 0 0
20130918 5 4 1 2 0 0
20130918 6 9 2 6 6 2
20130918 7 7 5 2 5 4
20130918 8 1 7 8 1 5
20130918 9 3 9 5 3 6
20130918 10 5 7 9 4 5
20130919 1 2 3 4 0 0
20130919 2 2 5 3 0 0
20130919 3 2 5 3 0 0
20130919 4 1 5 6 0 0
20130919 5 2 1 6 0 0
20130919 6 2 8 9 2 6
20130919 7 5 9 3 4 6
20130919 8 6 9 1 5 6
20130919 9 4 2 1 4 2
20130919 10 3 7 5 3 5
20131014 1 7 8 6 5 6
20131014 2 2 9 4 2 6
20131014 3 1 7 4 1 5
20131014 4 7 3 4 5 3
20131014 5 3 5 1 3 4
20131014 6 7 5 3 5 4
20131014 7 2 9 4 2 6
20131014 8 2 1 9 2 1
20131014 9 2 5 3 2 4
20131014 10 7 3 9 5 3
20131014 11 9 4 2 6 4
20131015 1 4 9 1 4 6
20131015 2 9 3 7 6 3
20131015 3 1 6 7 1 5
20131015 4 3 9 5 3 6
20131015 5 2 7 9 2 5
20131015 6 1 9 5 1 6
20131015 7 1 5 6 1 4
20131015 8 7 9 2 5 6
20131015 9 2 4 7 2 4
20131015 10 5 2 9 4 2
20131015 11 3 2 7 3 2
20131016 1 7 5 4 5 4
20131016 2 5 7 6 4 5
20131016 3 2 1 6 2 1
20131016 4 3 1 6 3 1
20131016 5 5 9 3 4 6
20131016 6 5 2 8 4 2
20131016 7 1 5 9 1 4
20131016 8 5 7 9 4 5
20131016 9 9 2 5 6 2
20131016 10 9 2 5 6 2
20131016 11 5 7 9 4 5
20131030 1 9 1 8 6 1
20131030 2 8 7 1 6 5
20131030 3 2 5 7 2 4
20131030 4 1 4 9 1 4
20131030 5 7 1 5 5 1
20131030 6 4 5 3 0 0
20131030 7 1 6 5 0 0
20131030 8 7 1 9 5 1
20131030 9 1 7 3 1 5
20131030 10 8 9 5 6 6
20131030 11 1 2 4 1 2
20131030 12 2 9 7 2 6
20131031 1 2 5 8 2 4
20131031 2 9 7 4 6 5
20131031 3 5 2 1 4 2
20131031 4 9 7 3 6 5
20131031 5 1 5 8 1 4
20131031 6 7 3 1 0 0
20131031 7 2 1 6 0 0
20131031 8 5 9 3 4 6
20131031 9 4 3 5 4 3
20131031 10 9 8 2 6 6
20131031 11 8 3 1 6 3
20131031 12 9 3 2 6 3
20131101 1 1 6 5 1 5
20131101 2 5 2 1 4 2
20131101 3 9 6 3 6 5
20131101 4 3 2 8 3 2
20131101 5 5 4 1 0 0
20131101 6 2 9 6 2 6
20131101 7 9 5 2 6 4
20131101 8 3 5 9 3 4
20131101 9 7 9 5 5 6
20131101 10 4 3 2 0 0
20131101 11 5 3 9 4 3
20131101 12 9 1 3 6 1
20131113 1 3 5 1 0 0
20131113 2 4 7 2 0 0
20131113 3 7 4 5 0 0
20131113 4 3 4 5 0 0
20131113 5 4 1 7 0 0
20131113 6 2 9 3 2 6
20131113 7 9 2 5 6 2
20131113 8 9 1 3 6 1
20131113 9 3 5 1 3 4
20131113 10 1 2 7 1 2
20131114 1 1 2 5 0 0
20131114 2 7 3 5 0 0
20131114 3 5 1 4 0 0
20131114 4 2 3 7 0 0
20131114 5 4 1 5 0 0
20131114 6 5 2 4 4 2
20131114 7 7 2 3 5 2
20131114 8 9 2 7 6 2
20131114 9 7 1 2 5 1
20131114 10 5 3 7 4 3
20131115 1 2 3 7 0 0
20131115 2 1 4 3 0 0
20131115 3 5 1 3 0 0
20131115 4 4 3 7 0 0
20131115 5 3 6 7 0 0
20131115 6 4 2 6 4 2
20131115 7 7 9 1 5 6
20131115 8 2 1 4 2 1
20131115 9 7 3 8 5 3
20131115 10 9 3 2 6 3
20131203 1 9 6 5 6 5
20131203 2 1 5 3 1 4
20131203 3 5 3 9 4 3
20131203 4 5 6 1 4 5
20131203 5 9 5 2 6 4
20131203 6 2 4 5 2 4
20131203 7 5 2 1 4 2
20131203 8 5 2 1 4 2
20131203 9 7 9 3 5 6
20131203 10 9 1 7 6 1
20131203 11 4 6 7 4 5
20131204 1 1 5 4 1 4
20131204 2 5 7 1 4 5
20131204 3 2 7 6 2 5
20131204 4 7 8 3 5 6
20131204 5 1 3 7 1 3
20131204 6 7 5 4 5 4
20131204 7 7 4 3 5 4
20131204 8 3 7 8 3 5
20131204 9 9 1 8 6 1
20131204 10 1 9 3 1 6
20131204 11 3 1 2 3 1
20131205 1 1 8 2 1 6
20131205 2 1 4 5 1 4
20131205 3 4 3 1 4 3
20131205 4 1 4 3 1 4
20131205 5 3 5 9 3 4
20131205 6 2 5 3 2 4
20131205 7 1 7 5 1 5
20131205 8 3 9 7 3 6
20131205 9 2 7 5 2 5
20131205 10 5 1 4 4 1
20131205 11 6 8 5 5 6
20131210 1 5 7 4 0 0
20131210 2 3 7 5 0 0
20131210 3 4 7 1 0 0
20131210 4 3 5 7 0 0
20131210 5 5 2 7 0 0
20131210 6 2 7 1 2 5
20131210 7 7 8 3 5 6
20131210 8 9 1 6 6 1
20131210 9 3 5 2 3 4
20131210 10 4 2 9 4 2
20131211 1 4 7 1 0 0
20131211 2 3 7 4 0 0
20131211 3 5 2 1 0 0
20131211 4 7 3 2 0 0
20131211 5 1 7 5 0 0
20131211 6 3 9 7 3 6
20131211 7 3 4 7 3 4
20131211 8 7 8 5 5 6
20131211 9 9 4 3 6 4
20131211 10 1 3 8 1 3
20131212 1 5 3 1 0 0
20131212 2 1 7 5 0 0
20131212 3 5 1 6 0 0
20131212 4 3 5 4 0 0
20131212 5 5 1 4 0 0
20131212 6 9 1 5 6 1
20131212 7 1 5 8 1 4
20131212 8 2 4 5 2 4
20131212 9 2 8 9 2 6
20131212 10 5 2 9 4 2
20140111 1 5 4 2 0 0
20140111 2 2 4 3 0 0
20140111 3 3 1 4 0 0
20140111 4 1 6 2 0 0
20140111 5 7 4 3 0 0
20140111 6 3 6 4 0 0
20140111 7 5 1 2 0 0
20140111 8 6 5 8 5 4
20140111 9 6 7 8 5 5
20140111 10 5 9 2 4 6
20140111 11 9 1 3 6 1
20140111 12 2 5 9 2 4
20140112 1 1 5 6 0 0
20140112 2 4 3 7 0 0
20140112 3 6 1 4 0 0
20140112 4 2 4 3 0 0
20140112 5 1 4 7 0 0
20140112 6 4 7 5 0 0
20140112 7 3 1 2 0 0
20140112 8 5 8 2 4 6
20140112 9 3 9 1 3 6
20140112 10 5 2 7 4 2
20140112 11 7 2 5 5 2
20140112 12 3 2 9 3 2
20140113 1 1 4 7 0 0
20140113 2 6 3 1 0 0
20140113 3 1 5 2 0 0
20140113 4 5 2 3 0 0
20140113 5 1 6 4 0 0
20140113 6 2 5 9 2 4
20140113 7 6 9 5 5 6
20140113 8 6 5 9 5 4
20140113 9 2 9 6 2 6
20140113 10 1 4 3 0 0
20140113 11 1 2 4 0 0
20140113 12 3 7 5 3 5
20140128 1 7 2 5 0 0
20140128 2 7 3 5 0 0
20140128 3 7 5 3 0 0
20140128 4 5 2 6 0 0
20140128 5 4 7 5 0 0
20140128 6 9 5 1 6 4
20140128 7 2 9 3 2 6
20140128 8 7 9 4 5 6
20140128 9 1 5 2 1 4
20140128 10 5 7 2 4 5
20140129 1 2 4 5 0 0
20140129 2 1 7 5 0 0
20140129 3 3 7 4 0 0
20140129 4 4 2 1 0 0
20140129 5 3 5 2 0 0
20140129 6 2 1 9 2 1
20140129 7 7 3 8 5 3
20140129 8 2 5 3 2 4
20140129 9 5 7 9 4 5
20140129 10 8 5 9 6 4
20140130 1 7 1 3 0 0
20140130 2 5 2 7 0 0
20140130 3 3 7 5 0 0
20140130 4 3 1 7 0 0
20140130 5 2 1 5 0 0
20140130 6 6 2 8 5 2
20140130 7 7 9 5 5 6
20140130 8 7 9 4 5 6
20140130 9 5 1 7 4 1
20140130 10 7 2 5 5 2
20140212 1 3 4 5 0 0
20140212 2 3 7 4 0 0
20140212 3 3 4 2 0 0
20140212 4 1 6 4 0 0
20140212 5 4 2 6 0 0
20140212 6 3 5 8 3 4
20140212 7 5 9 3 4 6
20140212 8 8 1 7 6 1
20140212 9 5 2 8 4 2
20140212 10 3 5 4 3 4
20140213 1 5 7 3 0 0
20140213 2 5 4 2 0 0
20140213 3 1 7 5 0 0
20140213 4 7 3 2 0 0
20140213 5 1 4 5 0 0
20140213 6 9 7 4 6 5
20140213 7 3 9 8 3 6
20140213 8 5 3 2 4 3
20140213 9 5 7 3 4 5
20140213 10 5 7 2 4 5
20140225 1 9 3 7 6 3
20140225 2 5 3 1 4 3
20140225 3 3 7 9 3 5
20140225 4 9 3 7 6 3
20140225 5 1 5 6 1 4
20140225 6 5 3 2 4 3
20140225 7 1 7 2 1 5
20140225 8 9 2 1 6 2
20140225 9 4 1 7 4 1
20140225 10 9 2 5 6 2
20140225 11 1 3 8 1 3
20140226 1 9 7 3 6 5
20140226 2 2 9 5 2 6
20140226 3 2 9 7 2 6
20140226 4 7 2 9 5 2
20140226 5 2 7 9 2 5
20140226 6 7 8 3 5 6
20140226 7 5 3 4 0 0
20140226 8 3 5 1 3 5
20140226 9 1 4 2 1 4
20140226 10 9 3 6 6 3
20140226 11 6 1 2 5 1
20140227 1 8 3 5 6 3
20140227 2 7 9 1 5 6
20140227 3 7 9 5 5 6
20140227 4 4 3 5 4 3
20140227 5 7 3 6 5 3
20140227 6 5 1 3 5 1
20140227 7 7 5 4 6 5
20140227 8 3 2 1 3 2
20140227 9 5 9 2 4 6
20140227 10 7 1 6 5 1
20140227 11 1 8 7 1 6
20140324 1 7 3 1 0 0
20140324 2 2 5 3 0 0
20140324 3 3 7 2 0 0
20140324 4 5 4 2 0 0
20140324 5 2 3 5 0 0
20140324 6 7 9 3 5 6
20140324 7 1 7 4 1 5
20140324 8 7 2 4 5 2
20140324 9 7 1 5 5 1
20140324 10 3 9 1 3 6
20140325 1 3 5 1 0 0
20140325 2 1 7 2 0 0
20140325 3 1 7 4 0 0
20140325 4 3 1 2 0 0
20140325 5 5 1 6 0 0
20140325 6 7 5 8 5 4
20140325 7 2 8 5 2 6
20140325 8 5 9 8 4 6
20140325 9 5 1 9 4 1
20140325 10 5 3 6 4 3
20140326 1 7 4 5 0 0
20140326 2 3 5 1 0 0
20140326 3 5 2 4 0 0
20140326 4 4 5 2 0 0
20140326 5 6 4 2 0 0
20140326 6 2 3 5 2 3
20140326 7 6 3 5 5 3
20140326 8 3 8 6 3 6
20140326 9 3 7 4 3 5
20140326 10 3 7 2 3 5
20140405 1 5 9 4 4 6
20140405 2 8 4 7 6 4
20140405 3 2 3 4 2 3
20140405 4 3 1 8 3 1
20140405 5 1 3 9 1 3
20140405 6 4 6 2 4 5
20140405 7 2 1 4 2 1
20140405 8 2 5 6 2 4
20140405 9 5 1 2 4 1
20140405 10 1 5 9 1 4
20140405 11 9 7 1 6 5
20140405 12 5 4 9 4 4
20140406 1 4 3 1 4 3
20140406 2 1 7 4 1 6
20140406 3 1 8 3 1 6
20140406 4 7 3 9 5 3
20140406 5 6 5 2 5 4
20140406 6 2 1 9 2 1
20140406 7 9 5 1 6 4
20140406 8 2 5 7 2 4
20140406 9 3 9 5 3 6
20140406 10 3 9 4 3 6
20140406 11 9 4 8 6 4
20140406 12 1 9 6 1 6
20140407 1 5 7 6 5 6
20140407 2 7 2 1 6 2
20140407 3 1 6 2 1 5
20140407 4 3 7 2 3 5
20140407 5 7 9 3 5 6
20140407 6 5 1 4 4 1
20140407 7 4 9 5 4 6
20140407 8 3 7 8 3 5
20140407 9 1 3 4 1 3
20140407 10 3 1 8 3 1
20140407 11 9 3 1 6 3
20140407 12 1 7 2 1 5
20140408 1 3 5 2 3 4
20140408 2 9 2 1 6 2
20140408 3 3 9 8 3 6
20140408 4 9 8 4 6 6
20140408 5 3 8 7 3 6
20140408 6 4 7 1 4 5
20140408 7 9 1 5 6 1
20140408 8 7 3 9 5 3
20140408 9 3 6 4 3 5
20140408 10 3 7 1 3 5
20140408 11 3 9 1 3 6
20140430 1 9 8 1 6 6
20140430 2 1 3 7 1 3
20140430 3 5 1 2 4 1
20140430 4 1 7 6 1 5
20140430 5 3 9 5 3 6
20140430 6 5 1 2 4 1
20140430 7 3 8 4 3 6
20140430 8 3 2 4 3 2
20140430 9 3 2 5 3 2
20140430 10 2 9 1 2 6
20140430 11 7 1 9 5 1
20140501 1 1 4 7 1 4
20140501 2 5 2 7 4 2
20140501 3 2 7 1 2 5
20140501 4 2 7 8 2 5
20140501 5 7 1 9 5 1
20140501 6 3 5 9 3 4
20140501 7 5 9 1 4 6
20140501 8 2 9 1 2 6
20140501 9 7 2 4 5 2
20140501 10 3 2 7 3 2
20140501 11 5 2 7 4 2
20140502 1 5 7 1 4 5
20140502 2 8 2 7 6 2
20140502 3 3 1 9 3 1
20140502 4 7 5 3 5 4
20140502 5 3 5 2 3 4
20140502 6 5 2 1 4 2
20140502 7 7 2 6 5 2
20140502 8 3 7 5 3 5
20140502 9 9 2 3 6 2
20140502 10 1 5 4 1 4
20140502 11 7 8 5 5 6
20140514 1 5 2 1 4 2
20140514 2 9 4 7 6 4
20140514 3 7 2 5 5 2
20140514 4 1 9 4 1 6
20140514 5 1 7 8 1 5
20140514 6 1 2 6 0 0
20140514 7 2 3 6 0 0
20140514 8 9 1 6 6 1
20140514 9 9 2 1 6 2
20140514 10 3 9 7 3 6
20140514 11 3 7 4 3 5
20140514 12 9 3 7 6 3
20140515 1 1 7 5 1 5
20140515 2 9 7 3 6 5
20140515 4 5 3 6 4 3
20140515 5 8 5 3 6 4
20140515 6 5 1 7 0 0
20140515 7 7 2 1 0 0
20140515 8 2 5 9 2 4
20140515 9 7 2 1 5 2
20140515 10 3 2 5 3 2
20140515 11 1 2 3 1 2
20140515 12 9 2 7 6 2
20140516 1 1 5 6 1 4
20140516 2 5 8 7 4 6
20140516 3 2 8 5 2 6
20140516 4 7 4 2 5 4
20140516 5 6 1 2 0 0
20140516 6 2 7 5 2 5
20140516 7 5 9 1 4 6
20140516 8 2 5 1 2 4
20140516 9 8 3 2 6 3
20140516 10 1 3 2 0 0
20140516 11 7 3 4 5 3
20140516 12 4 9 7 4 6
20140609 1 1 4 7 0 0
20140609 2 3 4 1 0 0
20140609 3 5 3 4 0 0
20140609 4 3 4 1 0 0
20140609 5 7 2 5 0 0
20140609 6 2 9 4 2 6
20140609 7 9 2 6 6 2
20140609 8 4 2 5 4 2
20140609 9 1 3 7 1 3
20140609 10 7 6 8 5 5
20140610 1 3 1 6 0 0
20140610 2 3 7 4 0 0
20140610 3 6 3 4 0 0
20140610 4 4 2 3 0 0
20140610 5 4 1 3 0 0
20140610 6 4 5 3 4 4
20140610 7 2 4 5 2 4
20140610 8 4 2 7 4 2
20140610 9 9 1 2 6 1
20140610 10 1 5 2 1 4
20140611 1 7 2 1 0 0
20140611 2 1 5 7 0 0
20140611 3 1 5 3 0 0
20140611 4 5 3 4 0 0
20140611 5 4 1 5 0 0
20140611 6 2 9 6 2 6
20140611 7 2 7 5 2 5
20140611 8 9 2 5 6 2
20140611 9 9 7 2 6 5
20140611 10 8 7 5 6 5
20140725 1 7 2 4 0 0
20140725 2 1 3 5 0 0
20140725 3 2 7 3 0 0
20140725 4 7 2 5 0 0
20140725 5 4 1 6 0 0
20140725 6 9 2 5 6 2
20140725 7 7 9 1 5 6
20140725 8 5 9 2 4 6
20140725 9 5 2 6 4 2
20140725 10 7 3 2 5 3
20140726 1 7 2 4 0 0
20140726 2 4 2 6 0 0
20140726 3 7 5 2 0 0
20140726 4 3 4 2 0 0
20140726 5 3 7 5 0 0
20140726 6 7 3 1 5 3
20140726 7 9 2 7 6 2
20140726 8 5 2 3 4 2
20140726 9 9 1 6 6 1
20140726 10 4 9 3 4 6
20140727 1 1 2 5 0 0
20140727 2 7 1 5 0 0
20140727 3 5 1 2 0 0
20140727 4 3 4 7 0 0
20140727 5 1 4 2 0 0
20140727 6 5 2 7 4 2
20140727 7 5 8 9 4 6
20140727 8 5 8 6 4 6
20140727 9 5 2 7 4 2
20140727 10 2 5 3 2 4
20140804 1 5 7 1 4 5
20140804 2 1 7 3 1 5
20140804 3 7 1 2 5 1
20140804 4 5 1 8 4 1
20140804 5 9 1 3 6 1
20140804 6 4 9 7 4 6
20140804 7 7 4 2 5 4
20140804 8 5 2 3 4 2
20140804 9 3 7 4 3 5
20140804 10 5 7 2 4 5
20140804 11 4 2 8 4 2
20140805 1 5 9 2 4 6
20140805 2 9 8 6 6 6
20140805 3 3 1 4 3 1
20140805 4 8 4 2 6 4
20140805 5 1 9 6 1 6
20140805 6 1 9 3 1 6
20140805 7 2 9 5 2 6
20140805 8 8 5 3 6 4
20140805 9 1 5 8 1 4
20140805 10 3 2 5 3 2
20140805 11 7 5 9 5 4
20140806 1 3 2 4 3 2
20140806 2 9 3 5 6 3
20140806 3 1 7 2 1 5
20140806 4 2 9 3 2 6
20140806 5 9 2 4 6 2
20140806 6 9 1 7 6 1
20140806 7 3 8 1 3 6
20140806 8 2 7 6 2 5
20140806 9 9 2 4 6 2
20140806 10 2 1 9 2 1
20140806 11 5 6 2 4 5
20140830 1 3 4 1 0 0
20140830 2 4 1 6 0 0
20140830 3 3 1 7 0 0
20140830 4 2 7 5 0 0
20140830 5 3 2 4 0 0
20140830 6 3 7 5 0 0
20140830 7 5 7 2 0 0
20140830 8 7 1 2 5 1
20140830 9 7 1 5 5 1
20140830 10 2 9 8 2 6
20140830 11 5 2 1 4 2
20140830 12 4 3 8 4 3
20140831 1 2 7 3 0 0
20140831 2 2 1 5 0 0
20140831 3 5 2 1 0 0
20140831 4 5 1 6 0 0
20140831 5 3 5 4 0 0
20140831 6 7 1 2 0 0
20140831 7 3 1 7 0 0
20140831 8 3 7 9 3 5
20140831 9 7 9 6 5 6
20140831 10 3 9 7 3 6
20140831 11 3 7 1 3 5
20140831 12 1 3 2 1 3
20140901 1 5 4 1 0 0
20140901 2 7 1 5 0 0
20140901 3 2 3 5 0 0
20140901 4 5 1 6 0 0
20140901 5 3 1 6 0 0
20140901 6 1 9 7 1 6
20140901 7 2 1 8 2 1
20140901 8 7 2 5 5 2
20140901 9 2 6 9 2 5
20140901 10 1 7 6 0 0
20140901 11 2 1 7 0 0
20140901 12 2 3 7 2 3
20140916 1 2 5 4 0 0
20140916 2 2 3 7 0 0
20140916 3 1 2 5 0 0
20140916 4 7 5 2 0 0
20140916 5 4 1 3 0 0
20140916 6 1 7 8 1 5
20140916 7 9 4 6 6 4
20140916 8 1 7 8 1 5
20140916 9 2 7 5 2 5
20140916 10 3 6 9 3 5
20140917 1 7 1 2 0 0
20140917 2 7 2 3 0 0
20140917 3 5 3 4 0 0
20140917 4 1 2 5 0 0
20140917 5 1 3 5 0 0
20140917 6 3 2 7 3 2
20140917 7 9 7 8 6 5
20140917 8 2 8 4 2 6
20140917 9 7 2 1 5 2
20140917 10 7 1 9 5 1
20140918 1 5 1 3 0 0
20140918 2 3 5 7 0 0
20140918 3 1 7 2 0 0
20140918 4 4 5 7 0 0
20140918 5 1 5 3 0 0
20140918 6 0 0 0 6 5
20140918 7 3 9 2 3 6
20140918 8 5 2 3 4 2
20140918 9 1 5 3 1 4
20140918 10 1 2 6 1 2
20141029 1 4 5 3 0 0
20141029 2 4 2 3 0 0
20141029 3 4 2 7 0 0
20141029 4 3 4 1 0 0
20141029 5 5 1 7 0 0
20141029 6 5 7 4 4 5
20141029 7 1 2 5 1 2
20141029 8 1 7 4 1 5
20141029 9 3 7 1 3 5
20141029 10 1 3 4 1 3
20141030 1 3 4 6 0 0
20141030 2 7 2 4 0 0
20141030 3 5 4 1 0 0
20141030 4 2 7 4 0 0
20141030 5 5 1 4 0 0
20141030 6 8 1 7 6 1
20141030 7 1 7 5 1 5
20141030 8 2 7 5 2 5
20141030 9 3 5 2 3 4
20141030 10 1 5 9 1 4
20141031 1 3 7 2 0 0
20141031 2 7 5 4 0 0
20141031 3 1 2 5 0 0
20141031 4 7 5 1 0 0
20141031 5 5 4 7 0 0
20141031 6 9 1 5 6 1
20141031 7 5 3 7 4 3
20141031 8 4 3 5 4 3
20141031 9 3 1 9 3 1
20141031 10 5 8 2 4 6
20141126 1 9 1 3 6 1
20141126 2 7 2 3 5 2
20141126 3 9 2 3 6 2
20141126 4 3 1 8 3 1
20141126 5 6 9 2 5 6
20141126 6 5 7 2 4 5
20141126 7 5 1 4 4 1
20141126 8 5 8 6 4 6
20141126 9 7 2 5 5 2
20141126 10 7 3 8 5 3
20141126 11 4 1 3 4 1
20141127 1 7 5 1 5 4
20141127 2 2 9 4 2 6
20141127 3 1 7 2 1 5
20141127 4 9 7 1 6 5
20141127 5 2 3 1 2 3
20141127 6 3 8 4 3 6
20141127 7 7 9 6 5 6
20141127 8 3 1 9 3 1
20141127 9 5 3 1 4 3
20141127 10 5 3 4 4 3
20141127 11 5 9 1 4 6
20141128 1 7 4 2 5 4
20141128 2 7 3 4 5 3
20141128 3 3 5 8 3 4
20141128 4 5 9 2 4 6
20141128 5 5 1 3 4 1
20141128 6 4 1 7 4 1
20141128 7 9 8 1 6 6
20141128 8 9 7 3 6 5
20141128 9 6 1 7 5 1
20141128 10 9 7 5 6 5
20141128 11 4 9 1 4 6
20141203 1 2 3 9 2 3
20141203 2 1 9 2 1 6
20141203 3 9 2 3 6 2
20141203 4 3 7 9 3 5
20141203 5 9 2 6 6 2
20141203 6 6 2 3 5 2
20141203 7 9 5 6 6 4
20141203 8 7 1 4 5 1
20141203 9 1 8 3 1 6
20141203 10 2 5 1 2 4
20141203 11 5 3 4 4 3
20141204 1 9 3 7 6 3
20141204 2 9 1 2 6 1
20141204 3 7 9 4 5 6
20141204 4 5 1 9 4 1
20141204 5 7 1 5 5 1
20141204 6 9 7 6 6 5
20141204 7 5 4 2 4 4
20141204 8 9 5 1 6 4
20141204 9 5 1 2 4 1
20141204 10 2 7 4 2 5
20141204 11 7 9 3 5 6
20141205 1 6 9 1 5 6
20141205 2 2 1 7 2 1
20141205 3 3 2 8 3 2
20141205 4 2 3 7 2 3
20141205 5 2 1 5 2 1
20141205 6 1 7 3 1 5
20141205 7 7 4 1 5 4
20141205 8 5 1 4 4 1
20141205 9 1 2 4 1 2
20141205 10 5 6 1 4 5
20141205 11 3 9 2 3 6
20141221 1 1 3 5 1 3
20141221 2 5 4 7 4 4
20141221 3 9 2 7 6 2
20141221 4 5 7 2 4 5
20141221 5 3 1 5 3 1
20141221 6 3 4 5 3 4
20141221 7 9 5 2 6 4
20141221 8 2 5 3 2 4
20141221 9 1 5 2 1 4
20141221 10 5 3 7 4 3
20141221 11 1 7 6 1 5
20141222 1 2 4 9 2 4
20141222 2 7 1 2 5 1
20141222 3 5 8 9 4 6
20141222 4 3 1 9 3 1
20141222 5 7 1 6 5 1
20141222 6 1 5 4 1 4
20141222 7 2 9 3 2 6
20141222 8 7 2 1 5 2
20141222 9 9 1 3 6 1
20141222 10 1 6 5 1 5
20141222 11 1 5 9 1 4
20141223 1 5 3 4 4 3
20141223 2 1 3 5 1 3
20141223 3 2 9 7 2 6
20141223 4 9 1 7 6 1
20141223 5 7 1 9 5 1
20141223 6 7 5 2 5 4
20141223 7 2 7 5 2 5
20141223 8 1 5 9 1 4
20141223 9 3 9 5 3 6
20141223 10 7 3 1 5 3
20141223 11 1 5 8 1 4
20150124 1 2 4 5 0 0
20150124 2 4 1 2 0 0
20150124 3 7 6 3 0 0
20150124 4 1 4 6 0 0
20150124 5 7 3 5 0 0
20150124 6 2 7 5 0 0
20150124 7 7 1 4 0 0
20150124 8 4 9 2 4 6
20150124 9 1 9 7 1 6
20150124 10 3 7 8 3 5
20150124 11 9 1 5 6 1
20150124 12 3 7 6 3 5
20150125 1 2 1 4 0 0
20150125 2 4 1 2 0 0
20150125 3 5 3 6 0 0
20150125 4 4 2 5 0 0
20150125 5 1 3 6 0 0
20150125 6 6 7 3 0 0
20150125 7 4 3 5 0 0
20150125 8 2 5 1 2 4
20150125 9 3 5 6 3 4
20150125 10 2 9 3 2 6
20150125 11 7 9 1 5 6
20150125 12 1 3 2 1 3
20150126 1 2 5 3 0 0
20150126 2 3 7 5 0 0
20150126 3 1 5 2 0 0
20150126 4 5 1 7 0 0
20150126 5 5 2 6 0 0
20150126 6 5 3 8 4 3
20150126 7 9 1 7 6 1
20150126 8 7 2 4 5 2
20150126 9 7 1 3 5 1
20150126 10 6 7 1 0 0
20150126 11 1 7 3 0 0
20150126 12 2 6 5 2 5
20150209 1 5 1 4 0 0
20150209 2 7 2 6 0 0
20150209 3 3 4 7 0 0
20150209 4 7 4 1 0 0
20150209 5 7 1 5 0 0
20150209 6 8 2 1 6 2
20150209 7 9 7 1 6 5
20150209 8 9 5 6 6 4
20150209 9 3 2 6 3 2
20150209 10 9 1 6 6 1
20150210 1 5 7 1 0 0
20150210 2 2 1 3 0 0
20150210 3 7 2 1 0 0
20150210 4 1 7 5 0 0
20150210 5 3 2 7 0 0
20150210 6 8 5 1 6 4
20150210 7 3 1 8 3 1
20150210 8 4 9 2 4 6
20150210 9 1 9 7 1 6
20150210 10 9 7 2 6 5
20150211 1 1 7 3 0 0
20150211 2 2 3 5 0 0
20150211 3 5 4 7 0 0
20150211 4 4 7 1 0 0
20150211 5 3 4 5 0 0
20150211 6 9 7 2 6 5
20150211 7 9 7 8 6 5
20150211 8 3 2 8 3 2
20150211 9 4 7 3 4 5
20150211 10 7 5 3 5 4
20150228 1 5 9 4 4 6
20150228 2 9 7 4 6 5
20150228 3 5 7 2 4 5
20150228 4 7 9 5 5 6
20150228 5 4 2 7 4 2
20150228 6 7 4 1 0 0
20150228 7 5 4 3 0 0
20150228 8 5 3 7 4 3
20150228 9 3 5 1 3 4
20150228 10 3 6 9 3 5
20150228 11 1 2 3 1 2
20150228 12 9 1 3 6 1
20150301 1 8 3 2 6 3
20150301 2 5 7 3 4 5
20150301 3 9 5 4 6 4
20150301 4 6 5 7 5 4
20150301 5 9 1 6 6 1
20150301 6 1 3 2 0 0
20150301 7 2 3 1 0 0
20150301 8 2 9 7 2 6
20150301 9 9 3 2 6 3
20150301 10 4 7 1 4 5
20150301 11 5 7 3 4 5
20150301 12 1 2 9 1 2
20150302 1 4 1 8 4 1
20150302 2 3 7 1 3 5
20150302 3 4 5 1 4 4
20150302 4 2 5 7 2 4
20150302 5 1 4 6 0 0
20150302 6 3 4 8 3 4
20150302 7 8 1 5 6 1
20150302 8 2 7 1 2 5
20150302 9 7 1 4 5 1
20150302 10 4 2 3 0 0
20150302 11 8 2 9 6 2
20150302 12 3 9 2 3 6
20150314 1 1 5 7 0 0
20150314 2 3 7 2 0 0
20150314 3 4 1 7 0 0
20150314 4 1 4 6 0 0
20150314 5 4 1 2 0 0
20150314 6 2 9 5 2 6
20150314 7 3 9 5 3 6
20150314 8 7 3 1 5 3
20150314 9 5 4 1 4 4
20150314 10 5 4 2 4 4
20150315 1 2 1 3 0 0
20150315 2 5 1 2 0 0
20150315 3 5 7 3 0 0
20150315 4 3 4 6 0 0
20150315 5 7 5 1 0 0
20150315 6 4 8 1 4 6
20150315 7 4 7 5 4 5
20150315 8 5 8 9 4 6
20150315 9 3 7 1 3 5
20150315 10 2 7 4 2 5
20150316 1 3 1 5 0 0
20150316 2 2 7 1 0 0
20150316 3 6 2 3 0 0
20150316 4 1 3 4 0 0
20150316 5 4 7 6 0 0
20150316 6 9 1 4 6 1
20150316 7 1 5 8 1 4
20150316 8 5 7 1 4 5
20150316 9 1 9 7 1 6
20150316 10 4 9 6 4 6
20150409 1 9 1 8 6 1
20150409 2 7 9 3 5 6
20150409 3 5 7 1 4 5
20150409 4 2 9 7 2 6
20150409 5 7 9 3 5 6
20150409 6 5 9 2 4 6
20150409 7 3 5 2 3 4
20150409 8 5 1 6 4 1
20150409 9 5 3 1 4 3
20150409 10 5 2 8 4 2
20150409 11 1 7 8 1 5
20150409 12 7 1 3 5 1
20150410 1 4 7 9 4 5
20150410 2 1 5 2 1 4
20150410 3 9 3 5 6 3
20150410 4 7 2 9 5 2
20150410 5 6 5 4 5 4
20150410 6 9 5 7 6 4
20150410 7 9 2 8 6 2
20150410 8 1 5 3 1 4
20150410 9 3 1 6 3 1
20150410 10 4 3 5 4 3
20150410 11 7 1 8 5 1
20150410 12 5 1 2 4 1
20150411 1 7 1 3 5 1
20150411 2 5 2 1 4 2
20150411 3 1 7 5 1 5
20150411 4 9 2 3 6 2
20150411 5 2 9 7 2 6
20150411 6 1 9 8 1 6
20150411 7 5 2 6 4 2
20150411 8 9 2 8 6 2
20150411 9 3 5 7 3 4
20150411 10 2 3 7 2 3
20150411 11 1 9 2 1 6
20150411 12 3 4 7 3 4
20150412 1 8 2 1 6 2
20150412 2 7 9 4 5 6
20150412 3 9 5 1 6 4
20150412 4 1 9 5 1 6
20150412 5 3 8 2 3 6
20150412 6 2 1 8 2 1
20150412 7 1 5 3 1 4
20150412 8 5 4 1 4 4
20150412 9 9 5 7 6 4
20150412 10 7 5 1 5 4
20150412 11 3 5 6 3 4
20150412 12 1 2 3 1 2
20150515 1 5 2 1 0 0
20150515 2 1 5 2 0 0
20150515 3 2 6 1 0 0
20150515 4 7 3 5 0 0
20150515 5 4 1 7 0 0
20150515 6 9 7 1 6 5
20150515 7 1 7 9 1 5
20150515 8 2 4 9 2 4
20150515 9 1 5 9 1 4
20150515 10 4 3 9 4 3
20150516 1 7 2 3 0 0
20150516 2 1 5 7 0 0
20150516 3 3 4 7 0 0
20150516 4 4 1 6 0 0
20150516 5 1 7 4 0 0
20150516 6 2 5 3 2 4
20150516 7 9 5 2 6 4
20150516 8 9 3 1 6 3
20150516 9 5 1 7 4 1
20150516 10 2 5 7 2 4
20150517 1 2 6 1 0 0
20150517 2 1 5 3 0 0
20150517 3 5 2 7 0 0
20150517 4 5 6 3 0 0
20150517 5 1 7 3 0 0
20150517 6 1 3 9 1 3
20150517 7 1 2 6 1 2
20150517 8 3 2 7 3 2
20150517 9 1 9 2 1 6
20150517 10 1 2 9 1 2
20150603 1 5 3 2 4 3
20150603 2 5 1 7 4 1
20150603 3 2 7 1 2 5
20150603 4 7 2 5 5 2
20150603 5 3 9 2 3 6
20150603 6 7 1 9 5 1
20150603 7 2 5 1 2 4
20150603 8 3 9 1 3 6
20150603 9 5 6 3 4 5
20150603 10 1 3 8 1 3
20150603 11 3 7 1 3 5
20150604 1 3 4 1 3 4
20150604 2 5 6 4 4 5
20150604 3 4 1 5 4 1
20150604 4 7 6 5 5 5
20150604 5 2 5 9 2 4
20150604 6 1 2 5 1 2
20150604 7 1 5 9 1 4
20150604 8 3 7 9 3 5
20150604 9 9 1 2 6 1
20150604 10 2 3 8 2 3
20150604 11 1 3 7 1 3
20150605 1 2 7 3 2 5
20150605 2 9 3 7 6 3
20150605 3 9 4 1 6 4
20150605 4 4 7 9 4 5
20150605 5 4 1 9 4 1
20150605 6 7 1 2 5 1
20150605 7 3 4 1 3 4
20150605 8 9 5 1 6 4
20150605 9 5 7 2 4 5
20150605 10 4 8 9 4 6
20150605 11 3 5 4 3 4
20150713 1 1 6 3 0 0
20150713 2 1 7 6 0 0
20150713 3 4 2 5 0 0
20150713 4 5 2 3 0 0
20150713 5 4 7 3 0 0
20150713 6 7 3 5 5 3
20150713 7 4 7 1 4 5
20150713 8 3 7 9 3 5
20150713 9 2 1 5 2 1
20150713 10 9 2 1 6 2
20150714 1 7 1 4 0 0
20150714 2 6 1 3 0 0
20150714 3 5 1 4 0 0
20150714 4 4 6 7 0 0
20150714 5 5 2 7 0 0
20150714 6 2 5 3 2 4
20150714 7 8 2 5 6 2
20150714 8 4 8 5 4 6
20150714 9 9 1 3 6 1
20150714 10 3 5 7 3 4
20150715 1 6 2 4 0 0
20150715 2 4 3 5 0 0
20150715 3 6 4 5 0 0
20150715 4 4 3 1 0 0
20150715 5 2 3 7 0 0
20150715 6 5 3 2 5 3
20150715 7 4 3 5 4 3
20150715 8 2 7 4 2 5
20150715 9 8 1 5 6 1
20150715 10 7 3 4 5 3
