20111216 1 5 3 9 4 3
20111216 2 1 3 9 1 3
20111216 3 9 2 7 6 2
20111216 4 5 2 3 4 2
20111216 5 5 3 7 4 3
20111216 6 3 9 6 3 6
20111216 7 1 7 3 1 5
20111216 8 7 2 9 5 2
20111216 9 2 3 9 2 3
20111216 10 1 9 5 1 6
20111216 11 7 2 5 5 2
20111216 12 1 9 3 1 6
20111217 1 9 5 2 6 4
20111217 2 7 9 2 5 6
20111217 3 4 5 8 4 4
20111217 4 8 3 7 6 3
20111217 5 4 1 8 4 1
20111217 6 1 2 6 1 2
20111217 7 2 1 8 2 1
20111217 8 2 4 7 2 4
20111217 9 3 5 8 3 4
20111217 10 2 4 1 2 4
20111217 11 5 3 4 4 3
20111217 12 7 1 2 5 1
20111218 1 1 6 2 1 5
20111218 2 8 2 7 6 2
20111218 3 9 7 2 6 5
20111218 4 1 7 2 1 5
20111218 5 2 7 3 2 5
20111218 6 5 2 4 4 2
20111218 7 2 4 3 2 4
20111218 8 1 9 6 1 6
20111218 9 1 9 4 1 6
20111218 10 1 9 5 1 6
20111218 11 8 3 2 6 3
20111218 12 9 2 5 6 2
20111223 1 1 7 9 1 5
20111223 2 8 5 2 6 4
20111223 3 5 9 7 4 6
20111223 4 9 2 3 6 2
20111223 5 7 9 4 5 6
20111223 6 3 8 1 3 6
20111223 7 3 1 7 3 1
20111223 8 7 1 9 5 1
20111223 9 7 3 5 5 3
20111223 10 5 3 7 4 3
20111223 11 9 2 5 6 2
20111223 12 6 4 7 5 4
20111224 1 1 3 7 1 3
20111224 2 1 5 3 1 4
20111224 3 7 3 2 5 3
20111224 4 9 7 5 6 5
20111224 5 5 4 9 4 4
20111224 6 9 7 1 6 5
20111224 7 8 4 3 6 4
20111224 8 7 1 5 5 1
20111224 9 2 1 7 2 1
20111224 10 2 3 4 2 3
20111224 11 3 6 8 3 5
20111224 12 3 2 5 3 2
20111225 1 7 1 3 6 1
20111225 2 5 4 2 5 4
20111225 3 1 6 2 1 5
20111225 4 6 1 7 5 1
20111225 5 5 3 9 4 3
20111225 6 7 8 5 5 6
20111225 7 5 2 4 4 2
20111225 8 5 1 4 4 1
20111225 9 5 1 9 4 1
20111225 10 5 3 6 4 3
20111225 11 3 7 9 3 5
20111225 12 1 8 5 1 6
20120101 1 1 7 4 0 0
20120101 2 7 3 2 0 0
20120101 3 5 2 3 0 0
20120101 4 1 3 5 0 0
20120101 5 1 6 7 0 0
20120101 6 9 5 4 6 4
20120101 7 9 3 5 6 3
20120101 8 2 3 7 2 3
20120101 9 1 9 3 1 6
20120101 10 3 7 1 3 5
20120101 11 3 8 6 3 6
20120102 1 7 3 1 0 0
20120102 2 5 2 1 0 0
20120102 3 3 7 4 0 0
20120102 4 2 1 5 0 0
20120102 5 3 2 5 0 0
20120102 6 3 2 9 3 2
20120102 7 5 3 2 4 3
20120102 8 2 1 7 2 1
20120102 9 9 2 1 6 2
20120102 10 7 1 6 5 1
20120102 11 9 5 1 6 4
20120103 1 5 4 2 0 0
20120103 2 1 3 7 0 0
20120103 3 6 7 3 0 0
20120103 4 7 2 1 0 0
20120103 5 4 2 1 0 0
20120103 6 6 3 9 5 3
20120103 7 7 3 9 5 3
20120103 8 7 8 5 5 6
20120103 9 2 3 4 2 3
20120103 10 2 7 5 2 5
20120103 11 2 9 1 2 6
20120128 1 1 7 3 0 0
20120128 2 2 5 3 0 0
20120128 3 1 3 7 0 0
20120128 4 2 5 3 0 0
20120128 5 7 3 2 0 0
20120128 6 5 9 1 4 6
20120128 7 4 8 3 4 6
20120128 8 1 5 3 1 4
20120128 9 2 7 3 2 5
20120128 10 5 2 9 4 2
20120128 11 3 9 7 3 6
20120129 1 1 2 3 0 0
20120129 2 3 4 1 0 0
20120129 3 1 5 3 0 0
20120129 4 1 3 2 0 0
20120129 5 2 6 7 0 0
20120129 6 9 5 2 6 4
20120129 7 1 2 5 1 2
20120129 8 9 7 3 6 5
20120129 9 7 3 5 5 3
20120129 10 3 7 5 3 5
20120129 11 3 1 9 3 1
20120130 1 1 7 2 0 0
20120130 2 2 3 5 0 0
20120130 3 7 4 2 0 0
20120130 4 1 5 7 0 0
20120130 5 5 3 6 0 0
20120130 6 5 3 4 4 3
20120130 7 7 5 3 5 4
20120130 8 1 5 7 1 4
20120130 9 2 7 5 2 5
20120130 10 3 7 1 3 5
20120130 11 2 3 1 2 3
20120218 1 5 3 2 0 0
20120218 2 3 5 7 0 0
20120218 3 5 3 4 0 0
20120218 4 5 7 1 0 0
20120218 5 3 2 4 0 0
20120218 6 7 1 2 5 1
20120218 7 3 2 8 3 2
20120218 8 2 9 5 2 6
20120218 9 5 1 3 4 1
20120218 10 9 1 2 6 1
20120218 11 2 9 5 2 6
20120219 1 7 1 5 0 0
20120219 2 7 3 2 0 0
20120219 3 1 6 2 0 0
20120219 4 5 1 6 0 0
20120219 5 2 5 1 0 0
20120219 6 2 4 7 2 4
20120219 7 7 2 4 5 2
20120219 8 4 2 7 4 2
20120219 9 3 7 6 3 5
20120219 10 9 1 3 6 1
20120219 11 3 5 2 3 4
20120220 1 1 5 2 0 0
20120220 2 3 2 5 0 0
20120220 3 2 3 1 0 0
20120220 4 5 2 1 0 0
20120220 5 1 5 3 0 0
20120220 6 1 4 6 1 4
20120220 7 7 1 5 5 1
20120220 8 1 6 8 1 5
20120220 9 3 7 4 3 5
20120220 10 4 2 5 4 2
20120220 11 3 4 7 3 4
20120311 1 7 1 5 0 0
20120311 2 2 4 5 0 0
20120311 3 3 4 1 0 0
20120311 4 4 1 6 0 0
20120311 5 5 3 7 0 0
20120311 6 9 7 4 6 5
20120311 7 2 3 5 2 3
20120311 8 3 2 8 3 2
20120311 9 1 7 5 1 5
20120311 10 3 1 9 3 1
20120311 11 3 9 7 3 6
20120312 1 1 7 3 0 0
20120312 2 1 3 7 0 0
20120312 3 7 1 5 0 0
20120312 4 1 5 4 0 0
20120312 5 1 4 5 0 0
20120312 6 2 5 7 2 4
20120312 7 7 5 1 5 4
20120312 8 1 9 3 1 6
20120312 9 2 7 4 2 5
20120312 10 9 2 5 6 2
20120312 11 9 1 4 6 1
20120313 1 7 2 1 0 0
20120313 2 3 7 1 0 0
20120313 3 4 2 5 0 0
20120313 4 6 1 2 0 0
20120313 5 7 1 4 0 0
20120313 6 1 3 8 1 3
20120313 7 1 7 3 1 5
20120313 8 5 1 8 4 1
20120313 9 1 5 7 1 4
20120313 10 5 1 2 4 1
20120313 11 9 6 1 6 5
20120318 1 1 5 9 1 4
20120318 2 7 2 4 5 2
20120318 3 9 1 7 6 1
20120318 4 2 3 7 2 3
20120318 5 3 1 7 3 1
20120318 6 2 8 5 2 6
20120318 7 1 5 6 1 4
20120318 8 9 1 4 6 1
20120318 9 9 3 1 6 3
20120318 10 3 9 5 3 6
20120318 11 5 7 8 4 5
20120318 12 1 2 5 1 2
20120319 1 3 5 7 3 4
20120319 2 1 7 4 1 5
20120319 3 2 6 1 2 5
20120319 4 3 7 5 3 5
20120319 5 9 1 4 6 1
20120319 6 2 4 1 2 4
20120319 7 7 2 5 5 2
20120319 8 1 5 7 1 4
20120319 9 7 8 1 5 6
20120319 10 1 7 5 1 5
20120319 11 1 8 2 1 6
20120319 12 9 7 2 6 5
20120320 1 1 3 9 1 3
20120320 2 4 9 1 4 6
20120320 3 7 2 1 5 2
20120320 4 1 9 3 1 6
20120320 5 1 7 2 1 5
20120320 6 1 3 2 1 3
20120320 7 1 5 6 1 4
20120320 8 9 5 3 6 4
20120320 9 3 5 8 3 4
20120320 10 7 3 1 5 3
20120320 11 3 1 5 3 1
20120320 12 1 2 3 1 2
20120412 1 1 9 2 1 6
20120412 2 1 2 3 1 2
20120412 3 9 1 2 6 1
20120412 4 2 4 3 2 4
20120412 5 3 1 9 3 1
20120412 6 2 3 9 2 3
20120412 7 9 5 3 6 4
20120412 8 1 9 2 1 6
20120412 9 9 2 3 6 2
20120412 10 7 5 2 5 4
20120412 11 7 1 3 5 1
20120412 12 5 4 7 4 4
20120413 1 5 1 9 4 1
20120413 2 5 7 3 4 5
20120413 3 1 9 7 1 6
20120413 4 2 3 7 2 3
20120413 5 1 9 3 1 6
20120413 6 9 1 7 6 1
20120413 7 8 4 9 6 4
20120413 8 7 2 9 5 2
20120413 9 1 2 6 1 2
20120413 10 7 3 1 5 3
20120413 11 2 1 6 2 1
20120413 12 2 7 9 2 5
20120414 1 7 1 5 5 1
20120414 2 7 4 9 5 4
20120414 3 2 5 7 2 4
20120414 4 8 4 9 6 4
20120414 5 5 1 4 4 1
20120414 6 2 7 8 2 5
20120414 7 2 4 5 2 4
20120414 8 2 1 4 2 1
20120414 9 3 5 4 3 4
20120414 10 2 9 1 2 6
20120414 11 5 2 9 4 2
20120414 12 3 9 4 3 6
20120428 1 1 3 4 0 0
20120428 2 2 7 5 0 0
20120428 3 7 5 3 0 0
20120428 4 4 2 1 0 0
20120428 5 2 5 7 0 0
20120428 6 3 5 2 3 4
20120428 7 5 2 9 4 2
20120428 8 7 2 6 5 2
20120428 9 1 4 9 1 4
20120428 10 9 2 7 6 2
20120428 11 1 4 6 1 4
20120429 1 2 4 1 0 0
20120429 2 3 7 2 0 0
20120429 3 2 6 1 0 0
20120429 4 4 7 1 0 0
20120429 5 1 5 2 0 0
20120429 6 9 2 1 6 2
20120429 7 7 4 3 5 4
20120429 8 2 9 4 2 6
20120429 9 7 8 1 5 6
20120429 10 2 5 4 2 4
20120429 11 2 3 9 2 3
20120430 1 5 2 7 0 0
20120430 2 7 2 1 0 0
20120430 3 7 4 3 0 0
20120430 4 7 4 1 0 0
20120430 5 4 7 6 0 0
20120430 6 5 1 3 4 1
20120430 7 2 9 3 2 6
20120430 8 3 5 9 3 4
20120430 9 9 3 2 6 3
20120430 10 7 2 3 5 2
20120430 11 5 6 3 4 5
20120505 1 2 1 5 2 1
20120505 2 1 4 5 1 4
20120505 3 5 2 9 4 2
20120505 4 3 9 1 3 6
20120505 5 9 1 7 6 1
20120505 6 4 9 1 4 6
20120505 7 2 6 7 2 5
20120505 8 3 4 1 3 4
20120505 9 3 7 9 3 5
20120505 10 3 9 1 3 6
20120505 11 2 3 9 2 3
20120505 12 3 4 9 3 4
20120506 1 7 1 5 5 1
20120506 2 3 6 9 3 5
20120506 3 7 3 5 5 3
20120506 4 2 7 4 2 5
20120506 5 3 7 6 3 5
20120506 6 3 1 8 3 1
20120506 7 2 4 3 2 4
20120506 8 7 2 9 5 2
20120506 9 7 9 3 5 6
20120506 10 1 2 6 1 2
20120506 11 5 1 7 4 1
20120506 12 2 9 1 2 6
20120507 1 5 1 4 4 1
20120507 2 7 8 1 5 6
20120507 3 5 1 9 4 1
20120507 4 2 9 3 2 6
20120507 5 5 1 6 4 1
20120507 6 7 4 2 5 4
20120507 7 6 4 2 5 4
20120507 8 1 5 2 1 4
20120507 9 1 5 2 1 4
20120507 10 1 7 9 1 5
20120507 11 3 9 4 3 6
20120507 12 1 3 8 1 3
20120622 1 2 8 5 2 6
20120622 2 9 1 4 6 1
20120622 3 1 7 3 1 5
20120622 4 3 9 1 3 6
20120622 5 3 9 2 3 6
20120622 6 3 4 5 3 4
20120622 7 2 7 3 2 5
20120622 8 5 9 3 4 6
20120622 9 9 3 2 6 3
20120622 10 3 1 8 3 1
20120622 11 1 8 5 1 6
20120622 12 2 4 5 2 4
20120623 1 8 5 2 6 4
20120623 2 9 8 2 6 6
20120623 3 7 1 3 5 1
20120623 4 3 7 9 3 5
20120623 5 1 3 7 1 3
20120623 6 1 9 4 1 6
20120623 7 5 1 3 4 1
20120623 8 1 8 9 1 6
20120623 9 3 9 2 3 6
20120623 10 3 5 4 3 4
20120623 11 2 4 5 2 4
20120623 12 9 1 7 6 1
20120624 1 1 4 9 1 4
20120624 2 3 2 1 3 2
20120624 3 7 5 8 5 4
20120624 4 9 5 6 6 4
20120624 5 2 5 8 2 4
20120624 6 2 8 4 2 6
20120624 7 2 9 3 2 6
20120624 8 3 1 5 3 1
20120624 9 1 3 7 1 3
20120624 10 1 7 5 1 5
20120624 11 3 2 5 3 2
20120624 12 1 5 2 1 4
20120706 1 1 7 5 0 0
20120706 2 2 4 6 0 0
20120706 3 1 3 4 0 0
20120706 4 5 7 6 0 0
20120706 5 7 5 2 0 0
20120706 6 6 4 3 0 0
20120706 7 7 3 6 0 0
20120706 8 9 2 1 6 2
20120706 9 5 7 1 4 5
20120706 10 3 1 7 3 1
20120706 11 7 8 5 5 6
20120706 12 9 8 4 6 6
20120707 1 2 3 5 0 0
20120707 2 4 2 7 0 0
20120707 3 2 5 1 0 0
20120707 4 5 4 3 0 0
20120707 5 2 3 4 0 0
20120707 6 3 4 2 0 0
20120707 7 5 2 4 0 0
20120707 8 1 5 3 1 4
20120707 9 1 9 4 1 6
20120707 10 2 1 9 2 1
20120707 11 5 2 4 4 2
20120707 12 9 1 2 6 1
20120708 1 5 6 3 0 0
20120708 2 4 6 7 0 0
20120708 3 4 2 3 0 0
20120708 4 5 1 7 0 0
20120708 5 7 1 5 0 0
20120708 6 1 2 6 0 0
20120708 7 1 4 5 0 0
20120708 8 7 5 1 5 4
20120708 9 5 1 7 4 1
20120708 10 2 3 7 2 3
20120708 11 5 9 1 4 6
20120708 12 7 4 5 5 4
20120728 1 3 7 1 3 5
20120728 2 5 2 3 4 2
20120728 3 2 8 5 2 6
20120728 4 3 1 4 3 1
20120728 5 9 1 4 6 1
20120728 6 7 3 4 5 3
20120728 7 3 9 5 3 6
20120728 8 9 3 5 6 3
20120728 9 2 8 7 2 6
20120728 10 9 2 7 6 2
20120728 11 8 3 2 6 3
20120729 1 1 7 3 1 5
20120729 2 2 4 1 2 4
20120729 3 2 7 9 2 5
20120729 4 1 6 9 1 5
20120729 5 9 8 1 6 6
20120729 6 1 7 5 1 5
20120729 7 7 3 2 5 3
20120729 8 3 1 9 3 1
20120729 9 2 1 6 2 1
20120729 10 9 8 1 6 6
20120729 11 1 7 4 1 5
20120730 1 8 7 2 6 5
20120730 2 5 1 6 4 1
20120730 3 3 7 9 3 5
20120730 4 7 1 3 5 1
20120730 5 1 3 9 1 3
20120730 6 2 8 4 2 6
20120730 7 2 7 1 2 5
20120730 8 2 9 6 2 6
20120730 9 6 5 1 5 4
20120730 10 9 1 8 6 1
20120730 11 2 9 3 2 6
20120804 1 1 5 2 0 0
20120804 2 2 7 4 0 0
20120804 3 4 2 3 0 0
20120804 4 4 3 7 0 0
20120804 5 5 2 4 0 0
20120804 6 4 6 5 0 0
20120804 7 7 5 1 0 0
20120804 8 1 7 9 1 5
20120804 9 2 7 5 2 5
20120804 10 2 8 7 2 6
20120804 11 9 2 1 6 2
20120804 12 9 3 1 6 3
20120805 1 4 2 5 0 0
20120805 2 1 4 6 0 0
20120805 3 3 5 2 0 0
20120805 4 3 4 6 0 0
20120805 5 3 5 6 0 0
20120805 6 2 1 3 0 0
20120805 7 4 5 1 0 0
20120805 8 9 7 1 6 5
20120805 9 7 1 4 5 1
20120805 10 9 6 2 6 5
20120805 11 7 5 9 5 4
20120805 12 1 9 2 1 6
20120806 1 1 7 5 0 0
20120806 2 1 2 4 0 0
20120806 3 2 5 4 0 0
20120806 4 2 5 1 0 0
20120806 5 2 3 7 0 0
20120806 6 3 5 1 3 4
20120806 7 7 4 8 5 4
20120806 8 5 3 6 0 0
20120806 9 1 3 5 0 0
20120806 10 1 9 7 1 6
20120806 11 5 7 2 4 5
20120806 12 9 7 1 6 5
20120819 1 7 3 1 0 0
20120819 2 3 2 7 0 0
20120819 3 3 1 6 0 0
20120819 4 4 1 2 0 0
20120819 5 5 2 1 0 0
20120819 6 3 6 2 0 0
20120819 7 7 1 3 0 0
20120819 8 5 9 4 4 6
20120819 9 2 6 5 2 5
20120819 10 5 7 3 4 5
20120819 11 2 6 9 2 5
20120819 12 6 4 7 5 4
20120820 1 3 1 7 0 0
20120820 2 3 5 4 0 0
20120820 3 1 2 4 0 0
20120820 4 2 3 7 0 0
20120820 5 3 7 5 0 0
20120820 6 7 5 4 0 0
20120820 7 3 5 4 0 0
20120820 8 8 2 5 6 2
20120820 9 6 7 5 5 5
20120820 10 1 5 2 1 4
20120820 11 9 7 2 6 5
20120820 12 7 9 5 5 6
20120821 1 5 7 3 0 0
20120821 2 4 2 1 0 0
20120821 3 1 7 6 0 0
20120821 4 1 5 6 0 0
20120821 5 2 7 4 0 0
20120821 6 9 2 8 6 2
20120821 7 1 9 7 1 6
20120821 8 4 2 5 0 0
20120821 9 2 6 5 0 0
20120821 10 1 5 9 1 4
20120821 11 3 7 1 3 5
20120821 12 1 7 5 1 5
20120901 1 2 5 7 0 0
20120901 2 2 4 7 0 0
20120901 3 1 3 4 0 0
20120901 4 4 7 5 0 0
20120901 5 5 3 7 0 0
20120901 6 1 5 7 1 4
20120901 7 7 1 5 5 1
20120901 8 3 4 9 3 4
20120901 9 2 4 9 2 4
20120901 10 1 7 3 1 5
20120901 11 4 9 1 4 6
20120902 1 1 7 6 0 0
20120902 2 2 5 4 0 0
20120902 3 7 3 4 0 0
20120902 4 3 1 5 0 0
20120902 5 1 4 3 0 0
20120902 6 5 2 8 4 2
20120902 7 1 9 5 1 6
20120902 8 9 2 3 6 2
20120902 9 3 5 7 3 4
20120902 10 9 4 1 6 4
20120902 11 3 4 1 3 4
20120903 1 4 1 5 0 0
20120903 2 3 5 6 0 0
20120903 3 5 3 2 0 0
20120903 4 4 3 5 0 0
20120903 5 2 6 1 0 0
20120903 6 5 9 1 4 6
20120903 7 5 6 2 4 5
20120903 8 1 4 8 1 4
20120903 9 7 9 1 5 6
20120903 10 1 7 9 1 5
20120903 11 1 7 5 1 5
20120928 1 7 1 4 0 0
20120928 2 2 7 4 0 0
20120928 3 3 4 2 0 0
20120928 4 4 2 5 0 0
20120928 5 5 1 2 0 0
20120928 6 6 1 3 0 0
20120928 7 2 5 7 0 0
20120928 8 1 9 2 1 6
20120928 9 1 3 5 1 3
20120928 10 5 9 3 4 6
20120928 11 1 2 3 1 2
20120928 12 6 2 8 5 2
20120929 1 5 7 4 0 0
20120929 2 5 7 2 0 0
20120929 3 4 1 3 0 0
20120929 4 1 2 5 0 0
20120929 5 3 4 2 0 0
20120929 6 7 3 2 0 0
20120929 7 1 6 5 0 0
20120929 8 7 6 5 5 5
20120929 9 5 9 8 4 6
20120929 10 1 7 9 1 5
20120929 11 2 1 5 2 1
20120929 12 2 4 8 2 4
20121001 1 1 3 4 0 0
20121001 2 3 5 4 0 0
20121001 3 3 7 2 0 0
20121001 4 2 4 1 0 0
20121001 5 7 1 5 0 0
20121001 6 6 2 9 5 2
20121001 7 1 7 6 1 5
20121001 8 4 6 2 0 0
20121001 9 5 1 2 0 0
20121001 10 7 4 3 5 4
20121001 11 1 7 9 1 5
20121001 12 1 3 7 1 3
20121015 1 9 3 1 6 3
20121015 2 3 7 9 3 5
20121015 3 3 5 9 3 4
20121015 4 3 9 2 3 6
20121015 5 4 2 1 4 2
20121015 6 4 3 6 0 0
20121015 7 4 1 2 0 0
20121015 8 2 3 1 2 3
20121015 9 5 1 2 4 1
20121015 10 7 8 3 5 6
20121015 11 9 4 8 6 4
20121015 12 3 1 9 3 1
20121016 1 9 2 4 6 2
20121016 2 8 2 9 6 2
20121016 3 1 8 9 1 6
20121016 4 5 3 7 4 3
20121016 5 5 3 8 4 3
20121016 6 1 5 7 0 0
20121016 7 3 4 1 0 0
20121016 8 2 7 5 2 5
20121016 9 9 5 3 6 4
20121016 10 1 3 5 1 3
20121016 11 5 9 3 4 6
20121016 12 9 5 3 6 4
20121017 1 5 9 1 4 6
20121017 2 8 1 5 6 1
20121017 3 3 1 7 3 1
20121017 4 9 1 7 6 1
20121017 5 5 7 1 0 0
20121017 6 5 2 7 4 2
20121017 7 7 3 5 5 3
20121017 8 2 4 8 2 4
20121017 9 9 1 5 6 1
20121017 10 7 1 2 0 0
20121017 11 6 1 5 5 1
20121017 12 3 2 9 3 2
20121025 1 5 1 3 0 0
20121025 2 5 2 7 0 0
20121025 3 3 1 5 0 0
20121025 4 4 5 3 0 0
20121025 5 5 2 4 0 0
20121025 6 2 3 4 2 3
20121025 7 2 7 5 2 5
20121025 8 3 7 1 3 5
20121025 9 2 5 7 2 4
20121025 10 9 5 1 6 4
20121025 11 5 2 6 4 2
20121026 1 1 2 4 0 0
20121026 2 3 5 1 0 0
20121026 3 7 5 2 0 0
20121026 4 1 4 5 0 0
20121026 5 3 1 5 0 0
20121026 6 2 3 1 2 3
20121026 7 9 2 1 6 2
20121026 8 1 5 2 1 4
20121026 9 5 1 2 4 1
20121026 10 9 5 1 6 4
20121026 11 9 3 4 6 3
20121027 1 1 2 3 0 0
20121027 2 3 7 1 0 0
20121027 3 5 2 3 0 0
20121027 4 1 2 4 0 0
20121027 5 7 2 5 0 0
20121027 6 9 1 5 6 1
20121027 7 7 8 2 5 6
20121027 8 9 2 1 6 2
20121027 9 7 2 1 5 2
20121027 10 7 1 9 5 1
20121027 11 5 4 1 4 4
20121101 1 4 7 1 0 0
20121101 2 2 5 7 0 0
20121101 3 7 3 2 0 0
20121101 4 2 4 5 0 0
20121101 5 7 5 1 0 0
20121101 6 9 3 7 6 3
20121101 7 7 2 1 5 2
20121101 8 2 3 4 2 3
20121101 9 2 8 5 2 6
20121101 10 9 1 6 6 1
20121101 11 2 4 9 2 4
20121102 1 1 5 3 0 0
20121102 2 1 3 5 0 0
20121102 3 6 1 5 0 0
20121102 4 2 4 5 0 0
20121102 5 1 3 4 0 0
20121102 6 9 7 2 6 5
20121102 7 9 5 3 6 4
20121102 8 2 5 1 2 4
20121102 9 7 1 9 5 1
20121102 10 3 1 6 3 1
20121102 11 3 7 1 3 5
20121103 1 1 7 6 0 0
20121103 2 3 5 1 0 0
20121103 3 7 3 1 0 0
20121103 4 5 4 2 0 0
20121103 5 6 3 7 0 0
20121103 6 3 9 7 3 6
20121103 7 7 3 5 5 3
20121103 8 5 3 7 4 3
20121103 9 9 5 1 6 4
20121103 10 7 3 1 5 3
20121103 11 1 7 9 1 5
20121117 1 3 9 5 3 6
20121117 2 1 9 3 1 6
20121117 3 3 7 6 3 5
20121117 4 9 5 4 6 4
20121117 5 7 1 3 5 1
20121117 6 6 4 2 0 0
20121117 7 2 6 3 0 0
20121117 8 2 9 4 2 6
20121117 9 5 6 1 4 5
20121117 10 9 3 7 6 3
20121117 11 1 9 7 1 6
20121117 12 1 7 9 1 5
20121118 1 2 5 1 2 4
20121118 2 9 1 3 6 1
20121118 3 1 3 7 1 3
20121118 4 9 5 7 6 4
20121118 5 1 7 4 1 5
20121118 6 1 7 3 0 0
20121118 7 5 7 3 0 0
20121118 8 1 3 2 1 3
20121118 9 2 8 9 2 6
20121118 10 7 3 1 5 3
20121118 11 1 9 3 1 6
20121118 12 5 1 2 4 1
20121119 1 5 9 1 4 6
20121119 2 5 3 9 4 3
20121119 3 5 1 9 4 1
20121119 4 1 9 4 1 6
20121119 5 7 6 1 0 0
20121119 6 3 1 9 3 1
20121119 7 1 9 2 1 6
20121119 8 1 9 5 1 6
20121119 9 3 6 2 3 5
20121119 10 3 1 2 0 0
20121119 11 5 3 8 4 3
20121119 12 9 5 1 6 4
20121228 1 1 3 5 1 3
20121228 2 3 5 9 3 4
20121228 3 9 2 8 6 2
20121228 4 1 5 3 1 4
20121228 5 1 8 2 1 6
20121228 6 1 7 9 1 5
20121228 7 5 3 8 4 3
20121228 8 9 2 3 6 2
20121228 9 3 2 9 3 2
20121228 10 2 1 5 2 1
20121228 11 1 2 4 0 0
20121229 1 1 7 3 1 5
20121229 2 2 3 5 2 3
20121229 3 3 9 7 3 6
20121229 4 2 3 1 2 3
20121229 5 5 9 2 4 6
20121229 6 5 9 3 4 6
20121229 7 3 5 9 3 4
20121229 8 2 3 8 2 3
20121229 9 3 7 4 3 5
20121229 10 5 9 7 4 6
20121229 11 9 5 7 6 4
20121230 1 9 5 7 6 4
20121230 2 3 5 1 3 4
20121230 3 5 7 1 4 5
20121230 4 5 8 2 4 6
20121230 5 7 3 1 5 3
20121230 6 2 1 7 2 1
20121230 7 5 2 3 4 2
20121230 8 5 9 1 4 6
20121230 9 3 4 5 3 4
20121230 10 9 5 7 6 4
20121230 11 4 3 8 4 3
20130126 1 3 9 7 3 6
20130126 2 3 9 4 3 6
20130126 3 5 3 9 4 3
20130126 4 4 1 7 4 1
20130126 5 8 4 2 6 4
20130126 6 2 5 9 2 4
20130126 7 3 4 7 3 4
20130126 8 5 1 2 4 1
20130126 9 1 2 4 1 2
20130126 10 9 2 4 6 2
20130126 11 1 9 2 1 6
20130127 1 8 5 3 6 4
20130127 2 5 2 9 4 2
20130127 3 1 2 8 1 2
20130127 4 5 1 8 4 1
20130127 5 3 1 9 3 1
20130127 6 7 1 3 5 1
20130127 7 9 1 3 6 1
20130127 8 3 2 5 3 2
20130127 9 1 4 7 1 4
20130127 10 8 7 4 6 5
20130127 11 4 1 8 4 1
20130128 1 9 2 1 6 2
20130128 2 9 2 3 6 2
20130128 3 7 5 4 5 4
20130128 4 1 5 7 1 4
20130128 5 4 2 7 4 2
20130128 6 7 9 3 5 6
20130128 7 9 5 2 6 4
20130128 8 1 9 4 1 6
20130128 9 2 5 3 2 4
20130128 10 1 2 4 1 2
20130128 11 7 4 3 5 4
20130129 1 3 9 7 3 6
20130129 2 4 9 7 4 6
20130129 3 2 3 4 2 3
20130129 4 1 5 6 1 4
20130129 5 3 2 4 3 2
20130129 6 1 9 7 1 6
20130129 7 7 3 5 5 3
20130129 8 5 1 6 4 1
20130129 9 2 4 5 2 4
20130129 10 3 5 1 3 4
20130129 11 7 3 2 5 3
20130219 1 4 2 1 0 0
20130219 2 2 7 5 0 0
20130219 3 3 1 6 0 0
20130219 4 4 2 1 0 0
20130219 5 5 3 1 0 0
20130219 6 9 6 5 6 5
20130219 7 2 1 9 2 1
20130219 8 5 9 1 4 6
20130219 9 5 2 3 4 2
20130219 10 3 2 4 3 2
20130219 11 6 5 7 5 4
20130220 1 4 7 5 0 0
20130220 2 3 2 4 0 0
20130220 3 3 5 1 0 0
20130220 4 3 2 7 0 0
20130220 5 3 7 5 0 0
20130220 6 3 2 4 3 2
20130220 7 9 2 4 6 2
20130220 8 8 9 2 6 6
20130220 9 5 4 3 4 4
20130220 10 2 7 1 2 5
20130220 11 7 2 3 5 2
20130221 1 1 2 7 0 0
20130221 2 1 2 4 0 0
20130221 3 1 4 3 0 0
20130221 4 6 7 5 0 0
20130221 5 2 5 3 0 0
20130221 6 4 1 2 4 1
20130221 7 1 9 2 1 6
20130221 8 7 3 2 5 3
20130221 9 9 2 3 6 2
20130221 10 5 2 4 4 2
20130221 11 9 1 8 6 1
20130301 1 2 5 9 2 4
20130301 2 2 9 6 2 6
20130301 3 4 1 3 4 1
20130301 4 1 3 5 1 3
20130301 5 4 1 3 4 1
20130301 6 4 1 2 0 0
20130301 7 5 1 2 0 0
20130301 8 2 5 9 2 4
20130301 9 3 5 1 3 4
20130301 10 1 5 2 1 4
20130301 11 2 7 3 2 5
20130301 12 2 8 5 2 6
20130302 1 1 9 3 1 6
20130302 2 5 8 3 4 6
20130302 3 9 3 5 6 3
20130302 4 1 9 2 1 6
20130302 5 2 3 7 2 3
20130302 6 6 1 7 0 0
20130302 7 2 7 3 0 0
20130302 8 2 7 5 2 5
20130302 9 3 2 9 3 2
20130302 10 5 1 3 4 1
20130302 11 1 7 2 1 5
20130302 12 9 3 2 6 3
20130303 1 8 4 7 6 4
20130303 2 1 7 3 1 5
20130303 3 1 5 6 1 4
20130303 4 9 3 4 6 3
20130303 5 1 7 5 0 0
20130303 6 1 9 3 1 6
20130303 7 9 3 5 6 3
20130303 8 2 1 8 2 1
20130303 9 5 1 2 4 1
20130303 10 4 3 5 0 0
20130303 11 5 1 4 4 1
20130303 12 3 8 1 3 6
20130308 1 1 5 7 0 0
20130308 2 7 1 4 0 0
20130308 3 5 2 7 0 0
20130308 4 4 5 2 0 0
20130308 5 5 1 3 0 0
20130308 6 4 1 6 0 0
20130308 7 5 2 4 0 0
20130308 8 2 1 4 2 1
20130308 9 5 7 6 4 5
20130308 10 9 7 1 6 5
20130308 11 1 2 6 1 2
20130308 12 2 9 8 2 6
20130309 1 5 1 2 0 0
20130309 2 1 2 3 0 0
20130309 3 1 7 3 0 0
20130309 4 1 3 4 0 0
20130309 5 1 6 3 0 0
20130309 6 3 1 6 0 0
20130309 7 4 7 1 0 0
20130309 8 1 8 4 1 6
20130309 9 3 1 8 3 1
20130309 10 9 5 2 6 4
20130309 11 1 7 5 1 5
20130309 12 1 8 5 1 6
20130310 1 6 3 1 0 0
20130310 2 1 4 7 0 0
20130310 3 6 1 5 0 0
20130310 4 6 2 4 0 0
20130310 5 1 4 2 0 0
20130310 6 2 8 9 2 6
20130310 7 3 2 7 3 2
20130310 8 5 2 3 0 0
20130310 9 1 5 3 0 0
20130310 10 3 7 1 3 5
20130310 11 2 5 1 2 4
20130310 12 3 7 2 3 5
20130401 1 2 6 4 2 5
20130401 2 9 2 1 6 2
20130401 3 2 3 7 2 3
20130401 4 7 5 8 5 4
20130401 5 5 1 6 4 1
20130401 6 9 3 5 6 3
20130401 7 1 4 5 1 4
20130401 8 7 2 5 5 2
20130401 9 2 7 5 2 5
20130401 10 3 5 9 3 4
20130401 11 1 4 9 1 4
20130402 1 1 5 3 1 4
20130402 2 1 8 5 1 6
20130402 3 9 4 2 6 4
20130402 4 2 9 1 2 6
20130402 5 9 2 6 6 2
20130402 6 9 3 2 6 3
20130402 7 5 1 4 4 1
20130402 8 1 5 2 1 4
20130402 9 7 1 4 5 1
20130402 10 1 3 7 1 3
20130402 11 5 9 3 4 6
20130403 1 4 9 1 4 6
20130403 2 1 3 2 1 3
20130403 3 2 3 7 2 3
20130403 4 1 3 5 1 3
20130403 5 5 9 1 4 6
20130403 6 7 3 2 5 3
20130403 7 2 9 4 2 6
20130403 8 5 9 8 4 6
20130403 9 3 7 2 3 5
20130403 10 1 5 7 1 4
20130403 11 2 1 7 2 1
20130413 1 7 5 4 0 0
20130413 2 4 1 7 0 0
20130413 3 7 3 1 0 0
20130413 4 4 2 3 0 0
20130413 5 2 5 7 0 0
20130413 6 6 2 3 0 0
20130413 7 7 1 4 0 0
20130413 8 7 5 3 5 4
20130413 9 1 9 5 1 6
20130413 10 2 3 9 2 3
20130413 11 3 7 2 3 5
20130413 12 8 5 2 6 4
20130414 1 1 7 2 0 0
20130414 2 3 1 7 0 0
20130414 3 2 5 4 0 0
20130414 4 2 7 3 0 0
20130414 5 5 3 4 0 0
20130414 6 7 5 4 0 0
20130414 7 3 5 4 0 0
20130414 8 5 2 9 4 2
20130414 9 5 8 4 4 6
20130414 10 9 1 5 6 1
20130414 11 2 3 9 2 3
20130414 12 5 1 4 4 1
20130415 1 3 4 5 0 0
20130415 2 5 3 7 0 0
20130415 3 1 4 5 0 0
20130415 4 2 5 3 0 0
20130415 5 4 6 7 0 0
20130415 6 3 4 5 3 4
20130415 7 2 4 5 2 4
20130415 8 3 2 7 0 0
20130415 9 5 3 1 0 0
20130415 10 7 4 5 5 4
20130415 11 1 3 5 1 3
20130415 12 7 9 1 5 6
20130430 1 1 2 4 1 2
20130430 2 3 7 9 3 5
20130430 3 3 9 2 3 6
20130430 4 2 4 5 2 4
20130430 5 3 1 2 3 1
20130430 6 7 1 5 5 1
20130430 7 5 7 8 4 5
20130430 8 4 2 1 4 2
20130430 9 3 9 2 3 6
20130430 10 7 1 2 5 1
20130430 11 9 7 2 6 5
20130501 1 1 5 8 1 4
20130501 2 3 9 1 3 6
20130501 3 5 3 1 4 3
20130501 4 1 3 4 1 3
20130501 5 2 9 3 2 6
20130501 6 5 1 3 4 1
20130501 7 5 9 3 4 6
20130501 8 9 5 3 6 4
20130501 9 7 3 8 5 3
20130501 10 2 1 4 2 1
20130501 11 1 2 9 1 2
20130502 1 5 3 2 4 3
20130502 2 7 2 1 5 2
20130502 3 2 8 7 2 6
20130502 4 7 2 1 5 2
20130502 5 3 9 4 3 6
20130502 6 7 1 3 5 1
20130502 7 5 1 8 4 1
20130502 8 7 2 8 5 2
20130502 9 8 2 9 6 2
20130502 10 5 3 9 4 3
20130502 11 2 7 8 2 5
20130510 1 1 5 4 0 0
20130510 2 3 2 7 0 0
20130510 3 7 4 2 0 0
20130510 4 4 1 7 0 0
20130510 5 7 2 1 0 0
20130510 6 5 1 2 0 0
20130510 7 3 4 5 0 0
20130510 8 1 7 2 1 5
20130510 9 9 7 1 6 5
20130510 10 9 1 3 6 1
20130510 11 1 7 6 1 5
20130510 12 5 8 2 4 6
20130511 1 7 6 5 0 0
20130511 2 2 7 5 0 0
20130511 3 3 4 7 0 0
20130511 4 3 2 4 0 0
20130511 5 3 5 7 0 0
20130511 6 4 6 1 0 0
20130511 7 7 2 1 0 0
20130511 8 9 7 3 6 5
20130511 9 2 9 4 2 6
20130511 10 7 5 1 5 4
20130511 11 1 9 7 1 6
20130511 12 5 9 3 4 6
20130512 1 4 7 2 0 0
20130512 2 5 6 2 0 0
20130512 3 5 2 3 0 0
20130512 4 1 7 2 0 0
20130512 5 7 4 3 0 0
20130512 6 2 7 3 2 5
20130512 7 9 4 8 6 4
20130512 8 1 7 4 0 0
20130512 9 1 3 4 0 0
20130512 10 6 2 9 5 2
20130512 11 4 2 5 4 2
20130512 12 3 7 4 3 5
20130725 1 1 9 3 1 6
20130725 2 3 1 5 3 1
20130725 3 1 9 3 1 6
20130725 4 3 9 1 3 6
20130725 5 3 5 8 3 4
20130725 6 1 9 2 1 6
20130725 7 5 7 3 4 5
20130725 8 2 8 3 2 6
20130725 9 1 9 2 1 6
20130725 10 6 5 4 5 4
20130725 11 4 1 3 4 1
20130726 1 1 2 9 1 2
20130726 2 7 9 4 5 6
20130726 3 3 7 2 3 5
20130726 4 1 2 4 1 2
20130726 5 1 3 7 1 3
20130726 6 1 7 9 1 5
20130726 7 4 5 9 4 4
20130726 8 8 5 9 6 4
20130726 9 5 4 9 4 4
20130726 10 4 3 2 4 3
20130726 11 2 8 4 2 6
20130727 1 1 9 7 1 6
20130727 2 7 4 6 5 4
20130727 3 2 8 9 2 6
20130727 4 9 7 3 6 5
20130727 5 9 2 1 6 2
20130727 6 7 3 2 6 3
20130727 7 3 7 4 3 6
20130727 8 1 7 4 1 5
20130727 9 9 5 2 6 4
20130727 10 6 1 9 5 1
20130727 11 3 9 5 3 6
20130728 1 8 5 7 6 4
20130728 2 5 2 3 4 2
20130728 3 6 2 3 5 2
20130728 4 2 6 4 2 5
20130728 5 5 1 9 4 1
20130728 6 1 4 6 1 4
20130728 7 7 1 9 5 1
20130728 8 3 7 4 3 5
20130728 9 2 5 7 2 4
20130728 10 1 2 4 1 2
20130728 11 1 5 2 1 4
20130815 1 3 4 6 0 0
20130815 2 2 4 7 0 0
20130815 3 3 1 4 0 0
20130815 4 4 1 5 0 0
20130815 5 5 1 7 0 0
20130815 6 6 7 4 0 0
20130815 7 4 5 2 0 0
20130815 8 3 9 5 3 6
20130815 9 2 7 9 2 5
20130815 10 1 9 2 1 6
20130815 11 7 5 2 5 4
20130815 12 9 2 7 6 2
20130816 1 1 4 5 0 0
20130816 2 3 1 2 0 0
20130816 3 7 4 2 0 0
20130816 4 1 4 5 0 0
20130816 5 1 5 7 0 0
20130816 6 1 3 2 0 0
20130816 7 3 2 1 0 0
20130816 8 3 9 1 3 6
20130816 9 4 3 7 4 3
20130816 10 3 7 4 3 5
20130816 11 1 3 5 1 3
20130816 12 3 2 5 3 2
20130817 1 1 5 2 0 0
20130817 2 5 2 1 0 0
20130817 3 7 1 2 0 0
20130817 4 1 4 3 0 0
20130817 5 7 1 3 0 0
20130817 6 9 5 2 6 4
20130817 7 2 5 7 2 4
20130817 8 1 3 6 0 0
20130817 9 1 2 4 0 0
20130817 10 1 5 8 1 4
20130817 11 9 3 2 6 3
20130817 12 4 1 8 4 1
20130831 1 5 1 8 4 1
20130831 2 7 8 2 5 6
20130831 3 3 5 9 3 4
20130831 4 7 1 2 5 1
20130831 5 3 1 7 3 1
20130831 6 2 1 8 2 1
20130831 7 7 1 4 5 1
20130831 8 2 3 6 2 3
20130831 9 7 3 5 5 3
20130831 10 2 5 3 2 4
20130831 11 9 4 3 6 4
20130901 1 3 9 1 3 6
20130901 2 1 3 9 1 3
20130901 3 7 1 3 5 1
20130901 4 5 6 2 4 5
20130901 5 7 1 9 5 1
20130901 6 5 7 8 4 5
20130901 7 6 2 9 5 2
20130901 8 1 6 9 1 5
20130901 9 7 1 2 5 1
20130901 10 3 1 2 3 1
20130901 11 4 3 9 4 3
20130902 1 1 9 6 1 6
20130902 2 5 1 2 4 1
20130902 3 9 1 7 6 1
20130902 4 3 1 5 3 1
20130902 5 8 1 9 6 1
20130902 6 3 4 2 3 4
20130902 7 2 7 4 2 5
20130902 8 5 7 9 4 5
20130902 9 5 6 8 4 5
20130902 10 3 2 8 3 2
20130902 11 1 4 9 1 4
20130912 1 5 1 6 4 1
20130912 2 1 9 7 1 6
20130912 3 3 2 9 3 2
20130912 4 2 7 6 2 5
20130912 5 1 9 3 1 6
20130912 6 2 1 9 2 1
20130912 7 2 4 5 2 4
20130912 8 8 2 1 6 2
20130912 9 7 6 3 5 5
20130912 10 9 1 3 6 1
20130912 11 5 7 2 4 5
20130913 1 7 9 5 5 6
20130913 2 2 5 6 2 4
20130913 3 3 7 1 3 5
20130913 4 5 8 2 4 6
20130913 5 9 1 6 6 1
20130913 6 8 9 7 6 6
20130913 7 4 7 8 4 5
20130913 8 1 2 7 1 2
20130913 9 1 3 6 1 3
20130913 10 2 1 5 2 1
20130914 1 3 8 9 3 6
20130914 2 7 9 8 5 6
20130914 3 5 8 6 4 6
20130914 4 2 1 4 2 1
20130914 5 2 9 3 2 6
20130914 6 5 3 6 4 3
20130914 7 9 5 2 6 4
20130914 8 3 2 9 3 2
20130914 9 3 1 9 3 1
20130914 10 3 9 7 3 6
20130914 11 3 7 8 3 5
20130915 1 5 1 8 4 1
20130915 2 1 2 5 1 2
20130915 3 5 1 8 4 1
20130915 4 8 7 6 6 5
20130915 5 2 7 3 2 5
20130915 6 7 1 3 5 1
20130915 7 4 1 9 4 1
20130915 8 1 7 8 1 5
20130915 9 1 4 6 0 0
20130915 10 1 3 9 1 3
20130915 11 9 7 4 6 5
20130915 12 8 5 7 6 4
20130917 1 7 9 5 5 6
20130917 2 3 5 9 3 4
20130917 3 2 5 3 2 4
20130917 4 1 4 9 1 4
20130917 5 1 9 6 1 6
20130917 6 2 5 7 2 4
20130917 7 1 6 5 1 5
20130917 8 3 9 8 3 6
20130917 9 8 3 9 6 3
20130917 10 1 3 8 1 3
20130917 11 4 9 6 4 6
20131005 1 1 3 2 0 0
20131005 2 7 5 2 0 0
20131005 3 5 3 1 0 0
20131005 4 4 2 7 0 0
20131005 5 5 4 1 0 0
20131005 6 1 9 5 1 6
20131005 7 5 7 9 4 5
20131005 8 9 7 1 6 5
20131005 9 5 3 2 4 3
20131005 10 3 9 4 3 6
20131006 1 1 2 5 0 0
20131006 2 5 1 3 0 0
20131006 3 5 3 2 0 0
20131006 4 5 3 4 0 0
20131006 5 7 5 1 0 0
20131006 6 7 9 5 5 6
20131006 7 8 3 4 6 3
20131006 8 2 1 7 2 1
20131006 9 2 5 7 2 4
20131006 10 5 3 9 4 3
20131007 1 4 2 3 0 0
20131007 2 3 7 1 0 0
20131007 3 7 2 6 0 0
20131007 4 5 2 4 0 0
20131007 5 3 1 5 0 0
20131007 6 9 4 2 6 4
20131007 7 4 2 5 4 2
20131007 8 1 7 9 1 5
20131007 9 1 5 9 1 4
20131007 10 8 3 7 6 3
20131115 1 5 1 7 4 1
20131115 2 5 2 1 4 2
20131115 3 3 7 5 3 5
20131115 4 9 1 7 6 1
20131115 5 1 2 5 1 2
20131115 6 8 3 5 6 3
20131115 7 5 1 3 4 1
20131115 8 9 3 5 6 3
20131115 9 1 9 2 1 6
20131115 10 9 3 2 6 3
20131115 11 1 2 5 1 2
20131116 1 3 5 9 3 4
20131116 2 2 9 4 2 6
20131116 3 5 3 9 4 3
20131116 4 8 7 4 6 5
20131116 5 1 2 4 1 2
20131116 6 5 3 9 4 3
20131116 7 2 5 1 2 4
20131116 8 5 2 4 4 2
20131116 9 2 3 8 2 3
20131116 10 7 2 8 5 2
20131116 11 4 2 3 4 2
20131117 1 5 2 7 4 2
20131117 2 5 3 7 4 3
20131117 3 7 3 4 5 3
20131117 4 2 1 9 2 1
20131117 5 2 3 1 2 3
20131117 6 1 7 6 1 5
20131117 7 2 4 3 2 4
20131117 8 7 1 5 5 1
20131117 9 2 8 1 2 6
20131117 10 7 8 2 5 6
20131117 11 3 9 1 3 6
20131118 1 3 2 5 3 2
20131118 2 7 3 4 5 3
20131118 3 2 7 9 2 5
20131118 4 2 9 5 2 6
20131118 5 1 5 4 1 4
20131118 6 6 5 1 5 5
20131118 7 4 7 2 4 6
20131118 8 5 1 7 4 1
20131118 9 5 1 7 4 1
20131118 10 3 5 2 3 4
20131118 11 1 9 2 1 6
20131122 1 3 7 1 0 0
20131122 2 3 4 1 0 0
20131122 3 3 7 1 0 0
20131122 4 4 2 3 0 0
20131122 5 4 3 5 0 0
20131122 6 1 7 8 1 5
20131122 7 1 7 5 1 5
20131122 8 9 5 3 6 4
20131122 9 3 9 1 3 6
20131122 10 5 7 4 4 5
20131123 1 1 2 5 0 0
20131123 2 4 2 7 0 0
20131123 3 7 4 2 0 0
20131123 4 1 2 5 0 0
20131123 5 4 2 5 0 0
20131123 6 9 1 3 6 1
20131123 7 3 8 4 3 6
20131123 8 1 8 5 1 6
20131123 9 3 1 2 3 1
20131123 10 1 9 5 1 6
20131124 1 1 3 4 0 0
20131124 2 2 5 3 0 0
20131124 3 4 1 2 0 0
20131124 4 6 4 2 0 0
20131124 5 7 3 4 0 0
20131124 6 9 2 1 6 2
20131124 7 7 2 1 5 2
20131124 8 3 7 9 3 5
20131124 9 3 8 4 3 6
20131124 10 3 7 5 3 5
20131206 1 1 4 7 0 0
20131206 2 5 2 7 0 0
20131206 3 3 2 7 0 0
20131206 4 4 7 2 0 0
20131206 5 5 2 3 0 0
20131206 6 3 1 8 3 1
20131206 7 5 2 9 4 2
20131206 8 3 5 1 3 4
20131206 9 7 4 3 5 4
20131206 10 3 2 8 3 2
20131207 1 1 5 3 0 0
20131207 2 7 1 2 0 0
20131207 3 4 5 3 0 0
20131207 4 1 7 5 0 0
20131207 5 1 3 4 0 0
20131207 6 9 5 1 6 4
20131207 7 6 1 2 5 1
20131207 8 1 8 3 1 6
20131207 9 3 1 7 3 1
20131207 10 5 1 2 4 1
20131208 1 1 5 2 0 0
20131208 2 2 3 1 0 0
20131208 3 5 3 4 0 0
20131208 4 3 1 2 0 0
20131208 5 3 6 2 0 0
20131208 6 1 7 2 1 5
20131208 7 1 3 7 1 3
20131208 8 1 3 9 1 3
20131208 9 1 6 9 1 5
20131208 10 1 3 2 1 3
20140101 1 2 6 7 2 5
20140101 2 9 2 4 6 2
20140101 3 1 7 3 1 5
20140101 4 9 1 4 6 1
20140101 5 9 7 2 6 5
20140101 6 5 3 9 4 3
20140101 7 1 7 3 1 5
20140101 8 9 5 7 6 4
20140101 9 2 1 3 2 1
20140101 10 3 5 6 3 4
20140101 11 1 2 7 1 2
20140102 1 1 9 7 1 6
20140102 2 5 7 1 4 5
20140102 3 1 2 5 1 2
20140102 4 9 7 1 6 5
20140102 5 9 3 7 6 3
20140102 6 1 2 8 1 2
20140102 7 1 5 4 1 5
20140102 8 5 8 7 4 6
20140102 9 4 3 2 4 3
20140102 10 5 1 7 4 1
20140102 11 2 3 9 2 3
20140103 1 6 9 2 5 6
20140103 2 3 2 9 3 2
20140103 3 7 1 2 5 1
20140103 4 3 6 1 3 5
20140103 5 5 2 4 4 2
20140103 6 4 6 7 4 6
20140103 7 4 3 7 4 3
20140103 8 5 1 7 4 1
20140103 9 4 1 7 4 1
20140103 10 3 1 7 3 1
20140103 11 1 2 9 1 2
20140124 1 4 3 6 0 0
20140124 2 2 1 4 0 0
20140124 3 7 4 3 0 0
20140124 4 5 6 4 0 0
20140124 5 4 1 5 0 0
20140124 6 6 2 3 0 0
20140124 7 7 1 3 0 0
20140124 8 5 2 4 4 2
20140124 9 1 2 5 1 2
20140124 10 5 1 2 4 1
20140124 11 1 9 4 1 6
20140124 12 5 3 2 4 3
20140125 1 3 4 1 0 0
20140125 2 2 4 7 0 0
20140125 3 2 5 1 0 0
20140125 4 5 2 7 0 0
20140125 5 5 1 7 0 0
20140125 6 4 6 7 0 0
20140125 7 3 1 6 0 0
20140125 8 4 1 3 4 1
20140125 9 1 9 4 1 6
20140125 10 7 2 1 5 2
20140125 11 9 1 7 6 1
20140125 12 1 7 3 1 5
20140126 1 5 1 4 0 0
20140126 2 2 5 6 0 0
20140126 3 6 1 7 0 0
20140126 4 2 5 4 0 0
20140126 5 2 1 4 0 0
20140126 6 1 8 3 1 6
20140126 7 7 9 1 5 6
20140126 8 1 4 3 0 0
20140126 9 3 4 7 0 0
20140126 10 5 3 4 4 3
20140126 11 9 1 2 6 1
20140126 12 2 6 5 2 5
20140219 1 7 1 6 5 1
20140219 2 6 9 7 5 6
20140219 3 3 8 7 3 6
20140219 4 3 9 1 3 6
20140219 5 1 7 3 1 5
20140219 6 6 5 2 5 4
20140219 7 2 5 8 2 4
20140219 8 3 2 4 3 2
20140219 9 3 1 9 3 1
20140219 10 1 7 5 1 5
20140219 11 5 9 3 4 6
20140220 1 5 1 7 4 1
20140220 2 3 7 8 3 5
20140220 3 3 5 7 3 4
20140220 4 1 7 2 1 5
20140220 5 1 7 3 1 5
20140220 6 5 9 1 4 6
20140220 7 5 3 1 4 3
20140220 8 7 8 9 5 6
20140220 9 7 9 2 5 6
20140220 10 2 3 5 2 3
20140220 11 1 7 5 1 5
20140221 1 1 5 3 1 4
20140221 2 9 1 3 6 1
20140221 3 1 9 4 1 6
20140221 4 7 5 2 5 4
20140221 5 9 2 4 6 2
20140221 6 3 7 8 3 5
20140221 7 5 1 3 4 1
20140221 8 9 4 2 6 4
20140221 9 5 1 3 4 1
20140221 10 7 1 9 5 1
20140221 11 7 8 9 5 6
20140311 1 7 1 5 0 0
20140311 2 7 2 5 0 0
20140311 3 3 1 5 0 0
20140311 4 4 1 6 0 0
20140311 5 5 7 3 0 0
20140311 6 5 6 2 4 5
20140311 7 2 7 8 2 5
20140311 8 5 1 3 4 1
20140311 9 2 3 9 2 3
20140311 10 4 9 3 4 6
20140312 1 1 3 4 0 0
20140312 2 7 2 6 0 0
20140312 3 3 5 1 0 0
20140312 4 4 5 1 0 0
20140312 5 2 5 7 0 0
20140312 6 2 1 7 2 1
20140312 7 9 2 3 6 2
20140312 8 1 2 9 1 2
20140312 9 9 3 5 6 3
20140312 10 1 8 3 1 6
20140313 1 2 7 1 0 0
20140313 2 5 4 7 0 0
20140313 3 3 4 7 0 0
20140313 4 2 5 7 0 0
20140313 5 1 7 5 0 0
20140313 6 5 3 9 4 3
20140313 7 7 2 4 5 2
20140313 8 1 7 3 1 5
20140313 9 1 2 7 1 2
20140313 10 9 7 5 6 5
20140321 1 5 7 1 0 0
20140321 2 4 2 5 0 0
20140321 3 3 5 1 0 0
20140321 4 4 7 1 0 0
20140321 5 5 7 6 0 0
20140321 6 6 2 4 0 0
20140321 7 7 6 5 0 0
20140321 8 7 3 9 5 3
20140321 9 9 5 6 6 4
20140321 10 4 5 9 4 4
20140321 11 7 9 3 5 6
20140321 12 3 8 7 3 6
20140322 1 5 1 2 0 0
20140322 2 1 5 3 0 0
20140322 3 3 7 1 0 0
20140322 4 4 3 6 0 0
20140322 5 4 3 1 0 0
20140322 6 2 1 5 0 0
20140322 7 2 3 5 0 0
20140322 8 7 4 9 5 4
20140322 9 8 2 6 6 2
20140322 10 1 3 9 1 3
20140322 11 3 9 2 3 6
20140322 12 3 2 5 3 2
20140323 1 2 3 5 0 0
20140323 2 1 7 5 0 0
20140323 3 7 1 5 0 0
20140323 4 4 7 5 0 0
20140323 5 1 7 5 0 0
20140323 6 7 9 1 5 6
20140323 7 1 5 2 1 4
20140323 8 7 5 1 0 0
20140323 9 3 6 1 0 0
20140323 10 3 1 7 3 1
20140323 11 2 1 5 2 1
20140323 12 3 9 4 3 6
20140426 1 7 3 1 0 0
20140426 2 2 7 1 0 0
20140426 3 5 3 1 0 0
20140426 4 2 5 4 0 0
20140426 6 6 2 1 0 0
20140426 7 3 7 1 0 0
20140426 8 3 9 2 3 6
20140426 9 9 2 3 6 2
20140426 10 1 9 5 1 6
20140426 11 1 9 2 1 6
20140426 12 5 1 9 4 1
20140427 1 2 1 5 0 0
20140427 2 4 7 1 0 0
20140427 3 4 5 3 0 0
20140427 4 6 1 7 0 0
20140427 5 4 2 3 0 0
20140427 6 6 5 1 0 0
20140427 7 4 1 2 0 0
20140427 8 5 2 3 4 2
20140427 9 7 9 1 5 6
20140427 10 9 5 1 6 4
20140427 11 1 7 5 1 5
20140427 12 3 7 2 3 5
20140428 1 1 5 3 0 0
20140428 2 5 3 2 0 0
20140428 3 1 7 3 0 0
20140428 4 7 4 3 0 0
20140428 5 3 7 6 0 0
20140428 6 2 6 8 2 5
20140428 7 9 1 7 6 1
20140428 8 3 5 1 0 0
20140428 9 5 2 1 0 0
20140428 10 5 4 9 4 4
20140428 11 3 2 1 3 2
20140428 12 2 7 4 2 5
20140503 1 3 7 6 0 0
20140503 2 4 7 1 0 0
20140503 3 3 1 5 0 0
20140503 4 4 2 3 0 0
20140503 5 5 7 1 0 0
20140503 6 7 5 4 5 4
20140503 7 7 1 3 5 1
20140503 8 5 1 9 4 1
20140503 9 7 6 3 5 5
20140503 10 3 6 2 3 5
20140504 1 5 3 7 0 0
20140504 2 1 3 4 0 0
20140504 3 7 1 5 0 0
20140504 4 1 4 2 0 0
20140504 5 3 1 5 0 0
20140504 6 3 1 5 3 1
20140504 7 9 7 1 6 5
20140504 8 2 7 9 2 5
20140504 9 3 5 1 3 4
20140504 10 5 1 9 4 1
20140505 1 2 4 5 0 0
20140505 2 5 2 3 0 0
20140505 3 4 1 6 0 0
20140505 4 7 4 5 0 0
20140505 5 2 4 5 0 0
20140505 6 3 9 2 3 6
20140505 7 9 5 1 6 4
20140505 8 9 2 5 6 2
20140505 9 1 7 5 1 5
20140505 10 1 4 7 1 4
20140523 1 1 9 5 1 6
20140523 2 5 9 7 4 6
20140523 3 2 1 4 2 1
20140523 4 3 7 1 3 5
20140523 5 6 3 2 5 3
20140523 6 1 2 3 0 0
20140523 7 6 4 2 0 0
20140523 8 1 9 7 1 6
20140523 9 7 2 5 5 2
20140523 10 5 2 8 4 2
20140523 11 5 3 9 4 3
20140523 12 7 9 1 5 6
20140524 1 1 2 7 1 2
20140524 2 3 2 8 3 2
20140524 3 5 2 9 4 2
20140524 4 9 3 8 6 3
20140524 5 9 3 7 6 3
20140524 6 7 1 2 0 0
20140524 7 3 5 2 0 0
20140524 8 9 5 3 6 4
20140524 9 4 2 7 4 2
20140524 10 4 6 8 4 5
20140524 11 9 1 6 6 1
20140524 12 7 2 1 5 2
20140525 1 5 8 9 4 6
20140525 2 3 1 5 3 1
20140525 3 2 8 3 2 6
20140525 4 1 5 7 1 4
20140525 5 7 5 4 0 0
20140525 6 4 7 1 4 5
20140525 7 2 1 9 2 1
20140525 8 7 4 6 5 4
20140525 9 5 3 1 4 3
20140525 10 7 5 4 0 0
20140525 11 4 7 2 4 5
20140525 12 1 9 3 1 6
20140617 1 4 3 7 0 0
20140617 2 1 7 5 0 0
20140617 3 3 7 5 0 0
20140617 4 4 2 5 0 0
20140617 5 1 5 7 0 0
20140617 6 4 3 1 4 3
20140617 7 1 6 2 1 5
20140617 8 9 4 3 6 4
20140617 9 8 3 9 6 3
20140617 10 2 5 3 2 4
20140618 1 6 1 2 0 0
20140618 2 1 3 5 0 0
20140618 3 2 7 5 0 0
20140618 4 5 2 6 0 0
20140618 5 2 1 6 0 0
20140618 6 9 3 2 6 3
20140618 7 2 9 6 2 6
20140618 8 5 9 6 4 6
20140618 9 3 5 1 3 4
20140618 10 7 9 6 5 6
20140619 1 7 4 5 0 0
20140619 2 2 7 5 0 0
20140619 3 2 6 1 0 0
20140619 4 1 3 2 0 0
20140619 5 2 3 6 0 0
20140619 6 2 3 9 2 3
20140619 7 1 3 6 1 3
20140619 8 1 3 7 1 3
20140619 9 5 7 2 4 5
20140619 10 1 9 6 1 6
20140703 1 1 2 5 0 0
20140703 2 2 5 4 0 0
20140703 3 5 2 3 0 0
20140703 4 3 5 2 0 0
20140703 5 5 2 4 0 0
20140703 6 3 7 9 3 5
20140703 7 7 9 1 5 6
20140703 8 4 3 7 4 3
20140703 9 1 2 3 1 2
20140703 10 3 4 9 3 4
20140704 1 7 1 5 0 0
20140704 2 2 3 7 0 0
20140704 3 6 3 5 0 0
20140704 4 2 4 6 0 0
20140704 5 3 4 7 0 0
20140704 6 2 1 5 2 1
20140704 7 9 4 3 6 4
20140704 8 3 1 9 3 1
20140704 9 9 2 7 6 2
20140704 10 7 2 9 5 2
20140705 1 7 2 5 0 0
20140705 2 2 5 4 0 0
20140705 3 2 4 1 0 0
20140705 4 5 2 3 0 0
20140705 5 1 7 6 0 0
20140705 6 5 3 1 4 3
20140705 7 7 1 2 5 1
20140705 8 5 9 1 4 6
20140705 9 1 9 2 1 6
20140705 10 5 1 7 4 1
20140728 1 5 3 9 4 3
20140728 2 5 2 9 4 2
20140728 3 3 6 1 3 5
20140728 4 5 1 7 4 1
20140728 5 9 2 3 6 2
20140728 6 2 4 7 2 4
20140728 7 1 8 2 1 6
20140728 8 9 3 5 6 3
20140728 9 2 5 8 2 4
20140728 10 1 2 3 1 2
20140728 11 2 4 7 2 4
20140729 1 1 5 4 1 4
20140729 2 9 1 5 6 1
20140729 3 2 7 3 2 5
20140729 4 1 9 4 1 6
20140729 5 9 4 7 6 4
20140729 6 3 8 1 3 6
20140729 7 9 1 2 6 1
20140729 8 2 9 1 2 6
20140729 9 1 7 9 1 5
20140729 10 3 9 6 3 6
20140729 11 3 2 1 3 2
20140730 1 5 3 4 4 3
20140730 2 8 6 3 6 5
20140730 3 5 7 2 4 5
20140730 4 7 1 3 5 1
20140730 5 3 9 1 3 6
20140730 6 6 3 1 5 3
20140730 7 2 4 7 2 4
20140730 8 1 5 3 1 4
20140730 9 2 1 3 2 1
20140730 10 9 7 4 6 5
20140730 11 5 3 2 4 3
20140814 1 1 2 5 1 2
20140814 2 3 8 1 3 6
20140814 3 5 1 2 4 1
20140814 4 9 5 7 6 4
20140814 5 1 7 5 1 5
20140814 6 2 5 1 0 0
20140814 7 1 4 6 0 0
20140814 8 9 6 8 6 5
20140814 9 1 5 8 1 4
20140814 10 5 1 7 4 1
20140814 11 3 7 5 3 5
20140814 12 5 4 1 4 4
20140815 1 2 5 9 2 4
20140815 2 9 1 3 6 1
20140815 3 7 1 9 5 1
20140815 4 1 2 3 1 2
20140815 5 1 2 9 1 2
20140815 6 5 1 3 0 0
20140815 7 3 5 4 0 0
20140815 8 7 5 3 5 4
20140815 9 5 3 2 4 3
20140815 10 2 8 7 2 6
20140815 11 5 9 1 4 6
20140815 12 2 7 5 2 5
20140816 1 2 7 5 2 5
20140816 2 5 7 2 4 5
20140816 3 2 7 1 2 5
20140816 4 1 3 9 1 3
20140816 5 4 2 7 0 0
20140816 6 5 9 1 4 6
20140816 7 7 9 5 5 6
20140816 8 1 3 2 1 3
20140816 9 2 9 4 2 6
20140816 10 1 5 6 0 0
20140816 11 4 3 1 4 3
20140816 12 2 3 5 2 3
20140920 1 4 2 6 0 0
20140920 2 7 5 3 0 0
20140920 3 3 5 6 0 0
20140920 4 4 1 7 0 0
20140920 5 5 1 7 0 0
20140920 6 1 9 2 1 6
20140920 7 7 3 2 5 3
20140920 8 9 2 4 6 2
20140920 9 9 5 4 6 4
20140920 10 2 8 3 2 6
20140921 1 6 4 2 0 0
20140921 2 7 1 5 0 0
20140921 3 2 4 7 0 0
20140921 4 7 1 3 0 0
20140921 5 2 7 3 0 0
20140921 6 1 7 5 1 5
20140921 7 9 1 2 6 1
20140921 8 2 5 3 2 4
20140921 9 3 5 7 3 4
20140921 10 3 2 1 3 2
20140922 1 5 1 4 0 0
20140922 2 1 3 6 0 0
20140922 3 6 1 3 0 0
20140922 4 1 7 4 0 0
20140922 5 6 3 2 0 0
20140922 6 7 2 4 5 2
20140922 7 9 1 8 6 1
20140922 8 5 3 4 4 3
20140922 9 9 1 3 6 1
20140922 10 2 1 5 2 1
20141021 1 9 5 8 6 4
20141021 2 2 7 3 2 5
20141021 3 7 8 3 5 6
20141021 4 1 5 3 1 4
20141021 5 3 4 5 3 4
20141021 6 1 5 4 0 0
20141021 7 7 5 2 0 0
20141021 8 2 7 4 2 5
20141021 9 3 4 8 3 4
20141021 10 9 2 5 6 2
20141021 11 3 1 7 3 1
20141021 12 6 7 2 5 5
20141022 1 5 1 9 4 1
20141022 2 1 2 3 1 2
20141022 3 3 2 9 3 2
20141022 4 9 1 3 6 1
20141022 5 5 3 4 4 3
20141022 6 6 3 2 0 0
20141022 7 4 1 6 0 0
20141022 8 9 5 8 6 4
20141022 9 1 7 5 1 5
20141022 10 1 7 4 1 5
20141022 11 9 7 3 6 5
20141022 12 1 2 5 1 2
20141023 1 5 7 6 4 5
20141023 2 7 5 9 5 4
20141023 3 3 9 1 3 6
20141023 4 7 5 2 5 4
20141023 5 2 3 4 0 0
20141023 6 5 1 3 4 1
20141023 7 8 3 1 6 3
20141023 8 9 5 8 6 4
20141023 9 3 7 9 3 5
20141023 10 5 1 7 0 0
20141023 11 9 4 5 6 4
20141023 12 7 5 2 5 4
20141101 1 7 3 1 5 3
20141101 2 2 4 3 2 4
20141101 3 8 3 7 6 3
20141101 4 5 2 1 4 2
20141101 5 3 4 1 3 4
20141101 6 3 4 2 3 4
20141101 7 9 2 5 6 2
20141101 8 4 9 3 4 6
20141101 9 7 2 4 5 2
20141101 10 5 3 9 4 3
20141101 11 1 2 7 1 2
20141102 1 1 2 5 1 2
20141102 2 5 1 8 4 1
20141102 3 5 7 6 4 5
20141102 4 6 1 3 5 1
20141102 5 7 3 9 5 3
20141102 6 5 1 9 4 1
20141102 7 2 5 3 2 4
20141102 8 2 7 1 2 5
20141102 9 1 9 2 1 6
20141102 10 5 3 7 4 3
20141102 11 1 5 2 1 4
20141103 1 3 4 1 3 4
20141103 2 7 8 5 5 6
20141103 3 2 7 4 2 5
20141103 4 7 2 1 5 2
20141103 5 1 7 4 1 5
20141103 6 2 3 5 2 3
20141103 7 5 1 6 4 1
20141103 8 7 9 6 5 6
20141103 9 9 2 3 6 2
20141103 10 4 1 7 4 1
20141103 11 1 9 3 1 6
20141113 1 2 7 4 2 5
20141113 2 8 4 3 6 4
20141113 3 2 7 5 2 5
20141113 4 7 1 4 5 1
20141113 5 2 3 9 2 3
20141113 6 3 4 8 3 4
20141113 7 2 8 6 2 6
20141113 8 3 7 2 3 5
20141113 9 2 9 3 2 6
20141113 10 5 3 2 4 3
20141113 11 2 1 9 2 1
20141114 1 3 1 2 3 1
20141114 2 1 7 9 1 5
20141114 3 9 7 4 6 5
20141114 4 1 5 8 1 4
20141114 5 2 3 8 2 3
20141114 6 5 9 2 4 6
20141114 7 1 5 2 1 4
20141114 8 3 7 1 3 5
20141114 9 7 1 9 5 1
20141114 10 7 2 5 5 2
20141114 11 4 3 7 4 3
20141115 1 1 7 5 1 5
20141115 2 3 4 7 3 4
20141115 3 8 2 1 6 2
20141115 4 3 7 8 3 5
20141115 5 2 8 3 2 6
20141115 6 1 7 2 1 5
20141115 7 5 1 3 4 1
20141115 8 3 2 1 3 2
20141115 9 7 2 3 5 2
20141115 10 9 5 2 6 4
20141115 11 1 7 6 1 5
20141116 1 1 3 5 1 3
20141116 2 3 2 9 3 2
20141116 3 6 1 4 5 1
20141116 4 3 5 7 3 4
20141116 5 2 7 8 2 5
20141116 6 2 5 9 2 4
20141116 7 3 9 2 3 6
20141116 8 1 5 7 1 4
20141116 9 9 1 5 6 1
20141116 10 2 5 9 2 4
20141116 11 1 4 3 1 4
20141207 1 7 6 2 0 0
20141207 2 5 6 3 0 0
20141207 3 1 7 6 0 0
20141207 4 3 7 6 0 0
20141207 5 6 1 7 0 0
20141207 6 7 1 2 0 0
20141208 1 4 1 2 0 0
20141208 2 2 7 6 0 0
20141208 3 4 2 3 0 0
20141208 4 2 5 4 0 0
20141208 5 4 6 7 0 0
20141208 6 3 7 5 0 0
20141209 1 5 4 2 0 0
20141209 2 2 4 1 0 0
20141209 3 6 5 7 0 0
20141209 4 7 3 1 0 0
20141209 5 5 3 1 0 0
20141209 6 6 1 2 0 0
20141220 1 3 7 1 0 0
20141220 2 7 4 3 0 0
20141220 3 5 3 4 0 0
20141220 4 4 7 1 0 0
20141220 5 5 1 3 0 0
20141220 6 5 4 7 4 4
20141220 7 9 4 7 6 4
20141220 8 1 6 8 1 5
20141220 9 2 5 9 2 4
20141220 10 9 3 6 6 3
20141221 1 3 1 2 0 0
20141221 2 5 7 3 0 0
20141221 3 6 5 1 0 0
20141221 4 5 7 1 0 0
20141221 5 4 7 1 0 0
20141221 6 4 8 9 4 6
20141221 7 1 7 9 1 5
20141221 8 5 1 7 4 1
20141221 9 5 3 8 4 3
20141221 10 5 1 7 4 1
20141222 1 1 5 7 0 0
20141222 2 5 4 1 0 0
20141222 3 2 7 4 0 0
20141222 4 3 1 4 0 0
20141222 5 4 5 1 0 0
20141222 6 4 3 8 4 3
20141222 7 9 4 7 6 4
20141222 8 3 4 1 3 4
20141222 9 1 9 4 1 6
20141222 10 1 6 5 1 5
20150110 1 1 4 2 0 0
20150110 2 4 5 3 0 0
20150110 3 7 2 5 0 0
20150110 4 1 4 7 0 0
20150110 5 2 7 3 0 0
20150110 6 3 2 9 3 2
20150110 7 1 5 7 1 4
20150110 8 7 5 1 5 4
20150110 9 1 3 9 1 3
20150110 10 2 5 7 2 4
20150111 1 4 1 7 0 0
20150111 2 5 1 2 0 0
20150111 3 5 1 6 0 0
20150111 4 3 2 5 0 0
20150111 5 5 2 4 0 0
20150111 6 9 7 8 6 5
20150111 7 5 9 2 4 6
20150111 8 1 3 8 1 3
20150111 9 9 1 7 6 1
20150111 10 1 9 5 1 6
20150112 1 5 7 6 0 0
20150112 2 1 3 7 0 0
20150112 3 7 6 3 0 0
20150112 4 1 4 3 0 0
20150112 5 1 5 4 0 0
20150112 6 3 7 2 3 5
20150112 7 5 1 3 4 1
20150112 8 9 5 3 6 4
20150112 9 1 8 7 1 6
20150112 10 1 9 5 1 6
20150126 1 1 5 6 1 4
20150126 2 8 2 3 6 2
20150126 3 6 9 7 5 6
20150126 4 3 1 7 3 1
20150126 5 9 4 2 6 4
20150126 6 2 5 6 2 4
20150126 7 4 1 8 4 1
20150126 8 3 7 4 3 6
20150126 9 8 1 4 6 1
20150126 10 8 4 1 6 4
20150127 1 1 2 9 1 2
20150127 2 7 2 9 5 2
20150127 3 1 4 3 1 4
20150127 4 9 1 7 6 1
20150127 5 5 2 8 4 2
20150127 6 3 1 5 3 1
20150127 7 3 7 6 3 6
20150127 8 2 3 1 2 3
20150127 9 4 1 8 4 1
20150127 10 1 8 3 1 6
20150128 1 7 1 9 5 1
20150128 2 1 7 4 1 5
20150128 3 5 6 3 4 5
20150128 4 8 3 7 6 3
20150128 5 5 3 9 4 3
20150128 6 9 1 2 6 1
20150128 7 4 3 7 4 3
20150128 8 2 8 7 2 6
20150128 9 7 3 5 6 3
20150128 10 5 6 7 5 5
20150220 1 1 4 6 0 0
20150220 2 2 4 1 0 0
20150220 3 7 3 1 0 0
20150220 4 4 7 3 0 0
20150220 5 5 3 7 0 0
20150220 6 6 3 5 0 0
20150220 7 7 1 5 0 0
20150220 8 2 6 8 2 5
20150220 9 2 5 8 2 4
20150220 10 5 1 9 4 1
20150220 11 3 6 5 3 5
20150220 12 1 6 7 1 5
20150221 1 2 5 4 0 0
20150221 2 4 2 7 0 0
20150221 3 7 2 6 0 0
20150221 4 7 2 4 0 0
20150221 5 5 7 1 0 0
20150221 6 4 7 3 0 0
20150221 7 2 3 6 0 0
20150221 8 9 2 5 6 2
20150221 9 9 8 2 6 6
20150221 10 2 5 1 2 4
20150221 11 1 4 9 1 4
20150221 12 3 9 4 3 6
20150222 1 5 7 1 0 0
20150222 2 4 3 7 0 0
20150222 3 3 2 6 0 0
20150222 4 1 4 3 0 0
20150222 5 3 5 1 0 0
20150222 6 3 7 8 3 5
20150222 7 4 2 9 4 2
20150222 8 1 5 7 0 0
20150222 9 5 3 2 0 0
20150222 10 9 1 5 6 1
20150222 11 1 9 5 1 6
20150222 12 3 2 1 3 2
20150317 1 3 9 2 3 6
20150317 2 9 5 8 6 4
20150317 3 3 2 9 3 2
20150317 4 5 9 1 4 6
20150317 5 8 1 2 6 1
20150317 6 9 5 8 6 4
20150317 7 9 1 2 6 1
20150317 8 5 2 1 4 2
20150317 9 8 9 4 6 6
20150317 10 2 7 5 2 5
20150317 11 3 9 2 3 6
20150318 1 1 9 6 1 6
20150318 2 3 4 1 3 4
20150318 3 2 3 7 2 3
20150318 4 1 7 3 1 5
20150318 5 7 2 6 5 2
20150318 6 1 3 8 1 3
20150318 7 1 8 6 1 6
20150318 8 7 2 3 5 2
20150318 9 7 9 5 5 6
20150318 10 1 3 9 1 3
20150318 11 1 6 7 1 5
20150319 1 3 1 9 3 1
20150319 2 5 7 8 4 5
20150319 3 4 1 3 4 1
20150319 4 7 4 5 5 4
20150319 5 7 6 1 5 5
20150319 6 2 7 1 2 5
20150319 7 2 4 1 2 4
20150319 8 9 1 3 6 1
20150319 9 4 7 3 4 5
20150319 10 1 3 7 1 3
20150319 11 2 4 9 2 4
20150320 1 2 8 9 2 6
20150320 2 1 9 5 1 6
20150320 3 1 2 8 1 2
20150320 4 2 5 7 2 4
20150320 5 6 5 9 5 4
20150320 6 8 2 3 6 2
20150320 7 5 1 6 4 1
20150320 8 3 9 8 3 6
20150320 9 4 6 2 4 5
20150320 10 8 2 9 6 2
20150320 11 2 1 8 2 1
20150321 1 1 5 7 1 4
20150321 2 1 4 7 1 4
20150321 3 7 1 5 5 1
20150321 4 3 5 8 3 4
20150321 5 2 9 4 2 6
20150321 6 2 7 9 2 5
20150321 7 5 4 1 4 4
20150321 8 5 1 7 4 1
20150321 9 2 5 1 0 0
20150321 10 1 2 4 1 2
20150321 11 2 3 1 2 3
20150321 12 1 4 5 1 4
20150322 1 8 1 3 6 1
20150322 2 3 8 9 3 6
20150322 3 9 7 5 6 5
20150322 4 8 9 7 6 6
20150322 5 3 7 1 3 5
20150322 6 3 9 1 3 6
20150322 7 9 4 6 6 4
20150322 8 3 2 6 3 2
20150322 9 9 7 4 6 5
20150322 10 9 6 1 6 5
20150322 11 3 9 5 3 6
20150401 1 9 2 5 6 2
20150401 2 9 3 4 6 3
20150401 3 9 7 5 6 5
20150401 4 1 9 3 1 6
20150401 5 7 9 2 5 6
20150401 6 3 2 4 3 2
20150401 7 8 7 2 6 5
20150401 8 3 9 7 3 6
20150401 9 3 7 1 3 5
20150401 10 1 5 7 1 4
20150401 11 2 1 8 2 1
20150402 1 9 3 4 6 3
20150402 2 1 9 3 1 6
20150402 3 9 2 5 6 2
20150402 4 7 1 8 5 1
20150402 5 3 1 9 3 1
20150402 6 1 2 9 1 2
20150402 7 5 9 1 4 6
20150402 8 1 4 9 1 4
20150402 9 9 1 5 6 1
20150402 10 9 3 8 6 3
20150402 11 2 1 8 2 1
20150403 1 9 8 4 6 6
20150403 2 2 5 9 2 4
20150403 3 7 3 4 5 3
20150403 4 3 9 6 3 6
20150403 5 2 5 3 2 4
20150403 6 5 3 1 4 3
20150403 7 5 1 3 4 1
20150403 8 2 3 9 2 3
20150403 9 4 9 2 4 6
20150403 10 7 2 9 5 2
20150403 11 7 4 8 5 4
20150413 1 3 4 2 0 0
20150413 2 4 5 1 0 0
20150413 3 4 7 1 0 0
20150413 4 1 3 2 0 0
20150413 5 2 4 5 0 0
20150413 6 1 4 6 0 0
20150413 7 7 3 5 0 0
20150413 8 9 3 5 6 3
20150413 9 3 9 7 3 6
20150413 10 3 5 7 3 4
20150413 11 2 5 1 2 4
20150413 12 9 5 3 6 4
20150414 1 7 4 3 0 0
20150414 2 2 1 3 0 0
20150414 3 1 5 6 0 0
20150414 4 4 3 1 0 0
20150414 5 5 3 1 0 0
20150414 6 4 7 2 0 0
20150414 7 7 4 5 0 0
20150414 8 7 1 4 5 1
20150414 9 3 1 4 3 1
20150414 10 5 2 1 4 2
20150414 11 7 3 5 5 3
20150414 12 5 1 7 4 1
20150415 1 1 5 7 0 0
20150415 2 5 2 4 0 0
20150415 3 4 7 3 0 0
20150415 4 3 5 2 0 0
20150415 5 4 6 3 0 0
20150415 6 9 4 3 6 4
20150415 7 7 4 1 5 4
20150415 8 4 6 5 0 0
20150415 9 1 4 3 0 0
20150415 10 5 2 1 4 2
20150415 11 5 3 8 4 3
20150415 12 8 2 5 6 2
20150516 1 1 2 8 1 2
20150516 2 3 5 1 3 4
20150516 3 9 7 1 6 5
20150516 4 1 9 3 1 6
20150516 5 2 1 5 2 1
20150516 6 3 5 6 3 4
20150516 7 5 2 3 4 2
20150516 8 3 4 1 3 4
20150516 9 3 9 7 3 6
20150516 10 2 5 1 2 4
20150516 11 7 9 1 5 6
20150517 1 2 7 3 2 5
20150517 2 2 5 3 2 4
20150517 3 9 1 7 6 1
20150517 4 9 4 2 6 4
20150517 5 4 1 3 4 1
20150517 6 3 5 1 3 4
20150517 7 3 5 9 3 4
20150517 8 1 9 5 1 6
20150517 9 7 9 2 5 6
20150517 10 7 9 5 5 6
20150517 11 7 2 1 5 2
20150518 1 7 5 9 5 4
20150518 2 2 5 6 2 4
20150518 3 3 2 1 3 2
20150518 4 5 9 7 4 6
20150518 5 5 9 1 4 6
20150518 6 7 1 3 5 1
20150518 7 1 7 9 1 5
20150518 8 5 2 1 4 2
20150518 9 1 2 3 1 2
20150518 10 1 9 5 1 6
20150518 11 3 2 4 3 2
20150626 1 9 5 4 6 4
20150626 2 9 7 2 6 5
20150626 3 3 1 9 3 1
20150626 4 1 5 2 1 4
20150626 5 3 2 7 3 2
20150626 6 6 2 9 5 2
20150626 7 9 2 3 6 2
20150626 8 7 3 1 5 3
20150626 9 2 7 4 2 5
20150626 10 1 3 7 1 3
20150626 11 2 3 9 2 3
20150627 1 5 1 9 4 1
20150627 2 5 1 9 4 1
20150627 3 5 9 2 4 6
20150627 4 1 7 9 1 5
20150627 5 5 2 9 4 2
20150627 6 4 3 9 4 3
20150627 7 2 1 5 2 1
20150627 8 4 9 6 4 6
20150627 9 7 1 3 5 1
20150627 10 1 5 9 1 4
20150627 11 3 2 1 3 2
20150628 1 2 7 6 2 5
20150628 2 2 7 5 2 5
20150628 3 8 3 9 6 3
20150628 4 9 2 8 6 2
20150628 5 2 5 7 2 4
20150628 6 4 2 9 4 2
20150628 7 2 9 5 2 6
20150628 8 3 9 1 3 6
20150628 9 1 7 2 1 5
20150628 10 2 7 9 2 5
20150628 11 1 7 4 1 5
20150706 1 3 4 1 0 0
20150706 2 2 4 5 0 0
20150706 3 5 2 7 0 0
20150706 4 2 7 5 0 0
20150706 5 7 1 4 0 0
20150706 6 5 3 2 4 3
20150706 7 2 9 6 2 6
20150706 8 3 2 7 3 2
20150706 9 5 3 9 4 3
20150706 10 1 5 4 1 4
20150707 1 7 3 5 0 0
20150707 2 7 4 5 0 0
20150707 3 7 2 4 0 0
20150707 4 1 5 7 0 0
20150707 5 4 3 2 0 0
20150707 6 3 7 5 3 5
20150707 7 1 3 5 1 3
20150707 8 3 9 7 3 6
20150707 9 3 2 1 3 2
20150707 10 6 2 1 5 2
20150708 1 7 6 5 0 0
20150708 2 2 4 5 0 0
20150708 3 7 5 1 0 0
20150708 4 5 3 2 0 0
20150708 5 1 3 7 0 0
20150708 6 3 4 1 3 4
20150708 7 9 7 5 6 5
20150708 8 8 3 1 6 3
20150708 9 5 4 1 4 4
20150708 10 9 3 7 6 3
