20111205 1 3 2 5 3 2
20111205 2 2 3 9 2 3
20111205 3 5 7 1 4 5
20111205 4 7 1 2 5 1
20111205 5 9 3 5 6 3
20111205 6 9 4 2 6 4
20111205 7 7 5 1 5 4
20111205 8 3 7 2 3 5
20111205 9 1 9 4 1 6
20111205 10 3 9 1 3 6
20111205 11 4 2 9 4 2
20111205 12 4 7 5 4 5
20111206 1 1 3 8 1 3
20111206 2 3 1 8 3 1
20111206 3 4 2 7 4 2
20111206 4 1 6 2 1 5
20111206 5 3 9 7 3 6
20111206 6 2 3 1 2 3
20111206 7 9 2 6 6 2
20111206 8 3 9 1 3 6
20111206 9 5 9 1 4 6
20111206 10 3 5 2 3 4
20111206 11 3 2 9 3 2
20111206 12 9 1 4 6 1
20111207 1 2 4 1 2 4
20111207 2 7 2 1 5 2
20111207 3 9 3 1 6 3
20111207 4 2 1 6 2 1
20111207 5 9 3 7 6 3
20111207 6 1 7 3 1 6
20111207 7 9 1 5 6 1
20111227 1 1 3 6 1 3
20111227 2 9 1 2 6 1
20111227 3 2 3 5 2 3
20111227 4 5 1 2 4 1
20111227 5 1 2 3 1 2
20111227 6 5 2 3 4 2
20111227 7 3 5 4 3 4
20111227 8 9 2 7 6 2
20111227 9 2 5 3 2 4
20111227 10 2 5 1 2 4
20111227 11 3 2 7 3 2
20111227 12 8 7 3 6 5
20111228 1 7 4 1 5 4
20111228 2 9 2 7 6 2
20111228 3 9 2 8 6 2
20111228 4 7 9 1 5 6
20111228 5 3 1 9 3 1
20111228 6 1 5 7 1 4
20111228 7 1 7 2 1 5
20111228 8 5 9 8 4 6
20111228 9 2 8 9 2 6
20111228 10 9 2 6 6 2
20111228 11 1 4 7 1 4
20111228 12 2 7 8 2 5
20111229 1 3 9 1 3 6
20111229 2 1 5 4 1 4
20111229 3 8 2 6 6 2
20111229 4 2 1 7 2 1
20111229 5 1 5 2 1 4
20111229 6 1 7 3 1 5
20111229 7 4 2 7 4 2
20111229 8 5 9 1 4 6
20111229 9 1 7 4 1 5
20111229 10 5 3 7 4 3
20111229 11 4 7 8 4 5
20111229 12 3 5 6 3 4
20120104 1 1 9 3 1 6
20120104 2 2 8 7 2 6
20120104 3 3 2 5 3 2
20120104 4 9 6 3 6 5
20120104 5 7 3 5 5 3
20120104 6 9 2 5 6 2
20120104 7 1 7 5 1 5
20120104 8 7 2 9 5 2
20120104 9 5 7 1 4 5
20120104 10 1 8 5 1 6
20120104 11 6 9 3 5 6
20120105 1 1 2 3 1 2
20120105 2 3 5 7 3 4
20120105 3 2 5 1 2 4
20120105 4 5 1 8 4 1
20120105 5 1 2 4 1 2
20120105 6 3 5 9 3 4
20120105 7 3 5 7 3 4
20120105 8 1 6 3 1 5
20120105 9 7 6 1 5 5
20120105 10 1 2 9 1 2
20120105 11 3 5 9 3 4
20120106 1 5 3 1 4 3
20120106 2 3 5 6 3 4
20120106 3 7 8 5 5 6
20120106 4 7 5 3 5 4
20120106 5 1 2 8 1 2
20120106 6 5 2 6 4 2
20120106 7 9 2 1 6 2
20120106 8 7 1 2 5 1
20120106 9 1 8 4 1 6
20120106 10 2 4 9 2 4
20120106 11 7 3 1 5 3
20120107 1 1 9 4 1 6
20120107 2 1 3 8 1 3
20120107 3 9 3 7 6 3
20120107 4 9 3 6 6 3
20120107 5 1 4 8 1 4
20120107 6 9 5 2 6 4
20120107 7 9 1 5 6 1
20120107 8 3 7 2 3 5
20120107 9 2 5 1 2 4
20120107 10 1 9 7 1 6
20120107 11 9 2 5 6 2
20120131 1 1 2 5 0 0
20120131 2 7 2 5 0 0
20120131 3 7 3 2 0 0
20120131 4 7 1 3 0 0
20120131 5 2 4 3 0 0
20120131 6 1 9 5 1 6
20120131 7 3 9 1 3 6
20120131 8 1 7 3 1 5
20120131 9 2 7 8 2 5
20120131 10 1 7 2 1 5
20120131 11 4 5 7 4 4
20120201 1 3 5 1 0 0
20120201 2 1 7 2 0 0
20120201 3 5 7 2 0 0
20120201 4 4 2 3 0 0
20120201 5 5 7 3 0 0
20120201 6 2 7 4 2 5
20120201 7 5 2 3 4 2
20120201 8 5 7 1 4 5
20120201 9 3 9 4 3 6
20120201 10 2 6 5 2 5
20120201 11 9 3 6 6 3
20120202 1 3 5 1 0 0
20120202 2 2 4 7 0 0
20120202 3 7 5 1 0 0
20120202 4 1 3 5 0 0
20120202 5 3 7 4 0 0
20120202 6 7 2 3 5 2
20120202 7 9 2 1 6 2
20120202 8 2 4 9 2 4
20120202 9 4 7 1 4 5
20120202 10 7 1 8 5 1
20120202 11 8 1 3 6 1
20120215 1 1 3 8 1 3
20120215 2 9 5 7 6 4
20120215 3 1 7 9 1 5
20120215 4 9 2 3 6 2
20120215 5 8 9 2 6 6
20120215 6 2 1 5 2 1
20120215 7 3 9 5 3 6
20120215 8 9 8 1 6 6
20120215 9 9 3 6 6 3
20120215 10 2 1 7 2 1
20120215 11 3 7 1 3 5
20120215 12 1 9 3 1 6
20120216 1 2 6 5 2 5
20120216 2 1 5 3 1 4
20120216 3 6 3 9 5 3
20120216 4 1 3 8 1 3
20120216 5 1 7 5 1 5
20120216 6 5 2 7 4 2
20120216 7 1 5 7 1 4
20120216 8 7 5 2 5 4
20120216 9 4 7 3 4 5
20120216 10 1 2 5 1 2
20120216 11 1 4 9 1 4
20120216 12 2 7 1 2 5
20120217 1 3 5 2 3 4
20120217 2 2 7 4 2 5
20120217 3 7 1 2 5 1
20120217 4 9 7 5 6 5
20120217 5 1 9 3 1 6
20120217 6 4 3 1 4 3
20120217 7 1 3 9 1 3
20120217 8 5 2 9 4 2
20120217 9 3 5 4 3 4
20120217 10 7 3 1 5 3
20120217 11 4 1 2 4 1
20120217 12 3 2 1 3 2
20120328 1 3 1 7 0 0
20120328 2 7 2 3 0 0
20120328 3 3 1 5 0 0
20120328 4 4 5 1 0 0
20120328 5 1 5 3 0 0
20120328 6 1 9 4 1 6
20120328 7 1 5 2 1 4
20120328 8 5 1 6 4 1
20120328 9 7 9 4 5 6
20120328 10 2 9 4 2 6
20120328 11 7 2 4 5 2
20120329 1 1 3 7 0 0
20120329 2 2 4 7 0 0
20120329 3 5 6 7 0 0
20120329 4 4 2 7 0 0
20120329 5 1 4 5 0 0
20120329 6 3 8 4 3 6
20120329 7 9 7 3 6 5
20120329 8 1 7 2 1 5
20120329 9 1 9 2 1 6
20120329 10 7 1 2 5 1
20120329 11 3 2 8 3 2
20120330 1 2 3 5 0 0
20120330 2 2 4 5 0 0
20120330 3 4 3 2 0 0
20120330 4 3 5 1 0 0
20120330 5 2 5 1 0 0
20120330 6 1 5 4 1 4
20120330 7 7 5 3 5 4
20120330 8 7 2 3 5 2
20120330 9 1 7 3 1 5
20120330 10 3 2 7 3 2
20120330 11 9 1 2 6 1
20120419 1 1 3 4 0 0
20120419 2 2 1 5 0 0
20120419 3 7 4 5 0 0
20120419 4 2 3 4 0 0
20120419 5 3 7 5 0 0
20120419 6 1 9 5 1 6
20120419 7 9 8 2 6 6
20120419 8 2 9 7 2 6
20120419 9 1 3 5 1 3
20120419 10 3 7 1 3 5
20120419 11 7 1 5 5 1
20120420 1 1 5 4 0 0
20120420 2 2 7 1 0 0
20120420 3 7 3 1 0 0
20120420 4 7 1 3 0 0
20120420 5 4 2 1 0 0
20120420 6 9 5 1 6 4
20120420 7 2 3 6 2 3
20120420 8 2 3 9 2 3
20120420 9 5 1 2 4 1
20120420 10 1 5 8 1 4
20120420 11 2 5 7 2 4
20120421 1 3 4 1 0 0
20120421 2 3 4 1 0 0
20120421 3 4 3 1 0 0
20120421 4 4 7 6 0 0
20120421 5 1 4 7 0 0
20120421 6 3 1 9 3 1
20120421 7 3 9 2 3 6
20120421 8 7 1 9 5 1
20120421 9 2 3 9 2 3
20120421 10 5 2 7 4 2
20120421 11 3 5 4 3 4
20120501 1 2 1 8 2 1
20120501 2 9 7 2 6 5
20120501 3 9 1 4 6 1
20120501 4 5 3 4 4 3
20120501 5 1 7 3 1 5
20120501 6 7 5 3 5 4
20120501 7 2 5 3 2 4
20120501 8 7 2 8 5 2
20120501 9 7 3 1 5 3
20120501 10 3 9 4 3 6
20120501 11 6 5 9 5 4
20120501 12 4 1 8 4 1
20120502 1 4 9 2 4 6
20120502 2 4 3 5 4 3
20120502 3 2 1 9 2 1
20120502 4 7 4 5 5 4
20120502 5 8 1 2 6 1
20120502 6 2 9 3 2 6
20120502 7 7 2 1 5 2
20120502 8 3 5 8 3 4
20120502 9 8 3 7 6 3
20120502 10 2 7 1 2 5
20120502 11 5 3 7 4 3
20120502 12 1 7 3 1 5
20120503 1 5 3 2 4 3
20120503 2 1 3 4 1 3
20120503 3 1 2 4 1 2
20120503 4 1 5 4 1 4
20120503 5 5 9 3 4 6
20120503 6 9 7 2 6 5
20120503 7 2 5 3 2 4
20120503 8 8 6 7 6 5
20120503 9 2 3 7 2 3
20120503 10 3 6 2 3 5
20120503 11 1 7 5 1 5
20120503 12 2 1 3 2 1
20120517 1 7 4 1 0 0
20120517 2 2 7 4 0 0
20120517 3 3 5 7 0 0
20120517 4 4 3 1 0 0
20120517 5 5 7 3 0 0
20120517 6 9 8 7 6 6
20120517 7 9 1 5 6 1
20120517 8 1 5 6 1 4
20120517 9 3 1 5 3 1
20120517 10 9 2 3 6 2
20120517 11 3 5 8 3 4
20120518 1 1 3 2 0 0
20120518 2 2 7 4 0 0
20120518 3 1 3 5 0 0
20120518 4 3 1 4 0 0
20120518 5 3 7 4 0 0
20120518 6 3 9 1 3 6
20120518 7 4 6 2 4 5
20120518 8 9 2 8 6 2
20120518 9 7 2 9 5 2
20120518 10 9 1 7 6 1
20120518 11 2 8 3 2 6
20120519 1 3 1 7 0 0
20120519 2 3 5 1 0 0
20120519 3 7 1 3 0 0
20120519 4 7 2 1 0 0
20120519 5 4 6 7 0 0
20120519 6 9 3 7 6 3
20120519 7 4 7 1 4 5
20120519 8 1 9 2 1 6
20120519 9 1 2 3 1 2
20120519 10 2 1 3 2 1
20120519 11 7 3 8 5 3
20120530 1 3 1 5 0 0
20120530 2 2 4 7 0 0
20120530 3 7 5 3 0 0
20120530 4 4 1 7 0 0
20120530 5 5 1 2 0 0
20120530 6 9 1 5 6 1
20120530 7 4 3 1 4 3
20120530 8 2 7 8 2 5
20120530 9 3 1 6 3 1
20120530 10 3 1 4 3 1
20120530 11 6 1 7 5 1
20120531 1 1 5 7 0 0
20120531 2 5 2 1 0 0
20120531 3 6 3 5 0 0
20120531 4 7 1 5 0 0
20120531 5 1 2 3 0 0
20120531 6 9 4 3 6 4
20120531 7 4 1 2 4 1
20120531 8 2 6 9 2 5
20120531 9 9 5 7 6 4
20120531 10 1 5 7 1 4
20120531 11 1 8 5 1 6
20120601 1 1 3 7 0 0
20120601 2 4 3 6 0 0
20120601 3 4 7 2 0 0
20120601 4 4 1 7 0 0
20120601 5 7 4 2 0 0
20120601 6 6 9 2 5 6
20120601 7 3 8 2 3 6
20120601 8 3 1 5 3 1
20120601 9 3 5 9 3 4
20120601 10 1 2 8 1 2
20120601 11 5 2 7 4 2
20120626 1 3 5 7 0 0
20120626 2 3 2 1 0 0
20120626 3 3 7 5 0 0
20120626 4 1 3 7 0 0
20120626 5 2 3 7 0 0
20120626 6 8 1 7 6 1
20120626 7 2 8 1 2 6
20120626 8 5 1 8 4 1
20120626 9 4 9 5 4 6
20120626 10 6 1 2 5 1
20120626 11 5 9 6 4 6
20120627 1 5 7 2 0 0
20120627 2 1 7 3 0 0
20120627 3 1 5 4 0 0
20120627 4 2 5 3 0 0
20120627 5 3 7 2 0 0
20120627 6 1 2 3 1 2
20120627 7 4 3 9 4 3
20120627 8 1 2 3 1 2
20120627 9 1 3 9 1 3
20120627 10 9 1 2 6 1
20120627 11 3 5 7 3 4
20120628 1 7 2 1 0 0
20120628 2 1 5 7 0 0
20120628 3 3 5 4 0 0
20120628 4 1 2 5 0 0
20120628 5 1 3 5 0 0
20120628 6 2 4 7 2 4
20120628 7 9 1 5 6 1
20120628 8 9 2 1 6 2
20120628 9 8 2 6 6 2
20120628 10 1 7 2 1 5
20120628 11 9 2 7 6 2
20120709 1 4 3 2 4 3
20120709 2 8 2 7 6 2
20120709 3 8 3 5 6 3
20120709 4 5 2 9 4 2
20120709 5 3 6 1 3 5
20120709 6 1 4 7 1 4
20120709 7 7 2 3 5 2
20120709 8 1 7 5 1 5
20120709 9 2 9 1 2 6
20120709 10 3 5 2 3 4
20120709 11 1 5 8 1 4
20120710 1 1 5 9 1 4
20120710 2 7 1 3 5 1
20120710 3 3 1 2 3 1
20120710 4 3 7 1 3 5
20120710 5 2 3 9 2 3
20120710 6 8 3 2 6 3
20120710 7 3 1 2 3 1
20120710 8 8 5 4 6 4
20120710 9 5 1 2 4 1
20120710 10 5 8 2 4 6
20120710 11 7 1 3 5 1
20120711 1 2 3 8 2 3
20120711 2 3 1 2 3 1
20120711 3 7 2 6 5 2
20120711 4 2 1 7 2 1
20120711 5 1 9 3 1 6
20120711 6 2 6 8 2 5
20120711 7 2 1 3 2 1
20120711 8 8 9 1 6 6
20120711 9 3 9 8 3 6
20120711 10 2 8 3 2 6
20120711 11 2 3 5 2 3
20120712 1 7 4 5 5 4
20120712 2 2 1 9 2 1
20120712 3 3 5 9 3 4
20120712 4 5 3 7 4 3
20120712 5 2 6 9 2 5
20120712 6 7 8 2 5 6
20120712 7 7 2 8 5 2
20120712 8 2 1 5 2 1
20120712 9 4 5 1 4 4
20120712 10 5 2 7 4 2
20120712 11 3 1 9 3 1
20120720 1 4 2 7 0 0
20120720 2 2 7 3 0 0
20120720 3 2 5 3 0 0
20120720 4 3 4 1 0 0
20120720 5 7 3 4 0 0
20120720 6 1 6 2 1 5
20120720 7 7 5 2 5 4
20120720 8 1 7 3 1 5
20120720 9 1 7 9 1 5
20120720 10 3 1 2 3 1
20120720 11 6 5 9 5 4
20120721 1 5 2 7 0 0
20120721 2 4 3 1 0 0
20120721 3 3 6 1 0 0
20120721 4 5 2 4 0 0
20120721 5 7 2 4 0 0
20120721 6 3 4 2 3 4
20120721 7 1 4 2 1 4
20120721 8 9 2 1 6 2
20120721 9 1 6 3 1 5
20120721 10 3 7 2 3 5
20120721 11 3 4 1 3 4
20120722 1 3 6 1 0 0
20120722 2 2 4 5 0 0
20120722 3 4 6 5 0 0
20120722 4 5 4 2 0 0
20120722 5 7 3 5 0 0
20120722 6 9 4 5 6 4
20120722 7 2 5 7 2 4
20120722 8 9 2 1 6 2
20120722 9 9 2 3 6 2
20120722 10 1 7 9 1 5
20120722 11 3 9 7 3 6
20120813 1 9 6 2 6 5
20120813 2 2 9 1 2 6
20120813 3 7 1 9 5 1
20120813 4 5 4 1 4 4
20120813 5 2 9 3 2 6
20120813 6 4 1 7 4 1
20120813 7 7 1 9 5 1
20120813 8 6 9 4 5 6
20120813 9 9 1 2 6 1
20120813 10 9 2 1 6 2
20120813 11 9 7 2 6 5
20120814 1 4 9 2 4 6
20120814 2 4 3 5 4 3
20120814 3 1 8 5 1 6
20120814 4 1 7 5 1 5
20120814 5 1 5 9 1 4
20120814 6 9 1 2 6 1
20120814 7 7 1 3 5 1
20120814 8 9 2 3 6 2
20120814 9 9 3 5 6 3
20120814 10 3 5 1 3 4
20120814 11 5 2 1 4 2
20120815 1 3 2 5 3 2
20120815 2 7 1 9 5 1
20120815 3 3 1 2 3 1
20120815 4 1 2 4 1 2
20120815 5 1 2 7 1 2
20120815 6 8 3 7 6 3
20120815 7 3 1 9 3 1
20120815 8 7 1 4 5 1
20120815 9 2 4 1 2 4
20120815 10 1 5 9 1 4
20120815 11 1 5 3 1 4
20120823 1 2 6 4 0 0
20120823 2 1 3 6 0 0
20120823 3 2 6 5 0 0
20120823 4 1 2 7 0 0
20120823 5 2 1 4 0 0
20120823 6 9 8 1 6 6
20120823 7 3 5 7 3 4
20120823 8 8 1 7 6 1
20120823 9 2 4 3 2 4
20120823 10 7 1 4 5 1
20120823 11 9 1 5 6 1
20120824 1 7 5 3 0 0
20120824 2 5 6 7 0 0
20120824 3 7 4 2 0 0
20120824 4 2 5 1 0 0
20120824 5 3 5 4 0 0
20120824 6 1 9 2 1 6
20120824 7 3 9 1 3 6
20120824 8 1 5 4 1 4
20120824 9 7 4 1 5 4
20120824 10 5 9 7 4 6
20120824 11 4 3 6 4 3
20120825 1 4 7 3 0 0
20120825 2 4 7 3 0 0
20120825 3 2 1 5 0 0
20120825 4 2 3 6 0 0
20120825 5 3 1 4 0 0
20120825 6 8 1 5 6 1
20120825 7 1 7 5 1 5
20120825 8 2 1 3 2 1
20120825 9 7 2 4 5 2
20120825 10 1 5 3 1 4
20120825 11 2 9 4 2 6
20121220 1 1 5 4 0 0
20121220 2 3 1 7 0 0
20121220 3 1 4 7 0 0
20121220 4 4 1 2 0 0
20121220 5 1 5 2 0 0
20121220 6 5 9 7 4 6
20121220 7 7 2 9 5 2
20121220 8 5 2 3 4 2
20121220 9 9 3 5 6 3
20121220 10 1 7 3 1 5
20121220 11 9 5 3 6 4
20121221 1 1 4 6 0 0
20121221 2 3 2 1 0 0
20121221 3 4 7 2 0 0
20121221 4 5 3 2 0 0
20121221 5 2 1 5 0 0
20121221 6 2 7 5 2 5
20121221 7 2 7 5 2 5
20121221 8 7 2 5 5 2
20121221 9 5 6 4 4 5
20121221 10 4 1 3 4 1
20121221 11 3 5 9 3 4
20121222 1 1 5 7 0 0
20121222 2 5 4 3 0 0
20121222 3 2 3 4 0 0
20121222 4 1 4 3 0 0
20121222 5 7 4 6 0 0
20121222 6 2 9 7 2 6
20121222 7 9 5 2 6 4
20121222 8 3 8 4 3 6
20121222 9 4 5 1 4 4
20121222 10 7 1 3 5 1
20121222 11 3 1 9 3 1
20130109 1 9 8 1 6 6
20130109 2 7 9 8 5 6
20130109 3 1 7 5 1 5
20130109 4 1 2 7 1 2
20130109 5 3 5 2 3 4
20130109 6 9 3 8 6 3
20130109 7 3 1 5 3 1
20130109 8 3 7 9 3 5
20130109 9 2 5 1 2 4
20130109 10 3 1 2 3 1
20130109 11 9 4 8 6 4
20130110 1 1 5 4 1 4
20130110 2 3 7 2 3 5
20130110 3 2 7 1 2 5
20130110 4 7 3 9 5 3
20130110 5 3 4 9 3 4
20130110 6 5 1 2 4 1
20130110 7 6 8 7 5 6
20130110 8 5 8 1 4 6
20130110 9 1 4 5 1 4
20130110 10 7 5 6 5 4
20130110 11 1 4 3 1 4
20130111 1 5 2 1 4 2
20130111 2 3 9 2 3 6
20130111 3 3 1 5 3 1
20130111 4 9 5 1 6 4
20130111 5 3 2 4 3 2
20130111 6 3 2 1 3 2
20130111 7 7 1 3 5 1
20130111 8 1 2 4 1 2
20130111 9 5 2 8 4 2
20130111 10 3 9 7 3 6
20130111 11 2 8 7 2 6
20130116 1 1 2 6 1 2
20130116 2 3 9 7 3 6
20130116 3 2 5 7 2 4
20130116 4 7 3 1 5 3
20130116 5 7 2 1 5 2
20130116 6 2 1 8 2 1
20130116 7 2 5 9 2 4
20130116 8 9 3 8 6 3
20130116 9 1 5 3 1 4
20130116 10 3 5 1 3 4
20130116 11 3 6 2 3 5
20130117 1 3 2 6 3 2
20130117 2 1 5 7 1 4
20130117 3 7 3 2 5 3
20130117 4 7 2 1 5 2
20130117 5 9 1 6 6 1
20130117 6 9 7 4 6 5
20130117 7 1 5 9 1 4
20130117 8 5 7 6 4 5
20130117 9 3 9 6 3 6
20130117 10 9 1 3 6 1
20130117 11 1 2 4 1 2
20130118 1 9 3 1 6 3
20130118 2 3 7 4 3 5
20130118 3 8 4 3 6 4
20130118 4 9 7 1 6 5
20130118 5 1 7 4 1 5
20130118 6 6 2 8 5 2
20130118 7 4 1 2 4 1
20130118 8 2 5 6 2 4
20130118 9 3 4 7 3 4
20130118 10 9 1 2 6 1
20130118 11 5 2 7 4 2
20130130 1 5 7 3 0 0
20130130 2 7 5 4 0 0
20130130 3 5 3 4 0 0
20130130 4 5 1 3 0 0
20130130 5 1 2 3 0 0
20130130 6 2 5 7 2 4
20130130 7 1 6 5 1 5
20130130 8 6 7 9 5 5
20130130 9 7 3 1 5 3
20130130 10 8 5 3 6 4
20130130 11 8 1 3 6 1
20130131 1 3 2 7 0 0
20130131 2 1 2 3 0 0
20130131 3 7 2 6 0 0
20130131 4 4 6 7 0 0
20130131 5 2 7 1 0 0
20130131 6 3 2 7 3 2
20130131 7 5 3 2 4 3
20130131 8 3 6 5 3 5
20130131 9 3 6 1 3 5
20130131 10 9 1 2 6 1
20130131 11 1 3 9 1 3
20130201 1 3 5 6 0 0
20130201 2 1 2 6 0 0
20130201 3 2 5 1 0 0
20130201 4 6 2 4 0 0
20130201 5 5 7 1 0 0
20130201 6 3 5 1 3 4
20130201 7 5 9 1 4 6
20130201 8 6 4 1 5 4
20130201 9 7 5 9 5 4
20130201 10 4 8 7 4 6
20130201 11 2 5 4 2 4
20130212 1 5 1 2 4 1
20130212 2 3 8 7 3 6
20130212 3 8 2 5 6 2
20130212 4 2 5 9 2 4
20130212 5 7 2 1 5 2
20130212 6 8 7 4 6 5
20130212 7 7 9 2 5 6
20130212 8 5 2 4 4 2
20130212 9 1 7 4 1 5
20130212 10 2 8 7 2 6
20130212 11 4 2 7 4 2
20130213 1 5 2 8 4 2
20130213 2 3 9 1 3 6
20130213 3 6 1 5 5 1
20130213 4 7 9 3 5 6
20130213 5 6 3 8 5 3
20130213 6 5 1 3 4 1
20130213 7 4 1 3 4 1
20130213 8 3 4 9 3 4
20130213 9 9 2 4 6 2
20130213 10 7 9 5 5 6
20130213 11 3 1 7 3 1
20130214 1 2 1 9 2 1
20130214 2 2 1 4 2 1
20130214 3 7 1 2 5 1
20130214 4 4 9 3 4 6
20130214 5 6 3 9 5 3
20130214 6 2 3 7 2 3
20130214 7 3 6 5 3 5
20130214 8 7 6 1 5 5
20130214 9 5 6 3 4 5
20130214 10 7 3 2 5 3
20130214 11 3 7 9 3 5
20130223 1 5 1 4 0 0
20130223 2 5 3 2 0 0
20130223 3 3 5 2 0 0
20130223 4 3 1 2 0 0
20130223 5 7 2 5 0 0
20130223 6 4 6 1 4 5
20130223 7 5 7 2 4 5
20130223 8 5 3 8 4 3
20130223 9 1 9 7 1 6
20130223 10 3 9 2 3 6
20130223 11 8 1 7 6 1
20130224 1 4 6 2 0 0
20130224 2 5 2 3 0 0
20130224 3 1 5 4 0 0
20130224 4 4 7 5 0 0
20130224 5 7 1 4 0 0
20130224 6 2 4 1 2 4
20130224 7 9 5 7 6 4
20130224 8 8 3 2 6 3
20130224 9 1 3 2 1 3
20130224 10 3 4 1 3 4
20130224 11 7 9 2 5 6
20130225 1 1 5 2 0 0
20130225 2 1 7 3 0 0
20130225 3 4 2 6 0 0
20130225 4 7 5 6 0 0
20130225 5 1 3 2 0 0
20130225 6 5 2 1 4 2
20130225 7 2 4 7 2 4
20130225 8 9 8 2 6 6
20130225 9 9 5 1 6 4
20130225 10 2 4 3 2 4
20130225 11 1 9 6 1 6
20130319 1 1 2 8 1 2
20130319 2 6 3 1 5 3
20130319 3 3 9 1 3 6
20130319 4 9 5 6 6 4
20130319 5 9 8 2 6 6
20130319 6 8 3 4 6 3
20130319 7 3 5 2 3 4
20130319 8 5 7 1 4 5
20130319 9 9 2 4 6 2
20130319 10 1 8 2 1 6
20130319 11 9 1 3 6 1
20130320 1 7 1 6 5 1
20130320 2 8 5 2 6 4
20130320 3 6 8 2 5 6
20130320 4 4 2 6 4 2
20130320 5 3 9 6 3 6
20130320 6 3 5 7 3 4
20130320 7 3 9 8 3 6
20130320 8 7 2 9 5 2
20130320 9 7 3 4 5 3
20130320 10 5 7 3 4 5
20130320 11 9 3 1 6 3
20130321 1 1 7 4 1 5
20130321 2 5 3 1 4 3
20130321 3 7 8 3 5 6
20130321 4 2 3 9 2 3
20130321 5 3 2 4 3 2
20130321 6 5 2 6 4 2
20130321 7 1 9 7 1 6
20130321 8 2 5 1 2 4
20130321 9 2 7 5 2 5
20130321 10 1 5 3 1 4
20130321 11 7 4 2 5 4
20130322 1 8 1 5 6 1
20130322 2 2 3 9 2 3
20130322 3 1 2 9 1 2
20130322 4 8 7 1 6 5
20130322 5 6 3 2 5 3
20130322 6 9 3 5 6 3
20130322 7 2 4 5 2 4
20130322 8 3 1 6 3 1
20130322 9 1 7 9 1 5
20130322 10 8 2 7 6 2
20130322 11 7 5 2 5 4
20130323 1 5 7 6 4 5
20130323 2 1 9 5 1 6
20130323 3 5 9 1 4 6
20130323 4 3 1 6 3 1
20130323 5 4 7 1 4 5
20130323 6 9 4 8 6 4
20130323 7 2 3 4 2 3
20130323 8 4 9 3 4 6
20130323 9 7 1 4 5 1
20130323 10 1 6 2 1 5
20130323 11 2 7 1 2 5
20130324 1 3 9 8 3 6
20130324 2 2 1 3 2 1
20130324 3 1 9 2 1 6
20130324 4 9 5 2 6 4
20130324 5 4 2 6 4 2
20130324 6 7 3 4 5 3
20130324 7 7 4 3 5 4
20130324 8 1 3 8 1 3
20130324 9 2 7 4 2 5
20130324 10 1 6 3 1 5
20130324 11 1 9 7 1 6
20130408 1 7 5 1 5 4
20130408 2 1 5 6 1 4
20130408 3 3 1 2 3 1
20130408 4 9 2 3 6 2
20130408 5 1 5 3 1 4
20130408 6 3 1 5 3 1
20130408 7 1 3 9 1 3
20130408 8 8 2 4 6 2
20130408 9 1 3 5 1 3
20130408 10 5 4 8 4 4
20130408 11 9 5 4 6 4
20130409 1 2 5 6 2 4
20130409 2 5 6 8 4 5
20130409 3 5 7 1 4 5
20130409 4 9 7 3 6 5
20130409 5 1 7 9 1 5
20130409 6 4 7 9 4 5
20130409 7 3 1 5 3 1
20130409 8 7 1 3 5 1
20130409 9 9 7 1 6 5
20130409 10 9 1 2 6 1
20130409 11 1 5 2 1 4
20130410 1 4 7 3 4 5
20130410 2 7 8 5 5 6
20130410 3 1 2 5 1 2
20130410 4 9 5 3 6 4
20130410 5 2 9 4 2 6
20130410 6 4 3 2 4 3
20130410 7 9 3 5 6 3
20130410 8 5 6 8 4 5
20130410 9 3 7 2 3 5
20130410 10 2 5 1 2 4
20130410 11 8 7 4 6 5
20130503 1 7 5 1 0 0
20130503 2 1 5 2 0 0
20130503 3 2 5 7 0 0
20130503 4 6 5 2 0 0
20130503 5 7 3 5 0 0
20130503 6 1 3 6 1 3
20130503 7 2 4 3 2 4
20130503 8 5 1 6 4 1
20130503 9 9 3 5 6 3
20130503 10 9 2 6 6 2
20130504 1 2 3 5 0 0
20130504 2 5 1 3 0 0
20130504 3 4 7 1 0 0
20130504 4 3 5 7 0 0
20130504 5 2 7 3 0 0
20130504 6 7 1 4 5 1
20130504 7 2 9 7 2 6
20130504 8 5 7 9 4 5
20130504 9 1 5 3 1 4
20130504 10 3 1 5 3 1
20130505 1 5 2 3 0 0
20130505 2 1 5 3 0 0
20130505 3 5 3 1 0 0
20130505 4 1 3 7 0 0
20130505 5 3 5 6 0 0
20130505 6 7 4 2 5 4
20130505 7 4 5 2 4 4
20130505 8 7 2 9 5 2
20130505 9 4 7 1 4 5
20130505 10 7 4 1 5 4
20130522 1 5 1 4 0 0
20130522 2 1 5 4 0 0
20130522 3 1 2 7 0 0
20130522 4 4 7 1 0 0
20130522 5 5 1 7 0 0
20130522 6 2 5 9 2 4
20130522 7 1 3 2 1 3
20130522 8 1 7 4 1 5
20130522 9 3 4 7 3 4
20130522 10 2 7 8 2 5
20130523 1 5 4 1 0 0
20130523 2 4 1 2 0 0
20130523 3 3 1 2 0 0
20130523 4 5 1 3 0 0
20130523 5 3 5 7 0 0
20130523 6 2 5 8 2 4
20130523 7 9 3 4 6 3
20130523 8 1 9 3 1 6
20130523 9 9 3 2 6 3
20130523 10 3 1 6 3 1
20130524 1 4 7 1 0 0
20130524 2 2 7 4 0 0
20130524 3 2 5 3 0 0
20130524 4 1 7 3 0 0
20130524 5 1 7 6 0 0
20130524 6 9 2 1 6 2
20130524 7 7 9 5 5 6
20130524 8 5 7 2 4 5
20130524 9 3 9 4 3 6
20130524 10 5 3 2 4 3
20130625 1 3 4 7 0 0
20130625 2 5 3 6 0 0
20130625 3 1 3 5 0 0
20130625 4 4 3 2 0 0
20130625 5 1 4 5 0 0
20130625 6 3 5 1 3 4
20130625 7 9 1 7 6 1
20130625 8 1 3 7 1 3
20130625 9 5 1 9 4 1
20130625 10 9 3 2 6 3
20130626 1 1 3 5 0 0
20130626 2 5 2 1 0 0
20130626 3 1 7 5 0 0
20130626 4 4 2 5 0 0
20130626 5 2 1 4 0 0
20130626 6 4 1 5 4 1
20130626 7 7 5 2 5 4
20130626 8 4 2 7 4 2
20130626 9 7 9 5 5 6
20130626 10 7 1 5 5 1
20130627 1 1 5 6 0 0
20130627 2 7 1 4 0 0
20130627 3 7 5 3 0 0
20130627 4 2 5 3 0 0
20130627 5 3 6 2 0 0
20130627 6 7 8 3 5 6
20130627 7 5 1 7 4 1
20130627 8 5 3 9 4 3
20130627 9 2 1 5 2 1
20130627 10 6 9 7 5 6
20130705 1 5 1 2 0 0
20130705 2 2 5 3 0 0
20130705 3 3 1 2 0 0
20130705 4 3 7 2 0 0
20130705 5 4 5 1 0 0
20130705 6 6 7 3 0 0
20130705 7 7 2 4 0 0
20130705 8 2 1 9 2 1
20130705 9 9 1 5 6 1
20130705 10 3 1 5 3 1
20130705 11 9 2 5 6 2
20130705 12 1 8 5 1 6
20130706 1 1 5 7 0 0
20130706 2 3 6 2 0 0
20130706 3 1 4 7 0 0
20130706 4 5 3 7 0 0
20130706 5 1 2 6 0 0
20130706 6 5 4 7 0 0
20130706 7 3 2 1 0 0
20130706 8 7 2 6 5 2
20130706 9 4 7 1 4 5
20130706 10 5 7 1 4 5
20130706 11 9 5 7 6 4
20130706 12 9 3 7 6 3
20130707 1 7 1 6 0 0
20130707 2 3 4 2 0 0
20130707 3 4 2 6 0 0
20130707 4 1 4 7 0 0
20130707 5 7 1 2 0 0
20130707 6 5 1 3 4 1
20130707 7 4 8 7 4 6
20130707 8 2 7 1 0 0
20130707 9 6 1 4 0 0
20130707 10 1 5 2 1 4
20130707 11 1 2 5 1 2
20130707 12 7 9 2 5 6
20130719 1 4 2 5 0 0
20130719 2 7 1 2 0 0
20130719 3 2 3 7 0 0
20130719 4 4 5 7 0 0
20130719 5 5 4 2 0 0
20130719 6 3 1 8 3 1
20130719 7 7 3 2 5 3
20130719 8 2 5 1 2 4
20130719 9 5 2 1 4 2
20130719 10 2 4 7 2 4
20130720 1 4 1 5 0 0
20130720 2 7 2 4 0 0
20130720 3 4 5 7 0 0
20130720 4 7 4 3 0 0
20130720 5 3 1 2 0 0
20130720 6 9 4 5 6 4
20130720 7 2 7 8 2 5
20130720 8 2 5 9 2 4
20130720 9 1 7 2 1 5
20130720 10 5 9 1 4 6
20130721 1 1 5 4 0 0
20130721 2 3 4 2 0 0
20130721 3 3 1 7 0 0
20130721 4 7 1 4 0 0
20130721 5 1 5 2 0 0
20130721 6 3 9 8 3 6
20130721 7 6 5 2 5 4
20130721 8 3 7 1 3 5
20130721 9 1 8 3 1 6
20130721 10 3 1 2 3 1
20130809 1 1 2 3 0 0
20130809 2 5 1 7 0 0
20130809 3 2 4 5 0 0
20130809 4 4 2 5 0 0
20130809 5 5 3 7 0 0
20130809 6 1 5 7 1 4
20130809 7 3 9 4 3 6
20130809 8 2 5 1 2 4
20130809 9 1 2 7 1 2
20130809 10 1 9 3 1 6
20130810 1 6 3 4 0 0
20130810 2 7 6 2 0 0
20130810 3 5 2 4 0 0
20130810 4 2 3 5 0 0
20130810 5 4 7 5 0 0
20130810 6 7 2 6 5 2
20130810 7 3 1 5 3 1
20130810 8 5 1 2 4 1
20130810 9 9 1 3 6 1
20130810 10 7 5 1 5 4
20130811 1 1 2 4 0 0
20130811 2 3 5 7 0 0
20130811 3 2 4 6 0 0
20130811 4 5 7 1 0 0
20130811 5 1 7 5 0 0
20130811 6 3 5 1 3 4
20130811 7 1 5 3 1 4
20130811 8 2 4 7 2 4
20130811 9 7 2 9 5 2
20130811 10 3 2 9 3 2
20130822 1 1 9 3 1 6
20130822 2 7 8 1 5 6
20130822 3 1 2 9 1 2
20130822 4 9 2 6 6 2
20130822 5 8 5 2 6 4
20130822 6 5 2 7 4 2
20130822 7 3 4 9 3 4
20130822 8 3 5 8 3 4
20130822 9 9 1 2 6 1
20130822 10 5 3 9 4 3
20130822 11 2 9 1 2 6
20130823 1 1 3 9 1 3
20130823 2 1 3 7 1 3
20130823 3 1 5 2 1 4
20130823 4 2 1 3 2 1
20130823 5 8 7 2 6 5
20130823 6 2 7 9 2 5
20130823 7 3 1 8 3 1
20130823 8 9 1 5 6 1
20130823 9 1 3 4 1 3
20130823 10 3 5 1 3 4
20130823 11 3 4 7 3 4
20130824 1 7 3 9 5 3
20130824 2 3 7 9 3 5
20130824 3 5 6 7 4 5
20130824 4 8 2 9 6 2
20130824 5 2 5 7 2 4
20130824 6 7 6 5 5 5
20130824 7 2 5 1 2 4
20130824 8 2 3 6 2 3
20130824 9 9 3 2 6 3
20130824 10 9 1 3 6 1
20130824 11 1 2 3 1 2
20130904 1 3 6 7 3 5
20130904 2 2 7 9 2 5
20130904 3 1 7 2 1 5
20130904 4 7 5 3 5 4
20130904 5 6 1 2 5 1
20130904 6 9 3 2 6 3
20130904 7 8 2 9 6 2
20130904 8 2 5 9 2 4
20130904 9 2 9 5 2 6
20130904 10 2 4 1 2 4
20130904 11 1 7 4 1 5
20130905 1 8 1 3 6 1
20130905 2 7 2 9 5 2
20130905 3 3 4 1 3 4
20130905 4 5 1 2 4 1
20130905 5 7 9 2 5 6
20130905 6 7 6 2 5 5
20130905 7 1 2 7 1 2
20130905 8 2 1 5 2 1
20130905 9 1 7 6 1 5
20130905 10 9 1 2 6 1
20130905 11 8 7 1 6 5
20130906 1 7 4 3 5 4
20130906 2 4 2 7 4 2
20130906 3 2 1 7 2 1
20130906 4 2 1 5 2 1
20130906 5 3 1 5 3 1
20130906 6 7 1 5 6 1
20130906 7 5 1 2 5 1
20130906 8 3 1 9 3 1
20130906 9 5 1 9 4 1
20130906 10 1 7 9 1 5
20130906 11 3 5 4 3 4
20130921 1 5 1 4 0 0
20130921 2 1 6 2 0 0
20130921 3 3 6 7 0 0
20130921 4 7 2 5 0 0
20130921 5 5 2 3 0 0
20130921 6 6 3 1 0 0
20130921 7 7 1 3 0 0
20130921 8 1 5 9 1 4
20130921 9 1 4 3 1 4
20130921 10 9 6 2 6 5
20130921 11 3 1 8 3 1
20130921 12 1 9 7 1 6
20130922 1 1 3 5 0 0
20130922 2 3 7 1 0 0
20130922 3 5 2 4 0 0
20130922 4 4 5 1 0 0
20130922 5 4 1 5 0 0
20130922 6 3 2 6 0 0
20130922 7 4 6 5 0 0
20130922 8 3 9 7 3 6
20130922 9 2 9 3 2 6
20130922 10 9 1 7 6 1
20130922 11 5 3 2 4 3
20130922 12 9 5 1 6 4
20130923 1 7 1 2 0 0
20130923 2 2 1 7 0 0
20130923 3 4 1 6 0 0
20130923 4 3 5 7 0 0
20130923 5 2 3 1 0 0
20130923 6 1 9 5 1 6
20130923 7 5 3 7 4 3
20130923 8 1 2 7 0 0
20130923 9 5 1 3 0 0
20130923 10 5 3 4 4 3
20130923 11 2 4 7 2 4
20130923 12 3 6 2 3 5
20131020 1 1 5 4 0 0
20131020 2 1 2 5 0 0
20131020 3 1 3 5 0 0
20131020 4 2 4 7 0 0
20131020 5 5 7 3 0 0
20131020 6 6 2 5 0 0
20131020 7 7 4 5 0 0
20131020 8 5 1 7 4 1
20131020 9 7 2 8 5 2
20131020 10 9 1 7 6 1
20131020 11 1 5 2 1 4
20131020 12 1 2 7 1 2
20131021 1 1 5 3 0 0
20131021 2 3 7 5 0 0
20131021 3 3 7 1 0 0
20131021 4 4 2 7 0 0
20131021 5 2 4 1 0 0
20131021 6 2 1 7 0 0
20131021 7 3 6 7 0 0
20131021 8 1 7 3 1 5
20131021 9 4 9 6 4 6
20131021 10 7 2 3 5 2
20131021 11 4 2 3 4 2
20131021 12 9 7 1 6 5
20131022 1 5 1 3 0 0
20131022 2 1 4 5 0 0
20131022 3 2 5 4 0 0
20131022 4 3 2 1 0 0
20131022 5 2 7 4 0 0
20131022 6 8 7 1 6 5
20131022 7 3 1 2 3 1
20131022 8 1 7 2 0 0
20131022 9 1 2 7 0 0
20131022 10 3 8 9 3 6
20131022 11 5 1 9 4 1
20131022 12 3 5 1 3 4
20131102 1 1 5 4 0 0
20131102 2 2 3 5 0 0
20131102 3 1 3 5 0 0
20131102 4 4 2 5 0 0
20131102 5 5 1 2 0 0
20131102 6 1 9 7 1 6
20131102 7 2 4 9 2 4
20131102 8 1 7 3 1 5
20131102 9 2 1 6 2 1
20131102 10 9 1 5 6 1
20131103 1 2 7 3 0 0
20131103 2 5 4 1 0 0
20131103 3 1 3 5 0 0
20131103 4 1 4 3 0 0
20131103 5 7 3 1 0 0
20131103 6 1 7 5 1 5
20131103 7 5 9 7 4 6
20131103 8 5 1 3 4 1
20131103 9 3 1 5 3 1
20131103 10 7 5 1 5 4
20131104 1 7 3 1 0 0
20131104 2 3 1 2 0 0
20131104 3 1 5 3 0 0
20131104 4 4 1 5 0 0
20131104 5 3 5 1 0 0
20131104 6 5 1 8 4 1
20131104 7 8 2 7 6 2
20131104 8 1 2 4 1 2
20131104 9 2 1 7 2 1
20131104 10 9 5 3 6 4
20131119 1 5 7 9 4 5
20131119 2 4 9 7 4 6
20131119 3 5 1 7 4 1
20131119 4 9 1 5 6 1
20131119 5 2 7 1 2 5
20131119 6 7 2 5 5 2
20131119 7 1 2 7 1 2
20131119 8 2 1 7 2 1
20131119 9 1 9 4 1 6
20131119 10 2 5 9 2 4
20131119 11 1 2 7 1 2
20131120 1 7 9 3 5 6
20131120 2 2 9 7 2 6
20131120 3 5 1 3 4 1
20131120 4 5 6 4 4 5
20131120 5 5 1 9 4 1
20131120 6 5 3 2 4 3
20131120 7 7 5 9 5 4
20131120 8 8 4 3 6 4
20131120 9 7 5 2 5 4
20131120 10 3 7 9 3 5
20131120 11 5 2 1 4 2
20131121 1 7 4 2 5 4
20131121 2 7 9 4 5 6
20131121 3 9 8 5 6 6
20131121 4 9 4 7 6 4
20131121 5 3 7 1 3 5
20131121 6 5 7 1 4 5
20131121 7 1 2 7 1 2
20131121 8 9 1 7 6 1
20131121 9 7 9 5 5 6
20131121 10 7 3 9 5 3
20131121 11 2 4 7 2 4
20131213 1 1 3 2 0 0
20131213 2 4 3 5 0 0
20131213 3 3 2 1 0 0
20131213 4 4 5 7 0 0
20131213 5 2 7 5 0 0
20131213 6 3 9 2 3 6
20131213 7 7 2 5 5 2
20131213 8 1 7 8 1 5
20131213 9 5 2 9 4 2
20131213 10 3 1 2 3 1
20131214 1 1 5 4 0 0
20131214 2 2 7 4 0 0
20131214 3 5 1 4 0 0
20131214 4 5 1 3 0 0
20131214 5 3 1 2 0 0
20131214 6 5 3 2 4 3
20131214 7 3 1 9 3 1
20131214 8 1 2 9 1 2
20131214 9 9 7 1 6 5
20131214 10 2 7 6 2 5
20131215 1 4 1 2 0 0
20131215 2 2 5 1 0 0
20131215 3 1 7 3 0 0
20131215 4 5 1 2 0 0
20131215 5 3 1 5 0 0
20131215 6 6 1 4 5 1
20131215 7 9 1 4 6 1
20131215 8 2 1 9 2 1
20131215 9 3 9 1 3 6
20131215 10 9 2 8 6 2
20131228 1 5 7 1 4 5
20131228 2 4 3 8 4 3
20131228 3 7 3 4 5 3
20131228 4 7 1 2 5 1
20131228 5 1 2 3 1 2
20131228 6 9 2 3 6 2
20131228 7 9 5 2 6 4
20131228 8 1 7 3 1 5
20131228 9 2 9 1 2 6
20131228 10 9 4 3 6 4
20131228 11 3 2 1 0 0
20131229 1 7 6 9 5 5
20131229 2 5 1 9 4 1
20131229 3 5 1 7 4 1
20131229 4 9 7 3 6 5
20131229 5 3 6 4 3 5
20131229 6 1 9 2 1 6
20131229 7 3 9 6 3 6
20131229 8 3 2 5 3 2
20131229 9 1 4 3 1 4
20131229 10 1 5 9 1 4
20131229 11 7 8 9 5 6
20131230 1 4 2 9 4 2
20131230 2 2 7 8 2 5
20131230 3 3 5 4 3 4
20131230 4 3 4 2 3 4
20131230 5 3 2 5 3 2
20131230 6 1 7 5 1 5
20131230 7 5 1 8 4 1
20131230 8 9 1 3 6 1
20131230 9 1 7 4 1 5
20131230 10 2 8 4 2 6
20131230 11 3 6 8 3 5
20140104 1 1 3 6 1 3
20140104 2 2 5 1 2 4
20140104 3 1 4 9 1 4
20140104 4 7 3 2 5 3
20140104 5 9 1 3 6 1
20140104 6 5 1 7 4 1
20140104 7 3 9 8 3 6
20140104 8 7 2 3 5 2
20140104 9 7 1 3 5 1
20140104 10 1 8 4 1 6
20140104 11 2 9 7 2 6
20140105 1 1 7 4 1 5
20140105 2 2 1 7 2 1
20140105 3 7 1 5 5 1
20140105 4 5 9 2 4 6
20140105 5 7 2 3 5 2
20140105 6 9 3 5 6 3
20140105 7 5 9 2 4 6
20140105 8 2 9 3 2 6
20140105 9 5 7 8 4 5
20140105 10 2 9 7 2 6
20140105 11 1 2 9 1 2
20140106 1 7 2 5 5 2
20140106 2 7 5 1 5 4
20140106 3 2 9 7 2 6
20140106 4 3 7 1 3 5
20140106 5 7 2 8 5 2
20140106 6 5 8 9 4 6
20140106 7 9 2 3 6 2
20140106 8 7 8 1 5 6
20140106 9 5 6 1 4 5
20140106 10 2 9 5 2 6
20140106 11 1 7 2 1 5
20140107 1 9 1 4 6 1
20140107 2 3 4 9 3 4
20140107 3 7 1 3 5 1
20140107 4 5 1 9 4 1
20140107 5 6 1 3 5 1
20140107 6 5 2 8 4 2
20140107 7 3 9 1 3 6
20140107 8 3 7 2 3 5
20140107 9 3 8 6 3 6
20140107 10 2 3 7 2 3
20140107 11 7 1 6 5 1
20140131 1 7 4 6 0 0
20140131 2 4 2 5 0 0
20140131 3 3 1 7 0 0
20140131 4 7 4 6 0 0
20140131 5 5 2 1 0 0
20140131 6 4 6 7 0 0
20140131 7 7 2 1 0 0
20140131 8 1 7 2 1 5
20140131 9 6 8 2 5 6
20140131 10 7 1 3 5 1
20140131 11 2 7 5 2 5
20140131 12 9 5 1 6 4
20140201 1 4 3 6 0 0
20140201 2 4 7 5 0 0
20140201 3 2 5 3 0 0
20140201 4 1 3 5 0 0
20140201 5 4 5 7 0 0
20140201 6 3 5 7 0 0
20140201 7 2 7 4 0 0
20140201 8 2 5 3 2 4
20140201 9 3 9 6 3 6
20140201 10 4 8 9 4 6
20140201 11 9 8 1 6 6
20140201 12 1 8 2 1 6
20140202 1 1 6 4 0 0
20140202 2 7 2 5 0 0
20140202 3 1 7 2 0 0
20140202 4 2 4 7 0 0
20140202 5 1 7 2 0 0
20140202 6 5 1 3 4 1
20140202 7 6 3 9 5 3
20140202 8 7 3 4 0 0
20140202 9 5 1 4 0 0
20140202 10 3 1 8 3 1
20140202 11 9 7 1 6 5
20140202 12 3 7 2 3 5
20140304 1 7 1 4 5 1
20140304 2 6 7 5 5 5
20140304 3 1 6 8 1 5
20140304 4 2 4 8 2 4
20140304 5 5 3 4 4 3
20140304 6 2 3 4 2 3
20140304 7 1 5 8 1 4
20140304 8 5 7 9 4 5
20140304 9 3 4 5 3 4
20140304 10 1 9 2 1 6
20140304 11 1 9 8 1 6
20140305 1 1 9 7 1 6
20140305 2 6 2 3 5 2
20140305 3 2 6 7 2 5
20140305 4 2 5 7 2 4
20140305 5 1 3 7 1 3
20140305 6 3 1 9 3 1
20140305 7 9 7 3 6 5
20140305 8 5 3 7 4 3
20140305 9 7 2 5 5 2
20140305 10 7 3 5 5 3
20140305 11 2 5 9 2 4
20140306 1 1 4 3 1 4
20140306 2 1 2 4 1 2
20140306 3 8 1 5 6 1
20140306 4 2 4 8 2 4
20140306 5 2 4 6 2 4
20140306 6 8 2 3 6 2
20140306 7 7 5 1 5 4
20140306 8 1 8 7 1 6
20140306 9 5 3 2 4 3
20140306 10 2 7 5 2 5
20140306 11 1 4 9 1 4
20140329 1 5 2 1 4 2
20140329 2 3 5 7 3 4
20140329 3 2 4 5 2 4
20140329 4 5 1 9 4 1
20140329 5 7 9 3 5 6
20140329 6 1 2 9 1 2
20140329 7 2 1 9 2 1
20140329 8 3 9 2 3 6
20140329 9 1 5 7 1 4
20140329 10 9 1 2 6 1
20140329 11 3 9 2 3 6
20140330 1 1 7 2 1 5
20140330 2 3 9 5 3 6
20140330 3 9 5 8 6 4
20140330 4 2 9 8 2 6
20140330 5 5 3 7 4 3
20140330 6 2 5 9 2 4
20140330 7 5 2 3 4 2
20140330 8 9 2 7 6 2
20140330 9 9 4 5 6 4
20140330 10 3 7 2 3 5
20140330 11 2 5 1 2 4
20140331 1 1 3 7 1 3
20140331 2 2 5 1 2 4
20140331 3 2 3 9 2 3
20140331 4 7 3 1 5 3
20140331 5 4 5 9 4 4
20140331 6 3 7 8 3 5
20140331 7 1 7 9 1 5
20140331 8 3 1 9 3 1
20140331 9 3 7 1 3 5
20140331 10 9 7 3 6 5
20140331 11 1 5 3 1 4
20140401 1 3 1 9 3 1
20140401 2 5 3 9 4 3
20140401 3 4 1 2 4 1
20140401 4 9 8 6 6 6
20140401 5 5 3 7 4 3
20140401 6 7 5 2 5 4
20140401 7 7 4 1 5 4
20140401 8 1 7 3 1 5
20140401 9 1 8 9 1 6
20140401 10 9 6 3 6 5
20140401 11 3 9 8 3 6
20140402 1 9 1 2 6 1
20140402 2 4 3 5 4 3
20140402 3 8 1 7 6 1
20140402 4 7 9 1 5 6
20140402 5 1 9 7 1 6
20140402 6 3 1 7 3 1
20140402 7 6 2 9 5 2
20140402 8 5 2 3 4 2
20140402 9 7 3 1 5 3
20140402 10 9 4 5 6 4
20140402 11 7 1 5 5 1
20140403 1 2 3 5 2 3
20140403 2 3 5 1 3 4
20140403 3 3 9 6 3 6
20140403 4 3 2 9 3 2
20140403 5 8 5 7 6 4
20140403 6 7 3 5 5 3
20140403 7 1 3 8 1 3
20140403 8 9 7 5 6 5
20140403 9 3 5 2 3 4
20140403 10 3 8 1 3 6
20140403 11 1 7 9 1 5
20140417 1 3 5 2 0 0
20140417 2 4 2 1 0 0
20140417 3 2 3 7 0 0
20140417 4 7 4 1 0 0
20140417 5 3 5 7 0 0
20140417 6 3 7 4 3 5
20140417 7 3 5 9 3 4
20140417 8 2 5 4 2 4
20140417 9 3 1 5 3 1
20140417 10 7 1 2 5 1
20140418 1 2 4 1 0 0
20140418 2 4 3 2 0 0
20140418 3 3 7 4 0 0
20140418 4 2 1 3 0 0
20140418 5 1 5 2 0 0
20140418 6 7 2 3 5 2
20140418 7 4 5 3 4 4
20140418 8 2 7 9 2 5
20140418 9 9 5 2 6 4
20140418 10 1 9 2 1 6
20140419 1 1 2 7 0 0
20140419 2 2 7 1 0 0
20140419 3 2 4 7 0 0
20140419 4 5 3 7 0 0
20140419 5 5 1 2 0 0
20140419 6 3 5 6 3 4
20140419 7 2 7 5 2 5
20140419 8 6 3 5 5 3
20140419 9 3 2 5 3 2
20140419 10 1 5 2 1 4
20140507 1 4 1 2 0 0
20140507 2 3 4 2 0 0
20140507 3 1 4 7 0 0
20140507 4 1 4 5 0 0
20140507 5 7 1 5 0 0
20140507 6 1 5 4 1 4
20140507 7 9 1 7 6 1
20140507 8 3 6 9 3 5
20140507 9 1 9 4 1 6
20140507 10 1 3 9 1 3
20140508 1 5 1 7 0 0
20140508 2 3 4 6 0 0
20140508 3 2 3 4 0 0
20140508 4 3 5 4 0 0
20140508 5 1 5 3 0 0
20140508 6 4 9 7 4 6
20140508 7 3 7 4 3 5
20140508 8 9 7 3 6 5
20140508 9 1 5 3 1 4
20140508 10 4 1 7 4 1
20140509 1 6 7 5 0 0
20140509 2 1 4 2 0 0
20140509 3 2 7 4 0 0
20140509 4 5 1 4 0 0
20140509 5 5 4 3 0 0
20140509 6 8 3 7 6 3
20140509 7 1 8 9 1 6
20140509 8 7 9 5 5 6
20140509 9 1 9 5 1 6
20140509 10 7 3 1 5 3
20140519 1 3 1 4 0 0
20140519 2 2 1 4 0 0
20140519 3 1 2 4 0 0
20140519 4 4 1 3 0 0
20140519 5 5 7 2 0 0
20140519 6 5 1 3 4 1
20140519 7 1 4 7 1 4
20140519 8 7 1 9 5 1
20140519 9 3 9 1 3 6
20140519 10 9 1 5 6 1
20140520 1 2 4 5 0 0
20140520 2 5 3 1 0 0
20140520 3 1 6 5 0 0
20140520 4 5 6 7 0 0
20140520 5 4 7 2 0 0
20140520 6 4 8 3 4 6
20140520 7 2 8 9 2 6
20140520 8 3 9 2 3 6
20140520 9 7 2 6 5 2
20140520 10 3 5 7 3 4
20140521 1 5 4 3 0 0
20140521 2 2 4 1 0 0
20140521 3 5 2 6 0 0
20140521 4 2 5 3 0 0
20140521 5 3 7 5 0 0
20140521 6 2 5 3 2 4
20140521 7 5 7 2 4 5
20140521 8 9 1 5 6 1
20140521 9 3 9 7 3 6
20140521 10 2 5 6 2 4
20140620 1 1 2 3 0 0
20140620 2 5 3 7 0 0
20140620 3 1 7 3 0 0
20140620 4 2 3 4 0 0
20140620 5 1 7 3 0 0
20140620 6 5 1 7 0 0
20140620 7 4 3 1 0 0
20140620 8 7 9 2 5 6
20140620 9 2 7 1 2 5
20140620 10 8 2 9 6 2
20140620 11 1 7 2 1 5
20140620 12 1 7 5 1 5
20140621 1 2 7 4 0 0
20140621 2 7 2 5 0 0
20140621 3 7 5 2 0 0
20140621 4 3 5 1 0 0
20140621 5 3 5 7 0 0
20140621 6 3 6 5 0 0
20140621 7 1 5 6 0 0
20140621 8 7 3 1 5 3
20140621 9 5 1 3 4 1
20140621 10 5 6 1 4 5
20140621 11 7 2 8 5 2
20140621 12 5 2 9 4 2
20140622 1 1 4 6 0 0
20140622 2 5 3 1 0 0
20140622 3 2 7 1 0 0
20140622 4 3 7 6 0 0
20140622 5 5 4 1 0 0
20140622 6 1 3 8 1 3
20140622 7 1 7 3 1 6
20140622 8 5 7 4 0 0
20140622 9 7 1 2 0 0
20140622 10 9 7 8 6 5
20140622 11 1 3 2 1 3
20140622 12 1 6 2 1 5
20140710 1 1 2 7 0 0
20140710 2 4 1 6 0 0
20140710 3 4 3 2 0 0
20140710 4 3 5 4 0 0
20140710 5 5 3 1 0 0
20140710 6 6 3 1 0 0
20140710 7 7 5 2 0 0
20140710 8 7 9 1 5 6
20140710 9 9 3 4 6 3
20140710 10 5 7 1 4 5
20140710 11 1 5 3 1 4
20140710 12 4 7 3 4 5
20140711 1 5 2 1 0 0
20140711 2 5 4 2 0 0
20140711 3 6 7 5 0 0
20140711 4 2 1 4 0 0
20140711 5 7 3 1 0 0
20140711 6 3 4 1 0 0
20140711 7 1 5 6 0 0
20140711 8 7 4 1 5 4
20140711 9 9 2 7 6 2
20140711 10 5 1 4 4 1
20140711 11 7 1 3 5 1
20140711 12 7 2 5 5 2
20140712 1 1 5 2 0 0
20140712 2 5 3 2 0 0
20140712 3 2 6 1 0 0
20140712 4 1 3 4 0 0
20140712 5 5 3 6 0 0
20140712 6 2 4 1 2 4
20140712 7 1 9 2 1 6
20140712 8 7 4 1 0 0
20140712 9 1 5 7 0 0
20140712 10 8 5 1 6 4
20140712 11 7 9 6 5 6
20140712 12 5 1 3 4 1
20140722 1 4 2 3 0 0
20140722 2 2 7 4 0 0
20140722 3 3 4 5 0 0
20140722 4 4 6 1 0 0
20140722 5 5 1 2 0 0
20140722 6 3 5 8 3 4
20140722 7 5 2 1 4 2
20140722 8 1 3 7 1 3
20140722 9 1 9 5 1 6
20140722 10 9 2 3 6 2
20140723 1 7 2 3 0 0
20140723 2 5 1 2 0 0
20140723 3 3 7 6 0 0
20140723 4 3 5 2 0 0
20140723 5 7 1 2 0 0
20140723 6 9 7 2 6 5
20140723 7 1 8 4 1 6
20140723 8 5 2 8 4 2
20140723 9 1 2 9 1 2
20140723 10 3 4 5 3 4
20140724 1 5 1 3 0 0
20140724 2 4 3 1 0 0
20140724 3 1 2 4 0 0
20140724 4 3 1 6 0 0
20140724 5 1 3 2 0 0
20140724 6 7 2 6 5 2
20140724 7 7 9 5 5 6
20140724 8 9 1 7 6 1
20140724 9 2 9 4 2 6
20140724 10 2 1 3 2 1
20140818 1 3 9 1 3 6
20140818 2 2 5 9 2 4
20140818 3 3 7 1 3 5
20140818 4 2 7 9 2 5
20140818 5 9 1 2 6 1
20140818 6 2 9 1 2 6
20140818 7 3 7 9 3 5
20140818 8 1 7 9 1 5
20140818 9 9 2 6 6 2
20140818 10 1 7 9 1 5
20140818 11 7 2 4 5 2
20140819 1 5 2 9 4 2
20140819 2 5 2 1 4 2
20140819 3 2 5 9 2 4
20140819 4 7 5 1 5 4
20140819 5 2 5 9 2 4
20140819 6 1 9 7 1 6
20140819 7 9 7 4 6 5
20140819 8 5 2 6 4 2
20140819 9 2 9 1 2 6
20140819 10 1 5 7 1 4
20140819 11 1 8 4 1 6
20140820 1 1 7 3 1 5
20140820 2 8 2 9 6 2
20140820 3 7 2 5 5 2
20140820 4 1 5 2 1 4
20140820 5 9 3 5 6 3
20140820 6 4 8 1 4 6
20140820 7 1 8 5 1 6
20140820 8 5 8 2 4 6
20140820 9 3 5 9 3 4
20140820 10 1 9 5 1 6
20140820 11 9 8 5 6 6
20140902 1 5 1 2 4 1
20140902 2 2 7 1 2 5
20140902 3 7 2 5 5 2
20140902 4 3 2 7 3 2
20140902 5 1 9 4 1 6
20140902 6 3 6 1 3 5
20140902 7 7 2 3 5 2
20140902 8 3 9 5 3 6
20140902 9 2 7 6 2 5
20140902 10 9 6 3 6 5
20140902 11 2 7 9 2 5
20140903 1 6 5 2 5 4
20140903 2 1 5 8 1 4
20140903 3 1 4 9 1 4
20140903 4 1 7 6 1 5
20140903 5 2 8 5 2 6
20140903 6 3 9 5 3 6
20140903 7 3 9 1 3 6
20140903 8 7 3 2 5 3
20140903 9 5 2 1 4 2
20140903 10 2 9 8 2 6
20140903 11 9 1 2 6 1
20140904 1 1 5 3 1 4
20140904 2 1 3 2 1 3
20140904 3 3 2 4 3 2
20140904 4 5 7 4 4 5
20140904 5 3 7 6 3 5
20140904 6 5 4 7 5 4
20140904 7 5 4 1 5 4
20140904 8 1 7 3 1 5
20140904 9 1 2 5 1 2
20140904 10 1 2 3 1 2
20140904 11 1 9 2 1 6
20141001 1 3 7 1 3 5
20141001 2 1 9 3 1 6
20141001 3 7 9 2 5 6
20141001 4 9 3 5 6 3
20141001 5 3 8 1 3 6
20141001 6 8 5 2 6 4
20141001 7 5 7 2 4 5
20141001 8 2 1 3 2 1
20141001 9 1 9 6 1 6
20141001 10 5 3 9 4 3
20141001 11 2 7 9 2 5
20141002 1 4 2 3 4 2
20141002 2 2 5 8 2 4
20141002 3 1 5 4 1 4
20141002 4 1 2 3 1 2
20141002 5 3 1 4 3 1
20141002 6 2 5 9 2 4
20141002 7 1 9 2 1 6
20141002 8 4 1 5 4 1
20141002 9 1 7 3 1 5
20141002 10 7 1 5 5 1
20141002 11 3 9 2 3 6
20141003 1 8 9 6 6 6
20141003 2 5 8 9 4 6
20141003 3 2 7 4 2 5
20141003 4 4 8 2 4 6
20141003 5 6 3 8 5 3
20141003 6 1 9 8 1 6
20141003 7 7 8 9 5 6
20141003 8 1 4 9 1 4
20141003 9 1 9 5 1 6
20141003 10 3 9 5 3 6
20141003 11 5 1 2 4 1
20141011 1 3 5 1 0 0
20141011 2 7 5 3 0 0
20141011 3 3 5 7 0 0
20141011 4 4 7 1 0 0
20141011 5 5 1 7 0 0
20141011 6 1 5 2 1 4
20141011 7 2 3 1 2 3
20141011 8 2 8 3 2 6
20141011 9 1 3 6 1 3
20141011 10 2 9 1 2 6
20141012 1 4 1 2 0 0
20141012 2 3 2 4 0 0
20141012 3 2 1 4 0 0
20141012 4 1 6 3 0 0
20141012 5 2 7 5 0 0
20141012 6 7 3 2 5 3
20141012 7 9 6 2 6 5
20141012 8 1 8 3 1 6
20141012 9 5 3 7 4 3
20141012 10 9 2 3 6 2
20141013 1 1 4 5 0 0
20141013 2 5 2 3 0 0
20141013 3 2 5 7 0 0
20141013 4 5 2 7 0 0
20141013 5 1 7 4 0 0
20141013 6 7 1 5 5 1
20141013 7 7 9 2 5 6
20141013 8 1 9 5 1 6
20141013 9 9 8 4 6 6
20141013 10 3 1 7 3 1
20141108 1 7 5 4 5 4
20141108 2 5 3 2 4 3
20141108 3 3 9 4 3 6
20141108 4 7 4 3 5 4
20141108 5 2 3 7 2 3
20141108 6 3 2 5 3 2
20141108 7 1 2 4 1 2
20141108 8 2 3 7 2 3
20141108 9 7 2 1 5 2
20141108 10 5 7 2 4 5
20141108 11 3 7 4 3 5
20141109 1 1 9 7 1 6
20141109 2 1 2 3 1 2
20141109 3 5 2 6 4 2
20141109 4 5 3 2 4 3
20141109 5 5 2 1 4 2
20141109 6 5 9 7 4 6
20141109 7 2 3 5 2 3
20141109 8 2 7 1 2 5
20141109 9 4 7 1 4 5
20141109 10 7 2 9 5 2
20141109 11 8 4 2 6 4
20141110 1 9 7 3 6 5
20141110 2 7 1 5 5 1
20141110 3 9 7 1 6 5
20141110 4 2 1 7 2 1
20141110 5 7 3 1 5 3
20141110 6 7 1 8 5 1
20141110 7 5 2 9 4 2
20141110 8 4 2 7 4 2
20141110 9 2 3 7 2 3
20141110 10 2 5 9 2 4
20141110 11 1 7 3 1 5
20141129 1 1 3 2 0 0
20141129 2 7 1 5 0 0
20141129 3 1 3 5 0 0
20141129 4 4 1 3 0 0
20141129 5 5 4 1 0 0
20141129 6 2 4 6 0 0
20141129 7 7 6 4 0 0
20141129 8 9 1 7 6 1
20141129 9 3 1 4 3 1
20141129 10 7 5 4 5 4
20141129 11 1 7 5 1 5
20141129 12 9 4 5 6 4
20141130 1 1 5 3 0 0
20141130 2 7 2 4 0 0
20141130 3 7 1 2 0 0
20141130 4 1 7 4 0 0
20141130 5 3 1 4 0 0
20141130 6 7 6 4 0 0
20141130 7 2 4 1 0 0
20141130 8 3 2 9 3 2
20141130 9 1 7 8 1 5
20141130 10 7 9 3 5 6
20141130 11 4 9 1 4 6
20141130 12 1 5 2 1 4
20141201 1 2 1 6 0 0
20141201 2 1 3 6 0 0
20141201 3 4 2 7 0 0
20141201 4 2 3 7 0 0
20141201 5 5 6 3 0 0
20141201 6 4 2 5 4 2
20141201 7 9 4 7 6 4
20141201 8 7 1 2 0 0
20141201 9 3 7 5 0 0
20141201 10 3 1 9 3 1
20141201 11 7 1 6 5 1
20141201 12 3 1 7 3 1
20141210 1 4 9 7 4 6
20141210 2 3 9 2 3 6
20141210 3 1 4 5 1 4
20141210 4 7 8 2 5 6
20141210 5 2 5 3 2 4
20141210 6 5 2 4 4 2
20141210 7 1 3 2 1 3
20141210 8 9 4 1 6 4
20141210 9 9 5 7 6 4
20141210 10 7 2 1 5 2
20141210 11 1 6 2 1 5
20141211 1 2 8 5 2 6
20141211 2 9 1 7 6 1
20141211 3 8 3 1 6 3
20141211 4 7 4 1 5 4
20141211 5 5 1 3 4 1
20141211 6 7 5 9 5 4
20141211 7 5 1 9 4 1
20141211 8 1 5 2 1 4
20141211 9 4 7 1 4 5
20141211 10 7 8 1 5 6
20141211 11 1 5 8 1 4
20141212 1 7 1 9 5 1
20141212 2 5 1 9 4 1
20141212 3 2 1 7 2 1
20141212 4 7 3 4 5 3
20141212 5 6 1 3 5 1
20141212 6 3 2 9 3 2
20141212 7 3 5 9 3 4
20141212 8 7 5 2 5 4
20141212 9 7 2 5 5 2
20141212 10 1 5 8 1 4
20141212 11 2 5 8 2 4
20141227 1 3 1 7 0 0
20141227 2 2 7 1 0 0
20141227 3 7 3 5 0 0
20141227 4 4 1 2 0 0
20141227 5 5 1 4 0 0
20141227 6 4 5 9 4 4
20141227 7 5 1 4 4 1
20141227 8 9 5 1 6 4
20141227 9 2 4 7 2 4
20141227 10 9 6 3 6 5
20141228 1 1 5 2 0 0
20141228 2 2 5 1 0 0
20141228 3 1 7 5 0 0
20141228 4 3 1 2 0 0
20141228 5 6 3 4 0 0
20141228 6 3 4 7 3 4
20141228 7 7 3 1 5 3
20141228 8 3 7 5 3 5
20141228 9 3 9 5 3 6
20141228 10 2 5 3 2 4
20141229 1 2 7 5 0 0
20141229 2 3 5 7 0 0
20141229 3 3 1 6 0 0
20141229 4 2 6 1 0 0
20141229 5 7 1 6 0 0
20141229 6 2 4 3 2 4
20141229 7 1 2 5 1 2
20141229 8 5 1 4 4 1
20141229 9 2 3 6 2 3
20141229 10 1 5 9 1 4
20150104 1 8 3 7 6 3
20150104 2 9 7 1 6 5
20150104 3 3 9 8 3 6
20150104 4 5 3 8 4 3
20150104 5 4 3 9 4 3
20150104 6 1 9 3 1 6
20150104 7 1 7 4 1 5
20150104 8 2 1 3 2 1
20150104 9 7 2 8 5 2
20150104 10 2 9 3 2 6
20150104 11 5 1 2 4 1
20150104 12 1 7 6 1 5
20150105 1 3 7 4 3 5
20150105 2 4 1 5 4 1
20150105 3 7 5 2 5 4
20150105 4 7 5 3 5 4
20150105 5 2 4 5 2 4
20150105 6 5 1 3 4 1
20150105 7 3 9 1 3 6
20150105 8 4 2 1 4 2
20150105 9 5 2 8 4 2
20150105 10 9 8 1 6 6
20150105 11 4 2 5 4 2
20150105 12 9 4 7 6 4
20150106 1 9 5 8 6 4
20150106 2 7 4 2 5 4
20150106 3 9 5 3 6 4
20150106 4 2 6 3 2 5
20150106 5 5 3 9 4 3
20150106 6 1 5 9 1 4
20150106 7 4 1 9 4 1
20150106 8 9 1 2 6 1
20150106 9 7 9 1 5 6
20150106 10 3 4 8 3 4
20150106 11 2 7 5 2 5
20150106 12 2 3 8 2 3
20150107 1 5 1 7 4 1
20150107 2 5 1 8 4 1
20150107 3 5 4 3 4 4
20150107 4 1 3 7 1 3
20150107 5 9 1 7 6 1
20150107 6 9 1 4 6 1
20150107 7 3 1 7 3 1
20150107 8 1 5 2 1 4
20150107 9 1 9 6 1 6
20150107 10 9 1 7 6 1
20150107 11 2 1 3 2 1
20150131 1 1 7 4 0 0
20150131 2 2 3 4 0 0
20150131 3 3 5 7 0 0
20150131 4 1 4 7 0 0
20150131 5 2 5 4 0 0
20150131 6 1 9 5 1 6
20150131 7 1 3 5 1 3
20150131 8 3 4 2 3 4
20150131 9 5 2 7 4 2
20150131 10 2 7 4 2 5
20150201 1 5 2 1 0 0
20150201 2 5 7 6 0 0
20150201 3 3 2 5 0 0
20150201 4 1 3 7 0 0
20150201 5 7 2 3 0 0
20150201 6 2 5 3 2 4
20150201 7 8 3 4 6 3
20150201 8 1 4 6 1 4
20150201 9 3 7 2 3 5
20150201 10 9 5 1 6 4
20150202 1 7 3 5 0 0
20150202 2 2 4 7 0 0
20150202 3 2 3 6 0 0
20150202 4 5 4 2 0 0
20150202 5 2 4 3 0 0
20150202 6 2 9 8 2 6
20150202 7 5 2 9 4 2
20150202 8 5 3 9 4 3
20150202 9 6 4 2 5 4
20150202 10 8 5 2 6 4
20150328 1 5 7 1 4 5
20150328 2 5 1 3 4 1
20150328 3 6 1 9 5 1
20150328 4 5 7 1 4 5
20150328 5 1 3 6 1 3
20150328 6 1 7 3 0 0
20150328 7 6 2 4 0 0
20150328 8 9 3 4 6 3
20150328 9 3 2 9 3 2
20150328 10 2 9 3 2 6
20150328 11 4 3 1 4 3
20150328 12 1 5 9 1 4
20150329 1 7 6 9 5 5
20150329 2 5 1 2 4 1
20150329 3 1 7 2 1 5
20150329 4 5 6 3 4 5
20150329 5 7 9 3 5 6
20150329 6 3 4 7 0 0
20150329 7 2 4 1 0 0
20150329 8 2 5 9 2 4
20150329 9 7 1 5 5 1
20150329 10 5 2 7 4 2
20150329 11 1 7 8 1 5
20150329 12 3 2 7 3 2
20150330 1 1 4 3 1 4
20150330 2 7 3 2 5 3
20150330 3 2 7 8 2 5
20150330 4 7 3 5 5 3
20150330 5 3 1 5 0 0
20150330 6 2 7 8 2 5
20150330 7 1 9 2 1 6
20150330 8 2 8 5 2 6
20150330 9 4 1 6 0 0
20150330 10 2 1 8 2 1
20150330 11 2 7 8 2 5
20150330 12 7 2 3 5 2
20150406 1 5 7 8 4 5
20150406 2 7 1 5 5 1
20150406 3 9 3 6 6 3
20150406 4 9 3 7 6 3
20150406 5 7 1 9 5 1
20150406 6 1 2 7 1 2
20150406 7 1 6 4 1 5
20150406 8 7 1 8 5 1
20150406 9 2 5 6 2 4
20150406 10 1 5 9 1 4
20150406 11 2 3 7 2 3
20150407 1 7 1 4 5 1
20150407 2 5 7 2 4 5
20150407 3 2 3 1 2 3
20150407 4 1 2 6 1 2
20150407 5 5 9 1 4 6
20150407 6 3 1 6 3 1
20150407 7 2 9 7 2 6
20150407 8 9 7 5 6 5
20150407 9 3 7 6 3 5
20150407 10 5 2 3 4 2
20150407 11 3 4 2 3 4
20150408 1 5 1 9 4 1
20150408 2 4 9 5 4 6
20150408 3 5 2 3 4 2
20150408 4 7 1 4 5 1
20150408 5 8 9 3 6 6
20150408 6 5 7 1 4 5
20150408 7 1 9 7 1 6
20150408 8 3 5 4 3 4
20150408 9 3 8 1 3 6
20150408 10 7 1 2 5 1
20150408 11 5 4 3 4 4
20150503 1 5 1 3 0 0
20150503 2 7 1 2 0 0
20150503 3 2 7 4 0 0
20150503 4 7 2 5 0 0
20150503 5 2 4 7 0 0
20150503 6 3 9 1 3 6
20150503 7 2 7 3 2 5
20150503 8 3 7 5 3 5
20150503 9 7 1 9 5 1
20150503 10 5 8 7 4 6
20150504 1 5 7 6 0 0
20150504 2 4 7 1 0 0
20150504 3 2 1 4 0 0
20150504 4 4 2 5 0 0
20150504 5 2 7 4 0 0
20150504 6 1 8 9 1 6
20150504 7 7 2 1 5 2
20150504 8 8 3 7 6 3
20150504 9 3 9 2 3 6
20150504 10 3 1 8 3 1
20150505 1 1 4 7 0 0
20150505 2 1 3 5 0 0
20150505 3 4 7 1 0 0
20150505 4 3 7 1 0 0
20150505 5 3 6 4 0 0
20150505 6 3 2 7 3 2
20150505 7 3 5 6 3 4
20150505 8 9 5 1 6 4
20150505 9 5 7 1 4 5
20150505 10 9 6 2 6 5
20150527 1 7 2 3 5 2
20150527 2 4 1 2 4 1
20150527 3 3 9 2 3 6
20150527 4 9 1 7 6 1
20150527 5 3 7 1 3 5
20150527 6 7 8 3 5 6
20150527 7 3 9 6 3 6
20150527 8 3 7 5 3 5
20150527 9 7 3 2 5 3
20150527 10 9 7 4 6 5
20150527 11 2 3 5 2 3
20150528 1 9 4 2 6 4
20150528 2 2 1 9 2 1
20150528 3 3 4 9 3 4
20150528 4 7 5 2 5 4
20150528 5 5 7 1 4 5
20150528 6 8 1 3 6 1
20150528 7 2 3 9 2 3
20150528 8 9 7 1 6 5
20150528 9 9 8 2 6 6
20150528 10 2 5 3 2 4
20150528 11 3 5 1 3 4
20150529 1 2 4 8 2 4
20150529 2 3 5 7 3 4
20150529 3 3 1 9 3 1
20150529 4 5 9 3 4 6
20150529 5 5 1 2 4 1
20150529 6 7 1 8 6 1
20150529 7 5 2 6 4 2
20150529 8 6 3 1 5 3
20150529 9 6 7 2 5 5
20150529 10 9 2 3 6 2
20150529 11 2 9 1 2 6
20150622 1 2 1 4 0 0
20150622 2 7 2 4 0 0
20150622 3 1 3 2 0 0
20150622 4 4 1 7 0 0
20150622 5 2 1 7 0 0
20150622 6 8 5 6 6 4
20150622 7 9 3 2 6 3
20150622 8 9 1 2 6 1
20150622 9 4 2 1 4 2
20150622 10 9 2 3 6 2
20150623 1 7 2 1 0 0
20150623 2 5 2 4 0 0
20150623 3 3 2 5 0 0
20150623 4 1 3 4 0 0
20150623 5 4 2 1 0 0
20150623 6 9 2 5 6 2
20150623 7 4 2 3 4 2
20150623 8 4 3 7 4 3
20150623 9 5 1 9 4 1
20150623 10 9 1 4 6 1
20150624 1 6 2 7 0 0
20150624 2 6 3 1 0 0
20150624 3 6 3 1 0 0
20150624 4 7 3 4 0 0
20150624 5 2 5 7 0 0
20150624 6 1 5 2 1 4
20150624 7 7 2 3 5 2
20150624 8 8 3 2 6 3
20150624 9 3 7 9 3 5
20150624 10 5 6 9 4 5
