20120423 1 1 7 2 1 5
20120423 2 1 5 2 1 4
20120423 3 2 9 3 2 6
20120423 4 7 2 8 5 2
20120423 5 7 1 4 5 1
20120423 6 6 1 5 5 1
20120423 7 1 4 6 1 4
20120423 8 5 7 1 4 5
20120423 9 3 1 7 3 1
20120423 10 7 1 5 5 1
20120423 11 7 9 6 5 6
20120423 12 2 5 3 2 4
20120424 1 7 1 9 5 1
20120424 2 7 5 2 5 4
20120424 3 4 3 2 4 3
20120424 4 3 4 8 3 4
20120424 5 9 1 5 6 1
20120424 6 5 7 3 4 5
20120424 7 4 7 2 4 6
20120424 8 2 5 8 2 5
20120424 9 4 5 3 4 4
20120424 10 2 7 5 2 5
20120424 11 3 9 2 3 6
20120424 12 1 7 5 1 5
20120425 1 3 2 4 3 2
20120425 2 1 2 5 1 2
20120425 3 3 7 1 3 5
20120425 4 9 7 3 6 5
20120425 5 5 1 7 4 1
20120425 6 5 9 2 4 6
20120425 7 2 5 8 2 4
20120425 8 3 2 1 3 2
20120425 9 5 7 2 4 5
20120425 10 2 4 9 2 4
20120425 11 1 4 9 1 4
20120425 12 1 5 3 1 4
20120501 1 5 3 1 0 0
20120501 2 1 3 7 0 0
20120501 3 3 2 5 0 0
20120501 4 5 3 2 0 0
20120501 5 1 3 5 0 0
20120501 6 1 4 3 1 4
20120501 7 2 1 5 2 1
20120501 8 2 1 3 2 1
20120501 9 1 9 3 1 6
20120501 10 7 3 9 5 3
20120501 11 2 6 4 2 5
20120502 1 2 4 6 0 0
20120502 2 1 5 4 0 0
20120502 3 1 5 6 0 0
20120502 4 3 5 7 0 0
20120502 5 7 2 3 0 0
20120502 6 2 1 4 2 1
20120502 7 7 3 2 5 3
20120502 8 6 9 5 5 6
20120502 9 3 8 2 3 6
20120502 10 5 2 3 4 2
20120502 11 7 1 5 5 1
20120503 1 7 3 5 0 0
20120503 2 1 7 3 0 0
20120503 3 3 7 6 0 0
20120503 4 1 7 2 0 0
20120503 5 5 1 7 0 0
20120503 6 1 5 3 1 4
20120503 7 5 8 7 4 6
20120503 8 9 4 1 6 4
20120503 9 7 1 4 5 1
20120503 10 1 5 4 1 4
20120503 11 2 4 6 2 4
20120530 1 5 1 4 0 0
20120530 2 5 7 1 0 0
20120530 3 2 3 7 0 0
20120530 4 5 3 1 0 0
20120530 5 3 7 2 0 0
20120530 6 1 5 7 1 4
20120530 7 7 1 3 5 1
20120530 8 7 3 1 5 3
20120530 9 9 1 5 6 1
20120530 10 2 5 7 2 4
20120530 11 3 7 8 3 5
20120531 1 7 1 4 0 0
20120531 2 7 6 2 0 0
20120531 3 7 4 3 0 0
20120531 4 5 4 3 0 0
20120531 5 1 5 4 0 0
20120531 6 1 9 5 1 6
20120531 7 5 4 2 4 4
20120531 8 9 4 1 6 4
20120531 9 7 4 1 5 4
20120531 10 5 1 3 4 1
20120531 11 1 5 2 1 4
20120601 1 5 1 2 0 0
20120601 2 3 4 7 0 0
20120601 3 1 4 5 0 0
20120601 4 7 3 1 0 0
20120601 5 5 1 4 0 0
20120601 6 7 5 4 5 4
20120601 7 9 1 8 6 1
20120601 8 2 1 7 2 1
20120601 9 4 8 1 4 6
20120601 10 1 9 7 1 6
20120601 11 8 5 6 6 4
20120611 1 7 4 1 0 0
20120611 2 2 1 6 0 0
20120611 3 2 7 4 0 0
20120611 4 5 4 3 0 0
20120611 5 4 7 1 0 0
20120611 6 2 3 4 2 3
20120611 7 5 8 4 4 6
20120611 8 9 1 2 6 1
20120611 9 1 3 2 1 3
20120611 10 3 9 5 3 6
20120611 11 9 2 7 6 2
20120612 1 3 4 2 0 0
20120612 2 7 3 1 0 0
20120612 3 4 3 1 0 0
20120612 4 4 5 2 0 0
20120612 5 1 5 2 0 0
20120612 6 6 1 2 5 1
20120612 7 2 5 3 2 4
20120612 8 8 3 7 6 3
20120612 9 2 4 7 2 4
20120612 10 5 2 1 4 2
20120612 11 7 1 4 5 1
20120613 1 1 7 4 0 0
20120613 2 3 5 7 0 0
20120613 3 1 3 7 0 0
20120613 4 7 5 1 0 0
20120613 5 5 6 4 0 0
20120613 6 1 3 5 1 3
20120613 7 3 1 9 3 1
20120613 8 1 9 3 1 6
20120613 9 6 1 2 5 1
20120613 10 2 6 5 2 5
20120613 11 1 3 4 1 3
20120626 1 5 2 3 4 2
20120626 2 9 4 6 6 4
20120626 3 3 5 7 3 4
20120626 4 2 1 3 2 1
20120626 5 1 2 3 1 2
20120626 6 9 3 4 6 3
20120626 7 7 3 5 5 3
20120626 8 5 2 7 4 2
20120626 9 9 1 5 6 1
20120626 10 7 2 4 5 2
20120626 11 3 9 4 3 6
20120626 12 6 4 3 5 4
20120627 1 9 6 5 6 5
20120627 2 1 2 5 1 2
20120627 3 2 5 3 2 4
20120627 4 8 9 4 6 6
20120627 5 1 8 4 1 6
20120627 6 7 2 5 5 2
20120627 7 5 3 7 5 3
20120627 8 2 1 7 2 1
20120627 9 2 7 1 2 5
20120627 10 1 9 8 1 6
20120627 11 5 2 6 4 2
20120627 12 7 1 3 5 1
20120628 1 5 1 3 4 1
20120628 2 7 4 1 5 4
20120628 3 2 7 6 2 5
20120628 4 4 2 9 4 2
20120628 5 4 9 2 4 6
20120628 6 6 2 4 5 2
20120628 7 9 4 7 6 4
20120628 8 7 8 3 5 6
20120628 9 1 7 3 1 5
20120628 10 5 7 2 4 5
20120628 11 9 3 5 6 3
20120628 12 9 5 7 6 4
20120713 1 4 1 7 0 0
20120713 2 1 2 7 0 0
20120713 3 2 5 1 0 0
20120713 4 7 6 4 0 0
20120713 5 5 3 1 0 0
20120713 6 7 3 4 0 0
20120713 7 2 6 4 0 0
20120713 8 5 2 9 4 2
20120713 9 9 3 4 6 3
20120713 10 1 5 2 1 4
20120713 11 5 7 1 4 5
20120713 12 5 8 4 4 6
20120714 1 2 7 4 0 0
20120714 2 2 5 4 0 0
20120714 3 5 1 7 0 0
20120714 4 4 5 2 0 0
20120714 5 5 1 4 0 0
20120714 6 5 1 4 0 0
20120714 7 5 6 3 0 0
20120714 8 5 3 1 4 3
20120714 9 2 8 7 2 6
20120714 10 3 7 6 3 5
20120714 11 8 5 7 6 4
20120714 12 7 3 9 5 3
20120715 1 2 1 3 0 0
20120715 2 1 4 6 0 0
20120715 3 5 7 3 0 0
20120715 4 2 7 4 0 0
20120715 5 5 2 1 0 0
20120715 6 2 7 8 2 5
20120715 7 9 2 5 6 2
20120715 8 2 4 1 0 0
20120715 9 6 3 1 0 0
20120715 10 2 1 5 2 1
20120715 11 2 9 5 2 6
20120715 12 7 2 9 5 2
20120724 1 2 4 1 0 0
20120724 2 1 7 5 0 0
20120724 3 1 5 4 0 0
20120724 4 3 4 6 0 0
20120724 5 2 5 7 0 0
20120724 6 1 3 2 0 0
20120724 7 7 1 2 0 0
20120724 8 3 7 5 3 5
20120724 9 3 9 1 3 6
20120724 10 2 3 1 2 3
20120724 11 7 3 1 5 3
20120724 12 4 1 2 4 1
20120725 1 3 4 2 0 0
20120725 2 2 4 7 0 0
20120725 3 7 1 5 0 0
20120725 4 2 7 3 0 0
20120725 5 1 5 2 0 0
20120725 6 7 1 5 0 0
20120725 7 4 1 3 0 0
20120725 8 3 5 4 3 4
20120725 9 1 3 4 1 3
20120725 10 7 1 4 5 1
20120725 11 3 7 1 3 5
20120725 12 7 3 5 5 3
20120726 1 5 3 2 0 0
20120726 2 1 3 4 0 0
20120726 3 2 7 6 0 0
20120726 4 2 7 5 0 0
20120726 5 7 5 1 0 0
20120726 6 2 5 9 2 4
20120726 7 7 2 5 5 2
20120726 8 3 1 5 0 0
20120726 9 1 6 5 0 0
20120726 10 9 4 2 6 4
20120726 11 7 5 1 5 4
20120726 12 1 5 3 1 4
20120809 1 4 3 9 4 3
20120809 2 5 7 3 4 5
20120809 3 1 3 8 1 3
20120809 4 3 8 2 3 6
20120809 5 3 8 4 3 6
20120809 6 2 3 6 2 3
20120809 7 5 3 8 4 3
20120809 8 9 2 1 6 2
20120809 9 2 7 4 2 5
20120809 10 7 3 9 5 3
20120809 11 9 1 5 6 1
20120810 1 4 1 2 4 1
20120810 2 1 5 2 1 4
20120810 3 5 2 9 4 2
20120810 4 4 2 7 4 2
20120810 5 8 5 7 6 4
20120810 6 8 2 7 6 2
20120810 7 9 1 4 6 1
20120810 8 9 5 6 6 4
20120810 9 1 3 5 1 3
20120810 10 7 8 2 5 6
20120810 11 2 7 3 2 5
20120811 1 1 7 3 1 5
20120811 2 5 7 3 4 5
20120811 3 3 7 1 3 5
20120811 4 1 4 6 1 4
20120811 5 1 7 9 1 5
20120811 6 2 8 7 2 6
20120811 7 6 4 7 5 4
20120811 8 3 7 5 3 5
20120811 9 4 1 8 4 1
20120811 10 8 2 3 6 2
20120811 11 9 6 8 6 5
20120812 1 3 9 7 3 6
20120812 2 5 7 8 4 5
20120812 3 1 9 3 1 6
20120812 4 9 1 8 6 1
20120812 5 3 6 8 3 5
20120812 6 2 5 9 2 4
20120812 7 3 6 7 3 5
20120812 8 7 1 8 5 1
20120812 9 3 2 7 3 2
20120812 10 1 5 9 1 4
20120812 11 1 2 9 1 2
20120905 1 1 3 8 1 3
20120905 2 2 3 7 2 3
20120905 3 3 7 2 3 5
20120905 4 3 5 2 3 4
20120905 5 6 9 3 5 6
20120905 6 3 1 7 0 0
20120905 7 5 2 4 0 0
20120905 8 7 5 4 5 4
20120905 9 3 7 1 3 5
20120905 10 1 5 3 1 4
20120905 11 9 1 7 6 1
20120905 12 9 3 7 6 3
20120906 1 7 5 6 5 4
20120906 2 5 3 6 4 3
20120906 3 2 1 7 2 1
20120906 4 4 3 5 4 3
20120906 5 2 5 3 2 4
20120906 6 6 7 1 0 0
20120906 7 3 1 5 0 0
20120906 8 2 5 9 2 4
20120906 9 3 9 4 3 6
20120906 10 3 1 2 3 1
20120906 11 6 8 9 5 6
20120906 12 9 2 3 6 2
20120907 1 6 2 5 5 2
20120907 2 1 8 9 1 6
20120907 3 5 1 7 4 1
20120907 4 3 7 2 3 5
20120907 5 7 1 2 0 0
20120907 6 9 1 4 6 1
20120907 7 2 8 9 2 6
20120907 8 2 8 9 2 6
20120907 9 2 1 4 0 0
20120907 10 3 9 4 3 6
20120907 11 9 1 4 6 1
20120907 12 7 1 5 5 1
20120918 1 1 3 7 0 0
20120918 2 2 5 7 0 0
20120918 3 3 4 1 0 0
20120918 4 3 2 7 0 0
20120918 5 1 6 4 0 0
20120918 6 1 5 7 1 4
20120918 7 3 7 2 3 5
20120918 8 2 9 7 2 6
20120918 9 1 2 5 1 2
20120918 10 1 4 7 1 4
20120918 11 9 3 2 6 3
20120919 1 5 1 7 0 0
20120919 2 5 2 1 0 0
20120919 3 2 3 6 0 0
20120919 4 5 1 2 0 0
20120919 5 3 1 2 0 0
20120919 6 7 2 1 5 2
20120919 7 7 3 4 5 3
20120919 8 7 3 8 5 3
20120919 9 1 3 6 1 3
20120919 10 6 5 3 5 4
20120919 11 9 3 7 6 3
20120920 1 6 1 3 0 0
20120920 2 4 1 7 0 0
20120920 3 5 3 7 0 0
20120920 4 3 2 5 0 0
20120920 5 7 5 9 5 4
20120920 6 1 9 7 1 6
20120920 7 2 5 4 0 0
20120920 8 1 5 7 1 4
20120920 9 1 7 3 1 5
20120920 10 9 1 4 6 1
20120920 11 4 6 1 4 5
20121013 1 3 4 7 0 0
20121013 2 1 3 5 0 0
20121013 3 2 1 7 0 0
20121013 4 2 7 3 0 0
20121013 5 3 1 7 0 0
20121013 6 1 5 8 1 4
20121013 7 9 7 8 6 5
20121013 8 9 2 7 6 2
20121013 9 7 2 3 5 2
20121013 10 8 3 7 6 3
20121013 11 3 9 1 3 6
20121014 1 7 3 2 0 0
20121014 2 1 3 5 0 0
20121014 3 4 1 2 0 0
20121014 4 4 1 2 0 0
20121014 5 5 7 4 0 0
20121014 6 5 4 9 4 4
20121014 7 7 2 5 5 2
20121014 8 1 9 3 1 6
20121014 9 2 1 7 2 1
20121014 10 3 7 4 3 5
20121014 11 1 7 2 1 5
20121015 1 4 2 3 0 0
20121015 2 1 4 3 0 0
20121015 3 1 2 5 0 0
20121015 4 7 1 5 0 0
20121015 5 9 1 5 6 1
20121015 6 2 5 1 2 4
20121015 7 1 3 2 0 0
20121015 8 5 6 7 4 5
20121015 9 2 7 1 2 5
20121015 10 1 8 6 1 6
20121015 11 3 4 9 3 4
20121029 1 4 2 9 4 2
20121029 2 2 1 8 2 1
20121029 3 1 6 5 1 5
20121029 4 2 9 7 2 6
20121029 5 4 1 5 4 1
20121029 6 3 5 2 0 0
20121029 7 2 7 1 0 0
20121029 8 8 1 4 6 1
20121029 9 7 1 5 5 1
20121029 10 7 1 9 5 1
20121029 11 2 3 7 2 3
20121029 12 3 1 7 3 1
20121030 1 5 7 2 4 5
20121030 2 7 1 6 5 1
20121030 3 7 4 9 5 4
20121030 4 1 8 7 1 6
20121030 5 3 7 1 3 5
20121030 6 4 1 6 0 0
20121030 7 3 7 6 0 0
20121030 8 9 1 5 6 1
20121030 9 5 1 9 4 1
20121030 10 3 7 8 3 5
20121030 11 7 3 8 5 3
20121030 12 3 1 9 3 1
20121031 1 1 7 2 1 5
20121031 2 1 9 5 1 6
20121031 3 7 1 2 5 1
20121031 4 9 2 5 6 2
20121031 5 3 1 4 0 0
20121031 6 5 8 2 4 6
20121031 7 2 5 7 2 4
20121031 8 5 2 4 4 2
20121031 9 6 3 7 0 0
20121031 10 5 3 7 4 3
20121031 11 2 7 4 2 5
20121031 12 3 1 2 3 1
20121120 1 2 5 7 2 4
20121120 2 7 1 3 5 1
20121120 3 9 1 4 6 1
20121120 4 7 1 8 5 1
20121120 5 5 9 3 4 6
20121120 6 2 6 9 2 5
20121120 7 7 3 8 5 3
20121120 8 5 1 2 4 1
20121120 9 7 1 3 5 1
20121120 10 3 7 4 3 5
20121120 11 1 8 9 1 6
20121121 1 1 5 8 1 4
20121121 2 1 4 9 1 4
20121121 3 1 5 3 1 4
20121121 4 4 5 3 4 4
20121121 5 3 1 7 3 1
20121121 6 2 6 8 2 5
20121121 7 1 3 8 1 3
20121121 8 5 8 6 4 6
20121121 9 5 6 4 4 5
20121121 10 2 7 3 2 5
20121121 11 2 1 9 2 1
20121122 1 1 5 7 1 4
20121122 2 7 2 9 5 2
20121122 3 3 5 4 3 4
20121122 4 3 7 1 3 5
20121122 5 7 1 5 5 1
20121122 6 4 2 5 4 2
20121122 7 2 9 6 2 6
20121122 8 5 2 4 4 2
20121122 9 7 2 3 5 2
20121122 10 1 7 3 1 5
20121122 11 1 9 7 1 6
20121218 1 1 7 2 0 0
20121218 2 3 5 2 0 0
20121218 3 2 7 4 0 0
20121218 4 2 4 1 0 0
20121218 5 5 7 3 0 0
20121218 6 6 5 7 5 4
20121218 7 2 4 9 2 4
20121218 8 2 9 1 2 6
20121218 9 3 7 5 3 5
20121218 10 5 1 9 4 1
20121218 11 3 2 7 3 2
20121219 1 3 1 2 0 0
20121219 2 3 2 7 0 0
20121219 3 1 4 3 0 0
20121219 4 2 5 6 0 0
20121219 5 3 7 6 0 0
20121219 6 5 2 4 4 2
20121219 7 3 4 5 3 4
20121219 8 2 3 1 2 3
20121219 9 2 9 7 2 6
20121219 10 8 9 1 6 6
20121219 11 9 2 1 6 2
20121220 1 3 5 2 0 0
20121220 2 5 3 4 0 0
20121220 3 2 6 4 0 0
20121220 4 7 1 3 0 0
20121220 5 3 9 2 3 6
20121220 6 1 9 5 1 6
20121220 7 1 3 7 0 0
20121220 8 8 3 2 6 3
20121220 9 2 3 7 2 3
20121220 10 8 4 9 6 4
20121220 11 3 9 4 3 6
20121229 1 4 7 2 0 0
20121229 2 3 5 4 0 0
20121229 3 5 1 4 0 0
20121229 4 7 3 5 0 0
20121229 5 2 7 3 0 0
20121229 6 1 8 9 1 6
20121229 7 7 2 3 5 2
20121229 8 2 5 6 2 4
20121229 9 9 2 4 6 2
20121229 10 1 5 2 1 4
20121229 11 7 1 4 5 1
20121230 1 5 1 3 0 0
20121230 2 5 2 3 0 0
20121230 3 1 2 3 0 0
20121230 4 5 1 3 0 0
20121230 5 5 4 3 0 0
20121230 6 5 2 8 4 2
20121230 7 7 3 1 5 3
20121230 8 2 6 9 2 5
20121230 9 7 1 9 5 1
20121230 10 7 3 5 5 3
20121230 11 7 1 9 5 1
20121231 1 4 1 6 0 0
20121231 2 3 4 7 0 0
20121231 3 1 6 2 0 0
20121231 4 2 3 6 0 0
20121231 5 3 7 5 3 5
20121231 6 9 3 2 6 3
20121231 7 2 4 5 0 0
20121231 8 8 9 7 6 6
20121231 9 3 1 9 3 1
20121231 10 1 7 8 1 5
20121231 11 6 2 3 5 2
20130112 1 1 9 4 1 6
20130112 2 1 7 5 1 5
20130112 3 8 3 9 6 3
20130112 4 1 5 2 1 4
20130112 5 2 5 9 2 4
20130112 6 3 1 6 0 0
20130112 7 2 3 6 0 0
20130112 8 7 8 5 5 6
20130112 9 2 1 3 2 1
20130112 10 6 3 1 5 3
20130112 11 9 3 7 6 3
20130112 12 2 4 3 2 4
20130113 1 7 8 1 5 6
20130113 2 4 9 1 4 6
20130113 3 5 2 8 4 2
20130113 4 7 1 9 5 1
20130113 5 5 1 7 4 1
20130113 6 4 1 6 0 0
20130113 7 5 1 3 0 0
20130113 8 2 5 7 2 4
20130113 9 2 7 9 2 5
20130113 10 1 3 4 1 3
20130113 11 1 5 7 1 4
20130113 12 1 2 8 1 2
20130114 1 3 1 9 3 1
20130115 1 3 9 4 3 6
20130115 2 7 9 2 5 6
20130115 3 2 3 6 2 3
20130115 4 7 3 1 5 3
20130115 5 6 2 1 0 0
20130115 6 9 5 2 6 4
20130115 7 3 1 9 3 1
20130115 8 1 5 9 1 4
20130115 9 3 5 4 0 0
20130115 10 3 5 8 3 4
20130115 11 2 1 7 2 1
20130115 12 3 7 2 3 5
20130212 1 7 4 3 0 0
20130212 2 1 4 6 0 0
20130212 3 3 2 6 0 0
20130212 4 1 4 3 0 0
20130212 5 3 5 1 0 0
20130212 6 2 6 3 0 0
20130212 7 5 3 6 0 0
20130212 8 8 2 1 6 2
20130212 9 1 3 9 1 3
20130212 10 5 9 4 4 6
20130212 11 1 3 9 1 3
20130212 12 2 6 7 2 5
20130213 1 3 4 1 0 0
20130213 2 4 5 3 0 0
20130213 3 5 2 4 0 0
20130213 4 2 4 3 0 0
20130213 5 2 7 5 0 0
20130213 6 3 4 6 0 0
20130213 7 6 1 4 0 0
20130213 8 9 1 3 6 1
20130213 9 7 3 1 5 3
20130213 10 3 4 5 3 4
20130213 11 2 5 4 2 4
20130213 12 9 7 5 6 5
20130214 1 5 2 7 0 0
20130214 2 3 1 4 0 0
20130214 3 5 3 2 0 0
20130214 4 2 1 5 0 0
20130214 5 3 2 1 0 0
20130214 6 7 1 2 5 1
20130214 7 7 5 4 5 4
20130214 8 5 2 6 0 0
20130214 9 1 3 2 0 0
20130214 10 3 4 7 3 4
20130214 11 3 6 1 3 5
20130214 12 5 9 3 4 6
20130220 1 5 3 1 4 3
20130220 2 4 3 7 4 3
20130220 3 2 5 1 2 4
20130220 4 4 3 9 4 3
20130220 5 3 7 1 3 5
20130220 6 3 5 4 0 0
20130220 7 3 7 2 0 0
20130220 8 7 2 1 5 2
20130220 9 1 7 6 1 5
20130220 10 2 7 5 2 5
20130220 11 5 1 9 4 1
20130220 12 5 3 9 4 3
20130221 1 3 1 5 3 1
20130221 2 2 7 9 2 5
20130221 3 3 5 7 3 4
20130221 4 8 3 2 6 3
20130221 5 2 7 4 2 5
20130221 6 4 6 7 0 0
20130221 7 5 4 3 0 0
20130221 8 3 6 1 3 5
20130221 9 5 4 2 4 4
20130221 10 5 2 7 4 2
20130221 11 7 2 9 5 2
20130221 12 1 7 5 1 5
20130222 1 3 1 5 3 1
20130222 2 7 1 2 5 1
20130222 3 9 1 7 6 1
20130222 4 3 7 2 3 5
20130222 5 6 7 2 0 0
20130222 6 2 7 3 2 5
20130222 7 8 5 1 6 4
20130222 8 6 1 4 5 1
20130222 9 1 4 2 0 0
20130222 10 1 5 9 1 4
20130222 11 5 1 8 4 1
20130222 12 7 1 9 5 1
20130319 1 3 2 7 0 0
20130319 2 2 4 3 0 0
20130319 3 7 3 4 0 0
20130319 4 3 7 5 0 0
20130319 5 2 5 3 0 0
20130319 6 4 7 6 0 0
20130319 7 3 6 5 0 0
20130319 8 8 1 5 6 1
20130319 9 1 4 9 1 4
20130319 10 8 6 5 6 5
20130319 11 2 3 5 2 3
20130319 12 2 3 4 2 3
20130320 1 1 7 2 0 0
20130320 2 4 2 5 0 0
20130320 3 2 4 3 0 0
20130320 4 7 5 4 0 0
20130320 5 1 4 7 0 0
20130320 6 5 7 6 0 0
20130320 7 7 1 2 0 0
20130320 8 7 2 9 5 2
20130320 9 1 3 4 1 3
20130320 10 5 2 1 4 2
20130320 11 2 5 3 2 4
20130320 12 5 1 3 4 1
20130321 1 5 2 7 0 0
20130321 2 3 1 2 0 0
20130321 3 2 5 6 0 0
20130321 4 2 3 7 0 0
20130321 5 4 1 6 0 0
20130321 6 1 3 9 1 3
20130321 7 4 9 1 4 6
20130321 8 3 4 7 0 0
20130321 9 3 1 6 0 0
20130321 10 2 7 8 2 5
20130321 11 3 5 9 3 4
20130321 12 2 1 8 2 1
20130415 1 1 7 2 0 0
20130415 2 1 2 7 0 0
20130415 3 3 5 2 0 0
20130415 4 3 7 1 0 0
20130415 5 3 7 5 0 0
20130415 6 7 3 2 5 3
20130415 7 2 5 7 2 4
20130415 8 5 3 9 4 3
20130415 9 9 1 2 6 1
20130415 10 9 3 1 6 3
20130416 1 1 2 4 0 0
20130416 2 7 5 3 0 0
20130416 3 2 6 3 0 0
20130416 4 3 1 4 0 0
20130416 5 5 3 6 0 0
20130416 6 5 8 7 4 6
20130416 7 9 1 6 6 1
20130416 8 9 1 8 6 1
20130416 9 2 9 5 2 6
20130416 10 7 2 5 5 2
20130417 1 5 1 7 0 0
20130417 2 2 1 5 0 0
20130417 3 3 2 7 0 0
20130417 4 1 5 4 0 0
20130417 5 1 2 6 1 2
20130417 6 1 5 4 1 4
20130417 7 4 7 1 0 0
20130417 8 5 1 6 4 1
20130417 9 3 4 9 3 4
20130417 10 1 6 3 1 5
20130428 1 7 4 1 0 0
20130428 2 2 5 1 0 0
20130428 3 3 7 4 0 0
20130428 4 7 1 4 0 0
20130428 5 2 5 7 0 0
20130428 6 4 5 8 4 4
20130428 7 9 1 5 6 1
20130428 8 1 5 9 1 4
20130428 9 7 1 2 5 1
20130428 10 3 8 1 3 6
20130429 1 1 5 2 0 0
20130429 2 2 4 3 0 0
20130429 3 2 4 5 0 0
20130429 4 2 5 1 0 0
20130429 5 1 2 5 0 0
20130429 6 3 4 7 3 4
20130429 7 5 3 9 4 3
20130429 8 7 5 3 5 4
20130429 9 3 7 9 3 5
20130429 10 3 7 4 3 5
20130430 1 4 7 5 0 0
20130430 2 3 4 2 0 0
20130430 3 2 3 5 0 0
20130430 4 3 4 7 0 0
20130430 5 1 3 5 1 3
20130430 6 1 5 9 1 4
20130430 7 4 7 3 0 0
20130430 8 7 1 5 5 1
20130430 9 7 1 5 5 1
20130430 10 1 4 3 1 4
20130511 1 1 5 2 1 4
20130511 2 5 3 1 4 3
20130511 3 1 7 3 1 5
20130511 4 2 9 3 2 6
20130511 5 6 9 7 5 6
20130511 6 2 7 1 0 0
20130511 7 4 7 6 0 0
20130511 8 3 5 2 3 4
20130511 9 7 5 9 5 4
20130511 10 5 7 1 4 5
20130511 11 2 7 5 2 5
20130511 12 5 1 7 4 1
20130512 1 2 5 1 2 4
20130512 2 5 2 6 4 2
20130512 3 2 1 7 2 1
20130512 4 3 7 8 3 5
20130512 5 5 1 8 4 1
20130512 6 1 2 4 0 0
20130512 7 4 1 5 0 0
20130512 8 7 1 3 5 1
20130512 9 5 9 1 4 6
20130512 10 8 3 9 6 3
20130512 11 1 7 9 1 5
20130512 12 1 9 3 1 6
20130513 1 5 3 2 4 3
20130513 2 5 1 7 4 1
20130513 3 3 9 1 3 6
20130513 4 9 1 3 6 1
20130513 5 5 4 1 0 0
20130513 6 3 7 5 3 5
20130513 7 1 5 6 1 4
20130513 8 1 3 9 1 3
20130513 9 3 5 7 0 0
20130513 10 2 3 7 2 3
20130513 11 1 2 6 1 2
20130513 12 1 7 9 1 5
20130613 1 1 2 4 0 0
20130613 2 5 2 4 0 0
20130613 3 2 4 7 0 0
20130613 4 7 2 5 0 0
20130613 5 1 2 3 0 0
20130613 6 5 1 3 0 0
20130613 7 3 1 6 0 0
20130613 8 2 9 4 2 6
20130613 9 7 2 5 5 2
20130613 10 1 3 9 1 3
20130613 11 7 1 3 5 1
20130613 12 3 5 8 3 4
20130614 1 2 7 3 0 0
20130614 2 1 3 7 0 0
20130614 3 2 7 1 0 0
20130614 4 4 2 3 0 0
20130614 5 5 6 3 0 0
20130614 6 7 2 4 0 0
20130614 7 4 6 1 0 0
20130614 8 5 3 8 4 3
20130614 9 2 9 7 2 6
20130614 10 7 2 9 5 2
20130614 11 3 1 7 3 1
20130614 12 1 7 5 1 5
20130615 1 2 1 7 0 0
20130615 2 1 4 2 0 0
20130615 3 6 7 4 0 0
20130615 4 7 5 2 0 0
20130615 5 2 1 3 0 0
20130615 6 1 5 7 1 4
20130615 7 7 4 1 5 4
20130615 8 5 1 2 0 0
20130615 9 4 5 2 0 0
20130615 10 3 9 5 3 6
20130615 11 5 2 8 4 2
20130615 12 7 9 2 5 6
20130705 1 2 7 3 2 5
20130705 2 3 7 8 3 5
20130705 3 9 1 6 6 1
20130705 4 1 7 9 1 5
20130705 5 3 4 2 3 4
20130705 6 3 1 4 0 0
20130705 7 2 5 6 0 0
20130705 8 5 1 4 4 1
20130705 9 5 3 7 4 3
20130705 10 5 2 1 4 2
20130705 11 1 7 9 1 5
20130705 12 2 1 8 2 1
20130706 1 8 6 3 6 5
20130706 2 3 8 7 3 6
20130706 3 7 1 3 5 1
20130706 4 7 2 3 5 2
20130706 5 7 2 3 5 2
20130706 6 6 2 5 0 0
20130706 7 7 4 1 0 0
20130706 8 7 1 5 5 1
20130706 9 3 5 4 3 4
20130706 10 9 2 3 6 2
20130706 11 9 2 3 6 2
20130706 12 1 5 9 1 4
20130707 1 4 1 9 4 1
20130707 2 3 7 4 3 5
20130707 3 7 2 9 5 2
20130707 4 9 8 1 6 6
20130707 5 2 6 7 0 0
20130707 6 2 7 3 2 5
20130707 7 2 1 5 2 1
20130707 8 3 8 1 3 6
20130707 9 7 4 1 0 0
20130707 10 2 5 6 2 4
20130707 11 9 4 5 6 4
20130707 12 5 6 1 4 5
20130730 1 1 5 6 0 0
20130730 2 4 7 1 0 0
20130730 3 1 5 2 0 0
20130730 4 1 7 3 0 0
20130730 5 3 1 2 0 0
20130730 6 3 9 2 3 6
20130730 7 9 5 8 6 4
20130730 8 5 1 9 4 1
20130730 9 2 8 3 2 6
20130730 10 3 5 1 3 4
20130731 1 2 4 7 0 0
20130731 2 2 1 3 0 0
20130731 3 4 2 1 0 0
20130731 4 5 7 2 0 0
20130731 5 1 5 2 0 0
20130731 6 7 1 2 5 1
20130731 7 5 2 7 4 2
20130731 8 7 2 3 5 2
20130731 9 5 1 2 4 1
20130731 10 6 1 3 5 1
20130801 1 2 7 1 0 0
20130801 2 3 5 7 0 0
20130801 3 6 1 7 0 0
20130801 4 7 6 4 0 0
20130801 5 5 2 9 4 2
20130801 6 9 1 5 6 1
20130801 7 5 2 4 0 0
20130801 8 9 1 3 6 1
20130801 9 1 2 7 1 2
20130801 10 7 2 3 5 2
20130815 1 3 7 5 3 5
20130815 2 2 4 1 2 4
20130815 3 2 9 5 2 6
20130815 4 7 2 9 5 2
20130815 5 1 9 7 1 6
20130815 6 2 7 1 2 5
20130815 7 8 1 6 6 1
20130815 8 2 9 3 2 6
20130815 9 2 3 7 2 3
20130815 10 1 3 9 1 3
20130815 11 4 1 6 4 1
20130815 12 5 3 8 4 3
20130816 1 1 7 4 1 5
20130816 2 2 7 5 2 5
20130816 3 5 1 4 4 1
20130816 4 9 1 4 6 1
20130816 5 8 5 7 6 4
20130816 6 2 9 7 2 6
20130816 7 2 5 3 2 4
20130816 8 8 5 2 6 4
20130816 9 3 8 2 3 6
20130816 10 2 1 7 2 1
20130816 11 1 8 6 1 6
20130817 1 2 4 3 2 4
20130817 2 6 3 4 5 3
20130817 3 2 9 1 2 6
20130817 4 7 4 1 5 4
20130817 5 8 6 7 6 5
20130817 6 2 5 7 2 4
20130817 7 1 8 6 1 6
20130817 8 3 5 2 3 4
20130817 9 7 1 3 5 1
20130817 10 3 2 9 3 2
20130817 11 1 7 5 1 5
20130818 1 4 7 9 4 5
20130818 2 5 1 2 4 1
20130818 3 7 2 4 5 2
20130818 4 3 2 5 3 2
20130818 5 5 3 6 4 3
20130818 6 5 6 2 4 5
20130818 7 4 8 1 4 6
20130818 8 1 9 7 1 6
20130818 9 1 2 3 1 2
20130818 10 1 9 5 1 6
20130818 11 5 3 7 4 3
20130831 1 2 9 3 2 6
20130831 2 4 1 2 4 1
20130831 3 1 5 7 1 4
20130831 4 9 1 5 6 1
20130831 5 8 4 3 6 4
20130831 6 1 5 2 1 4
20130831 7 3 5 8 3 4
20130831 8 9 1 5 6 1
20130831 9 2 9 1 2 6
20130831 10 3 4 9 3 4
20130831 11 1 8 3 1 6
20130901 1 8 5 9 6 4
20130901 2 3 5 9 3 4
20130901 3 1 9 3 1 6
20130901 4 1 9 7 1 6
20130901 5 6 7 5 5 5
20130901 6 5 9 2 4 6
20130901 7 5 1 3 4 1
20130901 8 7 2 3 5 2
20130901 9 1 3 9 1 3
20130901 10 2 5 9 2 4
20130901 11 5 1 9 4 1
20130902 1 9 1 7 6 1
20130902 2 1 5 2 1 4
20130902 3 5 1 3 4 1
20130902 4 9 3 6 6 3
20130902 5 2 8 3 2 6
20130902 6 6 3 1 5 3
20130902 7 1 9 4 1 6
20130902 8 1 5 7 1 4
20130902 9 4 1 6 4 1
20130902 10 7 3 2 5 3
20130902 11 2 9 5 2 6
20130912 1 3 2 5 0 0
20130912 2 4 3 7 0 0
20130912 3 5 4 1 0 0
20130912 4 7 4 6 0 0
20130912 5 2 4 3 0 0
20130912 6 4 3 6 0 0
20130912 7 5 7 1 0 0
20130912 8 9 1 8 6 1
20130912 9 4 5 3 4 4
20130912 10 5 7 2 4 5
20130912 11 7 1 5 5 1
20130912 12 7 1 5 5 1
20130913 1 5 7 1 0 0
20130913 2 2 5 3 0 0
20130913 3 2 5 1 0 0
20130913 4 1 5 6 0 0
20130913 5 5 2 1 0 0
20130913 6 6 5 3 0 0
20130913 7 6 2 1 0 0
20130913 8 7 2 1 5 2
20130913 9 5 9 4 4 6
20130913 10 3 7 9 3 5
20130913 11 9 2 3 6 2
20130913 12 2 1 9 2 1
20130914 1 5 1 6 0 0
20130914 2 3 1 4 0 0
20130914 3 5 7 3 0 0
20130914 4 3 5 1 0 0
20130914 5 4 1 3 0 0
20130914 6 9 1 4 6 1
20130914 7 3 4 5 3 4
20130914 8 2 4 7 0 0
20130914 9 2 4 7 0 0
20130914 10 5 4 3 4 4
20130914 11 2 4 5 2 4
20130914 12 9 3 1 6 3
20131001 1 2 6 5 2 5
20131001 2 3 9 2 3 6
20131001 3 1 7 3 1 5
20131001 4 4 7 6 4 5
20131001 5 9 3 4 6 3
20131001 6 2 8 6 2 6
20131001 7 7 3 1 5 3
20131001 8 3 4 1 3 4
20131001 9 1 5 8 1 4
20131001 10 7 1 2 5 1
20131001 11 2 6 9 2 5
20131002 1 2 9 3 2 6
20131002 2 3 9 7 3 6
20131002 3 3 5 7 3 4
20131002 4 5 2 9 4 2
20131002 5 1 3 2 1 3
20131002 6 1 5 9 1 4
20131002 7 3 7 1 3 5
20131002 8 9 2 1 6 2
20131002 9 3 1 2 3 1
20131002 10 9 2 5 6 2
20131002 11 1 9 5 1 6
20131003 1 1 9 8 1 6
20131003 2 5 3 1 4 3
20131003 3 2 5 8 2 4
20131003 4 5 1 9 4 1
20131003 5 4 8 6 4 6
20131003 6 9 7 4 6 5
20131003 7 9 2 3 6 2
20131003 8 8 3 7 6 3
20131003 9 2 3 5 2 3
20131003 10 7 5 2 5 4
20131003 11 1 5 6 1 4
20131022 1 2 7 1 0 0
20131022 2 3 4 2 0 0
20131022 3 4 1 5 0 0
20131022 4 7 1 2 0 0
20131022 5 3 5 7 0 0
20131022 6 3 1 6 3 1
20131022 7 7 9 3 5 6
20131022 8 9 7 1 6 5
20131022 9 2 1 5 2 1
20131022 10 2 7 5 2 5
20131023 1 3 1 2 0 0
20131023 2 5 3 7 0 0
20131023 3 3 2 7 0 0
20131023 4 3 5 2 0 0
20131023 5 7 1 5 0 0
20131023 6 3 5 1 3 4
20131023 7 2 7 4 2 5
20131023 8 7 3 8 5 3
20131023 9 5 1 3 4 1
20131023 10 7 1 9 5 1
20131024 1 3 7 4 0 0
20131024 2 5 1 4 0 0
20131024 3 3 1 5 0 0
20131024 4 5 3 2 0 0
20131024 5 8 1 4 6 1
20131024 6 1 4 9 1 4
20131024 7 2 5 7 0 0
20131024 8 7 2 9 5 2
20131024 9 4 3 1 4 3
20131024 10 3 7 4 3 5
20131104 1 7 3 5 5 3
20131104 2 3 9 6 3 6
20131104 3 5 2 8 4 2
20131104 4 2 7 3 2 5
20131104 5 9 6 2 6 5
20131104 6 3 1 9 3 1
20131104 7 2 1 5 2 1
20131104 8 1 2 5 1 2
20131104 9 7 2 8 5 2
20131104 10 5 1 3 4 1
20131104 11 3 5 7 3 4
20131105 1 5 9 1 4 6
20131105 2 5 3 9 4 3
20131105 3 1 6 7 1 5
20131105 4 2 7 5 2 5
20131105 5 1 9 7 1 6
20131105 6 1 9 3 1 6
20131105 7 7 2 5 5 2
20131105 8 5 1 9 4 1
20131105 9 9 1 3 6 1
20131105 10 3 2 7 3 2
20131105 11 1 7 3 1 5
20131106 1 9 1 6 6 1
20131106 2 5 3 7 4 3
20131106 3 5 9 7 4 6
20131106 4 3 9 2 3 6
20131106 5 5 2 7 4 2
20131106 6 8 1 2 6 1
20131106 7 9 3 2 6 3
20131106 8 9 1 6 6 1
20131106 9 7 4 2 5 4
20131106 10 9 2 4 6 2
20131106 11 2 3 5 2 3
20131122 1 3 4 5 0 0
20131122 2 3 1 4 0 0
20131122 3 4 2 1 0 0
20131122 4 7 5 2 0 0
20131122 5 3 5 1 0 0
20131122 6 3 7 9 3 5
20131122 7 7 1 4 5 1
20131122 8 2 7 6 2 5
20131122 9 2 5 1 2 4
20131122 10 9 2 7 6 2
20131123 1 2 3 5 0 0
20131123 2 7 1 5 0 0
20131123 3 2 5 3 0 0
20131123 4 5 7 2 0 0
20131123 5 5 7 4 0 0
20131123 6 7 2 5 5 2
20131123 7 9 2 4 6 2
20131123 8 5 1 3 4 1
20131123 9 6 2 7 5 2
20131123 10 5 2 3 4 2
20131124 1 7 4 1 0 0
20131124 2 7 3 4 0 0
20131124 3 1 7 5 0 0
20131124 4 3 2 4 0 0
20131124 5 1 8 3 1 6
20131124 6 9 7 1 6 5
20131124 7 5 2 1 0 0
20131124 8 3 7 1 3 5
20131124 9 9 7 2 6 5
20131124 10 9 4 1 6 4
20131202 1 5 2 6 4 2
20131202 2 3 9 7 3 6
20131202 3 2 7 5 2 5
20131202 4 7 9 2 5 6
20131202 5 1 9 5 1 6
20131202 6 2 3 5 2 3
20131202 7 3 7 4 3 5
20131202 8 2 8 5 2 6
20131202 9 1 9 5 1 6
20131202 10 7 5 4 5 4
20131202 11 5 7 3 4 5
20131203 1 7 2 5 5 2
20131203 2 7 5 3 5 4
20131203 3 6 3 4 5 3
20131203 4 5 8 1 4 6
20131203 5 7 1 2 5 1
20131203 6 1 3 5 1 3
20131203 7 1 3 5 1 3
20131203 8 7 1 8 5 1
20131203 9 1 5 9 1 4
20131203 10 9 3 7 6 3
20131203 11 9 2 7 6 2
20131204 1 9 1 2 6 1
20131204 2 9 5 1 6 4
20131204 3 1 6 2 1 5
20131204 4 5 3 4 4 3
20131204 5 9 1 3 6 1
20131204 6 5 7 2 4 5
20131204 7 8 3 4 6 3
20131204 8 8 3 1 6 3
20131204 9 2 9 1 2 6
20131204 10 4 7 2 4 5
20131204 11 2 9 1 2 6
20140115 1 7 5 1 0 0
20140115 2 4 3 2 0 0
20140115 3 3 1 2 0 0
20140115 4 3 2 1 0 0
20140115 5 5 7 4 0 0
20140115 6 5 1 8 4 1
20140115 7 9 4 8 6 4
20140115 8 1 7 6 1 5
20140115 9 2 1 5 2 1
20140115 10 1 2 4 1 2
20140116 1 4 1 7 0 0
20140116 2 2 7 6 0 0
20140116 3 2 1 7 0 0
20140116 4 4 1 2 0 0
20140116 5 1 5 6 0 0
20140116 6 5 4 1 4 4
20140116 7 5 9 7 4 6
20140116 8 7 1 9 5 1
20140116 9 1 4 9 1 4
20140116 10 7 4 3 5 4
20140117 1 1 6 2 0 0
20140117 2 4 3 2 0 0
20140117 3 3 6 4 0 0
20140117 4 2 4 6 0 0
20140117 5 2 6 4 2 5
20140117 6 5 3 7 4 3
20140117 7 4 6 1 0 0
20140117 8 1 4 3 1 4
20140117 9 1 3 5 1 3
20140117 10 3 5 7 3 4
20140226 1 2 8 7 2 6
20140226 2 3 9 7 3 6
20140226 3 9 2 3 6 2
20140226 4 2 5 9 2 4
20140226 5 7 1 3 5 1
20140226 6 6 4 2 5 4
20140226 7 7 3 4 5 3
20140226 8 7 2 5 5 2
20140226 9 3 8 5 3 6
20140226 10 5 1 2 4 1
20140226 11 3 5 1 3 4
20140227 1 7 1 9 5 1
20140227 2 3 8 1 3 6
20140227 3 3 1 9 3 1
20140227 4 1 6 3 1 5
20140227 5 5 3 7 4 3
20140227 6 5 6 2 4 5
20140227 7 3 6 5 3 5
20140227 8 5 7 9 4 5
20140227 9 9 1 7 6 1
20140227 10 7 2 5 5 2
20140227 11 2 5 8 2 4
20140228 1 1 7 9 1 5
20140228 2 9 7 5 6 5
20140228 3 1 9 8 1 6
20140228 4 2 3 5 2 3
20140228 5 3 5 6 3 4
20140228 6 1 7 2 1 5
20140228 7 5 2 6 4 2
20140228 8 2 1 6 2 1
20140228 9 5 2 9 4 2
20140228 10 1 2 4 1 2
20140228 11 1 7 9 1 5
20140318 1 4 3 5 0 0
20140318 2 7 2 4 0 0
20140318 3 3 1 7 0 0
20140318 4 2 5 7 0 0
20140318 5 1 4 5 0 0
20140318 6 4 7 2 4 5
20140318 7 3 9 1 3 6
20140318 8 3 1 9 3 1
20140318 9 1 7 3 1 5
20140318 10 2 5 8 2 4
20140319 1 5 7 6 0 0
20140319 2 2 4 7 0 0
20140319 3 5 1 3 0 0
20140319 4 6 3 1 0 0
20140319 5 2 5 1 0 0
20140319 6 5 2 7 4 2
20140319 7 4 7 2 4 5
20140319 8 4 1 2 4 1
20140319 9 2 1 9 2 1
20140319 10 3 1 9 3 1
20140320 1 5 1 4 0 0
20140320 2 1 2 7 0 0
20140320 3 4 1 3 0 0
20140320 4 3 7 2 0 0
20140320 5 1 4 5 1 4
20140320 6 1 4 2 1 4
20140320 7 7 4 3 0 0
20140320 8 9 2 3 6 2
20140320 9 9 1 8 6 1
20140320 10 9 1 5 6 1
20140324 1 5 7 6 0 0
20140324 2 4 3 2 0 0
20140324 3 3 2 1 0 0
20140324 4 1 4 7 0 0
20140324 5 5 6 1 0 0
20140324 6 4 3 5 0 0
20140324 7 2 6 7 0 0
20140324 8 5 8 2 4 6
20140324 9 8 7 3 6 5
20140324 10 2 1 5 2 1
20140324 11 1 5 3 1 4
20140324 12 5 1 8 4 1
20140325 1 5 3 2 0 0
20140325 2 3 1 7 0 0
20140325 3 4 5 3 0 0
20140325 4 4 2 1 0 0
20140325 5 4 1 5 0 0
20140325 6 1 6 4 0 0
20140325 7 5 3 2 0 0
20140325 8 2 3 9 2 3
20140325 9 2 1 8 2 1
20140325 10 4 3 2 4 3
20140325 11 1 5 2 1 4
20140325 12 3 4 9 3 4
20140326 1 3 5 1 0 0
20140326 2 4 5 3 0 0
20140326 3 4 3 2 0 0
20140326 4 7 4 1 0 0
20140326 5 2 1 7 0 0
20140326 6 7 4 3 5 4
20140326 7 5 1 9 4 1
20140326 8 3 4 6 0 0
20140326 9 3 1 4 0 0
20140326 10 1 7 4 1 5
20140326 11 7 1 9 5 1
20140326 12 3 7 9 3 5
20140423 1 1 3 2 1 3
20140423 2 7 4 2 5 4
20140423 3 2 1 9 2 1
20140423 4 1 5 2 1 4
20140423 5 1 2 8 1 2
20140423 6 3 1 6 0 0
20140423 7 6 3 1 0 0
20140423 8 5 1 7 4 1
20140423 9 5 1 3 4 1
20140423 10 5 2 8 4 2
20140423 11 3 9 1 3 6
20140423 12 4 8 9 4 6
20140424 1 7 3 2 5 3
20140424 2 4 2 5 4 2
20140424 3 3 7 9 3 5
20140424 4 6 3 8 5 3
20140424 5 3 9 2 3 6
20140424 6 6 4 1 0 0
20140424 7 2 7 1 0 0
20140424 8 6 7 8 5 5
20140424 9 9 1 2 6 1
20140424 10 7 2 3 5 2
20140424 11 3 7 1 3 5
20140424 12 1 6 7 1 5
20140425 1 1 3 8 1 3
20140425 2 3 1 8 3 1
20140425 3 5 1 9 4 1
20140425 4 9 3 7 6 3
20140425 5 5 1 2 0 0
20140425 6 2 1 4 2 1
20140425 7 1 6 7 1 5
20140425 8 1 7 5 1 5
20140425 9 6 2 7 0 0
20140425 10 2 6 9 2 5
20140425 11 4 3 7 4 3
20140425 12 1 5 2 1 4
20140519 1 2 3 7 0 0
20140519 2 7 1 3 0 0
20140519 3 3 7 1 0 0
20140519 4 7 1 5 0 0
20140519 5 5 4 1 0 0
20140519 6 5 1 3 4 1
20140519 7 4 3 7 4 3
20140519 8 2 1 4 2 1
20140519 9 4 5 2 4 4
20140519 10 4 7 9 4 5
20140520 1 7 5 3 0 0
20140520 2 3 7 5 0 0
20140520 3 7 2 6 0 0
20140520 4 4 1 5 0 0
20140520 5 2 4 1 0 0
20140520 6 5 3 7 4 3
20140520 7 3 5 1 3 4
20140520 8 2 5 7 2 4
20140520 9 2 5 7 2 4
20140520 10 7 9 1 5 6
20140521 1 3 5 7 0 0
20140521 2 3 5 1 0 0
20140521 3 2 4 1 0 0
20140521 4 2 7 3 0 0
20140521 5 5 8 1 4 6
20140521 6 4 1 9 4 1
20140521 7 4 7 3 0 0
20140521 8 2 9 7 2 6
20140521 9 2 3 7 2 3
20140521 10 9 8 1 6 6
20140526 1 2 5 9 2 4
20140526 2 7 3 4 5 3
20140526 3 7 1 9 5 1
20140526 4 1 9 3 1 6
20140526 5 3 7 5 3 5
20140526 6 9 3 4 6 3
20140526 7 9 2 4 6 2
20140526 8 1 7 2 1 5
20140526 9 3 7 4 3 5
20140526 10 7 5 1 5 4
20140526 11 4 2 3 4 2
20140527 1 3 5 8 3 4
20140527 2 8 3 9 6 3
20140527 3 5 9 1 4 6
20140527 4 7 5 9 5 4
20140527 5 2 5 9 2 4
20140527 6 3 7 2 3 5
20140527 7 3 9 7 3 6
20140527 8 1 5 9 1 4
20140527 9 1 3 2 1 3
20140527 10 1 6 4 1 5
20140527 11 3 8 9 3 6
20140528 1 3 6 5 3 5
20140528 2 1 7 3 1 5
20140528 3 3 2 9 3 2
20140528 4 1 5 2 1 4
20140528 5 2 9 3 2 6
20140528 6 7 5 2 5 4
20140528 7 1 2 3 1 2
20140528 8 1 3 9 1 3
20140528 9 1 9 8 1 6
20140528 10 1 7 5 1 5
20140528 11 7 3 2 5 3
20140611 1 1 4 5 0 0
20140611 2 1 7 4 0 0
20140611 3 7 1 4 0 0
20140611 4 2 1 4 0 0
20140611 5 1 3 5 0 0
20140611 6 1 7 3 1 5
20140611 7 3 9 4 3 6
20140611 8 7 1 5 5 1
20140611 9 1 7 3 1 5
20140611 10 5 3 1 4 3
20140612 1 1 2 6 0 0
20140612 2 4 5 3 0 0
20140612 3 3 1 2 0 0
20140612 4 4 1 5 0 0
20140612 5 2 4 1 0 0
20140612 6 1 7 4 1 5
20140612 7 5 2 1 4 2
20140612 8 9 1 5 6 1
20140612 9 1 5 7 1 4
20140612 10 9 5 3 6 4
20140613 1 4 6 2 0 0
20140613 2 1 4 7 0 0
20140613 3 2 6 7 0 0
20140613 4 2 4 6 0 0
20140613 5 1 8 6 1 6
20140613 6 6 8 2 5 6
20140613 7 1 7 2 0 0
20140613 8 4 3 5 4 3
20140613 9 1 9 2 1 6
20140613 10 2 9 3 2 6
20140620 1 1 7 9 1 5
20140620 2 9 2 3 6 2
20140620 3 2 4 5 2 4
20140620 4 1 2 3 1 2
20140620 5 1 8 9 1 6
20140620 6 2 6 3 0 0
20140620 7 6 4 1 0 0
20140620 8 7 2 5 5 2
20140620 9 7 2 3 5 2
20140620 10 5 9 2 4 6
20140620 11 5 6 4 4 5
20140620 12 3 4 6 3 4
20140621 1 1 5 7 1 4
20140621 2 9 5 4 6 4
20140621 3 7 1 9 5 1
20140621 4 7 5 2 5 4
20140621 5 3 1 9 3 1
20140621 6 2 4 1 0 0
20140621 7 2 7 1 0 0
20140621 8 5 2 1 4 2
20140621 9 5 9 7 4 6
20140621 10 9 2 6 6 2
20140621 11 2 9 4 2 6
20140621 12 5 1 3 4 1
20140622 1 9 7 2 6 5
20140622 2 8 2 3 6 2
20140622 3 2 8 7 2 6
20140622 4 5 7 2 4 5
20140622 5 1 7 5 0 0
20140622 6 3 2 5 3 2
20140622 7 7 1 3 5 1
20140622 8 3 8 1 3 6
20140622 9 7 4 2 0 0
20140622 10 4 5 8 4 4
20140622 11 2 1 9 2 1
20140622 12 7 4 1 5 4
20140721 1 2 3 1 0 0
20140721 2 7 2 4 0 0
20140721 3 2 3 1 0 0
20140721 4 1 7 2 0 0
20140721 5 7 2 5 0 0
20140721 6 9 5 7 6 4
20140721 7 5 3 2 4 3
20140721 8 7 8 6 5 6
20140721 9 1 4 6 1 4
20140721 10 2 4 3 2 4
20140722 1 6 4 2 0 0
20140722 2 7 3 2 0 0
20140722 3 4 7 1 0 0
20140722 4 4 7 2 0 0
20140722 5 1 3 4 0 0
20140722 6 1 6 4 1 5
20140722 7 1 5 4 1 4
20140722 8 6 1 8 5 1
20140722 9 8 6 9 6 5
20140722 10 5 7 3 4 5
20140723 1 7 1 4 0 0
20140723 2 4 2 1 0 0
20140723 3 5 6 2 0 0
20140723 4 7 1 5 0 0
20140723 5 1 9 2 1 6
20140723 6 5 2 9 4 2
20140723 7 4 2 3 0 0
20140723 8 2 9 1 2 6
20140723 9 1 2 5 1 2
20140723 10 1 5 3 1 4
20140808 1 3 2 4 0 0
20140808 2 5 2 6 0 0
20140808 3 4 6 3 0 0
20140808 4 2 5 4 2 4
20140808 5 1 5 2 1 4
20140808 6 2 1 3 2 1
20140808 7 1 9 7 1 6
20140808 8 7 1 6 5 1
20140808 9 3 7 8 3 5
20140808 10 3 5 2 3 4
20140808 11 1 3 4 1 3
20140808 12 9 2 1 6 2
20140809 1 3 7 4 0 0
20140809 2 4 1 5 0 0
20140809 3 2 5 3 2 4
20140809 4 3 7 5 3 5
20140809 5 6 3 1 5 3
20140809 6 3 2 7 3 2
20140809 7 1 9 5 1 6
20140809 8 1 4 6 1 4
20140809 9 5 7 6 0 0
20140809 10 3 7 1 3 5
20140809 11 3 7 5 3 5
20140809 12 1 9 3 1 6
20140823 1 4 6 1 0 0
20140823 2 1 4 5 0 0
20140823 3 1 5 3 0 0
20140823 4 1 4 2 0 0
20140823 5 2 3 4 0 0
20140823 6 7 5 8 5 4
20140823 7 7 3 2 5 3
20140823 8 9 3 1 6 3
20140823 9 7 1 5 5 1
20140823 10 2 4 3 2 4
20140824 1 3 1 2 0 0
20140824 2 1 4 2 0 0
20140824 3 4 1 7 0 0
20140824 4 5 2 4 0 0
20140824 5 5 7 2 0 0
20140824 6 5 1 2 4 1
20140824 7 7 9 3 5 6
20140824 8 2 7 1 2 5
20140824 9 2 9 5 2 6
20140824 10 7 1 6 5 1
20140825 1 3 6 4 0 0
20140825 2 7 5 2 0 0
20140825 3 5 4 1 0 0
20140825 4 6 3 4 0 0
20140825 5 2 3 7 2 3
20140825 6 3 9 2 3 6
20140825 7 2 4 1 0 0
20140825 8 9 7 2 6 5
20140825 9 7 5 1 5 4
20140825 10 2 8 4 2 6
20140908 1 5 1 4 0 0
20140908 2 7 1 2 0 0
20140908 3 2 3 4 0 0
20140908 4 4 1 7 0 0
20140908 5 4 3 2 0 0
20140908 6 2 7 6 2 5
20140908 7 7 4 3 5 4
20140908 8 1 7 9 1 5
20140908 9 3 8 1 3 6
20140908 10 7 4 2 5 4
20140909 1 1 7 4 0 0
20140909 2 2 3 7 0 0
20140909 3 2 7 1 0 0
20140909 4 3 4 2 0 0
20140909 5 5 4 3 0 0
20140909 6 5 9 2 4 6
20140909 7 7 2 4 5 2
20140909 8 9 8 7 6 6
20140909 9 9 5 2 6 4
20140909 10 1 8 3 1 6
20140910 1 4 1 3 0 0
20140910 2 2 7 4 0 0
20140910 3 2 5 1 0 0
20140910 4 5 2 1 0 0
20140910 5 1 4 7 1 4
20140910 6 5 2 7 4 2
20140910 7 2 4 7 0 0
20140910 8 2 7 4 2 5
20140910 9 2 4 6 2 4
20140910 10 3 5 6 3 4
20141005 1 6 2 1 0 0
20141005 2 4 7 2 0 0
20141005 3 1 4 7 0 0
20141005 4 4 1 2 0 0
20141005 5 5 1 7 0 0
20141005 6 2 3 1 2 3
20141005 7 7 1 2 5 1
20141005 8 3 9 2 3 6
20141005 9 9 6 1 6 5
20141005 10 4 2 7 4 2
20141006 1 5 1 3 0 0
20141006 2 1 4 7 0 0
20141006 3 6 5 2 0 0
20141006 4 3 2 5 0 0
20141006 5 3 1 4 0 0
20141006 6 4 5 3 4 4
20141006 7 4 6 8 4 5
20141006 8 8 7 6 6 5
20141006 9 2 9 3 2 6
20141006 10 1 7 5 1 5
20141007 1 1 7 2 0 0
20141007 2 2 7 1 0 0
20141007 3 5 4 2 0 0
20141007 4 6 1 7 0 0
20141007 5 8 5 7 6 4
20141007 6 1 3 5 1 3
20141007 7 2 1 4 0 0
20141007 8 9 5 1 6 4
20141007 9 1 2 4 1 2
20141007 10 4 6 7 4 5
20141028 1 1 7 2 0 0
20141028 2 5 6 1 0 0
20141028 3 6 3 7 0 0
20141028 4 1 4 7 0 0
20141028 5 2 4 7 0 0
20141028 6 3 4 2 0 0
20141029 1 6 3 2 0 0
20141029 2 1 4 7 0 0
20141029 3 4 1 6 0 0
20141029 4 7 5 2 0 0
20141029 5 5 6 1 0 0
20141029 6 4 1 6 0 0
20141030 1 1 2 5 0 0
20141030 2 1 5 4 0 0
20141030 3 1 2 7 0 0
20141030 4 7 5 2 0 0
20141030 5 1 2 6 0 0
20141030 6 5 2 7 0 0
20141115 1 7 1 4 0 0
20141115 2 4 2 7 0 0
20141115 3 4 1 3 0 0
20141115 4 1 2 7 0 0
20141115 5 3 7 1 0 0
20141115 6 2 7 1 2 5
20141115 7 1 7 9 1 5
20141115 8 3 9 8 3 6
20141115 9 7 2 4 5 2
20141115 10 6 1 5 5 1
20141116 1 1 4 2 0 0
20141116 2 7 3 2 0 0
20141116 3 7 2 5 0 0
20141116 4 2 4 1 0 0
20141116 5 2 5 3 0 0
20141116 6 1 9 3 1 6
20141116 7 5 3 2 4 3
20141116 8 9 2 6 6 2
20141116 9 1 2 5 1 2
20141116 10 2 9 5 2 6
20141117 1 2 1 3 0 0
20141117 2 4 7 2 0 0
20141117 3 2 4 1 0 0
20141117 4 1 7 6 0 0
20141117 5 9 1 7 6 1
20141117 6 3 1 2 3 1
20141117 7 3 5 7 0 0
20141117 8 3 1 8 3 1
20141117 9 1 5 7 1 4
20141117 10 2 3 1 2 3
20141122 1 8 7 5 6 5
20141122 2 5 1 3 4 1
20141122 3 9 5 6 6 4
20141122 4 2 9 4 2 6
20141122 5 8 2 5 6 2
20141122 6 1 5 3 0 0
20141122 7 7 6 4 0 0
20141122 8 2 9 1 2 6
20141122 9 5 9 1 4 6
20141122 10 2 1 7 2 1
20141122 11 9 2 3 6 2
20141122 12 9 6 2 6 5
20141123 1 1 7 3 1 5
20141123 2 1 7 4 1 5
20141123 3 5 2 8 4 2
20141123 4 7 2 4 5 2
20141123 5 7 1 3 5 1
20141123 6 6 2 4 0 0
20141123 7 2 4 1 0 0
20141123 8 2 9 5 2 6
20141123 9 9 5 2 6 4
20141123 10 7 4 2 5 4
20141123 11 2 8 3 2 6
20141123 12 1 5 3 1 4
20141124 1 2 9 3 2 6
20141124 2 7 1 8 5 1
20141124 3 9 1 7 6 1
20141124 4 2 7 9 2 5
20141124 5 7 6 5 0 0
20141124 6 7 4 1 5 4
20141124 7 3 4 8 3 4
20141124 8 3 5 4 3 4
20141124 9 3 1 5 0 0
20141124 10 1 3 5 1 3
20141124 11 3 2 7 3 2
20141124 12 1 2 5 1 2
20141206 1 7 1 5 5 1
20141206 2 6 5 4 5 4
20141206 3 2 1 5 2 1
20141206 4 5 1 6 4 1
20141206 5 3 8 7 3 6
20141206 6 1 5 8 1 4
20141206 7 7 2 1 5 2
20141206 8 3 9 1 3 6
20141206 9 5 1 7 4 1
20141206 10 2 7 9 2 5
20141206 11 7 5 1 5 4
20141206 12 3 7 9 3 5
20141207 1 7 3 6 5 3
20141207 2 8 3 9 6 3
20141207 3 5 1 8 4 1
20141207 4 5 2 3 4 2
20141207 5 2 3 4 2 3
20141207 6 5 1 9 4 1
20141207 7 7 8 3 5 6
20141207 8 6 9 4 5 6
20141207 9 5 2 9 4 2
20141207 10 3 2 7 3 2
20141207 11 9 7 1 6 5
20141207 12 2 5 1 2 4
20141208 1 3 2 9 3 2
20141208 2 3 7 1 3 5
20141208 3 3 1 8 3 1
20141208 4 2 9 3 2 6
20141208 5 1 7 2 1 5
20141208 6 7 1 5 5 1
20141208 7 3 7 5 3 5
20141208 8 2 1 4 2 1
20141208 9 3 5 1 3 4
20141208 10 2 5 9 2 4
20141208 11 2 3 5 2 3
20141208 12 7 2 3 5 2
20141209 1 5 3 7 4 3
20141209 2 1 8 2 1 6
20141209 3 2 5 7 2 4
20141209 4 1 5 8 1 4
20141209 5 2 4 9 2 4
20141209 6 9 3 1 6 3
20141209 7 9 1 7 6 1
20141209 8 1 2 7 1 2
20141209 9 3 1 7 0 0
20141209 10 1 7 2 1 5
20141209 11 7 5 2 5 4
20141209 12 3 5 7 3 4
20141229 1 1 5 2 0 0
20141229 2 3 4 2 0 0
20141229 3 1 5 3 0 0
20141229 4 6 3 2 0 0
20141229 5 2 4 3 0 0
20141229 6 6 1 2 5 1
20141229 7 3 9 7 3 6
20141229 8 9 3 5 6 3
20141229 9 9 1 7 6 1
20141229 10 2 1 5 2 1
20141230 1 5 2 3 0 0
20141230 2 7 2 4 0 0
20141230 3 5 3 2 0 0
20141230 4 4 5 7 0 0
20141230 5 7 1 3 0 0
20141230 6 5 1 7 4 1
20141230 7 2 7 1 2 5
20141230 8 9 3 2 6 3
20141230 9 2 1 5 2 1
20141230 10 2 5 3 2 4
20141231 1 6 1 5 0 0
20141231 2 3 1 7 0 0
20141231 3 6 7 1 0 0
20141231 4 5 3 1 0 0
20141231 5 5 3 1 4 3
20141231 6 7 2 8 5 2
20141231 7 4 3 7 0 0
20141231 8 6 9 5 5 6
20141231 9 5 2 7 4 2
20141231 10 8 3 6 6 3
20150126 1 3 1 5 3 1
20150126 2 2 7 4 2 5
20150126 3 5 6 3 4 5
20150126 4 7 8 3 5 6
20150126 5 3 7 2 3 5
20150126 6 1 3 2 1 3
20150126 7 7 8 1 5 6
20150126 8 5 1 9 4 1
20150126 9 4 2 7 4 2
20150126 10 5 2 1 4 2
20150126 11 1 3 7 1 3
20150127 1 9 7 3 6 5
20150127 2 8 2 7 6 2
20150127 3 8 2 7 6 2
20150127 4 9 3 8 6 3
20150127 5 1 4 3 1 4
20150127 6 5 3 7 4 3
20150127 7 4 3 7 4 3
20150127 8 8 9 2 6 6
20150127 9 2 5 8 2 4
20150127 10 7 2 6 5 2
20150127 11 1 5 9 1 4
20150128 1 8 2 4 6 2
20150128 2 5 1 2 4 1
20150128 3 2 9 7 2 6
20150128 4 3 6 9 3 5
20150128 5 1 5 9 1 4
20150128 6 8 1 6 6 1
20150128 7 1 8 5 1 6
20150128 8 3 9 1 3 6
20150128 9 1 5 4 1 4
20150128 10 2 7 3 2 5
20150128 11 1 2 5 1 2
20150216 1 8 3 2 6 3
20150216 2 3 5 2 3 4
20150216 3 8 9 1 6 6
20150216 4 5 7 2 4 5
20150216 5 1 7 2 1 5
20150216 6 2 9 6 2 6
20150216 7 1 3 2 1 3
20150216 8 3 9 5 3 6
20150216 9 2 5 6 2 4
20150216 10 5 1 2 4 1
20150216 11 8 3 2 6 3
20150217 1 3 5 1 3 4
20150217 2 4 7 3 4 5
20150217 3 5 2 9 4 2
20150217 4 2 4 1 2 4
20150217 5 8 5 3 6 4
20150217 6 9 1 4 6 1
20150217 7 2 7 4 2 5
20150217 8 2 9 5 2 6
20150217 9 1 5 6 1 4
20150217 10 3 8 5 3 6
20150217 11 3 7 9 3 5
20150218 1 2 8 3 2 6
20150218 2 2 8 3 2 6
20150218 3 3 9 5 3 6
20150218 4 5 2 3 4 2
20150218 5 5 3 8 4 3
20150218 6 4 7 2 4 5
20150218 7 2 7 1 2 5
20150218 8 1 8 9 1 6
20150218 9 7 3 4 5 3
20150218 10 7 9 3 5 6
20150218 11 9 1 3 6 1
20150312 1 2 7 3 0 0
20150312 2 1 3 7 0 0
20150312 3 1 7 4 0 0
20150312 4 7 1 5 0 0
20150312 5 3 1 5 0 0
20150312 6 2 9 5 2 6
20150312 7 7 5 1 5 4
20150312 8 2 9 3 2 6
20150312 9 9 2 1 6 2
20150312 10 3 1 6 3 1
20150313 1 3 5 2 0 0
20150313 2 2 4 3 0 0
20150313 3 3 2 7 0 0
20150313 4 4 1 3 0 0
20150313 5 5 1 7 0 0
20150313 6 8 1 3 6 1
20150313 7 5 7 4 4 5
20150313 8 5 2 3 4 2
20150313 9 4 9 5 4 6
20150313 10 9 2 1 6 2
20150314 1 5 3 7 0 0
20150314 2 3 7 2 0 0
20150314 3 4 6 3 0 0
20150314 4 5 3 1 0 0
20150314 5 9 1 4 6 1
20150314 6 7 5 1 5 4
20150314 7 4 2 7 0 0
20150314 8 6 5 4 5 4
20150314 9 7 8 4 5 6
20150314 10 3 2 8 3 2
20150321 1 1 7 4 1 5
20150321 2 1 5 9 1 4
20150321 3 2 7 3 2 5
20150321 4 1 9 2 1 6
20150321 5 5 2 4 4 2
20150321 6 4 2 3 4 2
20150321 7 2 7 1 2 5
20150321 8 5 7 2 4 5
20150321 9 3 5 2 3 4
20150321 10 1 5 3 1 4
20150321 11 2 1 4 2 1
20150322 1 7 2 9 5 2
20150322 2 2 5 9 2 4
20150322 3 5 6 2 4 5
20150322 4 5 2 7 4 2
20150322 5 7 5 9 5 4
20150322 6 9 1 7 6 1
20150322 7 3 7 8 3 5
20150322 8 7 1 4 5 1
20150322 9 4 9 7 4 6
20150322 10 4 8 2 4 6
20150322 11 7 9 2 5 6
20150323 1 9 2 7 6 2
20150323 2 7 5 9 5 4
20150323 3 9 5 1 6 4
20150323 4 8 1 2 6 1
20150323 5 3 1 7 3 1
20150323 6 5 4 7 4 4
20150323 7 7 1 2 5 1
20150323 8 2 3 6 2 3
20150323 9 1 5 2 1 4
20150323 10 8 4 9 6 4
20150323 11 1 5 7 1 4
20150404 1 5 2 6 0 0
20150404 2 1 2 5 0 0
20150404 3 3 5 7 0 0
20150404 4 4 5 3 0 0
20150404 5 5 2 1 0 0
20150404 6 7 4 2 0 0
20150404 7 5 6 7 0 0
20150404 8 2 7 1 2 5
20150404 9 7 1 6 5 1
20150404 10 3 7 4 3 5
20150404 11 5 4 9 4 4
20150404 12 5 1 6 4 1
20150405 1 5 7 3 0 0
20150405 2 1 5 7 0 0
20150405 3 7 3 5 0 0
20150405 4 7 5 2 0 0
20150405 5 3 5 2 0 0
20150405 6 4 1 6 0 0
20150405 7 2 4 1 0 0
20150405 8 7 4 1 6 4
20150405 9 3 2 7 3 2
20150405 10 5 2 4 4 2
20150405 11 7 3 9 5 3
20150405 12 9 2 3 6 2
20150406 1 3 4 7 0 0
20150406 2 1 3 7 0 0
20150406 3 4 1 3 0 0
20150406 4 1 7 4 0 0
20150406 5 5 2 1 0 0
20150406 6 5 2 9 4 2
20150406 7 7 1 8 5 1
20150406 8 2 1 6 0 0
20150406 9 3 5 7 0 0
20150406 10 3 4 6 3 4
20150406 11 2 5 7 2 4
20150406 12 2 7 9 2 5
20150425 1 9 3 1 6 3
20150425 2 1 2 5 1 2
20150425 3 9 1 8 6 1
20150425 4 3 4 1 3 4
20150425 5 7 1 2 5 1
20150425 6 1 7 9 1 5
20150425 7 3 2 4 3 2
20150425 8 5 2 4 4 2
20150425 9 5 3 2 4 3
20150425 10 5 2 1 4 2
20150425 11 5 2 8 4 2
20150426 1 1 2 9 1 2
20150426 2 9 5 1 6 4
20150426 3 4 9 1 4 6
20150426 4 3 5 1 3 4
20150426 5 3 8 9 3 6
20150426 6 7 2 1 5 2
20150426 7 2 6 1 2 5
20150426 8 8 7 4 6 5
20150426 9 6 2 4 5 2
20150426 10 5 7 6 4 5
20150426 11 9 2 1 6 2
20150427 1 9 8 1 6 6
20150427 2 9 6 3 6 5
20150427 3 9 3 5 6 3
20150427 4 7 3 5 5 3
20150427 5 5 4 1 4 4
20150427 6 8 4 9 6 4
20150427 7 5 3 7 4 3
20150427 8 4 1 6 4 1
20150427 9 2 9 5 2 6
20150427 10 5 1 3 4 1
20150427 11 3 4 7 3 4
20150507 1 5 1 9 4 1
20150507 2 4 2 3 4 2
20150507 3 5 9 2 4 6
20150507 4 5 9 7 4 6
20150507 5 1 6 2 1 5
20150507 6 4 7 8 4 5
20150507 7 7 3 4 5 3
20150507 8 9 3 1 6 3
20150507 9 5 3 2 4 3
20150507 10 5 3 2 4 3
20150507 11 2 6 5 2 5
20150508 1 1 6 9 1 5
20150508 2 2 5 9 2 4
20150508 3 4 6 5 4 5
20150508 4 5 3 9 4 3
20150508 5 2 1 6 2 1
20150508 6 1 2 8 1 2
20150508 7 5 2 9 4 2
20150508 8 3 9 7 3 6
20150508 9 1 5 9 1 4
20150508 10 1 9 5 1 6
20150508 11 1 7 3 1 5
20150509 1 5 7 2 4 5
20150509 2 9 5 2 6 4
20150509 3 2 8 3 2 6
20150509 4 1 5 9 1 4
20150509 5 9 5 3 6 4
20150509 6 3 5 7 3 4
20150509 7 3 5 4 3 4
20150509 8 7 1 9 5 1
20150509 9 7 1 2 5 1
20150509 10 7 3 1 5 3
20150509 11 7 2 9 5 2
20150702 1 5 9 1 4 6
20150702 2 3 9 2 3 6
20150702 3 7 4 2 5 4
20150702 4 7 1 3 5 1
20150702 5 9 1 3 6 1
20150702 6 2 5 6 0 0
20150702 7 7 1 5 0 0
20150702 8 7 2 8 5 2
20150702 9 4 2 5 4 2
20150702 10 5 9 7 4 6
20150702 11 7 1 6 5 1
20150702 12 2 5 1 2 4
20150703 1 3 7 5 3 5
20150703 2 9 6 1 6 5
20150703 3 2 8 3 2 6
20150703 4 3 7 1 3 5
20150703 5 1 7 5 1 5
20150703 6 1 3 6 0 0
20150703 7 1 3 6 0 0
20150703 8 5 3 2 5 3
20150703 9 1 7 3 1 6
20150703 10 7 8 4 5 6
20150703 11 3 5 1 3 4
20150703 12 9 2 5 6 2
20150704 1 1 4 5 1 4
20150704 2 8 3 9 6 3
20150704 3 3 7 6 3 5
20150704 4 3 5 4 3 4
20150704 5 6 2 1 0 0
20150704 6 3 7 1 3 5
20150704 7 2 1 4 2 1
20150704 8 5 7 1 4 5
20150704 9 1 6 3 0 0
20150704 10 5 3 9 4 3
20150704 11 1 3 7 1 3
20150704 12 5 1 8 4 1
20150713 1 1 7 4 0 0
20150713 2 5 7 1 0 0
20150713 3 2 1 5 0 0
20150713 4 7 4 1 0 0
20150713 5 4 3 5 0 0
20150713 6 3 7 5 3 5
20150713 7 9 1 4 6 1
20150713 8 7 8 5 5 6
20150713 9 3 7 5 3 5
20150713 10 3 9 4 3 6
20150714 1 7 2 3 0 0
20150714 2 3 5 7 0 0
20150714 3 7 5 4 0 0
20150714 4 3 5 4 0 0
20150714 5 5 4 2 0 0
20150714 6 3 4 8 3 4
20150714 7 2 9 1 2 6
20150714 8 8 2 5 6 2
20150714 9 1 9 5 1 6
20150714 10 9 3 5 6 3
20150715 1 2 1 4 0 0
20150715 2 3 5 2 0 0
20150715 3 5 6 4 0 0
20150715 4 7 2 3 0 0
20150715 5 5 3 2 4 3
20150715 6 2 5 8 2 4
20150715 7 6 4 5 0 0
20150715 8 5 3 8 4 3
20150715 9 2 6 9 2 5
20150715 10 3 2 7 3 2
