20120814 1 3 1 2 0 0
20120814 2 5 4 2 0 0
20120814 3 3 7 4 0 0
20120814 4 5 3 1 0 0
20120814 5 1 4 7 0 0
20120814 6 5 2 3 4 2
20120814 7 7 5 8 5 4
20120814 8 1 9 7 1 6
20120814 9 3 4 9 3 4
20120814 10 9 1 2 6 1
20120814 11 2 9 5 2 6
20120815 1 2 5 7 0 0
20120815 2 1 4 7 0 0
20120815 3 2 7 4 0 0
20120815 4 2 7 1 0 0
20120815 5 7 2 1 0 0
20120815 6 9 7 3 6 5
20120815 7 2 5 1 2 4
20120815 8 7 6 9 5 5
20120815 9 3 5 1 3 4
20120815 10 5 3 2 4 3
20120815 11 2 4 3 2 4
20120816 1 7 5 1 0 0
20120816 2 3 7 2 0 0
20120816 3 6 7 2 0 0
20120816 4 1 3 2 0 0
20120816 5 7 2 1 5 2
20120816 6 7 3 2 5 3
20120816 7 2 3 1 0 0
20120816 8 7 2 3 5 2
20120816 9 9 6 2 6 5
20120816 10 9 1 2 6 1
20120816 11 2 7 1 2 5
20120820 1 5 2 4 0 0
20120820 2 3 4 1 0 0
20120820 3 1 4 2 0 0
20120820 4 1 5 6 0 0
20120820 5 1 3 7 0 0
20120820 6 9 1 7 6 1
20120820 7 1 9 5 1 6
20120820 8 5 1 2 4 1
20120820 9 7 5 3 5 4
20120820 10 1 9 2 1 6
20120820 11 7 1 3 5 1
20120821 1 5 7 4 0 0
20120821 2 1 4 5 0 0
20120821 3 2 7 1 0 0
20120821 4 3 4 1 0 0
20120821 5 5 3 2 0 0
20120821 6 2 1 4 2 1
20120821 7 7 2 3 5 2
20120821 8 4 7 3 4 5
20120821 9 1 5 9 1 4
20120821 10 2 7 9 2 5
20120821 11 1 5 8 1 4
20120822 1 7 5 4 0 0
20120822 2 1 3 7 0 0
20120822 3 4 5 3 0 0
20120822 4 2 3 4 0 0
20120822 5 7 2 1 5 2
20120822 6 7 1 5 5 1
20120822 7 1 5 7 0 0
20120822 8 9 2 4 6 2
20120822 9 6 5 7 5 4
20120822 10 1 5 7 1 4
20120822 11 9 6 3 6 5
20120910 1 1 9 8 1 6
20120910 2 1 4 7 1 4
20120910 3 1 7 2 1 5
20120910 4 5 7 3 4 5
20120910 5 9 1 7 6 1
20120910 6 2 3 5 2 3
20120910 7 5 7 3 4 5
20120910 8 1 2 9 1 2
20120910 9 1 2 4 1 2
20120910 10 7 1 4 5 1
20120910 11 8 3 6 6 3
20120911 1 3 9 6 3 6
20120911 2 2 1 9 2 1
20120911 3 7 1 3 5 1
20120911 4 1 7 9 1 5
20120911 5 3 5 2 3 4
20120911 6 9 1 7 6 1
20120911 7 3 8 6 3 6
20120911 8 4 1 9 4 1
20120911 9 5 7 4 4 5
20120911 10 9 2 7 6 2
20120911 11 7 3 6 5 3
20120912 1 3 2 7 3 2
20120912 2 3 5 2 3 4
20120912 3 3 5 1 3 4
20120912 4 1 7 5 1 5
20120912 5 5 8 2 4 6
20120912 6 8 1 7 6 1
20120912 7 5 1 7 4 1
20120912 8 4 3 2 4 3
20120912 9 2 5 9 2 4
20120912 10 2 7 1 2 5
20120912 11 5 9 1 4 6
20120929 1 9 1 3 6 1
20120929 2 5 1 2 4 1
20120929 3 1 5 3 1 4
20120929 4 1 2 4 1 2
20120929 5 1 7 3 1 5
20120929 6 8 5 4 6 4
20120929 7 2 1 9 2 1
20120929 8 5 1 9 4 1
20120929 9 2 3 7 2 3
20120929 10 5 1 2 4 1
20120929 11 6 1 2 5 1
20120930 1 7 2 1 5 2
20120930 2 3 5 2 3 4
20120930 3 3 1 5 3 1
20120930 4 9 3 7 6 3
20120930 5 5 2 7 4 2
20120930 6 2 1 3 2 1
20120930 7 2 9 3 2 6
20120930 8 2 5 1 2 4
20120930 9 5 3 1 4 3
20120930 10 2 3 1 2 3
20120930 11 2 9 3 2 6
20121001 1 3 9 1 3 6
20121001 2 3 1 9 3 1
20121001 3 2 7 9 2 5
20121001 4 9 1 3 6 1
20121001 5 7 2 8 5 2
20121001 6 1 3 4 1 3
20121001 7 1 7 5 1 5
20121001 8 1 6 7 1 5
20121001 9 5 7 4 4 5
20121001 10 5 2 7 4 2
20121001 11 5 2 8 4 2
20121018 1 1 4 3 1 4
20121018 2 7 2 1 5 2
20121018 3 9 3 1 6 3
20121018 4 7 6 2 5 5
20121018 5 1 7 2 1 5
20121018 6 5 4 1 4 4
20121018 7 7 3 1 5 3
20121018 8 7 2 5 5 2
20121018 9 2 5 1 2 4
20121018 10 2 9 3 2 6
20121018 11 3 5 7 3 4
20121019 1 3 5 8 3 4
20121019 2 2 7 9 2 5
20121019 3 6 4 9 5 4
20121019 4 9 1 8 6 1
20121019 5 7 3 9 5 3
20121019 6 9 2 7 6 2
20121019 7 9 5 3 6 4
20121019 8 4 1 9 4 1
20121019 9 2 5 1 2 4
20121019 10 1 9 5 1 6
20121019 11 7 8 5 5 6
20121020 1 2 9 6 2 6
20121020 2 1 6 7 1 5
20121020 3 7 1 3 5 1
20121020 4 7 3 9 5 3
20121020 5 7 5 9 5 4
20121020 6 7 2 5 5 2
20121020 7 9 2 6 6 2
20121020 8 7 1 2 5 1
20121020 9 2 9 7 2 6
20121020 10 4 7 8 4 5
20121020 11 3 4 2 3 4
20121021 1 8 1 9 6 1
20121021 2 8 7 1 6 5
20121021 3 4 3 7 4 3
20121021 4 5 2 9 4 2
20121021 5 2 9 4 2 6
20121021 6 1 2 3 1 2
20121021 7 3 4 7 3 4
20121021 8 7 6 1 5 5
20121021 9 1 4 5 1 4
20121021 10 3 9 8 3 6
20121021 11 2 9 7 2 6
20121105 1 4 7 2 0 0
20121105 2 2 7 5 0 0
20121105 3 3 7 1 0 0
20121105 4 7 3 1 0 0
20121105 5 2 1 5 0 0
20121105 6 3 7 1 3 5
20121105 7 5 1 2 4 1
20121105 8 4 6 8 4 5
20121105 9 3 7 4 3 5
20121105 10 3 5 7 3 4
20121105 11 3 5 1 3 4
20121106 1 5 4 3 0 0
20121106 2 1 7 2 0 0
20121106 3 1 3 4 0 0
20121106 4 4 3 2 0 0
20121106 5 7 2 1 0 0
20121106 6 1 3 7 1 3
20121106 7 4 8 3 4 6
20121106 8 9 5 3 6 4
20121106 9 2 3 8 2 3
20121106 10 2 9 7 2 6
20121106 11 3 7 8 3 5
20121107 1 3 2 1 0 0
20121107 2 5 2 1 0 0
20121107 3 3 5 2 0 0
20121107 4 1 5 2 0 0
20121107 5 2 1 3 2 1
20121107 6 1 5 9 1 4
20121107 7 1 5 4 0 0
20121107 8 2 7 3 2 5
20121107 9 5 1 9 4 1
20121107 10 5 4 3 4 4
20121107 11 9 6 3 6 5
20121126 1 8 9 4 6 6
20121126 2 1 5 7 1 4
20121126 3 3 5 6 3 4
20121126 4 9 8 7 6 6
20121126 5 7 2 8 5 2
20121126 6 9 3 6 6 3
20121126 7 9 1 2 6 1
20121126 8 7 3 9 5 3
20121126 9 3 5 1 3 4
20121126 10 7 3 5 5 3
20121126 11 2 1 5 2 1
20121127 1 7 3 1 5 3
20121127 2 3 5 7 3 4
20121127 3 2 8 5 2 6
20121127 4 7 1 9 5 1
20121127 5 7 3 2 5 3
20121127 6 3 1 2 3 1
20121127 7 9 5 6 6 4
20121127 8 5 7 3 4 5
20121127 9 1 4 2 1 4
20121127 10 1 6 4 1 5
20121127 11 2 9 7 2 6
20121128 1 2 7 4 2 5
20121128 2 9 7 2 6 5
20121128 3 2 3 9 2 3
20121128 4 9 2 5 6 2
20121128 5 1 5 7 1 4
20121128 6 2 5 7 2 4
20121128 7 5 7 2 4 5
20121128 8 3 5 4 3 4
20121128 9 1 5 7 1 4
20121128 10 5 7 2 4 5
20121128 11 9 3 5 6 3
20121203 1 1 7 2 1 5
20121203 2 3 5 2 3 4
20121203 3 3 9 2 3 6
20121203 4 7 2 9 5 2
20121203 5 3 5 1 3 4
20121203 6 2 3 8 2 3
20121203 7 2 7 4 2 5
20121203 8 2 3 7 2 3
20121203 9 7 3 9 5 3
20121203 10 9 1 4 6 1
20121203 11 6 4 3 5 4
20121204 1 7 2 5 5 2
20121204 2 2 7 3 2 5
20121204 3 1 4 3 1 4
20121204 4 3 4 1 3 4
20121204 5 2 5 7 2 4
20121204 6 9 1 2 6 1
20121204 7 7 5 1 5 4
20121204 8 2 6 3 2 5
20121204 9 5 7 2 4 5
20121204 10 3 4 7 3 4
20121204 11 9 6 1 6 5
20121205 1 2 1 5 2 1
20121205 2 2 7 6 2 5
20121205 3 3 5 2 3 4
20121205 4 1 7 6 1 5
20121205 5 7 3 2 5 3
20121205 6 2 7 5 2 5
20121205 7 3 7 9 3 5
20121205 8 3 1 8 3 1
20121205 9 2 9 4 2 6
20121205 10 7 4 1 5 4
20121205 11 2 1 9 2 1
20121223 1 1 2 5 0 0
20121223 2 4 1 7 0 0
20121223 3 3 7 2 0 0
20121223 4 2 1 7 0 0
20121223 5 7 1 4 0 0
20121223 6 2 4 9 2 4
20121223 7 5 2 7 4 2
20121223 8 9 3 8 6 3
20121223 9 5 2 9 4 2
20121223 10 5 1 2 4 1
20121223 11 1 7 4 1 5
20121224 1 2 1 5 0 0
20121224 2 7 6 2 0 0
20121224 3 4 1 2 0 0
20121224 4 5 1 2 0 0
20121224 5 2 5 3 0 0
20121224 6 3 5 9 3 4
20121224 7 5 3 9 4 3
20121224 8 9 5 7 6 4
20121224 9 3 5 7 3 4
20121224 10 7 9 1 5 6
20121224 11 7 8 5 5 6
20121225 1 4 6 5 0 0
20121225 2 7 3 1 0 0
20121225 3 1 6 4 0 0
20121225 4 7 5 4 0 0
20121225 5 1 3 7 1 3
20121225 6 1 5 8 1 4
20121225 7 7 1 2 0 0
20121225 8 9 1 2 6 1
20121225 9 8 9 3 6 6
20121225 10 2 4 8 2 4
20121225 11 1 4 2 1 4
20130104 1 1 4 2 0 0
20130104 2 3 4 1 0 0
20130104 3 2 3 1 0 0
20130104 4 3 4 1 0 0
20130104 5 3 1 4 0 0
20130104 6 3 5 7 3 4
20130104 7 2 5 7 2 4
20130104 8 7 1 9 5 1
20130104 9 2 9 7 2 6
20130104 10 6 1 5 5 1
20130104 11 6 5 9 5 4
20130105 1 4 2 1 0 0
20130105 2 2 1 5 0 0
20130105 3 1 5 6 0 0
20130105 4 1 2 6 0 0
20130105 5 6 2 5 0 0
20130105 6 5 6 3 4 5
20130105 7 7 3 9 5 3
20130105 8 1 9 7 1 6
20130105 9 1 3 5 1 3
20130105 10 2 6 9 2 5
20130105 11 9 5 1 6 4
20130106 1 2 5 3 0 0
20130106 2 4 5 1 0 0
20130106 3 3 1 7 0 0
20130106 4 2 6 4 0 0
20130106 5 1 4 9 1 4
20130106 6 9 7 2 6 5
20130106 7 7 1 2 0 0
20130106 8 2 5 6 2 4
20130106 9 3 8 9 3 6
20130106 10 1 9 4 1 6
20130106 11 6 9 3 5 6
20130116 1 7 2 4 5 2
20130116 2 1 7 3 1 5
20130116 3 1 7 3 1 5
20130116 4 6 1 2 5 1
20130116 5 2 1 3 2 1
20130116 6 8 2 5 6 2
20130116 7 5 1 3 4 1
20130116 8 6 7 2 5 5
20130116 9 2 1 4 2 1
20130116 10 1 2 5 1 2
20130116 11 3 5 8 3 4
20130117 1 2 6 1 2 5
20130117 2 3 7 1 3 5
20130117 3 7 9 2 5 6
20130117 4 4 6 1 4 5
20130117 5 2 5 1 2 4
20130117 6 8 5 1 6 4
20130117 7 2 4 8 2 4
20130117 8 5 3 2 4 3
20130117 9 2 5 1 2 4
20130117 10 1 5 7 1 4
20130117 11 7 1 9 5 1
20130118 1 9 5 1 6 4
20130118 2 7 1 5 5 1
20130118 3 4 1 7 4 1
20130118 4 1 8 9 1 6
20130118 5 2 1 5 2 1
20130118 6 7 8 3 5 6
20130118 7 9 3 5 6 3
20130118 8 5 8 3 4 6
20130118 9 1 4 2 1 4
20130118 10 2 3 8 2 3
20130118 11 1 3 7 1 3
20130204 1 3 1 2 0 0
20130204 2 1 7 3 0 0
20130204 3 3 4 2 0 0
20130204 4 7 2 3 0 0
20130204 5 1 3 6 0 0
20130204 6 1 9 2 1 6
20130204 7 1 5 2 1 4
20130204 8 9 3 2 6 3
20130204 9 7 4 3 5 4
20130204 10 1 9 8 1 6
20130204 11 2 1 7 2 1
20130205 1 2 3 7 0 0
20130205 2 5 4 7 0 0
20130205 3 7 3 4 0 0
20130205 4 1 7 4 0 0
20130205 5 2 3 7 0 0
20130205 6 4 3 7 4 3
20130205 7 3 2 8 3 2
20130205 8 2 5 3 2 4
20130205 9 8 7 9 6 5
20130205 10 1 4 2 1 4
20130205 11 3 7 8 3 5
20130206 1 5 3 1 0 0
20130206 2 5 4 2 0 0
20130206 3 7 1 3 0 0
20130206 4 5 4 1 0 0
20130206 5 7 9 4 5 6
20130206 6 7 9 5 5 6
20130206 7 2 5 1 0 0
20130206 8 2 4 7 2 4
20130206 9 2 3 5 2 3
20130206 10 1 2 6 1 2
20130206 11 7 4 3 5 4
20130227 1 2 5 4 0 0
20130227 2 4 7 5 0 0
20130227 3 3 7 2 0 0
20130227 4 2 5 3 0 0
20130227 5 2 5 1 0 0
20130227 6 7 5 4 5 4
20130227 7 9 3 7 6 3
20130227 8 7 1 5 5 1
20130227 9 2 7 1 2 5
20130227 10 2 9 1 2 6
20130227 11 3 7 9 3 5
20130228 1 6 1 2 0 0
20130228 2 7 5 3 0 0
20130228 3 2 4 6 0 0
20130228 4 6 4 3 0 0
20130228 5 4 2 6 0 0
20130228 6 1 2 8 1 2
20130228 7 2 1 5 2 1
20130228 8 7 5 1 5 4
20130228 9 9 1 5 6 1
20130228 10 1 8 9 1 6
20130228 11 1 2 6 1 2
20130301 1 5 3 2 0 0
20130301 2 7 1 5 0 0
20130301 3 7 1 4 0 0
20130301 4 2 5 4 0 0
20130301 5 3 8 9 3 6
20130301 6 6 3 1 5 3
20130301 7 2 1 6 0 0
20130301 8 9 1 5 6 1
20130301 9 8 2 6 6 2
20130301 10 9 1 2 6 1
20130301 11 3 4 5 3 4
20130304 1 2 5 3 0 0
20130304 2 1 4 7 0 0
20130304 3 7 2 1 0 0
20130304 4 7 4 2 0 0
20130304 5 7 5 3 0 0
20130304 6 1 5 9 1 4
20130304 7 7 3 1 5 3
20130304 8 5 7 1 4 5
20130304 9 9 2 7 6 2
20130304 10 1 7 5 1 5
20130304 11 1 4 7 1 4
20130305 1 5 2 3 0 0
20130305 2 1 5 3 0 0
20130305 3 3 1 2 0 0
20130305 4 4 1 3 0 0
20130305 5 2 5 3 0 0
20130305 6 1 2 8 1 2
20130305 7 6 9 4 5 6
20130305 8 2 1 6 2 1
20130305 9 5 1 7 4 1
20130305 10 3 1 7 3 1
20130305 11 2 5 8 2 4
20130306 1 2 7 4 0 0
20130306 2 1 4 2 0 0
20130306 3 2 5 3 0 0
20130306 4 2 7 5 0 0
20130306 5 1 3 7 1 3
20130306 6 4 9 2 4 6
20130306 7 3 5 4 0 0
20130306 8 9 2 6 6 2
20130306 9 5 1 2 4 1
20130306 10 5 1 6 4 1
20130306 11 4 9 5 4 6
20130315 1 4 2 1 0 0
20130315 2 7 1 3 0 0
20130315 3 5 3 4 0 0
20130315 4 7 4 1 0 0
20130315 5 3 1 4 0 0
20130315 6 3 9 7 3 6
20130315 7 2 5 1 2 4
20130315 8 5 6 3 4 5
20130315 9 3 7 1 3 5
20130315 10 9 3 5 6 3
20130315 11 3 9 4 3 6
20130316 1 5 2 7 0 0
20130316 2 1 3 7 0 0
20130316 3 4 7 3 0 0
20130316 4 1 4 5 0 0
20130316 5 1 7 4 0 0
20130316 6 5 9 3 4 6
20130316 7 5 4 1 4 4
20130316 8 7 5 8 5 4
20130316 9 5 2 3 4 2
20130316 10 3 7 8 3 5
20130316 11 3 8 1 3 6
20130317 1 2 5 7 0 0
20130317 2 4 7 2 0 0
20130317 3 1 2 6 0 0
20130317 4 1 3 4 0 0
20130317 5 5 1 2 4 1
20130317 6 7 9 5 5 6
20130317 7 5 4 3 0 0
20130317 8 2 5 3 2 4
20130317 9 5 9 3 4 6
20130317 10 1 9 5 1 6
20130317 11 9 5 3 6 4
20130408 1 4 3 7 0 0
20130408 2 5 2 7 0 0
20130408 3 3 1 4 0 0
20130408 4 4 3 7 0 0
20130408 5 1 6 4 0 0
20130408 6 1 3 5 1 3
20130408 7 4 7 3 4 5
20130408 8 6 2 7 5 2
20130408 9 2 5 3 2 4
20130408 10 5 9 6 4 6
20130409 1 3 4 1 0 0
20130409 2 1 5 2 0 0
20130409 3 5 3 7 0 0
20130409 4 2 7 1 0 0
20130409 5 1 5 7 0 0
20130409 6 2 7 5 2 5
20130409 7 3 5 2 3 4
20130409 8 6 9 2 5 6
20130409 9 7 6 1 5 5
20130409 10 9 2 7 6 2
20130410 1 7 1 3 0 0
20130410 2 1 5 4 0 0
20130410 3 2 4 3 0 0
20130410 4 7 2 1 0 0
20130410 5 5 8 1 4 6
20130410 6 7 3 5 5 3
20130410 7 3 6 7 0 0
20130410 8 5 7 2 4 5
20130410 9 4 1 5 4 1
20130410 10 2 4 3 2 4
20130515 1 9 1 4 6 1
20130515 2 7 5 1 5 4
20130515 3 7 1 5 5 1
20130515 4 1 7 3 1 5
20130515 5 3 9 1 3 6
20130515 6 2 7 5 2 5
20130515 7 2 1 9 2 1
20130515 8 7 1 5 5 1
20130515 9 7 8 9 5 6
20130515 10 2 1 7 2 1
20130515 11 7 5 2 5 4
20130516 1 4 2 1 4 2
20130516 2 2 6 9 2 5
20130516 3 5 8 2 4 6
20130516 4 2 9 3 2 6
20130516 5 1 7 5 1 5
20130516 6 9 1 5 6 1
20130516 7 2 9 1 2 6
20130516 8 2 5 9 2 4
20130516 9 7 1 3 5 1
20130516 10 5 1 9 4 1
20130516 11 1 7 3 1 5
20130517 1 7 3 1 5 3
20130517 2 1 7 2 1 5
20130517 3 5 1 7 4 1
20130517 4 2 9 4 2 6
20130517 5 2 3 7 2 3
20130517 6 4 8 7 4 6
20130517 7 7 5 3 5 4
20130517 8 7 4 2 5 4
20130517 9 1 5 3 1 4
20130517 10 2 6 9 2 5
20130517 11 2 4 5 2 4
20130525 1 2 1 5 0 0
20130525 2 7 2 1 0 0
20130525 3 3 2 1 0 0
20130525 4 5 2 1 0 0
20130525 5 7 1 5 0 0
20130525 6 5 1 7 4 1
20130525 7 9 7 3 6 5
20130525 8 9 2 3 6 2
20130525 9 5 7 1 4 5
20130525 10 7 3 5 5 3
20130526 1 2 7 1 0 0
20130526 2 4 1 7 0 0
20130526 3 2 4 3 0 0
20130526 4 1 3 7 0 0
20130526 5 5 1 3 0 0
20130526 6 2 3 1 2 3
20130526 7 2 1 5 2 1
20130526 8 2 7 5 2 5
20130526 9 5 1 9 4 1
20130526 10 9 2 4 6 2
20130527 1 2 5 1 0 0
20130527 2 5 1 7 0 0
20130527 3 4 3 6 0 0
20130527 4 4 7 2 0 0
20130527 5 2 7 8 2 5
20130527 6 7 5 1 5 4
20130527 7 2 5 3 0 0
20130527 8 2 9 1 2 6
20130527 9 9 4 8 6 4
20130527 10 1 9 3 1 6
20130617 1 3 7 2 3 5
20130617 2 2 7 6 2 5
20130617 3 2 3 9 2 3
20130617 4 7 9 4 5 6
20130617 5 2 9 5 2 6
20130617 6 9 3 7 6 3
20130617 7 3 2 8 3 2
20130617 8 7 9 5 5 6
20130617 9 1 9 3 1 6
20130617 10 5 2 1 4 2
20130617 11 3 4 2 3 4
20130618 1 9 1 5 6 1
20130618 2 3 2 7 3 2
20130618 3 3 5 4 3 4
20130618 4 7 8 3 5 6
20130618 5 5 3 9 4 3
20130618 6 5 2 3 4 2
20130618 7 1 3 4 1 3
20130618 8 1 7 4 1 5
20130618 9 2 7 1 2 5
20130618 10 2 8 3 2 6
20130618 11 1 9 2 1 6
20130619 1 1 5 7 1 4
20130619 2 9 1 6 6 1
20130619 3 9 2 5 6 2
20130619 4 3 7 2 3 5
20130619 5 3 9 1 3 6
20130619 6 9 5 7 6 4
20130619 7 4 6 1 4 5
20130619 8 1 3 2 1 3
20130619 9 1 5 7 1 4
20130619 10 2 4 6 2 4
20130619 11 5 3 6 4 3
20130625 1 2 3 5 0 0
20130625 2 7 3 2 0 0
20130625 3 4 7 5 0 0
20130625 4 6 7 1 0 0
20130625 5 5 1 3 0 0
20130625 6 2 4 9 2 4
20130625 7 2 9 1 2 6
20130625 8 1 7 4 1 5
20130625 9 2 1 9 2 1
20130625 10 3 2 4 3 2
20130626 1 4 7 3 0 0
20130626 2 7 1 6 0 0
20130626 3 2 5 3 0 0
20130626 4 7 3 4 0 0
20130626 5 3 5 7 0 0
20130626 6 5 2 3 4 2
20130626 7 5 1 2 4 1
20130626 8 9 2 3 6 2
20130626 9 3 9 5 3 6
20130626 10 1 7 2 1 5
20130627 1 7 5 6 0 0
20130627 2 1 2 3 0 0
20130627 3 3 4 2 0 0
20130627 4 5 4 1 0 0
20130627 5 1 5 9 1 4
20130627 6 1 3 7 1 3
20130627 7 2 1 6 0 0
20130627 8 3 6 2 3 5
20130627 9 1 5 9 1 4
20130627 10 9 2 7 6 2
20130716 1 3 1 4 0 0
20130716 2 2 4 5 0 0
20130716 3 3 5 7 0 0
20130716 4 7 3 1 0 0
20130716 5 1 5 3 0 0
20130716 6 1 5 6 1 4
20130716 7 1 9 4 1 6
20130716 8 4 2 7 4 2
20130716 9 3 9 4 3 6
20130716 10 1 5 3 1 4
20130717 1 1 2 7 0 0
20130717 2 7 2 6 0 0
20130717 3 4 2 1 0 0
20130717 4 3 1 7 0 0
20130717 5 5 1 6 0 0
20130717 6 9 1 6 6 1
20130717 7 7 1 5 5 1
20130717 8 9 5 2 6 4
20130717 9 9 4 3 6 4
20130717 10 1 9 2 1 6
20130718 1 3 5 6 0 0
20130718 2 3 1 4 0 0
20130718 3 3 6 7 0 0
20130718 4 5 1 2 0 0
20130718 5 9 5 7 6 4
20130718 6 7 1 5 5 1
20130718 7 4 2 3 0 0
20130718 8 2 5 9 2 4
20130718 9 2 5 7 2 4
20130718 10 9 7 4 6 5
20130807 1 3 7 2 0 0
20130807 2 3 1 7 0 0
20130807 3 2 4 1 0 0
20130807 4 7 2 5 0 0
20130807 5 5 1 2 0 0
20130807 6 3 5 7 3 4
20130807 7 5 1 3 4 1
20130807 8 7 2 3 5 2
20130807 9 2 4 6 2 4
20130807 10 5 1 7 4 1
20130808 1 4 5 1 0 0
20130808 2 3 2 7 0 0
20130808 3 3 4 2 0 0
20130808 4 5 2 6 0 0
20130808 5 7 1 3 0 0
20130808 6 3 9 4 3 6
20130808 7 7 9 1 5 6
20130808 8 5 7 1 4 5
20130808 9 2 8 1 2 6
20130808 10 9 7 1 6 5
20130809 1 3 4 2 0 0
20130809 2 3 4 5 0 0
20130809 3 1 5 3 0 0
20130809 4 7 2 6 0 0
20130809 5 3 9 1 3 6
20130809 6 6 1 2 5 1
20130809 7 5 3 2 0 0
20130809 8 9 4 1 6 4
20130809 9 7 1 6 5 1
20130809 10 2 7 8 2 5
20130821 1 2 5 6 0 0
20130821 2 1 4 5 0 0
20130821 3 3 5 2 0 0
20130821 4 7 1 3 0 0
20130821 5 5 1 4 0 0
20130821 6 7 1 5 5 1
20130821 7 9 1 4 6 1
20130821 8 1 7 9 1 5
20130821 9 7 1 5 5 1
20130821 10 7 1 2 5 1
20130822 1 2 3 5 0 0
20130822 2 7 4 5 0 0
20130822 3 5 3 7 0 0
20130822 4 6 2 3 0 0
20130822 5 5 3 1 0 0
20130822 6 3 2 1 3 2
20130822 7 1 2 7 1 2
20130822 8 5 1 3 4 1
20130822 9 1 5 3 1 4
20130822 10 3 7 2 3 5
20130823 1 4 1 2 0 0
20130823 2 3 1 7 0 0
20130823 3 3 1 5 0 0
20130823 4 2 1 3 0 0
20130823 5 3 5 1 3 4
20130823 6 7 4 9 5 4
20130823 7 1 6 5 0 0
20130823 8 5 1 6 4 1
20130823 9 8 3 2 6 3
20130823 10 2 6 9 2 5
20130926 1 2 7 3 2 5
20130926 2 5 1 8 4 1
20130926 3 7 3 1 5 3
20130926 4 2 7 9 2 5
20130926 5 2 9 5 2 6
20130926 6 7 1 5 5 1
20130926 7 1 5 7 1 4
20130926 8 7 9 2 5 6
20130926 9 2 5 9 2 4
20130926 10 2 5 1 2 4
20130926 11 5 9 1 4 6
20130927 1 9 1 8 6 1
20130927 2 5 9 2 4 6
20130927 3 1 6 2 1 5
20130927 4 7 2 9 5 2
20130927 5 2 1 7 2 1
20130927 6 5 9 7 4 6
20130927 7 2 5 7 2 4
20130927 8 7 5 9 5 4
20130927 9 3 9 4 3 6
20130927 10 2 7 1 2 5
20130927 11 1 7 5 1 5
20130928 1 7 4 3 5 4
20130928 2 2 1 5 2 1
20130928 3 5 9 4 4 6
20130928 4 5 2 3 4 2
20130928 5 2 5 7 2 4
20130928 6 1 3 7 1 3
20130928 7 7 2 3 5 2
20130928 8 1 2 3 1 2
20130928 9 3 9 7 3 6
20130928 10 1 3 5 1 3
20130928 11 1 7 3 1 5
20131017 1 3 9 5 3 6
20131017 2 9 2 5 6 2
20131017 3 7 3 1 5 3
20131017 4 6 7 1 5 5
20131017 5 3 1 9 3 1
20131017 6 5 2 9 4 2
20131017 7 2 1 7 2 1
20131017 8 3 9 4 3 6
20131017 9 5 2 1 4 2
20131017 10 3 9 4 3 6
20131017 11 4 7 9 4 5
20131018 1 7 3 2 5 3
20131018 2 3 9 4 3 6
20131018 3 1 7 9 1 5
20131018 4 3 1 6 3 1
20131018 5 9 2 1 6 2
20131018 6 2 1 7 2 1
20131018 7 7 2 5 5 2
20131018 8 1 7 8 1 5
20131018 9 3 5 6 3 4
20131018 10 2 7 3 2 5
20131018 11 1 9 3 1 6
20131019 1 9 1 3 6 1
20131019 2 9 8 7 6 6
20131019 3 7 2 3 5 2
20131019 4 1 3 8 1 3
20131019 5 9 5 1 6 4
20131019 6 9 1 4 6 1
20131019 7 7 1 8 5 1
20131019 8 1 4 9 1 4
20131019 9 7 2 4 5 2
20131019 10 2 8 1 2 6
20131019 11 3 5 7 3 4
20131020 1 2 1 3 2 1
20131020 2 7 5 1 5 4
20131020 3 1 3 4 1 3
20131020 4 2 3 7 2 3
20131020 5 2 8 3 2 6
20131020 6 2 8 9 2 6
20131020 7 2 5 7 2 4
20131020 8 5 1 2 4 1
20131020 9 5 1 3 4 1
20131020 10 1 5 7 1 4
20131020 11 1 9 5 1 6
20131126 1 9 1 2 6 1
20131126 2 6 2 9 5 2
20131126 3 7 3 2 0 0
20131126 4 2 5 1 2 4
20131126 5 3 2 5 3 2
20131126 6 1 4 7 1 4
20131126 7 3 7 8 3 5
20131126 8 1 5 2 1 4
20131126 9 9 3 7 6 3
20131126 10 8 2 1 6 2
20131127 1 6 4 1 5 4
20131127 2 3 7 1 3 5
20131127 3 1 6 7 1 5
20131127 4 9 1 4 6 1
20131127 5 1 2 3 1 2
20131127 6 3 1 5 3 1
20131127 7 5 7 3 4 5
20131127 8 1 4 2 1 4
20131127 9 7 1 8 5 1
20131127 10 7 2 5 5 2
20131128 1 9 1 7 6 1
20131128 2 7 5 1 5 4
20131128 3 3 7 1 3 5
20131128 4 2 5 7 2 4
20131128 5 1 7 4 1 5
20131128 6 7 1 5 5 1
20131128 7 1 6 8 1 5
20131128 8 1 5 7 1 4
20131128 9 1 2 8 1 2
20131128 10 1 2 7 1 2
20131206 1 1 3 4 0 0
20131206 2 3 5 7 0 0
20131206 3 2 7 3 0 0
20131206 4 4 5 1 0 0
20131206 5 1 7 4 0 0
20131206 6 3 7 5 3 5
20131206 7 2 7 1 2 5
20131206 8 3 2 8 3 2
20131206 9 5 4 3 4 4
20131206 10 2 9 5 2 6
20131207 1 5 2 7 0 0
20131207 2 4 3 5 0 0
20131207 3 1 3 4 0 0
20131207 4 2 7 1 0 0
20131207 5 1 4 2 0 0
20131207 6 4 7 5 4 5
20131207 7 4 2 5 4 2
20131207 8 1 2 3 1 2
20131207 9 7 2 1 5 2
20131207 10 3 9 5 3 6
20131208 1 5 3 7 0 0
20131208 2 1 3 5 0 0
20131208 3 7 5 3 0 0
20131208 4 1 4 2 0 0
20131208 5 7 2 5 5 2
20131208 6 1 3 2 1 3
20131208 7 1 3 6 0 0
20131208 8 7 2 9 5 2
20131208 9 9 4 2 6 4
20131208 10 7 2 8 5 2
20131224 1 2 3 7 2 3
20131224 2 2 9 4 2 6
20131224 3 4 2 6 4 2
20131224 4 5 1 2 4 1
20131224 5 1 2 4 1 2
20131224 6 7 1 4 5 1
20131224 7 1 9 3 1 6
20131224 8 4 1 9 4 1
20131224 9 5 1 7 4 1
20131224 10 1 4 5 1 4
20131224 11 3 4 6 3 4
20131225 1 3 7 9 3 5
20131225 2 9 1 3 6 1
20131225 3 9 3 2 6 3
20131225 4 3 9 1 3 6
20131225 5 3 2 1 3 2
20131225 6 7 5 3 5 4
20131225 7 2 1 9 2 1
20131225 8 3 1 8 3 1
20131225 9 5 2 3 4 2
20131225 10 1 2 9 1 2
20131225 11 5 7 8 4 5
20131226 1 1 9 5 1 6
20131226 2 3 4 7 3 4
20131226 3 1 9 4 1 6
20131226 4 9 1 2 6 1
20131226 5 5 3 7 4 3
20131226 6 6 4 9 5 4
20131226 7 3 5 2 3 4
20131226 8 3 5 8 3 4
20131226 9 4 5 2 4 4
20131226 10 1 5 3 1 4
20131226 11 1 6 3 1 5
20131231 1 2 4 5 0 0
20131231 2 3 4 2 0 0
20131231 3 2 4 1 0 0
20131231 4 7 3 2 0 0
20131231 5 5 1 2 0 0
20131231 6 3 5 8 3 4
20131231 7 1 7 4 1 5
20131231 8 5 2 9 4 2
20131231 9 6 9 5 5 6
20131231 10 9 1 6 6 1
20140101 1 2 5 4 0 0
20140101 2 3 7 1 0 0
20140101 3 4 1 6 0 0
20140101 4 7 1 3 0 0
20140101 5 1 4 6 0 0
20140101 6 9 3 1 6 3
20140101 7 7 5 1 5 4
20140101 8 3 7 2 3 5
20140101 9 1 7 9 1 5
20140101 10 3 9 7 3 6
20140102 1 5 3 1 0 0
20140102 2 3 2 5 0 0
20140102 3 3 5 4 0 0
20140102 4 4 5 7 0 0
20140102 5 5 2 8 4 2
20140102 6 7 6 8 5 5
20140102 7 5 3 6 0 0
20140102 8 8 7 5 6 5
20140102 9 7 2 1 5 2
20140102 10 1 6 5 1 5
20140128 1 9 1 3 6 1
20140128 2 1 2 3 1 2
20140128 3 9 1 2 6 1
20140128 4 2 5 8 2 4
20140128 5 3 5 1 3 4
20140128 6 7 4 9 5 4
20140128 7 7 2 5 5 2
20140128 8 1 8 7 1 6
20140128 9 9 1 2 6 1
20140128 10 1 6 9 1 5
20140128 11 1 5 4 1 4
20140129 1 9 3 8 6 3
20140129 2 7 2 3 5 2
20140129 3 8 3 7 6 3
20140129 4 9 5 1 6 4
20140129 5 9 2 7 6 2
20140129 6 8 5 7 6 4
20140129 7 5 9 3 4 6
20140129 8 1 4 2 1 4
20140129 9 3 5 2 3 4
20140129 10 5 2 9 4 2
20140129 11 1 5 6 1 4
20140130 1 1 7 4 1 5
20140130 2 8 4 2 6 4
20140130 3 9 5 2 6 4
20140130 4 1 6 2 1 5
20140130 5 5 1 6 4 1
20140130 6 9 3 4 6 3
20140130 7 5 9 3 4 6
20140130 8 1 9 5 1 6
20140130 9 1 7 4 1 5
20140130 10 7 4 2 5 4
20140130 11 7 3 4 5 3
20140204 1 2 4 3 0 0
20140204 2 5 1 3 0 0
20140204 3 7 3 5 0 0
20140204 4 2 4 5 0 0
20140204 5 2 7 4 0 0
20140204 6 2 4 9 2 4
20140204 7 7 5 1 5 4
20140204 8 8 7 1 6 5
20140204 9 3 7 2 3 5
20140204 10 2 1 8 2 1
20140205 1 4 3 5 0 0
20140205 2 3 6 4 0 0
20140205 3 3 6 7 0 0
20140205 4 4 5 3 0 0
20140205 5 5 1 7 0 0
20140205 6 3 7 6 3 5
20140205 7 8 3 7 6 3
20140205 8 2 5 9 2 4
20140205 9 2 9 4 2 6
20140205 10 3 1 7 3 1
20140206 1 2 5 6 0 0
20140206 2 7 3 1 0 0
20140206 3 4 1 3 0 0
20140206 4 5 6 7 0 0
20140206 5 2 5 1 2 4
20140206 6 6 7 2 5 5
20140206 7 4 6 3 0 0
20140206 8 3 5 9 3 4
20140206 9 1 7 9 1 5
20140206 10 9 5 7 6 4
20140219 1 2 1 5 0 0
20140219 2 2 1 7 0 0
20140219 3 3 4 7 0 0
20140219 4 7 3 5 0 0
20140219 5 7 4 1 0 0
20140219 6 1 7 4 1 5
20140219 7 1 4 6 1 4
20140219 8 7 2 3 5 2
20140219 9 1 8 7 1 6
20140219 10 3 6 8 3 5
20140220 1 2 5 7 0 0
20140220 2 6 5 4 0 0
20140220 3 1 2 3 0 0
20140220 4 1 5 6 0 0
20140220 5 6 7 2 0 0
20140220 6 0 0 0 1 4
20140220 7 6 3 1 5 3
20140220 8 1 9 3 1 6
20140220 9 7 1 9 5 1
20140220 10 5 8 3 4 6
20140221 1 2 5 7 0 0
20140221 2 5 4 6 0 0
20140221 3 4 3 5 0 0
20140221 4 6 5 4 0 0
20140221 5 7 1 6 5 1
20140221 6 7 2 8 5 2
20140221 7 5 4 3 0 0
20140221 8 1 3 9 1 3
20140221 9 5 6 9 4 5
20140221 10 3 5 7 3 4
20140304 1 2 5 4 0 0
20140304 2 2 7 6 0 0
20140304 3 3 1 7 0 0
20140304 4 2 5 4 0 0
20140304 5 1 4 7 0 0
20140304 6 5 4 3 4 4
20140304 7 3 1 7 3 1
20140304 8 3 9 5 3 6
20140304 9 7 1 3 5 1
20140304 10 8 7 4 6 5
20140305 1 2 5 3 0 0
20140305 2 1 2 4 0 0
20140305 3 5 1 7 0 0
20140305 4 4 1 2 0 0
20140305 5 2 3 4 0 0
20140305 6 7 3 1 5 3
20140305 7 2 1 7 2 1
20140305 8 1 3 9 1 3
20140305 9 9 5 3 6 4
20140305 10 5 1 2 4 1
20140306 1 7 2 4 0 0
20140306 2 4 3 2 0 0
20140306 3 2 1 5 0 0
20140306 4 2 3 4 0 0
20140306 5 3 5 9 3 4
20140306 6 0 0 0 5 4
20140306 7 4 1 5 0 0
20140306 8 5 6 2 4 5
20140306 9 3 1 7 3 1
20140306 10 1 9 2 1 6
20140314 1 1 9 3 1 6
20140314 2 2 4 1 2 4
20140314 3 3 1 5 3 1
20140314 4 2 4 1 2 4
20140314 5 8 2 3 6 2
20140314 6 7 4 9 5 4
20140314 7 1 9 3 1 6
20140314 8 2 1 3 2 1
20140314 9 2 8 7 2 6
20140314 10 5 3 1 4 3
20140314 11 3 5 7 3 4
20140315 1 5 2 7 4 2
20140315 2 3 7 1 3 5
20140315 3 5 1 6 4 1
20140315 4 3 2 4 3 2
20140315 5 9 3 6 6 3
20140315 6 1 8 5 1 6
20140315 7 5 9 2 4 6
20140315 8 9 1 7 6 1
20140315 9 4 7 3 4 5
20140315 10 7 2 5 5 2
20140315 11 1 5 7 1 4
20140316 1 5 3 4 4 3
20140316 2 2 9 1 2 6
20140316 3 3 9 5 3 6
20140316 4 9 1 6 6 1
20140316 5 5 7 9 4 5
20140316 6 7 8 1 5 6
20140316 7 7 2 4 5 2
20140316 8 1 9 2 1 6
20140316 9 9 6 2 6 5
20140316 10 1 9 2 1 6
20140316 11 3 5 2 3 4
20140407 1 1 2 4 0 0
20140407 2 5 1 7 0 0
20140407 3 3 1 5 0 0
20140407 4 5 4 2 0 0
20140407 5 4 7 3 0 0
20140407 6 7 9 8 5 6
20140407 7 7 1 3 5 1
20140407 8 7 2 3 5 2
20140407 9 7 3 1 5 3
20140407 10 9 3 7 6 3
20140408 1 5 3 6 0 0
20140408 2 1 5 2 0 0
20140408 3 3 2 1 0 0
20140408 4 7 2 5 0 0
20140408 5 1 4 2 0 0
20140408 6 5 1 8 4 1
20140408 7 2 7 3 2 5
20140408 8 7 1 5 5 1
20140408 9 5 1 7 4 1
20140408 10 9 1 5 6 1
20140409 1 1 5 7 0 0
20140409 2 3 1 5 0 0
20140409 3 4 1 2 0 0
20140409 4 3 1 4 0 0
20140409 5 2 7 3 2 5
20140409 6 9 7 1 6 5
20140409 7 1 7 2 0 0
20140409 8 2 5 7 2 4
20140409 9 7 9 2 5 6
20140409 10 1 7 5 1 5
20140412 1 2 4 3 0 0
20140412 2 7 3 1 0 0
20140412 3 5 3 7 0 0
20140412 4 4 1 5 0 0
20140412 5 5 7 4 0 0
20140412 6 3 9 1 3 6
20140412 7 7 1 5 5 1
20140412 8 9 7 1 6 5
20140412 9 6 9 1 5 6
20140412 10 2 5 1 2 4
20140413 1 1 2 5 0 0
20140413 2 3 5 2 0 0
20140413 3 3 5 7 0 0
20140413 4 1 2 5 0 0
20140413 5 3 1 2 0 0
20140413 6 9 2 1 6 2
20140413 7 7 1 6 5 1
20140413 8 2 6 1 2 5
20140413 9 7 3 1 5 3
20140413 10 9 2 1 6 2
20140414 1 1 5 2 0 0
20140414 2 7 3 2 0 0
20140414 3 5 1 3 0 0
20140414 4 7 2 1 0 0
20140414 5 5 9 1 4 6
20140414 6 2 1 7 2 1
20140414 7 6 1 7 0 0
20140414 8 5 6 1 4 5
20140414 9 9 8 1 6 6
20140414 10 3 6 9 3 5
20140512 1 5 1 8 4 1
20140512 2 9 8 7 6 6
20140512 3 3 9 7 3 6
20140512 4 9 1 7 6 1
20140512 5 5 2 3 4 2
20140512 6 5 9 8 4 6
20140512 7 7 4 3 5 4
20140512 8 4 3 8 4 3
20140512 9 1 5 2 1 4
20140512 10 9 1 5 6 1
20140512 11 9 2 1 6 2
20140513 1 2 5 1 2 4
20140513 2 8 1 9 6 1
20140513 3 2 4 3 2 4
20140513 4 1 3 2 1 3
20140513 5 3 1 7 3 1
20140513 6 2 1 5 2 1
20140513 7 2 1 4 2 1
20140513 8 1 7 4 1 5
20140513 9 1 5 2 1 4
20140513 10 5 3 8 4 3
20140513 11 4 8 1 4 6
20140514 1 7 9 1 5 6
20140514 2 4 9 3 4 6
20140514 3 2 7 3 2 5
20140514 4 5 7 8 4 5
20140514 5 2 7 9 2 5
20140514 6 5 6 8 4 5
20140514 7 1 5 7 1 4
20140514 8 2 9 3 2 6
20140514 9 2 8 5 2 6
20140514 10 1 7 9 1 5
20140514 11 2 5 3 2 4
20140602 1 5 9 1 4 6
20140602 2 7 3 5 5 3
20140602 3 3 5 7 3 4
20140602 4 5 2 8 4 2
20140602 5 7 2 9 5 2
20140602 6 2 3 9 2 3
20140602 7 7 3 9 5 3
20140602 8 7 1 6 5 1
20140602 9 4 3 9 4 3
20140602 10 3 2 9 3 2
20140602 11 2 9 8 2 6
20140603 1 1 4 7 1 4
20140603 2 1 7 9 1 5
20140603 3 2 9 7 2 6
20140603 4 5 2 9 4 2
20140603 5 7 2 6 5 2
20140603 6 7 2 9 5 2
20140603 7 2 1 3 2 1
20140603 8 7 2 3 5 2
20140603 9 3 1 9 3 1
20140603 10 9 5 7 6 4
20140603 11 5 7 2 4 5
20140604 1 5 2 4 4 2
20140604 2 3 9 8 3 6
20140604 3 4 5 8 4 4
20140604 4 5 2 7 4 2
20140604 5 7 5 2 5 4
20140604 6 7 3 6 5 3
20140604 7 5 1 2 4 1
20140604 8 2 5 9 2 4
20140604 9 2 5 6 2 4
20140604 10 5 6 3 4 5
20140604 11 3 2 1 3 2
20140707 1 5 2 1 0 0
20140707 2 5 7 4 0 0
20140707 3 3 1 2 0 0
20140707 4 4 7 3 0 0
20140707 5 1 7 3 0 0
20140707 6 9 4 7 6 4
20140707 7 3 7 9 3 5
20140707 8 1 2 9 1 2
20140707 9 1 7 2 1 5
20140707 10 7 1 2 5 1
20140708 1 5 2 6 0 0
20140708 2 7 2 3 0 0
20140708 3 1 3 5 0 0
20140708 4 1 6 7 0 0
20140708 5 7 3 4 0 0
20140708 6 3 4 7 3 4
20140708 7 1 3 5 1 3
20140708 8 5 7 2 4 5
20140708 9 7 2 1 5 2
20140708 10 7 1 9 5 1
20140709 1 1 2 4 0 0
20140709 2 1 3 4 0 0
20140709 3 2 5 4 0 0
20140709 4 1 4 5 0 0
20140709 5 7 5 8 5 4
20140709 6 5 3 1 4 3
20140709 7 2 3 1 0 0
20140709 8 3 4 7 3 4
20140709 9 3 1 8 3 1
20140709 10 9 3 5 6 3
20140804 1 1 9 2 1 6
20140804 2 9 5 2 6 4
20140804 3 3 1 2 3 1
20140804 4 2 5 4 2 4
20140804 5 7 9 6 5 6
20140804 6 4 2 7 4 2
20140804 7 3 7 1 3 5
20140804 8 5 9 1 4 6
20140804 9 2 9 4 2 6
20140804 10 3 5 9 3 4
20140804 11 1 7 2 1 5
20140805 1 6 2 4 5 2
20140805 2 1 2 5 1 2
20140805 3 3 9 7 3 6
20140805 4 7 1 5 5 1
20140805 5 7 1 5 5 1
20140805 6 7 1 3 5 1
20140805 7 9 4 5 6 4
20140805 8 3 8 1 3 6
20140805 9 5 2 7 4 2
20140805 10 2 5 8 2 4
20140805 11 8 3 9 6 3
20140806 1 1 5 3 1 4
20140806 2 9 6 3 6 5
20140806 3 1 3 6 1 3
20140806 4 9 5 8 6 4
20140806 5 3 1 2 3 1
20140806 6 3 9 7 3 6
20140806 7 7 1 8 5 1
20140806 8 5 1 7 4 1
20140806 9 8 1 2 6 1
20140806 10 7 8 3 5 6
20140806 11 1 3 5 1 3
20140811 1 1 7 3 0 0
20140811 2 1 7 3 0 0
20140811 3 4 1 7 0 0
20140811 4 5 2 3 0 0
20140811 5 4 7 2 0 0
20140811 6 6 1 5 5 1
20140811 7 4 3 5 4 3
20140811 8 7 1 8 5 1
20140811 9 2 9 5 2 6
20140811 10 8 7 9 6 5
20140812 1 1 4 3 0 0
20140812 2 4 1 6 0 0
20140812 3 2 7 3 0 0
20140812 4 3 2 1 0 0
20140812 5 1 6 4 0 0
20140812 6 9 2 4 6 2
20140812 7 0 0 0 4 6
20140812 8 3 2 9 3 2
20140812 9 7 5 4 5 4
20140812 10 2 9 4 2 6
20140813 1 7 6 5 0 0
20140813 2 2 4 3 0 0
20140813 3 7 4 1 0 0
20140813 4 4 7 1 0 0
20140813 5 8 7 2 6 5
20140813 6 1 2 9 1 2
20140813 7 7 3 2 0 0
20140813 8 1 3 8 1 3
20140813 9 5 4 8 4 4
20140813 10 1 5 7 1 4
20140917 1 2 3 5 0 0
20140917 2 1 7 2 0 0
20140917 3 3 5 1 0 0
20140917 4 1 3 6 0 0
20140917 5 3 5 2 0 0
20140917 6 1 3 7 1 3
20140917 7 1 8 6 1 6
20140917 8 9 1 3 6 1
20140917 9 3 9 2 3 6
20140917 10 3 9 8 3 6
20140918 1 4 1 2 0 0
20140918 2 5 7 1 0 0
20140918 3 3 2 7 0 0
20140918 4 2 7 5 0 0
20140918 5 1 6 4 0 0
20140918 6 6 3 5 5 3
20140918 7 2 9 6 2 6
20140918 8 1 5 9 1 4
20140918 9 7 3 5 5 3
20140918 10 1 5 7 1 4
20140919 1 3 2 4 0 0
20140919 2 7 2 1 0 0
20140919 3 2 1 3 0 0
20140919 4 5 3 7 0 0
20140919 5 2 9 7 2 6
20140919 6 7 1 5 5 1
20140919 7 2 7 3 0 0
20140919 8 3 9 4 3 6
20140919 9 1 5 7 1 4
20140919 10 2 1 4 2 1
20140924 1 2 4 6 0 0
20140924 2 1 7 5 0 0
20140924 3 7 3 2 0 0
20140924 4 1 2 7 0 0
20140924 5 4 7 2 0 0
20140924 6 2 5 1 2 4
20140924 7 8 7 3 6 5
20140924 8 7 1 4 5 1
20140924 9 3 2 1 3 2
20140924 10 9 1 4 6 1
20140925 1 1 2 3 0 0
20140925 2 1 4 5 0 0
20140925 3 2 1 7 0 0
20140925 4 1 4 5 0 0
20140925 5 2 5 1 0 0
20140925 6 1 7 3 1 5
20140925 7 5 9 7 4 6
20140925 8 2 1 7 2 1
20140925 9 3 2 5 3 2
20140925 10 2 3 9 2 3
20140926 1 1 4 2 0 0
20140926 2 2 7 1 0 0
20140926 3 3 2 4 0 0
20140926 4 2 4 5 0 0
20140926 5 9 1 2 6 1
20140926 6 5 7 1 4 5
20140926 7 3 6 5 0 0
20140926 8 3 8 6 3 6
20140926 9 4 2 1 4 2
20140926 10 9 4 1 6 4
20141018 1 3 7 1 3 5
20141018 2 5 2 7 4 2
20141018 3 8 3 9 6 3
20141018 4 7 2 1 5 2
20141018 5 9 3 6 6 3
20141018 6 4 9 7 4 6
20141018 7 5 3 7 4 3
20141018 8 1 2 6 1 2
20141018 9 9 5 1 6 4
20141018 10 2 4 8 2 4
20141018 11 9 5 2 6 4
20141018 12 7 3 6 5 3
20141019 1 1 4 3 1 4
20141019 2 1 8 5 1 6
20141019 3 7 1 6 5 1
20141019 4 2 1 6 2 1
20141019 5 5 1 7 4 1
20141019 6 9 5 3 6 4
20141019 7 9 1 3 6 1
20141019 8 9 3 2 6 3
20141019 9 9 3 2 6 3
20141019 10 2 9 5 2 6
20141019 11 5 1 2 4 1
20141019 12 7 1 9 5 1
20141020 1 9 7 4 6 5
20141020 2 4 3 8 4 3
20141020 3 3 9 5 3 6
20141020 4 5 9 1 4 6
20141020 5 7 9 1 5 6
20141020 6 5 1 9 4 1
20141020 7 5 1 9 4 1
20141020 8 3 4 9 3 4
20141020 9 1 8 2 1 6
20141020 10 3 5 2 3 4
20141020 11 2 4 5 2 4
20141020 12 9 1 3 6 1
20141021 1 9 3 7 6 3
20141021 2 2 5 9 2 4
20141021 3 3 1 9 3 1
20141021 4 8 7 1 6 5
20141021 5 5 1 7 4 1
20141021 6 2 8 9 2 6
20141021 7 7 2 9 5 2
20141021 8 9 4 3 6 4
20141021 9 2 5 8 2 4
20141021 10 5 1 8 4 1
20141021 11 1 5 4 1 4
20141110 1 6 3 5 5 3
20141110 2 1 9 4 1 6
20141110 3 2 9 5 2 6
20141110 4 5 3 7 4 3
20141110 5 9 1 5 6 1
20141110 6 1 7 5 1 5
20141110 7 5 2 3 4 2
20141110 8 9 3 6 6 3
20141110 9 3 1 7 3 1
20141110 10 2 4 7 2 4
20141110 11 1 2 9 1 2
20141111 1 2 9 1 2 6
20141111 2 1 7 9 1 5
20141111 3 9 4 5 6 4
20141111 4 3 1 5 3 1
20141111 5 7 4 9 5 4
20141111 6 1 9 2 1 6
20141111 7 3 5 7 3 4
20141111 8 3 7 1 3 5
20141111 9 3 2 8 3 2
20141111 10 5 3 1 4 3
20141111 11 3 5 2 3 4
20141112 1 3 9 8 3 6
20141112 2 9 1 3 6 1
20141112 3 5 1 3 4 1
20141112 4 3 8 9 3 6
20141112 5 1 9 6 1 6
20141112 6 9 5 2 6 4
20141112 7 1 6 7 1 5
20141112 8 8 1 7 6 1
20141112 9 3 7 4 3 5
20141112 10 1 5 6 1 4
20141112 11 1 3 7 1 3
20141211 1 1 7 4 1 5
20141211 2 9 6 5 6 5
20141211 3 9 1 3 6 1
20141211 4 3 2 9 3 2
20141211 5 2 7 4 2 5
20141211 6 9 1 7 6 1
20141211 7 2 8 4 2 6
20141211 8 4 3 2 4 3
20141211 9 5 1 9 4 1
20141211 10 9 2 3 6 2
20141211 11 3 2 7 3 2
20141212 1 4 1 9 4 1
20141212 2 1 3 2 1 3
20141212 3 4 2 3 4 2
20141212 4 2 1 3 2 1
20141212 5 7 9 1 5 6
20141212 6 5 3 8 4 3
20141212 7 1 4 2 1 4
20141212 8 4 1 2 4 1
20141212 9 7 3 5 5 3
20141212 10 5 1 3 4 1
20141212 11 9 3 5 6 3
20141213 1 2 1 9 2 1
20141213 2 9 3 1 6 3
20141213 3 4 1 9 4 1
20141213 4 4 2 3 4 2
20141213 5 8 1 5 6 1
20141213 6 9 3 4 6 3
20141213 7 2 7 6 2 5
20141213 8 7 3 9 5 3
20141213 9 5 1 7 4 1
20141213 10 1 9 5 1 6
20141213 11 1 2 9 1 2
20150108 1 4 1 5 0 0
20150108 2 2 7 4 0 0
20150108 3 2 6 7 0 0
20150108 4 4 5 7 0 0
20150108 5 3 5 7 0 0
20150108 6 9 1 7 6 1
20150108 7 2 8 4 2 6
20150108 8 1 7 5 1 5
20150108 9 2 7 8 2 5
20150108 10 2 9 7 2 6
20150109 1 4 5 1 0 0
20150109 2 3 5 2 0 0
20150109 3 1 5 6 0 0
20150109 4 7 5 6 0 0
20150109 5 1 7 3 0 0
20150109 6 3 5 2 3 4
20150109 7 1 5 9 1 4
20150109 8 1 7 9 1 5
20150109 9 6 9 5 5 6
20150109 10 7 1 5 5 1
20150110 1 6 5 4 0 0
20150110 2 5 1 3 0 0
20150110 3 3 7 4 0 0
20150110 4 3 5 6 0 0
20150110 5 4 7 1 4 5
20150110 6 2 7 4 2 5
20150110 7 2 6 4 0 0
20150110 8 5 1 9 4 1
20150110 9 8 1 2 6 1
20150110 10 3 5 8 3 4
20150123 1 7 5 1 0 0
20150123 2 2 7 3 0 0
20150123 3 2 4 1 0 0
20150123 4 1 3 4 0 0
20150123 5 5 1 7 0 0
20150123 6 2 7 3 2 5
20150123 7 3 1 5 3 1
20150123 8 9 1 2 6 1
20150123 9 5 3 8 4 3
20150123 10 7 9 3 5 6
20150124 1 4 7 5 0 0
20150124 2 1 2 4 0 0
20150124 3 3 4 2 0 0
20150124 4 1 7 3 0 0
20150124 5 1 5 3 0 0
20150124 6 4 3 9 4 3
20150124 7 5 2 1 4 2
20150124 8 1 2 7 1 2
20150124 9 1 2 9 1 2
20150124 10 3 5 9 3 4
20150125 1 2 5 3 0 0
20150125 2 1 2 5 0 0
20150125 3 5 1 4 0 0
20150125 4 1 2 4 0 0
20150125 5 7 2 9 5 2
20150125 6 1 3 5 1 3
20150125 7 2 7 3 0 0
20150125 8 3 2 7 3 2
20150125 9 3 7 1 3 5
20150125 10 2 9 6 2 6
20150225 1 5 2 1 4 2
20150225 2 2 8 3 2 6
20150225 3 3 4 2 3 4
20150225 4 1 7 2 1 5
20150225 5 2 5 1 2 4
20150225 6 4 5 3 4 4
20150225 7 1 4 8 1 4
20150225 8 2 1 9 2 1
20150225 9 5 2 7 4 2
20150225 10 2 7 3 2 5
20150225 11 1 5 2 1 4
20150226 1 7 9 3 5 6
20150226 2 5 4 1 4 4
20150226 3 6 2 9 5 2
20150226 4 2 4 5 2 4
20150226 5 3 5 1 3 4
20150226 6 5 2 9 4 2
20150226 7 3 7 2 3 5
20150226 8 8 3 1 6 3
20150226 9 5 3 9 4 3
20150226 10 1 7 9 1 5
20150226 11 9 2 5 6 2
20150227 1 5 2 9 4 2
20150227 2 2 3 7 2 3
20150227 3 4 3 9 4 3
20150227 4 5 1 9 4 1
20150227 5 1 7 5 1 5
20150227 6 1 5 3 1 4
20150227 7 5 7 1 4 5
20150227 8 2 9 7 2 6
20150227 9 1 7 2 1 5
20150227 10 7 1 9 5 1
20150227 11 9 3 1 6 3
20150306 1 1 6 2 0 0
20150306 2 4 1 5 0 0
20150306 3 3 4 7 0 0
20150306 4 7 6 1 0 0
20150306 5 4 1 5 0 0
20150306 6 1 5 6 1 4
20150306 7 4 7 1 4 5
20150306 8 9 7 1 6 5
20150306 9 1 5 2 1 4
20150306 10 6 7 1 5 5
20150307 1 2 3 4 0 0
20150307 2 2 1 5 0 0
20150307 3 7 5 2 0 0
20150307 4 7 3 1 0 0
20150307 5 5 1 7 0 0
20150307 6 8 5 3 6 4
20150307 7 4 7 9 4 5
20150307 8 7 2 9 5 2
20150307 9 7 5 4 5 4
20150307 10 5 1 6 4 1
20150308 1 3 2 4 0 0
20150308 2 1 7 2 0 0
20150308 3 3 5 4 0 0
20150308 4 7 1 5 0 0
20150308 5 7 3 1 5 3
20150308 6 7 1 3 5 1
20150308 7 2 3 7 0 0
20150308 8 2 5 9 2 4
20150308 9 2 3 5 2 3
20150308 10 1 9 3 1 6
20150413 1 9 2 3 6 2
20150413 2 7 3 2 5 3
20150413 3 7 1 8 5 1
20150413 4 3 9 1 3 6
20150413 5 9 2 4 6 2
20150413 6 7 3 4 5 3
20150413 7 2 3 9 2 3
20150413 8 3 9 4 3 6
20150413 9 1 5 3 1 4
20150413 10 9 1 5 6 1
20150413 11 1 8 4 1 6
20150414 1 3 6 1 3 5
20150414 2 9 2 4 6 2
20150414 3 5 1 3 4 1
20150414 4 5 3 7 4 3
20150414 5 3 9 7 3 6
20150414 6 4 1 8 4 1
20150414 7 5 2 9 4 2
20150414 8 2 3 5 2 3
20150414 9 9 5 1 6 4
20150414 10 3 9 5 3 6
20150414 11 7 1 9 5 1
20150415 1 2 5 3 2 4
20150415 2 7 9 2 5 6
20150415 3 5 9 8 4 6
20150415 4 9 3 1 6 3
20150415 5 1 7 4 1 5
20150415 6 7 9 5 5 6
20150415 7 5 9 1 4 6
20150415 8 5 1 7 4 1
20150415 9 3 9 2 3 6
20150415 10 7 4 2 5 4
20150415 11 3 6 1 3 5
20150420 1 3 7 2 0 0
20150420 2 5 1 3 0 0
20150420 3 1 3 7 0 0
20150420 4 1 5 7 0 0
20150420 5 1 4 7 0 0
20150420 6 7 2 4 5 2
20150420 7 7 3 1 5 3
20150420 8 1 9 2 1 6
20150420 9 6 5 1 5 4
20150420 10 4 6 2 4 5
20150421 1 1 7 5 0 0
20150421 2 3 7 2 0 0
20150421 3 3 7 1 0 0
20150421 4 2 7 4 0 0
20150421 5 3 1 7 0 0
20150421 6 7 2 1 5 2
20150421 7 5 3 9 4 3
20150421 8 9 5 1 6 4
20150421 9 2 1 6 2 1
20150421 10 5 9 6 4 6
20150422 1 7 1 4 0 0
20150422 2 2 7 3 0 0
20150422 3 4 5 7 0 0
20150422 4 1 6 7 0 0
20150422 5 5 3 4 4 3
20150422 6 3 9 5 3 6
20150422 7 7 5 1 0 0
20150422 8 2 9 3 2 6
20150422 9 1 5 3 1 4
20150422 10 3 2 7 3 2
20150512 1 4 5 7 0 0
20150512 2 4 3 1 0 0
20150512 3 3 7 1 0 0
20150512 4 4 1 5 0 0
20150512 5 1 5 4 0 0
20150512 6 2 8 1 2 6
20150512 7 1 2 5 1 2
20150512 8 9 1 8 6 1
20150512 9 5 2 9 4 2
20150512 10 3 2 5 3 2
20150513 1 2 4 6 0 0
20150513 2 7 4 2 0 0
20150513 3 6 2 3 0 0
20150513 4 2 7 1 0 0
20150513 5 7 1 2 0 0
20150513 6 3 2 8 3 2
20150513 7 7 1 9 5 1
20150513 8 9 1 2 6 1
20150513 9 1 3 2 1 3
20150513 10 4 5 7 4 4
20150514 1 2 3 1 0 0
20150514 2 5 7 6 0 0
20150514 3 2 3 5 0 0
20150514 4 6 7 4 0 0
20150514 5 7 4 1 5 4
20150514 6 3 1 7 3 1
20150514 7 7 3 2 0 0
20150514 8 1 9 7 1 6
20150514 9 9 6 1 6 5
20150514 10 7 1 4 5 1
20150523 1 5 3 1 0 0
20150523 2 4 7 3 0 0
20150523 3 4 2 5 0 0
20150523 4 1 7 4 0 0
20150523 5 5 1 4 0 0
20150523 6 7 1 4 5 1
20150523 7 9 4 3 6 4
20150523 8 4 9 3 4 6
20150523 9 2 5 7 2 4
20150523 10 8 3 9 6 3
20150524 1 5 1 4 0 0
20150524 2 7 1 5 0 0
20150524 3 1 4 5 0 0
20150524 4 2 1 7 0 0
20150524 5 5 2 4 0 0
20150524 6 5 7 8 4 5
20150524 7 9 1 5 6 1
20150524 8 1 9 6 1 6
20150524 9 5 9 3 4 6
20150524 10 2 5 6 2 4
20150525 1 1 3 2 0 0
20150525 2 7 1 4 0 0
20150525 3 1 5 6 0 0
20150525 4 7 2 3 0 0
20150525 5 1 7 9 1 5
20150525 6 2 7 8 2 5
20150525 7 3 2 7 0 0
20150525 8 5 2 8 4 2
20150525 9 5 7 9 4 5
20150525 10 5 3 9 4 3
20150603 1 3 2 5 3 2
20150603 2 9 4 1 6 4
20150603 3 2 7 1 2 5
20150603 4 9 4 3 6 4
20150603 5 5 6 7 4 5
20150603 6 9 3 1 6 3
20150603 7 1 7 9 1 5
20150603 8 3 9 6 3 6
20150603 9 2 9 5 2 6
20150603 10 7 1 3 5 1
20150603 11 9 5 2 6 4
20150604 1 9 5 2 6 4
20150604 2 4 1 9 4 1
20150604 3 2 9 3 2 6
20150604 4 5 7 9 4 5
20150604 5 1 7 9 1 5
20150604 6 1 7 9 1 5
20150604 7 4 1 3 4 1
20150604 8 3 8 4 3 6
20150604 9 5 2 7 4 2
20150604 10 1 2 3 1 2
20150604 11 7 5 2 5 4
20150605 1 3 6 9 3 5
20150605 2 3 2 5 3 2
20150605 3 8 5 1 6 4
20150605 4 2 5 6 2 4
20150605 5 1 4 9 1 4
20150605 6 5 1 6 4 1
20150605 7 4 5 7 4 4
20150605 8 1 9 2 1 6
20150605 9 3 7 1 3 5
20150605 10 2 1 5 2 1
20150605 11 9 3 7 6 3
20150610 1 2 1 7 0 0
20150610 2 7 5 2 0 0
20150610 3 3 2 4 0 0
20150610 4 7 1 4 0 0
20150610 5 3 4 5 0 0
20150610 6 8 1 6 6 1
20150610 7 3 7 2 3 5
20150610 8 2 1 7 2 1
20150610 9 4 9 1 4 6
20150610 10 3 1 9 3 1
20150611 1 3 2 5 0 0
20150611 2 1 7 6 0 0
20150611 3 5 3 2 0 0
20150611 4 7 2 1 0 0
20150611 5 4 5 1 0 0
20150611 6 2 7 1 2 5
20150611 7 2 7 5 2 5
20150611 8 8 3 5 6 3
20150611 9 8 3 5 6 3
20150611 10 7 1 3 5 1
20150612 1 2 4 3 0 0
20150612 2 7 3 2 0 0
20150612 3 7 3 1 0 0
20150612 4 2 7 5 0 0
20150612 5 5 2 9 4 2
20150612 6 3 7 5 3 5
20150612 7 4 2 5 0 0
20150612 8 8 9 1 6 6
20150612 9 7 1 2 5 1
20150612 10 7 1 3 5 1
