20120314 1 3 9 5 3 6
20120314 2 2 5 1 2 4
20120314 3 1 9 4 1 6
20120314 4 4 7 1 4 5
20120314 5 7 3 1 5 3
20120314 6 2 5 6 2 4
20120314 7 1 9 5 1 6
20120314 8 2 3 9 2 3
20120314 9 1 6 2 1 5
20120314 10 9 3 6 6 3
20120314 11 1 3 8 1 3
20120314 12 3 4 7 3 4
20120315 1 4 7 2 4 5
20120315 2 5 2 7 4 2
20120315 3 9 4 2 6 4
20120315 4 7 3 5 5 3
20120315 5 8 7 5 6 5
20120315 6 6 1 9 5 1
20120315 7 2 5 4 2 4
20120315 8 8 3 1 6 3
20120315 9 4 3 9 4 3
20120315 10 3 1 8 3 1
20120315 11 9 2 1 6 2
20120315 12 7 5 1 5 4
20120316 1 3 9 4 3 6
20120316 2 5 2 4 4 2
20120316 3 5 9 1 4 6
20120316 4 1 5 2 1 4
20120316 5 2 9 4 2 6
20120316 6 9 2 7 6 2
20120316 7 5 1 7 4 1
20120316 8 3 4 1 3 4
20120316 9 1 4 8 1 4
20120316 10 5 3 6 4 3
20120316 11 7 1 6 5 1
20120316 12 9 2 3 6 2
20120328 1 2 3 7 0 0
20120328 2 2 1 6 0 0
20120328 3 7 2 1 0 0
20120328 4 2 3 5 0 0
20120328 5 7 3 2 0 0
20120328 6 7 1 4 5 1
20120328 7 2 1 5 2 1
20120328 8 3 1 5 3 1
20120328 9 7 2 9 5 2
20120328 10 1 9 5 1 6
20120328 11 4 2 9 4 2
20120329 1 1 2 7 0 0
20120329 2 2 3 1 0 0
20120329 3 5 7 1 0 0
20120329 4 5 1 7 0 0
20120329 5 1 5 7 0 0
20120329 6 7 2 8 5 2
20120329 7 1 3 5 1 3
20120329 8 1 9 4 1 6
20120329 9 3 4 7 3 4
20120329 10 8 7 2 6 5
20120329 11 2 7 9 2 5
20120330 1 3 7 1 0 0
20120330 2 1 3 5 0 0
20120330 3 7 6 3 0 0
20120330 4 3 5 6 0 0
20120330 5 6 1 7 0 0
20120330 6 5 7 3 4 5
20120330 7 1 5 3 1 4
20120330 8 7 8 3 5 6
20120330 9 9 1 5 6 1
20120330 10 1 7 5 1 5
20120330 11 9 3 2 6 3
20120405 1 1 9 3 1 6
20120405 2 7 1 6 5 1
20120405 3 1 9 5 1 6
20120405 4 3 2 7 3 2
20120405 5 5 7 3 4 5
20120405 6 1 5 9 1 4
20120405 7 5 2 9 4 2
20120405 8 7 9 3 5 6
20120405 9 7 1 9 5 1
20120405 10 2 3 9 2 3
20120405 11 3 7 9 3 5
20120406 1 7 1 2 5 1
20120406 2 3 7 4 3 5
20120406 3 7 8 2 5 6
20120406 4 7 1 2 5 1
20120406 5 9 2 7 6 2
20120406 6 9 1 8 6 1
20120406 7 7 9 3 5 6
20120406 8 2 4 5 2 4
20120406 9 7 1 2 5 1
20120406 10 4 1 2 4 1
20120406 11 1 5 3 1 4
20120407 1 2 4 3 2 4
20120407 2 2 5 1 2 4
20120407 3 3 7 5 3 5
20120407 4 2 6 3 2 5
20120407 5 6 5 8 5 4
20120407 6 3 7 8 3 5
20120407 7 2 5 7 2 4
20120407 8 3 1 8 3 1
20120407 9 9 7 2 6 5
20120407 10 5 3 8 4 3
20120407 11 2 5 1 2 4
20120408 1 4 7 1 4 5
20120408 2 2 9 1 2 6
20120408 3 8 1 2 6 1
20120408 4 7 5 2 5 4
20120408 5 9 4 1 6 4
20120408 6 1 4 5 1 4
20120408 7 8 7 9 6 5
20120408 8 9 1 3 6 1
20120408 9 9 2 5 6 2
20120408 10 3 5 1 3 4
20120408 11 3 5 2 3 4
20120511 1 4 1 7 4 1
20120511 2 2 7 3 2 5
20120511 3 9 7 1 6 5
20120511 4 1 5 8 1 4
20120511 5 5 1 2 4 1
20120511 6 4 3 8 4 3
20120511 7 8 9 4 6 6
20120511 8 7 1 4 5 1
20120511 9 1 9 4 1 6
20120511 10 7 3 6 5 3
20120511 11 4 1 3 4 1
20120511 12 1 8 5 1 6
20120512 1 1 8 7 1 6
20120512 2 5 3 2 4 3
20120512 3 2 3 7 2 3
20120512 4 4 9 7 4 6
20120512 5 2 5 3 2 4
20120512 6 3 5 2 3 4
20120512 7 1 3 6 1 3
20120512 8 7 4 5 5 4
20120512 9 4 7 5 4 5
20120512 10 5 3 9 4 3
20120512 11 9 2 7 6 2
20120512 12 4 2 9 4 2
20120513 1 1 2 5 1 2
20120513 2 4 8 7 4 6
20120513 3 9 3 7 6 3
20120513 4 1 5 7 1 4
20120513 5 1 7 5 1 5
20120513 6 8 7 2 6 5
20120513 7 7 9 2 5 6
20120513 8 5 1 9 4 1
20120513 9 2 1 7 2 1
20120513 10 3 5 9 3 4
20120513 11 7 1 2 5 1
20120513 12 9 1 5 6 1
20120519 1 3 7 1 0 0
20120519 2 2 7 3 0 0
20120519 3 1 7 6 0 0
20120519 4 3 7 5 0 0
20120519 5 7 2 1 0 0
20120519 6 9 3 6 6 3
20120519 7 9 2 1 6 2
20120519 8 1 7 6 1 5
20120519 9 7 3 4 5 3
20120519 10 2 7 5 2 5
20120519 11 5 4 6 4 4
20120520 1 7 3 2 0 0
20120520 2 2 4 5 0 0
20120520 3 1 4 2 0 0
20120520 4 3 1 2 0 0
20120520 5 2 4 5 0 0
20120520 6 3 9 8 3 6
20120520 7 8 1 7 6 1
20120520 8 2 7 9 2 5
20120520 9 1 5 4 1 4
20120520 10 3 9 8 3 6
20120520 11 2 1 3 2 1
20120521 1 2 5 6 0 0
20120521 2 5 2 3 0 0
20120521 3 3 5 2 0 0
20120521 4 7 2 1 0 0
20120521 5 2 3 6 0 0
20120521 6 9 3 4 6 3
20120521 7 2 8 7 2 6
20120521 8 9 8 5 6 6
20120521 9 1 7 2 1 5
20120521 10 1 3 5 1 3
20120521 11 9 8 1 6 6
20120607 1 4 8 7 4 6
20120607 2 7 2 1 5 2
20120607 3 9 2 6 6 2
20120607 4 9 1 5 6 1
20120607 5 5 1 8 4 1
20120607 6 5 7 3 4 5
20120607 7 2 9 6 2 6
20120607 8 4 1 7 4 1
20120607 9 7 5 9 5 4
20120607 10 9 2 6 6 2
20120607 11 2 9 6 2 6
20120608 1 8 3 5 6 3
20120608 2 1 6 9 1 5
20120608 3 2 9 3 2 6
20120608 4 7 1 2 5 1
20120608 5 7 9 5 5 6
20120608 6 7 1 2 5 1
20120608 7 7 1 2 5 1
20120608 8 1 3 5 1 3
20120608 9 2 1 7 2 1
20120608 10 1 7 2 1 5
20120608 11 2 5 7 2 4
20120609 1 5 3 9 4 3
20120609 2 7 3 9 5 3
20120609 3 8 9 7 6 6
20120609 4 3 9 1 3 6
20120609 5 1 8 2 1 6
20120609 6 7 1 5 5 1
20120609 7 5 2 7 4 2
20120609 8 3 9 7 3 6
20120609 9 2 7 8 2 5
20120609 10 2 7 9 2 5
20120609 11 7 3 9 5 3
20120610 1 9 7 6 6 5
20120610 2 7 3 9 5 3
20120610 3 8 5 9 6 4
20120610 4 1 5 2 1 4
20120610 5 9 3 5 6 3
20120610 6 8 5 1 6 4
20120610 7 9 1 3 6 1
20120610 8 7 9 1 5 6
20120610 9 3 8 4 3 6
20120610 10 3 9 2 3 6
20120610 11 1 9 5 1 6
20120618 1 3 1 5 0 0
20120618 2 4 7 5 0 0
20120618 3 1 5 4 0 0
20120618 4 3 5 6 0 0
20120618 5 2 5 3 0 0
20120618 6 5 1 2 4 1
20120618 7 3 1 7 3 1
20120618 8 5 3 9 4 3
20120618 9 6 5 4 5 4
20120618 10 1 7 8 1 5
20120618 11 1 7 2 1 5
20120619 1 7 3 6 0 0
20120619 2 2 3 7 0 0
20120619 3 1 2 3 0 0
20120619 4 5 3 2 0 0
20120619 5 1 3 4 0 0
20120619 6 1 7 9 1 5
20120619 7 2 7 9 2 5
20120619 8 9 1 3 6 1
20120619 9 7 3 9 5 3
20120619 10 9 2 7 6 2
20120619 11 9 1 4 6 1
20120620 1 5 2 3 0 0
20120620 2 1 5 3 0 0
20120620 3 7 3 5 0 0
20120620 4 2 6 3 0 0
20120620 5 6 5 2 0 0
20120620 6 2 8 9 2 6
20120620 7 8 9 3 6 6
20120620 8 1 7 2 1 5
20120620 9 2 1 9 2 1
20120620 10 7 1 5 5 1
20120620 11 3 1 4 3 1
20120710 1 8 1 6 6 1
20120710 2 9 1 2 6 1
20120710 3 2 5 9 2 4
20120710 4 5 7 1 4 5
20120710 5 7 3 9 5 3
20120710 6 1 7 9 1 5
20120710 7 2 5 3 2 4
20120710 8 2 7 3 2 5
20120710 9 3 5 2 3 4
20120710 10 7 2 4 5 2
20120710 11 2 5 8 2 4
20120711 1 2 9 8 2 6
20120711 2 8 1 6 6 1
20120711 3 1 6 3 1 5
20120711 4 2 1 9 2 1
20120711 5 3 1 5 3 1
20120711 6 9 5 7 6 4
20120711 7 2 5 3 2 4
20120711 8 6 7 3 5 5
20120711 9 1 3 8 1 3
20120711 10 7 8 5 5 6
20120711 11 5 2 3 4 2
20120712 1 9 2 4 6 2
20120712 2 3 1 8 3 1
20120712 3 6 3 9 5 3
20120712 4 1 8 5 1 6
20120712 5 3 9 4 3 6
20120712 6 7 9 2 5 6
20120712 7 2 9 3 2 6
20120712 8 3 5 8 3 4
20120712 9 7 1 4 5 1
20120712 10 8 7 2 6 5
20120712 11 9 5 7 6 4
20120717 1 7 1 3 0 0
20120717 2 7 3 1 0 0
20120717 3 1 4 2 0 0
20120717 4 1 5 7 0 0
20120717 5 3 7 2 0 0
20120717 6 9 3 4 6 3
20120717 7 7 9 2 5 6
20120717 8 2 3 1 2 3
20120717 9 1 5 2 1 4
20120717 10 1 9 7 1 6
20120717 11 1 3 9 1 3
20120718 1 3 7 5 0 0
20120718 2 2 7 1 0 0
20120718 3 5 3 7 0 0
20120718 4 5 3 2 0 0
20120718 5 6 7 2 0 0
20120718 6 5 6 3 4 5
20120718 7 5 7 9 4 5
20120718 8 5 2 9 4 2
20120718 9 3 7 4 3 5
20120718 10 9 3 6 6 3
20120718 11 1 4 5 1 4
20120719 1 6 3 1 0 0
20120719 2 3 5 2 0 0
20120719 3 4 6 1 0 0
20120719 4 3 6 2 0 0
20120719 5 5 1 7 4 1
20120719 6 6 9 3 5 6
20120719 7 2 5 7 0 0
20120719 8 1 7 3 1 5
20120719 9 7 1 2 5 1
20120719 10 1 8 9 1 6
20120719 11 9 2 4 6 2
20120825 1 9 3 2 6 3
20120825 2 2 3 9 2 3
20120825 3 2 5 3 2 4
20120825 4 7 5 3 5 4
20120825 5 1 7 9 1 5
20120825 6 7 2 3 5 2
20120825 7 2 9 7 2 6
20120825 8 9 4 5 6 4
20120825 9 9 4 3 6 4
20120825 10 5 1 9 4 1
20120825 11 9 7 2 6 5
20120826 1 1 7 4 1 5
20120826 2 1 2 7 1 2
20120826 3 7 3 4 5 3
20120826 4 2 4 8 2 4
20120826 5 2 3 5 2 3
20120826 6 7 4 8 5 4
20120826 7 9 5 6 6 4
20120826 8 2 3 9 2 3
20120826 9 1 3 7 1 3
20120826 10 8 7 9 6 5
20120826 11 6 1 9 5 1
20120827 1 1 8 4 1 6
20120827 2 2 4 5 2 4
20120827 3 1 7 5 1 5
20120827 4 9 1 7 6 1
20120827 5 3 4 1 3 4
20120827 6 7 5 3 5 4
20120827 7 3 4 6 3 4
20120827 8 3 6 1 3 5
20120827 9 7 9 5 5 6
20120827 10 7 3 8 5 3
20120827 11 2 4 1 2 4
20120913 1 7 3 4 0 0
20120913 2 7 6 3 0 0
20120913 3 3 5 4 0 0
20120913 4 7 2 1 0 0
20120913 5 1 3 2 0 0
20120913 6 1 6 5 1 5
20120913 7 4 2 1 4 2
20120913 8 3 5 7 3 4
20120913 9 5 7 1 4 5
20120913 10 9 2 4 6 2
20120913 11 1 7 5 1 5
20120914 1 1 2 5 0 0
20120914 2 1 3 5 0 0
20120914 3 3 2 4 0 0
20120914 4 1 7 3 0 0
20120914 5 5 1 4 0 0
20120914 6 5 3 1 4 3
20120914 7 5 7 3 4 5
20120914 8 4 2 9 4 2
20120914 9 1 3 7 1 3
20120914 10 7 1 3 5 1
20120914 11 7 1 8 5 1
20120915 1 3 7 1 0 0
20120915 2 3 1 7 0 0
20120915 3 7 3 5 0 0
20120915 4 1 7 3 0 0
20120915 5 9 2 3 6 2
20120915 6 9 5 8 6 4
20120915 7 2 5 6 0 0
20120915 8 8 7 1 6 5
20120915 9 2 3 5 2 3
20120915 10 3 5 8 3 4
20120915 11 5 9 7 4 6
20121010 1 2 5 1 2 4
20121010 2 5 1 8 4 1
20121010 3 1 4 8 1 4
20121010 4 1 5 2 1 4
20121010 5 3 5 1 3 4
20121010 6 2 7 4 2 5
20121010 7 2 6 3 2 5
20121010 8 9 1 5 6 1
20121010 9 5 9 1 4 6
20121010 10 8 4 9 6 4
20121010 11 1 7 5 1 5
20121011 1 9 5 1 6 4
20121011 2 7 1 6 5 1
20121011 3 1 9 4 1 6
20121011 4 1 4 5 1 4
20121011 5 1 2 8 1 2
20121011 6 3 9 6 3 6
20121011 7 8 3 9 6 3
20121011 8 1 7 4 1 5
20121011 9 1 5 2 1 4
20121011 10 1 7 4 1 5
20121011 11 7 1 2 5 1
20121012 1 5 2 9 4 2
20121012 2 9 7 5 6 5
20121012 3 2 7 1 2 5
20121012 4 3 9 4 3 6
20121012 5 9 3 5 6 3
20121012 6 1 2 4 1 2
20121012 7 1 8 6 1 6
20121012 8 1 8 3 1 6
20121012 9 3 2 1 3 2
20121012 10 3 2 8 3 2
20121012 11 9 7 1 6 5
20121022 1 7 1 3 5 1
20121022 2 8 1 3 6 1
20121022 3 2 7 5 2 5
20121022 4 2 1 3 2 1
20121022 5 5 9 7 4 6
20121022 6 1 8 5 1 6
20121022 7 9 4 3 6 4
20121022 8 1 5 7 1 4
20121022 9 7 8 4 5 6
20121022 10 1 3 9 1 3
20121022 11 9 5 8 6 4
20121023 1 4 3 9 4 3
20121023 2 3 6 5 3 5
20121023 3 1 5 7 1 4
20121023 4 5 3 2 4 3
20121023 5 7 2 5 5 2
20121023 6 2 3 7 2 3
20121023 7 2 9 3 2 6
20121023 8 3 9 4 3 6
20121023 9 3 7 1 3 5
20121023 10 1 7 3 1 5
20121023 11 1 7 5 1 5
20121024 1 9 1 5 6 1
20121024 2 2 4 5 2 4
20121024 3 5 3 1 4 3
20121024 4 8 3 2 6 3
20121024 5 9 1 7 6 1
20121024 6 8 2 9 6 2
20121024 7 1 9 4 1 6
20121024 8 2 3 7 2 3
20121024 9 2 8 1 2 6
20121024 10 9 7 1 6 5
20121024 11 3 5 2 3 4
20121110 1 2 3 1 0 0
20121110 2 3 2 1 0 0
20121110 3 7 2 5 0 0
20121110 4 3 2 7 0 0
20121110 5 1 3 2 0 0
20121110 6 8 7 3 6 5
20121110 7 9 1 7 6 1
20121110 8 1 7 3 1 5
20121110 9 9 5 4 6 4
20121110 10 1 7 3 1 5
20121110 11 4 7 6 4 5
20121111 1 3 2 4 0 0
20121111 2 7 5 2 0 0
20121111 3 5 3 1 0 0
20121111 4 1 7 2 0 0
20121111 5 3 7 2 0 0
20121111 6 5 2 7 4 2
20121111 7 9 1 5 6 1
20121111 8 9 5 2 6 4
20121111 9 4 1 7 4 1
20121111 10 1 7 2 1 5
20121111 11 1 2 9 1 2
20121112 1 7 1 3 0 0
20121112 2 7 3 1 0 0
20121112 3 7 4 2 0 0
20121112 4 5 3 4 0 0
20121112 5 8 3 9 6 3
20121112 6 8 1 5 6 1
20121112 7 1 7 3 0 0
20121112 8 2 1 3 2 1
20121112 9 2 9 6 2 6
20121112 10 1 5 9 1 4
20121112 11 1 3 2 1 3
20121123 1 7 4 3 0 0
20121123 2 1 5 3 0 0
20121123 3 1 2 7 0 0
20121123 4 1 5 3 0 0
20121123 5 1 5 7 0 0
20121123 6 9 5 2 6 4
20121123 7 5 6 2 4 5
20121123 8 9 1 5 6 1
20121123 9 5 2 3 4 2
20121123 10 3 8 7 3 6
20121123 11 1 2 9 1 2
20121124 1 7 1 4 0 0
20121124 2 1 4 5 0 0
20121124 3 3 2 4 0 0
20121124 4 3 1 7 0 0
20121124 5 2 4 5 0 0
20121124 6 1 4 3 1 4
20121124 7 7 4 9 5 4
20121124 8 1 7 9 1 5
20121124 9 1 5 3 1 4
20121124 10 2 1 9 2 1
20121124 11 5 2 7 4 2
20121125 1 7 3 2 0 0
20121125 2 5 2 6 0 0
20121125 3 2 3 1 0 0
20121125 4 3 1 7 0 0
20121125 5 2 9 8 2 6
20121125 6 5 2 1 4 2
20121125 7 4 3 2 0 0
20121125 8 1 5 6 1 4
20121125 9 3 7 1 3 5
20121125 10 5 3 7 4 3
20121125 11 1 2 5 1 2
20121205 1 3 6 5 0 0
20121205 2 1 3 5 0 0
20121205 3 2 5 7 0 0
20121205 4 3 7 5 0 0
20121205 5 1 5 3 0 0
20121205 6 9 3 2 6 3
20121205 7 9 2 7 6 2
20121205 8 7 3 1 5 3
20121205 9 1 5 9 1 4
20121205 10 2 9 7 2 6
20121205 11 1 4 2 1 4
20121206 1 3 2 7 0 0
20121206 2 7 1 6 0 0
20121206 3 3 1 7 0 0
20121206 4 2 1 6 0 0
20121206 5 5 3 2 0 0
20121206 6 3 5 9 3 4
20121206 7 7 4 1 5 4
20121206 8 4 7 3 4 5
20121206 9 5 1 7 4 1
20121206 10 7 8 9 5 6
20121206 11 2 3 7 2 3
20121207 1 7 1 3 0 0
20121207 2 2 5 1 0 0
20121207 3 4 7 2 0 0
20121207 4 3 1 6 0 0
20121207 5 5 1 3 4 1
20121207 6 9 2 4 6 2
20121207 7 7 1 6 0 0
20121207 8 2 7 3 2 5
20121207 9 4 5 6 4 4
20121207 10 9 7 1 6 5
20121207 11 3 5 2 3 4
20121228 1 2 3 4 0 0
20121228 2 1 2 5 0 0
20121228 3 5 2 7 0 0
20121228 4 3 2 7 0 0
20121228 5 3 2 5 0 0
20121228 6 1 7 5 1 5
20121228 7 5 2 3 4 2
20121228 8 7 4 3 5 4
20121228 9 1 9 4 1 6
20121228 10 5 1 7 4 1
20121228 11 5 4 8 4 4
20121229 1 5 2 4 0 0
20121229 2 5 2 3 0 0
20121229 3 3 2 4 0 0
20121229 4 7 4 5 0 0
20121229 5 5 1 3 0 0
20121229 6 2 7 3 2 5
20121229 7 1 8 2 1 6
20121229 8 3 2 9 3 2
20121229 9 2 9 3 2 6
20121229 10 2 9 7 2 6
20121229 11 1 7 9 1 5
20121230 1 1 5 6 0 0
20121230 2 5 1 4 0 0
20121230 3 7 4 6 0 0
20121230 4 3 7 4 0 0
20121230 5 3 7 5 3 5
20121230 6 9 1 2 6 1
20121230 7 1 3 5 0 0
20121230 8 1 9 7 1 6
20121230 9 9 2 3 6 2
20121230 10 5 1 7 4 1
20121230 11 1 5 6 1 4
20130108 1 7 3 2 0 0
20130108 2 1 5 3 0 0
20130108 3 2 7 5 0 0
20130108 4 7 1 4 0 0
20130108 5 1 2 5 0 0
20130108 6 9 3 4 6 3
20130108 7 1 5 9 1 4
20130108 8 7 2 4 5 2
20130108 9 7 2 9 5 2
20130108 10 1 2 9 1 2
20130108 11 8 1 5 6 1
20130109 1 7 6 3 0 0
20130109 2 7 2 1 0 0
20130109 3 5 1 6 0 0
20130109 4 5 2 1 0 0
20130109 5 1 5 7 0 0
20130109 6 8 3 5 6 3
20130109 7 4 7 1 4 5
20130109 8 7 2 6 5 2
20130109 9 4 1 2 4 1
20130109 10 7 3 5 5 3
20130109 11 3 7 5 3 5
20130110 1 5 7 1 0 0
20130110 2 1 2 3 0 0
20130110 3 2 1 3 0 0
20130110 4 2 3 1 0 0
20130110 5 5 3 9 4 3
20130110 6 2 6 9 2 5
20130110 7 5 4 7 0 0
20130110 8 5 2 9 4 2
20130110 9 5 7 9 4 5
20130110 10 2 9 5 2 6
20130110 11 1 5 2 1 4
20130123 1 3 7 2 0 0
20130123 2 1 3 2 0 0
20130123 3 4 7 3 0 0
20130123 4 2 7 1 0 0
20130123 5 4 3 1 0 0
20130123 6 2 5 3 2 4
20130123 7 7 9 3 5 6
20130123 8 3 5 1 3 4
20130123 9 7 2 8 5 2
20130123 10 1 7 4 1 5
20130123 11 2 6 9 2 5
20130124 1 6 4 5 0 0
20130124 2 3 2 1 0 0
20130124 3 4 2 5 0 0
20130124 4 5 7 4 0 0
20130124 5 2 7 3 0 0
20130124 6 3 9 5 3 6
20130124 7 5 3 1 4 3
20130124 8 4 2 5 4 2
20130124 9 5 4 3 4 4
20130124 10 7 9 3 5 6
20130124 11 1 3 7 1 3
20130125 1 5 3 1 0 0
20130125 2 2 5 3 0 0
20130125 3 2 6 1 0 0
20130125 4 6 4 2 0 0
20130125 5 2 7 9 2 5
20130125 6 3 2 7 3 2
20130125 7 6 3 7 0 0
20130125 8 7 5 9 5 4
20130125 9 2 8 3 2 6
20130125 10 5 3 8 4 3
20130125 11 3 2 5 3 2
20130212 1 3 9 7 3 6
20130212 2 8 3 4 6 3
20130212 3 7 1 2 5 1
20130212 4 9 1 6 6 1
20130212 5 9 7 2 6 5
20130212 6 1 3 5 1 3
20130212 7 8 2 5 6 2
20130212 8 2 7 9 2 5
20130212 9 2 9 3 2 6
20130212 10 5 1 3 4 1
20130212 11 8 7 1 6 5
20130213 1 7 9 1 5 6
20130213 2 1 2 5 1 2
20130213 3 2 1 3 2 1
20130213 4 2 9 5 2 6
20130213 5 7 2 5 5 2
20130213 6 1 9 6 1 6
20130213 7 6 1 3 5 1
20130213 8 4 3 1 4 3
20130213 9 2 9 3 2 6
20130213 10 2 7 9 2 5
20130213 11 7 3 5 5 3
20130214 1 1 9 3 1 6
20130214 2 7 3 4 5 3
20130214 3 4 1 5 4 1
20130214 4 2 9 7 2 6
20130214 5 6 2 7 5 2
20130214 6 7 1 5 5 1
20130214 7 2 7 9 2 5
20130214 8 8 1 7 6 1
20130214 9 1 2 3 1 2
20130214 10 9 4 1 6 4
20130214 11 9 6 1 6 5
20130315 1 5 9 1 4 6
20130315 2 7 2 1 5 2
20130315 3 1 4 5 1 4
20130315 4 3 1 9 3 1
20130315 5 1 9 7 1 6
20130315 6 5 4 9 4 4
20130315 7 1 9 7 1 6
20130315 8 7 3 5 5 3
20130315 9 5 7 1 4 5
20130315 10 9 3 4 6 3
20130315 11 9 2 4 6 2
20130316 1 5 9 1 4 6
20130316 2 9 3 2 6 3
20130316 3 6 2 4 5 2
20130316 4 2 9 3 2 6
20130316 5 2 9 7 2 6
20130316 6 1 9 3 1 6
20130316 7 5 3 8 4 3
20130316 8 5 8 1 4 6
20130316 9 6 1 9 5 1
20130316 10 1 7 2 1 5
20130316 11 2 9 1 2 6
20130317 1 5 2 7 4 2
20130317 2 2 7 5 2 5
20130317 3 5 1 9 4 1
20130317 4 7 1 5 5 1
20130317 5 5 2 8 4 2
20130317 6 1 6 3 1 5
20130317 7 2 1 4 2 1
20130317 8 5 6 1 4 5
20130317 9 8 4 3 6 4
20130317 10 5 8 6 4 6
20130317 11 2 7 4 2 5
20130404 1 5 2 8 4 2
20130404 2 7 2 8 5 2
20130404 3 2 1 8 2 1
20130404 4 1 7 9 1 5
20130404 5 7 3 5 5 3
20130404 6 3 5 4 3 4
20130404 7 1 7 8 1 5
20130404 8 9 1 5 6 1
20130404 9 7 4 1 5 4
20130404 10 3 9 4 3 6
20130404 11 3 4 1 3 4
20130405 1 3 2 9 3 2
20130405 2 7 3 8 5 3
20130405 3 9 1 3 6 1
20130405 4 7 2 1 5 2
20130405 5 2 5 8 2 4
20130405 6 1 8 7 1 6
20130405 7 2 9 5 2 6
20130405 8 7 1 5 5 1
20130405 9 7 4 2 5 4
20130405 10 1 9 4 1 6
20130405 11 3 9 5 3 6
20130406 1 3 4 7 3 4
20130406 2 3 1 5 3 1
20130406 3 3 9 4 3 6
20130406 4 5 6 9 4 5
20130406 5 5 4 3 4 4
20130406 6 5 8 4 4 6
20130406 7 2 1 3 2 1
20130406 8 2 4 3 2 4
20130406 9 2 9 8 2 6
20130406 10 2 3 9 2 3
20130406 11 3 7 5 3 5
20130406 12 7 8 4 5 6
20130407 1 7 5 9 5 4
20130407 2 6 9 1 5 6
20130407 3 1 2 7 1 2
20130407 4 7 4 5 5 4
20130407 5 7 5 1 5 4
20130407 6 9 1 5 6 1
20130407 7 5 3 9 4 3
20130407 8 4 5 1 4 4
20130407 9 2 8 7 2 6
20130407 10 1 5 4 1 4
20130407 11 7 2 8 5 2
20130507 1 1 3 7 0 0
20130507 2 5 2 3 0 0
20130507 3 7 1 4 0 0
20130507 4 5 1 3 0 0
20130507 5 5 2 1 0 0
20130507 6 9 7 5 6 5
20130507 7 2 3 9 2 3
20130507 8 1 3 7 1 3
20130507 9 1 9 5 1 6
20130507 10 7 2 5 5 2
20130508 1 3 1 7 0 0
20130508 2 5 2 3 0 0
20130508 3 3 7 1 0 0
20130508 4 2 5 1 0 0
20130508 5 7 3 5 0 0
20130508 6 3 7 2 3 5
20130508 7 5 1 2 4 1
20130508 8 2 7 3 2 5
20130508 9 7 2 3 5 2
20130508 10 3 1 2 3 1
20130509 1 3 2 1 0 0
20130509 2 2 1 3 0 0
20130509 3 1 2 4 0 0
20130509 4 1 5 7 0 0
20130509 5 9 3 1 6 3
20130509 6 1 9 4 1 6
20130509 7 4 5 7 0 0
20130509 8 7 1 3 5 1
20130509 9 3 7 5 3 5
20130509 10 5 2 7 4 2
20130517 1 7 1 3 0 0
20130517 2 1 3 6 0 0
20130517 3 4 1 2 0 0
20130517 4 5 1 2 0 0
20130517 5 1 5 2 0 0
20130517 6 3 9 2 3 6
20130517 7 2 1 9 2 1
20130517 8 1 7 3 1 5
20130517 9 9 5 1 6 4
20130517 10 1 2 3 1 2
20130518 1 7 3 5 0 0
20130518 2 1 3 5 0 0
20130518 3 2 5 7 0 0
20130518 4 7 1 5 0 0
20130518 5 5 3 6 0 0
20130518 6 9 3 1 6 3
20130518 7 9 2 7 6 2
20130518 8 7 3 9 5 3
20130518 9 2 5 9 2 4
20130518 10 5 2 7 4 2
20130519 1 3 2 4 0 0
20130519 2 4 1 6 0 0
20130519 3 1 3 7 0 0
20130519 4 5 7 3 0 0
20130519 5 5 3 4 4 3
20130519 6 9 1 3 6 1
20130519 7 2 4 7 0 0
20130519 8 1 5 8 1 4
20130519 9 7 1 3 5 1
20130519 10 8 7 1 6 5
20130617 1 1 7 4 0 0
20130617 2 2 7 5 0 0
20130617 3 3 7 1 0 0
20130617 4 3 2 7 0 0
20130617 5 1 7 2 0 0
20130617 6 5 7 6 4 5
20130617 7 3 7 1 3 5
20130617 8 9 3 5 6 3
20130617 9 1 9 4 1 6
20130617 10 5 2 1 4 2
20130618 1 1 5 4 0 0
20130618 2 4 2 1 0 0
20130618 3 1 5 6 0 0
20130618 4 3 1 4 0 0
20130618 5 7 2 6 0 0
20130618 6 9 1 5 6 1
20130618 7 2 9 7 2 6
20130618 8 3 9 5 3 6
20130618 9 7 2 1 5 2
20130618 10 9 1 2 6 1
20130619 1 7 3 1 0 0
20130619 2 2 1 3 0 0
20130619 3 1 3 4 0 0
20130619 4 2 3 7 0 0
20130619 5 1 5 3 1 4
20130619 6 1 5 7 1 4
20130619 7 3 2 1 0 0
20130619 8 7 4 5 5 4
20130619 9 3 9 7 3 6
20130619 10 3 1 7 3 1
20130709 1 1 5 7 1 4
20130709 2 1 7 3 1 5
20130709 3 2 3 9 2 3
20130709 4 3 7 4 3 5
20130709 5 1 9 7 1 6
20130709 6 1 3 9 1 3
20130709 7 9 8 4 6 6
20130709 8 3 7 2 3 5
20130709 9 5 3 9 4 3
20130709 10 7 9 2 5 6
20130709 11 3 7 4 3 5
20130710 1 3 9 1 3 6
20130710 2 2 1 7 2 1
20130710 3 9 8 2 6 6
20130710 4 2 5 9 2 4
20130710 5 3 2 9 3 2
20130710 6 3 5 1 3 4
20130710 7 3 2 1 3 2
20130710 8 4 9 2 4 6
20130710 9 7 3 1 5 3
20130710 10 3 9 2 3 6
20130710 11 3 5 2 3 4
20130711 1 7 1 2 5 1
20130711 2 3 1 4 3 1
20130711 3 5 2 7 4 2
20130711 4 7 5 8 5 4
20130711 5 1 3 7 1 3
20130711 6 2 1 7 2 1
20130711 7 2 7 4 2 5
20130711 8 3 5 4 3 4
20130711 9 7 4 5 5 4
20130711 10 1 9 7 1 6
20130711 11 2 3 4 2 3
20130719 1 2 1 8 2 1
20130719 2 3 1 7 3 1
20130719 3 2 5 7 2 4
20130719 4 1 6 7 1 5
20130719 5 4 1 2 4 1
20130719 6 7 5 1 5 4
20130719 7 9 4 1 6 4
20130719 8 3 7 9 3 5
20130719 9 4 3 7 4 3
20130719 10 7 5 1 5 4
20130719 11 7 9 1 5 6
20130720 1 9 3 8 6 3
20130720 2 1 2 9 1 2
20130720 3 1 3 2 1 3
20130720 4 9 2 6 6 2
20130720 5 9 2 4 6 2
20130720 6 1 9 6 1 6
20130720 7 3 5 7 3 4
20130720 8 4 2 8 4 2
20130720 9 1 7 3 1 5
20130720 10 1 3 7 1 3
20130720 11 5 9 4 4 6
20130721 1 3 4 7 3 4
20130721 2 1 3 4 1 3
20130721 3 2 3 5 2 3
20130721 4 7 9 3 5 6
20130721 5 8 6 3 6 5
20130721 6 2 1 5 2 1
20130721 7 1 2 7 1 2
20130721 8 1 2 5 1 2
20130721 9 2 4 7 2 4
20130721 10 7 5 1 5 4
20130721 11 2 3 5 2 3
20130809 1 3 1 7 3 1
20130809 2 3 1 8 3 1
20130809 3 9 2 7 6 2
20130809 4 5 3 7 4 3
20130809 5 3 9 2 3 6
20130809 6 8 6 1 6 5
20130809 7 3 5 2 3 4
20130809 8 2 4 8 2 4
20130809 9 1 5 3 1 4
20130809 10 1 5 9 1 4
20130809 11 8 2 3 6 2
20130810 1 9 2 5 6 2
20130810 2 1 7 4 1 5
20130810 3 2 1 8 2 1
20130810 4 9 1 7 6 1
20130810 5 4 3 9 4 3
20130810 6 5 1 3 4 1
20130810 7 2 7 5 2 6
20130810 8 8 2 1 6 2
20130810 9 5 7 1 4 5
20130810 10 3 9 5 3 6
20130810 11 3 7 5 3 5
20130811 1 1 2 4 1 2
20130811 2 7 5 1 5 4
20130811 3 3 1 2 3 1
20130811 4 1 5 6 1 4
20130811 5 1 7 3 1 5
20130811 6 3 7 4 3 5
20130811 7 9 7 2 6 5
20130811 8 9 5 2 6 4
20130811 9 2 6 5 2 5
20130811 10 2 5 8 2 4
20130811 11 7 3 9 5 3
20130906 1 1 5 7 0 0
20130906 2 3 5 2 0 0
20130906 3 1 2 7 0 0
20130906 4 5 1 7 0 0
20130906 5 7 2 5 0 0
20130906 6 3 9 4 3 6
20130906 7 7 2 6 5 2
20130906 8 3 1 5 3 1
20130906 9 2 5 3 2 4
20130906 10 1 6 5 1 5
20130907 1 5 7 2 0 0
20130907 2 5 7 6 0 0
20130907 3 1 6 7 0 0
20130907 4 5 2 7 0 0
20130907 5 5 1 3 0 0
20130907 6 9 3 1 6 3
20130907 7 5 2 7 4 2
20130907 8 2 5 1 2 4
20130907 9 4 3 8 4 3
20130907 10 5 9 7 4 6
20130908 1 7 3 2 0 0
20130908 2 7 5 1 0 0
20130908 3 2 7 1 0 0
20130908 4 3 2 5 0 0
20130908 5 1 8 7 1 6
20130908 6 2 7 1 2 5
20130908 7 2 3 7 0 0
20130908 8 3 2 4 3 2
20130908 9 1 3 4 1 3
20130908 10 1 5 8 1 4
20130919 1 5 2 4 0 0
20130919 2 5 2 3 0 0
20130919 3 7 1 5 0 0
20130919 4 2 5 7 0 0
20130919 5 2 5 6 0 0
20130919 6 1 5 2 1 4
20130919 7 2 9 3 2 6
20130919 8 1 3 4 1 3
20130919 9 2 9 4 2 6
20130919 10 8 3 4 6 3
20130920 1 5 1 2 0 0
20130920 2 4 3 2 0 0
20130920 3 1 5 2 0 0
20130920 4 5 3 7 0 0
20130920 5 5 4 2 0 0
20130920 6 5 1 6 4 1
20130920 7 1 5 3 1 4
20130920 8 9 3 2 6 3
20130920 9 2 5 1 2 4
20130920 10 9 2 1 6 2
20130921 1 1 2 5 0 0
20130921 2 4 3 5 0 0
20130921 3 7 3 2 0 0
20130921 4 7 2 5 0 0
20130921 5 2 7 4 2 5
20130921 6 5 9 8 4 6
20130921 7 3 4 1 0 0
20130921 8 5 8 2 4 6
20130921 9 3 9 5 3 6
20130921 10 9 5 6 6 4
20131014 1 2 9 5 2 6
20131014 2 3 9 1 3 6
20131014 3 2 9 7 2 6
20131014 4 5 6 9 4 5
20131014 5 4 2 9 4 2
20131014 6 2 9 1 2 6
20131014 7 1 3 2 1 3
20131014 8 5 2 9 4 2
20131014 9 7 5 4 5 4
20131014 10 9 7 3 6 5
20131014 11 9 3 4 6 3
20131015 1 9 7 4 6 5
20131015 2 1 5 2 1 4
20131015 3 1 7 2 1 5
20131015 4 3 7 1 3 5
20131015 5 1 2 9 1 2
20131015 6 3 1 5 3 1
20131015 7 7 1 5 5 1
20131015 8 3 7 1 3 5
20131015 9 3 2 7 3 2
20131015 10 9 1 8 6 1
20131015 11 2 7 3 2 5
20131016 1 3 9 1 3 6
20131016 2 1 5 8 1 4
20131016 3 3 4 9 3 4
20131016 4 9 2 1 6 2
20131016 5 9 3 6 6 3
20131016 6 9 2 4 6 2
20131016 7 9 1 7 6 1
20131016 8 5 3 4 4 3
20131016 9 3 7 2 3 5
20131016 10 1 2 9 1 2
20131016 11 1 2 3 1 2
20131025 1 3 7 1 0 0
20131025 2 1 7 3 0 0
20131025 3 7 2 1 0 0
20131025 4 3 1 2 0 0
20131025 5 7 1 5 0 0
20131025 6 1 3 6 1 3
20131025 7 3 9 7 3 6
20131025 8 2 5 7 2 4
20131025 9 2 9 7 2 6
20131025 10 7 6 1 5 5
20131026 1 7 3 4 0 0
20131026 2 1 7 3 0 0
20131026 3 1 7 5 0 0
20131026 4 3 2 7 0 0
20131026 5 6 2 5 0 0
20131026 6 6 1 7 5 1
20131026 7 5 3 7 4 3
20131026 8 2 7 9 2 5
20131026 9 3 7 1 3 5
20131026 10 7 9 1 5 6
20131027 1 3 7 1 0 0
20131027 2 5 2 3 0 0
20131027 3 3 1 4 0 0
20131027 4 2 3 1 0 0
20131027 5 5 9 7 4 6
20131027 6 7 3 1 5 3
20131027 7 2 5 7 0 0
20131027 8 4 8 2 4 6
20131027 9 7 4 8 5 4
20131027 10 2 4 7 2 4
20131107 1 5 1 7 4 1
20131107 2 7 1 4 5 1
20131107 3 3 9 2 3 6
20131107 4 2 7 4 2 5
20131107 5 7 1 9 5 1
20131107 6 7 5 1 5 4
20131107 7 7 2 4 5 2
20131107 8 5 8 2 4 6
20131107 9 9 7 2 6 5
20131107 10 7 1 2 5 1
20131107 11 5 6 9 4 5
20131108 1 9 2 5 6 2
20131108 2 4 3 1 4 3
20131108 3 9 1 3 6 1
20131108 4 1 2 5 1 2
20131108 5 7 3 9 5 3
20131108 6 7 1 2 5 1
20131108 7 2 4 1 2 4
20131108 8 2 7 5 2 5
20131108 9 5 1 8 4 1
20131108 10 7 9 4 5 6
20131108 11 9 5 7 6 4
20131109 1 9 4 3 6 4
20131109 2 3 7 1 3 5
20131109 3 5 1 2 4 1
20131109 4 7 2 8 5 2
20131109 5 1 7 4 1 5
20131109 6 7 2 3 5 2
20131109 7 2 7 8 2 5
20131109 8 3 9 4 3 6
20131109 9 9 1 6 6 1
20131109 10 1 2 5 1 2
20131109 11 9 7 4 6 5
20131119 1 5 3 7 0 0
20131119 2 7 3 1 0 0
20131119 3 1 7 2 0 0
20131119 4 5 2 7 0 0
20131119 5 2 7 6 0 0
20131119 6 3 9 1 3 6
20131119 7 5 1 7 4 1
20131119 8 9 1 4 6 1
20131119 9 9 2 3 6 2
20131119 10 1 9 4 1 6
20131120 1 3 2 4 0 0
20131120 2 2 5 4 0 0
20131120 3 5 7 2 0 0
20131120 4 7 6 4 0 0
20131120 5 3 7 2 0 0
20131120 6 5 7 1 4 5
20131120 7 3 6 1 3 5
20131120 8 7 9 3 5 6
20131120 9 2 7 1 2 5
20131120 10 7 3 1 5 3
20131121 1 3 7 2 0 0
20131121 2 2 1 5 0 0
20131121 3 7 3 2 0 0
20131121 4 7 6 3 0 0
20131121 5 5 1 7 4 1
20131121 6 2 9 1 2 6
20131121 7 7 2 4 0 0
20131121 8 7 3 2 5 3
20131121 9 2 5 1 2 4
20131121 10 3 2 9 3 2
20131205 1 5 7 4 0 0
20131205 2 7 2 5 0 0
20131205 3 7 3 2 0 0
20131205 4 5 7 4 0 0
20131205 5 2 5 1 0 0
20131205 6 2 4 5 2 4
20131205 7 7 2 8 5 2
20131205 8 2 1 5 2 1
20131205 9 9 3 4 6 3
20131205 10 6 1 8 5 1
20131206 1 2 7 1 0 0
20131206 2 3 5 1 0 0
20131206 3 5 7 1 0 0
20131206 4 2 1 7 0 0
20131206 5 1 3 7 0 0
20131206 6 3 2 5 3 2
20131206 7 2 3 7 2 3
20131206 8 1 7 9 1 5
20131206 9 7 2 3 5 2
20131206 10 5 1 8 4 1
20131207 1 3 6 7 0 0
20131207 2 1 3 7 0 0
20131207 3 2 3 5 0 0
20131207 4 5 1 2 0 0
20131207 5 9 5 4 6 4
20131207 6 7 2 1 5 2
20131207 7 5 7 2 0 0
20131207 8 8 1 5 6 1
20131207 9 5 4 3 4 4
20131207 10 2 3 4 2 3
20131213 1 7 3 1 0 0
20131213 2 7 5 1 0 0
20131213 3 6 1 5 0 0
20131213 4 5 4 1 0 0
20131213 5 3 1 7 0 0
20131213 6 3 1 9 3 1
20131213 7 4 1 2 4 1
20131213 8 3 5 6 3 4
20131213 9 1 7 2 1 5
20131213 10 1 4 7 1 4
20131214 1 5 7 3 0 0
20131214 2 7 2 6 0 0
20131214 3 6 1 5 0 0
20131214 4 5 2 7 0 0
20131214 5 7 2 4 0 0
20131214 6 3 7 2 3 5
20131214 7 3 1 7 3 1
20131214 8 2 5 9 2 4
20131214 9 3 2 8 3 2
20131214 10 2 3 5 2 3
20131215 1 4 1 7 0 0
20131215 2 1 5 4 0 0
20131215 3 2 5 1 0 0
20131215 4 5 2 1 0 0
20131215 5 1 2 3 1 2
20131215 6 2 5 4 2 4
20131215 7 2 1 5 0 0
20131215 8 3 6 9 3 5
20131215 9 2 5 8 2 4
20131215 10 7 4 2 5 4
20140112 1 3 4 5 0 0
20140112 2 2 7 1 0 0
20140112 3 2 1 4 0 0
20140112 4 1 7 6 0 0
20140112 5 7 3 1 0 0
20140112 6 3 6 1 3 5
20140112 7 5 1 6 4 1
20140112 8 8 3 1 6 3
20140112 9 3 5 7 3 4
20140112 10 7 3 5 5 3
20140113 1 6 7 3 0 0
20140113 2 2 7 5 0 0
20140113 3 4 3 5 0 0
20140113 4 1 5 2 0 0
20140113 5 1 3 7 0 0
20140113 6 3 9 7 3 6
20140113 7 5 7 8 4 5
20140113 8 1 9 5 1 6
20140113 9 3 7 9 3 5
20140113 10 5 3 2 4 3
20140114 1 1 7 2 0 0
20140114 2 7 5 4 0 0
20140114 3 5 2 3 0 0
20140114 4 1 7 5 0 0
20140114 5 1 6 8 1 5
20140114 6 5 3 1 4 3
20140114 7 3 5 6 0 0
20140114 8 7 2 3 5 2
20140114 9 1 5 2 1 4
20140114 10 7 3 4 5 3
20140121 1 3 9 8 3 6
20140121 2 5 4 9 4 4
20140121 3 2 5 7 2 4
20140121 4 7 1 4 5 1
20140121 5 5 2 7 4 2
20140121 6 2 3 8 2 3
20140121 7 3 2 9 3 2
20140121 8 7 2 1 5 2
20140121 9 5 6 7 4 5
20140121 10 2 5 8 2 4
20140121 11 7 2 1 5 2
20140122 1 6 1 7 5 1
20140122 2 5 9 8 4 6
20140122 3 4 8 2 4 6
20140122 4 6 9 2 5 6
20140122 5 3 5 9 3 4
20140122 6 5 2 9 4 2
20140122 7 1 9 4 1 6
20140122 8 3 9 1 3 6
20140122 9 1 2 5 1 2
20140122 10 4 2 3 4 2
20140122 11 2 7 5 2 5
20140123 1 7 9 2 5 6
20140123 2 2 6 7 2 5
20140123 3 7 1 2 5 1
20140123 4 3 7 2 3 5
20140123 5 1 7 9 1 5
20140123 6 1 9 7 1 6
20140123 7 7 4 1 5 4
20140123 8 4 1 3 4 1
20140123 9 8 4 3 6 4
20140123 10 1 3 6 1 3
20140123 11 1 7 2 1 5
20140202 1 3 5 2 0 0
20140202 2 5 1 7 0 0
20140202 3 5 3 2 0 0
20140202 4 2 7 1 0 0
20140202 5 1 7 5 0 0
20140202 6 1 4 8 1 4
20140202 7 4 1 5 4 1
20140202 8 3 8 5 3 6
20140202 9 1 5 9 1 4
20140202 10 3 6 7 3 5
20140203 1 2 3 7 0 0
20140203 2 2 1 5 0 0
20140203 3 3 4 2 0 0
20140203 4 1 3 7 0 0
20140203 5 3 2 1 0 0
20140203 6 3 4 7 3 4
20140203 7 1 7 9 1 5
20140203 8 2 3 5 2 3
20140203 9 2 9 1 2 6
20140203 10 3 5 1 3 4
20140204 1 7 1 2 0 0
20140204 2 5 3 2 0 0
20140204 3 1 7 2 0 0
20140204 4 2 4 5 0 0
20140204 5 8 4 7 6 4
20140204 6 2 5 3 2 4
20140204 7 3 6 1 0 0
20140204 8 8 1 2 6 1
20140204 9 9 1 5 6 1
20140204 10 2 8 7 2 6
20140420 1 3 7 4 0 0
20140420 2 3 5 6 0 0
20140420 3 7 1 5 0 0
20140420 4 5 7 1 0 0
20140420 5 1 5 2 0 0
20140420 6 5 4 2 4 4
20140420 7 1 5 3 1 4
20140420 8 4 9 3 4 6
20140420 9 7 1 5 5 1
20140420 10 2 1 9 2 1
20140421 1 3 1 6 0 0
20140421 2 6 1 5 0 0
20140421 3 2 4 7 0 0
20140421 4 5 3 4 0 0
20140421 5 7 1 6 0 0
20140421 6 8 5 2 6 4
20140421 7 5 9 1 4 6
20140421 8 9 1 4 6 1
20140421 9 1 2 7 1 2
20140421 10 5 2 7 4 2
20140422 1 7 5 1 0 0
20140422 2 5 7 3 0 0
20140422 3 7 5 2 0 0
20140422 4 7 5 1 0 0
20140422 5 3 5 2 3 4
20140422 6 1 9 5 1 6
20140422 7 2 3 1 0 0
20140422 8 5 7 8 4 5
20140422 9 1 8 7 1 6
20140422 10 9 3 7 6 3
20140516 1 3 6 5 3 5
20140516 2 3 5 8 3 4
20140516 3 7 5 1 5 4
20140516 4 7 1 5 5 1
20140516 5 1 7 5 1 5
20140516 6 6 7 5 5 5
20140516 7 9 2 1 6 2
20140516 8 9 1 5 6 1
20140516 9 5 1 4 4 1
20140516 10 2 5 9 2 4
20140516 11 3 5 9 3 4
20140517 1 1 8 6 1 6
20140517 2 5 7 4 4 5
20140517 3 1 7 3 1 5
20140517 4 1 2 3 1 2
20140517 5 5 1 9 4 1
20140517 6 1 9 3 1 6
20140517 7 1 2 9 1 2
20140517 8 5 2 8 4 2
20140517 9 7 3 9 5 3
20140517 10 2 1 7 2 1
20140517 11 2 6 4 2 5
20140518 1 2 9 3 2 6
20140518 2 2 6 9 2 5
20140518 3 4 2 9 4 2
20140518 4 1 9 2 1 6
20140518 5 1 9 5 1 6
20140518 6 1 7 9 1 5
20140518 7 2 9 5 2 6
20140518 8 7 9 3 5 6
20140518 9 7 4 9 5 4
20140518 10 2 3 6 2 3
20140518 11 3 2 5 3 2
20140529 1 9 3 7 6 3
20140529 2 3 5 7 3 4
20140529 3 7 2 1 5 2
20140529 4 3 4 2 3 4
20140529 5 7 1 5 5 1
20140529 6 5 2 6 4 2
20140529 7 2 1 6 2 1
20140529 8 9 5 1 6 4
20140529 9 7 2 6 5 2
20140529 10 3 2 6 3 2
20140529 11 2 9 6 2 6
20140529 12 2 7 1 2 5
20140530 1 4 9 3 4 6
20140530 2 3 9 1 3 6
20140530 3 3 7 4 3 5
20140530 4 5 1 3 4 1
20140530 5 2 8 1 2 6
20140530 6 5 2 4 4 2
20140530 7 2 7 5 2 5
20140530 8 3 2 5 3 2
20140530 9 4 3 1 4 3
20140530 10 2 3 4 2 3
20140530 11 3 5 7 3 4
20140530 12 3 2 9 3 2
20140531 1 1 8 7 1 6
20140531 2 4 1 9 4 1
20140531 3 3 7 8 3 5
20140531 4 7 8 6 5 6
20140531 5 2 1 5 2 1
20140531 6 7 5 4 5 4
20140531 7 2 7 5 2 5
20140531 8 2 6 3 2 5
20140531 9 1 2 3 1 2
20140531 10 2 5 6 2 4
20140531 11 5 2 4 4 2
20140531 12 1 4 5 1 4
20140601 1 8 2 9 6 2
20140601 2 5 3 2 4 3
20140601 3 9 1 2 6 1
20140601 4 1 5 3 1 4
20140601 5 4 7 3 4 5
20140601 6 7 2 9 5 2
20140601 7 1 3 7 1 3
20140601 8 9 1 2 6 1
20140601 9 5 2 4 4 2
20140601 10 5 2 4 4 2
20140601 11 2 5 3 2 4
20140605 1 3 9 7 3 6
20140605 2 7 1 3 5 1
20140605 3 4 3 1 4 3
20140605 4 3 7 1 3 5
20140605 5 5 1 6 4 1
20140605 6 1 5 7 1 4
20140605 7 3 7 1 3 5
20140605 8 2 9 8 2 6
20140605 9 9 4 1 6 4
20140605 10 7 6 5 5 5
20140605 11 2 9 3 2 6
20140605 12 2 7 3 2 5
20140606 1 9 3 4 6 3
20140606 2 5 1 7 4 1
20140606 3 2 9 8 2 6
20140606 4 9 3 1 6 3
20140606 5 3 4 6 3 4
20140606 6 4 2 1 4 2
20140606 7 1 5 2 1 4
20140606 8 2 4 9 2 4
20140606 9 3 5 9 3 4
20140606 10 3 1 7 3 1
20140606 11 8 3 4 6 3
20140606 12 9 5 1 6 4
20140607 1 9 2 3 6 2
20140607 2 6 3 2 5 3
20140607 3 5 7 4 4 5
20140607 4 1 7 5 1 5
20140607 5 2 3 9 2 3
20140607 6 3 9 2 3 6
20140607 7 5 9 3 4 6
20140607 8 9 3 8 6 3
20140607 9 7 1 2 5 1
20140607 10 9 3 2 6 3
20140607 11 8 5 1 6 4
20140607 12 1 5 2 1 4
20140608 1 9 5 3 6 4
20140608 2 7 2 5 5 2
20140608 3 1 5 2 1 4
20140608 4 2 7 5 2 5
20140608 5 9 5 3 6 4
20140608 6 2 1 4 2 1
20140608 7 8 5 2 6 4
20140608 8 1 6 2 1 5
20140608 9 1 7 5 1 5
20140608 10 9 5 1 6 4
20140608 11 5 2 9 4 2
20140608 12 1 7 8 1 5
20140711 1 3 9 5 3 6
20140711 2 9 2 1 6 2
20140711 3 5 2 7 4 2
20140711 4 1 9 2 1 6
20140711 5 9 1 3 6 1
20140711 6 2 5 8 2 4
20140711 7 9 3 4 6 3
20140711 8 5 3 9 4 3
20140711 9 2 1 7 2 1
20140711 10 8 9 1 6 6
20140711 11 1 7 2 1 5
20140712 1 7 9 8 5 6
20140712 2 1 5 7 1 4
20140712 3 9 2 6 6 2
20140712 4 7 6 5 5 5
20140712 5 1 7 5 1 5
20140712 6 9 6 1 6 5
20140712 7 7 9 4 5 6
20140712 8 3 4 7 3 4
20140712 9 9 2 7 6 2
20140712 10 1 7 4 1 5
20140712 11 2 5 4 2 4
20140713 1 9 4 5 6 4
20140713 2 1 9 2 1 6
20140713 3 1 7 9 1 5
20140713 4 9 2 3 6 2
20140713 5 1 3 9 1 3
20140713 6 4 2 7 4 2
20140713 7 3 4 2 3 4
20140713 8 1 7 6 1 5
20140713 9 2 6 9 2 5
20140713 10 3 1 7 3 1
20140713 11 1 4 3 1 4
20140718 1 1 3 7 0 0
20140718 2 1 3 7 0 0
20140718 3 5 7 4 0 0
20140718 4 3 7 1 0 0
20140718 5 5 1 3 0 0
20140718 6 2 3 5 0 0
20140718 7 5 6 4 0 0
20140718 8 5 9 3 4 6
20140718 9 2 5 1 2 4
20140718 10 7 2 4 5 2
20140718 11 9 2 7 6 2
20140718 12 7 2 8 5 2
20140719 1 3 4 2 0 0
20140719 2 5 3 6 0 0
20140719 3 4 3 5 0 0
20140719 4 1 7 5 0 0
20140719 5 3 2 7 0 0
20140719 6 7 3 4 0 0
20140719 7 5 6 2 0 0
20140719 8 1 4 3 1 4
20140719 9 3 1 9 3 1
20140719 10 5 1 7 4 1
20140719 11 5 2 9 4 2
20140719 12 1 5 2 1 4
20140720 1 3 7 5 0 0
20140720 2 1 7 4 0 0
20140720 3 1 5 7 0 0
20140720 4 5 2 7 0 0
20140720 5 7 6 3 0 0
20140720 6 9 3 7 6 3
20140720 7 3 1 2 3 1
20140720 8 1 4 7 0 0
20140801 1 3 2 1 3 2
20140801 2 9 2 7 6 2
20140801 3 1 5 2 1 4
20140801 4 1 5 4 1 4
20140801 5 9 2 1 6 2
20140801 6 6 5 2 0 0
20140801 7 6 3 1 0 0
20140801 8 1 2 5 1 2
20140801 9 7 9 6 5 6
20140801 10 1 2 3 1 2
20140801 11 1 5 2 1 4
20140801 12 3 2 5 3 2
20140802 1 1 6 3 1 5
20140802 2 6 1 5 5 1
20140802 3 5 1 4 4 1
20140802 4 1 9 3 1 6
20140802 5 1 9 3 1 6
20140802 6 2 7 4 0 0
20140802 7 6 1 2 0 0
20140802 8 2 3 1 2 3
20140802 9 3 6 9 3 5
20140802 10 7 5 1 5 4
20140802 11 7 1 2 5 1
20140802 12 9 3 2 6 3
20140803 1 3 4 2 3 4
20140803 2 9 2 4 6 2
20140803 3 5 1 8 4 1
20140803 4 1 9 8 1 6
20140803 5 1 5 3 0 0
20140803 6 2 7 8 2 5
20140803 7 3 6 7 3 5
20140803 8 2 4 1 2 4
20140803 9 2 4 3 0 0
20140803 10 7 5 1 5 4
20140803 11 9 5 4 6 4
20140803 12 1 6 2 1 5
20140928 1 3 9 5 3 6
20140928 2 5 7 8 4 5
20140928 3 9 3 5 6 3
20140928 4 3 9 7 3 6
20140928 5 6 7 1 5 5
20140928 6 4 7 5 0 0
20140928 7 1 2 6 0 0
20140928 8 8 3 5 6 3
20140928 9 3 7 5 3 5
20140928 10 5 3 1 4 3
20140928 11 5 2 1 4 2
20140928 12 8 5 1 6 4
20140929 1 3 9 4 3 6
20140929 2 6 2 5 5 2
20140929 3 1 2 3 1 2
20140929 4 1 2 7 1 2
20140929 5 1 5 4 1 4
20140929 6 3 4 6 0 0
20140929 7 5 1 6 0 0
20140929 8 5 8 1 4 6
20140929 9 2 8 7 2 6
20140929 10 9 3 2 6 3
20140929 11 2 3 1 2 3
20140929 12 9 1 6 6 1
20140930 1 9 3 7 6 3
20140930 2 5 2 1 4 2
20140930 3 3 7 2 3 5
20140930 4 7 3 2 5 3
20140930 5 5 4 1 0 0
20140930 6 7 5 2 5 4
20140930 7 7 2 9 5 2
20140930 8 7 1 3 5 1
20140930 9 2 1 4 0 0
20140930 10 5 4 1 4 4
20140930 11 1 2 3 1 2
20140930 12 2 9 6 2 6
20141002 1 8 5 3 6 4
20141002 2 3 1 8 3 1
20141002 3 2 4 9 2 4
20141002 4 9 1 5 6 1
20141002 5 7 1 4 5 1
20141002 6 1 2 7 1 2
20141002 7 4 2 3 4 2
20141002 8 5 3 8 4 3
20141002 9 1 2 4 1 2
20141002 10 2 5 4 2 4
20141002 11 3 1 4 3 1
20141003 1 1 9 3 1 6
20141003 2 5 7 2 4 5
20141003 3 1 4 3 1 4
20141003 4 1 5 3 1 4
20141003 5 2 7 8 2 5
20141003 6 3 7 2 3 5
20141003 7 5 2 1 4 2
20141003 8 1 7 3 1 5
20141003 9 2 7 8 2 5
20141003 10 2 7 1 2 5
20141003 11 9 1 2 6 1
20141004 1 4 2 3 4 2
20141004 2 1 9 4 1 6
20141004 3 7 9 2 5 6
20141004 4 2 6 9 2 5
20141004 5 3 9 1 3 6
20141004 6 9 1 6 6 1
20141004 7 5 2 9 4 2
20141004 8 2 3 9 2 3
20141004 9 5 9 7 4 6
20141004 10 1 2 4 1 2
20141004 11 7 2 1 5 2
20141108 1 4 2 3 0 0
20141108 2 5 1 7 0 0
20141108 3 5 2 7 0 0
20141108 4 7 5 2 0 0
20141108 5 2 5 1 0 0
20141108 6 4 2 1 4 2
20141108 7 7 9 1 5 6
20141108 8 3 1 5 3 1
20141108 9 2 5 4 2 4
20141108 10 2 8 5 2 6
20141109 1 3 6 7 0 0
20141109 2 1 5 2 0 0
20141109 3 2 4 1 0 0
20141109 4 1 7 2 0 0
20141109 5 1 5 3 0 0
20141109 6 6 1 5 5 1
20141109 7 3 2 8 3 2
20141109 8 7 1 4 5 1
20141109 9 9 8 2 6 6
20141109 10 5 3 9 4 3
20141110 1 7 2 4 0 0
20141110 2 1 2 7 0 0
20141110 3 7 5 3 0 0
20141110 4 4 2 7 0 0
20141110 5 1 5 8 1 4
20141110 6 1 7 3 1 5
20141110 7 3 5 6 0 0
20141110 8 2 7 6 2 5
20141110 9 9 1 5 6 1
20141110 10 7 2 9 5 2
20141125 1 3 7 6 0 0
20141125 2 7 1 2 0 0
20141125 3 3 6 2 0 0
20141125 4 3 6 4 0 0
20141125 5 1 5 6 0 0
20141125 6 3 9 5 3 6
20141125 7 9 1 4 6 1
20141125 8 6 1 4 5 1
20141125 9 5 7 1 4 5
20141125 10 1 7 4 1 5
20141126 1 3 5 7 0 0
20141126 2 3 2 7 0 0
20141126 3 2 1 4 0 0
20141126 4 5 2 3 0 0
20141126 5 2 3 7 0 0
20141126 6 3 9 7 3 6
20141126 7 2 8 5 2 6
20141126 8 9 8 7 6 6
20141126 9 3 7 9 3 5
20141126 10 3 9 1 3 6
20141127 1 7 3 5 0 0
20141127 2 2 1 3 0 0
20141127 3 1 2 5 0 0
20141127 4 6 2 7 0 0
20141127 5 1 2 3 1 2
20141127 6 9 3 8 6 3
20141127 7 3 7 2 0 0
20141127 8 1 2 4 1 2
20141127 9 3 5 8 3 4
20141127 10 5 3 2 4 3
20141229 1 3 5 2 0 0
20141229 2 5 1 3 0 0
20141229 3 1 3 7 0 0
20141229 4 2 5 1 0 0
20141229 5 7 3 1 0 0
20141229 6 3 9 4 3 6
20141229 7 1 7 3 1 5
20141229 8 1 5 3 1 4
20141229 9 5 2 3 4 2
20141229 10 5 3 1 4 3
20141230 1 5 4 7 0 0
20141230 2 2 5 7 0 0
20141230 3 2 4 6 0 0
20141230 4 2 5 1 0 0
20141230 5 5 1 3 0 0
20141230 6 3 5 9 3 4
20141230 7 1 5 7 1 4
20141230 8 3 4 9 3 4
20141230 9 4 1 7 4 1
20141230 10 9 7 8 6 5
20141231 1 7 4 1 0 0
20141231 2 1 7 2 0 0
20141231 3 7 2 3 0 0
20141231 4 4 5 7 0 0
20141231 5 8 9 6 6 6
20141231 6 7 9 8 5 6
20141231 7 3 6 1 0 0
20141231 8 3 5 6 3 4
20141231 9 7 2 3 5 2
20141231 10 2 1 8 2 1
20150119 1 4 2 1 4 2
20150119 2 5 1 7 4 1
20150119 3 7 1 9 5 1
20150119 4 2 9 7 2 6
20150119 5 5 8 1 4 6
20150119 6 2 4 6 0 0
20150119 7 6 5 3 0 0
20150119 8 4 3 1 4 3
20150119 9 2 5 1 2 4
20150119 10 2 7 1 2 5
20150119 11 9 1 4 6 1
20150119 12 2 1 5 2 1
20150120 1 9 3 1 6 3
20150120 2 1 6 2 1 5
20150120 3 2 9 7 2 6
20150120 4 2 9 1 2 6
20150120 5 7 1 9 5 1
20150120 6 6 2 5 0 0
20150120 7 3 1 5 0 0
20150120 8 8 9 1 6 6
20150120 9 3 9 5 3 6
20150120 10 7 1 2 5 1
20150120 11 4 1 2 4 1
20150120 12 3 9 5 3 6
20150121 1 4 1 8 4 1
20150121 2 8 1 5 6 1
20150121 3 8 2 9 6 2
20150121 4 1 7 3 1 5
20150121 5 4 3 7 0 0
20150121 6 2 1 9 2 1
20150121 7 7 5 9 5 4
20150121 8 3 5 7 3 4
20150121 9 2 9 7 2 6
20150121 10 9 4 2 6 4
20150121 11 2 5 3 0 0
20150121 12 9 3 1 6 3
20150131 1 3 9 8 3 6
20150131 2 5 9 2 4 6
20150131 3 7 5 1 5 4
20150131 4 7 5 1 5 4
20150131 5 4 9 2 4 6
20150131 6 1 9 8 1 6
20150131 7 2 7 8 2 5
20150131 8 1 7 6 1 5
20150131 9 2 9 8 2 6
20150131 10 9 2 1 6 2
20150131 11 2 8 5 2 6
20150201 1 6 1 2 5 1
20150201 2 6 2 7 5 2
20150201 3 7 1 4 5 1
20150201 4 9 3 5 6 3
20150201 5 1 3 9 1 3
20150201 6 1 3 5 1 3
20150201 7 3 2 1 3 2
20150201 8 1 8 6 1 6
20150201 9 1 7 5 1 5
20150201 10 3 5 9 3 4
20150201 11 2 1 7 2 1
20150202 1 8 5 9 6 4
20150202 2 7 5 4 5 4
20150202 3 1 9 5 1 6
20150202 4 3 1 5 3 1
20150202 5 3 9 4 3 6
20150202 6 4 8 5 4 6
20150202 7 2 1 5 2 1
20150202 8 6 1 2 5 1
20150202 9 9 2 8 6 2
20150202 10 3 9 7 3 6
20150202 11 7 1 5 5 1
20150227 1 3 4 5 0 0
20150227 2 7 1 5 0 0
20150227 3 1 6 2 0 0
20150227 4 5 7 1 0 0
20150227 5 5 1 7 0 0
20150227 6 9 3 5 6 3
20150227 7 5 4 7 4 4
20150227 8 3 6 9 3 5
20150227 9 7 5 6 5 4
20150227 10 2 7 4 2 5
20150228 1 4 3 5 0 0
20150228 2 1 7 5 0 0
20150228 3 7 3 1 0 0
20150228 4 5 7 6 0 0
20150228 5 3 7 2 0 0
20150228 6 4 2 3 4 2
20150228 7 3 7 9 3 5
20150228 8 3 5 7 3 4
20150228 9 9 2 7 6 2
20150228 10 1 7 5 1 5
20150301 1 1 4 5 0 0
20150301 2 3 7 4 0 0
20150301 3 2 7 6 0 0
20150301 4 5 3 6 0 0
20150301 5 9 4 3 6 4
20150301 6 4 1 8 4 1
20150301 7 2 5 7 0 0
20150301 8 5 7 3 4 5
20150301 9 9 2 7 6 2
20150301 10 5 1 4 4 1
20150313 1 3 9 4 3 6
20150313 2 7 1 5 5 1
20150313 3 7 1 5 5 1
20150313 4 5 3 7 4 3
20150313 5 1 3 5 1 3
20150313 6 6 4 1 0 0
20150313 7 2 1 5 0 0
20150313 8 9 3 5 6 3
20150313 9 6 3 9 5 3
20150313 10 5 1 9 4 1
20150313 11 3 5 2 3 4
20150313 12 2 1 3 2 1
20150314 1 9 3 8 6 3
20150314 2 5 7 3 4 5
20150314 3 9 1 5 6 1
20150314 4 1 2 7 1 2
20150314 5 3 4 2 3 4
20150314 6 5 4 7 0 0
20150314 7 2 5 6 0 0
20150314 8 3 9 2 3 6
20150314 9 6 9 7 5 6
20150314 10 6 9 3 5 6
20150314 11 3 9 8 3 6
20150314 12 9 1 7 6 1
20150315 1 5 9 3 4 6
20150315 2 1 2 9 1 2
20150315 3 5 4 9 4 4
20150315 4 3 5 2 3 4
20150315 5 1 2 4 0 0
20150315 6 9 3 5 6 3
20150315 7 1 9 4 1 6
20150315 8 3 8 9 3 6
20150315 9 7 1 2 0 0
20150315 10 5 3 1 4 3
20150315 11 9 1 6 6 1
20150315 12 1 5 2 1 4
20150326 1 3 7 6 0 0
20150326 2 5 7 2 0 0
20150326 3 7 3 5 0 0
20150326 4 2 5 4 0 0
20150326 5 2 6 7 0 0
20150326 6 9 3 6 6 3
20150326 7 1 7 5 1 5
20150326 8 9 2 3 6 2
20150326 9 3 2 9 3 2
20150326 10 3 8 4 3 6
20150327 1 4 5 3 0 0
20150327 2 2 3 1 0 0
20150327 3 3 1 5 0 0
20150327 4 2 4 6 0 0
20150327 5 5 1 3 0 0
20150327 6 5 9 3 4 6
20150327 7 2 7 1 2 5
20150327 8 4 1 7 4 1
20150327 9 3 9 4 3 6
20150327 10 1 9 5 1 6
20150328 1 3 7 1 0 0
20150328 2 3 1 4 0 0
20150328 3 3 7 6 0 0
20150328 4 7 2 1 0 0
20150328 5 3 9 6 3 6
20150328 6 6 3 8 5 3
20150328 7 7 3 1 0 0
20150328 8 1 5 2 1 4
20150328 9 5 6 1 4 5
20150328 10 7 3 6 5 3
20150416 1 8 6 2 6 5
20150416 2 9 7 5 6 5
20150416 3 9 1 4 6 1
20150416 4 3 9 4 3 6
20150416 5 5 2 9 4 2
20150416 6 1 7 4 1 5
20150416 7 8 4 1 6 4
20150416 8 9 5 1 6 4
20150416 9 7 9 3 5 6
20150416 10 2 5 1 2 4
20150416 11 5 9 3 4 6
20150416 12 9 1 2 6 1
20150417 1 3 9 5 3 6
20150417 2 1 8 7 1 6
20150417 3 5 3 8 4 3
20150417 4 1 3 8 1 3
20150417 5 9 5 2 6 4
20150417 6 2 7 9 2 5
20150417 7 5 1 9 4 1
20150417 8 5 4 1 4 4
20150417 9 9 3 1 6 3
20150417 10 2 9 3 2 6
20150417 11 1 9 2 1 6
20150417 12 1 9 4 1 6
20150418 1 1 2 6 1 2
20150418 2 7 1 3 5 1
20150418 3 9 1 3 6 1
20150418 4 7 1 8 5 1
20150418 5 9 6 5 6 5
20150418 6 7 1 5 5 1
20150418 7 5 7 2 4 5
20150418 8 4 1 6 4 1
20150418 9 3 4 1 3 4
20150418 10 1 4 5 1 4
20150418 11 2 7 6 2 5
20150418 12 7 3 5 5 3
20150419 1 9 2 1 6 2
20150419 2 7 9 2 5 6
20150419 3 5 3 9 4 3
20150419 4 5 9 7 4 6
20150419 5 1 4 9 1 4
20150419 6 7 2 1 5 2
20150419 7 2 1 6 2 1
20150419 8 1 5 7 1 4
20150419 9 7 2 3 5 2
20150419 10 1 9 5 1 6
20150419 11 9 2 8 6 2
20150530 1 6 9 3 5 6
20150530 2 7 2 1 5 2
20150530 3 9 4 1 6 4
20150530 4 7 2 9 5 2
20150530 5 7 3 6 5 3
20150530 6 3 8 1 3 6
20150530 7 5 2 3 4 2
20150530 8 9 1 5 6 1
20150530 9 7 2 9 5 2
20150530 10 1 4 2 1 4
20150530 11 7 6 9 5 5
20150531 1 9 1 2 6 1
20150531 2 7 9 8 5 6
20150531 3 7 4 9 5 4
20150531 4 1 6 9 1 5
20150531 5 5 2 6 4 2
20150531 6 1 7 4 1 5
20150531 7 1 5 4 1 4
20150531 8 9 7 2 6 5
20150531 9 4 9 1 4 6
20150531 10 6 9 7 5 6
20150531 11 4 8 1 4 6
20150601 1 2 1 3 2 1
20150601 2 1 9 7 1 6
20150601 3 1 3 5 1 3
20150601 4 9 5 1 6 4
20150601 5 5 7 8 4 5
20150601 6 1 4 5 1 4
20150601 7 1 3 9 1 3
20150601 8 7 5 9 5 4
20150601 9 7 2 1 5 2
20150601 10 5 1 3 4 1
20150601 11 6 9 7 5 6
20150619 1 3 7 6 0 0
20150619 2 2 4 1 0 0
20150619 3 1 3 6 0 0
20150619 4 7 1 3 0 0
20150619 5 1 3 4 0 0
20150619 6 7 5 6 0 0
20150619 7 7 5 6 0 0
20150619 8 9 3 1 6 3
20150619 9 7 2 9 5 2
20150619 10 9 1 7 6 1
20150619 11 5 3 7 4 3
20150619 12 1 6 5 1 5
20150620 1 1 4 3 0 0
20150620 2 1 4 2 0 0
20150620 3 3 5 7 0 0
20150620 4 1 2 7 0 0
20150620 5 7 4 5 0 0
20150620 6 1 4 6 0 0
20150620 7 2 1 6 0 0
20150620 8 8 1 9 6 1
20150620 9 6 3 7 5 3
20150620 10 3 1 4 3 1
20150620 11 7 2 3 5 2
20150620 12 2 3 1 2 3
20150621 1 1 4 7 0 0
20150621 2 4 3 7 0 0
20150621 3 4 2 6 0 0
20150621 4 4 1 2 0 0
20150621 5 2 1 3 0 0
20150621 6 2 7 4 2 5
20150621 7 1 5 2 1 4
20150621 8 5 2 7 0 0
20150621 9 3 5 2 0 0
20150621 10 1 5 4 1 4
20150621 11 9 3 1 6 3
20150621 12 3 9 5 3 6
20150625 1 1 2 3 0 0
20150625 2 7 6 2 0 0
20150625 3 3 1 5 0 0
20150625 4 3 4 7 0 0
20150625 5 5 7 1 0 0
20150625 6 5 6 7 4 5
20150625 7 2 7 3 2 5
20150625 8 7 2 5 5 2
20150625 9 3 4 7 3 4
20150625 10 5 2 9 4 2
20150626 1 5 7 2 0 0
20150626 2 4 6 2 0 0
20150626 3 5 2 1 0 0
20150626 4 2 5 7 0 0
20150626 5 4 1 3 0 0
20150626 6 9 7 3 6 5
20150626 7 4 2 7 4 2
20150626 8 2 1 5 2 1
20150626 9 9 3 5 6 3
20150626 10 9 1 4 6 1
20150627 1 3 7 2 0 0
20150627 2 7 5 6 0 0
20150627 3 4 7 2 0 0
20150627 4 2 3 1 0 0
20150627 5 7 1 3 5 1
20150627 6 5 1 6 4 1
20150627 7 1 3 4 0 0
20150627 8 9 2 1 6 2
20150627 9 3 2 7 3 2
20150627 10 3 7 1 3 5
20150710 1 7 4 6 5 4
20150710 2 5 9 1 4 6
20150710 3 9 2 1 6 2
20150710 4 8 1 3 6 1
20150710 5 3 2 1 3 2
20150710 6 6 4 7 0 0
20150710 7 1 2 6 0 0
20150710 8 1 7 3 1 5
20150710 9 9 2 8 6 2
20150710 10 5 2 1 4 2
20150710 11 7 1 3 5 1
20150710 12 9 7 2 6 5
20150711 1 5 7 3 4 5
20150711 2 1 2 8 1 2
20150711 3 4 2 6 4 2
20150711 4 2 9 3 2 6
20150711 5 2 1 7 2 1
20150711 6 2 4 1 0 0
20150711 7 7 5 3 0 0
20150711 8 7 2 3 5 2
20150711 9 9 2 3 6 2
20150711 10 3 2 1 3 2
20150711 11 2 1 3 2 1
20150711 12 1 5 6 1 4
20150712 1 9 3 7 6 3
20150712 2 5 3 2 4 3
20150712 3 5 2 7 4 2
20150712 4 9 8 3 6 6
20150712 5 2 6 5 0 0
20150712 6 1 7 3 1 5
20150712 7 1 7 3 1 5
20150712 8 5 3 2 4 3
20150712 9 6 3 1 0 0
20150712 10 2 6 9 2 5
20150712 11 4 1 3 4 1
20150712 12 1 7 5 1 5
