20111228 1 1 5 9 1 4
20111228 2 7 4 2 5 4
20111228 3 9 3 5 6 3
20111228 4 1 7 8 1 5
20111228 5 3 7 1 3 5
20111228 6 3 1 5 3 1
20111228 7 9 1 2 6 1
20111228 8 9 6 4 6 5
20111228 9 7 1 5 5 1
20111228 10 2 5 8 2 4
20111228 11 5 7 9 4 5
20111229 1 1 6 9 1 5
20111229 2 1 7 9 1 5
20111229 3 7 2 8 5 2
20111229 4 5 3 7 4 3
20111229 5 9 5 7 6 4
20111229 6 4 5 6 4 4
20111229 7 3 4 5 3 4
20111229 8 7 2 8 5 2
20111229 9 2 7 8 2 5
20111229 10 3 2 5 3 2
20111229 11 2 6 5 2 5
20111230 1 1 7 6 1 5
20111230 2 1 8 5 1 6
20111230 3 1 2 5 1 2
20111230 4 9 1 4 6 1
20111230 5 3 8 9 3 6
20111230 6 1 5 9 1 4
20111230 7 7 1 4 5 1
20111230 8 7 1 5 5 1
20111230 9 3 4 7 3 4
20111230 10 9 6 2 6 5
20111230 11 2 5 7 2 4
20120504 1 5 2 7 4 2
20120504 2 5 9 7 4 6
20120504 3 2 3 5 2 3
20120504 4 2 7 4 2 5
20120504 5 1 7 2 1 5
20120504 6 2 7 8 2 5
20120504 7 5 2 1 4 2
20120504 8 1 5 9 1 4
20120504 9 1 6 9 1 5
20120504 10 7 5 9 5 4
20120504 11 9 2 1 6 2
20120505 1 1 3 4 1 3
20120505 2 4 2 1 4 2
20120505 3 1 7 3 1 5
20120505 4 8 3 2 6 3
20120505 5 2 7 3 2 5
20120505 6 9 1 5 6 1
20120505 7 1 3 6 1 3
20120505 8 3 2 6 3 2
20120505 9 1 2 8 1 2
20120505 10 1 3 2 1 3
20120505 11 2 4 1 2 4
20120506 1 3 5 1 3 4
20120506 2 3 1 9 3 1
20120506 3 1 4 3 1 4
20120506 4 7 5 1 5 4
20120506 5 9 5 3 6 4
20120506 6 9 3 4 6 3
20120506 7 4 8 5 4 6
20120506 8 1 7 3 1 5
20120506 9 3 1 7 3 1
20120506 10 4 1 7 4 1
20120506 11 2 7 5 2 5
20120507 1 2 5 7 2 4
20120507 2 9 6 5 6 5
20120507 3 5 7 1 4 5
20120507 4 5 1 4 4 1
20120507 5 5 4 6 4 4
20120507 6 1 5 7 1 4
20120507 7 7 1 9 5 1
20120507 8 1 7 4 1 5
20120507 9 1 9 4 1 6
20120507 10 8 1 7 6 1
20120507 11 9 4 8 6 4
20120621 1 7 4 1 0 0
20120621 2 1 5 2 0 0
20120621 3 3 5 1 0 0
20120621 4 4 7 3 0 0
20120621 5 2 5 1 0 0
20120621 6 2 7 3 2 5
20120621 7 5 3 1 4 3
20120621 8 3 7 2 3 5
20120621 9 1 7 5 1 5
20120621 10 9 7 3 6 5
20120621 11 5 6 4 4 5
20120622 1 1 4 2 0 0
20120622 2 5 1 2 0 0
20120622 3 1 6 2 0 0
20120622 4 7 4 3 0 0
20120622 5 3 5 4 0 0
20120622 6 3 2 1 3 2
20120622 7 3 1 5 3 1
20120622 8 4 8 6 4 6
20120622 9 9 1 5 6 1
20120622 10 3 9 1 3 6
20120622 11 1 3 8 1 3
20120623 1 5 1 3 0 0
20120623 2 2 4 3 0 0
20120623 3 5 4 2 0 0
20120623 4 4 2 1 0 0
20120623 5 3 4 5 0 0
20120623 6 3 2 4 3 2
20120623 7 2 9 5 2 6
20120623 8 5 1 6 4 1
20120623 9 1 6 9 1 5
20120623 10 2 1 3 2 1
20120623 11 2 8 3 2 6
20120701 1 3 1 9 3 1
20120701 2 4 5 9 4 4
20120701 3 9 1 5 6 1
20120701 4 5 1 3 4 1
20120701 5 9 1 2 6 1
20120701 6 2 1 7 0 0
20120701 7 1 4 2 0 0
20120701 8 3 5 1 3 4
20120701 9 3 2 6 3 2
20120701 10 2 1 9 2 1
20120701 11 5 2 6 4 2
20120701 12 3 5 2 3 4
20120702 1 7 1 3 5 1
20120702 2 2 9 7 2 6
20120702 3 8 1 5 6 1
20120702 4 1 9 4 1 6
20120702 5 9 1 7 6 1
20120702 6 1 7 2 0 0
20120702 7 5 3 1 0 0
20120702 8 3 6 8 3 5
20120702 9 1 4 2 1 4
20120702 10 1 9 3 1 6
20120702 11 3 4 8 3 4
20120702 12 2 9 7 2 6
20120703 1 5 3 2 4 3
20120703 2 8 6 9 6 5
20120703 3 2 5 6 2 4
20120703 4 2 4 9 2 4
20120703 5 2 7 3 0 0
20120703 6 2 1 4 2 1
20120703 7 6 5 1 5 4
20120703 8 9 5 1 6 4
20120703 9 4 3 7 0 0
20120703 10 3 2 7 3 2
20120703 11 5 1 9 4 1
20120703 12 7 5 9 5 4
20120720 1 1 3 2 0 0
20120720 2 2 3 1 0 0
20120720 3 3 5 4 0 0
20120720 4 4 1 3 0 0
20120720 5 5 7 3 0 0
20120720 6 9 5 4 6 4
20120720 7 1 5 6 1 4
20120720 8 9 2 7 6 2
20120720 9 9 3 4 6 3
20120720 10 9 1 5 6 1
20120720 11 9 1 7 6 1
20120721 1 3 1 2 0 0
20120721 2 2 4 1 0 0
20120721 3 4 3 7 0 0
20120721 4 4 1 3 0 0
20120721 5 5 3 4 0 0
20120721 6 9 8 6 6 6
20120721 7 2 5 6 2 4
20120721 8 9 5 2 6 4
20120721 9 1 6 2 1 5
20120721 10 7 3 5 5 3
20120721 11 2 5 8 2 4
20120722 1 5 2 1 0 0
20120722 2 7 2 3 0 0
20120722 3 7 1 3 0 0
20120722 4 4 7 3 0 0
20120722 5 5 2 1 4 2
20120722 6 5 1 4 4 1
20120722 7 2 4 3 0 0
20120722 8 2 9 1 2 6
20120722 9 2 9 4 2 6
20120722 10 2 3 8 2 3
20120722 11 9 8 1 6 6
20120813 1 1 3 2 0 0
20120813 2 7 2 3 0 0
20120813 3 3 5 7 0 0
20120813 4 4 2 5 0 0
20120813 5 5 3 7 0 0
20120813 6 5 7 3 0 0
20120813 7 6 3 2 0 0
20120813 8 8 7 5 6 5
20120813 9 2 1 5 2 1
20120813 10 2 7 3 2 5
20120813 11 3 5 7 3 4
20120813 12 3 9 2 3 6
20120814 1 5 2 3 0 0
20120814 2 5 2 7 0 0
20120814 3 1 7 3 0 0
20120814 4 7 3 1 0 0
20120814 5 1 5 7 0 0
20120814 6 1 4 2 0 0
20120814 7 2 6 3 0 0
20120814 8 7 8 2 5 6
20120814 9 7 9 5 5 6
20120814 10 9 3 5 6 3
20120814 11 9 1 3 6 1
20120814 12 2 7 1 2 5
20120815 1 1 7 5 0 0
20120815 2 2 6 3 0 0
20120815 3 3 7 1 0 0
20120815 4 4 5 2 0 0
20120815 5 7 1 2 0 0
20120815 6 7 1 5 5 1
20120815 7 7 5 3 5 4
20120815 8 3 7 4 0 0
20120815 9 7 5 3 0 0
20120815 10 2 8 5 2 6
20120815 11 5 3 9 4 3
20120815 12 1 9 5 1 6
20120829 1 9 1 5 6 1
20120829 2 7 9 6 5 6
20120829 3 9 2 8 6 2
20120829 4 9 2 3 6 2
20120829 5 2 5 1 2 4
20120829 6 7 3 4 0 0
20120829 7 6 2 7 0 0
20120829 8 5 3 8 4 3
20120829 9 2 5 7 2 4
20120829 10 9 7 1 6 5
20120829 11 1 2 9 1 2
20120829 12 7 1 9 5 1
20120830 1 1 9 2 1 6
20120830 2 6 7 1 5 5
20120830 3 9 5 3 6 4
20120830 4 5 1 3 4 1
20120830 5 7 1 9 5 1
20120830 6 3 1 2 0 0
20120830 7 2 7 5 0 0
20120830 8 9 2 6 6 2
20120830 9 2 1 7 2 1
20120830 10 3 5 1 3 4
20120830 11 1 5 4 1 4
20120830 12 5 9 3 4 6
20120831 1 1 7 3 1 5
20120831 2 7 5 1 5 4
20120831 3 5 6 1 4 5
20120831 4 1 4 9 1 4
20120831 5 7 5 1 0 0
20120831 6 1 3 4 1 3
20120831 7 7 1 5 5 1
20120831 8 4 9 8 4 6
20120831 9 1 2 5 0 0
20120831 10 3 4 7 3 4
20120831 11 9 2 5 6 2
20120831 12 5 9 4 4 6
20120908 1 1 3 5 0 0
20120908 2 3 5 7 0 0
20120908 3 3 4 5 0 0
20120908 4 4 7 1 0 0
20120908 5 7 5 1 0 0
20120908 6 2 7 5 2 5
20120908 7 1 9 3 1 6
20120908 8 7 2 5 5 2
20120908 9 3 9 2 3 6
20120908 10 5 3 1 4 3
20120908 11 7 9 4 5 6
20120909 1 5 1 3 0 0
20120909 2 7 2 3 0 0
20120909 3 3 1 4 0 0
20120909 4 4 5 7 0 0
20120909 5 2 3 7 0 0
20120909 6 9 5 1 6 4
20120909 7 3 1 4 3 1
20120909 8 2 6 4 2 5
20120909 9 2 7 1 2 5
20120909 10 3 7 9 3 5
20120909 11 7 3 8 5 3
20120910 1 1 3 4 0 0
20120910 2 2 7 1 0 0
20120910 3 5 2 3 0 0
20120910 4 4 5 1 0 0
20120910 5 7 4 1 5 4
20120910 6 1 5 9 1 4
20120910 7 2 7 4 0 0
20120910 8 5 1 6 4 1
20120910 9 9 5 2 6 4
20120910 10 2 4 5 2 4
20120910 11 3 7 2 3 5
20120921 1 1 3 4 0 0
20120921 2 1 3 6 0 0
20120921 3 3 7 5 0 0
20120921 4 2 4 3 0 0
20120921 5 5 1 4 0 0
20120921 6 6 5 4 0 0
20120921 7 7 4 3 0 0
20120921 8 5 2 8 4 2
20120921 9 1 8 5 1 6
20120921 10 3 5 7 3 4
20120921 11 3 7 9 3 5
20120921 12 7 6 8 5 5
20120922 1 1 4 7 0 0
20120922 2 2 5 3 0 0
20120922 3 1 3 4 0 0
20120922 4 5 7 4 0 0
20120922 5 5 2 4 0 0
20120922 6 2 3 5 0 0
20120922 7 3 6 2 0 0
20120922 8 2 7 6 2 5
20120922 9 8 5 3 6 4
20120922 10 5 3 1 4 3
20120922 11 3 5 1 3 4
20120922 12 2 9 5 2 6
20120923 1 1 3 2 0 0
20120923 2 4 2 6 0 0
20120923 3 4 5 2 0 0
20120923 4 1 4 7 0 0
20120923 5 2 5 1 0 0
20120923 6 2 3 1 2 3
20120923 7 1 4 5 1 4
20120923 8 1 2 5 0 0
20120923 9 4 5 7 0 0
20120923 10 3 5 8 3 4
20120923 11 9 7 1 6 5
20120923 12 6 2 5 5 2
20121006 1 4 7 2 0 0
20121006 2 3 5 2 0 0
20121006 3 3 7 5 0 0
20121006 4 4 1 2 0 0
20121006 5 5 3 4 0 0
20121006 6 7 9 5 5 6
20121006 7 1 7 2 1 5
20121006 8 2 3 5 2 3
20121006 9 1 5 3 1 4
20121006 10 9 5 6 6 4
20121006 11 8 4 3 6 4
20121007 1 1 3 7 0 0
20121007 2 2 1 5 0 0
20121007 3 4 6 2 0 0
20121007 4 4 1 6 0 0
20121007 5 5 7 1 0 0
20121007 6 1 9 7 1 6
20121007 7 4 7 5 4 5
20121007 8 3 2 1 3 2
20121007 9 4 1 5 4 1
20121007 10 3 5 6 3 4
20121007 11 5 1 6 4 1
20121008 1 1 5 2 0 0
20121008 2 2 7 6 0 0
20121008 3 2 3 4 0 0
20121008 4 1 5 6 0 0
20121008 5 3 4 5 3 4
20121008 6 9 1 6 6 1
20121008 7 3 2 7 0 0
20121008 8 5 2 7 4 2
20121008 9 9 6 7 6 5
20121008 10 3 9 2 3 6
20121008 11 2 5 6 2 4
20121109 1 2 1 3 0 0
20121109 2 5 3 7 0 0
20121109 3 5 6 1 0 0
20121109 4 4 7 3 0 0
20121109 5 5 1 4 0 0
20121109 6 4 7 1 4 5
20121109 7 1 2 5 1 2
20121109 8 9 3 4 6 3
20121109 9 3 5 4 3 4
20121109 10 1 7 4 1 5
20121109 11 8 3 9 6 3
20121110 1 1 5 7 0 0
20121110 2 2 4 3 0 0
20121110 3 3 4 2 0 0
20121110 4 1 2 4 0 0
20121110 5 5 3 4 0 0
20121110 6 3 7 8 3 5
20121110 7 3 9 7 3 6
20121110 8 3 5 1 3 4
20121110 9 2 4 1 2 4
20121110 10 7 2 3 5 2
20121110 11 5 7 3 4 5
20121111 1 4 7 1 0 0
20121111 2 2 4 1 0 0
20121111 3 7 1 5 0 0
20121111 4 4 1 2 0 0
20121111 5 2 9 3 2 6
20121111 6 3 5 2 3 4
20121111 7 4 2 7 0 0
20121111 8 4 1 7 4 1
20121111 9 5 8 1 4 6
20121111 10 1 9 5 1 6
20121111 11 5 1 3 4 1
20121123 1 1 3 7 1 3
20121123 2 9 1 3 6 1
20121123 3 3 9 5 3 6
20121123 4 1 5 8 1 4
20121123 5 1 8 6 1 6
20121123 6 3 2 5 0 0
20121123 7 4 1 6 0 0
20121123 8 9 5 1 6 4
20121123 9 2 6 5 2 5
20121123 10 8 1 5 6 1
20121123 11 7 2 3 5 2
20121123 12 5 2 9 4 2
20121124 1 4 7 5 4 5
20121124 2 7 4 9 5 4
20121124 3 7 2 1 5 2
20121124 4 7 9 3 5 6
20121124 5 9 4 2 6 4
20121124 6 2 5 1 0 0
20121124 7 1 3 2 0 0
20121124 8 5 1 4 4 1
20121124 9 9 5 2 6 4
20121124 10 3 2 6 3 2
20121124 11 3 7 2 3 5
20121124 12 2 7 4 2 5
20121125 1 1 3 7 1 3
20121125 2 5 9 1 4 6
20121125 3 7 9 1 5 6
20121125 4 3 9 1 3 6
20121125 5 1 4 2 0 0
20121125 6 8 1 6 6 1
20121125 7 7 3 9 5 3
20121125 8 5 9 2 4 6
20121125 9 1 7 2 0 0
20121125 10 9 3 4 6 3
20121125 11 2 9 1 2 6
20121125 12 5 9 3 4 6
20121218 1 2 3 5 2 3
20121218 2 1 5 2 1 4
20121218 3 3 5 9 3 4
20121218 4 7 4 1 5 4
20121218 5 3 7 1 3 5
20121218 6 3 1 5 0 0
20121218 7 5 4 1 0 0
20121218 8 5 3 7 4 3
20121218 9 2 7 1 2 5
20121218 10 1 9 5 1 6
20121218 11 2 5 1 2 4
20121218 12 5 2 8 4 2
20121219 1 3 1 9 3 1
20121219 2 7 1 9 5 1
20121219 3 3 7 9 3 5
20121219 4 1 5 9 1 4
20121219 5 1 7 4 1 5
20121219 6 4 3 2 0 0
20121219 7 5 1 4 0 0
20121219 8 9 3 1 6 3
20121219 9 2 9 3 2 6
20121219 10 1 9 7 1 6
20121219 11 3 4 8 3 4
20121219 12 5 7 2 4 5
20121220 1 3 6 9 3 5
20121220 2 9 2 3 6 2
20121220 3 3 9 4 3 6
20121220 4 2 7 9 2 5
20121220 5 2 7 6 0 0
20121220 6 4 1 7 4 1
20121220 7 1 5 4 1 4
20121220 8 8 2 3 6 2
20121220 9 6 5 4 0 0
20121220 10 2 7 9 2 5
20121220 11 7 5 1 5 4
20121220 12 1 2 4 1 2
20130102 1 5 4 1 0 0
20130102 2 2 3 4 0 0
20130102 3 5 2 6 0 0
20130102 4 4 2 7 0 0
20130102 5 2 1 4 0 0
20130102 6 1 6 7 0 0
20130102 7 1 5 2 0 0
20130102 8 2 7 8 2 5
20130102 9 5 1 9 4 1
20130102 10 1 7 2 1 5
20130102 11 9 2 8 6 2
20130102 12 7 2 9 5 2
20130103 1 4 1 6 0 0
20130103 2 2 1 7 0 0
20130103 3 6 3 2 0 0
20130103 4 7 3 4 0 0
20130103 5 4 3 6 0 0
20130103 6 6 5 4 0 0
20130103 7 7 4 5 0 0
20130103 8 9 4 7 6 4
20130103 9 9 2 3 6 2
20130103 10 3 1 6 3 1
20130103 11 2 7 5 2 5
20130103 12 1 7 9 1 5
20130104 1 2 7 1 0 0
20130104 2 2 5 7 0 0
20130104 3 4 5 6 0 0
20130104 4 4 3 5 0 0
20130104 5 7 1 3 0 0
20130104 6 5 1 3 4 1
20130104 7 7 2 3 5 2
20130104 8 2 6 7 0 0
20130104 9 3 4 5 0 0
20130104 10 1 5 7 1 4
20130104 11 9 1 7 6 1
20130104 12 9 1 5 6 1
20130116 1 7 1 3 0 0
20130116 2 4 2 7 0 0
20130116 3 3 2 7 0 0
20130116 4 1 7 3 0 0
20130116 5 5 1 7 0 0
20130116 6 9 2 1 6 2
20130116 7 7 2 9 5 2
20130116 8 9 1 6 6 1
20130116 9 5 7 3 4 5
20130116 10 3 5 8 3 4
20130116 11 9 3 2 6 3
20130117 1 7 1 3 0 0
20130117 2 2 1 7 0 0
20130117 3 2 4 3 0 0
20130117 4 7 5 6 0 0
20130117 5 5 3 1 0 0
20130117 6 5 7 1 4 5
20130117 7 3 2 9 3 2
20130117 8 2 4 3 2 4
20130117 9 8 1 6 6 1
20130117 10 5 3 7 4 3
20130117 11 9 6 1 6 5
20130118 1 3 5 2 0 0
20130118 2 5 3 4 0 0
20130118 3 3 7 2 0 0
20130118 4 4 7 1 0 0
20130118 5 6 1 2 5 1
20130118 6 7 3 1 5 3
20130118 7 4 7 5 0 0
20130118 8 1 8 9 1 6
20130118 9 3 5 6 3 4
20130118 10 2 9 5 2 6
20130118 11 1 7 3 1 5
20130215 1 9 1 7 6 1
20130215 2 2 7 3 2 5
20130215 3 2 4 1 2 4
20130215 4 3 7 1 3 5
20130215 5 5 2 3 4 2
20130215 6 2 9 3 2 6
20130215 7 7 5 1 5 4
20130215 8 3 6 9 3 5
20130215 9 3 1 4 3 1
20130215 10 1 9 5 1 6
20130215 11 2 4 9 2 4
20130216 1 9 3 6 6 3
20130216 2 2 3 4 2 3
20130216 3 8 6 2 6 5
20130216 4 2 1 9 2 1
20130216 5 4 9 1 4 6
20130216 6 7 1 2 5 1
20130216 7 2 4 1 2 4
20130216 8 3 1 5 3 1
20130216 9 3 9 2 3 6
20130216 10 1 6 4 1 5
20130216 11 2 8 3 2 6
20130217 1 9 5 7 6 4
20130217 2 7 2 1 5 2
20130217 3 1 4 2 1 4
20130217 4 5 3 2 4 3
20130217 5 7 1 5 5 1
20130217 6 4 2 8 4 2
20130217 7 8 2 1 6 2
20130217 8 9 3 7 6 3
20130217 9 8 7 2 6 5
20130217 10 5 8 4 4 6
20130217 11 2 5 1 2 4
20130228 1 5 7 3 0 0
20130228 2 2 7 4 0 0
20130228 3 3 1 4 0 0
20130228 4 4 5 3 0 0
20130228 5 5 6 7 0 0
20130228 6 2 7 8 2 5
20130228 7 4 7 1 4 5
20130228 8 2 5 1 2 4
20130228 9 1 2 5 1 2
20130228 10 9 4 7 6 4
20130228 11 2 4 7 2 4
20130301 1 4 7 3 0 0
20130301 2 4 3 2 0 0
20130301 3 3 4 1 0 0
20130301 4 2 4 1 0 0
20130301 5 5 6 4 0 0
20130301 6 4 2 6 4 2
20130301 7 8 9 3 6 6
20130301 8 3 1 9 3 1
20130301 9 3 2 4 3 2
20130301 10 1 5 8 1 4
20130301 11 2 7 5 2 5
20130302 1 1 3 4 0 0
20130302 2 2 5 4 0 0
20130302 3 3 1 7 0 0
20130302 4 7 4 5 0 0
20130302 5 6 2 5 5 2
20130302 6 3 2 4 3 2
20130302 7 1 5 4 0 0
20130302 8 8 1 6 6 1
20130302 9 1 7 5 1 5
20130302 10 2 5 9 2 4
20130302 11 2 7 1 2 5
20130329 1 1 3 5 0 0
20130329 2 5 2 1 0 0
20130329 3 7 1 2 0 0
20130329 4 3 7 2 0 0
20130329 5 5 4 2 0 0
20130329 6 6 5 4 0 0
20130329 7 1 5 7 0 0
20130329 8 1 5 7 1 4
20130329 9 2 9 7 2 6
20130329 10 5 1 6 4 1
20130329 11 3 9 1 3 6
20130329 12 9 2 1 6 2
20130330 1 7 1 3 0 0
20130330 2 5 2 1 0 0
20130330 3 4 3 6 0 0
20130330 4 4 1 2 0 0
20130330 5 6 7 5 0 0
20130330 6 3 2 5 0 0
20130330 7 3 5 1 0 0
20130330 8 1 5 8 1 4
20130330 9 1 9 3 1 6
20130330 10 5 3 2 4 3
20130330 11 5 2 9 4 2
20130330 12 7 3 8 5 3
20130331 1 1 3 5 0 0
20130331 2 7 2 4 0 0
20130331 3 3 5 7 0 0
20130331 4 2 7 5 0 0
20130331 5 7 6 2 0 0
20130331 6 5 3 1 4 3
20130331 7 7 1 8 5 1
20130331 8 2 5 1 0 0
20130331 9 3 1 2 0 0
20130331 10 3 4 1 3 4
20130331 11 2 7 1 2 5
20130331 12 2 5 1 2 4
20130412 1 1 3 4 0 0
20130412 2 3 2 4 0 0
20130412 3 3 1 7 0 0
20130412 4 4 2 1 0 0
20130412 5 2 3 5 0 0
20130412 6 2 3 4 2 3
20130412 7 7 3 8 5 3
20130412 8 2 7 1 2 5
20130412 9 2 7 9 2 5
20130412 10 3 5 1 3 4
20130413 1 4 5 3 0 0
20130413 2 1 5 2 0 0
20130413 3 4 1 3 0 0
20130413 4 4 2 5 0 0
20130413 5 4 5 1 0 0
20130413 6 4 9 2 4 6
20130413 7 3 9 5 3 6
20130413 8 5 7 8 4 5
20130413 9 9 1 7 6 1
20130413 10 1 7 9 1 5
20130414 1 1 7 4 0 0
20130414 2 5 1 3 0 0
20130414 3 4 3 2 0 0
20130414 4 1 7 4 0 0
20130414 5 2 7 9 2 5
20130414 6 8 2 5 6 2
20130414 7 2 4 1 0 0
20130414 8 1 3 7 1 3
20130414 9 3 9 7 3 6
20130414 10 3 9 6 3 6
20130419 1 1 3 4 0 0
20130419 2 7 1 5 0 0
20130419 3 3 5 1 0 0
20130419 4 4 5 2 0 0
20130419 5 5 1 7 0 0
20130419 6 2 4 1 0 0
20130419 7 6 1 4 0 0
20130419 8 9 1 4 6 1
20130419 9 3 7 5 3 5
20130419 10 8 1 9 6 1
20130419 11 3 5 9 3 4
20130419 12 3 5 6 3 4
20130420 1 1 3 5 0 0
20130420 2 2 3 7 0 0
20130420 3 3 4 5 0 0
20130420 4 1 7 5 0 0
20130420 5 3 4 5 0 0
20130420 6 6 7 3 0 0
20130420 7 4 5 6 0 0
20130420 8 3 9 5 3 6
20130420 9 1 5 2 1 4
20130420 10 1 6 9 1 5
20130420 11 2 1 7 2 1
20130420 12 7 4 3 5 4
20130421 1 2 3 4 0 0
20130421 2 1 4 2 0 0
20130421 3 3 7 5 0 0
20130421 4 4 5 1 0 0
20130421 5 3 7 1 0 0
20130421 6 1 4 3 1 4
20130421 7 5 4 2 4 4
20130421 8 1 5 4 0 0
20130421 9 7 1 2 0 0
20130421 10 2 9 8 2 6
20130421 11 3 2 5 3 2
20130421 12 5 6 9 4 5
20130503 1 5 6 2 4 5
20130503 2 9 2 1 6 2
20130503 3 3 1 9 3 1
20130503 4 2 7 1 2 5
20130503 5 2 1 5 2 1
20130503 6 2 1 3 2 1
20130503 7 5 2 6 4 2
20130503 8 9 1 7 6 1
20130503 9 1 2 8 1 2
20130503 10 9 4 7 6 4
20130503 11 1 5 2 1 4
20130504 1 7 9 5 5 6
20130504 2 4 2 1 4 2
20130504 3 4 1 8 4 1
20130504 4 9 1 3 6 1
20130504 5 3 5 7 3 4
20130504 6 8 3 1 6 3
20130504 7 4 8 1 4 6
20130504 8 7 1 9 5 1
20130504 9 7 3 9 5 3
20130504 10 9 3 2 6 3
20130504 11 9 5 3 6 4
20130505 1 1 3 5 1 3
20130505 2 7 5 1 5 4
20130505 3 2 3 1 2 3
20130505 4 1 2 7 1 2
20130505 5 3 9 1 3 6
20130505 6 5 1 7 4 1
20130505 7 7 2 4 5 2
20130505 8 5 3 7 4 3
20130505 9 9 1 8 6 1
20130505 10 1 8 7 1 6
20130505 11 1 9 7 1 6
20130506 1 9 3 7 6 3
20130506 2 1 4 6 1 4
20130506 3 5 2 9 4 2
20130506 4 7 1 9 5 1
20130506 5 6 7 3 5 5
20130506 6 2 5 9 2 4
20130506 7 3 8 7 3 6
20130506 8 7 2 3 5 2
20130506 9 4 7 1 4 5
20130506 10 5 1 3 4 1
20130506 11 7 5 2 5 4
20130531 1 7 2 9 5 2
20130531 2 9 1 3 6 1
20130531 3 2 1 7 2 1
20130531 4 5 3 9 4 3
20130531 5 3 9 7 3 6
20130531 6 4 5 3 0 0
20130531 7 3 1 7 0 0
20130531 8 7 1 3 5 1
20130531 9 2 5 1 2 4
20130531 10 1 7 4 1 5
20130531 11 9 7 8 6 5
20130531 12 2 9 8 2 6
20130601 1 1 3 5 1 3
20130601 2 3 7 8 3 5
20130601 3 2 3 5 2 3
20130601 4 1 7 2 1 5
20130601 5 9 5 3 6 4
20130601 6 4 5 3 0 0
20130601 7 2 5 4 0 0
20130601 8 7 9 6 5 6
20130601 9 3 9 7 3 6
20130601 10 7 9 3 5 6
20130601 11 9 1 7 6 1
20130601 12 1 3 7 1 3
20130602 1 1 2 4 1 2
20130602 2 5 7 3 4 5
20130602 3 8 1 2 6 1
20130602 4 5 9 7 4 6
20130602 5 5 1 7 0 0
20130602 6 7 1 4 5 1
20130602 7 9 1 7 6 1
20130602 8 4 6 8 4 5
20130602 9 7 1 3 0 0
20130602 10 4 3 1 4 3
20130602 11 9 5 1 6 4
20130602 12 3 2 4 3 2
20130626 1 1 3 4 1 3
20130626 2 5 3 6 4 3
20130626 3 5 3 1 4 3
20130626 4 3 7 1 3 5
20130626 5 1 9 2 1 6
20130626 6 9 1 2 6 1
20130626 7 5 3 9 4 3
20130626 8 7 2 5 5 2
20130626 9 1 9 3 1 6
20130626 10 1 5 3 1 4
20130626 11 6 4 3 5 4
20130627 1 1 2 9 1 2
20130627 2 7 1 3 5 1
20130627 3 2 4 5 2 4
20130627 4 9 2 3 6 2
20130627 5 7 1 5 5 1
20130627 6 1 5 9 1 4
20130627 7 2 6 5 2 5
20130627 8 7 2 3 5 2
20130627 9 3 7 9 3 5
20130627 10 5 1 8 4 1
20130627 11 9 2 7 6 2
20130628 1 1 5 3 1 4
20130628 2 5 7 2 4 5
20130628 3 2 5 8 2 4
20130628 4 4 6 8 4 5
20130628 5 3 7 5 3 5
20130628 6 1 8 5 1 6
20130628 7 2 1 3 2 1
20130628 8 1 9 5 1 6
20130628 9 3 7 2 3 5
20130628 10 5 7 2 4 5
20130628 11 9 4 3 6 4
20130725 1 1 3 7 1 3
20130725 2 2 7 9 2 5
20130725 3 7 3 2 5 3
20130725 4 2 7 5 2 5
20130725 5 1 5 7 1 4
20130725 6 1 2 4 0 0
20130725 7 5 2 1 0 0
20130725 8 3 7 5 3 5
20130725 9 5 2 7 4 2
20130725 10 1 9 7 1 6
20130725 11 5 1 7 4 1
20130725 12 6 1 2 5 1
20130726 1 3 2 7 3 2
20130726 2 9 8 1 6 6
20130726 3 3 5 9 3 4
20130726 4 3 9 8 3 6
20130726 5 3 9 1 3 6
20130726 6 1 5 3 0 0
20130726 7 4 6 7 0 0
20130726 8 4 9 1 4 6
20130726 9 2 5 9 2 4
20130726 10 4 1 5 4 1
20130726 11 3 5 7 3 4
20130726 12 2 3 9 2 3
20130727 1 2 6 4 2 5
20130727 2 7 3 1 5 3
20130727 3 2 3 5 2 3
20130727 4 8 1 4 6 1
20130727 5 3 4 5 0 0
20130727 6 1 4 7 1 4
20130727 7 9 2 1 6 2
20130727 8 8 7 1 6 5
20130727 9 2 7 3 0 0
20130727 10 7 5 3 5 4
20130727 11 2 1 9 2 1
20130727 12 4 8 1 4 6
20130806 1 5 2 1 0 0
20130806 2 7 2 1 0 0
20130806 3 3 2 4 0 0
20130806 4 4 1 5 0 0
20130806 5 4 5 7 0 0
20130806 6 9 7 2 6 5
20130806 7 2 9 4 2 6
20130806 8 9 1 3 6 1
20130806 9 5 3 7 4 3
20130806 10 5 4 1 4 4
20130807 1 6 4 5 0 0
20130807 2 2 4 7 0 0
20130807 3 1 7 5 0 0
20130807 4 4 2 5 0 0
20130807 5 1 4 3 0 0
20130807 6 3 9 1 3 6
20130807 7 2 5 3 2 4
20130807 8 9 2 8 6 2
20130807 9 1 9 5 1 6
20130807 10 3 1 7 3 1
20130808 1 1 4 6 0 0
20130808 2 3 4 7 0 0
20130808 3 1 4 7 0 0
20130808 4 5 2 4 0 0
20130808 5 3 7 5 3 5
20130808 6 3 5 1 3 4
20130808 7 3 2 7 0 0
20130808 8 3 9 6 3 6
20130808 9 2 9 1 2 6
20130808 10 9 1 4 6 1
20130820 1 1 3 4 1 3
20130820 2 9 3 5 6 3
20130820 3 1 9 7 1 6
20130820 4 3 9 5 3 6
20130820 5 5 1 9 4 1
20130820 6 6 2 5 0 0
20130820 7 7 4 1 0 0
20130820 8 4 1 6 4 1
20130820 9 2 1 7 2 1
20130820 10 3 7 4 3 5
20130820 11 2 3 4 2 3
20130820 12 5 9 1 4 6
20130821 1 1 3 8 1 3
20130821 2 2 7 4 2 5
20130821 3 5 9 3 4 6
20130821 4 1 9 5 1 6
20130821 5 1 5 9 1 4
20130821 6 1 4 6 0 0
20130821 7 3 5 2 0 0
20130821 8 4 5 3 4 4
20130821 9 5 2 1 4 2
20130821 10 1 9 2 1 6
20130821 11 3 5 6 3 4
20130821 12 2 5 1 2 4
20130822 1 1 2 7 1 2
20130822 2 3 7 5 3 5
20130822 3 1 9 7 1 6
20130822 4 9 1 7 6 1
20130822 5 1 4 7 0 0
20130822 6 1 3 6 1 3
20130822 7 7 6 4 5 5
20130822 8 2 8 5 2 6
20130822 9 2 4 1 0 0
20130822 10 1 4 7 1 4
20130822 11 5 9 2 4 6
20130822 12 9 7 5 6 5
20130927 1 1 4 2 0 0
20130927 2 2 4 7 0 0
20130927 3 3 1 7 0 0
20130927 4 2 4 1 0 0
20130927 5 2 3 5 0 0
20130927 6 1 9 7 1 6
20130927 7 1 7 3 1 5
20130927 8 3 5 9 3 4
20130927 9 1 9 3 1 6
20130927 10 3 5 9 3 4
20130928 1 2 4 3 0 0
20130928 2 5 7 2 0 0
20130928 3 5 7 4 0 0
20130928 4 4 2 3 0 0
20130928 5 1 5 4 0 0
20130928 6 1 7 3 1 5
20130928 7 2 9 5 2 6
20130928 8 9 6 2 6 5
20130928 9 7 1 8 5 1
20130928 10 9 1 7 6 1
20130929 1 1 7 4 0 0
20130929 2 2 1 7 0 0
20130929 3 3 4 7 0 0
20130929 4 7 4 1 0 0
20130929 5 2 5 7 2 4
20130929 6 1 2 6 1 2
20130929 7 2 5 6 0 0
20130929 8 3 2 6 3 2
20130929 9 5 1 6 4 1
20130929 10 1 5 2 1 4
20131010 1 1 3 9 1 3
20131010 2 3 9 2 3 6
20131010 3 9 5 2 6 4
20131010 4 3 7 5 3 5
20131010 5 9 1 7 6 1
20131010 6 6 3 5 0 0
20131010 7 7 2 5 0 0
20131010 8 5 2 3 4 2
20131010 9 3 9 2 3 6
20131010 10 1 9 5 1 6
20131010 11 9 3 8 6 3
20131010 12 4 7 9 4 5
20131011 1 1 3 5 1 3
20131011 2 5 1 7 4 1
20131011 3 1 3 2 1 3
20131011 4 7 3 2 5 3
20131011 5 7 2 4 5 2
20131011 6 4 5 3 0 0
20131011 7 7 4 6 0 0
20131011 8 7 2 6 6 2
20131011 9 1 3 4 1 3
20131011 10 3 2 5 3 2
20131011 11 1 2 5 1 2
20131011 12 3 8 7 3 6
20131012 1 1 3 2 1 3
20131012 2 9 4 3 6 4
20131012 3 9 1 7 6 1
20131012 4 1 2 5 1 2
20131012 5 7 5 4 0 0
20131012 6 1 9 7 1 6
20131012 7 8 5 2 6 4
20131012 8 2 5 7 2 4
20131012 9 4 1 3 0 0
20131012 10 1 7 2 1 5
20131012 11 3 2 1 3 2
20131012 12 7 1 3 5 1
20131114 1 5 7 9 4 5
20131114 2 7 3 5 5 3
20131114 3 5 9 1 4 6
20131114 4 9 1 5 6 1
20131114 5 7 2 5 5 2
20131114 6 3 6 1 3 5
20131114 7 1 9 4 1 6
20131114 8 7 2 5 5 2
20131114 9 5 1 9 4 1
20131114 10 9 1 4 6 1
20131114 11 3 7 4 3 5
20131115 1 3 4 1 3 4
20131115 2 7 2 4 5 2
20131115 3 1 3 4 1 3
20131115 4 7 3 2 5 3
20131115 5 2 9 3 2 6
20131115 6 7 2 5 5 2
20131115 7 4 5 8 4 4
20131115 8 4 5 7 4 4
20131115 9 3 1 4 3 1
20131115 10 5 1 9 4 1
20131115 11 9 2 1 6 2
20131116 1 7 2 5 5 2
20131116 2 2 5 7 2 4
20131116 3 5 2 9 4 2
20131116 4 1 9 5 1 6
20131116 5 2 7 4 2 5
20131116 6 9 5 4 6 4
20131116 7 1 9 4 1 6
20131116 8 3 4 7 3 4
20131116 9 4 9 2 4 6
20131116 10 5 7 8 4 5
20131116 11 2 7 4 2 5
20131125 1 5 4 2 0 0
20131125 2 2 3 5 0 0
20131125 3 5 4 3 0 0
20131125 4 4 2 5 0 0
20131125 5 5 1 4 0 0
20131125 6 1 5 9 1 4
20131125 7 8 2 7 6 2
20131125 8 2 9 3 2 6
20131125 9 2 3 7 2 3
20131125 10 2 1 7 2 1
20131126 1 1 5 3 0 0
20131126 2 2 4 7 0 0
20131126 3 2 4 3 0 0
20131126 4 4 5 3 0 0
20131126 5 5 7 4 0 0
20131126 6 9 5 1 6 4
20131126 7 2 3 1 2 3
20131126 8 7 8 3 5 6
20131126 9 3 9 7 3 6
20131126 10 1 5 7 1 4
20131127 1 1 3 5 0 0
20131127 2 1 2 4 0 0
20131127 3 3 7 2 0 0
20131127 4 3 5 4 0 0
20131127 5 5 2 7 4 2
20131127 6 1 7 3 1 5
20131127 7 3 2 1 0 0
20131127 8 1 2 9 1 2
20131127 9 3 2 4 3 2
20131127 10 3 5 4 3 4
20131210 1 4 7 5 0 0
20131210 2 1 3 5 0 0
20131210 3 3 4 2 0 0
20131210 4 4 7 5 0 0
20131210 5 5 1 7 0 0
20131210 6 7 1 5 5 1
20131210 7 9 5 4 6 4
20131210 8 7 1 2 5 1
20131210 9 2 9 7 2 6
20131210 10 8 3 2 6 3
20131211 1 3 5 7 0 0
20131211 2 2 4 3 0 0
20131211 3 7 6 3 0 0
20131211 4 4 2 7 0 0
20131211 5 5 1 6 0 0
20131211 6 1 6 7 1 5
20131211 7 7 1 9 5 1
20131211 8 7 2 9 5 2
20131211 9 2 7 4 2 5
20131211 10 9 3 7 6 3
20131212 1 2 5 4 0 0
20131212 2 2 3 5 0 0
20131212 3 4 5 3 0 0
20131212 4 5 6 4 0 0
20131212 5 1 7 9 1 5
20131212 6 5 2 7 4 2
20131212 7 5 1 4 0 0
20131212 8 7 2 1 5 2
20131212 9 3 9 5 3 6
20131212 10 3 1 2 3 1
20140108 1 7 4 5 0 0
20140108 2 1 6 2 0 0
20140108 3 4 3 5 0 0
20140108 4 4 2 5 0 0
20140108 5 2 5 7 0 0
20140108 6 5 9 7 4 6
20140108 7 2 5 9 2 4
20140108 8 5 6 2 4 5
20140108 9 7 1 9 5 1
20140108 10 5 4 6 4 4
20140109 1 5 4 2 0 0
20140109 2 5 1 2 0 0
20140109 3 2 4 7 0 0
20140109 4 3 4 6 0 0
20140109 5 5 2 7 0 0
20140109 6 3 1 4 3 1
20140109 7 2 3 9 2 3
20140109 8 6 9 3 5 6
20140109 9 9 2 1 6 2
20140109 10 2 7 5 2 5
20140110 1 1 3 5 0 0
20140110 2 2 4 5 0 0
20140110 3 1 3 6 0 0
20140110 4 3 7 6 0 0
20140110 5 4 3 6 4 3
20140110 6 3 7 5 3 5
20140110 7 4 2 3 0 0
20140110 8 3 1 7 3 1
20140110 9 6 3 2 5 3
20140110 10 1 9 5 1 6
20140117 1 1 5 2 0 0
20140117 2 2 7 1 0 0
20140117 3 5 3 4 0 0
20140117 4 7 3 5 0 0
20140117 5 5 1 7 0 0
20140117 6 7 3 4 0 0
20140117 7 4 6 3 0 0
20140117 8 1 2 7 1 2
20140117 9 7 1 9 5 1
20140117 10 1 8 5 1 6
20140117 11 5 2 3 4 2
20140117 12 3 9 4 3 6
20140118 1 4 5 1 0 0
20140118 2 1 2 6 0 0
20140118 3 4 1 3 0 0
20140118 4 3 4 7 0 0
20140118 5 2 4 7 0 0
20140118 6 3 7 2 0 0
20140118 7 4 2 5 0 0
20140118 8 2 9 5 2 6
20140118 9 3 9 7 3 6
20140118 10 2 5 3 2 4
20140118 11 3 9 1 3 6
20140118 12 2 1 7 2 1
20140119 1 1 3 6 0 0
20140119 2 7 1 4 0 0
20140119 3 7 3 5 0 0
20140119 4 1 3 5 0 0
20140119 5 4 7 2 0 0
20140119 6 1 8 6 1 6
20140119 7 7 3 8 5 3
20140119 8 5 6 7 0 0
20140119 9 7 1 6 0 0
20140119 10 7 3 1 5 3
20140119 11 5 3 8 4 3
20140119 12 3 9 2 3 6
20140131 1 1 6 3 0 0
20140131 2 5 1 7 0 0
20140131 3 1 5 7 0 0
20140131 4 4 2 5 0 0
20140131 5 1 5 3 0 0
20140131 6 4 7 2 4 5
20140131 7 9 3 7 6 3
20140131 8 1 6 5 1 5
20140131 9 7 2 1 5 2
20140131 10 8 3 2 6 3
20140201 1 1 5 2 0 0
20140201 2 2 1 7 0 0
20140201 3 4 3 1 0 0
20140201 4 4 5 3 0 0
20140201 5 5 3 7 0 0
20140201 6 5 3 1 4 3
20140201 7 3 9 4 3 6
20140201 8 7 3 8 5 3
20140201 9 1 9 3 1 6
20140201 10 2 8 9 2 6
20140202 1 7 1 6 0 0
20140202 2 5 7 3 0 0
20140202 3 4 7 3 0 0
20140202 4 4 2 6 0 0
20140202 5 1 5 3 1 4
20140202 6 7 6 5 5 5
20140202 7 7 1 3 0 0
20140202 8 3 5 9 3 4
20140202 9 7 9 1 5 6
20140202 10 5 4 2 4 4
20140219 1 8 2 9 6 2
20140219 2 5 4 8 4 4
20140219 3 7 9 3 5 6
20140219 4 9 3 6 6 3
20140219 5 2 3 8 2 3
20140219 6 8 7 3 6 5
20140219 7 9 1 5 6 1
20140219 8 7 3 9 5 3
20140219 9 5 7 3 4 5
20140219 10 1 2 4 1 2
20140219 11 2 6 4 2 5
20140220 1 5 6 1 4 5
20140220 2 5 1 2 4 1
20140220 3 1 8 2 1 6
20140220 4 6 5 7 5 4
20140220 5 8 2 1 6 2
20140220 6 3 7 6 3 5
20140220 7 9 1 7 6 1
20140220 8 2 1 7 2 1
20140220 9 7 5 2 5 4
20140220 10 7 3 9 5 3
20140220 11 1 7 9 1 5
20140221 1 5 9 7 4 6
20140221 2 7 2 5 5 2
20140221 3 9 4 2 6 4
20140221 4 9 2 5 6 2
20140221 5 2 8 9 2 6
20140221 6 2 9 5 2 6
20140221 7 3 5 1 3 4
20140221 8 9 3 4 6 3
20140221 9 4 7 3 4 5
20140221 10 1 9 2 1 6
20140221 11 5 4 8 4 4
20140311 1 5 3 4 0 0
20140311 2 2 3 1 0 0
20140311 3 3 2 1 0 0
20140311 4 7 2 4 0 0
20140311 5 1 7 3 0 0
20140311 6 5 7 1 4 5
20140311 7 5 1 8 4 1
20140311 8 9 1 4 6 1
20140311 9 7 3 1 5 3
20140311 10 7 1 5 5 1
20140312 1 3 2 1 0 0
20140312 2 2 7 1 0 0
20140312 3 3 7 4 0 0
20140312 4 4 2 7 0 0
20140312 5 5 1 4 0 0
20140312 6 8 5 4 6 4
20140312 7 7 4 1 5 4
20140312 8 2 1 5 2 1
20140312 9 5 2 1 4 2
20140312 10 1 7 3 1 5
20140313 1 1 7 4 0 0
20140313 2 2 3 7 0 0
20140313 3 1 6 7 0 0
20140313 4 4 6 7 0 0
20140313 5 5 7 2 4 5
20140313 6 9 2 7 6 2
20140313 7 6 4 3 0 0
20140313 8 9 1 5 6 1
20140313 9 3 2 7 3 2
20140313 10 7 1 3 5 1
20140329 1 6 9 5 5 6
20140329 2 7 3 9 5 3
20140329 3 2 6 7 2 5
20140329 4 7 1 3 5 1
20140329 5 3 2 6 3 2
20140329 6 2 1 4 0 0
20140329 7 5 7 1 0 0
20140329 8 7 1 5 5 1
20140329 9 7 2 4 5 2
20140329 10 1 6 3 1 5
20140329 11 3 9 4 3 6
20140329 12 1 5 3 1 4
20140330 1 3 1 5 3 1
20140330 2 2 5 1 2 4
20140330 3 3 9 2 3 6
20140330 4 9 2 3 6 2
20140330 5 1 7 9 1 5
20140330 6 2 7 4 0 0
20140330 7 6 4 2 0 0
20140330 8 7 3 9 5 3
20140330 9 7 1 3 5 1
20140330 10 5 8 2 4 6
20140330 11 1 8 2 1 6
20140330 12 5 1 4 4 1
20140331 1 5 3 1 4 3
20140331 2 2 5 8 2 4
20140331 3 3 5 4 3 4
20140331 4 2 8 1 2 6
20140331 5 4 3 7 0 0
20140331 6 7 6 5 5 5
20140331 7 1 5 7 1 4
20140331 8 3 7 4 3 5
20140331 9 5 7 2 0 0
20140331 10 5 9 7 4 6
20140331 11 5 1 7 4 1
20140331 12 2 5 9 2 4
20140416 1 5 9 3 4 6
20140416 2 7 3 2 5 3
20140416 3 5 3 2 4 3
20140416 4 7 2 3 5 2
20140416 5 7 3 9 5 3
20140416 6 1 4 5 1 4
20140416 7 9 7 2 6 5
20140416 8 2 5 7 2 4
20140416 9 3 1 4 3 1
20140416 10 6 1 9 5 1
20140416 11 9 3 1 6 3
20140417 1 9 1 2 6 1
20140417 2 7 9 3 5 6
20140417 3 5 2 1 4 2
20140417 4 9 7 2 6 5
20140417 5 9 7 1 6 5
20140417 6 9 7 6 6 5
20140417 7 5 3 9 4 3
20140417 8 7 2 9 5 2
20140417 9 7 2 1 5 2
20140417 10 2 8 1 2 6
20140417 11 5 8 3 4 6
20140418 1 3 9 5 3 6
20140418 2 7 3 6 5 3
20140418 3 4 2 1 4 2
20140418 4 3 2 9 3 2
20140418 5 5 9 2 4 6
20140418 6 7 3 1 5 3
20140418 7 9 1 7 6 1
20140418 8 3 6 8 3 5
20140418 9 1 7 3 1 5
20140418 10 1 7 5 1 5
20140418 11 1 8 3 1 6
20140503 1 4 2 3 4 2
20140503 2 7 2 8 5 2
20140503 3 1 4 2 1 4
20140503 4 9 2 4 6 2
20140503 5 1 6 9 1 5
20140503 6 7 3 8 5 3
20140503 7 2 7 5 2 5
20140503 8 7 2 9 5 2
20140503 9 7 6 3 5 5
20140503 10 2 9 7 2 6
20140503 11 7 1 8 5 1
20140503 12 3 2 4 3 2
20140504 1 7 9 2 5 6
20140504 2 2 4 7 2 4
20140504 3 1 9 6 1 6
20140504 4 7 3 1 5 3
20140504 5 1 2 7 1 2
20140504 6 9 2 3 6 2
20140504 7 4 8 6 4 6
20140504 8 1 8 3 1 6
20140504 9 2 8 4 2 6
20140504 10 9 1 8 6 1
20140504 11 7 5 1 5 4
20140504 12 7 2 1 5 2
20140505 1 1 3 4 1 3
20140505 2 3 9 4 3 6
20140505 3 3 1 7 3 1
20140505 4 3 7 4 3 5
20140505 5 1 9 4 1 6
20140505 6 3 5 9 3 4
20140505 7 1 3 9 1 3
20140505 8 9 2 1 6 2
20140505 9 2 7 4 2 5
20140505 10 5 1 3 4 1
20140505 11 4 5 7 4 4
20140505 12 3 5 9 3 4
20140506 1 9 6 1 6 5
20140506 2 9 5 2 6 4
20140506 3 3 9 4 3 6
20140506 4 2 8 1 2 6
20140506 5 1 5 7 1 4
20140506 6 3 2 4 3 2
20140506 7 3 9 1 3 6
20140506 8 1 9 3 1 6
20140506 9 3 7 8 3 5
20140506 10 1 4 7 1 4
20140506 11 3 8 2 3 6
20140602 1 4 3 7 0 0
20140602 2 3 7 4 0 0
20140602 3 3 2 4 0 0
20140602 4 2 4 5 0 0
20140602 5 5 1 7 0 0
20140602 6 9 1 4 6 1
20140602 7 3 5 9 3 4
20140602 8 9 1 2 6 1
20140602 9 4 1 7 4 1
20140602 10 2 7 5 2 5
20140603 1 3 1 7 0 0
20140603 2 1 4 7 0 0
20140603 3 1 5 6 0 0
20140603 4 4 7 1 0 0
20140603 5 5 2 1 0 0
20140603 6 1 7 2 1 5
20140603 7 9 2 7 6 2
20140603 8 1 3 2 1 3
20140603 9 1 8 2 1 6
20140603 10 5 1 9 4 1
20140604 1 1 3 2 0 0
20140604 2 7 2 3 0 0
20140604 3 3 5 4 0 0
20140604 4 1 5 3 0 0
20140604 5 2 9 5 2 6
20140604 6 1 3 2 1 3
20140604 7 3 7 5 0 0
20140604 8 2 7 9 2 5
20140604 9 5 3 7 4 3
20140604 10 3 9 2 3 6
20140626 1 3 1 6 3 1
20140626 2 5 7 6 4 5
20140626 3 7 3 8 5 3
20140626 4 5 7 8 4 5
20140626 5 9 1 5 6 1
20140626 6 1 6 4 0 0
20140626 7 3 4 5 0 0
20140626 8 9 1 7 6 1
20140626 9 7 1 5 5 1
20140626 10 2 7 5 2 5
20140626 11 5 1 3 4 1
20140626 12 2 6 3 2 5
20140627 1 4 7 9 4 5
20140627 2 2 9 5 2 6
20140627 3 3 9 7 3 6
20140627 4 5 7 2 4 5
20140627 5 2 3 7 2 3
20140627 6 7 4 2 0 0
20140627 7 2 3 1 0 0
20140627 8 2 7 8 2 5
20140627 9 5 3 7 4 3
20140627 10 1 7 3 1 5
20140627 11 7 3 2 5 3
20140627 12 2 9 3 2 6
20140628 1 2 7 1 2 5
20140628 2 5 1 3 4 1
20140628 3 1 5 7 1 4
20140628 4 1 4 3 1 4
20140628 5 2 7 5 0 0
20140628 6 1 7 9 1 5
20140628 7 5 3 2 4 3
20140628 8 1 9 2 1 6
20140628 9 5 6 4 0 0
20140628 10 4 1 3 4 1
20140628 11 3 7 2 3 5
20140628 12 2 1 8 2 1
20140725 1 3 4 1 3 4
20140725 2 1 4 5 1 4
20140725 3 7 5 3 5 4
20140725 4 3 5 7 3 4
20140725 5 6 7 4 5 5
20140725 6 5 4 3 0 0
20140725 7 4 1 6 0 0
20140725 8 2 8 9 2 6
20140725 9 2 5 1 2 4
20140725 10 2 5 4 2 4
20140725 11 3 8 9 3 6
20140725 12 2 5 6 2 4
20140726 1 2 7 1 2 5
20140726 2 9 8 1 6 6
20140726 3 9 3 7 6 3
20140726 4 7 3 9 5 3
20140726 5 1 9 5 1 6
20140726 6 4 7 3 0 0
20140726 7 3 7 2 0 0
20140726 8 9 7 3 6 5
20140726 9 9 4 3 6 4
20140726 10 1 2 3 1 2
20140726 11 1 9 8 1 6
20140726 12 3 5 6 3 4
20140727 1 4 1 2 4 1
20140727 2 5 2 9 4 2
20140727 3 1 9 3 1 6
20140727 4 2 7 5 2 5
20140727 5 7 5 4 0 0
20140727 6 5 3 2 4 3
20140727 7 4 2 7 4 2
20140727 8 1 9 7 1 6
20140727 9 2 3 6 0 0
20140727 10 1 5 9 1 4
20140727 11 6 2 5 5 2
20140727 12 5 9 7 4 6
20140804 1 4 3 7 0 0
20140804 2 4 1 7 0 0
20140804 3 3 4 2 0 0
20140804 4 4 2 5 0 0
20140804 5 5 4 7 0 0
20140804 6 9 2 5 6 2
20140804 7 9 3 8 6 3
20140804 8 2 8 3 2 6
20140804 9 3 7 4 3 5
20140804 10 9 1 3 6 1
20140805 1 2 1 5 0 0
20140805 2 2 3 7 0 0
20140805 3 3 6 5 0 0
20140805 4 4 3 7 0 0
20140805 5 5 2 6 0 0
20140805 6 5 9 7 4 6
20140805 7 3 1 7 3 1
20140805 8 3 7 4 3 5
20140805 9 5 2 1 4 2
20140805 10 3 5 1 3 4
20140806 1 4 7 5 0 0
20140806 2 7 4 2 0 0
20140806 3 6 2 1 0 0
20140806 4 4 1 3 0 0
20140806 5 5 1 9 4 1
20140806 6 2 9 6 2 6
20140806 7 7 5 4 0 0
20140806 8 1 9 7 1 6
20140806 9 5 6 3 4 5
20140806 10 9 8 3 6 6
20140819 1 7 4 3 0 0
20140819 2 3 4 5 0 0
20140819 3 1 7 3 0 0
20140819 4 4 1 5 0 0
20140819 5 5 2 4 0 0
20140819 6 7 5 3 5 4
20140819 7 1 5 8 1 4
20140819 8 2 7 9 2 5
20140819 9 5 2 7 4 2
20140819 10 5 6 2 4 5
20140820 1 7 1 5 0 0
20140820 2 1 7 5 0 0
20140820 3 7 3 1 0 0
20140820 4 4 3 5 0 0
20140820 5 5 2 1 0 0
20140820 6 3 4 5 3 4
20140820 7 7 2 4 5 2
20140820 8 9 2 7 6 2
20140820 9 8 1 5 6 1
20140820 10 2 3 6 2 3
20140821 1 1 3 7 0 0
20140821 2 4 7 6 0 0
20140821 3 5 3 1 0 0
20140821 4 4 3 5 0 0
20140821 5 8 5 2 6 4
20140821 6 4 8 6 4 6
20140821 7 3 5 4 0 0
20140821 8 1 2 5 1 2
20140821 9 1 9 2 1 6
20140821 10 3 8 4 3 6
20140902 1 5 3 4 4 3
20140902 2 4 8 5 4 6
20140902 3 2 7 1 2 5
20140902 4 3 5 2 3 4
20140902 5 5 2 8 4 2
20140902 6 3 6 1 0 0
20140902 7 5 6 3 0 0
20140902 8 7 2 1 5 2
20140902 9 2 9 6 2 6
20140902 10 9 2 5 6 2
20140902 11 5 8 1 4 6
20140902 12 4 1 9 4 1
20140903 1 2 4 1 2 4
20140903 2 5 2 3 4 2
20140903 3 1 5 7 1 4
20140903 4 2 3 5 2 3
20140903 5 1 2 6 1 2
20140903 6 6 2 7 0 0
20140903 7 6 4 1 0 0
20140903 8 5 2 8 4 2
20140903 9 6 8 9 5 6
20140903 10 1 3 4 1 3
20140903 11 2 1 9 2 1
20140903 12 5 1 2 4 1
20140904 1 1 9 6 1 6
20140904 2 9 8 2 6 6
20140904 3 7 9 5 5 6
20140904 4 3 5 1 3 4
20140904 5 3 1 6 0 0
20140904 6 2 7 9 2 5
20140904 7 3 9 4 3 6
20140904 8 5 9 1 4 6
20140904 9 4 1 2 0 0
20140904 10 2 3 6 2 3
20140904 11 9 3 5 6 3
20140904 12 2 9 1 2 6
20141011 1 9 1 2 6 1
20141011 2 2 1 9 2 1
20141011 3 3 2 9 3 2
20141011 4 5 1 7 4 1
20141011 5 7 1 5 5 1
20141011 6 3 9 6 3 6
20141011 7 5 2 3 4 2
20141011 8 5 3 2 4 3
20141011 9 7 3 2 5 3
20141011 10 4 1 9 4 1
20141011 11 7 4 9 5 4
20141012 1 5 1 2 4 1
20141012 2 8 2 7 6 2
20141012 3 2 7 5 2 5
20141012 4 7 2 3 5 2
20141012 5 8 5 3 6 4
20141012 6 7 5 3 5 4
20141012 7 2 7 9 2 5
20141012 8 5 2 3 4 2
20141012 9 2 3 7 2 3
20141012 10 3 9 5 3 6
20141012 11 5 2 7 4 2
20141013 1 7 3 4 5 3
20141013 2 2 7 9 2 5
20141013 3 8 4 5 6 4
20141013 4 5 3 4 4 3
20141013 5 5 1 3 4 1
20141013 6 3 7 1 3 5
20141013 7 5 4 6 4 4
20141013 8 3 9 1 3 6
20141013 9 9 1 3 6 1
20141013 10 5 9 1 4 6
20141013 11 2 9 7 2 6
20141023 1 5 2 1 0 0
20141023 2 2 4 7 0 0
20141023 3 3 4 1 0 0
20141023 4 5 1 2 0 0
20141023 5 2 5 7 0 0
20141023 6 2 5 6 2 4
20141023 7 7 3 6 5 3
20141023 8 5 1 9 4 1
20141023 9 3 9 5 3 6
20141023 10 2 5 7 2 4
20141024 1 4 7 6 0 0
20141024 2 4 2 1 0 0
20141024 3 2 6 5 0 0
20141024 4 2 7 5 0 0
20141024 5 5 3 1 0 0
20141024 6 7 5 3 5 4
20141024 7 2 1 3 2 1
20141024 8 2 9 7 2 6
20141024 9 2 7 8 2 5
20141024 10 3 9 5 3 6
20141025 1 3 1 6 0 0
20141025 2 4 2 1 0 0
20141025 3 3 5 7 0 0
20141025 4 3 4 1 0 0
20141025 5 1 3 9 1 3
20141025 6 1 8 4 1 6
20141025 7 2 7 3 0 0
20141025 8 3 9 4 3 6
20141025 9 7 9 3 5 6
20141025 10 3 9 2 3 6
20141104 1 7 4 5 5 4
20141104 2 8 3 4 6 3
20141104 3 7 9 1 5 6
20141104 4 5 2 7 4 2
20141104 5 1 4 7 1 4
20141104 6 6 3 2 0 0
20141104 7 4 1 7 0 0
20141104 8 1 5 4 1 4
20141104 9 9 1 4 6 1
20141104 10 9 5 2 6 4
20141104 11 7 2 3 5 2
20141104 12 2 4 6 2 4
20141105 1 3 1 5 3 1
20141105 2 2 5 1 2 4
20141105 3 7 3 1 5 3
20141105 4 7 1 3 5 1
20141105 5 7 1 5 5 1
20141105 6 3 2 4 0 0
20141105 7 3 7 6 0 0
20141105 8 9 7 5 6 5
20141105 9 3 5 9 3 4
20141105 10 5 9 8 4 6
20141105 11 1 7 3 1 5
20141105 12 3 7 5 3 5
20141106 1 8 2 4 6 2
20141106 2 2 9 3 2 6
20141106 3 3 6 9 3 5
20141106 4 7 1 3 5 1
20141106 5 1 4 7 0 0
20141106 6 1 4 9 1 4
20141106 7 9 5 6 6 4
20141106 8 9 3 7 6 3
20141106 9 7 1 5 0 0
20141106 10 2 5 8 2 4
20141106 11 1 3 2 1 3
20141106 12 3 5 9 3 4
20141111 1 1 3 7 0 0
20141111 2 6 2 7 0 0
20141111 3 3 1 5 0 0
20141111 4 2 4 5 0 0
20141111 5 5 4 3 0 0
20141111 6 3 7 4 3 5
20141111 7 8 1 3 6 1
20141111 8 1 8 3 1 6
20141111 9 5 1 9 4 1
20141111 10 2 9 1 2 6
20141112 1 1 5 4 0 0
20141112 2 2 4 1 0 0
20141112 3 3 5 1 0 0
20141112 4 2 4 1 0 0
20141112 5 5 4 1 0 0
20141112 6 1 7 6 1 5
20141112 7 9 5 1 6 4
20141112 8 2 7 1 2 5
20141112 9 5 3 7 4 3
20141112 10 1 9 5 1 6
20141113 1 1 4 3 0 0
20141113 2 1 5 2 0 0
20141113 3 2 1 7 0 0
20141113 4 5 4 7 0 0
20141113 5 2 3 1 2 3
20141113 6 7 9 4 5 6
20141113 7 1 2 6 0 0
20141113 8 2 3 8 2 3
20141113 9 5 3 1 4 3
20141113 10 7 3 9 5 3
20141203 1 9 5 2 6 4
20141203 2 2 5 7 2 4
20141203 3 1 9 2 1 6
20141203 4 9 2 3 6 2
20141203 5 1 4 3 1 4
20141203 6 6 3 1 5 3
20141203 7 5 3 8 4 3
20141203 8 2 3 9 2 3
20141203 9 7 5 1 5 4
20141203 10 3 9 6 3 6
20141203 11 2 5 9 2 4
20141204 1 1 8 5 1 6
20141204 2 2 3 1 2 3
20141204 3 2 4 8 2 4
20141204 4 3 8 2 3 6
20141204 5 5 2 7 4 2
20141204 6 3 1 5 3 1
20141204 7 6 7 8 5 5
20141204 8 2 4 8 2 4
20141204 9 2 3 5 2 3
20141204 10 9 3 1 6 3
20141204 11 3 1 9 3 1
20141205 1 1 6 4 1 5
20141205 2 8 3 5 6 3
20141205 3 7 1 9 5 1
20141205 4 3 1 9 3 1
20141205 5 7 1 9 5 1
20141205 6 2 9 8 2 6
20141205 7 5 3 7 4 3
20141205 8 1 8 9 1 6
20141205 9 5 3 6 4 3
20141205 10 2 8 4 2 6
20141205 11 3 6 9 3 5
20141213 1 7 2 4 0 0
20141213 2 7 3 2 0 0
20141213 3 1 3 2 0 0
20141213 4 2 4 1 0 0
20141213 5 5 1 7 0 0
20141213 6 3 1 4 0 0
20141213 7 2 6 5 0 0
20141213 8 6 3 1 5 3
20141213 9 8 3 5 6 3
20141213 10 1 9 4 1 6
20141213 11 2 9 7 2 6
20141213 12 3 7 9 3 5
20141214 1 2 7 4 0 0
20141214 2 4 7 3 0 0
20141214 3 1 4 2 0 0
20141214 4 7 1 2 0 0
20141214 5 5 1 4 0 0
20141214 6 4 3 5 0 0
20141214 7 7 1 6 0 0
20141214 8 6 9 3 5 6
20141214 9 1 2 9 1 2
20141214 10 1 8 3 1 6
20141214 11 5 9 7 4 6
20141214 12 5 1 3 4 1
20141215 1 1 5 7 0 0
20141215 2 4 2 3 0 0
20141215 3 3 2 4 0 0
20141215 4 7 4 3 0 0
20141215 5 6 7 5 0 0
20141215 6 3 4 7 3 4
20141215 7 5 3 9 4 3
20141215 8 4 2 3 0 0
20141215 9 4 7 1 0 0
20141215 10 7 2 9 5 2
20141215 11 2 9 3 2 6
20141215 12 7 1 3 5 1
20150110 1 1 2 3 1 2
20150110 2 1 9 3 1 6
20150110 3 9 3 5 6 3
20150110 4 7 9 2 5 6
20150110 5 2 7 4 2 5
20150110 6 5 8 6 4 6
20150110 7 9 1 5 6 1
20150110 8 7 1 9 5 1
20150110 9 7 8 5 5 6
20150110 10 9 2 7 6 2
20150110 11 2 5 9 2 4
20150111 1 1 7 5 1 5
20150111 2 3 7 2 3 5
20150111 3 1 2 3 1 2
20150111 4 1 5 9 1 4
20150111 5 7 2 1 5 2
20150111 6 2 1 6 2 1
20150111 7 5 9 2 4 6
20150111 8 9 2 3 6 2
20150111 9 9 2 1 6 2
20150111 10 4 2 3 4 2
20150111 11 7 3 2 5 3
20150112 1 5 8 1 4 6
20150112 2 9 2 7 6 2
20150112 3 7 1 9 5 1
20150112 4 1 9 2 1 6
20150112 5 3 9 1 3 6
20150112 6 9 7 1 6 5
20150112 7 7 1 8 5 1
20150112 8 5 7 6 4 5
20150112 9 8 5 7 6 4
20150112 10 2 7 4 2 5
20150112 11 5 8 1 4 6
20150115 1 1 3 5 0 0
20150115 2 4 2 3 0 0
20150115 3 4 2 3 0 0
20150115 4 2 1 7 0 0
20150115 5 5 1 4 0 0
20150115 6 9 2 5 6 2
20150115 7 2 6 7 2 5
20150115 8 5 1 7 4 1
20150115 9 1 3 9 1 3
20150115 10 3 4 9 3 4
20150116 1 2 3 6 0 0
20150116 2 2 4 7 0 0
20150116 3 3 1 2 0 0
20150116 4 5 7 2 0 0
20150116 5 5 3 2 0 0
20150116 6 3 2 7 3 2
20150116 7 2 9 4 2 6
20150116 8 7 4 8 5 4
20150116 9 3 2 9 3 2
20150116 10 7 3 4 5 3
20150117 1 1 3 6 0 0
20150117 2 2 1 5 0 0
20150117 3 3 1 7 0 0
20150117 4 5 7 3 0 0
20150117 5 9 3 7 6 3
20150117 6 7 3 5 5 3
20150117 7 5 2 4 0 0
20150117 8 5 1 3 4 1
20150117 9 9 5 6 6 4
20150117 10 3 9 6 3 6
20150421 1 3 1 2 0 0
20150421 2 1 7 6 0 0
20150421 3 2 5 6 0 0
20150421 4 4 7 5 0 0
20150421 5 3 6 2 0 0
20150421 6 1 8 3 1 6
20150421 7 7 8 3 5 6
20150421 8 2 6 3 2 5
20150421 9 9 2 5 6 2
20150421 10 3 7 9 3 5
20150422 1 1 6 7 0 0
20150422 2 3 5 2 0 0
20150422 3 4 3 7 0 0
20150422 4 4 1 5 0 0
20150422 5 3 5 1 0 0
20150422 6 3 1 6 3 1
20150422 7 6 9 5 5 6
20150422 8 4 1 3 4 1
20150422 9 7 5 8 5 4
20150422 10 9 6 3 6 5
20150423 1 3 1 4 0 0
20150423 2 5 1 2 0 0
20150423 3 2 5 6 0 0
20150423 4 1 7 3 0 0
20150423 5 1 9 7 1 6
20150423 6 9 6 3 6 5
20150423 7 3 5 6 0 0
20150423 8 2 7 1 2 5
20150423 9 5 3 1 4 3
20150423 10 3 7 1 3 5
20150503 1 1 2 8 1 2
20150503 2 9 5 7 6 4
20150503 3 5 3 7 4 3
20150503 4 9 7 2 6 5
20150503 5 7 9 8 5 6
20150503 6 9 4 3 6 4
20150503 7 7 9 2 5 6
20150503 8 7 3 9 5 3
20150503 9 1 5 2 1 4
20150503 10 3 7 2 3 5
20150503 11 2 5 8 2 4
20150503 12 9 2 1 6 2
20150504 1 5 2 4 4 2
20150504 2 3 9 4 3 6
20150504 3 3 9 5 3 6
20150504 4 2 9 1 2 6
20150504 5 2 1 8 2 1
20150504 6 2 5 3 2 4
20150504 7 9 1 2 6 1
20150504 8 2 9 3 2 6
20150504 9 5 2 7 4 2
20150504 10 9 5 3 6 4
20150504 11 2 7 1 2 5
20150504 12 7 2 9 5 2
20150505 1 1 9 8 1 6
20150505 2 1 8 5 1 6
20150505 3 7 3 2 5 3
20150505 4 5 2 9 4 2
20150505 5 1 5 9 1 4
20150505 6 9 2 1 6 2
20150505 7 6 3 4 5 3
20150505 8 2 3 9 2 3
20150505 9 1 7 8 1 5
20150505 10 6 1 7 5 1
20150505 11 3 5 2 3 4
20150505 12 5 7 4 4 5
20150506 1 3 1 4 3 1
20150506 2 7 2 8 5 2
20150506 3 6 8 4 5 6
20150506 4 4 7 2 4 5
20150506 5 3 7 1 3 5
20150506 6 1 3 7 1 3
20150506 7 1 9 6 1 6
20150506 8 2 7 6 2 5
20150506 9 3 1 5 3 1
20150506 10 4 1 6 4 1
20150506 11 2 9 7 2 6
20150614 1 6 2 3 5 2
20150614 2 2 4 1 2 4
20150614 3 7 5 1 5 4
20150614 4 7 3 1 5 3
20150614 5 9 3 4 6 3
20150614 6 6 7 5 0 0
20150614 7 7 5 6 0 0
20150614 8 3 5 4 3 4
20150614 9 2 4 5 2 4
20150614 10 9 2 4 6 2
20150614 11 9 5 7 6 4
20150614 12 3 7 8 3 5
20150615 1 9 5 4 6 4
20150615 2 9 4 3 6 4
20150615 3 1 3 9 1 3
20150615 4 5 8 4 4 6
20150615 5 5 3 2 4 3
20150615 6 1 4 6 0 0
20150615 7 1 2 3 0 0
20150615 8 1 7 4 1 5
20150615 9 3 7 9 3 5
20150615 10 5 7 1 4 5
20150615 11 6 5 4 5 4
20150615 12 9 2 6 6 2
20150616 1 3 7 1 3 5
20150616 2 1 7 3 1 5
20150616 3 7 8 3 5 6
20150616 4 4 7 6 4 5
20150616 5 1 3 4 0 0
20150616 6 5 1 3 4 1
20150616 7 5 1 3 4 1
20150616 8 8 3 5 6 3
20150616 9 1 3 2 0 0
20150616 10 1 7 3 1 5
20150616 11 1 9 4 1 6
20150616 12 3 1 7 3 1
