20120223 1 5 1 9 4 1
20120223 2 3 2 7 3 2
20120223 3 9 1 5 6 1
20120223 4 8 3 5 6 3
20120223 5 9 3 6 6 3
20120223 6 7 2 3 5 2
20120223 7 2 1 7 2 1
20120223 8 5 7 1 4 5
20120223 9 1 9 5 1 6
20120223 10 4 2 1 4 2
20120223 11 1 7 2 1 5
20120224 1 1 7 5 1 5
20120224 2 7 5 3 5 4
20120224 3 1 3 9 1 3
20120224 4 4 7 3 4 5
20120224 5 5 4 3 4 4
20120224 6 9 4 3 6 4
20120224 7 2 9 4 2 6
20120224 8 1 3 8 1 3
20120224 9 5 7 3 4 5
20120224 10 8 5 3 6 4
20120224 11 5 1 6 4 1
20120225 1 3 1 7 3 1
20120225 2 5 2 8 4 2
20120225 3 5 1 6 4 1
20120225 4 5 3 9 4 3
20120225 5 5 4 2 4 4
20120225 6 1 7 5 1 5
20120225 7 7 2 5 5 2
20120225 8 5 7 3 4 5
20120225 9 5 9 2 4 6
20120225 10 6 3 7 5 3
20120225 11 2 4 1 2 4
20120226 1 9 7 8 6 5
20120226 2 1 2 7 1 2
20120226 3 2 4 5 2 4
20120226 4 2 5 7 2 4
20120226 5 2 5 8 2 4
20120226 6 3 1 2 3 1
20120226 7 7 1 5 5 1
20120226 8 3 7 9 3 5
20120226 9 5 2 3 4 2
20120226 10 3 4 5 3 4
20120226 11 3 1 8 3 1
20120804 1 1 7 4 1 5
20120804 2 1 5 9 1 4
20120804 3 9 2 6 6 2
20120804 4 7 2 4 5 2
20120804 5 1 2 8 1 2
20120804 6 3 9 2 3 6
20120804 7 4 5 3 4 4
20120804 8 1 7 9 1 5
20120804 9 2 7 4 2 5
20120804 10 7 1 5 5 1
20120804 11 1 9 4 1 6
20120805 1 7 8 5 5 6
20120805 2 1 7 3 1 5
20120805 3 9 3 5 6 3
20120805 4 1 2 6 1 2
20120805 5 3 2 6 3 2
20120805 6 5 2 3 4 2
20120805 7 1 7 3 1 5
20120805 8 9 1 5 6 1
20120805 9 7 1 2 5 1
20120805 10 2 3 9 2 3
20120805 11 3 2 5 3 2
20120806 1 9 2 4 6 2
20120806 2 2 6 8 2 5
20120806 3 9 7 1 6 5
20120806 4 1 2 7 1 2
20120806 5 5 1 2 4 1
20120806 6 5 1 2 4 1
20120806 7 1 9 6 1 6
20120806 8 2 6 3 2 5
20120806 9 2 9 7 2 6
20120806 10 2 5 6 2 4
20120806 11 2 9 6 2 6
20120807 1 5 1 9 4 1
20120807 2 2 7 1 2 5
20120807 3 5 3 9 4 3
20120807 4 1 9 2 1 6
20120807 5 8 5 2 6 4
20120807 6 2 9 3 2 6
20120807 7 3 7 9 3 5
20120807 8 9 2 8 6 2
20120807 9 2 6 9 2 5
20120807 10 5 3 8 4 3
20120807 11 3 1 7 3 1
20121001 1 1 5 7 0 0
20121001 2 3 4 2 0 0
20121001 3 2 7 4 0 0
20121001 4 3 5 1 0 0
20121001 5 5 2 4 0 0
20121001 6 8 3 2 6 3
20121001 7 1 7 5 1 5
20121001 8 5 2 7 4 2
20121001 9 2 9 3 2 6
20121001 10 2 3 7 2 3
20121001 11 1 7 5 1 5
20121002 1 1 5 4 0 0
20121002 2 4 1 3 0 0
20121002 3 2 7 1 0 0
20121002 4 6 4 1 0 0
20121002 5 6 1 3 0 0
20121002 6 9 2 5 6 2
20121002 7 4 3 8 4 3
20121002 8 2 5 1 2 4
20121002 9 2 4 3 2 4
20121002 10 1 5 8 1 4
20121002 11 2 1 5 2 1
20121003 1 1 4 5 0 0
20121003 2 7 1 2 0 0
20121003 3 5 1 6 0 0
20121003 4 2 1 7 0 0
20121003 5 1 4 5 1 4
20121003 6 2 5 8 2 4
20121003 7 1 7 3 0 0
20121003 8 7 1 4 5 1
20121003 9 5 8 1 4 6
20121003 10 5 2 1 4 2
20121003 11 9 3 5 6 3
20130311 1 1 5 7 1 4
20130311 2 3 5 9 3 4
20130311 3 7 2 4 5 2
20130311 4 9 3 7 6 3
20130311 5 9 2 4 6 2
20130311 6 7 3 1 5 3
20130311 7 9 3 1 6 3
20130311 8 7 2 5 5 2
20130311 9 8 4 3 6 4
20130311 10 1 5 9 1 4
20130311 11 1 7 9 1 5
20130312 1 3 4 9 3 4
20130312 2 9 3 5 6 3
20130312 3 1 4 3 1 4
20130312 4 2 7 3 2 5
20130312 5 3 8 1 3 6
20130312 6 1 6 4 1 5
20130312 7 1 2 3 1 2
20130312 8 7 3 9 5 3
20130312 9 7 1 3 5 1
20130312 10 1 8 3 1 6
20130312 11 1 2 5 1 2
20130313 1 3 4 2 3 4
20130313 2 2 4 7 2 4
20130313 3 1 7 2 1 5
20130313 4 1 7 4 1 5
20130313 5 2 5 9 2 4
20130313 6 1 3 5 1 3
20130313 7 1 9 2 1 6
20130313 8 2 7 1 2 5
20130313 9 5 2 6 4 2
20130313 10 2 7 8 2 5
20130313 11 7 2 9 5 2
20130408 1 5 1 9 4 1
20130408 2 3 8 5 3 6
20130408 3 3 7 4 3 5
20130408 4 2 7 5 2 5
20130408 5 7 1 2 5 1
20130408 6 3 7 1 3 5
20130408 7 2 9 6 2 6
20130408 8 7 1 9 5 1
20130408 9 9 7 1 6 5
20130408 10 5 2 9 4 2
20130408 11 4 3 2 4 3
20130409 1 3 5 8 3 4
20130409 2 3 5 2 3 4
20130409 3 7 2 5 5 2
20130409 4 3 8 2 3 6
20130409 5 7 3 5 5 3
20130409 6 3 7 1 3 5
20130409 7 3 1 2 3 1
20130409 8 1 7 4 1 5
20130409 9 3 5 2 3 4
20130409 10 1 8 7 1 6
20130409 11 3 4 9 3 4
20130410 1 1 4 6 1 4
20130410 2 9 1 5 6 1
20130410 3 3 9 8 3 6
20130410 4 3 4 9 3 4
20130410 5 3 9 5 3 6
20130410 6 1 6 7 1 5
20130410 7 9 6 1 6 5
20130410 8 1 9 8 1 6
20130410 9 7 3 9 5 3
20130410 10 3 2 5 3 2
20130410 11 2 4 9 2 4
20130423 1 2 5 8 2 4
20130423 2 1 6 9 1 5
20130423 3 5 3 8 4 3
20130423 4 3 9 5 3 6
20130423 5 9 5 1 6 4
20130423 6 6 2 3 5 2
20130423 7 4 2 1 4 2
20130423 8 1 4 9 1 4
20130423 9 7 3 9 5 3
20130423 10 2 8 5 2 6
20130423 11 9 2 7 6 2
20130424 1 7 2 1 5 2
20130424 2 2 9 5 2 6
20130424 3 7 1 5 5 1
20130424 4 7 3 2 5 3
20130424 5 3 2 8 3 2
20130424 6 1 7 3 1 5
20130424 7 2 7 9 2 5
20130424 8 1 4 8 1 4
20130424 9 9 3 5 6 3
20130424 10 2 1 7 2 1
20130424 11 7 1 9 5 1
20130425 1 1 8 7 1 6
20130425 2 7 2 3 5 2
20130425 3 3 7 2 3 5
20130425 4 2 7 3 2 5
20130425 5 5 3 1 4 3
20130425 6 3 7 9 3 5
20130425 7 3 9 5 3 6
20130425 8 9 7 2 6 5
20130425 9 1 5 2 1 4
20130425 10 7 4 3 5 4
20130425 11 1 4 9 1 4
20130511 1 5 1 2 0 0
20130511 2 4 3 7 0 0
20130511 3 2 5 7 0 0
20130511 4 1 3 4 0 0
20130511 5 4 3 5 0 0
20130511 6 7 1 3 5 1
20130511 7 7 4 1 5 4
20130511 8 1 7 4 1 5
20130511 9 9 1 3 6 1
20130511 10 3 9 7 3 6
20130512 1 1 5 3 0 0
20130512 2 7 3 5 0 0
20130512 3 3 5 1 0 0
20130512 4 4 1 3 0 0
20130512 5 7 2 5 0 0
20130512 6 2 9 5 2 6
20130512 7 3 7 8 3 5
20130512 8 2 8 6 2 6
20130512 9 4 1 9 4 1
20130512 10 1 3 2 1 3
20130513 1 5 2 7 0 0
20130513 2 3 7 2 0 0
20130513 3 3 4 2 0 0
20130513 4 3 5 7 0 0
20130513 5 2 3 7 2 3
20130513 6 9 1 2 6 1
20130513 7 2 3 7 0 0
20130513 8 2 9 4 2 6
20130513 9 5 2 9 4 2
20130513 10 1 7 4 1 5
20130519 1 1 5 6 0 0
20130519 2 7 4 3 0 0
20130519 3 2 3 7 0 0
20130519 4 5 3 7 0 0
20130519 5 1 4 7 0 0
20130519 6 7 1 5 5 1
20130519 7 2 8 1 2 6
20130519 8 3 4 2 3 4
20130519 9 5 1 4 4 1
20130519 10 3 1 4 3 1
20130520 1 2 4 1 0 0
20130520 2 7 2 4 0 0
20130520 3 2 6 3 0 0
20130520 4 7 3 2 0 0
20130520 5 5 3 7 0 0
20130520 6 3 1 9 3 1
20130520 7 9 2 1 6 2
20130520 8 2 3 7 2 3
20130520 9 2 7 1 2 5
20130520 10 7 5 2 5 4
20130521 1 7 5 2 0 0
20130521 2 2 4 7 0 0
20130521 3 1 5 3 0 0
20130521 4 2 1 3 0 0
20130521 5 2 9 3 2 6
20130521 6 3 9 5 3 6
20130521 7 4 6 2 0 0
20130521 8 2 5 7 2 4
20130521 9 9 1 6 6 1
20130521 10 3 2 5 3 2
20130606 1 1 5 4 1 4
20130606 2 7 2 5 5 2
20130606 3 4 7 8 4 5
20130606 4 3 9 7 3 6
20130606 5 2 9 1 2 6
20130606 6 2 5 1 2 4
20130606 7 4 1 9 4 1
20130606 8 2 1 4 2 1
20130606 9 6 1 5 5 1
20130606 10 9 3 1 6 3
20130606 11 5 4 9 4 4
20130607 1 4 3 7 4 3
20130607 2 3 2 5 3 2
20130607 3 1 7 4 1 6
20130607 4 7 1 4 6 1
20130607 5 5 4 8 4 4
20130607 6 3 9 2 3 6
20130607 7 5 3 6 4 3
20130607 8 1 2 5 1 2
20130607 9 9 2 5 6 2
20130607 10 1 7 5 1 5
20130607 11 3 5 8 3 4
20130608 1 3 1 5 3 1
20130608 2 1 3 5 1 3
20130608 3 2 5 4 2 5
20130608 4 3 9 1 3 6
20130608 5 9 1 7 6 1
20130608 6 1 4 2 1 4
20130608 7 3 5 9 3 4
20130608 8 1 7 8 1 5
20130608 9 2 9 7 2 6
20130608 10 1 8 7 1 6
20130608 11 1 9 2 1 6
20130609 1 5 6 1 5 6
20130609 2 5 4 2 5 4
20130609 3 5 4 3 5 4
20130609 4 2 7 3 2 5
20130609 5 5 2 7 4 2
20130609 6 4 2 3 4 2
20130609 7 1 3 7 1 3
20130609 8 3 9 5 3 6
20130609 9 1 8 9 1 6
20130609 10 9 5 1 6 4
20130609 11 5 1 2 4 1
20130621 1 4 1 5 0 0
20130621 2 5 2 6 0 0
20130621 3 4 1 7 0 0
20130621 4 2 3 4 0 0
20130621 5 7 1 4 0 0
20130621 6 2 7 3 2 5
20130621 7 7 3 8 5 3
20130621 8 1 7 2 1 5
20130621 9 1 7 2 1 5
20130621 10 4 3 9 4 3
20130622 1 5 4 1 0 0
20130622 2 7 2 1 0 0
20130622 3 1 7 2 0 0
20130622 4 7 2 3 0 0
20130622 5 1 5 3 0 0
20130622 6 4 2 7 4 2
20130622 7 5 9 1 4 6
20130622 8 7 3 4 5 3
20130622 9 3 1 9 3 1
20130622 10 7 5 8 5 4
20130623 1 1 5 7 0 0
20130623 2 1 3 6 0 0
20130623 3 5 1 7 0 0
20130623 4 5 7 2 0 0
20130623 5 5 7 2 4 5
20130623 6 1 3 5 1 3
20130623 7 1 3 4 0 0
20130623 8 7 3 8 5 3
20130623 9 5 9 7 4 6
20130623 10 3 9 2 3 6
20130706 1 3 7 2 0 0
20130706 2 2 4 6 0 0
20130706 3 7 3 6 0 0
20130706 4 7 2 4 0 0
20130706 5 4 2 5 0 0
20130706 6 7 2 3 5 2
20130706 7 1 6 5 1 5
20130706 8 1 7 5 1 5
20130706 9 3 7 9 3 5
20130706 10 3 7 5 3 5
20130707 1 1 3 7 0 0
20130707 2 1 5 2 0 0
20130707 3 4 7 2 0 0
20130707 4 2 5 6 0 0
20130707 5 2 4 3 0 0
20130707 6 7 3 4 5 3
20130707 7 7 2 4 5 2
20130707 8 5 8 3 4 6
20130707 9 9 1 3 6 1
20130707 10 2 9 1 2 6
20130708 1 1 5 7 0 0
20130708 2 7 1 4 0 0
20130708 3 1 7 5 0 0
20130708 4 5 1 3 0 0
20130708 5 5 3 7 4 3
20130708 6 3 1 2 3 1
20130708 7 1 7 2 0 0
20130708 8 9 4 7 6 4
20130708 9 5 3 7 4 3
20130708 10 2 1 4 2 1
20130716 1 1 5 7 0 0
20130716 2 3 1 5 0 0
20130716 3 4 7 6 0 0
20130716 4 7 5 1 0 0
20130716 5 3 4 1 0 0
20130716 6 7 1 2 5 1
20130716 7 9 3 2 6 3
20130716 8 2 3 9 2 3
20130716 9 5 3 1 4 3
20130716 10 2 9 5 2 6
20130717 1 1 5 7 0 0
20130717 2 7 4 1 0 0
20130717 3 1 4 3 0 0
20130717 4 5 2 4 0 0
20130717 5 2 5 7 0 0
20130717 6 7 2 4 5 2
20130717 7 1 5 9 1 4
20130717 8 9 1 2 6 1
20130717 9 7 2 5 5 2
20130717 10 3 4 7 3 4
20130718 1 5 1 3 0 0
20130718 2 7 3 5 0 0
20130718 3 5 1 2 0 0
20130718 4 5 6 1 0 0
20130718 5 2 7 5 2 5
20130718 6 1 5 9 1 4
20130718 7 7 4 1 0 0
20130718 8 8 5 3 6 4
20130718 9 3 1 5 3 1
20130718 10 2 9 1 2 6
20130824 1 2 7 9 2 5
20130824 2 5 2 6 4 2
20130824 3 3 7 8 3 5
20130824 4 5 4 1 4 4
20130824 5 7 1 2 5 1
20130824 6 8 1 6 6 1
20130824 7 7 4 2 5 4
20130824 8 5 1 3 4 1
20130824 9 2 5 9 2 4
20130824 10 7 1 9 5 1
20130824 11 1 5 2 1 4
20130825 1 1 4 5 1 4
20130825 2 2 5 3 2 4
20130825 3 7 3 2 5 3
20130825 4 5 2 3 4 2
20130825 5 1 2 9 1 2
20130825 6 6 7 1 5 5
20130825 7 7 1 3 5 1
20130825 8 9 1 7 6 1
20130825 9 9 1 5 6 1
20130825 10 3 7 6 3 5
20130825 11 1 5 9 1 4
20130826 1 8 7 5 6 5
20130826 2 7 3 5 5 3
20130826 3 5 3 9 4 3
20130826 4 1 2 3 1 2
20130826 5 7 2 9 5 2
20130826 6 3 4 2 3 4
20130826 7 2 3 4 2 3
20130826 8 9 3 7 6 3
20130826 9 5 2 4 4 2
20130826 10 5 7 9 4 5
20130826 11 1 5 7 1 4
20130827 1 9 3 1 6 3
20130827 2 2 8 4 2 6
20130827 3 1 5 8 1 4
20130827 4 5 3 8 4 3
20130827 5 3 1 9 3 1
20130827 6 5 2 7 4 2
20130827 7 3 5 4 3 4
20130827 8 3 7 8 3 5
20130827 9 5 8 4 4 6
20130827 10 9 4 5 6 4
20130827 11 7 9 2 5 6
20130917 1 2 1 4 2 1
20130917 2 2 5 8 2 4
20130917 3 5 2 7 4 2
20130917 4 9 3 1 6 3
20130917 5 5 3 8 4 3
20130917 6 9 2 8 6 2
20130917 7 3 5 1 3 4
20130917 8 3 1 7 3 1
20130917 9 3 7 5 3 5
20130917 10 1 3 2 1 3
20130917 11 3 1 7 3 1
20130918 1 5 9 2 4 6
20130918 2 1 5 2 1 4
20130918 3 7 1 9 5 1
20130918 4 1 9 4 1 6
20130918 5 3 9 6 3 6
20130918 6 5 9 3 4 6
20130918 7 1 7 2 1 5
20130918 8 2 1 5 2 1
20130918 9 8 3 6 6 3
20130918 10 2 7 5 2 5
20130918 11 1 7 8 1 5
20130919 1 3 4 6 3 4
20130919 2 7 3 2 5 3
20130919 3 5 9 2 4 6
20130919 4 3 4 5 3 4
20130919 5 3 5 7 3 4
20130919 6 8 3 4 6 3
20130919 7 9 2 7 6 2
20130919 8 4 5 8 4 4
20130919 9 5 3 6 4 3
20130919 10 3 5 8 3 4
20130919 11 3 5 9 3 4
20131005 1 1 5 7 1 4
20131005 2 2 5 3 2 4
20131005 3 3 9 7 3 6
20131005 4 7 3 1 5 3
20131005 5 2 7 5 2 5
20131005 6 3 1 7 3 1
20131005 7 9 1 5 6 1
20131005 8 2 1 7 2 1
20131005 9 3 9 4 3 6
20131005 10 2 5 7 2 4
20131006 1 1 4 2 1 4
20131006 2 1 4 5 1 4
20131006 3 5 1 2 4 1
20131006 4 2 3 9 2 3
20131006 5 3 7 4 3 5
20131006 6 7 5 2 5 4
20131006 7 5 3 2 4 3
20131006 8 1 5 2 1 4
20131006 9 5 3 8 4 3
20131006 10 7 4 1 5 4
20131007 1 1 9 3 1 6
20131007 2 2 9 1 2 6
20131007 3 2 3 8 2 3
20131007 4 2 3 1 2 3
20131007 5 7 2 6 5 2
20131007 6 9 7 2 6 5
20131007 7 7 4 2 5 4
20131007 8 2 4 1 2 4
20131007 9 3 9 1 3 6
20131007 10 1 9 2 1 6
20131028 1 9 1 3 6 1
20131028 2 3 9 7 3 6
20131028 3 9 3 7 6 3
20131028 4 2 7 5 2 5
20131028 5 1 2 6 1 2
20131028 6 2 3 7 2 3
20131028 7 4 1 3 4 1
20131028 8 5 2 1 4 2
20131028 9 1 8 5 1 6
20131028 10 8 7 2 6 5
20131028 11 3 5 9 3 4
20131029 1 7 1 8 5 1
20131029 2 1 3 7 1 3
20131029 3 7 6 4 5 5
20131029 4 5 7 3 4 5
20131029 5 7 3 1 5 3
20131029 6 2 9 1 2 6
20131029 7 5 3 6 4 3
20131029 8 2 8 5 2 6
20131029 9 9 1 2 6 1
20131029 10 5 3 7 4 3
20131029 11 2 5 7 2 4
20131030 1 2 7 1 2 5
20131030 2 9 7 6 6 5
20131030 3 3 2 4 3 2
20131030 4 1 2 7 1 2
20131030 5 9 1 2 6 1
20131030 6 1 8 7 1 6
20131030 7 9 5 1 6 4
20131030 8 8 2 4 6 2
20131030 9 9 4 1 6 4
20131030 10 5 1 8 4 1
20131030 11 5 2 7 4 2
20131102 1 1 5 3 0 0
20131102 2 3 4 5 0 0
20131102 3 7 1 2 0 0
20131102 4 2 5 1 0 0
20131102 5 4 7 2 0 0
20131102 6 7 2 4 5 2
20131102 7 4 2 5 4 2
20131102 8 2 3 7 2 3
20131102 9 7 3 9 5 3
20131102 10 4 1 3 4 1
20131103 1 1 6 3 0 0
20131103 2 4 2 5 0 0
20131103 3 2 3 6 0 0
20131103 4 7 4 1 0 0
20131103 5 2 7 1 0 0
20131103 6 7 3 8 5 3
20131103 7 9 1 3 6 1
20131103 8 2 7 3 2 5
20131103 9 3 7 9 3 5
20131103 10 1 7 2 1 5
20131104 1 7 1 5 0 0
20131104 2 7 2 4 0 0
20131104 3 2 4 3 0 0
20131104 4 1 7 4 0 0
20131104 5 7 1 6 5 1
20131104 6 1 5 3 1 4
20131104 7 3 1 2 0 0
20131104 8 6 7 1 5 5
20131104 9 3 5 7 3 4
20131104 10 9 1 2 6 1
20131217 1 1 6 2 0 0
20131217 2 3 5 1 0 0
20131217 3 2 1 5 0 0
20131217 4 3 5 1 0 0
20131217 5 7 2 4 0 0
20131217 6 2 7 3 2 5
20131217 7 1 9 5 1 6
20131217 8 3 7 4 3 5
20131217 9 7 2 1 5 2
20131217 10 2 1 4 2 1
20131218 1 3 1 6 0 0
20131218 2 4 2 5 0 0
20131218 3 4 6 3 0 0
20131218 4 5 4 2 0 0
20131218 5 1 7 5 0 0
20131218 6 3 7 8 3 5
20131218 7 3 7 5 3 5
20131218 8 3 5 1 3 4
20131218 9 2 9 7 2 6
20131218 10 2 9 1 2 6
20131219 1 3 4 2 0 0
20131219 2 7 1 3 0 0
20131219 3 2 6 1 0 0
20131219 4 2 4 5 0 0
20131219 5 7 5 9 5 4
20131219 6 1 8 5 1 6
20131219 7 1 4 2 0 0
20131219 8 9 2 5 6 2
20131219 9 7 1 2 5 1
20131219 10 6 8 7 5 6
20140101 1 1 5 2 0 0
20140101 2 3 4 2 0 0
20140101 3 2 3 5 0 0
20140101 4 4 2 1 0 0
20140101 5 1 2 3 0 0
20140101 6 9 4 8 6 4
20140101 7 6 1 2 5 1
20140101 8 9 3 5 6 3
20140101 9 6 9 5 5 6
20140101 10 3 2 4 3 2
20140102 1 5 1 3 0 0
20140102 2 1 4 7 0 0
20140102 3 3 1 5 0 0
20140102 4 7 5 1 0 0
20140102 5 2 1 5 0 0
20140102 6 4 2 7 4 2
20140102 7 7 2 8 5 2
20140102 8 8 2 5 6 2
20140102 9 6 5 3 5 4
20140102 10 9 2 1 6 2
20140103 1 1 3 2 0 0
20140103 2 3 4 2 0 0
20140103 3 7 4 3 0 0
20140103 4 7 4 5 0 0
20140103 5 2 4 7 2 4
20140103 6 2 7 8 2 5
20140103 7 1 5 4 0 0
20140103 8 6 7 4 5 5
20140103 9 4 2 1 4 2
20140103 10 1 3 2 1 3
20140204 1 2 8 1 2 6
20140204 2 7 4 2 5 4
20140204 3 5 7 6 4 5
20140204 4 1 7 5 1 5
20140204 5 9 1 3 6 1
20140204 6 6 3 9 5 3
20140204 7 8 3 9 6 3
20140204 8 4 9 3 4 6
20140204 9 2 4 7 2 4
20140204 10 2 6 9 2 5
20140204 11 6 3 9 5 3
20140205 1 1 3 5 1 3
20140205 2 2 6 3 2 5
20140205 3 7 1 9 5 1
20140205 4 2 3 9 2 3
20140205 5 7 5 3 5 4
20140205 6 5 3 9 4 3
20140205 7 9 2 5 6 2
20140205 8 1 5 9 1 4
20140205 9 3 4 7 3 4
20140205 10 4 2 7 4 2
20140205 11 1 5 9 1 4
20140206 1 1 4 5 1 4
20140206 2 1 8 5 1 6
20140206 3 1 7 2 1 5
20140206 4 7 3 8 5 3
20140206 5 3 6 4 3 5
20140206 6 7 2 5 5 2
20140206 7 6 9 7 5 6
20140206 8 7 2 1 5 2
20140206 9 9 3 8 6 3
20140206 10 9 1 4 6 1
20140206 11 1 4 2 1 4
20140215 1 5 1 4 4 1
20140215 2 5 3 9 4 3
20140215 3 9 7 3 6 5
20140215 4 6 1 7 5 1
20140215 5 7 1 5 5 1
20140215 6 3 5 7 3 4
20140215 7 3 5 4 3 4
20140215 8 7 2 9 5 2
20140215 9 1 3 6 1 3
20140215 10 5 6 2 4 5
20140215 11 4 9 5 4 6
20140216 1 1 5 8 1 4
20140216 2 7 2 1 5 2
20140216 3 3 9 5 3 6
20140216 4 1 7 9 1 5
20140216 5 1 5 8 1 4
20140216 6 7 2 1 5 2
20140216 7 2 7 5 2 5
20140216 8 7 1 3 5 1
20140216 9 5 2 1 4 2
20140216 10 3 2 7 3 2
20140216 11 3 7 4 3 5
20140217 1 5 1 9 4 1
20140217 2 2 4 1 2 4
20140217 3 1 8 7 1 6
20140217 4 9 2 4 6 2
20140217 5 1 5 2 1 4
20140217 6 2 3 6 2 3
20140217 7 2 5 3 2 4
20140217 8 5 9 8 4 6
20140217 9 8 4 2 6 4
20140217 10 5 3 8 4 3
20140217 11 7 2 8 5 2
20140306 1 1 5 7 0 0
20140306 2 3 1 4 0 0
20140306 3 7 4 3 0 0
20140306 4 5 1 4 0 0
20140306 5 2 4 3 0 0
20140306 6 1 5 2 1 4
20140306 7 7 2 8 5 2
20140306 8 1 9 5 1 6
20140306 9 5 3 8 4 3
20140306 10 3 1 5 3 1
20140307 1 1 2 7 0 0
20140307 2 1 4 6 0 0
20140307 3 4 7 3 0 0
20140307 4 5 4 3 0 0
20140307 5 5 3 4 0 0
20140307 6 9 3 2 6 3
20140307 7 2 9 8 2 6
20140307 8 7 2 6 5 2
20140307 9 1 9 7 1 6
20140307 10 1 3 7 1 3
20140308 1 1 5 4 0 0
20140308 2 1 7 4 0 0
20140308 3 3 7 2 0 0
20140308 4 3 7 5 0 0
20140308 5 2 9 7 2 6
20140308 6 5 3 7 4 3
20140308 7 1 7 5 0 0
20140308 8 7 3 1 5 3
20140308 9 7 2 4 5 2
20140308 10 2 3 7 2 3
20140409 1 5 1 7 4 1
20140409 2 3 5 2 3 4
20140409 3 4 3 2 4 3
20140409 4 5 4 1 4 4
20140409 5 1 9 7 1 6
20140409 6 2 4 9 2 4
20140409 7 3 6 7 3 5
20140409 8 7 5 2 5 4
20140409 9 9 1 7 6 1
20140409 10 3 7 1 3 5
20140409 11 2 7 8 2 5
20140410 1 3 7 2 3 5
20140410 2 5 9 7 4 6
20140410 3 7 3 5 5 3
20140410 4 3 7 2 3 5
20140410 5 2 7 8 2 5
20140410 6 3 9 4 3 6
20140410 7 3 1 2 3 1
20140410 8 7 1 9 5 1
20140410 9 3 2 7 3 2
20140410 10 5 7 3 4 5
20140410 11 7 2 4 5 2
20140411 1 9 7 3 6 5
20140411 2 2 9 5 2 6
20140411 3 2 6 9 2 5
20140411 4 7 5 1 5 4
20140411 5 5 8 3 4 6
20140411 6 2 5 3 2 4
20140411 7 3 1 7 3 1
20140411 8 9 2 1 6 2
20140411 9 9 5 2 6 4
20140411 10 7 5 9 5 4
20140411 11 3 6 5 3 5
20140512 1 1 5 7 0 0
20140512 2 2 7 1 0 0
20140512 3 7 1 4 0 0
20140512 4 5 1 2 0 0
20140512 5 5 2 4 0 0
20140512 6 2 9 5 2 6
20140512 7 5 2 6 4 2
20140512 8 9 1 8 6 1
20140512 9 5 6 2 4 5
20140512 10 1 9 6 1 6
20140513 1 5 2 7 0 0
20140513 2 7 5 3 0 0
20140513 3 2 1 4 0 0
20140513 4 7 3 4 0 0
20140513 5 2 1 5 0 0
20140513 6 3 5 9 3 4
20140513 7 5 2 7 4 2
20140513 8 7 3 5 5 3
20140513 9 1 9 7 1 6
20140513 10 7 2 6 5 2
20140514 1 1 7 5 0 0
20140514 2 4 2 1 0 0
20140514 3 2 6 7 0 0
20140514 4 5 7 4 0 0
20140514 5 7 2 5 5 2
20140514 6 9 3 2 6 3
20140514 7 1 3 2 0 0
20140514 8 5 7 3 4 5
20140514 9 1 7 9 1 5
20140514 10 4 9 2 4 6
20140617 1 7 1 4 0 0
20140617 2 4 5 1 0 0
20140617 3 4 5 7 0 0
20140617 4 2 4 5 0 0
20140617 5 7 2 5 0 0
20140617 6 3 9 7 3 6
20140617 7 8 3 7 6 3
20140617 8 5 1 9 4 1
20140617 9 7 9 2 5 6
20140617 10 2 3 4 2 3
20140618 1 1 5 2 0 0
20140618 2 2 3 4 0 0
20140618 3 2 7 4 0 0
20140618 4 5 2 3 0 0
20140618 5 4 3 1 0 0
20140618 6 1 7 9 1 5
20140618 7 1 9 3 1 6
20140618 8 5 7 3 4 5
20140618 9 2 5 6 2 4
20140618 10 1 9 2 1 6
20140619 1 5 7 3 0 0
20140619 2 7 5 3 0 0
20140619 3 6 4 3 0 0
20140619 4 6 5 2 0 0
20140619 5 9 6 8 6 5
20140619 6 7 3 5 5 3
20140619 7 1 7 4 0 0
20140619 8 1 7 2 1 5
20140619 9 1 7 9 1 5
20140619 10 7 1 5 5 1
20140704 1 2 1 7 0 0
20140704 2 3 7 6 0 0
20140704 3 5 4 1 0 0
20140704 4 7 2 5 0 0
20140704 5 4 7 1 0 0
20140704 6 9 3 8 6 3
20140704 7 1 5 2 1 4
20140704 8 9 4 3 6 4
20140704 9 7 1 8 5 1
20140704 10 8 6 1 6 5
20140705 1 2 6 1 0 0
20140705 2 3 7 1 0 0
20140705 3 5 6 3 0 0
20140705 4 1 3 4 0 0
20140705 5 5 1 4 0 0
20140705 6 5 3 6 4 3
20140705 7 9 3 5 6 3
20140705 8 9 2 7 6 2
20140705 9 7 1 5 5 1
20140705 10 1 5 4 1 4
20140706 1 7 3 6 0 0
20140706 2 5 6 3 0 0
20140706 3 3 7 4 0 0
20140706 4 3 5 2 0 0
20140706 5 9 3 4 6 3
20140706 6 3 9 5 3 6
20140706 7 3 1 7 0 0
20140706 8 2 9 5 2 6
20140706 9 5 9 1 4 6
20140706 10 1 5 3 1 4
20140715 1 1 5 8 1 4
20140715 2 1 8 3 1 6
20140715 3 1 9 6 1 6
20140715 4 1 5 3 1 4
20140715 5 7 2 6 5 2
20140715 6 5 1 6 4 1
20140715 7 3 2 9 3 2
20140715 8 7 6 3 5 5
20140715 9 5 7 2 4 5
20140715 10 3 7 5 3 5
20140715 11 2 7 5 2 5
20140716 1 9 7 5 6 5
20140716 2 9 2 4 6 2
20140716 3 9 3 8 6 3
20140716 4 5 1 9 4 1
20140716 5 7 9 1 5 6
20140716 6 9 1 5 6 1
20140716 7 1 9 5 1 6
20140716 8 3 1 6 3 1
20140716 9 1 6 5 1 5
20140716 10 7 9 1 5 6
20140716 11 5 1 6 4 1
20140717 1 1 5 2 1 4
20140717 2 9 4 2 6 4
20140717 3 2 7 9 2 5
20140717 4 5 1 7 4 1
20140717 5 9 1 3 6 1
20140717 6 7 1 5 5 1
20140717 7 5 7 4 4 5
20140717 8 9 3 7 6 3
20140717 9 1 9 7 1 6
20140717 10 2 9 3 2 6
20140717 11 5 7 3 4 5
20140814 1 1 7 5 1 5
20140814 2 7 1 9 5 1
20140814 3 1 8 7 1 6
20140814 4 5 2 7 4 2
20140814 5 5 4 2 4 4
20140814 6 2 7 1 2 5
20140814 7 2 5 7 2 4
20140814 8 3 7 6 3 5
20140814 9 1 9 3 1 6
20140814 10 7 3 1 5 3
20140814 11 5 4 9 4 4
20140814 12 9 1 7 6 1
20140815 1 3 4 2 3 4
20140815 2 2 5 4 2 4
20140815 3 3 7 2 3 5
20140815 4 7 4 2 5 4
20140815 5 2 7 5 2 5
20140815 6 7 2 5 5 2
20140815 7 7 4 1 5 4
20140815 8 3 7 5 3 5
20140815 9 5 7 4 4 5
20140815 10 9 7 5 6 5
20140815 11 2 7 5 2 5
20140815 12 3 7 2 3 5
20140816 1 1 5 6 1 5
20140816 2 1 6 4 1 6
20140816 3 1 7 4 1 6
20140816 4 3 4 8 3 4
20140816 5 3 5 1 3 4
20140816 6 3 7 5 3 5
20140816 7 7 9 1 5 6
20140816 8 9 2 1 6 2
20140816 9 5 2 3 4 2
20140816 10 5 3 4 4 3
20140816 11 2 1 4 2 1
20140816 12 7 2 9 5 2
20140817 1 9 6 8 6 5
20140817 2 9 1 5 6 1
20140817 3 7 3 9 5 3
20140817 4 3 7 2 3 5
20140817 5 7 5 2 5 4
20140817 6 9 2 1 6 2
20140817 7 1 5 8 1 4
20140817 8 7 2 8 5 2
20140817 9 8 3 2 6 3
20140817 10 9 8 2 6 6
20140817 11 1 3 7 1 3
20140917 1 9 2 5 6 2
20140917 2 2 4 8 2 4
20140917 3 2 7 8 2 5
20140917 4 7 8 3 5 6
20140917 5 8 1 7 6 1
20140917 6 4 3 9 4 3
20140917 7 1 7 3 1 5
20140917 8 2 9 7 2 6
20140917 9 2 9 4 2 6
20140917 10 7 3 9 5 3
20140917 11 7 5 4 5 4
20140918 1 1 5 3 1 4
20140918 2 7 2 5 5 2
20140918 3 9 4 7 6 4
20140918 4 5 2 7 4 2
20140918 5 9 1 4 6 1
20140918 6 2 3 1 2 3
20140918 7 7 2 3 6 2
20140918 8 5 7 2 4 5
20140918 9 2 5 1 2 4
20140918 10 3 5 4 3 4
20140918 11 9 8 4 6 6
20140919 1 5 2 7 4 2
20140919 2 3 9 6 3 6
20140919 3 7 2 4 5 2
20140919 4 2 9 6 2 6
20140919 5 3 4 7 3 4
20140919 6 5 7 4 5 6
20140919 7 1 2 5 1 2
20140919 8 1 5 4 1 4
20140919 9 3 9 1 3 6
20140919 10 1 7 2 1 5
20140919 11 4 3 6 4 3
20140926 1 1 5 6 0 0
20140926 2 3 4 1 0 0
20140926 3 4 2 6 0 0
20140926 4 5 4 1 0 0
20140926 5 7 2 3 0 0
20140926 6 1 3 4 1 3
20140926 7 6 1 4 5 1
20140926 8 7 2 1 5 2
20140926 9 5 2 6 4 2
20140926 10 9 7 2 6 5
20140927 1 5 7 4 0 0
20140927 2 1 3 7 0 0
20140927 3 7 2 5 0 0
20140927 4 3 7 5 0 0
20140927 5 4 3 5 0 0
20140927 6 1 4 7 1 4
20140927 7 3 5 6 3 4
20140927 8 9 7 3 6 5
20140927 9 2 7 9 2 5
20140927 10 1 6 5 1 5
20140928 1 5 1 2 0 0
20140928 2 3 4 7 0 0
20140928 3 7 2 5 0 0
20140928 4 4 5 7 0 0
20140928 5 9 4 1 6 4
20140928 6 3 7 1 3 5
20140928 7 1 7 2 0 0
20140928 8 2 7 3 2 5
20140928 9 4 2 9 4 2
20140928 10 9 3 2 6 3
20141015 1 3 1 2 0 0
20141015 2 2 7 4 0 0
20141015 3 7 1 2 0 0
20141015 4 4 7 3 0 0
20141015 5 3 2 5 0 0
20141015 6 9 8 2 6 6
20141015 7 7 8 1 5 6
20141015 8 3 9 7 3 6
20141015 9 1 5 2 1 4
20141015 10 9 2 1 6 2
20141016 1 1 4 5 0 0
20141016 2 7 2 1 0 0
20141016 3 2 7 3 0 0
20141016 4 1 4 3 0 0
20141016 5 5 6 7 0 0
20141016 6 5 2 4 4 2
20141016 7 9 1 3 6 1
20141016 8 7 1 5 5 1
20141016 9 1 9 3 1 6
20141016 10 4 5 7 4 4
20141017 1 2 5 3 0 0
20141017 2 2 4 5 0 0
20141017 3 5 7 1 0 0
20141017 4 4 3 1 0 0
20141017 5 2 9 7 2 6
20141017 6 8 5 2 6 4
20141017 7 2 7 3 0 0
20141017 8 3 2 9 3 2
20141017 9 9 7 2 6 5
20141017 10 8 9 5 6 6
20141029 1 7 2 1 0 0
20141029 2 7 4 1 0 0
20141029 3 5 3 1 0 0
20141029 4 4 2 1 0 0
20141029 5 5 4 3 0 0
20141029 6 2 4 9 2 4
20141029 7 7 3 5 5 3
20141029 8 7 2 5 5 2
20141029 9 7 3 1 5 3
20141029 10 3 5 1 3 4
20141030 1 5 1 3 0 0
20141030 2 4 7 2 0 0
20141030 3 3 5 6 0 0
20141030 4 4 2 3 0 0
20141030 5 7 3 2 0 0
20141030 6 7 3 2 5 3
20141030 7 9 3 2 6 3
20141030 8 1 9 7 1 6
20141030 9 1 9 3 1 6
20141030 10 1 3 4 1 3
20141031 1 1 3 5 0 0
20141031 2 5 7 1 0 0
20141031 3 7 1 5 0 0
20141031 4 7 2 3 0 0
20141031 5 5 9 3 4 6
20141031 6 2 9 1 2 6
20141031 7 3 4 6 0 0
20141031 8 3 7 5 3 5
20141031 9 2 5 8 2 4
20141031 10 7 2 5 5 2
20141126 1 1 4 5 0 0
20141126 2 2 4 7 0 0
20141126 3 3 2 5 0 0
20141126 4 2 5 1 0 0
20141126 5 5 7 2 0 0
20141126 6 1 2 9 1 2
20141126 7 1 4 5 1 4
20141126 8 5 3 9 4 3
20141126 9 8 3 7 6 3
20141126 10 5 1 8 4 1
20141127 1 3 4 5 0 0
20141127 2 3 7 1 0 0
20141127 3 3 1 2 0 0
20141127 4 2 4 7 0 0
20141127 5 7 5 2 0 0
20141127 6 3 4 1 3 4
20141127 7 7 1 9 5 1
20141127 8 2 4 6 2 4
20141127 9 5 2 9 4 2
20141127 10 9 2 1 6 2
20141128 1 1 2 5 0 0
20141128 2 1 7 4 0 0
20141128 3 2 7 5 0 0
20141128 4 7 2 3 0 0
20141128 5 9 2 3 6 2
20141128 6 3 8 9 3 6
20141128 7 2 5 7 0 0
20141128 8 3 8 2 3 6
20141128 9 1 3 8 1 3
20141128 10 8 1 2 6 1
20141217 1 5 1 9 4 1
20141217 2 3 7 5 3 5
20141217 3 2 9 1 2 6
20141217 4 4 8 6 4 6
20141217 5 7 3 5 5 3
20141217 6 2 7 8 2 5
20141217 7 5 8 2 4 6
20141217 8 5 1 2 4 1
20141217 9 1 7 2 1 5
20141217 10 1 5 7 1 4
20141217 11 3 5 7 3 4
20141218 1 5 7 1 4 5
20141218 2 9 1 2 6 1
20141218 3 3 8 7 3 6
20141218 4 3 9 2 3 6
20141218 5 3 1 6 3 1
20141218 6 7 5 1 5 4
20141218 7 2 4 3 2 4
20141218 8 3 4 9 3 4
20141218 9 7 1 9 5 1
20141218 10 7 3 2 5 3
20141218 11 9 3 1 6 3
20141219 1 2 8 9 2 6
20141219 2 7 5 4 5 4
20141219 3 2 3 9 2 3
20141219 4 5 4 1 4 4
20141219 5 3 1 4 3 1
20141219 6 3 9 1 3 6
20141219 7 1 2 3 1 2
20141219 8 1 5 3 1 4
20141219 9 9 5 8 6 4
20141219 10 5 7 1 4 5
20141219 11 5 3 2 4 3
20150122 1 1 5 7 0 0
20150122 2 7 3 5 0 0
20150122 3 5 3 4 0 0
20150122 4 6 1 2 0 0
20150122 5 5 1 7 0 0
20150122 6 1 2 5 1 2
20150122 7 5 8 3 4 6
20150122 8 2 4 7 2 4
20150122 9 8 3 5 6 3
20150122 10 8 5 2 6 4
20150123 1 1 5 7 0 0
20150123 2 3 6 2 0 0
20150123 3 3 7 5 0 0
20150123 4 6 1 7 0 0
20150123 5 3 5 1 0 0
20150123 6 6 7 5 5 5
20150123 7 2 6 1 2 5
20150123 8 7 2 9 5 2
20150123 9 9 5 7 6 4
20150123 10 3 4 9 3 4
20150124 1 1 5 4 0 0
20150124 2 2 1 5 0 0
20150124 3 7 2 1 0 0
20150124 4 4 2 6 0 0
20150124 5 3 5 7 3 4
20150124 6 2 7 5 2 5
20150124 7 6 4 7 0 0
20150124 8 4 1 6 4 1
20150124 9 3 9 4 3 6
20150124 10 5 2 9 4 2
20150130 1 2 1 5 0 0
20150130 2 7 4 1 0 0
20150130 3 2 1 3 0 0
20150130 4 7 3 4 0 0
20150130 5 4 6 3 0 0
20150130 6 3 9 2 3 6
20150130 7 2 5 1 2 4
20150130 8 9 5 1 6 4
20150130 9 1 8 7 1 6
20150130 10 3 7 5 3 5
20150131 1 5 1 4 0 0
20150131 2 2 7 5 0 0
20150131 3 1 3 7 0 0
20150131 4 1 2 5 0 0
20150131 5 7 5 4 0 0
20150131 6 9 8 2 6 6
20150131 7 7 5 6 5 4
20150131 8 3 8 1 3 6
20150131 9 6 1 2 5 1
20150131 10 1 7 6 1 5
20150201 1 1 5 2 0 0
20150201 2 2 7 5 0 0
20150201 3 4 7 1 0 0
20150201 4 3 5 7 0 0
20150201 5 4 1 3 4 1
20150201 6 9 6 2 6 5
20150201 7 1 4 2 0 0
20150201 8 2 9 6 2 6
20150201 9 7 1 4 5 1
20150201 10 4 2 9 4 2
20150205 1 5 9 1 4 6
20150205 2 2 9 4 2 6
20150205 3 7 1 2 5 1
20150205 4 1 7 6 1 5
20150205 5 5 1 7 4 1
20150205 6 6 2 4 5 2
20150205 7 2 7 4 2 5
20150205 8 9 5 7 6 4
20150205 9 5 2 1 4 2
20150205 10 7 1 5 5 1
20150205 11 2 1 5 2 1
20150206 1 5 3 6 4 3
20150206 2 3 9 1 3 6
20150206 3 5 3 1 4 3
20150206 4 2 1 5 2 1
20150206 5 5 7 1 4 5
20150206 6 9 7 4 6 5
20150206 7 1 5 2 1 4
20150206 8 3 6 5 3 5
20150206 9 9 1 6 6 1
20150206 10 2 9 1 2 6
20150206 11 4 3 6 4 3
20150207 1 3 2 4 3 2
20150207 2 9 2 5 6 2
20150207 3 5 3 7 4 3
20150207 4 7 2 4 5 2
20150207 5 1 9 7 1 6
20150207 6 5 9 1 4 6
20150207 7 7 3 9 5 3
20150207 8 2 3 9 2 3
20150207 9 5 1 9 4 1
20150207 10 2 9 8 2 6
20150207 11 7 9 2 5 6
20150220 1 3 2 7 0 0
20150220 2 5 3 1 0 0
20150220 3 1 3 7 0 0
20150220 4 3 2 5 0 0
20150220 5 4 1 6 0 0
20150220 6 4 2 7 4 2
20150220 7 6 5 9 5 4
20150220 8 7 3 2 5 3
20150220 9 5 1 2 4 1
20150220 10 9 3 4 6 3
20150221 1 5 1 3 0 0
20150221 2 2 3 7 0 0
20150221 3 7 2 4 0 0
20150221 4 4 5 3 0 0
20150221 5 1 5 4 0 0
20150221 6 1 3 9 1 3
20150221 7 5 7 1 4 5
20150221 8 5 8 2 4 6
20150221 9 3 9 4 3 6
20150221 10 3 5 9 3 4
20150222 1 1 5 4 0 0
20150222 2 4 2 7 0 0
20150222 3 3 4 1 0 0
20150222 4 2 7 5 0 0
20150222 5 3 2 9 3 2
20150222 6 7 1 9 5 1
20150222 7 7 4 1 0 0
20150222 8 9 7 4 6 5
20150222 9 9 4 6 6 4
20150222 10 3 8 2 3 6
20150304 1 9 4 2 6 4
20150304 2 1 2 5 1 2
20150304 3 3 1 4 3 1
20150304 4 3 7 8 3 5
20150304 5 2 5 1 2 4
20150304 6 7 8 5 5 6
20150304 7 3 1 9 3 1
20150304 8 2 1 7 2 1
20150304 9 7 1 9 5 1
20150304 10 9 1 3 6 1
20150304 11 6 3 8 5 3
20150305 1 5 1 9 4 1
20150305 2 1 9 7 1 6
20150305 3 5 7 9 4 5
20150305 4 7 2 5 5 2
20150305 5 7 3 4 5 3
20150305 6 1 9 7 1 6
20150305 7 2 5 7 2 4
20150305 8 9 3 6 6 3
20150305 9 3 9 1 3 6
20150305 10 9 3 4 6 3
20150305 11 1 5 2 1 4
20150306 1 7 6 2 5 5
20150306 2 2 5 9 2 4
20150306 3 4 6 2 4 5
20150306 4 1 9 3 1 6
20150306 5 7 2 8 5 2
20150306 6 3 5 2 3 4
20150306 7 9 3 1 6 3
20150306 8 7 1 5 5 1
20150306 9 2 3 9 2 3
20150306 10 2 1 7 2 1
20150306 11 6 5 1 5 4
20150429 1 5 2 1 4 2
20150429 2 1 3 9 1 3
20150429 3 9 2 3 6 2
20150429 4 7 3 4 5 3
20150429 5 2 1 3 2 1
20150429 6 7 5 4 5 4
20150429 7 5 3 4 4 3
20150429 8 5 9 2 4 6
20150429 9 3 2 1 3 2
20150429 10 1 7 4 1 5
20150429 11 1 4 6 1 4
20150430 1 4 2 7 4 2
20150430 2 9 7 2 6 5
20150430 3 8 2 9 6 2
20150430 4 1 2 5 1 2
20150430 5 7 1 4 5 1
20150430 6 7 9 2 5 6
20150430 7 3 1 9 3 1
20150430 8 2 9 5 2 6
20150430 9 9 1 7 6 1
20150430 10 3 7 2 3 5
20150430 11 2 1 4 2 1
20150501 1 9 8 4 6 6
20150501 2 5 7 1 4 5
20150501 3 2 1 7 2 1
20150501 4 3 8 1 3 6
20150501 5 5 8 1 4 6
20150501 6 5 1 7 4 1
20150501 7 1 5 9 1 4
20150501 8 5 4 8 4 4
20150501 9 9 7 5 6 5
20150501 10 5 1 7 4 1
20150501 11 1 3 7 1 3
20150509 1 1 7 5 0 0
20150509 2 4 3 2 0 0
20150509 3 7 2 5 0 0
20150509 4 1 3 4 0 0
20150509 5 5 1 7 0 0
20150509 6 2 5 7 2 4
20150509 7 8 1 7 6 1
20150509 8 5 9 1 4 6
20150509 9 2 1 5 2 1
20150509 10 1 7 5 1 5
20150510 1 1 7 5 0 0
20150510 2 5 2 7 0 0
20150510 3 6 7 4 0 0
20150510 4 3 7 4 0 0
20150510 5 2 4 5 0 0
20150510 6 9 8 6 6 6
20150510 7 1 3 7 1 3
20150510 8 9 1 7 6 1
20150510 9 7 2 9 5 2
20150510 10 5 1 7 4 1
20150511 1 1 2 5 0 0
20150511 2 5 3 7 0 0
20150511 3 2 7 6 0 0
20150511 4 3 7 5 0 0
20150511 5 9 1 5 6 1
20150511 6 3 2 8 3 2
20150511 7 4 3 6 0 0
20150511 8 7 6 3 5 5
20150511 9 3 6 9 3 5
20150511 10 2 9 8 2 6
20150604 1 1 5 4 0 0
20150604 2 3 1 2 0 0
20150604 3 7 4 3 0 0
20150604 4 3 5 1 0 0
20150604 5 5 4 7 0 0
20150604 6 7 8 9 5 6
20150604 7 5 8 9 4 6
20150604 8 5 1 7 4 1
20150604 9 2 7 1 2 5
20150604 10 9 3 7 6 3
20150605 1 3 6 2 0 0
20150605 2 2 4 3 0 0
20150605 3 2 7 1 0 0
20150605 4 5 1 3 0 0
20150605 5 3 1 2 0 0
20150605 6 8 9 3 6 6
20150605 7 3 7 4 3 5
20150605 8 5 2 9 4 2
20150605 9 9 2 5 6 2
20150605 10 9 5 1 6 4
20150606 1 4 2 7 0 0
20150606 2 7 2 4 0 0
20150606 3 3 2 1 0 0
20150606 4 3 7 1 0 0
20150606 5 4 9 8 4 6
20150606 6 8 3 1 6 3
20150606 7 1 6 2 0 0
20150606 8 2 9 3 2 6
20150606 9 3 1 2 3 1
20150606 10 2 7 1 2 5
20150622 1 1 6 2 1 5
20150622 2 7 2 3 5 2
20150622 3 7 1 9 5 1
20150622 4 1 7 2 1 5
20150622 5 2 5 9 2 4
20150622 6 6 1 2 5 1
20150622 7 4 9 2 4 6
20150622 8 3 9 5 3 6
20150622 9 9 6 2 6 5
20150622 10 5 9 3 4 6
20150622 11 2 7 5 2 5
20150623 1 5 9 7 4 6
20150623 2 2 5 6 2 4
20150623 3 1 5 3 1 4
20150623 4 2 8 5 2 6
20150623 5 3 7 5 3 5
20150623 6 1 7 5 1 5
20150623 7 7 8 1 5 6
20150623 8 1 9 5 1 6
20150623 9 5 8 4 4 6
20150623 10 7 2 4 5 2
20150623 11 9 2 3 6 2
20150624 1 1 5 2 1 4
20150624 2 5 7 2 4 5
20150624 3 7 3 9 5 3
20150624 4 9 3 4 6 3
20150624 5 5 7 9 4 5
20150624 6 3 5 9 3 4
20150624 7 4 3 1 4 3
20150624 8 7 6 8 5 5
20150624 9 6 1 4 5 1
20150624 10 3 7 1 3 5
20150624 11 1 2 7 1 2
20150702 1 1 5 7 0 0
20150702 2 2 5 4 0 0
20150702 3 2 4 6 0 0
20150702 4 5 1 3 0 0
20150702 5 3 1 7 0 0
20150702 6 3 9 2 3 6
20150702 7 3 5 1 3 4
20150702 8 7 5 2 5 4
20150702 9 1 9 5 1 6
20150702 10 3 4 7 3 4
20150703 1 4 5 3 0 0
20150703 2 2 1 4 0 0
20150703 3 2 7 1 0 0
20150703 4 4 2 6 0 0
20150703 5 1 3 7 0 0
20150703 6 5 9 7 4 6
20150703 7 7 4 1 5 4
20150703 8 1 6 9 1 5
20150703 9 1 5 9 1 4
20150703 10 5 1 9 4 1
20150704 1 1 5 4 0 0
20150704 2 2 1 4 0 0
20150704 3 2 1 6 0 0
20150704 4 5 3 4 0 0
20150704 5 2 9 3 2 6
20150704 6 5 9 4 4 6
20150704 7 1 4 6 0 0
20150704 8 5 2 1 4 2
20150704 9 1 9 2 1 6
20150704 10 3 9 2 3 6
