20111210 1 9 3 1 6 3
20111210 2 5 3 1 4 3
20111210 3 9 2 1 6 2
20111210 4 9 4 3 6 4
20111210 5 9 2 5 6 2
20111210 6 3 5 9 3 4
20111210 7 1 9 7 1 6
20111210 8 1 4 2 1 4
20111210 9 1 3 9 1 3
20111210 10 7 1 9 5 1
20111210 11 7 1 5 5 1
20111211 1 2 9 7 2 6
20111211 2 7 1 5 5 1
20111211 3 2 9 5 2 6
20111211 4 1 4 2 1 4
20111211 5 3 9 4 3 6
20111211 6 2 4 1 2 4
20111211 7 3 7 8 3 5
20111211 8 1 7 9 1 5
20111211 9 2 7 1 2 5
20111211 10 1 5 9 1 4
20111211 11 8 7 2 6 5
20111212 1 3 2 9 3 2
20111212 2 9 2 7 6 2
20111212 3 8 9 5 6 6
20111212 4 7 4 1 5 4
20111212 5 3 4 2 3 4
20111212 6 5 1 8 4 1
20111212 7 4 2 1 4 2
20111212 8 7 1 8 5 1
20111212 9 9 3 2 6 3
20111212 10 9 1 4 6 1
20111212 11 2 5 1 2 4
20111213 1 2 4 8 2 4
20111213 2 1 5 2 1 4
20111213 3 8 2 1 6 2
20111213 4 2 8 3 2 6
20111213 5 9 3 5 6 3
20111213 6 7 3 8 5 3
20111213 7 1 7 9 1 5
20111213 8 1 9 2 1 6
20111213 9 5 9 4 4 6
20111213 10 8 2 1 6 2
20111213 11 2 3 5 2 3
20120328 1 1 5 2 1 4
20120328 2 7 5 2 5 4
20120328 3 1 7 9 1 5
20120328 4 3 9 8 3 6
20120328 5 8 5 6 6 4
20120328 6 4 3 9 4 3
20120328 7 1 8 2 1 6
20120328 8 2 5 3 2 5
20120328 9 5 1 7 5 1
20120328 10 3 1 8 3 1
20120329 1 2 9 5 2 6
20120329 2 2 1 5 2 1
20120329 3 7 2 1 5 2
20120329 4 2 3 5 2 3
20120329 5 8 6 2 6 5
20120329 6 5 2 1 4 2
20120329 7 8 2 6 6 2
20120329 8 1 4 5 1 4
20120329 9 4 1 8 4 1
20120329 10 2 5 1 2 5
20120330 1 5 4 2 4 4
20120330 2 2 4 1 2 4
20120330 3 3 1 2 3 1
20120330 4 5 9 4 4 6
20120330 5 7 1 9 5 1
20120330 6 5 3 6 4 3
20120330 7 2 8 1 2 6
20120330 8 4 6 5 4 5
20120330 9 5 4 2 5 4
20120330 10 1 8 4 1 6
20121214 1 7 3 5 5 3
20121214 2 8 1 5 6 1
20121214 3 7 5 1 5 4
20121214 4 2 3 5 2 3
20121214 5 6 9 8 5 6
20121214 6 5 3 7 4 3
20121214 7 1 3 7 1 3
20121214 8 7 3 9 5 3
20121214 9 3 4 5 3 4
20121214 10 9 8 6 6 6
20121214 11 8 3 4 6 3
20121215 1 7 3 1 5 3
20121215 2 5 1 6 4 1
20121215 3 1 9 3 1 6
20121215 4 2 8 7 2 6
20121215 5 9 1 3 6 1
20121215 6 2 3 9 2 3
20121215 7 9 2 6 6 2
20121215 8 5 1 4 4 1
20121215 9 3 1 2 3 1
20121215 10 2 5 1 2 4
20121215 11 1 9 5 1 6
20121216 1 1 6 4 1 5
20121216 2 1 4 7 1 4
20121216 3 3 9 8 3 6
20121216 4 3 1 5 3 1
20121216 5 1 5 7 1 4
20121216 6 2 7 4 2 5
20121216 7 4 7 2 4 5
20121216 8 7 5 1 5 4
20121216 9 2 9 1 2 6
20121216 10 1 3 7 1 3
20121216 11 2 5 3 2 4
20121217 1 7 1 3 5 1
20121217 2 3 7 8 3 5
20121217 3 2 3 9 2 3
20121217 4 3 2 5 3 2
20121217 5 1 7 6 1 5
20121217 6 5 1 8 4 1
20121217 7 5 2 8 4 2
20121217 8 3 1 5 3 1
20121217 9 5 2 6 4 2
20121217 10 4 2 9 4 2
20121217 11 3 1 8 3 1
20121231 1 1 3 2 1 3
20121231 2 9 1 5 6 1
20121231 3 2 5 3 2 4
20121231 4 2 5 9 2 4
20121231 5 1 9 5 1 6
20121231 6 1 7 4 1 5
20121231 7 3 9 2 3 6
20121231 8 2 7 5 2 5
20121231 9 8 4 1 6 4
20121231 10 3 7 9 3 5
20121231 11 3 5 8 3 4
20130101 1 9 2 1 6 2
20130101 2 3 5 4 3 4
20130101 3 1 8 7 1 6
20130101 4 1 5 7 1 4
20130101 5 2 5 6 2 4
20130101 6 1 7 5 1 5
20130101 7 5 1 3 4 1
20130101 8 3 1 8 3 1
20130101 9 9 5 3 6 4
20130101 10 7 3 9 5 3
20130101 11 2 8 7 2 6
20130102 1 3 7 5 3 5
20130102 2 7 5 2 5 4
20130102 3 1 5 3 1 4
20130102 4 3 4 9 3 4
20130102 5 4 9 7 4 6
20130102 6 3 4 2 3 4
20130102 7 5 4 7 5 4
20130102 8 9 7 2 6 5
20130102 9 2 5 3 2 4
20130102 10 3 2 1 3 2
20130102 11 9 1 6 6 1
20130109 1 3 7 1 0 0
20130109 2 1 2 3 0 0
20130109 3 7 5 3 0 0
20130109 4 1 4 3 0 0
20130109 5 3 4 1 0 0
20130109 6 7 4 3 5 4
20130109 7 2 8 4 2 6
20130109 8 5 1 6 4 1
20130109 9 7 8 6 5 6
20130109 10 1 2 5 1 2
20130109 11 3 9 4 3 6
20130110 1 3 5 7 0 0
20130110 2 5 7 2 0 0
20130110 3 2 4 6 0 0
20130110 4 1 7 6 0 0
20130110 5 1 5 4 0 0
20130110 6 2 1 5 2 1
20130110 7 9 2 8 6 2
20130110 8 2 9 5 2 6
20130110 9 1 6 2 1 5
20130110 10 7 9 2 5 6
20130110 11 1 5 2 1 4
20130111 1 3 2 6 0 0
20130111 2 3 1 4 0 0
20130111 3 7 2 1 0 0
20130111 4 1 4 5 0 0
20130111 5 5 1 3 4 1
20130111 6 9 2 1 6 2
20130111 7 3 1 5 0 0
20130111 8 4 2 9 4 2
20130111 9 5 8 7 4 6
20130111 10 7 2 1 5 2
20130111 11 9 1 8 6 1
20130205 1 3 5 1 3 4
20130205 2 2 4 3 2 4
20130205 3 4 2 1 4 2
20130205 4 6 2 1 5 2
20130205 5 2 5 7 2 4
20130205 6 9 6 4 6 5
20130205 7 2 5 3 2 4
20130205 8 5 3 2 4 3
20130205 9 7 8 3 5 6
20130205 10 9 1 7 6 1
20130205 11 2 5 8 2 4
20130206 1 3 2 9 3 2
20130206 2 5 1 2 4 1
20130206 3 1 3 5 1 3
20130206 4 7 3 5 5 3
20130206 5 6 4 9 5 4
20130206 6 7 6 2 5 5
20130206 7 5 1 4 4 1
20130206 8 5 4 8 4 4
20130206 9 4 1 5 4 1
20130206 10 1 5 7 1 4
20130206 11 1 9 3 1 6
20130207 1 6 4 7 5 4
20130207 2 5 1 4 4 1
20130207 3 3 7 9 3 5
20130207 4 1 5 7 1 4
20130207 5 5 2 7 4 2
20130207 6 8 7 2 6 5
20130207 7 1 3 2 1 3
20130207 8 3 2 6 3 2
20130207 9 4 1 7 4 1
20130207 10 4 6 5 4 5
20130207 11 1 4 2 1 4
20130325 1 7 4 3 5 4
20130325 2 6 2 7 5 2
20130325 3 1 2 5 1 2
20130325 4 5 2 9 4 2
20130325 5 1 2 3 1 2
20130325 6 7 4 2 5 4
20130325 7 9 3 2 6 3
20130325 8 2 3 5 2 3
20130325 9 5 3 8 4 3
20130325 10 9 1 4 6 1
20130325 11 4 1 6 4 1
20130326 1 3 7 2 3 5
20130326 2 2 5 9 2 4
20130326 3 9 1 5 6 1
20130326 4 3 6 9 3 5
20130326 5 1 2 9 1 2
20130326 6 1 9 3 1 6
20130326 7 2 5 1 2 4
20130326 8 9 1 3 6 1
20130326 9 2 9 4 2 6
20130326 10 5 6 7 4 5
20130326 11 2 1 5 2 1
20130327 1 7 3 2 5 3
20130327 2 9 6 5 6 5
20130327 3 9 3 7 6 3
20130327 4 3 4 7 3 4
20130327 5 3 5 2 3 4
20130327 6 1 5 2 1 4
20130327 7 7 3 1 5 3
20130327 8 4 3 7 4 3
20130327 9 3 2 5 3 2
20130327 10 9 3 5 6 3
20130327 11 9 1 7 6 1
20130329 1 3 7 5 0 0
20130329 2 1 4 7 0 0
20130329 3 7 2 5 0 0
20130329 4 7 4 2 0 0
20130329 5 4 7 2 0 0
20130329 6 2 1 7 2 1
20130329 7 2 1 8 2 1
20130329 8 5 2 7 4 2
20130329 9 5 1 2 4 1
20130329 10 9 1 7 6 1
20130329 11 7 1 5 5 1
20130330 1 2 4 1 0 0
20130330 2 1 5 7 0 0
20130330 3 7 4 2 0 0
20130330 4 7 4 6 0 0
20130330 5 3 2 7 0 0
20130330 6 5 1 8 4 1
20130330 7 1 9 4 1 6
20130330 8 6 1 3 5 1
20130330 9 1 2 5 1 2
20130330 10 3 4 5 3 4
20130330 11 4 7 6 4 5
20130331 1 3 7 5 0 0
20130331 2 2 7 5 0 0
20130331 3 7 3 1 0 0
20130331 4 3 5 2 0 0
20130331 5 2 5 8 2 4
20130331 6 7 1 2 5 1
20130331 7 5 3 1 0 0
20130331 8 2 5 1 2 4
20130331 9 9 2 4 6 2
20130331 10 1 5 3 1 4
20130331 11 2 4 3 2 4
20130401 1 2 7 3 2 5
20130401 2 9 5 7 6 4
20130401 3 2 4 7 2 4
20130401 4 2 7 1 2 5
20130401 5 5 1 3 4 1
20130401 6 3 5 9 3 4
20130401 7 7 1 8 5 1
20130401 8 1 7 8 1 5
20130401 9 6 1 9 5 1
20130401 10 3 5 7 3 4
20130401 11 5 6 8 4 5
20130402 1 2 3 7 2 3
20130402 2 2 9 5 2 6
20130402 3 2 3 8 2 3
20130402 4 5 3 9 4 3
20130402 5 9 7 2 6 5
20130402 6 1 2 5 1 2
20130402 7 7 2 1 5 2
20130402 8 5 7 3 4 5
20130402 9 5 1 2 4 1
20130402 10 9 1 4 6 1
20130402 11 3 1 5 3 1
20130403 1 3 7 2 3 5
20130403 2 2 5 1 2 4
20130403 3 2 8 9 2 6
20130403 4 5 9 1 4 6
20130403 5 3 6 2 3 5
20130403 6 8 3 9 6 3
20130403 7 9 6 2 6 5
20130403 8 3 5 9 3 4
20130403 9 4 5 8 4 4
20130403 10 3 5 9 3 4
20130403 11 8 3 1 6 3
20130426 1 4 3 7 0 0
20130426 2 2 5 1 0 0
20130426 3 5 4 7 0 0
20130426 4 4 1 3 0 0
20130426 5 5 2 1 0 0
20130426 6 5 2 8 4 2
20130426 7 5 1 8 4 1
20130426 8 9 1 5 6 1
20130426 9 5 9 2 4 6
20130426 10 6 9 1 5 6
20130427 1 4 1 7 0 0
20130427 2 4 3 5 0 0
20130427 3 2 5 7 0 0
20130427 4 4 7 1 0 0
20130427 5 7 1 4 0 0
20130427 6 9 1 8 6 1
20130427 7 7 3 1 5 3
20130427 8 2 7 5 2 5
20130427 9 7 1 8 5 1
20130427 10 7 3 4 5 3
20130428 1 1 2 7 0 0
20130428 2 3 4 2 0 0
20130428 3 2 7 4 0 0
20130428 4 3 2 1 0 0
20130428 5 9 1 7 6 1
20130428 6 7 4 6 5 4
20130428 7 5 1 3 0 0
20130428 8 5 9 8 4 6
20130428 9 3 7 5 3 5
20130428 10 2 3 9 2 3
20130522 1 1 7 9 1 5
20130522 2 9 1 3 6 1
20130522 3 7 2 3 5 2
20130522 4 2 9 7 2 6
20130522 5 2 5 8 2 4
20130522 6 7 4 3 5 4
20130522 7 1 2 9 1 2
20130522 8 3 2 1 3 2
20130522 9 8 3 9 6 3
20130522 10 2 8 6 2 6
20130522 11 5 3 8 4 3
20130523 1 4 7 9 4 5
20130523 2 3 5 8 3 4
20130523 3 3 1 9 3 1
20130523 4 1 5 9 1 4
20130523 5 9 1 7 6 1
20130523 6 3 1 2 3 1
20130523 7 7 1 2 5 1
20130523 8 9 7 1 6 5
20130523 9 3 7 2 3 5
20130523 10 6 2 4 5 2
20130523 11 5 2 8 4 2
20130524 1 5 8 3 4 6
20130524 2 1 7 4 1 5
20130524 3 2 7 8 2 5
20130524 4 9 2 4 6 2
20130524 5 9 3 6 6 3
20130524 6 3 7 5 3 6
20130524 7 4 7 8 4 6
20130524 8 2 9 3 2 6
20130524 9 8 3 4 6 3
20130524 10 1 3 8 1 3
20130524 11 3 6 2 3 5
20130610 1 3 7 5 3 5
20130610 2 1 5 8 1 4
20130610 3 7 2 1 5 2
20130610 4 4 1 7 4 1
20130610 5 8 5 1 6 4
20130610 6 5 7 2 4 5
20130610 7 4 9 1 4 6
20130610 8 7 9 4 5 6
20130610 9 9 2 1 6 2
20130610 10 1 7 9 1 5
20130610 11 9 6 3 6 5
20130611 1 5 1 4 4 1
20130611 2 3 6 1 3 5
20130611 3 7 4 5 5 4
20130611 4 1 4 7 1 4
20130611 5 1 9 3 1 6
20130611 6 1 5 9 1 4
20130611 7 1 5 3 1 4
20130611 8 3 9 4 3 6
20130611 9 7 3 1 5 3
20130611 10 3 7 2 3 5
20130611 11 4 2 1 4 2
20130612 1 3 7 4 3 5
20130612 2 0 0 0 1 3
20130612 3 9 6 8 6 5
20130612 4 1 5 8 1 4
20130612 5 1 7 5 1 5
20130612 6 4 1 5 4 1
20130612 7 7 1 4 5 1
20130612 8 3 5 4 3 4
20130612 9 7 1 8 5 1
20130612 10 9 4 2 6 4
20130612 11 9 1 4 6 1
20130727 1 7 2 3 0 0
20130727 2 2 5 7 0 0
20130727 3 7 1 5 0 0
20130727 4 1 4 6 0 0
20130727 5 1 4 2 0 0
20130727 6 9 2 1 6 2
20130727 7 1 2 8 1 2
20130727 8 7 2 6 5 2
20130727 9 5 1 7 4 1
20130727 10 1 6 7 1 5
20130728 1 3 7 2 0 0
20130728 2 5 1 7 0 0
20130728 3 4 2 6 0 0
20130728 4 7 2 1 0 0
20130728 5 7 4 1 0 0
20130728 6 3 5 2 3 4
20130728 7 2 9 5 2 6
20130728 8 3 9 2 3 6
20130728 9 9 1 2 6 1
20130728 10 1 2 5 1 2
20130729 1 3 5 1 0 0
20130729 2 1 4 5 0 0
20130729 3 5 1 2 0 0
20130729 4 3 1 4 0 0
20130729 5 4 1 3 4 1
20130729 6 2 7 3 2 5
20130729 7 3 2 5 0 0
20130729 8 3 9 6 3 6
20130729 9 2 1 9 2 1
20130729 10 7 4 5 5 4
20130805 1 3 6 7 0 0
20130805 2 4 2 3 0 0
20130805 3 3 5 7 0 0
20130805 4 7 4 1 0 0
20130805 5 7 5 1 0 0
20130805 6 9 3 1 6 3
20130805 7 7 2 5 5 2
20130805 8 7 1 2 5 1
20130805 9 5 1 9 4 1
20130805 10 9 4 6 6 4
20130806 1 4 7 5 0 0
20130806 2 4 7 5 0 0
20130806 3 3 5 4 0 0
20130806 4 1 2 5 0 0
20130806 5 7 3 6 0 0
20130806 6 4 2 8 4 2
20130806 7 5 6 1 4 5
20130806 8 3 2 1 3 2
20130806 9 1 5 2 1 4
20130806 10 1 9 3 1 6
20130807 1 3 4 6 0 0
20130807 2 3 4 5 0 0
20130807 3 5 3 1 0 0
20130807 4 4 1 2 0 0
20130807 5 9 5 7 6 4
20130807 6 8 1 3 6 1
20130807 7 3 5 7 0 0
20130807 8 5 7 9 4 5
20130807 9 1 3 2 1 3
20130807 10 2 9 3 2 6
20130828 1 1 5 7 0 0
20130828 2 7 4 5 0 0
20130828 3 3 4 5 0 0
20130828 4 4 1 3 0 0
20130828 5 5 1 2 0 0
20130828 6 2 9 3 2 6
20130828 7 5 1 4 4 1
20130828 8 7 5 1 5 4
20130828 9 9 7 1 6 5
20130828 10 7 3 9 5 3
20130829 1 7 3 2 0 0
20130829 2 5 7 4 0 0
20130829 3 3 5 4 0 0
20130829 4 1 4 2 0 0
20130829 5 7 2 1 0 0
20130829 6 1 5 7 1 4
20130829 7 9 5 2 6 4
20130829 8 7 3 1 5 3
20130829 9 7 1 8 5 1
20130829 10 2 9 3 2 6
20130830 1 3 7 4 0 0
20130830 2 7 1 3 0 0
20130830 3 2 3 1 0 0
20130830 4 1 7 6 0 0
20130830 5 9 5 3 6 4
20130830 6 5 2 7 4 2
20130830 7 5 3 6 0 0
20130830 8 7 2 3 5 2
20130830 9 1 8 7 1 6
20130830 10 3 1 6 3 1
20130908 1 1 3 7 1 3
20130908 2 7 2 9 5 2
20130908 3 5 7 9 4 5
20130908 4 7 9 1 5 6
20130908 5 7 3 8 5 3
20130908 6 7 2 4 5 2
20130908 7 3 5 4 3 4
20130908 8 9 1 5 6 1
20130908 9 3 9 5 3 6
20130908 10 7 9 4 5 6
20130908 11 2 1 9 2 1
20130909 1 7 9 5 5 6
20130909 2 2 9 5 2 6
20130909 3 7 3 4 5 3
20130909 4 2 9 3 2 6
20130909 5 7 3 5 5 3
20130909 6 5 1 9 4 1
20130909 7 5 8 3 4 6
20130909 8 7 5 3 5 4
20130909 9 5 2 3 4 2
20130909 10 5 9 1 4 6
20130909 11 5 3 4 4 3
20130910 1 7 9 4 5 6
20130910 2 2 9 3 2 6
20130910 3 3 4 8 3 4
20130910 4 4 5 9 4 4
20130910 5 9 2 6 6 2
20130910 6 5 3 1 4 3
20130910 7 6 5 1 5 4
20130910 8 2 7 9 2 5
20130910 9 3 8 1 3 6
20130910 10 3 1 4 3 1
20130910 11 9 7 1 6 5
20130925 1 1 3 5 0 0
20130925 2 2 4 7 0 0
20130925 3 7 3 2 0 0
20130925 4 4 7 1 0 0
20130925 5 5 2 1 0 0
20130925 6 9 2 5 6 2
20130925 7 1 7 3 1 5
20130925 8 9 5 3 6 4
20130925 9 2 3 9 2 3
20130925 10 1 4 3 1 4
20130926 1 1 3 7 0 0
20130926 2 4 3 5 0 0
20130926 3 5 7 3 0 0
20130926 4 3 7 4 0 0
20130926 5 2 1 5 0 0
20130926 6 3 1 2 3 1
20130926 7 9 2 3 6 2
20130926 8 2 3 7 2 3
20130926 9 1 7 2 1 5
20130926 10 9 3 4 6 3
20130927 1 4 7 3 0 0
20130927 2 5 7 2 0 0
20130927 3 2 5 6 0 0
20130927 4 4 1 3 0 0
20130927 5 5 7 2 4 5
20130927 6 2 5 9 2 4
20130927 7 2 3 7 0 0
20130927 8 7 4 2 5 4
20130927 9 5 7 9 4 5
20130927 10 7 4 5 5 4
20131009 1 3 7 1 0 0
20131009 2 2 4 3 0 0
20131009 3 4 3 5 0 0
20131009 4 4 1 2 0 0
20131009 5 7 5 3 0 0
20131009 6 9 1 5 6 1
20131009 7 4 6 5 4 5
20131009 8 3 2 5 3 2
20131009 9 1 7 2 1 5
20131009 10 3 7 8 3 5
20131010 1 4 1 7 0 0
20131010 2 4 7 2 0 0
20131010 3 3 4 1 0 0
20131010 4 5 4 1 0 0
20131010 5 2 7 3 0 0
20131010 6 7 1 5 5 1
20131010 7 3 9 8 3 6
20131010 8 5 7 9 4 5
20131010 9 3 1 2 3 1
20131010 10 5 7 1 4 5
20131011 1 3 7 1 0 0
20131011 2 7 3 5 0 0
20131011 3 7 3 5 0 0
20131011 4 5 4 2 0 0
20131011 5 1 3 4 1 3
20131011 6 3 5 8 3 4
20131011 7 1 4 3 0 0
20131011 8 3 4 9 3 4
20131011 9 2 5 7 2 4
20131011 10 7 1 3 5 1
20131025 1 9 1 2 6 1
20131025 2 2 4 9 2 4
20131025 3 7 9 3 5 6
20131025 4 1 9 2 1 6
20131025 5 5 7 1 4 5
20131025 6 5 2 7 4 2
20131025 7 1 9 6 1 6
20131025 8 7 1 9 5 1
20131025 9 9 1 7 6 1
20131025 10 7 2 4 5 2
20131026 1 3 7 1 3 5
20131026 2 1 5 2 1 4
20131026 3 2 7 6 2 5
20131026 4 1 5 9 1 4
20131026 5 3 7 9 3 5
20131026 6 7 8 1 5 6
20131026 7 7 8 9 5 6
20131026 8 3 2 1 3 2
20131026 9 7 1 5 5 1
20131026 10 9 1 3 6 1
20131027 1 5 9 8 4 6
20131027 2 3 1 5 3 1
20131027 3 4 5 3 4 4
20131027 4 5 6 2 4 5
20131027 5 3 5 1 3 4
20131027 6 9 7 5 6 5
20131027 7 5 3 2 4 3
20131027 8 3 5 6 3 4
20131027 9 2 5 7 2 4
20131027 10 1 5 9 1 4
20131122 1 2 6 8 2 5
20131122 2 4 6 8 4 5
20131122 3 7 9 3 5 6
20131122 4 9 5 3 6 4
20131122 5 1 5 2 1 4
20131122 6 5 6 3 0 0
20131122 7 7 1 2 0 0
20131122 8 1 2 9 1 2
20131122 9 1 2 9 1 2
20131122 10 7 2 3 5 2
20131122 11 1 3 7 1 3
20131122 12 6 4 5 5 4
20131123 1 3 1 2 3 1
20131123 2 1 3 4 1 3
20131123 3 3 1 2 3 1
20131123 4 2 5 7 2 4
20131123 5 9 2 1 6 2
20131123 6 5 7 1 0 0
20131123 7 4 6 2 0 0
20131123 8 5 1 3 4 1
20131123 9 7 3 1 5 3
20131123 10 2 5 1 2 4
20131123 11 7 2 3 5 2
20131123 12 9 1 3 6 1
20131124 1 1 9 8 1 6
20131124 2 5 1 7 4 1
20131124 3 4 3 9 4 3
20131124 4 1 9 5 1 6
20131124 5 3 2 6 0 0
20131124 6 1 3 9 1 3
20131124 7 5 9 3 4 6
20131124 8 3 2 4 3 2
20131124 9 2 4 3 0 0
20131124 10 8 9 1 6 6
20131124 11 1 5 7 1 4
20131124 12 3 7 8 3 5
20131220 1 3 4 7 3 4
20131220 2 4 2 7 4 2
20131220 3 9 2 1 6 2
20131220 4 9 5 7 6 4
20131220 5 9 1 2 6 1
20131220 6 1 5 7 1 4
20131220 7 7 3 1 5 3
20131220 8 9 3 5 6 3
20131220 9 5 1 2 4 1
20131220 10 5 7 3 4 5
20131220 11 5 4 8 4 4
20131221 1 3 1 7 3 1
20131221 2 2 7 9 2 5
20131221 3 2 5 7 2 4
20131221 4 5 2 7 4 2
20131221 5 2 7 3 2 5
20131221 6 9 7 5 6 5
20131221 7 1 9 3 1 6
20131221 8 3 4 1 3 4
20131221 9 7 8 9 5 6
20131221 10 1 9 2 1 6
20131221 11 4 3 5 4 3
20131221 12 9 2 3 6 2
20131222 1 3 6 7 3 5
20131222 2 1 5 9 1 4
20131222 3 1 9 2 1 6
20131222 4 7 9 6 5 6
20131222 5 5 3 7 4 3
20131222 6 5 2 7 4 2
20131222 7 6 4 9 5 4
20131222 8 7 1 4 5 1
20131222 9 2 4 8 2 4
20131222 10 7 2 6 5 2
20131222 11 9 7 3 6 5
20131222 12 8 3 6 6 3
20131223 1 9 4 3 6 4
20131223 2 2 9 8 2 6
20131223 3 1 5 3 1 4
20131223 4 2 1 5 2 1
20131223 5 2 8 4 2 6
20131223 6 2 7 1 2 5
20131223 7 2 3 6 2 3
20131223 8 1 5 3 1 4
20131223 9 2 6 3 2 5
20131223 10 5 1 3 4 1
20131223 11 9 1 8 6 1
20140108 1 3 7 4 3 5
20140108 2 2 7 4 2 5
20140108 3 1 5 8 1 4
20140108 4 5 9 7 4 6
20140108 5 2 9 7 2 6
20140108 6 7 3 2 5 3
20140108 7 3 4 2 3 4
20140108 8 3 7 8 3 5
20140108 9 1 9 4 1 6
20140108 10 9 3 1 6 3
20140108 11 2 5 6 2 4
20140109 1 9 1 3 6 1
20140109 2 1 9 7 1 6
20140109 3 2 1 7 2 1
20140109 4 5 7 2 4 5
20140109 5 3 2 4 3 2
20140109 6 7 1 2 5 1
20140109 7 3 7 4 3 5
20140109 8 3 5 9 3 4
20140109 9 9 1 3 6 1
20140109 10 5 7 8 4 5
20140109 11 9 1 4 6 1
20140110 1 7 2 3 5 2
20140110 2 3 5 2 3 4
20140110 3 5 2 1 4 2
20140110 4 3 5 1 3 4
20140110 5 4 2 3 4 2
20140110 6 5 2 1 4 2
20140110 7 7 1 9 5 1
20140110 8 9 2 4 6 2
20140110 9 3 5 1 3 4
20140110 10 1 9 3 1 6
20140110 11 2 5 7 2 4
20140128 1 7 3 2 0 0
20140128 2 5 7 2 0 0
20140128 3 3 1 7 0 0
20140128 4 2 4 1 0 0
20140128 5 5 7 6 0 0
20140128 6 2 6 1 2 5
20140128 7 5 7 3 4 5
20140128 8 7 2 4 5 2
20140128 9 4 1 7 4 1
20140128 10 2 5 4 2 4
20140129 1 3 6 1 0 0
20140129 2 4 5 2 0 0
20140129 3 7 3 6 0 0
20140129 4 2 3 5 0 0
20140129 5 7 5 3 0 0
20140129 6 3 7 9 3 5
20140129 7 7 9 1 5 6
20140129 8 9 1 3 6 1
20140129 9 1 7 2 1 5
20140129 10 9 1 4 6 1
20140130 1 3 4 7 0 0
20140130 2 1 5 4 0 0
20140130 3 1 3 5 0 0
20140130 4 4 1 2 0 0
20140130 5 7 6 1 5 5
20140130 6 7 9 6 5 6
20140130 7 4 3 1 0 0
20140130 8 8 7 9 6 5
20140130 9 3 8 7 3 6
20140130 10 3 1 7 3 1
20140207 1 3 4 7 0 0
20140207 2 5 3 1 0 0
20140207 3 1 5 4 0 0
20140207 4 4 1 7 0 0
20140207 5 5 7 1 0 0
20140207 6 4 2 5 0 0
20140207 7 3 5 7 0 0
20140207 8 2 4 1 2 4
20140207 9 7 2 4 5 2
20140207 10 9 2 1 6 2
20140207 11 7 3 4 5 3
20140207 12 9 7 1 6 5
20140209 1 3 6 1 0 0
20140209 2 6 3 7 0 0
20140209 3 1 4 5 0 0
20140209 4 5 2 3 0 0
20140209 5 3 6 7 0 0
20140209 6 5 4 3 0 0
20140209 7 1 4 6 0 0
20140209 8 2 8 9 2 6
20140209 9 7 1 6 5 1
20140209 10 1 7 9 1 5
20140209 11 6 1 2 5 1
20140209 12 3 7 2 3 5
20140210 1 3 6 5 0 0
20140210 2 5 1 7 0 0
20140210 3 1 2 4 0 0
20140210 4 7 2 5 0 0
20140210 5 6 5 1 0 0
20140210 6 8 3 6 6 3
20140210 7 7 2 9 5 2
20140210 8 3 5 4 0 0
20140210 9 5 1 3 0 0
20140210 10 5 8 3 4 6
20140210 11 5 3 2 4 3
20140210 12 2 7 5 2 5
20140227 1 3 7 2 0 0
20140227 2 2 7 4 0 0
20140227 3 5 1 4 0 0
20140227 4 7 1 4 0 0
20140227 5 7 5 4 0 0
20140227 6 7 5 2 5 4
20140227 7 2 9 6 2 6
20140227 8 2 9 1 2 6
20140227 9 9 2 3 6 2
20140227 10 7 9 4 5 6
20140228 1 7 3 6 0 0
20140228 2 2 4 7 0 0
20140228 3 2 6 4 0 0
20140228 4 4 3 7 0 0
20140228 5 1 5 6 0 0
20140228 6 2 3 7 2 3
20140228 7 5 9 2 4 6
20140228 8 3 5 2 3 4
20140228 9 7 2 3 5 2
20140228 10 9 8 1 6 6
20140301 1 3 6 5 0 0
20140301 2 4 7 2 0 0
20140301 3 3 5 7 0 0
20140301 4 7 1 6 0 0
20140301 5 1 5 2 1 4
20140301 6 9 1 4 6 1
20140301 7 3 2 7 0 0
20140301 8 7 5 1 5 4
20140301 9 3 6 1 3 5
20140301 10 7 5 9 5 4
20140309 1 2 1 9 2 1
20140309 2 8 1 2 6 1
20140309 3 2 1 7 2 1
20140309 4 2 9 6 2 6
20140309 5 1 7 3 1 5
20140309 6 3 2 1 3 2
20140309 7 9 1 5 6 1
20140309 8 3 7 9 3 5
20140309 9 1 9 4 1 6
20140309 10 9 1 5 6 1
20140309 11 1 5 3 1 4
20140310 1 4 3 7 4 3
20140310 2 7 3 5 5 3
20140310 3 7 9 3 5 6
20140310 4 3 7 5 3 5
20140310 5 1 7 4 1 5
20140310 6 1 9 3 1 6
20140310 7 1 7 4 1 6
20140310 8 5 7 1 4 5
20140310 9 9 5 1 6 4
20140310 10 1 8 6 1 6
20140310 11 3 8 5 3 6
20140311 1 8 3 4 6 3
20140311 2 2 6 9 2 5
20140311 3 2 5 8 2 4
20140311 4 2 7 5 2 5
20140311 5 3 5 2 3 4
20140311 6 3 6 7 3 6
20140311 7 2 4 6 2 4
20140311 8 5 8 7 4 6
20140311 9 5 4 2 4 4
20140311 10 8 2 5 6 2
20140311 11 1 5 7 1 4
20140414 1 5 3 7 4 3
20140414 2 9 5 1 6 4
20140414 3 9 1 5 6 1
20140414 4 2 7 3 2 5
20140414 5 5 9 2 4 6
20140414 6 7 2 9 5 2
20140414 7 4 1 9 4 1
20140414 8 9 3 4 6 3
20140414 9 3 7 5 3 5
20140414 10 7 6 4 5 5
20140414 11 2 6 4 2 5
20140415 1 3 4 5 3 4
20140415 2 9 5 4 6 4
20140415 3 1 2 4 1 2
20140415 4 9 8 7 6 6
20140415 5 3 7 9 3 5
20140415 6 5 2 1 4 2
20140415 7 8 3 9 6 3
20140415 8 3 7 9 3 5
20140415 9 8 4 1 6 4
20140415 10 1 5 3 1 4
20140415 11 2 9 5 2 6
20140416 1 3 8 7 3 6
20140416 2 7 1 4 5 1
20140416 3 5 1 9 4 1
20140416 4 1 8 9 1 6
20140416 5 5 1 7 4 1
20140416 6 4 1 7 4 1
20140416 7 4 2 5 4 2
20140416 8 1 9 7 1 6
20140416 9 2 4 6 2 4
20140416 10 9 3 1 6 3
20140416 11 5 8 3 4 6
20140426 1 2 3 4 2 3
20140426 2 8 3 1 6 3
20140426 3 7 9 3 5 6
20140426 4 6 2 7 5 2
20140426 5 1 3 6 1 3
20140426 6 2 7 9 2 5
20140426 7 8 3 2 6 3
20140426 8 1 2 7 1 2
20140426 9 4 3 2 4 3
20140426 10 9 3 5 6 3
20140426 11 5 7 3 4 5
20140426 12 7 1 2 5 1
20140427 1 4 2 1 4 2
20140427 2 3 2 5 3 2
20140427 3 2 3 4 2 3
20140427 4 9 2 3 6 2
20140427 5 1 5 2 1 4
20140427 6 2 1 9 2 1
20140427 7 5 4 7 4 4
20140427 8 3 9 5 3 6
20140427 9 2 7 4 2 5
20140427 10 2 6 8 2 5
20140427 11 7 8 4 5 6
20140427 12 1 2 4 1 2
20140428 1 9 1 5 6 1
20140428 2 2 7 3 2 5
20140428 3 5 2 1 4 2
20140428 4 2 9 7 2 6
20140428 5 3 2 8 3 2
20140428 6 4 1 3 4 1
20140428 7 5 8 9 4 6
20140428 8 3 8 1 3 6
20140428 9 3 8 2 3 6
20140428 10 2 7 3 2 5
20140428 11 3 9 7 3 6
20140428 12 1 9 3 1 6
20140429 1 9 5 7 6 4
20140429 2 7 9 1 5 6
20140429 3 5 9 3 4 6
20140429 4 8 7 9 6 5
20140429 5 1 9 2 1 6
20140429 6 3 9 1 3 6
20140429 7 5 2 4 4 2
20140429 8 8 7 5 6 5
20140429 9 1 6 8 1 5
20140429 10 5 8 3 4 6
20140429 11 9 3 7 6 3
20140523 1 5 2 7 0 0
20140523 2 7 2 4 0 0
20140523 3 3 1 6 0 0
20140523 4 4 5 3 0 0
20140523 5 1 5 4 0 0
20140523 6 5 6 3 0 0
20140523 7 4 6 1 0 0
20140523 8 3 5 2 3 4
20140523 9 9 4 5 6 4
20140523 10 9 5 7 6 4
20140523 11 2 3 9 2 3
20140523 12 7 5 8 5 4
20140524 1 1 3 2 0 0
20140524 2 6 5 7 0 0
20140524 3 4 5 7 0 0
20140524 4 5 7 2 0 0
20140524 5 4 1 2 0 0
20140524 6 1 4 7 0 0
20140524 7 7 4 2 0 0
20140524 8 2 7 9 2 5
20140524 9 1 2 6 1 2
20140524 10 7 2 5 5 2
20140524 11 3 9 7 3 6
20140524 12 6 1 3 5 1
20140525 1 7 3 2 0 0
20140525 2 2 4 1 0 0
20140525 3 1 4 2 0 0
20140525 4 7 6 5 0 0
20140525 5 7 1 6 0 0
20140525 6 5 3 2 4 3
20140525 7 1 5 9 1 4
20140525 8 6 3 1 0 0
20140525 9 2 6 4 0 0
20140525 10 7 2 3 5 2
20140525 11 1 9 2 1 6
20140525 12 7 9 1 5 6
20140609 1 3 7 5 0 0
20140609 2 5 4 7 0 0
20140609 3 1 4 5 0 0
20140609 4 4 2 7 0 0
20140609 5 7 3 6 0 0
20140609 6 7 1 6 5 1
20140609 7 1 5 8 1 4
20140609 8 3 4 5 3 4
20140609 9 5 9 1 4 6
20140609 10 1 9 7 1 6
20140610 1 1 6 5 0 0
20140610 2 4 5 6 0 0
20140610 3 5 1 3 0 0
20140610 4 4 5 2 0 0
20140610 5 3 5 7 0 0
20140610 6 2 9 3 2 6
20140610 7 2 7 3 2 5
20140610 8 9 7 3 6 5
20140610 9 3 5 9 3 4
20140610 10 1 7 6 1 5
20140611 1 3 7 5 0 0
20140611 2 5 3 1 0 0
20140611 3 6 5 2 0 0
20140611 4 7 5 2 0 0
20140611 5 9 3 8 6 3
20140611 6 2 3 7 2 3
20140611 7 1 7 6 0 0
20140611 8 7 3 5 5 3
20140611 9 1 9 4 1 6
20140611 10 3 1 6 3 1
20140630 1 3 7 4 0 0
20140630 2 5 4 1 0 0
20140630 3 3 5 7 0 0
20140630 4 4 3 1 0 0
20140630 5 5 1 4 0 0
20140630 6 9 1 8 6 1
20140630 7 2 7 3 2 5
20140630 8 9 3 6 6 3
20140630 9 5 1 2 4 1
20140630 10 3 5 7 3 4
20140701 1 7 3 2 0 0
20140701 2 7 2 3 0 0
20140701 3 7 1 3 0 0
20140701 4 3 7 1 0 0
20140701 5 1 7 3 0 0
20140701 6 9 7 3 6 5
20140701 7 9 2 7 6 2
20140701 8 5 1 2 4 1
20140701 9 7 2 4 5 2
20140701 10 1 9 2 1 6
20140702 1 3 7 1 0 0
20140702 2 5 3 1 0 0
20140702 3 1 5 7 0 0
20140702 4 2 6 1 0 0
20140702 5 7 3 2 5 3
20140702 6 8 2 4 6 2
20140702 7 7 5 4 0 0
20140702 8 5 7 8 4 5
20140702 9 9 1 3 6 1
20140702 10 2 1 7 2 1
20140722 1 9 1 3 6 1
20140722 2 2 9 3 2 6
20140722 3 5 9 7 4 6
20140722 4 9 3 1 6 3
20140722 5 1 9 5 1 6
20140722 6 2 7 9 2 5
20140722 7 7 2 5 5 2
20140722 8 9 4 8 6 4
20140722 9 2 5 1 2 4
20140722 10 9 1 3 6 1
20140722 11 2 8 1 2 6
20140723 1 2 1 4 2 1
20140723 2 2 9 7 2 6
20140723 3 3 9 6 3 6
20140723 4 7 6 9 5 5
20140723 5 8 1 5 6 1
20140723 6 5 7 2 4 5
20140723 7 9 7 2 6 5
20140723 8 9 3 1 6 3
20140723 9 4 1 9 4 1
20140723 10 7 3 1 5 3
20140723 11 3 1 7 3 1
20140724 1 4 2 1 4 2
20140724 2 7 3 9 5 3
20140724 3 5 1 4 4 1
20140724 4 5 3 2 4 3
20140724 5 9 1 5 6 1
20140724 6 1 9 6 1 6
20140724 7 5 1 2 4 1
20140724 8 1 3 5 1 3
20140724 9 5 7 1 4 5
20140724 10 1 8 2 1 6
20140724 11 2 3 1 2 3
20140825 1 7 3 1 5 3
20140825 2 7 1 9 5 1
20140825 3 1 9 3 1 6
20140825 4 2 3 5 2 3
20140825 5 9 1 5 6 1
20140825 6 5 7 1 4 5
20140825 7 5 1 2 4 1
20140825 8 4 2 5 4 2
20140825 9 2 3 4 2 3
20140825 10 5 1 2 4 1
20140825 11 2 3 7 2 3
20140826 1 5 1 8 4 1
20140826 2 9 5 1 6 4
20140826 3 9 4 6 6 4
20140826 4 8 4 1 6 4
20140826 5 2 3 9 2 3
20140826 6 1 2 7 1 2
20140826 7 8 3 9 6 3
20140826 8 9 4 3 6 4
20140826 9 8 7 3 6 5
20140826 10 9 3 2 6 3
20140826 11 1 9 6 1 6
20140827 1 7 8 9 5 6
20140827 2 1 7 9 1 5
20140827 3 5 9 3 4 6
20140827 4 1 5 8 1 4
20140827 5 9 4 6 6 4
20140827 6 3 5 1 3 4
20140827 7 3 5 6 3 4
20140827 8 7 2 9 5 2
20140827 9 2 9 7 2 6
20140827 10 3 6 2 3 5
20140827 11 9 1 8 6 1
20140905 1 3 7 4 3 5
20140905 2 2 7 4 2 5
20140905 3 2 7 1 2 5
20140905 4 7 3 1 5 3
20140905 5 7 3 9 5 3
20140905 6 4 6 7 0 0
20140905 7 3 1 5 0 0
20140905 8 2 4 3 2 4
20140905 9 7 3 4 5 3
20140905 10 1 5 6 1 4
20140905 11 3 4 7 3 4
20140905 12 7 1 5 5 1
20140906 1 3 7 4 3 5
20140906 2 2 4 9 2 4
20140906 3 2 5 9 2 4
20140906 4 3 5 2 3 4
20140906 5 7 1 8 5 1
20140906 6 2 5 4 0 0
20140906 7 7 3 2 0 0
20140906 8 5 1 6 4 1
20140906 9 3 9 2 3 6
20140906 10 5 1 9 4 1
20140906 11 9 1 3 6 1
20140906 12 4 1 2 4 1
20140907 1 7 3 4 5 3
20140907 2 3 7 5 3 5
20140907 3 9 1 4 6 1
20140907 4 3 2 9 3 2
20140907 5 4 1 2 0 0
20140907 6 2 9 5 2 6
20140907 7 7 2 8 5 2
20140907 8 5 6 1 4 5
20140907 9 5 6 3 0 0
20140907 10 5 4 9 4 4
20140907 11 3 8 7 3 6
20140907 12 2 1 3 2 1
20141117 1 6 5 2 5 4
20141117 2 2 7 5 2 5
20141117 3 9 3 5 6 3
20141117 4 1 9 3 1 6
20141117 5 9 2 4 6 2
20141117 6 2 8 3 2 6
20141117 7 6 7 3 5 5
20141117 8 1 9 7 1 6
20141117 9 5 1 2 4 1
20141117 10 1 6 7 1 5
20141117 11 2 4 5 2 4
20141118 1 5 3 4 4 3
20141118 2 7 9 2 5 6
20141118 3 6 1 7 5 1
20141118 4 5 1 3 4 1
20141118 5 2 7 6 2 5
20141118 6 7 3 2 5 3
20141118 7 2 4 7 2 4
20141118 8 5 1 3 4 1
20141118 9 1 8 2 1 6
20141118 10 1 9 3 1 6
20141118 11 5 2 3 4 2
20141119 1 3 9 7 3 6
20141119 2 1 3 5 1 3
20141119 3 1 2 9 1 2
20141119 4 5 4 2 4 4
20141119 5 1 7 4 1 5
20141119 6 3 5 9 3 4
20141119 7 7 4 9 5 4
20141119 8 2 5 1 2 4
20141119 9 5 3 6 4 3
20141119 10 4 1 5 4 1
20141119 11 5 9 1 4 6
20141202 1 3 7 5 0 0
20141202 2 4 7 3 0 0
20141202 3 7 3 2 0 0
20141202 4 2 5 1 0 0
20141202 5 1 4 7 0 0
20141202 6 5 9 4 4 6
20141202 7 2 5 8 2 4
20141202 8 5 1 9 4 1
20141202 9 7 2 9 5 2
20141202 10 4 2 1 4 2
20141203 1 7 3 5 0 0
20141203 2 2 5 3 0 0
20141203 3 2 6 1 0 0
20141203 4 5 3 4 0 0
20141203 5 4 2 3 0 0
20141203 6 5 1 6 4 1
20141203 7 4 3 9 4 3
20141203 8 3 1 2 3 1
20141203 9 5 3 2 4 3
20141203 10 9 3 1 6 3
20141204 1 2 7 4 0 0
20141204 2 5 1 4 0 0
20141204 3 7 5 2 0 0
20141204 4 1 5 7 0 0
20141204 5 7 1 3 5 1
20141204 6 8 5 7 6 4
20141204 7 2 4 6 0 0
20141204 8 2 7 5 2 5
20141204 9 4 5 9 4 4
20141204 10 3 7 2 3 5
20141218 1 5 3 7 0 0
20141218 2 3 1 5 0 0
20141218 3 7 5 4 0 0
20141218 4 1 4 3 0 0
20141218 5 5 7 4 0 0
20141218 6 7 3 1 5 3
20141218 7 7 8 2 5 6
20141218 8 7 5 1 5 4
20141218 9 7 2 4 5 2
20141218 10 5 7 3 4 5
20141219 1 3 4 7 0 0
20141219 2 2 5 1 0 0
20141219 3 5 4 7 0 0
20141219 4 5 2 7 0 0
20141219 5 7 4 5 0 0
20141219 6 5 3 9 4 3
20141219 7 6 9 4 5 6
20141219 8 3 1 5 3 1
20141219 9 1 5 6 1 4
20141219 10 5 3 9 4 3
20141220 1 3 2 7 0 0
20141220 2 1 5 4 0 0
20141220 3 6 3 1 0 0
20141220 4 7 3 5 0 0
20141220 5 2 7 4 2 5
20141220 6 9 3 7 6 3
20141220 7 1 2 6 0 0
20141220 8 5 8 9 4 6
20141220 9 7 5 6 5 4
20141220 10 4 1 5 4 1
20150101 1 7 3 1 5 3
20150101 2 2 9 3 2 6
20150101 3 7 5 1 5 4
20150101 4 9 5 2 6 4
20150101 5 6 3 8 5 3
20150101 6 4 2 6 0 0
20150101 7 3 1 4 0 0
20150101 8 5 1 7 4 1
20150101 9 4 2 3 4 2
20150101 10 9 1 4 6 1
20150101 11 3 7 1 3 5
20150102 1 4 9 1 4 6
20150102 2 3 5 7 3 4
20150102 3 1 9 2 1 6
20150102 4 2 5 3 2 4
20150102 5 9 2 7 6 2
20150102 6 7 6 1 0 0
20150102 7 2 5 3 0 0
20150102 8 5 2 6 4 2
20150102 9 5 6 7 4 5
20150102 10 4 1 9 4 1
20150102 11 1 5 3 1 4
20150102 12 9 1 4 6 1
20150103 1 3 9 7 3 6
20150103 2 1 7 5 1 5
20150103 3 7 2 9 5 2
20150103 4 1 9 3 1 6
20150103 5 4 2 5 0 0
20150103 6 3 8 7 3 6
20150103 7 3 5 1 3 4
20150103 8 2 4 5 2 4
20150103 9 4 6 2 0 0
20150103 10 7 9 1 5 6
20150103 11 7 2 8 5 2
20150103 12 4 1 5 4 1
20150119 1 3 1 7 0 0
20150119 2 1 7 2 0 0
20150119 3 5 1 3 0 0
20150119 4 4 2 7 0 0
20150119 5 1 6 2 0 0
20150119 6 1 5 7 1 4
20150119 7 2 7 6 2 5
20150119 8 8 1 4 6 1
20150119 9 7 3 6 5 3
20150119 10 2 4 3 2 4
20150120 1 4 6 7 0 0
20150120 2 4 1 6 0 0
20150120 3 3 4 5 0 0
20150120 4 1 4 3 0 0
20150120 5 3 4 2 0 0
20150120 6 9 3 7 6 3
20150120 7 7 1 5 5 1
20150120 8 6 5 2 5 4
20150120 9 7 5 3 5 4
20150120 10 5 3 2 4 3
20150121 1 7 3 2 0 0
20150121 2 5 3 6 0 0
20150121 3 6 1 3 0 0
20150121 4 5 6 1 0 0
20150121 5 1 7 4 1 5
20150121 6 9 8 1 6 6
20150121 7 1 3 2 0 0
20150121 8 5 3 7 4 3
20150121 9 7 1 8 5 1
20150121 10 3 5 4 3 4
20150224 1 4 6 2 0 0
20150224 2 5 2 1 0 0
20150224 3 3 7 2 0 0
20150224 4 4 3 2 0 0
20150224 5 1 7 5 0 0
20150224 6 3 5 1 3 4
20150224 7 5 7 1 4 5
20150224 8 2 7 9 2 5
20150224 9 4 1 7 4 1
20150224 10 1 2 7 1 2
20150225 1 3 1 7 0 0
20150225 2 5 2 1 0 0
20150225 3 7 2 4 0 0
20150225 4 5 3 4 0 0
20150225 5 7 5 1 0 0
20150225 6 4 6 2 4 5
20150225 7 9 1 8 6 1
20150225 8 2 7 4 2 5
20150225 9 1 3 7 1 3
20150225 10 9 1 5 6 1
20150226 1 7 3 1 0 0
20150226 2 1 2 3 0 0
20150226 3 7 1 5 0 0
20150226 4 4 5 6 0 0
20150226 5 7 5 1 5 4
20150226 6 2 5 6 2 4
20150226 7 3 7 2 0 0
20150226 8 3 1 8 3 1
20150226 9 3 5 1 3 4
20150226 10 7 5 9 5 4
20150317 1 3 7 1 0 0
20150317 2 4 1 7 0 0
20150317 3 7 3 4 0 0
20150317 4 5 4 2 0 0
20150317 5 7 4 2 0 0
20150317 6 9 7 4 6 5
20150317 7 9 5 1 6 4
20150317 8 1 7 3 1 5
20150317 9 5 1 7 4 1
20150317 10 4 2 1 4 2
20150318 1 7 3 5 0 0
20150318 2 4 2 7 0 0
20150318 3 2 5 4 0 0
20150318 4 7 4 1 0 0
20150318 5 2 4 3 0 0
20150318 6 2 9 6 2 6
20150318 7 2 5 1 2 4
20150318 8 3 7 2 3 5
20150318 9 1 7 3 1 5
20150318 10 1 7 5 1 5
20150319 1 5 1 6 0 0
20150319 2 1 2 5 0 0
20150319 3 7 4 5 0 0
20150319 4 5 4 1 0 0
20150319 5 1 9 6 1 6
20150319 6 7 3 4 5 3
20150319 7 5 1 6 0 0
20150319 8 9 3 4 6 3
20150319 9 9 1 5 6 1
20150319 10 9 2 3 6 2
20150409 1 5 7 2 0 0
20150409 2 2 7 1 0 0
20150409 3 3 7 1 0 0
20150409 4 5 7 4 0 0
20150409 5 7 1 4 0 0
20150409 6 9 1 2 6 1
20150409 7 8 5 7 6 4
20150409 8 9 2 3 6 2
20150409 9 3 2 7 3 2
20150409 10 9 3 5 6 3
20150410 1 2 3 1 0 0
20150410 2 4 7 5 0 0
20150410 3 4 2 7 0 0
20150410 4 2 7 1 0 0
20150410 5 3 5 1 0 0
20150410 6 3 5 6 3 4
20150410 7 7 5 4 5 4
20150410 8 9 7 4 6 5
20150410 9 4 7 5 4 5
20150410 10 2 5 7 2 4
20150411 1 4 5 2 0 0
20150411 2 7 3 2 0 0
20150411 3 3 5 1 0 0
20150411 4 2 6 3 0 0
20150411 5 8 1 5 6 1
20150411 6 9 7 3 6 5
20150411 7 7 5 1 0 0
20150411 8 3 2 5 3 2
20150411 9 5 3 9 4 3
20150411 10 2 8 9 2 6
20150515 1 2 5 7 0 0
20150515 2 1 2 5 0 0
20150515 3 1 5 3 0 0
20150515 4 4 5 7 0 0
20150515 5 5 1 3 0 0
20150515 6 6 2 7 0 0
20150515 7 7 4 6 0 0
20150515 8 8 2 3 6 2
20150515 9 3 7 5 3 5
20150515 10 1 9 7 1 6
20150515 11 7 2 9 5 2
20150515 12 1 6 3 1 5
20150516 1 3 7 2 0 0
20150516 2 1 3 2 0 0
20150516 3 4 5 7 0 0
20150516 4 5 1 3 0 0
20150516 5 7 1 4 0 0
20150516 6 3 2 4 0 0
20150516 7 1 3 4 0 0
20150516 8 6 4 3 5 4
20150516 9 7 1 9 5 1
20150516 10 3 5 1 3 4
20150516 11 1 5 9 1 4
20150516 12 7 9 3 5 6
20150517 1 7 5 1 0 0
20150517 2 5 2 1 0 0
20150517 3 7 3 1 0 0
20150517 4 5 2 7 0 0
20150517 5 4 1 3 0 0
20150517 6 2 1 8 2 1
20150517 7 2 5 9 2 4
20150517 8 7 4 1 0 0
20150517 9 2 1 6 0 0
20150517 10 1 4 7 1 4
20150517 11 3 7 1 3 5
20150517 12 3 1 7 3 1
20150520 1 3 7 9 3 5
20150520 2 7 5 1 5 4
20150520 3 1 7 2 1 5
20150520 4 3 8 5 3 6
20150520 5 1 3 7 1 3
20150520 6 2 9 7 2 6
20150520 7 9 3 7 6 3
20150520 8 1 5 2 1 4
20150520 9 3 5 7 3 4
20150520 10 5 1 9 4 1
20150520 11 9 8 2 6 6
20150521 1 1 3 5 1 3
20150521 2 1 9 3 1 6
20150521 3 4 2 9 4 2
20150521 4 3 7 9 3 5
20150521 5 1 2 8 1 2
20150521 6 8 7 3 6 5
20150521 7 5 1 9 4 1
20150521 8 7 2 5 5 2
20150521 9 3 4 8 3 4
20150521 10 3 9 5 3 6
20150521 11 2 3 9 2 3
20150522 1 3 7 1 3 5
20150522 2 1 5 9 1 4
20150522 3 2 5 7 2 4
20150522 4 5 1 2 4 1
20150522 5 3 5 7 3 4
20150522 6 1 6 5 1 5
20150522 7 3 7 4 3 5
20150522 8 1 3 7 1 3
20150522 9 2 6 9 2 5
20150522 10 7 5 1 5 4
20150522 11 6 1 4 5 1
20150612 1 3 7 1 0 0
20150612 2 4 5 3 0 0
20150612 3 1 7 5 0 0
20150612 4 7 4 1 0 0
20150612 5 5 3 1 0 0
20150612 6 9 1 7 6 1
20150612 7 5 8 4 4 6
20150612 8 9 1 8 6 1
20150612 9 2 1 4 2 1
20150612 10 2 5 8 2 4
20150613 1 4 7 3 0 0
20150613 2 7 3 1 0 0
20150613 3 3 7 4 0 0
20150613 4 1 6 7 0 0
20150613 5 4 2 3 0 0
20150613 6 5 2 3 4 2
20150613 7 1 2 9 1 2
20150613 8 3 9 5 3 6
20150613 9 7 6 9 5 5
20150613 10 7 9 5 5 6
20150614 1 3 2 4 0 0
20150614 2 2 5 3 0 0
20150614 3 7 4 3 0 0
20150614 4 1 5 7 0 0
20150614 5 5 4 7 4 4
20150614 6 5 6 2 4 5
20150614 7 2 3 1 0 0
20150614 8 2 4 1 2 4
20150614 9 9 6 2 6 5
20150614 10 9 1 5 6 1
20150716 1 3 7 2 0 0
20150716 2 4 2 1 0 0
20150716 3 3 5 7 0 0
20150716 4 3 7 1 0 0
20150716 5 5 1 2 0 0
20150716 6 4 3 7 4 3
20150716 7 9 5 1 6 4
20150716 8 5 1 7 4 1
20150716 9 5 7 4 4 5
20150716 10 3 5 9 3 4
20150717 1 1 3 4 0 0
20150717 2 3 6 1 0 0
20150717 3 7 3 2 0 0
20150717 4 4 5 2 0 0
20150717 5 2 4 1 0 0
20150717 6 3 5 2 3 4
20150717 7 2 5 8 2 4
20150717 8 5 3 7 4 3
20150717 9 7 1 2 5 1
20150717 10 9 8 3 6 6
20150718 1 7 2 1 0 0
20150718 2 5 1 2 0 0
20150718 3 1 4 3 0 0
20150718 4 4 2 3 0 0
20150718 5 1 3 7 1 3
20150718 6 1 2 4 1 2
20150718 7 5 3 2 0 0
20150718 8 1 3 9 1 3
20150718 9 1 9 5 1 6
20150718 10 3 4 5 3 4
