20120210 1 7 2 9 5 2
20120210 2 2 5 3 2 4
20120210 3 5 9 1 4 6
20120210 4 4 2 1 4 2
20120210 5 7 1 3 5 1
20120210 6 9 2 6 6 2
20120210 7 2 9 4 2 6
20120210 8 3 5 4 3 4
20120210 9 2 7 3 2 5
20120210 10 6 8 2 5 6
20120210 11 3 9 4 3 6
20120210 12 3 7 9 3 5
20120211 1 5 1 2 4 1
20120211 2 9 7 5 6 5
20120211 3 3 1 4 3 1
20120211 4 7 3 1 5 3
20120211 5 5 1 7 4 1
20120211 6 2 1 9 2 1
20120211 7 5 3 7 4 3
20120211 8 9 1 3 6 1
20120211 9 2 1 5 2 1
20120211 10 7 3 2 5 3
20120211 11 1 4 5 1 4
20120211 12 7 5 3 5 4
20120212 1 7 1 5 5 1
20120212 2 2 5 1 2 4
20120212 3 3 1 8 3 1
20120212 4 5 2 9 4 2
20120212 5 9 3 5 6 3
20120212 6 9 1 4 6 1
20120212 7 2 7 5 2 5
20120212 8 2 6 5 2 5
20120212 9 9 7 5 6 5
20120212 10 2 9 3 2 6
20120212 11 1 7 9 1 5
20120212 12 8 3 5 6 3
20120218 1 2 1 4 0 0
20120218 2 3 2 4 0 0
20120218 3 3 2 4 0 0
20120218 4 4 3 5 0 0
20120218 5 5 1 2 0 0
20120218 6 5 3 7 4 3
20120218 7 5 2 3 4 2
20120218 8 9 8 1 6 6
20120218 9 9 4 7 6 4
20120218 10 1 5 7 1 4
20120218 11 7 2 8 5 2
20120219 1 7 2 5 0 0
20120219 2 3 1 4 0 0
20120219 3 1 5 4 0 0
20120219 4 4 3 2 0 0
20120219 5 5 6 2 0 0
20120219 6 7 2 1 5 2
20120219 7 7 3 1 5 3
20120219 8 2 4 3 2 4
20120219 9 3 7 8 3 5
20120219 10 9 3 2 6 3
20120219 11 2 7 6 2 5
20120220 1 2 4 5 0 0
20120220 2 5 2 3 0 0
20120220 3 2 1 7 0 0
20120220 4 1 5 4 0 0
20120220 5 5 7 4 0 0
20120220 6 6 8 3 5 6
20120220 7 4 7 3 4 5
20120220 8 7 2 5 5 2
20120220 9 3 8 9 3 6
20120220 10 9 2 1 6 2
20120220 11 4 3 7 4 3
20120310 1 1 5 3 0 0
20120310 2 2 4 7 0 0
20120310 3 3 5 2 0 0
20120310 4 4 1 7 0 0
20120310 5 5 7 2 0 0
20120310 6 2 5 3 2 4
20120310 7 3 1 5 3 1
20120310 8 2 7 3 2 5
20120310 9 1 6 7 1 5
20120310 10 7 1 3 5 1
20120310 11 6 2 4 5 2
20120311 1 3 4 2 0 0
20120311 2 2 1 3 0 0
20120311 3 3 2 4 0 0
20120311 4 2 1 5 0 0
20120311 5 1 2 5 0 0
20120311 6 8 3 9 6 3
20120311 7 9 1 7 6 1
20120311 8 8 1 6 6 1
20120311 9 2 9 1 2 6
20120311 10 9 1 5 6 1
20120311 11 2 1 5 2 1
20120312 1 5 2 7 0 0
20120312 2 5 2 3 0 0
20120312 3 5 7 3 0 0
20120312 4 2 4 1 0 0
20120312 5 5 2 3 0 0
20120312 6 4 8 2 4 6
20120312 7 7 2 1 5 2
20120312 8 2 9 1 2 6
20120312 9 9 2 1 6 2
20120312 10 5 2 9 4 2
20120312 11 6 1 9 5 1
20120413 1 5 7 4 4 5
20120413 2 5 2 9 4 2
20120413 3 2 9 7 2 6
20120413 4 1 7 5 1 5
20120413 5 5 1 8 4 1
20120413 6 5 9 2 4 6
20120413 7 5 8 2 4 6
20120413 8 1 7 3 1 5
20120413 9 7 2 5 5 2
20120413 10 2 8 1 2 6
20120413 11 5 7 2 4 5
20120413 12 6 9 8 5 6
20120414 1 1 2 9 1 2
20120414 2 3 5 9 3 4
20120414 3 9 5 6 6 4
20120414 4 7 5 2 5 4
20120414 5 2 6 9 2 5
20120414 6 9 3 2 6 3
20120414 7 5 9 7 4 6
20120414 8 5 2 8 4 2
20120414 9 2 7 4 2 5
20120414 10 3 5 2 3 4
20120414 11 3 7 5 3 5
20120414 12 3 5 7 3 4
20120415 1 7 1 5 5 1
20120415 2 4 3 9 4 3
20120415 3 1 5 7 1 4
20120415 4 1 7 6 1 5
20120415 5 1 7 6 1 5
20120415 6 7 8 2 5 6
20120415 7 2 5 8 2 4
20120415 8 9 2 1 6 2
20120415 9 5 3 4 4 3
20120415 10 3 9 2 3 6
20120415 11 1 7 5 1 5
20120415 12 7 2 5 5 2
20120501 1 7 4 5 0 0
20120501 2 7 5 2 0 0
20120501 3 3 4 6 0 0
20120501 4 4 2 5 0 0
20120501 5 5 3 1 0 0
20120501 6 2 5 9 2 4
20120501 7 6 4 7 5 4
20120501 8 2 3 7 2 3
20120501 9 9 3 7 6 3
20120501 10 1 7 2 1 5
20120501 11 5 1 7 4 1
20120502 1 3 4 5 0 0
20120502 2 5 7 1 0 0
20120502 3 5 2 4 0 0
20120502 4 7 1 3 0 0
20120502 5 3 5 2 0 0
20120502 6 4 2 5 4 2
20120502 7 9 1 3 6 1
20120502 8 9 3 6 6 3
20120502 9 3 2 9 3 2
20120502 10 3 7 2 3 5
20120502 11 1 5 3 1 4
20120503 1 1 4 2 0 0
20120503 2 1 5 2 0 0
20120503 3 2 7 1 0 0
20120503 4 7 2 5 0 0
20120503 5 1 4 5 0 0
20120503 6 1 8 7 1 6
20120503 7 5 9 6 4 6
20120503 8 7 9 1 5 6
20120503 9 5 2 3 4 2
20120503 10 9 2 3 6 2
20120503 11 2 7 4 2 5
20120520 1 4 5 1 4 4
20120520 2 3 7 4 3 5
20120520 3 3 1 8 3 1
20120520 4 2 9 1 2 6
20120520 5 3 5 7 3 4
20120520 6 2 1 5 2 1
20120520 7 2 5 6 2 4
20120520 8 9 7 4 6 5
20120520 9 2 1 3 2 1
20120520 10 3 2 6 3 2
20120520 11 7 9 1 5 6
20120520 12 9 2 1 6 2
20120521 1 2 9 6 2 6
20120521 2 3 9 5 3 6
20120521 3 2 1 7 2 1
20120521 4 5 9 7 4 6
20120521 5 2 7 5 2 5
20120521 6 1 7 8 1 5
20120521 7 3 6 8 3 5
20120521 8 1 5 2 1 4
20120521 9 2 7 3 2 5
20120521 10 3 2 7 3 2
20120521 11 2 9 3 2 6
20120521 12 1 5 2 1 4
20120522 1 1 3 6 1 3
20120522 2 6 2 1 5 2
20120522 3 4 2 7 4 2
20120522 4 3 9 5 3 6
20120522 5 5 1 7 4 1
20120522 6 3 1 9 3 1
20120522 7 9 7 2 6 5
20120522 8 8 2 9 6 2
20120522 9 8 9 6 6 6
20120522 10 2 3 8 2 3
20120522 11 2 1 4 2 1
20120522 12 2 5 7 2 4
20120602 1 1 3 5 1 3
20120602 2 7 3 4 5 3
20120602 3 5 1 2 4 1
20120602 4 4 2 7 4 2
20120602 5 5 3 9 4 3
20120602 6 2 3 8 2 3
20120602 7 1 7 5 1 5
20120602 8 5 3 9 4 3
20120602 9 7 5 1 5 4
20120602 10 2 3 7 2 3
20120602 11 5 9 1 4 6
20120602 12 7 2 8 5 2
20120603 1 9 1 5 6 1
20120603 2 1 8 2 1 6
20120603 3 1 7 5 1 5
20120603 4 2 3 5 2 3
20120603 5 9 7 2 6 5
20120603 6 1 3 5 1 3
20120603 7 9 5 3 6 4
20120603 8 8 2 5 6 2
20120603 9 3 6 5 3 5
20120603 10 7 1 3 5 1
20120603 11 1 2 5 1 2
20120603 12 7 2 1 5 2
20120604 1 7 4 1 5 4
20120604 2 9 7 1 6 5
20120604 3 5 1 7 4 1
20120604 4 4 2 3 4 2
20120604 5 5 1 2 4 1
20120604 6 2 7 6 2 5
20120604 7 5 1 9 4 1
20120604 8 4 2 9 4 2
20120604 9 2 5 9 2 4
20120604 10 2 4 7 2 4
20120604 11 9 1 2 6 1
20120604 12 4 1 9 4 1
20120618 1 4 2 7 0 0
20120618 2 2 3 7 0 0
20120618 3 4 2 1 0 0
20120618 4 4 1 3 0 0
20120618 5 5 1 2 0 0
20120618 6 7 9 6 5 6
20120618 7 9 4 7 6 4
20120618 8 9 4 3 6 4
20120618 9 5 3 7 4 3
20120618 10 9 1 5 6 1
20120618 11 3 6 2 3 5
20120619 1 1 4 5 0 0
20120619 2 2 7 1 0 0
20120619 3 4 2 3 0 0
20120619 4 1 3 4 0 0
20120619 5 2 1 7 0 0
20120619 6 1 5 9 1 4
20120619 7 7 9 2 5 6
20120619 8 1 8 5 1 6
20120619 9 9 1 5 6 1
20120619 10 2 5 4 2 4
20120619 11 9 5 4 6 4
20120620 1 2 1 7 0 0
20120620 2 7 5 2 0 0
20120620 3 2 5 3 0 0
20120620 4 2 7 6 0 0
20120620 5 5 3 1 0 0
20120620 6 9 2 7 6 2
20120620 7 7 5 9 5 4
20120620 8 2 9 4 2 6
20120620 9 7 8 1 5 6
20120620 10 7 8 5 5 6
20120620 11 5 7 9 4 5
20120701 1 2 4 6 0 0
20120701 2 4 2 7 0 0
20120701 3 2 3 1 0 0
20120701 4 1 3 6 0 0
20120701 5 2 1 5 0 0
20120701 6 6 2 5 5 2
20120701 7 1 5 2 1 4
20120701 8 1 9 3 1 6
20120701 9 1 7 8 1 5
20120701 10 7 1 3 5 1
20120701 11 7 2 8 5 2
20120702 1 7 1 2 0 0
20120702 2 5 2 3 0 0
20120702 3 5 6 2 0 0
20120702 4 2 5 7 0 0
20120702 5 1 3 6 0 0
20120702 6 1 7 4 1 5
20120702 7 4 5 9 4 4
20120702 8 5 2 7 4 2
20120702 9 5 1 2 4 1
20120702 10 1 2 5 1 2
20120702 11 9 7 4 6 5
20120703 1 2 5 4 0 0
20120703 2 1 7 4 0 0
20120703 3 7 1 3 0 0
20120703 4 2 4 6 0 0
20120703 5 7 4 5 5 4
20120703 6 3 4 1 3 4
20120703 7 5 1 7 0 0
20120703 8 1 4 5 1 4
20120703 9 3 5 2 3 4
20120703 10 4 7 1 4 5
20120703 11 3 4 9 3 4
20120817 1 2 7 6 2 5
20120817 2 1 5 9 1 4
20120817 3 7 1 3 5 1
20120817 4 3 9 6 3 6
20120817 5 9 1 5 6 1
20120817 6 2 9 3 2 6
20120817 7 1 4 9 1 4
20120817 8 1 7 2 1 5
20120817 9 2 7 4 2 5
20120817 10 1 9 3 1 6
20120817 11 3 4 5 3 4
20120818 1 3 7 4 3 5
20120818 2 3 9 7 3 6
20120818 3 3 6 4 3 5
20120818 4 9 5 1 6 4
20120818 5 2 5 1 2 4
20120818 6 2 7 1 2 5
20120818 7 2 1 3 2 1
20120818 8 9 8 7 6 6
20120818 9 4 3 8 4 3
20120818 10 2 7 9 2 5
20120818 11 1 3 2 1 3
20120819 1 7 3 2 5 3
20120819 2 2 5 9 2 4
20120819 3 1 3 4 1 3
20120819 4 2 9 1 2 6
20120819 5 3 1 9 3 1
20120819 6 7 1 5 5 1
20120819 7 2 3 7 2 3
20120819 8 1 5 4 1 4
20120819 9 9 1 5 6 1
20120819 10 2 7 4 2 5
20120819 11 9 6 1 6 5
20120824 1 4 5 1 0 0
20120824 2 5 4 2 0 0
20120824 3 2 3 4 0 0
20120824 4 1 4 6 0 0
20120824 5 5 1 4 0 0
20120824 6 7 2 1 5 2
20120824 7 1 5 3 1 4
20120824 8 7 5 2 5 4
20120824 9 7 1 9 5 1
20120824 10 5 9 1 4 6
20120824 11 1 4 7 1 4
20120825 1 7 2 4 0 0
20120825 2 1 4 2 0 0
20120825 3 5 4 2 0 0
20120825 4 4 2 3 0 0
20120825 5 1 4 7 0 0
20120825 6 5 8 9 4 6
20120825 7 4 9 2 4 6
20120825 8 8 5 9 6 4
20120825 9 1 3 5 1 3
20120825 10 1 3 4 1 3
20120825 11 7 2 5 5 2
20120826 1 3 1 5 0 0
20120826 2 4 7 2 0 0
20120826 3 1 7 3 0 0
20120826 4 2 5 1 0 0
20120826 5 1 4 5 1 4
20120826 6 9 1 4 6 1
20120826 7 2 7 1 0 0
20120826 8 2 5 7 2 4
20120826 9 5 1 7 4 1
20120826 10 5 2 3 4 2
20120826 11 5 4 9 4 4
20120929 1 4 1 3 0 0
20120929 2 2 7 1 0 0
20120929 3 3 4 5 0 0
20120929 4 4 7 2 0 0
20120929 5 5 7 1 0 0
20120929 6 1 5 2 1 4
20120929 7 7 2 5 5 2
20120929 8 2 5 8 2 4
20120929 9 7 9 3 5 6
20120929 10 2 5 6 2 4
20120929 11 4 9 7 4 6
20120930 1 5 1 4 0 0
20120930 2 7 1 5 0 0
20120930 3 3 1 5 0 0
20120930 4 1 2 3 0 0
20120930 5 4 6 7 0 0
20120930 6 2 9 8 2 6
20120930 7 2 7 3 2 5
20120930 8 9 3 7 6 3
20120930 9 5 3 9 4 3
20120930 10 4 6 3 4 5
20120930 11 2 5 1 2 4
20121001 1 1 5 3 0 0
20121001 2 2 7 6 0 0
20121001 3 3 2 6 0 0
20121001 4 4 3 1 0 0
20121001 5 5 1 8 4 1
20121001 6 2 1 7 2 1
20121001 7 4 1 7 0 0
20121001 8 7 2 1 5 2
20121001 9 3 7 2 3 5
20121001 10 9 6 3 6 5
20121001 11 9 3 1 6 3
20121008 1 7 2 1 0 0
20121008 2 2 5 1 0 0
20121008 3 3 4 5 0 0
20121008 4 4 5 1 0 0
20121008 5 1 5 4 0 0
20121008 6 2 5 3 2 4
20121008 7 3 9 7 3 6
20121008 8 5 3 1 4 3
20121008 9 7 2 8 5 2
20121008 10 2 3 5 2 3
20121008 11 2 3 7 2 3
20121009 1 2 1 7 0 0
20121009 2 7 1 5 0 0
20121009 3 5 4 7 0 0
20121009 4 7 2 4 0 0
20121009 5 2 4 7 0 0
20121009 6 2 7 3 2 5
20121009 7 5 1 8 4 1
20121009 8 5 3 7 4 3
20121009 9 7 8 1 5 6
20121009 10 2 5 8 2 4
20121009 11 2 9 5 2 6
20121010 1 7 2 5 0 0
20121010 2 5 2 3 0 0
20121010 3 1 3 5 0 0
20121010 4 7 4 6 0 0
20121010 5 2 9 1 2 6
20121010 6 7 2 3 5 2
20121010 7 3 1 2 0 0
20121010 8 3 7 5 3 5
20121010 9 1 5 9 1 4
20121010 10 1 5 7 1 4
20121010 11 3 5 7 3 4
20121015 1 4 2 1 0 0
20121015 2 5 3 6 0 0
20121015 3 1 3 7 0 0
20121015 4 1 4 5 0 0
20121015 5 5 3 2 0 0
20121015 6 4 3 1 4 3
20121015 7 3 5 8 3 4
20121015 8 7 1 8 5 1
20121015 9 3 1 4 3 1
20121015 10 2 9 7 2 6
20121015 11 3 1 5 3 1
20121016 1 1 4 2 0 0
20121016 2 3 6 5 0 0
20121016 3 2 7 1 0 0
20121016 4 5 2 3 0 0
20121016 5 3 2 7 0 0
20121016 6 1 7 3 1 5
20121016 7 5 2 7 4 2
20121016 8 3 7 9 3 5
20121016 9 2 5 1 2 4
20121016 10 4 1 9 4 1
20121016 11 1 9 7 1 6
20121017 1 1 4 5 0 0
20121017 2 3 5 1 0 0
20121017 3 1 3 4 0 0
20121017 4 3 4 2 0 0
20121017 5 3 7 1 3 5
20121017 6 2 9 1 2 6
20121017 7 7 2 1 0 0
20121017 8 1 5 2 1 4
20121017 9 5 3 2 4 3
20121017 10 6 7 1 5 5
20121017 11 4 8 3 4 6
20121116 1 9 3 7 6 3
20121116 2 1 8 3 1 6
20121116 3 1 7 3 1 5
20121116 4 5 3 1 4 3
20121116 5 7 5 2 5 4
20121116 6 2 5 4 2 4
20121116 7 5 1 6 4 1
20121116 8 7 1 3 5 1
20121116 9 8 5 3 6 4
20121116 10 3 1 7 3 1
20121116 11 2 3 8 2 3
20121117 1 1 3 5 1 3
20121117 2 2 3 1 2 3
20121117 3 7 2 5 5 2
20121117 4 7 6 3 5 5
20121117 5 5 1 7 4 1
20121117 6 1 7 9 1 5
20121117 7 3 1 4 3 1
20121117 8 5 2 9 4 2
20121117 9 7 3 6 5 3
20121117 10 3 9 2 3 6
20121117 11 7 1 2 5 1
20121118 1 7 4 3 5 4
20121118 2 2 9 5 2 6
20121118 3 7 4 9 5 4
20121118 4 2 1 6 2 1
20121118 5 2 7 6 2 5
20121118 6 1 7 2 1 5
20121118 7 2 1 9 2 1
20121118 8 8 3 2 6 3
20121118 9 3 9 2 3 6
20121118 10 8 7 1 6 5
20121118 11 2 4 3 2 4
20121207 1 3 1 9 3 1
20121207 2 2 5 1 2 4
20121207 3 5 1 4 4 1
20121207 4 7 9 1 5 6
20121207 5 2 7 5 2 5
20121207 6 1 5 7 1 4
20121207 7 3 8 9 3 6
20121207 8 9 7 3 6 5
20121207 9 2 5 7 2 4
20121207 10 7 1 5 5 1
20121207 11 1 3 7 1 3
20121208 1 3 1 5 3 1
20121208 2 8 2 7 6 2
20121208 3 5 3 1 4 3
20121208 4 7 3 4 5 3
20121208 5 3 7 9 3 5
20121208 6 5 1 9 4 1
20121208 7 2 3 1 2 3
20121208 8 1 3 7 1 3
20121208 9 3 8 6 3 6
20121208 10 1 3 2 1 3
20121208 11 3 7 4 3 5
20121209 1 7 5 3 5 4
20121209 2 1 9 7 1 6
20121209 3 2 5 7 2 4
20121209 4 9 1 8 6 1
20121209 5 1 7 2 1 5
20121209 6 7 3 8 5 3
20121209 7 1 9 3 1 6
20121209 8 7 1 5 5 1
20121209 9 5 8 7 4 6
20121209 10 3 5 2 3 4
20121209 11 4 9 7 4 6
20121222 1 1 4 5 0 0
20121222 2 2 3 7 0 0
20121222 3 2 7 1 0 0
20121222 4 4 1 7 0 0
20121222 5 3 7 5 0 0
20121222 6 7 3 5 5 3
20121222 7 2 7 1 2 5
20121222 8 7 4 1 5 4
20121222 9 3 5 1 3 4
20121222 10 9 5 3 6 4
20121222 11 1 2 5 1 2
20121223 1 2 3 7 0 0
20121223 2 2 5 3 0 0
20121223 3 7 5 2 0 0
20121223 4 7 1 3 0 0
20121223 5 7 2 5 0 0
20121223 6 9 3 5 6 3
20121223 7 7 1 2 5 1
20121223 8 5 4 9 4 4
20121223 9 2 7 3 2 5
20121223 10 5 2 4 4 2
20121223 11 2 5 3 2 4
20121224 1 7 4 6 0 0
20121224 2 4 5 2 0 0
20121224 3 4 2 1 0 0
20121224 4 3 2 5 0 0
20121224 5 5 7 2 4 5
20121224 6 1 2 4 1 2
20121224 7 4 2 3 0 0
20121224 8 5 1 8 4 1
20121224 9 2 3 9 2 3
20121224 10 3 5 9 3 4
20121224 11 8 7 3 6 5
20130119 1 1 5 2 1 4
20130119 2 7 3 5 5 3
20130119 3 2 6 7 2 5
20130119 4 3 9 2 3 6
20130119 5 1 7 8 1 5
20130119 6 3 5 6 3 4
20130119 7 7 1 5 5 1
20130119 8 2 3 1 2 3
20130119 9 2 1 3 2 1
20130119 10 3 2 8 3 2
20130119 11 7 3 2 5 3
20130120 1 4 7 8 4 5
20130120 2 3 9 6 3 6
20130120 3 1 5 4 1 4
20130120 4 5 1 7 4 1
20130120 5 9 3 2 6 3
20130120 6 3 7 1 3 5
20130120 7 3 7 8 3 5
20130120 8 6 5 7 5 4
20130120 9 1 4 9 1 4
20130120 10 1 7 4 1 5
20130120 11 9 2 1 6 2
20130121 1 5 3 6 4 3
20130121 2 3 1 8 3 1
20130121 3 6 2 3 5 2
20130121 4 6 1 7 5 1
20130121 5 9 4 5 6 4
20130121 6 3 1 2 3 1
20130121 7 3 5 7 3 4
20130121 8 1 9 8 1 6
20130121 9 3 1 2 3 1
20130121 10 2 1 3 2 1
20130121 11 7 3 5 5 3
20130122 1 7 5 4 5 4
20130122 2 7 5 3 5 4
20130122 3 3 7 4 3 5
20130122 4 8 3 1 6 3
20130122 5 5 1 6 4 1
20130122 6 2 6 5 2 5
20130122 7 9 4 5 6 4
20130122 8 9 4 5 6 4
20130122 9 5 2 9 4 2
20130122 10 5 1 7 4 1
20130122 11 1 7 4 1 5
20130202 1 2 7 5 0 0
20130202 2 2 3 4 0 0
20130202 3 3 2 7 0 0
20130202 4 4 5 1 0 0
20130202 5 5 2 1 0 0
20130202 6 9 3 4 6 3
20130202 7 5 3 9 4 3
20130202 8 7 2 4 5 2
20130202 9 9 2 1 6 2
20130202 10 7 3 1 5 3
20130202 11 2 5 8 2 4
20130203 1 3 5 6 0 0
20130203 2 2 3 6 0 0
20130203 3 7 2 5 0 0
20130203 4 2 4 6 0 0
20130203 5 7 3 1 0 0
20130203 6 9 5 4 6 4
20130203 7 2 9 5 2 6
20130203 8 1 3 8 1 3
20130203 9 2 5 9 2 4
20130203 10 7 3 5 5 3
20130203 11 9 5 2 6 4
20130204 1 5 4 1 0 0
20130204 2 2 6 5 0 0
20130204 3 1 7 4 0 0
20130204 4 3 2 7 0 0
20130204 5 5 7 9 4 5
20130204 6 5 9 1 4 6
20130204 7 4 3 5 0 0
20130204 8 4 7 2 4 5
20130204 9 7 2 9 5 2
20130204 10 2 7 5 2 5
20130204 11 5 2 3 4 2
20130214 1 7 3 1 0 0
20130214 2 2 3 5 0 0
20130214 3 3 5 4 0 0
20130214 4 4 7 3 0 0
20130214 5 5 1 4 0 0
20130214 6 9 7 1 6 5
20130214 7 7 2 5 5 2
20130214 8 2 3 5 2 3
20130214 9 7 9 2 5 6
20130214 10 7 2 5 5 2
20130214 11 5 3 1 4 3
20130215 1 2 4 1 0 0
20130215 2 7 1 2 0 0
20130215 3 2 7 6 0 0
20130215 4 6 5 2 0 0
20130215 5 3 4 6 0 0
20130215 6 3 5 1 3 4
20130215 7 2 5 9 2 4
20130215 8 3 4 9 3 4
20130215 9 5 6 8 4 5
20130215 10 2 9 3 2 6
20130215 11 5 1 2 4 1
20130216 1 3 4 5 0 0
20130216 2 5 2 3 0 0
20130216 3 7 4 3 0 0
20130216 4 4 3 1 0 0
20130216 5 2 9 7 2 6
20130216 6 1 5 2 1 4
20130216 7 4 5 2 0 0
20130216 8 3 1 6 3 1
20130216 9 2 1 7 2 1
20130216 10 9 2 3 6 2
20130216 11 8 2 5 6 2
20130309 1 1 7 5 0 0
20130309 2 2 7 4 0 0
20130309 3 3 2 5 0 0
20130309 4 4 2 1 0 0
20130309 5 5 3 4 0 0
20130309 6 2 4 5 2 4
20130309 7 1 5 7 1 4
20130309 8 1 9 3 1 6
20130309 9 2 5 1 2 4
20130309 10 8 2 9 6 2
20130309 11 2 6 3 2 5
20130310 1 1 4 5 0 0
20130310 2 2 5 4 0 0
20130310 3 1 3 5 0 0
20130310 4 4 3 1 0 0
20130310 5 1 2 4 0 0
20130310 6 9 6 3 6 5
20130310 7 5 3 8 4 3
20130310 8 2 1 6 2 1
20130310 9 2 5 3 2 4
20130310 10 5 1 3 4 1
20130310 11 9 1 7 6 1
20130311 1 7 4 3 0 0
20130311 2 2 6 4 0 0
20130311 3 5 3 2 0 0
20130311 4 6 5 3 0 0
20130311 5 2 1 7 2 1
20130311 6 6 3 9 5 3
20130311 7 6 2 7 0 0
20130311 8 3 2 4 3 2
20130311 9 2 5 3 2 4
20130311 10 9 4 5 6 4
20130311 11 8 1 9 6 1
20130316 1 1 5 2 0 0
20130316 2 7 4 1 0 0
20130316 3 5 1 3 0 0
20130316 4 7 2 1 0 0
20130316 5 4 1 7 0 0
20130316 6 1 9 5 1 6
20130316 7 5 3 2 4 3
20130316 8 3 7 4 3 5
20130316 9 7 4 3 5 4
20130316 10 5 9 1 4 6
20130316 11 5 6 9 4 5
20130317 1 5 2 3 0 0
20130317 2 2 6 4 0 0
20130317 3 3 1 2 0 0
20130317 4 2 4 5 0 0
20130317 5 5 2 4 0 0
20130317 6 8 6 7 6 5
20130317 7 5 1 7 4 1
20130317 8 2 8 9 2 6
20130317 9 5 1 9 4 1
20130317 10 2 1 8 2 1
20130317 11 8 5 6 6 4
20130318 1 1 3 2 0 0
20130318 2 7 5 4 0 0
20130318 3 2 1 6 0 0
20130318 4 5 4 1 0 0
20130318 5 7 4 5 5 4
20130318 6 9 2 8 6 2
20130318 7 5 4 3 0 0
20130318 8 3 7 9 3 5
20130318 9 7 9 3 5 6
20130318 10 5 9 3 4 6
20130318 11 3 9 4 3 6
20130415 1 1 8 7 1 6
20130415 2 9 1 7 6 1
20130415 3 5 3 8 4 3
20130415 4 3 2 7 3 2
20130415 5 1 5 7 1 4
20130415 6 5 1 2 4 1
20130415 7 7 1 3 5 1
20130415 8 2 5 9 2 4
20130415 9 1 8 9 1 6
20130415 10 3 7 9 3 5
20130415 11 3 5 6 3 4
20130416 1 9 3 5 6 3
20130416 2 2 3 8 2 3
20130416 3 5 2 9 4 2
20130416 4 1 9 3 1 6
20130416 5 2 4 5 2 4
20130416 6 7 3 9 5 3
20130416 7 5 1 7 4 1
20130416 8 3 7 9 3 5
20130416 9 2 6 1 2 5
20130416 10 9 3 2 6 3
20130416 11 2 5 7 2 4
20130417 1 1 4 9 1 4
20130417 2 7 9 5 5 6
20130417 3 7 3 5 5 3
20130417 4 1 9 4 1 6
20130417 5 5 7 8 4 5
20130417 6 5 2 6 4 2
20130417 7 9 8 6 6 6
20130417 8 3 1 5 3 1
20130417 9 9 4 8 6 4
20130417 10 9 5 3 6 4
20130417 11 2 7 9 2 5
20130430 1 1 5 4 0 0
20130430 2 2 7 5 0 0
20130430 3 3 1 2 0 0
20130430 4 7 1 4 0 0
20130430 5 5 3 2 0 0
20130430 6 8 9 7 6 6
20130430 7 5 2 1 4 2
20130430 8 4 5 3 4 4
20130430 9 7 2 3 5 2
20130430 10 3 4 9 3 4
20130501 1 3 4 2 0 0
20130501 2 3 4 6 0 0
20130501 3 3 5 7 0 0
20130501 4 4 7 5 0 0
20130501 5 4 1 3 0 0
20130501 6 3 7 9 3 5
20130501 7 2 7 4 2 5
20130501 8 2 5 1 2 4
20130501 9 2 7 9 2 5
20130501 10 1 5 8 1 4
20130502 1 1 4 5 0 0
20130502 2 7 5 3 0 0
20130502 3 2 7 3 0 0
20130502 4 5 2 4 0 0
20130502 5 5 3 8 4 3
20130502 6 5 9 2 4 6
20130502 7 2 5 1 0 0
20130502 8 2 8 4 2 6
20130502 9 3 7 1 3 5
20130502 10 4 2 6 4 2
20130518 1 7 1 5 0 0
20130518 2 3 7 6 0 0
20130518 3 3 7 4 0 0
20130518 4 2 4 5 0 0
20130518 5 5 1 2 0 0
20130518 6 6 5 4 0 0
20130518 7 7 3 1 0 0
20130518 8 1 9 7 1 6
20130518 9 3 7 2 3 5
20130518 10 1 5 8 1 4
20130518 11 3 1 2 3 1
20130518 12 2 5 3 2 4
20130519 1 1 3 5 0 0
20130519 2 2 3 7 0 0
20130519 3 7 5 1 0 0
20130519 4 5 1 2 0 0
20130519 5 7 5 2 0 0
20130519 6 3 7 2 0 0
20130519 7 3 2 6 0 0
20130519 8 3 7 9 3 5
20130519 9 2 9 6 2 6
20130519 10 5 2 1 4 2
20130519 11 3 5 1 3 4
20130519 12 5 2 7 4 2
20130520 1 1 5 7 0 0
20130520 2 2 5 4 0 0
20130520 3 4 1 2 0 0
20130520 4 6 4 1 0 0
20130520 5 2 4 3 0 0
20130520 6 9 1 5 6 1
20130520 7 7 3 9 5 3
20130520 8 2 3 6 0 0
20130520 9 5 2 4 0 0
20130520 10 8 3 9 6 3
20130520 11 7 2 1 5 2
20130520 12 9 3 8 6 3
20130603 1 5 3 8 4 3
20130603 2 7 5 8 5 4
20130603 3 7 3 2 5 3
20130603 4 3 4 9 3 4
20130603 5 1 9 3 1 6
20130603 6 4 2 5 4 2
20130603 7 2 5 9 2 4
20130603 8 3 5 7 3 4
20130603 9 9 4 3 6 4
20130603 10 9 1 2 6 1
20130603 11 2 9 4 2 6
20130604 1 3 1 5 3 1
20130604 2 1 2 5 1 2
20130604 3 1 8 7 1 6
20130604 4 7 1 3 5 1
20130604 5 7 2 4 5 2
20130604 6 5 1 7 4 1
20130604 7 2 7 9 2 5
20130604 8 7 9 3 5 6
20130604 9 2 1 6 2 1
20130604 10 9 1 5 6 1
20130604 11 1 3 6 1 3
20130605 1 1 2 9 1 2
20130605 2 2 9 7 2 6
20130605 3 2 7 9 2 5
20130605 4 7 3 1 5 3
20130605 5 8 1 9 6 1
20130605 6 1 2 4 1 2
20130605 7 9 6 5 6 5
20130605 8 8 1 5 6 1
20130605 9 9 3 7 6 3
20130605 10 1 2 7 1 2
20130605 11 7 9 3 5 6
20130628 1 5 2 4 0 0
20130628 2 2 5 4 0 0
20130628 3 5 1 7 0 0
20130628 4 4 7 5 0 0
20130628 5 2 1 7 0 0
20130628 6 4 9 6 4 6
20130628 7 3 2 6 3 2
20130628 8 3 9 5 3 6
20130628 9 9 5 4 6 4
20130628 10 3 7 5 3 5
20130629 1 1 5 2 0 0
20130629 2 2 7 4 0 0
20130629 3 3 5 1 0 0
20130629 4 4 3 7 0 0
20130629 5 5 3 1 0 0
20130629 6 9 7 6 6 5
20130629 7 7 5 9 5 4
20130629 8 7 2 9 5 2
20130629 9 5 3 9 4 3
20130629 10 3 9 2 3 6
20130630 1 3 2 4 0 0
20130630 2 4 7 5 0 0
20130630 3 4 1 6 0 0
20130630 4 4 7 1 0 0
20130630 5 2 9 4 2 6
20130630 6 2 1 5 2 1
20130630 7 1 3 5 0 0
20130630 8 1 3 9 1 3
20130630 9 4 3 9 4 3
20130630 10 1 5 3 1 4
20130709 1 1 4 3 0 0
20130709 2 2 5 7 0 0
20130709 3 3 4 7 0 0
20130709 4 2 5 4 0 0
20130709 5 5 7 4 0 0
20130709 6 9 3 7 6 3
20130709 7 4 7 2 4 5
20130709 8 1 5 7 1 4
20130709 9 7 3 2 5 3
20130709 10 4 6 5 4 5
20130710 1 7 1 5 0 0
20130710 2 2 7 3 0 0
20130710 3 2 7 1 0 0
20130710 4 3 1 5 0 0
20130710 5 7 3 6 0 0
20130710 6 9 3 7 6 3
20130710 7 7 8 3 5 6
20130710 8 7 1 8 5 1
20130710 9 9 1 7 6 1
20130710 10 2 7 9 2 5
20130711 1 7 2 6 0 0
20130711 2 5 2 6 0 0
20130711 3 3 5 4 0 0
20130711 4 3 6 2 0 0
20130711 5 3 2 8 3 2
20130711 6 1 2 4 1 2
20130711 7 3 7 1 0 0
20130711 8 5 1 8 4 1
20130711 9 8 7 1 6 5
20130711 10 1 2 9 1 2
20130716 1 1 4 3 0 0
20130716 2 2 4 1 0 0
20130716 3 7 1 5 0 0
20130716 4 4 7 5 0 0
20130716 5 5 1 7 0 0
20130716 6 9 1 2 6 1
20130716 7 2 5 1 2 4
20130716 8 5 1 6 4 1
20130716 9 5 3 7 4 3
20130716 10 1 5 9 1 4
20130717 1 1 7 2 0 0
20130717 2 2 7 4 0 0
20130717 3 7 2 1 0 0
20130717 4 2 3 7 0 0
20130717 5 4 5 7 0 0
20130717 6 2 8 4 2 6
20130717 7 7 9 5 5 6
20130717 8 5 9 3 4 6
20130717 9 7 2 5 5 2
20130717 10 2 7 9 2 5
20130718 1 7 4 2 0 0
20130718 2 3 7 4 0 0
20130718 3 5 3 2 0 0
20130718 4 1 3 4 0 0
20130718 5 2 4 3 2 4
20130718 6 5 2 6 5 2
20130718 7 1 5 2 0 0
20130718 8 3 4 9 3 4
20130718 9 2 4 7 2 4
20130718 10 3 5 9 3 4
20130812 1 3 8 4 3 6
20130812 2 3 4 6 3 4
20130812 3 2 7 4 2 5
20130812 4 8 7 3 6 5
20130812 5 2 5 8 2 4
20130812 6 2 3 5 2 3
20130812 7 9 1 7 6 1
20130812 8 3 5 9 3 4
20130812 9 7 2 9 5 2
20130812 10 5 9 2 4 6
20130812 11 5 6 3 4 5
20130813 1 3 4 8 3 4
20130813 2 2 9 7 2 6
20130813 3 3 9 6 3 6
20130813 4 7 3 5 5 3
20130813 5 2 3 7 2 3
20130813 6 3 9 2 3 6
20130813 7 3 5 9 3 4
20130813 8 5 8 4 4 6
20130813 9 1 5 7 1 4
20130813 10 3 7 9 3 5
20130813 11 1 5 2 1 4
20130814 1 1 7 3 1 5
20130814 2 9 3 4 6 3
20130814 3 9 1 5 6 1
20130814 4 1 9 5 1 6
20130814 5 3 8 2 3 6
20130814 6 2 1 9 2 1
20130814 7 5 2 7 4 2
20130814 8 3 7 4 3 5
20130814 9 3 2 9 3 2
20130814 10 3 7 2 3 5
20130814 11 8 4 3 6 4
20130905 1 1 2 9 1 2
20130905 2 1 2 7 1 2
20130905 3 2 3 9 2 3
20130905 4 1 7 9 1 5
20130905 5 9 7 1 6 5
20130905 6 1 9 3 1 6
20130905 7 2 3 1 2 3
20130905 8 3 4 9 3 4
20130905 9 7 3 9 5 3
20130905 10 2 7 1 2 5
20130906 1 3 1 2 3 1
20130906 2 1 9 8 1 6
20130906 3 3 4 1 3 4
20130906 4 9 6 3 6 5
20130906 5 3 5 7 3 4
20130906 6 1 7 2 1 5
20130906 7 9 5 1 6 4
20130906 8 7 3 5 5 3
20130906 9 1 9 2 1 6
20130906 10 7 9 5 5 6
20130907 1 7 1 4 5 1
20130907 2 7 5 2 5 4
20130907 3 2 9 1 2 6
20130907 4 2 5 7 2 4
20130907 5 8 5 9 6 4
20130907 6 3 2 1 3 2
20130907 7 1 7 9 1 5
20130907 8 7 9 1 5 6
20130907 9 3 5 2 3 4
20130907 10 6 2 5 5 2
20130920 1 1 5 2 0 0
20130920 2 2 1 3 0 0
20130920 3 3 5 4 0 0
20130920 4 4 1 5 0 0
20130920 5 5 7 1 0 0
20130920 6 2 6 1 0 0
20130920 7 7 5 1 0 0
20130920 8 2 9 3 2 6
20130920 9 9 5 1 6 4
20130920 10 3 1 5 3 1
20130920 11 5 3 7 4 3
20130920 12 3 6 1 3 5
20130921 1 5 2 4 0 0
20130921 2 2 5 3 0 0
20130921 3 7 3 2 0 0
20130921 4 4 1 5 0 0
20130921 5 2 7 4 0 0
20130921 6 4 2 7 0 0
20130921 7 2 1 6 0 0
20130921 8 5 2 1 4 2
20130921 9 3 9 5 3 6
20130921 10 1 9 4 1 6
20130921 11 7 2 1 5 2
20130921 12 1 9 6 1 6
20130922 1 1 7 4 0 0
20130922 2 2 5 6 0 0
20130922 3 2 4 3 0 0
20130922 4 3 7 1 0 0
20130922 5 3 1 6 0 0
20130922 6 9 3 5 6 3
20130922 7 1 2 7 1 2
20130922 8 6 2 5 0 0
20130922 9 2 1 6 0 0
20130922 10 5 9 6 4 6
20130922 11 4 2 3 4 2
20130922 12 3 9 7 3 6
20131003 1 1 7 4 0 0
20131003 2 5 2 4 0 0
20131003 3 3 7 5 0 0
20131003 4 1 4 7 0 0
20131003 5 5 7 1 0 0
20131003 6 7 3 4 5 3
20131003 7 2 3 7 2 3
20131003 8 7 2 1 5 2
20131003 9 5 1 2 4 1
20131003 10 8 7 2 6 5
20131004 1 4 2 1 0 0
20131004 2 4 5 3 0 0
20131004 3 2 5 1 0 0
20131004 4 5 4 2 0 0
20131004 5 3 4 1 0 0
20131004 6 7 3 5 5 3
20131004 7 3 8 1 3 6
20131004 8 8 2 1 6 2
20131004 9 1 7 3 1 5
20131004 10 1 2 3 1 2
20131005 1 2 7 5 0 0
20131005 2 5 1 3 0 0
20131005 3 3 1 4 0 0
20131005 4 7 4 2 0 0
20131005 5 3 2 7 3 2
20131005 6 9 2 6 6 2
20131005 7 2 5 6 0 0
20131005 8 2 7 8 2 5
20131005 9 4 8 6 4 6
20131005 10 2 4 9 2 4
20131101 1 1 4 7 0 0
20131101 2 2 5 1 0 0
20131101 3 4 2 3 0 0
20131101 4 4 1 5 0 0
20131101 5 5 7 4 0 0
20131101 6 2 5 1 2 4
20131101 7 1 5 8 1 4
20131101 8 2 3 7 2 3
20131101 9 4 5 9 4 4
20131101 10 9 2 7 6 2
20131102 1 1 4 3 0 0
20131102 2 7 3 2 0 0
20131102 3 5 4 2 0 0
20131102 4 3 7 5 0 0
20131102 5 7 2 4 0 0
20131102 6 2 5 3 2 4
20131102 7 2 6 1 2 5
20131102 8 5 7 2 4 5
20131102 9 7 1 8 5 1
20131102 10 5 1 2 4 1
20131103 1 4 1 3 0 0
20131103 2 2 4 7 0 0
20131103 3 1 5 6 0 0
20131103 4 1 4 3 0 0
20131103 5 9 3 5 6 3
20131103 6 7 4 9 5 4
20131103 7 1 4 2 0 0
20131103 8 1 9 8 1 6
20131103 9 9 5 2 6 4
20131103 10 5 2 1 4 2
20131212 1 3 5 7 3 4
20131212 2 7 5 9 5 4
20131212 3 5 3 7 4 3
20131212 4 7 4 1 5 4
20131212 5 9 2 4 6 2
20131212 6 5 6 7 0 0
20131212 7 4 1 7 0 0
20131212 8 1 5 3 1 4
20131212 9 9 3 2 6 3
20131212 10 1 5 3 1 4
20131212 11 3 9 7 3 6
20131212 12 2 7 9 2 5
20131213 1 7 1 2 5 1
20131213 2 5 7 2 4 5
20131213 3 9 2 7 6 2
20131213 4 9 1 2 6 1
20131213 5 3 9 4 3 6
20131213 6 4 2 1 0 0
20131213 7 7 3 2 0 0
20131213 8 8 7 3 6 5
20131213 9 1 7 4 1 5
20131213 10 1 9 2 1 6
20131213 11 9 6 4 6 5
20131213 12 7 2 9 5 2
20131214 1 1 9 6 1 6
20131214 2 4 1 3 4 1
20131214 3 2 7 9 2 5
20131214 4 9 1 6 6 1
20131214 5 4 2 7 0 0
20131214 6 8 7 3 6 5
20131214 7 5 2 1 4 2
20131214 8 2 3 9 2 3
20131214 9 2 1 6 0 0
20131214 10 3 6 9 3 5
20131214 11 1 9 5 1 6
20131214 12 3 7 1 3 5
20131225 1 7 5 2 0 0
20131225 2 4 3 1 0 0
20131225 3 3 2 4 0 0
20131225 4 4 5 2 0 0
20131225 5 5 1 3 0 0
20131225 6 2 1 5 2 1
20131225 7 4 7 1 4 5
20131225 8 3 1 2 3 1
20131225 9 1 2 3 1 2
20131225 10 6 3 9 5 3
20131226 1 1 5 4 0 0
20131226 2 5 1 4 0 0
20131226 3 7 3 1 0 0
20131226 4 4 1 2 0 0
20131226 5 7 2 1 0 0
20131226 6 7 5 9 5 4
20131226 7 1 6 2 1 5
20131226 8 9 7 3 6 5
20131226 9 1 7 4 1 5
20131226 10 1 5 3 1 4
20131227 1 1 2 7 0 0
20131227 2 7 4 2 0 0
20131227 3 1 3 7 0 0
20131227 4 1 3 4 0 0
20131227 5 2 7 8 2 5
20131227 6 9 2 5 6 2
20131227 7 1 4 7 0 0
20131227 8 3 5 9 3 4
20131227 9 4 7 9 4 5
20131227 10 1 7 8 1 5
20140101 1 8 2 3 6 2
20140101 2 1 7 4 1 5
20140101 3 2 3 7 2 3
20140101 4 9 7 2 6 5
20140101 5 5 7 4 4 5
20140101 6 5 2 6 0 0
20140101 7 7 1 3 0 0
20140101 8 1 3 9 1 3
20140101 9 1 9 3 1 6
20140101 10 5 7 3 4 5
20140101 11 8 5 4 6 4
20140101 12 2 3 8 2 3
20140102 1 4 8 6 4 6
20140102 2 7 5 1 5 4
20140102 3 9 2 3 6 2
20140102 4 9 1 4 6 1
20140102 5 5 7 1 4 5
20140102 6 5 4 3 0 0
20140102 7 2 1 3 0 0
20140102 8 2 4 3 2 4
20140102 9 3 4 2 3 4
20140102 10 2 4 3 2 4
20140102 11 5 2 1 4 2
20140102 12 7 2 9 5 2
20140103 1 3 9 6 3 6
20140103 2 2 4 9 2 4
20140103 3 9 7 1 6 5
20140103 4 4 9 5 4 6
20140103 5 4 3 1 0 0
20140103 6 5 3 1 5 3
20140103 7 3 2 1 3 2
20140103 8 5 3 1 4 3
20140103 9 5 1 6 0 0
20140103 10 5 1 3 4 1
20140103 11 5 2 9 4 2
20140103 12 3 2 9 3 2
20140122 1 1 4 5 0 0
20140122 2 7 5 2 0 0
20140122 3 3 5 1 0 0
20140122 4 4 7 2 0 0
20140122 5 5 3 2 0 0
20140122 6 9 8 4 6 6
20140122 7 3 1 7 3 1
20140122 8 2 5 8 2 4
20140122 9 8 2 3 6 2
20140122 10 2 3 1 2 3
20140123 1 6 1 7 0 0
20140123 2 5 4 1 0 0
20140123 3 6 3 7 0 0
20140123 4 4 2 1 0 0
20140123 5 1 3 6 0 0
20140123 6 9 5 7 6 4
20140123 7 6 9 7 5 6
20140123 8 7 1 8 5 1
20140123 9 3 1 7 3 1
20140123 10 4 2 6 4 2
20140124 1 1 5 3 0 0
20140124 2 4 1 7 0 0
20140124 3 5 1 3 0 0
20140124 4 4 3 5 0 0
20140124 5 6 9 1 5 6
20140124 6 2 5 6 2 4
20140124 7 1 3 7 0 0
20140124 8 1 4 9 1 4
20140124 9 3 5 9 3 4
20140124 10 1 2 3 1 2
20140222 1 2 4 3 2 4
20140222 2 5 4 2 4 4
20140222 3 8 3 2 6 3
20140222 4 9 2 1 6 2
20140222 5 5 3 9 4 3
20140222 6 9 3 4 6 3
20140222 7 5 4 7 4 4
20140222 8 3 7 1 3 5
20140222 9 1 5 7 1 4
20140222 10 7 5 3 5 4
20140222 11 1 9 4 1 6
20140223 1 2 9 5 2 6
20140223 2 5 1 9 4 1
20140223 3 7 2 9 5 2
20140223 4 1 9 7 1 6
20140223 5 1 3 8 1 3
20140223 6 9 1 5 6 1
20140223 7 9 7 6 6 5
20140223 8 8 2 3 6 2
20140223 9 2 5 8 2 4
20140223 10 3 5 7 3 4
20140223 11 2 9 5 2 6
20140224 1 5 3 7 4 3
20140224 2 7 9 3 5 6
20140224 3 9 1 3 6 1
20140224 4 9 6 3 6 5
20140224 5 2 7 4 2 5
20140224 6 7 3 9 5 3
20140224 7 1 7 2 1 5
20140224 8 3 2 4 3 2
20140224 9 1 5 6 1 4
20140224 10 5 3 4 4 3
20140224 11 1 7 9 1 5
20140225 1 1 7 3 1 5
20140225 2 7 2 5 5 2
20140225 3 5 7 9 4 5
20140225 4 2 7 4 2 5
20140225 5 9 1 6 6 1
20140225 6 7 9 4 5 6
20140225 7 3 7 2 3 5
20140225 8 7 1 6 5 1
20140225 9 1 5 9 1 4
20140225 10 7 9 1 5 6
20140225 11 9 2 5 6 2
20140302 1 9 5 1 6 4
20140302 2 9 5 3 6 4
20140302 3 4 1 7 4 1
20140302 4 5 1 7 4 1
20140302 5 9 4 2 6 4
20140302 6 3 5 2 0 0
20140302 7 7 4 2 0 0
20140302 8 3 2 5 3 2
20140302 9 1 5 6 1 4
20140302 10 7 3 5 5 3
20140302 11 1 7 4 1 5
20140302 12 1 5 2 1 4
20140303 1 9 8 6 6 6
20140303 2 2 3 5 2 3
20140303 3 2 7 9 2 5
20140303 4 1 9 7 1 6
20140303 5 7 3 2 5 3
20140303 6 3 4 5 0 0
20140303 7 4 7 1 0 0
20140303 8 4 1 2 4 1
20140303 9 7 2 9 5 2
20140303 10 3 6 9 3 5
20140303 11 2 9 4 2 6
20140303 12 1 7 5 1 5
20140304 1 1 2 5 1 2
20140304 2 6 2 3 5 2
20140304 3 1 7 9 1 5
20140304 4 3 1 9 3 1
20140304 5 1 3 2 0 0
20140304 6 1 5 9 1 4
20140304 7 3 8 7 3 6
20140304 8 4 2 6 4 2
20140304 9 7 6 4 0 0
20140304 10 8 1 2 6 1
20140304 11 9 2 3 6 2
20140304 12 7 9 3 5 6
20140404 1 2 4 3 2 4
20140404 2 1 2 9 1 2
20140404 3 9 2 6 6 2
20140404 4 9 2 7 6 2
20140404 5 5 9 6 4 6
20140404 6 1 4 7 1 4
20140404 7 7 9 5 5 6
20140404 8 4 3 5 4 3
20140404 9 1 5 2 1 4
20140404 10 3 7 9 3 5
20140404 11 1 2 6 1 2
20140405 1 3 7 1 3 5
20140405 2 2 3 5 2 3
20140405 3 5 6 3 4 5
20140405 4 3 5 8 3 4
20140405 5 6 8 1 5 6
20140405 6 2 5 1 2 4
20140405 7 5 7 6 4 5
20140405 8 9 7 1 6 5
20140405 9 3 9 1 3 6
20140405 10 7 2 6 5 2
20140405 11 7 9 3 5 6
20140406 1 8 3 4 6 3
20140406 2 2 5 4 2 4
20140406 3 5 3 2 4 3
20140406 4 7 2 9 5 2
20140406 5 1 2 5 1 2
20140406 6 8 2 1 6 2
20140406 7 6 3 7 5 3
20140406 8 9 6 3 6 5
20140406 9 4 3 5 4 3
20140406 10 9 6 2 6 5
20140406 11 1 9 2 1 6
20140509 1 2 7 3 0 0
20140509 2 2 3 5 0 0
20140509 3 2 1 5 0 0
20140509 4 2 4 7 0 0
20140509 5 5 1 3 0 0
20140509 6 2 9 1 2 6
20140509 7 1 8 7 1 6
20140509 8 7 2 4 5 2
20140509 9 1 5 7 1 4
20140509 10 2 3 5 2 3
20140510 1 1 3 5 0 0
20140510 2 3 5 1 0 0
20140510 3 2 5 1 0 0
20140510 4 4 2 1 0 0
20140510 5 1 7 4 0 0
20140510 6 1 9 7 1 6
20140510 7 9 3 2 6 3
20140510 8 1 3 7 1 3
20140510 9 2 1 8 2 1
20140510 10 2 7 1 2 5
20140511 1 1 7 4 0 0
20140511 2 3 5 1 0 0
20140511 3 5 3 6 0 0
20140511 4 5 2 4 0 0
20140511 5 2 7 8 2 5
20140511 6 2 3 7 2 3
20140511 7 4 5 2 0 0
20140511 8 1 5 6 1 4
20140511 9 1 9 3 1 6
20140511 10 3 5 4 3 4
20140619 1 1 7 4 0 0
20140619 2 4 5 6 0 0
20140619 3 7 3 4 0 0
20140619 4 4 1 5 0 0
20140619 5 3 6 7 0 0
20140619 6 5 1 3 4 1
20140619 7 9 1 5 6 1
20140619 8 3 5 2 3 4
20140619 9 1 8 9 1 6
20140619 10 1 9 2 1 6
20140620 1 1 5 7 0 0
20140620 2 2 6 5 0 0
20140620 3 1 4 3 0 0
20140620 4 5 2 7 0 0
20140620 5 5 1 2 0 0
20140620 6 5 3 1 4 3
20140620 7 9 2 5 6 2
20140620 8 1 2 3 1 2
20140620 9 7 3 9 5 3
20140620 10 9 3 5 6 3
20140621 1 1 4 3 0 0
20140621 2 7 3 2 0 0
20140621 3 5 1 3 0 0
20140621 4 3 5 2 0 0
20140621 5 9 7 3 6 5
20140621 6 4 1 5 4 1
20140621 7 4 3 6 0 0
20140621 8 2 7 1 2 5
20140621 9 9 3 7 6 3
20140621 10 7 6 1 5 5
20140625 1 3 8 2 3 6
20140625 2 9 1 2 6 1
20140625 3 2 7 5 2 5
20140625 4 8 7 9 6 5
20140625 5 5 1 8 4 1
20140625 6 4 1 9 4 1
20140625 7 3 8 1 3 6
20140625 8 9 3 1 6 3
20140625 9 2 8 9 2 6
20140625 10 3 9 1 3 6
20140625 11 8 3 9 6 3
20140626 1 2 1 4 2 1
20140626 2 3 1 2 3 1
20140626 3 4 7 8 4 5
20140626 4 9 1 5 6 1
20140626 5 3 9 2 3 6
20140626 6 7 1 5 5 1
20140626 7 1 3 9 1 3
20140626 8 9 7 2 6 5
20140626 9 1 2 8 1 2
20140626 10 3 9 7 3 6
20140626 11 7 1 2 5 1
20140627 1 1 7 4 1 5
20140627 2 1 6 4 1 5
20140627 3 2 3 9 2 3
20140627 4 3 8 7 3 6
20140627 5 9 1 5 6 1
20140627 6 1 9 5 1 6
20140627 7 9 8 1 6 6
20140627 8 4 9 2 4 6
20140627 9 9 1 6 6 1
20140627 10 5 2 4 4 2
20140627 11 7 3 9 5 3
20140712 1 3 2 4 0 0
20140712 2 4 6 3 0 0
20140712 3 7 2 1 0 0
20140712 4 4 5 3 0 0
20140712 5 5 1 4 0 0
20140712 6 2 6 4 0 0
20140712 7 1 4 7 0 0
20140712 8 2 9 1 2 6
20140712 9 9 5 2 6 4
20140712 10 3 8 1 3 6
20140712 11 3 8 2 3 6
20140712 12 9 7 4 6 5
20140713 1 1 5 7 0 0
20140713 2 1 3 2 0 0
20140713 3 6 3 7 0 0
20140713 4 3 5 2 0 0
20140713 5 2 5 6 0 0
20140713 6 4 6 1 0 0
20140713 7 3 6 5 0 0
20140713 8 7 3 4 5 3
20140713 9 4 1 9 4 1
20140713 10 9 5 1 6 4
20140713 11 9 1 3 6 1
20140713 12 9 1 3 6 1
20140714 1 7 1 4 0 0
20140714 2 1 2 7 0 0
20140714 3 3 2 1 0 0
20140714 4 7 2 3 0 0
20140714 5 4 6 5 0 0
20140714 6 5 7 9 4 5
20140714 7 9 1 3 6 1
20140714 8 2 3 1 0 0
20140714 9 2 4 6 0 0
20140714 10 2 9 3 2 6
20140714 11 1 3 8 1 3
20140714 12 6 2 5 5 2
20140808 1 5 3 7 4 3
20140808 2 5 9 2 4 6
20140808 3 3 5 2 3 4
20140808 4 2 9 1 2 6
20140808 5 3 4 2 3 4
20140808 6 3 1 7 0 0
20140808 7 6 3 1 0 0
20140808 8 9 2 4 6 2
20140808 9 5 9 1 4 6
20140808 10 7 1 6 5 1
20140808 11 1 7 4 1 5
20140808 12 7 2 5 5 2
20140809 1 5 4 3 4 4
20140809 2 2 5 9 2 4
20140809 3 3 7 4 3 5
20140809 4 7 1 9 5 1
20140809 5 1 9 2 1 6
20140809 6 6 7 1 0 0
20140809 7 3 5 6 0 0
20140809 8 7 8 5 5 6
20140809 9 5 4 3 4 4
20140809 10 9 7 3 6 5
20140809 11 1 3 9 1 3
20140809 12 2 7 5 2 5
20140810 1 3 5 1 3 4
20140810 2 1 2 8 1 2
20140810 3 7 3 2 5 3
20140810 4 7 2 3 5 2
20140810 5 4 6 3 0 0
20140810 6 2 7 4 2 5
20140810 7 3 9 6 3 6
20140810 8 2 7 3 2 5
20140810 9 2 4 5 0 0
20140810 10 2 9 8 2 6
20140810 11 1 3 2 1 3
20140810 12 9 1 4 6 1
20140830 1 2 1 7 0 0
20140830 2 2 3 4 0 0
20140830 3 4 1 6 0 0
20140830 4 7 2 4 0 0
20140830 5 3 4 5 0 0
20140830 6 3 5 8 3 4
20140830 7 9 2 5 6 2
20140830 8 5 7 3 4 5
20140830 9 5 1 7 4 1
20140830 10 8 2 7 6 2
20140831 1 5 1 4 0 0
20140831 2 2 4 1 0 0
20140831 3 7 5 2 0 0
20140831 4 1 2 4 0 0
20140831 5 5 1 3 0 0
20140831 6 2 3 9 2 3
20140831 7 7 3 9 5 3
20140831 8 8 1 9 6 1
20140831 9 7 5 9 5 4
20140831 10 5 2 8 4 2
20140901 1 4 5 6 0 0
20140901 2 2 7 3 0 0
20140901 3 7 5 6 0 0
20140901 4 7 2 5 0 0
20140901 5 6 7 9 5 5
20140901 6 2 3 5 2 3
20140901 7 3 2 5 0 0
20140901 8 1 3 2 1 3
20140901 9 6 4 9 5 4
20140901 10 3 2 5 3 2
20140919 1 3 1 5 0 0
20140919 2 5 4 6 0 0
20140919 3 4 3 7 0 0
20140919 4 4 1 2 0 0
20140919 5 1 7 2 0 0
20140919 6 9 1 2 6 1
20140919 7 4 3 8 4 3
20140919 8 1 5 9 1 4
20140919 9 3 9 2 3 6
20140919 10 3 4 5 3 4
20140920 1 7 1 2 0 0
20140920 2 5 4 1 0 0
20140920 3 3 4 5 0 0
20140920 4 1 3 7 0 0
20140920 5 4 5 7 0 0
20140920 6 4 7 5 4 5
20140920 7 3 4 9 3 4
20140920 8 7 3 1 5 3
20140920 9 5 7 3 4 5
20140920 10 2 3 5 2 3
20140921 1 1 2 3 0 0
20140921 2 4 3 1 0 0
20140921 3 3 4 7 0 0
20140921 4 2 1 7 0 0
20140921 5 3 4 2 3 4
20140921 6 1 9 2 1 6
20140921 7 3 7 4 0 0
20140921 8 3 4 5 3 4
20140921 9 1 5 4 1 4
20140921 10 5 3 2 4 3
20141001 1 3 1 2 0 0
20141001 2 2 5 3 0 0
20141001 3 3 2 6 0 0
20141001 4 5 4 3 0 0
20141001 5 5 7 1 0 0
20141001 6 9 1 7 6 1
20141001 7 1 4 5 1 4
20141001 8 2 1 9 2 1
20141001 9 3 7 1 3 5
20141001 10 1 4 2 1 4
20141002 1 1 5 4 0 0
20141002 2 4 2 1 0 0
20141002 3 7 2 5 0 0
20141002 4 5 2 1 0 0
20141002 5 7 2 5 0 0
20141002 6 5 1 7 4 1
20141002 7 3 9 5 3 6
20141002 8 5 9 1 4 6
20141002 9 1 7 5 1 5
20141002 10 3 1 9 3 1
20141003 1 4 3 2 0 0
20141003 2 7 3 5 0 0
20141003 3 6 5 3 0 0
20141003 4 4 3 7 0 0
20141003 5 3 2 9 3 2
20141003 6 9 7 8 6 5
20141003 7 2 3 4 0 0
20141003 8 7 9 3 5 6
20141003 9 5 4 1 4 4
20141003 10 5 2 4 4 2
20141008 1 1 4 6 0 0
20141008 2 1 7 2 0 0
20141008 3 3 1 4 0 0
20141008 4 4 7 1 0 0
20141008 5 5 1 2 0 0
20141008 6 6 1 7 5 1
20141008 7 3 7 8 3 5
20141008 8 5 3 7 4 3
20141008 9 9 3 6 6 3
20141008 10 3 2 6 3 2
20141009 1 1 2 6 0 0
20141009 2 7 4 2 0 0
20141009 3 6 4 7 0 0
20141009 4 6 5 2 0 0
20141009 5 7 1 3 0 0
20141009 6 9 3 2 6 3
20141009 7 6 9 2 5 6
20141009 8 1 3 9 1 3
20141009 9 7 9 2 5 6
20141009 10 7 4 1 5 4
20141010 1 1 3 5 0 0
20141010 2 2 4 7 0 0
20141010 3 5 4 1 0 0
20141010 4 5 3 2 0 0
20141010 5 7 9 2 5 6
20141010 6 3 6 9 3 5
20141010 7 2 4 7 0 0
20141010 8 9 2 5 6 2
20141010 9 2 8 1 2 6
20141010 10 1 8 5 1 6
20141128 1 3 1 4 0 0
20141128 2 3 7 6 0 0
20141128 3 2 4 3 0 0
20141128 4 4 7 1 0 0
20141128 5 5 3 2 0 0
20141128 6 2 7 9 2 5
20141128 7 1 4 7 1 4
20141128 8 8 3 9 6 3
20141128 9 8 2 4 6 2
20141128 10 1 8 5 1 6
20141129 1 5 4 1 0 0
20141129 2 7 2 4 0 0
20141129 3 4 2 7 0 0
20141129 4 5 2 3 0 0
20141129 5 2 4 6 0 0
20141129 6 7 2 5 5 2
20141129 7 1 5 9 1 4
20141129 8 3 7 4 3 5
20141129 9 2 9 4 2 6
20141129 10 7 9 4 5 6
20141130 1 7 3 6 0 0
20141130 2 4 2 1 0 0
20141130 3 3 4 6 0 0
20141130 4 7 2 4 0 0
20141130 5 1 5 4 1 4
20141130 6 2 7 9 2 5
20141130 7 4 2 7 0 0
20141130 8 3 2 9 3 2
20141130 9 3 7 1 3 5
20141130 10 2 3 8 2 3
20141225 1 7 1 4 5 1
20141225 2 3 5 6 3 4
20141225 3 1 9 7 1 6
20141225 4 9 2 4 6 2
20141225 5 5 9 7 4 6
20141225 6 9 6 3 6 5
20141225 7 9 7 2 6 5
20141225 8 3 5 9 3 4
20141225 9 1 9 8 1 6
20141225 10 1 7 3 1 5
20141225 11 3 9 5 3 6
20141226 1 5 9 3 4 6
20141226 2 2 8 6 2 6
20141226 3 9 2 3 6 2
20141226 4 9 7 2 6 5
20141226 5 7 3 9 5 3
20141226 6 9 5 2 6 4
20141226 7 3 6 9 3 5
20141226 8 9 3 6 6 3
20141226 9 7 5 2 5 4
20141226 10 9 1 7 6 1
20141226 11 9 2 1 6 2
20141227 1 7 2 4 5 2
20141227 2 9 3 1 6 3
20141227 3 3 9 7 3 6
20141227 4 9 3 4 6 3
20141227 5 1 9 5 1 6
20141227 6 4 5 9 4 4
20141227 7 5 7 8 4 5
20141227 8 7 8 2 5 6
20141227 9 2 7 6 2 5
20141227 10 1 7 3 1 5
20141227 11 5 1 4 4 1
20150109 1 3 1 4 0 0
20150109 2 7 6 5 0 0
20150109 3 3 4 5 0 0
20150109 4 4 1 3 0 0
20150109 5 5 2 1 0 0
20150109 6 1 5 3 1 4
20150109 7 9 7 3 6 5
20150109 8 3 6 1 3 5
20150109 9 5 3 2 4 3
20150109 10 6 3 5 5 3
20150110 1 5 1 2 0 0
20150110 2 2 5 4 0 0
20150110 3 7 1 2 0 0
20150110 4 5 1 4 0 0
20150110 5 2 5 3 0 0
20150110 6 4 2 1 4 2
20150110 7 5 8 6 4 6
20150110 8 7 3 1 5 3
20150110 9 2 1 6 2 1
20150110 10 5 2 1 4 2
20150111 1 7 3 4 0 0
20150111 2 3 7 4 0 0
20150111 3 4 5 2 0 0
20150111 4 5 7 2 0 0
20150111 5 5 1 8 4 1
20150111 6 7 2 8 5 2
20150111 7 3 6 4 0 0
20150111 8 4 3 8 4 3
20150111 9 1 2 9 1 2
20150111 10 9 7 2 6 5
20150212 1 1 5 2 1 4
20150212 2 7 8 3 5 6
20150212 3 8 7 5 6 5
20150212 4 2 4 1 2 4
20150212 5 8 9 2 6 6
20150212 6 4 8 7 4 6
20150212 7 1 9 2 1 6
20150212 8 5 4 6 4 4
20150212 9 9 3 4 6 3
20150212 10 9 7 5 6 5
20150212 11 7 8 4 5 6
20150212 12 5 1 8 4 1
20150213 1 7 3 2 5 3
20150213 2 3 2 7 3 2
20150213 3 2 7 5 2 5
20150213 4 9 5 1 6 4
20150213 5 6 8 3 5 6
20150213 6 4 3 6 4 3
20150213 7 3 7 8 3 5
20150213 8 7 1 4 5 1
20150213 9 3 7 2 3 5
20150213 10 1 5 2 1 4
20150213 11 2 1 5 2 1
20150213 12 5 9 2 4 6
20150214 1 1 5 9 1 4
20150214 2 6 1 3 5 1
20150214 3 7 2 6 5 2
20150214 4 2 8 7 2 6
20150214 5 4 9 3 4 6
20150214 6 8 3 1 6 3
20150214 7 8 7 4 6 5
20150214 8 7 4 2 5 4
20150214 9 2 8 9 2 6
20150214 10 7 4 2 5 4
20150214 11 3 5 2 3 4
20150214 12 4 9 1 4 6
20150215 1 1 7 3 1 5
20150215 2 9 5 4 6 4
20150215 3 3 6 5 3 5
20150215 4 8 2 9 6 2
20150215 5 9 8 3 6 6
20150215 6 5 1 9 4 1
20150215 7 2 1 9 2 1
20150215 8 1 5 3 1 4
20150215 9 3 5 7 3 4
20150215 10 1 6 9 1 5
20150215 11 4 7 5 4 5
20150218 1 2 5 1 0 0
20150218 2 3 5 2 0 0
20150218 3 3 1 2 0 0
20150218 4 4 1 5 0 0
20150218 5 5 7 1 0 0
20150218 6 7 2 1 5 2
20150218 7 7 8 9 5 6
20150218 8 5 9 3 4 6
20150218 9 4 5 1 4 4
20150218 10 8 5 2 6 4
20150219 1 1 2 5 0 0
20150219 2 1 5 4 0 0
20150219 3 5 3 2 0 0
20150219 4 1 3 2 0 0
20150219 5 5 4 1 0 0
20150219 6 7 9 1 5 6
20150219 7 3 5 1 3 4
20150219 8 5 3 1 4 3
20150219 9 1 5 9 1 4
20150219 10 2 5 3 2 4
20150220 1 2 1 4 0 0
20150220 2 1 5 3 0 0
20150220 3 3 4 1 0 0
20150220 4 4 7 5 0 0
20150220 5 2 5 9 2 4
20150220 6 6 9 5 5 6
20150220 7 2 3 1 0 0
20150220 8 2 7 3 2 5
20150220 9 2 8 4 2 6
20150220 10 2 1 9 2 1
20150306 1 1 3 4 0 0
20150306 2 2 4 7 0 0
20150306 3 1 5 4 0 0
20150306 4 1 4 3 0 0
20150306 5 5 7 4 0 0
20150306 6 6 2 5 0 0
20150306 7 7 1 5 0 0
20150306 8 7 2 5 5 2
20150306 9 5 1 3 4 1
20150306 10 5 3 1 4 3
20150306 11 9 3 4 6 3
20150306 12 7 5 6 5 4
20150307 1 2 4 1 0 0
20150307 2 5 2 3 0 0
20150307 3 4 2 3 0 0
20150307 4 7 1 4 0 0
20150307 5 7 4 1 0 0
20150307 6 3 7 2 0 0
20150307 7 4 6 2 0 0
20150307 8 5 2 8 4 2
20150307 9 7 1 6 5 1
20150307 10 8 2 7 6 2
20150307 11 1 3 9 1 3
20150307 12 7 1 3 5 1
20150308 1 2 4 5 0 0
20150308 2 5 7 4 0 0
20150308 3 7 4 6 0 0
20150308 4 4 3 7 0 0
20150308 5 7 3 6 0 0
20150308 6 9 3 5 6 3
20150308 7 3 6 1 3 5
20150308 8 5 2 1 0 0
20150308 9 4 2 3 0 0
20150308 10 6 7 2 5 5
20150308 11 3 2 5 3 2
20150308 12 7 3 8 5 3
20150327 1 1 5 4 1 4
20150327 2 3 2 5 3 2
20150327 3 2 1 4 2 1
20150327 4 4 5 1 4 4
20150327 5 5 9 1 4 6
20150327 6 1 2 5 1 2
20150327 7 1 2 9 1 2
20150327 8 7 3 2 5 3
20150327 9 6 3 4 5 3
20150327 10 3 8 1 3 6
20150327 11 2 4 6 2 4
20150328 1 1 9 8 1 6
20150328 2 9 2 8 6 2
20150328 3 9 1 4 6 1
20150328 4 2 9 3 2 6
20150328 5 3 5 2 3 4
20150328 6 9 3 7 6 3
20150328 7 2 9 5 2 6
20150328 8 7 5 2 5 4
20150328 9 8 7 2 6 5
20150328 10 1 5 7 1 4
20150328 11 2 7 5 2 5
20150329 1 5 2 8 4 2
20150329 2 7 2 5 5 2
20150329 3 4 9 2 4 6
20150329 4 8 1 5 6 1
20150329 5 3 9 2 3 6
20150329 6 5 1 9 4 1
20150329 7 3 7 9 3 5
20150329 8 7 5 6 5 4
20150329 9 3 9 1 3 6
20150329 10 7 5 3 5 4
20150329 11 6 5 7 5 4
20150404 1 3 4 1 3 4
20150404 2 4 1 6 4 1
20150404 3 2 5 8 2 4
20150404 4 2 7 3 2 5
20150404 5 1 3 9 1 3
20150404 6 3 5 9 3 4
20150404 7 1 4 3 1 4
20150404 8 5 9 7 4 6
20150404 9 9 1 2 6 1
20150404 10 3 7 5 3 5
20150404 11 1 9 4 1 6
20150405 1 3 4 9 3 4
20150405 2 3 8 5 3 6
20150405 3 4 7 1 4 5
20150405 4 3 7 9 3 5
20150405 5 7 8 1 5 6
20150405 6 9 2 3 6 2
20150405 7 1 2 5 1 2
20150405 8 6 5 2 5 4
20150405 9 6 3 4 5 3
20150405 10 1 6 4 1 5
20150405 11 7 3 8 5 3
20150406 1 4 2 3 4 2
20150406 2 2 3 7 2 3
20150406 3 9 2 5 6 2
20150406 4 5 1 6 4 1
20150406 5 5 2 1 4 2
20150406 6 4 2 9 4 2
20150406 7 3 2 7 3 2
20150406 8 5 6 2 4 5
20150406 9 6 9 2 5 6
20150406 10 2 8 3 2 6
20150406 11 3 1 5 3 1
20150430 1 3 7 1 0 0
20150430 2 2 5 1 0 0
20150430 3 3 1 7 0 0
20150430 4 4 5 7 0 0
20150430 5 3 2 6 0 0
20150430 6 6 2 5 0 0
20150430 7 7 4 5 0 0
20150430 8 2 7 3 2 5
20150430 9 9 3 2 6 3
20150430 10 5 7 3 4 5
20150430 11 7 1 2 5 1
20150430 12 9 8 3 6 6
20150501 1 7 1 2 0 0
20150501 2 4 2 6 0 0
20150501 3 1 2 7 0 0
20150501 4 5 4 2 0 0
20150501 5 1 7 2 0 0
20150501 6 1 3 6 0 0
20150501 7 4 7 3 0 0
20150501 8 4 1 9 4 1
20150501 9 5 7 1 4 5
20150501 10 7 3 5 5 3
20150501 11 2 9 5 2 6
20150501 12 2 7 9 2 5
20150502 1 1 2 3 0 0
20150502 2 3 7 2 0 0
20150502 3 1 7 2 0 0
20150502 4 5 4 1 0 0
20150502 5 1 6 2 0 0
20150502 6 8 3 6 6 3
20150502 7 9 5 1 6 4
20150502 8 3 2 5 0 0
20150502 9 3 2 5 0 0
20150502 10 2 5 9 2 4
20150502 11 9 8 5 6 6
20150502 12 6 9 4 5 6
20150627 1 3 2 9 3 2
20150627 2 2 3 7 2 3
20150627 3 9 1 7 6 1
20150627 4 3 1 9 3 1
20150627 5 7 9 2 5 6
20150627 6 1 2 6 1 2
20150627 7 1 7 5 1 5
20150627 8 1 8 9 1 6
20150627 9 7 2 5 5 2
20150627 10 9 1 7 6 1
20150627 11 5 2 7 4 2
20150628 1 3 7 4 3 5
20150628 2 1 3 9 1 3
20150628 3 1 3 4 1 3
20150628 4 1 9 7 1 6
20150628 5 1 5 4 1 4
20150628 6 1 3 7 1 3
20150628 7 3 5 2 3 4
20150628 8 5 7 9 4 5
20150628 9 6 8 2 5 6
20150628 10 1 3 5 1 3
20150628 11 5 4 3 4 4
20150629 1 9 1 2 6 1
20150629 2 9 7 4 6 5
20150629 3 1 5 8 1 4
20150629 4 1 8 4 1 6
20150629 5 1 4 6 1 4
20150629 6 5 3 4 4 3
20150629 7 1 9 2 1 6
20150629 8 9 6 1 6 5
20150629 9 5 3 1 4 3
20150629 10 5 7 1 4 5
20150629 11 8 1 7 6 1
20150704 1 5 4 3 0 0
20150704 2 2 5 7 0 0
20150704 3 5 1 4 0 0
20150704 4 3 7 2 0 0
20150704 5 5 7 1 0 0
20150704 6 9 1 4 6 1
20150704 7 5 2 3 4 2
20150704 8 7 8 3 5 6
20150704 9 2 3 1 2 3
20150704 10 6 4 1 5 4
20150705 1 5 1 7 0 0
20150705 2 2 6 7 0 0
20150705 3 7 1 2 0 0
20150705 4 3 5 4 0 0
20150705 5 5 2 7 0 0
20150705 6 5 2 6 4 2
20150705 7 8 1 9 6 1
20150705 8 2 9 7 2 6
20150705 9 1 9 3 1 6
20150705 10 7 1 3 5 1
20150706 1 2 4 6 0 0
20150706 2 5 3 7 0 0
20150706 3 1 7 6 0 0
20150706 4 5 4 7 0 0
20150706 5 9 1 2 6 1
20150706 6 5 1 9 4 1
20150706 7 3 2 5 0 0
20150706 8 6 1 9 5 1
20150706 9 2 4 9 2 4
20150706 10 4 1 3 4 1
