20111219 1 4 3 9 4 3
20111219 2 3 6 7 3 5
20111219 3 1 9 3 1 6
20111219 4 7 1 9 5 1
20111219 5 7 1 5 5 1
20111219 6 3 5 9 3 4
20111219 7 9 3 4 6 3
20111219 8 5 3 1 4 3
20111219 9 3 1 7 3 1
20111219 10 1 7 4 1 5
20111219 11 9 1 5 6 1
20111219 12 4 1 9 4 1
20111220 1 5 2 7 4 2
20111220 2 1 2 7 1 2
20111220 3 7 4 3 5 4
20111220 4 7 1 5 5 1
20111220 5 3 7 4 3 5
20111220 6 1 5 2 1 4
20111220 7 1 3 5 1 3
20111220 8 5 2 8 5 2
20111220 9 9 2 4 6 2
20111220 10 9 1 2 6 1
20111220 11 5 1 4 4 1
20111220 12 7 1 9 5 1
20111221 1 2 5 1 2 4
20111221 2 5 9 1 4 6
20111221 3 1 7 5 1 5
20111221 4 6 9 1 5 6
20111221 5 7 1 9 5 1
20111221 6 4 7 3 4 5
20111221 7 1 9 8 1 6
20111221 8 9 2 8 6 2
20111221 9 5 1 4 4 1
20111221 10 1 9 5 1 6
20111221 11 5 1 9 4 1
20111221 12 9 3 2 6 3
20111229 1 3 7 9 3 5
20111229 2 7 2 4 5 2
20111229 3 2 7 3 2 5
20111229 4 5 2 7 4 2
20111229 5 5 1 9 4 1
20111229 6 9 1 2 6 1
20111229 7 5 9 1 4 6
20111229 8 2 7 5 2 5
20111229 9 5 9 2 4 6
20111229 10 7 1 5 5 1
20111229 11 1 5 6 1 4
20111229 12 7 5 8 5 4
20111230 1 5 2 7 5 2
20111230 2 5 3 4 4 3
20111230 3 2 1 5 2 1
20111230 4 4 3 7 4 3
20111230 5 7 1 5 5 1
20111230 6 1 5 4 1 4
20111230 7 2 5 9 2 4
20111230 8 4 2 8 4 2
20111230 9 5 2 9 4 2
20111230 10 3 5 2 3 4
20111230 11 1 5 7 1 4
20111230 12 2 1 9 2 1
20111231 1 8 7 4 6 5
20111231 2 1 5 2 1 4
20111231 3 5 3 2 4 3
20111231 4 1 9 5 1 6
20111231 5 4 9 3 4 6
20111231 6 1 2 9 1 2
20111231 7 7 2 1 5 2
20111231 8 5 9 6 4 6
20111231 9 4 9 2 4 6
20111231 10 1 9 5 1 6
20111231 11 9 5 7 6 4
20111231 12 3 1 4 3 1
20120108 1 7 3 5 0 0
20120108 2 0 0 0 0 0
20120108 3 1 7 4 0 0
20120108 4 1 5 4 0 0
20120108 5 3 1 4 0 0
20120108 6 1 7 2 1 5
20120108 7 5 1 9 4 1
20120108 8 2 1 7 2 1
20120108 9 3 8 5 3 6
20120108 10 2 9 3 2 6
20120108 11 7 5 1 5 4
20120109 1 5 3 4 0 0
20120109 2 1 7 3 0 0
20120109 3 4 2 7 0 0
20120109 4 5 1 3 0 0
20120109 5 1 7 3 0 0
20120109 6 5 4 7 4 4
20120109 7 7 1 4 5 1
20120109 8 3 8 7 3 6
20120109 9 7 3 1 5 3
20120109 10 1 9 2 1 6
20120109 11 4 7 5 4 5
20120110 1 2 5 3 0 0
20120110 2 7 3 4 0 0
20120110 3 4 2 1 0 0
20120110 4 1 7 2 0 0
20120110 5 7 5 3 0 0
20120110 6 8 1 2 6 1
20120110 7 7 3 1 5 3
20120110 8 1 7 4 1 5
20120110 9 1 5 7 1 4
20120110 10 2 1 5 2 1
20120110 11 7 2 1 5 2
20120118 1 3 4 7 3 4
20120118 2 5 1 6 4 1
20120118 3 9 1 3 6 1
20120118 4 9 6 7 6 5
20120118 5 2 6 7 2 5
20120118 6 4 7 9 4 5
20120118 7 1 4 5 1 4
20120118 8 2 7 1 2 5
20120118 9 3 4 9 3 4
20120118 10 9 2 7 6 2
20120118 11 2 9 5 2 6
20120118 12 1 2 7 1 2
20120119 1 1 2 5 1 2
20120119 2 9 4 2 6 4
20120119 3 1 2 5 1 2
20120119 4 1 7 5 1 5
20120119 5 1 9 2 1 6
20120119 6 1 9 5 1 6
20120119 7 1 6 4 1 5
20120119 8 7 3 4 5 3
20120119 9 3 2 5 3 2
20120119 10 3 4 1 3 4
20120119 11 5 2 1 4 2
20120119 12 5 2 9 4 2
20120120 1 5 1 6 4 1
20120120 2 8 2 7 6 2
20120120 3 7 5 9 5 4
20120120 4 3 1 9 3 1
20120120 5 9 7 3 6 5
20120120 6 4 2 5 4 2
20120120 7 5 1 7 4 1
20120120 8 2 9 7 2 6
20120120 9 9 2 3 6 2
20120120 10 2 5 9 2 4
20120120 11 4 9 2 4 6
20120120 12 4 8 2 4 6
20120222 1 2 7 4 0 0
20120222 2 1 2 4 0 0
20120222 3 1 7 2 0 0
20120222 4 2 5 7 0 0
20120222 5 4 1 2 0 0
20120222 6 1 9 8 1 6
20120222 7 2 5 9 2 4
20120222 8 9 2 4 6 2
20120222 9 7 3 2 5 3
20120222 10 9 5 1 6 4
20120222 11 7 1 3 5 1
20120223 1 3 6 1 0 0
20120223 2 2 1 5 0 0
20120223 3 5 6 4 0 0
20120223 4 1 7 3 0 0
20120223 5 1 5 4 0 0
20120223 6 7 9 4 5 6
20120223 7 2 4 3 2 4
20120223 8 2 9 5 2 6
20120223 9 7 2 1 5 2
20120223 10 9 1 6 6 1
20120223 11 7 3 1 5 3
20120224 1 3 7 4 0 0
20120224 2 4 2 5 0 0
20120224 3 5 1 7 0 0
20120224 4 7 1 5 0 0
20120224 5 3 4 2 0 0
20120224 6 4 2 3 4 2
20120224 7 9 1 7 6 1
20120224 8 9 7 2 6 5
20120224 9 9 2 3 6 2
20120224 10 9 3 5 6 3
20120224 11 6 9 7 5 6
20120314 1 2 4 7 0 0
20120314 2 2 1 5 0 0
20120314 3 2 3 4 0 0
20120314 4 2 1 5 0 0
20120314 5 4 1 2 0 0
20120314 6 7 3 5 5 3
20120314 7 3 9 7 3 6
20120314 8 2 8 5 2 6
20120314 9 8 9 1 6 6
20120314 10 1 7 9 1 5
20120314 11 3 7 5 3 5
20120315 1 5 7 6 0 0
20120315 2 1 7 3 0 0
20120315 3 4 5 3 0 0
20120315 4 1 7 6 0 0
20120315 5 3 1 5 0 0
20120315 6 7 5 3 5 4
20120315 7 5 1 2 4 1
20120315 8 3 9 1 3 6
20120315 9 4 1 7 4 1
20120315 10 3 7 5 3 5
20120315 11 3 2 4 3 2
20120316 1 2 5 4 0 0
20120316 2 6 1 3 0 0
20120316 3 1 7 3 0 0
20120316 4 2 5 4 0 0
20120316 5 1 7 2 0 0
20120316 6 4 2 3 4 2
20120316 7 5 2 7 4 2
20120316 8 8 5 3 6 4
20120316 9 5 7 3 4 5
20120316 10 9 6 7 6 5
20120316 11 7 2 3 5 2
20120410 1 1 7 6 0 0
20120410 2 4 7 5 0 0
20120410 3 5 1 2 0 0
20120410 4 2 4 6 0 0
20120410 5 3 5 7 0 0
20120410 6 3 7 2 3 5
20120410 7 1 5 7 1 4
20120410 8 3 5 4 3 4
20120410 9 7 1 5 5 1
20120410 10 8 5 2 6 4
20120410 11 8 7 4 6 5
20120411 1 2 7 1 0 0
20120411 2 1 7 4 0 0
20120411 3 4 1 3 0 0
20120411 4 1 5 3 0 0
20120411 5 5 2 1 0 0
20120411 6 3 1 7 3 1
20120411 7 2 5 3 2 5
20120411 8 1 4 5 1 4
20120411 9 4 1 5 4 1
20120411 10 2 7 1 2 5
20120411 11 2 3 1 0 0
20120412 1 4 1 3 0 0
20120412 2 4 1 3 0 0
20120412 3 1 7 4 0 0
20120412 4 7 1 3 0 0
20120412 5 2 4 1 0 0
20120412 6 2 6 7 2 5
20120412 7 1 7 5 1 5
20120412 8 7 2 9 5 2
20120412 9 1 7 8 1 5
20120412 10 7 4 5 5 4
20120412 11 2 3 6 2 3
20120416 1 9 3 7 6 3
20120416 2 7 5 9 5 4
20120416 3 9 2 7 6 2
20120416 4 5 1 6 4 1
20120416 5 7 2 3 5 2
20120416 6 7 2 4 5 2
20120416 7 4 9 3 4 6
20120416 8 5 7 2 4 5
20120416 9 1 3 2 1 3
20120416 10 7 2 9 5 2
20120416 11 2 7 9 2 5
20120416 12 9 2 8 6 2
20120417 1 1 5 9 1 4
20120417 2 9 1 3 6 1
20120417 3 7 9 1 5 6
20120417 4 7 2 5 5 2
20120417 5 5 9 3 4 6
20120417 6 3 9 1 3 6
20120417 7 8 4 6 6 4
20120417 8 7 3 8 5 3
20120417 9 6 2 5 5 2
20120417 10 2 7 1 2 5
20120417 11 7 6 2 5 5
20120417 12 8 2 3 6 2
20120418 1 5 2 1 4 2
20120418 2 7 5 3 5 4
20120418 3 3 2 9 3 2
20120418 4 3 6 5 3 5
20120418 5 1 3 9 1 3
20120418 6 7 8 5 5 6
20120418 7 3 5 7 3 4
20120418 8 2 9 1 2 6
20120418 9 7 9 1 5 6
20120418 10 3 1 5 3 1
20120418 11 1 7 9 1 5
20120418 12 8 1 4 6 1
20120514 1 2 9 1 2 6
20120514 2 3 7 2 3 5
20120514 3 9 7 8 6 5
20120514 4 5 2 7 4 2
20120514 5 7 1 9 5 1
20120514 6 7 8 9 5 6
20120514 7 5 3 9 4 3
20120514 8 3 5 2 3 4
20120514 9 5 9 1 4 6
20120514 10 2 1 7 2 1
20120514 11 2 9 7 2 6
20120514 12 1 2 3 1 2
20120515 1 2 5 9 2 4
20120515 2 5 8 7 4 6
20120515 3 1 9 7 1 6
20120515 4 1 7 4 1 5
20120515 5 5 3 6 4 3
20120515 6 1 2 5 1 2
20120515 7 7 2 9 5 2
20120515 8 7 1 9 5 1
20120515 9 8 7 1 6 5
20120515 10 7 4 2 5 4
20120515 11 9 5 2 6 4
20120515 12 6 2 3 5 2
20120516 1 8 7 2 6 5
20120516 2 1 9 4 1 6
20120516 3 2 5 9 2 4
20120516 4 1 8 7 1 6
20120516 5 1 7 9 1 5
20120516 6 1 5 2 1 4
20120516 7 2 1 4 2 1
20120516 8 7 2 1 5 2
20120516 9 2 1 7 2 1
20120516 10 3 7 9 3 5
20120516 11 9 3 4 6 3
20120516 12 5 2 4 4 2
20120710 1 7 4 6 0 0
20120710 2 1 2 7 0 0
20120710 3 4 1 6 0 0
20120710 4 4 1 7 0 0
20120710 5 1 5 2 0 0
20120710 6 9 5 3 6 4
20120710 7 1 9 2 1 6
20120710 8 5 1 9 4 1
20120710 9 6 5 3 5 4
20120710 10 2 7 9 2 5
20120710 11 4 2 3 4 2
20120711 1 5 2 1 0 0
20120711 2 1 7 2 0 0
20120711 3 5 1 6 0 0
20120711 4 1 3 6 0 0
20120711 5 5 3 4 0 0
20120711 6 1 7 6 1 5
20120711 7 7 2 9 5 2
20120711 8 7 1 6 5 1
20120711 9 8 1 7 6 1
20120711 10 1 5 8 1 4
20120711 11 1 7 5 1 5
20120712 1 6 3 7 0 0
20120712 2 4 7 5 0 0
20120712 3 4 5 2 0 0
20120712 4 2 7 4 0 0
20120712 5 3 7 4 0 0
20120712 6 3 9 2 3 6
20120712 7 7 1 6 5 1
20120712 8 2 9 8 2 6
20120712 9 9 4 1 6 4
20120712 10 1 7 3 1 5
20120712 11 7 5 9 5 4
20120725 1 1 2 4 0 0
20120725 2 1 4 3 0 0
20120725 3 4 3 2 0 0
20120725 4 7 5 1 0 0
20120725 5 1 2 7 0 0
20120725 6 9 2 3 6 2
20120725 7 5 2 9 4 2
20120725 8 3 1 7 3 1
20120725 9 4 7 3 4 5
20120725 10 3 6 7 3 5
20120725 11 7 1 5 5 1
20120726 1 5 7 1 0 0
20120726 2 6 2 1 0 0
20120726 3 6 7 1 0 0
20120726 4 7 2 1 0 0
20120726 5 2 5 7 0 0
20120726 6 5 6 3 4 5
20120726 7 3 6 9 3 5
20120726 8 5 9 2 4 6
20120726 9 3 7 8 3 5
20120726 10 9 7 3 6 5
20120726 11 1 9 5 1 6
20120727 1 7 3 2 0 0
20120727 2 3 5 2 0 0
20120727 3 1 7 2 0 0
20120727 4 3 5 6 0 0
20120727 5 7 6 4 0 0
20120727 6 8 2 9 6 2
20120727 7 3 1 5 3 1
20120727 8 5 1 3 4 1
20120727 9 5 1 9 4 1
20120727 10 8 5 2 6 4
20120727 11 1 5 4 1 4
20120729 1 1 3 6 0 0
20120729 2 2 5 7 0 0
20120729 3 5 4 2 0 0
20120729 4 5 1 4 0 0
20120729 5 5 2 1 0 0
20120729 6 5 2 9 4 2
20120729 7 3 2 5 3 2
20120729 8 7 3 5 5 3
20120729 9 4 5 3 4 4
20120729 10 5 9 1 4 6
20120729 11 5 3 2 4 3
20120730 1 5 2 4 0 0
20120730 2 2 3 4 0 0
20120730 3 5 4 1 0 0
20120730 4 1 3 5 0 0
20120730 5 1 5 4 0 0
20120730 6 7 9 1 5 6
20120730 7 1 2 7 1 2
20120730 8 9 1 5 6 1
20120730 9 3 9 1 3 6
20120730 10 1 9 3 1 6
20120730 11 7 1 4 5 1
20120731 1 3 5 1 0 0
20120731 2 2 5 6 0 0
20120731 3 2 1 6 0 0
20120731 4 2 4 7 0 0
20120731 5 1 6 7 0 0
20120731 6 3 2 8 3 2
20120731 7 2 5 1 2 4
20120731 8 7 3 1 5 3
20120731 9 2 1 3 2 1
20120731 10 9 2 7 6 2
20120731 11 3 7 5 3 5
20120806 1 1 5 2 0 0
20120806 2 5 3 4 0 0
20120806 3 1 5 6 0 0
20120806 4 1 7 4 0 0
20120806 5 1 4 5 0 0
20120806 6 2 7 4 2 5
20120806 7 3 5 7 3 4
20120806 8 9 1 5 6 1
20120806 9 4 7 2 4 5
20120806 10 1 7 3 1 5
20120806 11 1 6 9 1 5
20120807 1 3 5 4 0 0
20120807 2 1 7 2 0 0
20120807 3 4 1 6 0 0
20120807 4 7 1 3 0 0
20120807 5 4 1 3 0 0
20120807 6 4 6 2 4 5
20120807 7 1 5 9 1 4
20120807 8 3 1 7 3 1
20120807 9 9 7 5 6 5
20120807 10 1 5 3 1 4
20120807 11 7 5 2 5 4
20120808 1 4 1 5 0 0
20120808 2 7 3 5 0 0
20120808 3 5 3 6 0 0
20120808 4 4 3 1 0 0
20120808 5 7 4 2 0 0
20120808 6 5 3 7 4 3
20120808 7 2 4 7 2 4
20120808 8 9 2 7 6 2
20120808 9 1 7 2 1 5
20120808 10 3 5 6 3 4
20120808 11 9 5 4 6 4
20120813 1 2 4 7 2 4
20120813 2 4 2 3 4 2
20120813 3 3 9 5 3 6
20120813 4 1 9 2 1 6
20120813 5 1 7 5 1 5
20120813 6 7 3 9 5 3
20120813 7 2 3 5 2 3
20120813 8 2 5 8 2 4
20120813 9 1 9 5 1 6
20120813 10 4 2 3 4 2
20120813 11 4 7 8 4 5
20120814 1 2 8 7 2 6
20120814 2 8 2 3 6 2
20120814 3 9 2 5 6 2
20120814 4 7 9 5 5 6
20120814 5 2 7 4 2 5
20120814 6 5 1 3 4 1
20120814 7 5 1 6 5 1
20120814 8 1 8 5 1 6
20120814 9 1 2 4 1 2
20120814 10 7 2 1 5 2
20120814 11 2 7 4 2 5
20120815 1 2 9 3 2 6
20120815 2 2 7 8 2 5
20120815 3 1 2 7 1 2
20120815 4 7 3 8 5 3
20120815 5 2 1 9 2 1
20120815 6 7 1 8 6 1
20120815 7 7 1 2 6 1
20120815 8 5 7 3 4 5
20120815 9 8 9 7 6 6
20120815 10 5 1 6 4 1
20120815 11 1 3 9 1 3
20120903 1 5 3 1 0 0
20120903 2 7 2 5 0 0
20120903 3 1 5 4 0 0
20120903 4 3 4 2 0 0
20120903 5 5 2 6 0 0
20120903 6 9 6 2 6 5
20120903 7 7 8 3 5 6
20120903 8 3 9 4 3 6
20120903 9 5 2 7 4 2
20120903 10 1 9 4 1 6
20120903 11 7 3 8 5 3
20120904 1 3 7 5 0 0
20120904 2 2 4 5 0 0
20120904 3 1 6 3 0 0
20120904 4 1 7 3 0 0
20120904 5 1 3 7 0 0
20120904 6 1 2 4 1 2
20120904 7 9 2 7 6 2
20120904 8 1 5 4 1 4
20120904 9 5 9 1 4 6
20120904 10 3 1 2 3 1
20120904 11 6 3 4 5 3
20120905 1 3 7 5 0 0
20120905 2 7 1 3 0 0
20120905 3 3 7 2 0 0
20120905 4 3 2 7 0 0
20120905 5 3 2 4 0 0
20120905 6 7 3 4 5 3
20120905 7 7 9 3 5 6
20120905 8 9 3 2 6 3
20120905 9 1 7 5 1 5
20120905 10 2 5 3 2 4
20120905 11 8 7 2 6 5
20121006 1 5 4 6 0 0
20121006 2 7 3 1 0 0
20121006 3 3 5 7 0 0
20121006 4 4 2 5 0 0
20121006 5 5 1 7 0 0
20121006 6 7 3 5 5 3
20121006 7 1 9 3 1 6
20121006 8 9 2 5 6 2
20121006 9 1 7 2 1 5
20121006 10 2 5 6 2 4
20121006 11 1 6 2 1 5
20121007 1 2 1 7 0 0
20121007 2 7 1 4 0 0
20121007 3 4 5 1 0 0
20121007 4 5 3 4 0 0
20121007 5 3 2 6 0 0
20121007 6 2 7 8 2 5
20121007 7 5 2 6 4 2
20121007 8 7 1 2 5 1
20121007 9 9 3 1 6 3
20121007 10 1 5 7 1 4
20121007 11 1 8 6 1 6
20121008 1 4 2 3 0 0
20121008 2 1 5 3 0 0
20121008 3 2 6 1 0 0
20121008 4 3 5 7 0 0
20121008 5 1 3 4 0 0
20121008 6 1 4 3 1 4
20121008 7 9 7 3 6 5
20121008 8 7 4 1 5 4
20121008 9 4 9 6 4 6
20121008 10 4 7 2 4 5
20121008 11 1 7 5 1 5
20121025 1 7 3 9 5 3
20121025 2 1 5 6 1 4
20121025 3 9 7 2 6 5
20121025 4 3 6 2 3 5
20121025 5 9 3 7 6 3
20121025 6 1 3 9 1 3
20121025 7 2 1 5 2 1
20121025 8 5 3 1 4 3
20121025 9 3 5 2 3 4
20121025 10 1 3 4 1 3
20121025 11 2 7 6 2 5
20121026 1 5 1 4 4 1
20121026 2 4 3 1 4 3
20121026 3 1 9 3 1 6
20121026 4 1 5 2 1 4
20121026 5 9 1 2 6 1
20121026 6 7 6 1 5 5
20121026 7 8 3 1 6 3
20121026 8 7 9 3 5 6
20121026 9 7 5 4 5 4
20121026 10 2 1 6 2 1
20121026 11 3 1 5 3 1
20121027 1 7 9 4 5 6
20121027 2 3 9 6 3 6
20121027 3 1 2 7 1 2
20121027 4 7 5 6 5 4
20121027 5 7 1 8 5 1
20121027 6 3 6 9 3 5
20121027 7 2 7 5 2 5
20121027 8 4 3 2 4 3
20121027 9 2 5 8 2 4
20121027 10 7 2 3 5 2
20121027 11 5 1 7 4 1
20121028 1 7 9 4 5 6
20121028 2 3 4 7 3 4
20121028 3 1 9 7 1 6
20121028 4 7 2 8 5 2
20121028 5 3 9 5 3 6
20121028 6 3 5 7 3 4
20121028 7 3 7 2 3 5
20121028 8 2 9 6 2 6
20121028 9 3 9 5 3 6
20121028 10 8 4 5 6 4
20121028 11 2 1 3 2 1
20121121 1 9 7 3 6 5
20121121 2 1 7 3 1 5
20121121 3 4 3 6 4 3
20121121 4 7 3 2 5 3
20121121 5 1 9 4 1 6
20121121 6 1 5 2 1 4
20121121 7 5 2 1 4 2
20121121 8 7 9 2 5 6
20121121 9 1 5 8 1 4
20121121 10 5 3 7 4 3
20121121 11 2 3 7 2 3
20121122 1 5 1 7 4 1
20121122 2 3 9 2 3 6
20121122 3 3 5 1 3 4
20121122 4 7 1 8 5 1
20121122 5 3 5 7 3 4
20121122 6 9 7 1 6 5
20121122 7 4 8 5 4 6
20121122 8 2 8 3 2 6
20121122 9 5 8 9 4 6
20121122 10 7 1 3 5 1
20121122 11 5 3 9 4 3
20121123 1 9 1 3 6 1
20121123 2 7 1 8 5 1
20121123 3 1 5 8 1 4
20121123 4 1 3 2 1 3
20121123 5 5 7 2 4 5
20121123 6 3 5 7 3 5
20121123 7 1 5 2 1 4
20121123 8 2 1 8 2 1
20121123 9 7 3 9 5 3
20121123 10 1 7 2 1 5
20121123 11 1 9 4 1 6
20121125 1 5 1 3 0 0
20121125 2 4 3 7 0 0
20121125 3 3 1 2 0 0
20121125 4 5 3 2 0 0
20121125 5 2 5 1 0 0
20121125 6 3 1 5 3 1
20121125 7 4 9 7 4 6
20121125 8 7 1 3 5 1
20121125 9 7 1 9 5 1
20121125 10 1 8 3 1 6
20121125 11 9 1 2 6 1
20121126 1 3 1 2 0 0
20121126 2 4 7 3 0 0
20121126 3 2 5 1 0 0
20121126 4 3 2 7 0 0
20121126 5 5 1 3 0 0
20121126 6 1 5 6 1 4
20121126 7 5 7 1 4 5
20121126 8 4 2 5 4 2
20121126 9 5 3 9 4 3
20121126 10 9 2 5 6 2
20121126 11 1 7 9 1 5
20121127 1 1 3 5 0 0
20121127 2 5 2 3 0 0
20121127 3 2 1 4 0 0
20121127 4 3 5 1 0 0
20121127 5 6 2 3 0 0
20121127 6 6 5 2 5 4
20121127 7 7 1 4 5 1
20121127 8 6 7 8 5 5
20121127 9 9 4 2 6 4
20121127 10 9 4 7 6 4
20121127 11 5 4 3 4 4
20121206 1 5 9 3 4 6
20121206 2 7 1 5 5 1
20121206 3 5 7 8 4 5
20121206 4 3 1 7 3 1
20121206 5 9 1 5 6 1
20121206 6 1 5 9 1 4
20121206 7 5 2 9 4 2
20121206 8 1 3 8 1 3
20121206 9 2 5 9 2 4
20121206 10 9 2 5 6 2
20121206 11 1 2 7 1 2
20121207 1 7 5 3 5 4
20121207 2 1 2 9 1 2
20121207 3 9 1 5 6 1
20121207 4 5 8 2 4 6
20121207 5 7 2 1 5 2
20121207 6 1 3 7 1 3
20121207 7 7 5 1 5 4
20121207 8 1 4 2 1 4
20121207 9 5 8 1 4 6
20121207 10 8 1 5 6 1
20121207 11 1 4 9 1 4
20121208 1 2 7 1 2 5
20121208 2 5 9 1 4 6
20121208 3 9 2 3 6 2
20121208 4 2 7 5 2 5
20121208 5 5 2 3 4 2
20121208 6 1 7 5 1 5
20121208 7 2 3 4 2 3
20121208 8 9 2 3 6 2
20121208 9 7 9 3 5 6
20121208 10 9 5 2 6 4
20121208 11 9 2 1 6 2
20121218 1 4 7 3 0 0
20121218 2 1 7 4 0 0
20121218 3 2 5 7 0 0
20121218 4 3 2 1 0 0
20121218 5 5 1 2 0 0
20121218 6 2 5 7 2 4
20121218 7 5 7 1 4 5
20121218 8 9 1 7 6 1
20121218 9 7 1 9 5 1
20121218 10 8 3 5 6 3
20121218 11 7 4 3 5 4
20121219 1 7 4 3 0 0
20121219 2 5 1 4 0 0
20121219 3 7 5 1 0 0
20121219 4 5 7 3 0 0
20121219 5 5 1 3 0 0
20121219 6 6 8 5 5 6
20121219 7 2 1 5 2 1
20121219 8 9 3 6 6 3
20121219 9 3 7 8 3 5
20121219 10 7 1 4 5 1
20121219 11 6 5 9 5 4
20121220 1 2 7 5 0 0
20121220 2 5 2 4 0 0
20121220 3 2 6 4 0 0
20121220 4 1 5 2 0 0
20121220 5 2 3 7 0 0
20121220 6 5 2 1 4 2
20121220 7 1 5 9 1 4
20121220 8 2 1 3 2 1
20121220 9 9 7 2 6 5
20121220 10 1 9 5 1 6
20121220 11 6 7 4 5 5
20130123 1 1 5 9 1 4
20130123 2 1 2 5 1 2
20130123 3 7 3 9 5 3
20130123 4 5 1 2 4 1
20130123 5 1 5 3 1 4
20130123 6 7 5 1 5 4
20130123 7 7 2 3 5 2
20130123 8 7 1 8 5 1
20130123 9 7 1 4 5 1
20130123 10 5 3 1 4 3
20130123 11 3 5 1 3 4
20130124 1 5 3 7 4 3
20130124 2 9 4 7 6 4
20130124 3 2 7 8 2 5
20130124 4 3 5 1 3 4
20130124 5 2 8 5 2 6
20130124 6 5 1 9 4 1
20130124 7 2 7 8 2 5
20130124 8 4 1 3 4 1
20130124 9 3 5 7 3 4
20130124 10 2 3 7 2 3
20130124 11 1 5 8 1 4
20130125 1 6 3 7 5 3
20130125 2 3 8 2 3 6
20130125 3 2 7 3 2 5
20130125 4 5 7 9 4 5
20130125 5 3 7 1 3 5
20130125 6 2 6 8 2 5
20130125 7 7 5 3 5 4
20130125 8 7 1 8 5 1
20130125 9 1 5 7 1 4
20130125 10 5 2 7 4 2
20130125 11 3 1 7 3 1
20130219 1 3 1 4 0 0
20130219 2 7 3 5 0 0
20130219 3 2 5 1 0 0
20130219 4 7 4 3 0 0
20130219 5 1 2 5 0 0
20130219 6 5 1 7 4 1
20130219 7 2 9 1 2 6
20130219 8 3 9 2 3 6
20130219 9 1 7 8 1 5
20130219 10 6 1 9 5 1
20130219 11 1 8 7 1 6
20130220 1 3 1 4 0 0
20130220 2 2 1 5 0 0
20130220 3 2 5 3 0 0
20130220 4 7 3 2 0 0
20130220 5 5 7 1 0 0
20130220 6 9 7 5 6 5
20130220 7 3 5 1 3 4
20130220 8 5 7 2 4 5
20130220 9 4 7 1 4 5
20130220 10 1 9 7 1 6
20130220 11 6 1 2 5 1
20130221 1 2 4 5 0 0
20130221 2 3 7 4 0 0
20130221 3 1 7 3 0 0
20130221 4 5 1 4 0 0
20130221 5 5 2 4 0 0
20130221 6 4 1 3 4 1
20130221 7 3 8 1 3 6
20130221 8 3 8 9 3 6
20130221 9 4 1 9 4 1
20130221 10 3 7 2 3 5
20130221 11 4 8 7 4 6
20130308 1 4 3 1 0 0
20130308 2 4 7 2 0 0
20130308 3 1 7 5 0 0
20130308 4 4 2 5 0 0
20130308 5 1 4 2 0 0
20130308 6 2 5 8 2 4
20130308 7 9 1 5 6 1
20130308 8 9 5 1 6 4
20130308 9 1 8 7 1 6
20130308 10 7 1 3 5 1
20130308 11 5 2 6 4 2
20130309 1 7 3 2 0 0
20130309 2 5 1 3 0 0
20130309 3 1 5 4 0 0
20130309 4 2 3 4 0 0
20130309 5 5 3 1 0 0
20130309 6 3 9 5 3 6
20130309 7 2 6 8 2 5
20130309 8 4 6 5 4 5
20130309 9 3 9 6 3 6
20130309 10 9 1 5 6 1
20130309 11 4 7 3 4 5
20130310 1 2 7 3 0 0
20130310 2 5 7 4 0 0
20130310 3 2 4 6 0 0
20130310 4 2 1 5 0 0
20130310 5 2 7 3 0 0
20130310 6 6 7 3 5 5
20130310 7 5 7 4 4 5
20130310 8 3 1 5 3 1
20130310 9 9 1 4 6 1
20130310 10 3 9 1 3 6
20130310 11 9 5 1 6 4
20130312 1 2 5 6 0 0
20130312 2 2 1 6 0 0
20130312 3 3 7 2 0 0
20130312 4 2 1 4 0 0
20130312 5 5 7 2 0 0
20130312 6 1 3 2 1 3
20130312 7 5 7 2 4 5
20130312 8 3 9 1 3 6
20130312 9 8 1 9 6 1
20130312 10 3 1 4 3 1
20130312 11 8 2 4 6 2
20130313 1 5 3 1 0 0
20130313 2 7 2 5 0 0
20130313 3 7 3 1 0 0
20130313 4 1 3 2 0 0
20130313 5 1 5 4 0 0
20130313 6 7 1 3 5 1
20130313 7 9 1 3 6 1
20130313 8 6 1 5 5 1
20130313 9 1 9 3 1 6
20130313 10 7 1 5 5 1
20130313 11 4 1 7 4 1
20130314 1 4 1 2 0 0
20130314 2 7 1 3 0 0
20130314 3 4 2 1 0 0
20130314 4 4 1 2 0 0
20130314 5 3 2 1 0 0
20130314 6 5 1 3 4 1
20130314 7 6 9 3 5 6
20130314 8 4 9 6 4 6
20130314 9 1 7 9 1 5
20130314 10 1 7 9 1 5
20130314 11 1 7 3 1 5
20130417 1 5 2 6 0 0
20130417 2 5 7 3 0 0
20130417 3 7 3 1 0 0
20130417 4 3 5 1 0 0
20130417 5 1 7 2 0 0
20130417 6 5 3 7 4 3
20130417 7 2 5 9 2 4
20130417 8 1 7 2 1 5
20130417 9 1 7 2 1 5
20130417 10 7 1 5 5 1
20130418 1 4 1 2 0 0
20130418 2 7 3 4 0 0
20130418 3 1 4 2 0 0
20130418 4 5 7 2 0 0
20130418 5 7 2 4 0 0
20130418 6 5 1 9 4 1
20130418 7 4 6 2 4 5
20130418 8 4 1 9 4 1
20130418 9 9 2 7 6 2
20130418 10 5 1 9 4 1
20130419 1 5 2 1 0 0
20130419 2 5 3 7 0 0
20130419 3 1 4 7 0 0
20130419 4 3 4 2 0 0
20130419 5 1 4 2 0 0
20130419 6 7 5 9 5 4
20130419 7 7 8 1 5 6
20130419 8 7 2 3 5 2
20130419 9 5 8 1 4 6
20130419 10 4 6 9 4 5
20130430 1 2 7 4 0 0
20130430 2 1 4 7 0 0
20130430 3 2 1 5 0 0
20130430 4 2 7 1 0 0
20130430 5 4 1 2 0 0
20130430 6 5 9 1 4 6
20130430 7 8 2 1 6 2
20130430 8 5 1 3 4 1
20130430 9 3 6 7 3 5
20130430 10 5 6 1 4 5
20130501 1 4 7 1 0 0
20130501 2 2 4 5 0 0
20130501 3 2 6 7 0 0
20130501 4 4 7 1 0 0
20130501 5 7 2 3 0 0
20130501 6 5 9 8 4 6
20130501 7 1 5 7 1 4
20130501 8 2 3 4 2 3
20130501 9 6 5 1 5 4
20130501 10 1 5 3 1 4
20130502 1 2 7 5 0 0
20130502 2 2 4 3 0 0
20130502 3 2 3 4 0 0
20130502 4 4 5 6 0 0
20130502 5 2 5 1 0 0
20130502 6 9 2 5 6 2
20130502 7 1 3 5 1 3
20130502 8 3 5 4 3 4
20130502 9 7 2 1 5 2
20130502 10 5 4 7 4 4
20130531 1 2 3 5 0 0
20130531 2 2 4 5 0 0
20130531 3 7 5 2 0 0
20130531 4 3 1 5 0 0
20130531 5 1 5 3 0 0
20130531 6 7 2 5 5 2
20130531 7 8 7 2 6 5
20130531 8 2 7 1 2 5
20130531 9 3 7 4 3 5
20130531 10 1 4 9 1 4
20130601 1 5 3 1 0 0
20130601 2 1 5 2 0 0
20130601 3 5 1 4 0 0
20130601 4 4 1 7 0 0
20130601 5 2 5 1 0 0
20130601 6 9 6 5 6 5
20130601 7 2 3 9 2 3
20130601 8 2 1 5 2 1
20130601 9 9 2 8 6 2
20130601 10 5 8 2 4 6
20130602 1 7 3 1 0 0
20130602 2 3 5 2 0 0
20130602 3 7 1 4 0 0
20130602 4 4 7 5 0 0
20130602 5 3 2 4 0 0
20130602 6 9 3 1 6 3
20130602 7 9 1 7 6 1
20130602 8 5 3 1 4 3
20130602 9 1 2 4 1 2
20130602 10 1 2 7 1 2
20130610 1 9 4 7 6 4
20130610 2 3 5 7 3 4
20130610 3 9 6 1 6 5
20130610 4 2 5 3 2 4
20130610 5 2 6 4 2 5
20130610 6 7 4 2 5 4
20130610 7 9 3 7 6 3
20130610 8 9 3 7 6 3
20130610 9 7 1 8 5 1
20130610 10 1 7 9 1 5
20130610 11 7 4 2 5 4
20130611 1 2 4 7 2 4
20130611 2 4 9 6 4 6
20130611 3 7 2 8 5 2
20130611 4 3 7 9 3 5
20130611 5 1 9 7 1 6
20130611 6 1 9 5 1 6
20130611 7 1 2 7 1 2
20130611 8 5 1 7 4 1
20130611 9 7 5 6 5 4
20130611 10 3 2 8 3 2
20130611 11 5 1 4 4 1
20130612 1 7 4 3 5 4
20130612 2 8 6 9 6 5
20130612 3 1 5 8 1 4
20130612 4 1 7 3 1 5
20130612 5 3 5 7 3 4
20130612 6 5 1 4 5 1
20130612 7 8 5 3 6 4
20130612 8 7 1 2 5 1
20130612 9 4 9 1 4 6
20130612 10 2 9 8 2 6
20130612 11 3 1 2 3 1
20130717 1 3 5 1 3 4
20130717 2 5 1 3 4 1
20130717 3 5 7 2 4 5
20130717 4 5 7 2 4 5
20130717 5 1 9 6 1 6
20130717 6 1 3 4 1 3
20130717 7 7 8 2 5 6
20130717 8 7 1 8 5 1
20130717 9 1 5 2 1 4
20130717 10 7 5 1 5 4
20130717 11 9 2 5 6 2
20130718 1 8 2 5 6 2
20130718 2 7 1 4 5 1
20130718 3 1 9 5 1 6
20130718 4 5 2 3 4 2
20130718 5 5 9 3 4 6
20130718 6 5 2 7 4 2
20130718 7 5 3 8 5 3
20130718 8 8 3 1 6 3
20130718 9 9 5 2 6 4
20130718 10 3 7 2 3 5
20130718 11 1 5 2 1 4
20130719 1 6 9 7 5 6
20130719 2 2 9 3 2 6
20130719 3 7 1 3 5 1
20130719 4 2 7 9 2 5
20130719 5 3 5 9 3 4
20130719 6 1 6 5 1 5
20130719 7 1 9 7 1 6
20130719 8 1 7 8 1 5
20130719 9 5 3 2 4 3
20130719 10 7 3 1 5 3
20130719 11 7 3 5 5 3
20130724 1 4 3 1 0 0
20130724 2 6 3 5 0 0
20130724 3 7 4 5 0 0
20130724 4 1 7 5 0 0
20130724 5 2 3 1 0 0
20130724 6 3 9 5 3 6
20130724 7 2 5 9 2 4
20130724 8 1 7 4 1 5
20130724 9 1 7 4 1 5
20130724 10 1 7 9 1 5
20130725 1 1 3 5 0 0
20130725 2 1 3 4 0 0
20130725 3 5 7 2 0 0
20130725 4 2 4 1 0 0
20130725 5 1 5 4 0 0
20130725 6 5 1 9 4 1
20130725 7 2 7 5 2 5
20130725 8 2 4 8 2 4
20130725 9 7 2 3 5 2
20130725 10 5 9 7 4 6
20130726 1 4 5 2 0 0
20130726 2 5 3 1 0 0
20130726 3 2 5 3 0 0
20130726 4 3 2 5 0 0
20130726 5 1 5 3 0 0
20130726 6 9 1 5 6 1
20130726 7 1 5 7 1 4
20130726 8 9 7 4 6 5
20130726 9 3 1 2 3 1
20130726 10 7 5 2 5 4
20130828 1 1 7 3 0 0
20130828 2 2 4 5 0 0
20130828 3 4 1 2 0 0
20130828 4 2 1 4 0 0
20130828 5 5 1 2 0 0
20130828 6 2 7 3 2 5
20130828 7 2 4 7 2 4
20130828 8 2 7 1 2 5
20130828 9 7 5 1 5 4
20130828 10 7 2 3 5 2
20130829 1 4 7 1 0 0
20130829 2 3 2 1 0 0
20130829 3 3 4 1 0 0
20130829 4 4 7 1 0 0
20130829 5 1 7 5 0 0
20130829 6 9 4 7 6 4
20130829 7 2 7 5 2 5
20130829 8 7 1 5 5 1
20130829 9 1 9 3 1 6
20130829 10 5 7 1 4 5
20130830 1 4 2 1 0 0
20130830 2 5 3 2 0 0
20130830 3 7 5 2 0 0
20130830 4 4 1 2 0 0
20130830 5 1 2 3 0 0
20130830 6 1 2 9 1 2
20130830 7 5 1 9 4 1
20130830 8 9 6 5 6 5
20130830 9 5 1 9 4 1
20130830 10 5 9 8 4 6
20130925 1 3 4 5 0 0
20130925 2 3 1 7 0 0
20130925 3 5 3 2 0 0
20130925 4 7 5 4 0 0
20130925 5 2 7 4 0 0
20130925 6 1 3 7 1 3
20130925 7 7 9 5 5 6
20130925 8 3 8 2 3 6
20130925 9 7 5 1 5 4
20130925 10 3 4 1 3 4
20130926 1 2 3 4 0 0
20130926 2 4 7 3 0 0
20130926 3 4 2 1 0 0
20130926 4 4 2 5 0 0
20130926 5 1 5 7 0 0
20130926 6 3 6 4 3 5
20130926 7 1 5 6 1 4
20130926 8 1 2 3 1 2
20130926 9 6 2 3 5 2
20130926 10 5 1 2 4 1
20130927 1 2 1 5 0 0
20130927 2 5 3 1 0 0
20130927 3 3 2 7 0 0
20130927 4 1 2 4 0 0
20130927 5 4 1 2 0 0
20130927 6 6 7 1 5 6
20130927 7 1 7 5 1 5
20130927 8 3 4 9 3 4
20130927 9 9 4 7 6 4
20130927 10 9 7 6 6 5
20131026 1 3 2 8 3 2
20131026 2 4 3 2 4 3
20131026 3 5 3 4 4 3
20131026 4 7 1 3 5 1
20131026 5 5 3 9 4 3
20131026 6 7 1 8 5 1
20131026 7 3 7 5 3 5
20131026 8 7 1 4 5 1
20131026 9 2 1 9 2 1
20131026 10 1 2 7 1 2
20131026 11 7 1 9 5 1
20131027 1 7 1 2 5 1
20131027 2 5 1 4 4 1
20131027 3 5 3 6 4 3
20131027 4 5 4 1 4 4
20131027 5 2 9 1 2 6
20131027 6 1 3 8 1 3
20131027 7 3 7 1 3 5
20131027 8 9 1 2 6 1
20131027 9 5 3 8 4 3
20131027 10 8 9 1 6 6
20131027 11 9 7 5 6 5
20131028 1 1 7 5 1 5
20131028 2 8 5 7 6 4
20131028 3 9 8 7 6 6
20131028 4 7 3 2 5 3
20131028 5 4 3 7 4 3
20131028 6 9 4 3 6 4
20131028 7 4 5 3 4 4
20131028 8 1 4 5 1 4
20131028 9 9 3 4 6 3
20131028 10 2 5 4 2 4
20131028 11 7 3 5 5 3
20131029 1 7 1 8 5 1
20131029 2 5 7 1 4 5
20131029 3 2 1 7 2 1
20131029 4 2 9 5 2 6
20131029 5 5 7 1 4 5
20131029 6 2 8 7 2 6
20131029 7 3 9 5 3 6
20131029 8 1 7 3 1 5
20131029 9 6 7 5 5 5
20131029 10 2 1 6 2 1
20131029 11 2 1 4 2 1
20131106 1 2 1 7 2 1
20131106 2 1 8 6 1 6
20131106 3 9 5 1 6 4
20131106 4 1 3 7 1 3
20131106 5 2 5 7 2 4
20131106 6 6 3 1 5 3
20131106 7 7 6 9 5 5
20131106 8 7 1 4 5 1
20131106 9 3 4 2 3 4
20131106 10 3 9 5 3 6
20131106 11 3 4 8 3 4
20131107 1 9 6 2 6 5
20131107 2 7 8 9 5 6
20131107 3 9 1 7 6 1
20131107 4 3 2 4 3 2
20131107 5 3 4 9 3 4
20131107 6 7 1 3 5 1
20131107 7 7 6 9 5 5
20131107 8 5 2 4 4 2
20131107 9 3 4 5 3 4
20131107 10 2 3 5 2 3
20131107 11 5 1 2 4 1
20131108 1 7 3 1 5 3
20131108 2 5 3 9 4 3
20131108 3 9 1 3 6 1
20131108 4 2 3 5 2 3
20131108 5 7 5 2 5 4
20131108 6 5 7 1 4 5
20131108 7 7 2 5 5 2
20131108 8 7 1 6 5 1
20131108 9 8 3 5 6 3
20131108 10 7 1 2 5 1
20131108 11 5 9 4 4 6
20131112 1 7 2 3 5 2
20131112 2 1 3 6 1 3
20131112 3 9 1 7 6 1
20131112 4 7 9 3 5 6
20131112 5 7 1 2 5 1
20131112 6 9 4 6 6 4
20131112 7 1 9 6 1 6
20131112 8 1 7 5 1 5
20131112 9 5 1 4 4 1
20131112 10 2 1 3 2 1
20131112 11 5 9 7 4 6
20131113 1 3 5 7 3 4
20131113 2 3 5 2 3 4
20131113 3 3 9 1 3 6
20131113 4 7 2 3 5 2
20131113 5 7 2 4 5 2
20131113 6 3 5 1 3 4
20131113 7 1 5 2 1 4
20131113 8 1 3 8 1 3
20131113 9 1 7 3 1 5
20131113 10 1 4 5 1 4
20131113 11 7 2 5 5 2
20131114 1 3 7 1 3 5
20131114 2 9 1 3 6 1
20131114 3 2 5 7 2 4
20131114 4 9 6 2 6 5
20131114 5 1 5 7 1 4
20131114 6 2 5 1 2 4
20131114 7 5 2 6 4 2
20131114 8 3 6 1 3 5
20131114 9 1 5 7 1 4
20131114 10 3 1 5 3 1
20131114 11 7 3 2 5 3
20131206 1 2 7 5 0 0
20131206 2 4 2 7 0 0
20131206 3 3 7 1 0 0
20131206 4 7 1 5 0 0
20131206 5 4 1 7 0 0
20131206 6 4 2 3 4 2
20131206 7 5 2 9 4 2
20131206 8 3 5 7 3 4
20131206 9 2 5 7 2 4
20131206 10 3 9 5 3 6
20131207 1 1 5 2 0 0
20131207 2 1 5 7 0 0
20131207 3 7 3 5 0 0
20131207 4 4 7 2 0 0
20131207 5 5 7 1 0 0
20131207 6 1 7 5 1 5
20131207 7 2 7 1 2 5
20131207 8 5 3 7 4 3
20131207 9 9 5 2 6 4
20131207 10 7 2 5 5 2
20131208 1 7 1 4 0 0
20131208 2 3 5 7 0 0
20131208 3 2 5 7 0 0
20131208 4 7 5 6 0 0
20131208 5 5 7 3 0 0
20131208 6 3 6 4 3 5
20131208 7 1 5 2 1 4
20131208 8 5 3 8 4 3
20131208 9 5 8 7 4 6
20131208 10 1 5 7 1 4
20131210 1 4 7 3 0 0
20131210 2 4 1 3 0 0
20131210 3 1 5 3 0 0
20131210 4 2 5 3 0 0
20131210 5 7 1 5 0 0
20131210 6 1 7 5 1 5
20131210 7 9 2 3 6 2
20131210 8 5 7 1 4 5
20131210 9 1 5 7 1 4
20131210 10 5 3 4 4 3
20131211 1 2 4 6 0 0
20131211 2 2 4 1 0 0
20131211 3 5 3 2 0 0
20131211 4 7 4 1 0 0
20131211 5 3 7 2 0 0
20131211 6 7 4 5 5 4
20131211 7 1 7 3 1 5
20131211 8 2 7 6 2 5
20131211 9 7 2 9 5 2
20131211 10 7 4 5 5 4
20131212 1 5 2 4 0 0
20131212 2 2 3 4 0 0
20131212 3 2 1 5 0 0
20131212 4 5 1 2 0 0
20131212 5 1 2 4 0 0
20131212 6 9 7 2 6 5
20131212 7 2 9 5 2 6
20131212 8 8 1 5 6 1
20131212 9 8 5 2 6 4
20131212 10 2 9 7 2 6
20140101 1 1 5 4 1 4
20140101 2 9 3 1 6 3
20140101 3 3 5 7 3 4
20140101 4 5 2 9 4 2
20140101 5 3 7 8 3 5
20140101 6 5 1 9 4 1
20140101 7 6 3 5 5 3
20140101 8 4 2 1 4 2
20140101 9 4 3 7 4 3
20140101 10 1 3 7 1 3
20140101 11 8 1 3 6 1
20140102 1 3 7 4 3 5
20140102 2 4 2 9 4 2
20140102 3 7 2 9 5 2
20140102 4 9 7 1 6 5
20140102 5 1 2 6 1 2
20140102 6 2 5 4 2 4
20140102 7 7 3 1 5 3
20140102 8 5 6 8 4 5
20140102 9 7 1 3 5 1
20140102 10 1 2 7 1 2
20140102 11 9 1 2 6 1
20140103 1 2 5 9 2 4
20140103 2 3 9 1 3 6
20140103 3 7 2 9 5 2
20140103 4 2 4 5 2 4
20140103 5 7 1 8 5 1
20140103 6 5 3 4 5 3
20140103 7 6 4 3 5 4
20140103 8 5 9 2 4 6
20140103 9 5 1 9 4 1
20140103 10 2 5 6 2 4
20140103 11 2 3 7 2 3
20140118 1 3 6 4 0 0
20140118 2 1 5 2 0 0
20140118 3 3 5 1 0 0
20140118 4 7 1 4 0 0
20140118 5 2 7 4 0 0
20140118 6 4 7 3 4 5
20140118 7 2 9 6 2 6
20140118 8 9 7 1 6 5
20140118 9 1 7 2 1 5
20140118 10 5 9 2 4 6
20140119 1 2 4 3 0 0
20140119 2 3 7 1 0 0
20140119 3 3 4 6 0 0
20140119 4 5 1 4 0 0
20140119 5 1 7 4 0 0
20140119 6 2 3 9 2 3
20140119 7 1 2 3 1 2
20140119 8 7 2 5 5 2
20140119 9 2 9 7 2 6
20140119 10 9 8 3 6 6
20140120 1 5 4 1 0 0
20140120 2 6 1 2 0 0
20140120 3 4 6 7 0 0
20140120 4 3 5 1 0 0
20140120 5 1 4 7 0 0
20140120 6 9 3 4 6 3
20140120 7 3 2 7 3 2
20140120 8 2 7 5 2 5
20140120 9 1 6 5 1 5
20140120 10 5 3 2 4 3
20140202 1 3 7 6 3 5
20140202 2 5 2 8 4 2
20140202 3 1 5 9 1 4
20140202 4 7 9 3 5 6
20140202 5 7 9 3 5 6
20140202 6 3 7 4 3 5
20140202 7 3 7 5 3 5
20140202 8 2 5 3 2 4
20140202 9 1 5 7 1 4
20140202 10 3 9 5 3 6
20140202 11 5 7 3 4 5
20140203 1 5 7 2 4 5
20140203 2 6 5 7 5 4
20140203 3 9 3 5 6 3
20140203 4 9 2 1 6 2
20140203 5 1 5 3 1 4
20140203 6 3 4 2 3 4
20140203 7 4 2 5 4 2
20140203 8 4 7 2 4 5
20140203 9 1 9 7 1 6
20140203 10 1 5 9 1 4
20140203 11 7 2 4 5 2
20140204 1 5 4 3 5 4
20140204 2 1 7 5 1 5
20140204 3 2 7 6 2 5
20140204 4 3 6 5 3 5
20140204 5 9 2 7 6 2
20140204 6 1 5 7 1 5
20140204 7 5 1 7 4 1
20140204 8 6 3 2 5 3
20140204 9 7 2 9 5 2
20140204 10 9 1 8 6 1
20140204 11 4 9 6 4 6
20140219 1 4 9 3 4 6
20140219 2 7 1 4 5 1
20140219 3 8 7 5 6 5
20140219 4 9 3 1 6 3
20140219 5 1 7 9 1 5
20140219 6 7 8 6 5 6
20140219 7 2 1 9 2 1
20140219 8 4 3 5 4 3
20140219 9 1 5 9 1 4
20140219 10 2 1 5 2 1
20140219 11 5 6 3 4 5
20140220 1 2 5 3 2 4
20140220 2 8 1 3 6 1
20140220 3 6 1 9 5 1
20140220 4 2 7 5 2 5
20140220 5 7 2 5 5 2
20140220 6 5 6 3 4 5
20140220 7 3 5 7 3 4
20140220 8 2 5 1 2 4
20140220 9 1 2 9 1 2
20140220 10 1 5 2 1 4
20140220 11 3 7 6 3 5
20140221 1 6 1 3 5 1
20140221 2 1 2 7 1 2
20140221 3 8 9 3 6 6
20140221 4 7 8 2 5 6
20140221 5 7 1 6 5 1
20140221 6 2 5 9 2 4
20140221 7 5 1 7 4 1
20140221 8 2 1 7 2 1
20140221 9 7 9 1 5 6
20140221 10 5 1 4 4 1
20140221 11 3 9 1 3 6
20140308 1 1 3 4 0 0
20140308 2 1 6 3 0 0
20140308 3 1 5 3 0 0
20140308 4 7 1 4 0 0
20140308 5 2 4 7 0 0
20140308 6 7 9 3 5 6
20140308 7 7 2 9 5 2
20140308 8 1 5 3 1 4
20140308 9 4 2 5 4 2
20140308 10 7 4 2 5 4
20140309 1 1 3 4 0 0
20140309 2 3 1 7 0 0
20140309 3 3 4 2 0 0
20140309 4 6 4 2 0 0
20140309 5 5 2 7 0 0
20140309 6 1 8 7 1 6
20140309 7 0 0 0 6 5
20140309 8 1 8 7 1 6
20140309 9 1 7 3 1 5
20140309 10 1 5 3 1 4
20140310 1 3 4 1 0 0
20140310 2 7 2 4 0 0
20140310 3 5 4 7 0 0
20140310 4 2 4 3 0 0
20140310 5 1 5 7 0 0
20140310 6 5 7 2 4 5
20140310 7 2 5 9 2 4
20140310 8 9 7 5 6 5
20140310 9 2 9 4 2 6
20140310 10 7 3 1 5 3
20140314 1 5 3 2 0 0
20140314 2 5 2 3 0 0
20140314 3 1 4 2 0 0
20140314 4 3 4 5 0 0
20140314 5 1 3 7 0 0
20140314 6 1 9 7 1 6
20140314 7 5 7 4 4 5
20140314 8 7 2 1 5 2
20140314 9 1 7 9 1 5
20140314 10 2 4 6 2 4
20140315 1 4 1 7 0 0
20140315 2 7 5 4 0 0
20140315 3 1 5 6 0 0
20140315 4 7 2 1 0 0
20140315 5 5 7 1 0 0
20140315 6 2 7 1 2 5
20140315 7 7 6 3 5 5
20140315 8 2 1 7 2 1
20140315 9 2 7 9 2 5
20140315 10 7 1 5 5 1
20140316 1 1 5 3 0 0
20140316 2 5 3 2 0 0
20140316 3 4 7 1 0 0
20140316 4 4 2 7 0 0
20140316 5 5 1 4 0 0
20140316 6 3 5 1 3 4
20140316 7 0 0 0 2 5
20140316 8 4 1 3 4 1
20140316 9 1 2 5 1 2
20140316 10 4 7 5 4 5
