20111214 1 9 3 4 6 3
20111214 2 7 1 5 5 1
20111214 3 9 3 1 6 3
20111214 4 5 2 7 4 2
20111214 5 2 1 6 2 1
20111214 6 9 4 6 6 4
20111214 7 1 7 2 1 5
20111214 8 9 2 1 6 2
20111214 9 7 2 5 5 2
20111214 10 3 2 1 3 2
20111214 11 3 7 4 3 5
20111214 12 1 8 7 1 6
20111215 1 2 7 3 2 5
20111215 2 2 5 7 2 4
20111215 3 5 3 4 4 3
20111215 4 7 3 8 5 3
20111215 5 7 2 9 5 2
20111215 6 1 7 3 1 5
20111215 7 3 7 2 3 5
20111215 8 2 7 4 2 5
20111215 9 2 9 6 2 6
20111215 10 3 6 7 3 5
20111215 11 1 9 2 1 6
20111215 12 9 1 4 6 1
20111216 1 3 7 4 3 5
20111216 2 9 2 5 6 2
20111216 3 7 2 9 5 2
20111216 4 1 2 3 1 2
20111216 5 7 4 1 5 4
20111216 6 6 5 1 5 4
20111216 7 2 4 5 2 4
20111216 8 1 2 7 1 2
20111216 9 3 2 7 3 2
20111216 10 9 2 7 6 2
20111216 11 1 9 3 1 6
20111216 12 7 1 9 5 1
20120104 1 5 1 3 0 0
20120104 2 5 1 7 0 0
20120104 3 2 3 4 0 0
20120104 4 5 3 1 0 0
20120104 5 1 7 6 0 0
20120104 6 7 9 3 5 6
20120104 7 7 1 5 5 1
20120104 8 5 2 9 4 2
20120104 9 6 5 3 5 4
20120104 10 9 1 5 6 1
20120104 11 5 7 1 4 5
20120105 1 2 3 4 0 0
20120105 2 4 2 1 0 0
20120105 3 1 4 6 0 0
20120105 4 1 7 2 0 0
20120105 5 5 2 6 0 0
20120105 6 7 9 2 5 6
20120105 7 3 7 8 3 5
20120105 8 8 7 5 6 5
20120105 9 9 2 3 6 2
20120105 10 9 7 6 6 5
20120105 11 1 2 7 1 2
20120106 1 1 7 5 0 0
20120106 2 1 5 2 0 0
20120106 3 2 7 4 0 0
20120106 4 2 5 7 0 0
20120106 5 4 7 2 0 0
20120106 6 1 3 7 1 3
20120106 7 7 2 8 5 2
20120106 8 1 8 5 1 6
20120106 9 1 5 4 1 4
20120106 10 1 8 2 1 6
20120106 11 4 6 5 4 5
20120121 1 7 4 3 0 0
20120121 2 4 2 3 0 0
20120121 3 5 2 7 0 0
20120121 4 1 5 7 0 0
20120121 5 5 3 4 0 0
20120121 6 3 5 7 3 4
20120121 7 9 1 2 6 1
20120121 8 7 3 2 5 3
20120121 9 2 9 3 2 6
20120121 10 7 2 3 5 2
20120121 11 2 3 8 2 3
20120122 1 7 6 1 0 0
20120122 2 1 2 4 0 0
20120122 3 2 4 6 0 0
20120122 4 5 3 2 0 0
20120122 5 1 3 6 0 0
20120122 6 7 4 2 5 4
20120122 7 2 7 5 2 5
20120122 8 6 3 1 5 3
20120122 9 1 4 6 1 4
20120122 10 2 3 4 2 3
20120122 11 7 1 4 5 1
20120123 1 6 3 5 0 0
20120123 2 2 1 7 0 0
20120123 3 5 7 1 0 0
20120123 4 2 7 3 0 0
20120123 5 3 1 5 0 0
20120123 6 3 1 5 3 1
20120123 7 3 7 4 3 5
20120123 8 2 6 3 2 5
20120123 9 1 7 9 1 5
20120123 10 1 9 3 1 6
20120123 11 5 1 9 4 1
20120131 1 1 7 3 0 0
20120131 2 1 4 5 0 0
20120131 3 3 7 4 0 0
20120131 4 7 2 4 0 0
20120131 5 5 1 3 0 0
20120131 6 1 2 5 1 2
20120131 7 1 5 9 1 4
20120131 8 1 7 5 1 5
20120131 9 1 3 2 1 3
20120131 10 7 2 9 5 2
20120131 11 9 4 2 6 4
20120201 1 1 7 3 0 0
20120201 2 3 5 1 0 0
20120201 3 4 2 1 0 0
20120201 4 5 1 3 0 0
20120201 5 5 1 2 0 0
20120201 6 1 7 8 1 5
20120201 7 1 7 2 1 5
20120201 8 5 1 8 4 1
20120201 9 9 2 3 6 2
20120201 10 2 7 4 2 5
20120201 11 7 1 2 5 1
20120225 1 2 4 1 0 0
20120225 2 5 7 3 0 0
20120225 3 5 2 4 0 0
20120225 4 1 7 4 0 0
20120225 5 2 5 4 0 0
20120225 6 3 7 9 3 5
20120225 7 7 5 8 5 4
20120225 8 7 2 1 5 2
20120225 9 4 7 3 4 5
20120225 10 1 7 3 1 5
20120225 11 9 2 6 6 2
20120226 1 4 7 1 0 0
20120226 2 1 3 4 0 0
20120226 3 4 3 5 0 0
20120226 4 5 3 7 0 0
20120226 5 4 7 2 0 0
20120226 6 1 2 7 1 2
20120226 7 7 3 1 5 3
20120226 8 1 7 9 1 5
20120226 9 4 2 8 4 2
20120226 10 1 9 7 1 6
20120226 11 1 7 5 1 5
20120227 1 4 1 5 0 0
20120227 2 3 2 7 0 0
20120227 3 7 1 5 0 0
20120227 4 1 7 6 0 0
20120227 5 3 5 7 0 0
20120227 6 2 4 1 2 4
20120227 7 1 9 3 1 6
20120227 8 1 2 9 1 2
20120227 9 7 3 9 5 3
20120227 10 4 1 3 4 1
20120227 11 9 7 1 6 5
20120324 1 5 9 3 4 6
20120324 2 2 4 9 2 4
20120324 3 3 6 5 3 5
20120324 4 1 5 7 1 4
20120324 5 7 2 3 5 2
20120324 6 9 3 7 6 3
20120324 7 5 1 9 4 1
20120324 8 1 5 6 1 4
20120324 9 5 4 3 4 4
20120324 10 2 9 1 2 6
20120324 11 7 2 1 5 2
20120325 1 3 5 2 3 4
20120325 2 2 6 1 2 5
20120325 3 5 7 1 4 5
20120325 4 3 1 7 3 1
20120325 5 3 7 4 3 5
20120325 6 9 4 2 6 4
20120325 7 3 9 7 3 6
20120325 8 1 5 2 1 4
20120325 9 5 7 9 4 5
20120325 10 5 1 3 4 1
20120325 11 4 7 1 4 5
20120326 1 9 2 1 6 2
20120326 2 1 8 3 1 6
20120326 3 9 3 1 6 3
20120326 4 4 1 7 4 1
20120326 5 3 1 6 3 1
20120326 6 3 7 4 3 5
20120326 7 4 3 2 4 3
20120326 8 1 7 3 1 5
20120326 9 1 7 9 1 5
20120326 10 7 1 9 5 1
20120326 11 1 3 2 1 3
20120327 1 9 2 4 6 2
20120327 2 5 2 3 4 2
20120327 3 7 3 4 5 3
20120327 4 7 1 5 5 1
20120327 5 7 1 9 5 1
20120327 6 2 7 6 2 5
20120327 7 7 3 9 5 3
20120327 8 7 3 6 5 3
20120327 9 1 9 5 1 6
20120327 10 3 1 6 3 1
20120327 11 4 1 5 4 1
20120427 1 7 1 9 5 1
20120427 2 9 8 3 6 6
20120427 3 2 6 7 2 5
20120427 4 7 1 5 5 1
20120427 5 1 3 5 1 3
20120427 6 8 1 3 6 1
20120427 7 1 9 2 1 6
20120427 8 2 7 9 2 5
20120427 9 3 7 9 3 5
20120427 10 2 5 9 2 4
20120427 11 1 5 9 1 4
20120427 12 5 3 7 4 3
20120428 1 5 3 1 4 3
20120428 2 1 5 9 1 4
20120428 3 7 1 5 5 1
20120428 4 8 6 1 6 5
20120428 5 1 6 8 1 5
20120428 6 5 1 3 4 1
20120428 7 2 1 8 2 1
20120428 8 9 1 5 6 1
20120428 9 1 9 6 1 6
20120428 10 3 2 6 3 2
20120428 11 9 3 5 6 3
20120428 12 4 1 9 4 1
20120429 1 8 7 9 6 5
20120429 2 2 5 1 2 4
20120429 3 8 2 9 6 2
20120429 4 4 3 8 4 3
20120429 5 1 4 7 1 4
20120429 6 9 7 4 6 5
20120429 7 4 2 7 4 2
20120429 8 4 1 7 4 1
20120429 9 3 1 8 3 1
20120429 10 3 5 1 3 4
20120429 11 5 3 1 4 3
20120429 12 3 2 8 3 2
20120430 1 1 7 3 1 5
20120430 2 3 2 9 3 2
20120430 3 1 5 4 1 4
20120430 4 3 8 2 3 6
20120430 5 2 7 1 2 5
20120430 6 3 8 9 3 6
20120430 7 2 4 5 2 4
20120430 8 3 9 5 3 6
20120430 9 9 2 1 6 2
20120430 10 7 3 2 5 3
20120430 11 5 2 7 4 2
20120506 1 2 5 7 0 0
20120506 2 3 5 2 0 0
20120506 3 5 4 2 0 0
20120506 4 7 1 3 0 0
20120506 5 2 4 5 0 0
20120506 6 7 2 5 5 2
20120506 7 5 9 3 4 6
20120506 8 4 9 2 4 6
20120506 9 5 1 2 4 1
20120506 10 7 9 1 5 6
20120506 11 5 9 3 4 6
20120507 1 3 7 2 0 0
20120507 2 2 5 7 0 0
20120507 3 1 5 7 0 0
20120507 4 2 3 1 0 0
20120507 5 4 5 2 0 0
20120507 6 2 6 9 2 5
20120507 7 7 1 5 5 1
20120507 8 3 9 5 3 6
20120507 9 7 6 2 5 5
20120507 10 4 2 7 4 2
20120507 11 9 1 3 6 1
20120508 1 2 4 3 0 0
20120508 2 1 6 2 0 0
20120508 3 5 4 3 0 0
20120508 4 1 2 5 0 0
20120508 5 2 7 4 0 0
20120508 6 7 2 9 5 2
20120508 7 9 1 2 6 1
20120508 8 3 4 7 3 4
20120508 9 7 5 1 5 4
20120508 10 9 3 1 6 3
20120508 11 6 9 2 5 6
20120517 1 5 1 2 0 0
20120517 2 4 2 5 0 0
20120517 3 5 3 6 0 0
20120517 4 7 3 5 0 0
20120517 5 5 2 7 0 0
20120517 6 7 3 6 5 3
20120517 7 3 9 5 3 6
20120517 8 7 5 2 5 4
20120517 9 2 7 3 2 5
20120517 10 9 5 2 6 4
20120517 11 5 3 4 4 3
20120518 1 4 7 5 0 0
20120518 2 2 7 1 0 0
20120518 3 1 6 7 0 0
20120518 4 5 7 3 0 0
20120518 5 4 5 7 0 0
20120518 6 9 2 3 6 2
20120518 7 2 4 7 2 4
20120518 8 2 1 9 2 1
20120518 9 1 3 2 1 3
20120518 10 1 8 2 1 6
20120518 11 5 9 3 4 6
20120519 1 2 7 3 0 0
20120519 2 1 3 4 0 0
20120519 3 1 2 7 0 0
20120519 4 2 7 5 0 0
20120519 5 2 3 5 0 0
20120519 6 3 7 5 3 5
20120519 7 1 9 5 1 6
20120519 8 3 5 9 3 4
20120519 9 8 2 3 6 2
20120519 10 5 1 2 4 1
20120519 11 7 8 2 5 6
20120626 1 3 5 7 0 0
20120626 2 1 4 2 0 0
20120626 3 5 7 1 0 0
20120626 4 2 3 5 0 0
20120626 5 3 5 7 0 0
20120626 6 9 1 2 6 1
20120626 7 4 8 5 4 6
20120626 8 1 7 4 1 5
20120626 9 1 9 7 1 6
20120626 10 6 7 1 5 5
20120626 11 4 1 7 4 1
20120627 1 7 1 6 0 0
20120627 2 3 5 7 0 0
20120627 3 1 3 5 0 0
20120627 4 4 1 3 0 0
20120627 5 7 4 1 0 0
20120627 6 1 5 7 1 4
20120627 7 2 7 4 2 5
20120627 8 9 7 2 6 5
20120627 9 3 2 6 3 2
20120627 10 1 7 9 1 5
20120627 11 5 7 9 4 5
20120628 1 5 1 3 0 0
20120628 2 4 1 5 0 0
20120628 3 1 5 2 0 0
20120628 4 7 4 6 0 0
20120628 5 4 1 5 0 0
20120628 6 3 4 1 3 4
20120628 7 1 3 5 1 3
20120628 8 2 1 9 2 1
20120628 9 9 1 7 6 1
20120628 10 1 3 5 1 3
20120628 11 3 8 1 3 6
20120703 1 5 2 6 4 2
20120703 2 1 3 7 1 3
20120703 3 7 1 3 5 1
20120703 4 1 5 7 1 4
20120703 5 9 1 6 6 1
20120703 6 5 9 4 4 6
20120703 7 2 7 5 2 5
20120703 8 5 9 3 4 6
20120703 9 2 7 4 2 5
20120703 10 1 5 3 1 4
20120703 11 1 7 4 1 5
20120704 1 3 9 1 3 6
20120704 2 7 3 9 5 3
20120704 3 1 6 9 1 5
20120704 4 2 7 1 2 5
20120704 5 2 7 9 2 5
20120704 6 7 2 9 5 2
20120704 7 2 6 8 2 5
20120704 8 8 3 6 6 3
20120704 9 3 9 7 3 6
20120704 10 1 6 7 1 5
20120704 11 5 9 3 4 6
20120705 1 9 3 8 6 3
20120705 2 9 6 5 6 5
20120705 3 5 2 9 4 2
20120705 4 9 1 5 6 1
20120705 5 2 5 4 2 4
20120705 6 9 4 5 6 4
20120705 7 4 6 7 4 5
20120705 8 6 2 3 5 2
20120705 9 4 1 6 4 1
20120705 10 3 9 5 3 6
20120705 11 3 4 2 3 4
20120801 1 9 5 3 6 4
20120801 2 3 5 1 3 4
20120801 3 3 7 2 3 5
20120801 4 1 9 5 1 6
20120801 5 3 7 9 3 5
20120801 6 1 6 2 1 5
20120801 7 2 5 4 2 4
20120801 8 5 2 7 4 2
20120801 9 5 1 3 4 1
20120801 10 4 9 7 4 6
20120801 11 8 6 9 6 5
20120802 1 8 3 1 6 3
20120802 2 3 1 5 3 1
20120802 3 2 9 3 2 6
20120802 4 2 1 3 2 1
20120802 5 1 5 7 1 4
20120802 6 3 1 5 3 1
20120802 7 4 9 2 4 6
20120802 8 7 4 1 5 4
20120802 9 7 1 9 5 1
20120802 10 7 2 1 5 2
20120802 11 6 1 5 5 1
20120803 1 9 2 7 6 2
20120803 2 9 3 2 6 3
20120803 3 3 1 4 3 1
20120803 4 5 3 9 4 3
20120803 5 1 9 5 1 6
20120803 6 3 5 9 3 4
20120803 7 1 4 2 1 4
20120803 8 5 7 3 4 5
20120803 9 2 3 7 2 3
20120803 10 1 8 5 1 6
20120803 11 2 3 5 2 3
20120810 1 5 1 7 0 0
20120810 2 5 2 1 0 0
20120810 3 1 4 7 0 0
20120810 4 3 1 7 0 0
20120810 5 2 1 7 0 0
20120810 6 3 1 9 3 1
20120810 7 5 1 6 4 1
20120810 8 9 5 1 6 4
20120810 9 2 5 7 2 4
20120810 10 2 4 7 2 4
20120810 11 7 1 6 5 1
20120811 1 1 5 7 0 0
20120811 2 5 1 2 0 0
20120811 3 2 5 7 0 0
20120811 4 5 2 7 0 0
20120811 5 1 3 4 0 0
20120811 6 5 1 3 4 1
20120811 7 2 8 7 2 6
20120811 8 2 4 9 2 4
20120811 9 1 2 9 1 2
20120811 10 1 5 8 1 4
20120811 11 1 5 7 1 4
20120812 1 5 1 7 0 0
20120812 2 4 7 2 0 0
20120812 3 4 1 7 0 0
20120812 4 4 2 5 0 0
20120812 5 1 2 4 0 0
20120812 6 5 9 1 4 6
20120812 7 9 7 8 6 5
20120812 8 9 2 7 6 2
20120812 9 5 4 9 4 4
20120812 10 2 7 1 2 5
20120812 11 7 1 9 5 1
20120910 1 3 1 9 3 1
20120910 2 9 2 1 6 2
20120910 3 4 1 7 4 1
20120910 4 2 9 7 2 6
20120910 5 1 9 7 1 6
20120910 6 1 8 9 1 6
20120910 7 7 1 4 5 1
20120910 8 7 3 2 5 3
20120910 9 6 1 7 5 1
20120910 10 5 3 1 4 3
20120910 11 8 3 1 6 3
20120911 1 5 2 9 4 2
20120911 2 3 9 2 3 6
20120911 3 7 2 9 5 2
20120911 4 1 5 9 1 4
20120911 5 2 6 3 2 5
20120911 6 4 9 1 4 6
20120911 7 7 3 5 5 3
20120911 8 8 1 3 6 1
20120911 9 9 7 1 6 5
20120911 10 3 8 1 3 6
20120911 11 9 3 7 6 3
20120912 1 7 2 9 5 2
20120912 2 4 3 8 4 3
20120912 3 8 7 1 6 5
20120912 4 1 7 2 1 5
20120912 5 9 6 2 6 5
20120912 6 5 1 8 4 1
20120912 7 2 3 5 2 3
20120912 8 3 2 6 3 2
20120912 9 4 9 5 4 6
20120912 10 1 7 5 1 5
20120912 11 1 5 8 1 4
20120926 1 3 7 2 0 0
20120926 2 5 1 3 0 0
20120926 3 5 7 1 0 0
20120926 4 2 4 6 0 0
20120926 5 4 2 7 0 0
20120926 6 7 2 4 5 2
20120926 7 1 7 8 1 5
20120926 8 2 9 4 2 6
20120926 9 9 2 3 6 2
20120926 10 2 5 4 2 4
20120926 11 7 8 1 5 6
20120927 1 2 1 7 0 0
20120927 2 5 2 6 0 0
20120927 3 7 1 2 0 0
20120927 4 3 5 4 0 0
20120927 5 7 2 4 0 0
20120927 6 1 9 7 1 6
20120927 7 5 3 9 4 3
20120927 8 5 1 8 4 1
20120927 9 2 5 8 2 4
20120927 10 3 7 2 3 5
20120927 11 1 5 6 1 4
20120928 1 7 4 2 0 0
20120928 2 7 2 3 0 0
20120928 3 5 2 4 0 0
20120928 4 4 2 5 0 0
20120928 5 3 4 6 0 0
20120928 6 3 5 2 3 4
20120928 7 1 9 3 1 6
20120928 8 1 2 9 1 2
20120928 9 2 3 9 2 3
20120928 10 7 3 1 5 3
20120928 11 1 3 7 1 3
20121003 1 5 9 3 4 6
20121003 2 9 3 2 6 3
20121003 3 7 5 9 5 4
20121003 4 8 2 1 6 2
20121003 5 1 8 2 1 6
20121003 6 9 3 6 6 3
20121003 7 5 1 9 4 1
20121003 8 3 9 2 3 6
20121003 9 5 8 3 4 6
20121003 10 2 7 1 2 5
20121003 11 1 2 7 1 2
20121004 1 9 2 5 6 2
20121004 2 3 7 2 3 5
20121004 3 9 2 3 6 2
20121004 4 9 3 2 6 3
20121004 5 5 2 7 4 2
20121004 6 9 1 5 6 1
20121004 7 7 1 6 5 1
20121004 8 6 1 5 5 1
20121004 9 1 5 4 1 4
20121004 10 5 1 9 4 1
20121004 11 3 6 8 3 5
20121005 1 7 2 5 5 2
20121005 2 5 3 9 4 3
20121005 3 9 6 3 6 5
20121005 4 1 2 9 1 2
20121005 5 2 1 7 2 1
20121005 6 1 2 9 1 2
20121005 7 4 3 7 4 3
20121005 8 9 2 7 6 2
20121005 9 5 3 8 4 3
20121005 10 1 9 3 1 6
20121005 11 1 9 8 1 6
20121105 1 1 3 5 1 3
20121105 2 5 7 8 4 5
20121105 3 6 5 9 5 4
20121105 4 2 4 5 2 4
20121105 5 2 1 5 2 1
20121105 6 7 8 9 5 6
20121105 7 2 9 5 2 6
20121105 8 5 2 6 4 2
20121105 9 1 7 2 1 5
20121105 10 9 3 5 6 3
20121105 11 5 3 7 4 3
20121106 1 2 3 5 2 3
20121106 2 9 5 2 6 4
20121106 3 1 7 6 1 5
20121106 4 7 1 3 5 1
20121106 5 7 1 8 5 1
20121106 6 3 5 1 3 4
20121106 7 2 1 5 2 1
20121106 8 2 3 7 2 3
20121106 9 9 5 7 6 4
20121106 10 1 7 8 1 5
20121106 11 9 1 7 6 1
20121107 1 1 3 5 1 3
20121107 2 6 3 4 5 3
20121107 3 5 7 3 4 5
20121107 4 9 2 5 6 2
20121107 5 5 3 7 4 3
20121107 6 1 4 5 1 4
20121107 7 5 2 8 5 2
20121107 8 3 7 5 3 5
20121107 9 5 4 3 4 4
20121107 10 6 9 4 5 6
20121107 11 7 3 1 5 3
20121221 1 7 5 1 0 0
20121221 2 1 4 2 0 0
20121221 3 5 1 2 0 0
20121221 4 1 5 3 0 0
20121221 5 2 1 7 0 0
20121221 6 7 5 2 5 4
20121221 7 7 5 1 5 4
20121221 8 1 2 9 1 2
20121221 9 9 5 1 6 4
20121221 10 2 5 7 2 4
20121221 11 7 1 9 5 1
20121222 1 2 4 7 0 0
20121222 2 5 2 4 0 0
20121222 3 5 3 2 0 0
20121222 4 7 3 5 0 0
20121222 5 7 3 1 0 0
20121222 6 2 8 5 2 6
20121222 7 2 8 7 2 6
20121222 8 2 6 7 2 5
20121222 9 1 5 2 1 4
20121222 10 7 2 5 5 2
20121222 11 9 7 4 6 5
20121223 1 5 1 7 0 0
20121223 2 4 5 7 0 0
20121223 3 7 4 2 0 0
20121223 4 1 2 4 0 0
20121223 5 2 5 3 0 0
20121223 6 7 3 5 6 3
20121223 7 2 5 8 2 4
20121223 8 7 8 2 5 6
20121223 9 2 9 5 2 6
20121223 10 1 3 2 1 3
20121223 11 4 1 6 4 1
20121225 1 3 1 5 0 0
20121225 2 5 1 7 0 0
20121225 3 7 1 4 0 0
20121225 4 3 7 4 0 0
20121225 5 7 2 4 0 0
20121225 6 5 3 8 4 3
20121225 7 1 3 5 1 3
20121225 8 5 1 2 4 1
20121225 9 7 2 5 5 2
20121225 10 3 7 2 3 5
20121225 11 1 9 2 1 6
20121226 1 7 1 4 0 0
20121226 2 2 5 3 0 0
20121226 3 1 7 2 0 0
20121226 4 1 5 4 0 0
20121226 5 2 4 3 0 0
20121226 6 2 3 9 2 3
20121226 7 9 3 5 6 3
20121226 8 9 1 5 6 1
20121226 9 9 4 2 6 4
20121226 10 7 1 3 5 1
20121226 11 7 1 6 5 1
20121227 1 1 4 6 0 0
20121227 2 1 2 5 0 0
20121227 3 1 7 3 0 0
20121227 4 4 2 7 0 0
20121227 5 4 5 7 0 0
20121227 6 5 1 4 5 1
20121227 7 3 2 5 3 2
20121227 8 7 8 5 5 6
20121227 9 5 9 3 4 6
20121227 10 5 2 1 4 2
20121227 11 5 2 3 4 2
20130101 1 3 7 4 0 0
20130101 2 4 6 3 0 0
20130101 3 1 5 2 0 0
20130101 4 2 1 5 0 0
20130101 5 3 5 4 0 0
20130101 6 4 2 8 4 2
20130101 7 9 5 1 6 4
20130101 8 1 7 3 1 5
20130101 9 7 1 3 5 1
20130101 10 1 6 4 1 5
20130101 11 6 9 2 5 6
20130102 1 7 3 5 0 0
20130102 2 1 3 2 0 0
20130102 3 7 3 5 0 0
20130102 4 3 5 2 0 0
20130102 5 7 1 2 0 0
20130102 6 1 2 7 1 2
20130102 7 4 1 2 4 1
20130102 8 7 2 4 5 2
20130102 9 1 7 5 1 5
20130102 10 3 7 2 3 5
20130102 11 9 5 2 6 4
20130103 1 1 7 2 0 0
20130103 2 3 6 4 0 0
20130103 3 1 6 7 0 0
20130103 4 6 3 7 0 0
20130103 5 6 4 3 0 0
20130103 6 3 1 5 3 1
20130103 7 2 7 9 2 5
20130103 8 5 1 7 4 1
20130103 9 5 2 1 4 2
20130103 10 4 3 5 4 3
20130103 11 1 7 8 1 5
20130114 1 1 6 5 0 0
20130114 2 4 1 7 0 0
20130114 3 7 3 5 0 0
20130114 4 1 4 6 0 0
20130114 5 3 1 4 0 0
20130114 6 6 3 2 5 3
20130114 7 5 3 7 4 3
20130114 8 1 9 5 1 6
20130114 9 2 7 5 2 5
20130114 10 9 1 5 6 1
20130114 11 6 7 4 5 5
20130115 1 7 3 5 0 0
20130115 2 1 5 6 0 0
20130115 3 5 7 1 0 0
20130115 4 4 5 2 0 0
20130115 5 1 3 5 0 0
20130115 6 5 9 1 4 6
20130115 7 9 2 1 6 2
20130115 8 2 5 7 2 4
20130115 9 9 5 7 6 4
20130115 10 1 5 9 1 4
20130115 11 1 7 9 1 5
20130116 1 5 3 4 0 0
20130116 2 5 3 2 0 0
20130116 3 4 2 5 0 0
20130116 4 5 4 6 0 0
20130116 5 5 6 4 0 0
20130116 6 9 4 3 6 4
20130116 7 6 7 3 5 5
20130116 8 7 3 9 5 3
20130116 9 7 1 3 5 1
20130116 10 5 1 3 4 1
20130116 11 8 3 9 6 3
20130204 1 5 2 7 0 0
20130204 2 5 2 3 0 0
20130204 3 4 2 5 0 0
20130204 4 1 7 3 0 0
20130204 5 5 2 3 0 0
20130204 6 2 7 4 2 5
20130204 7 3 2 6 3 2
20130204 8 7 1 9 5 1
20130204 9 1 7 4 1 5
20130204 10 1 7 8 1 5
20130204 11 7 1 6 5 1
20130205 1 2 4 7 0 0
20130205 2 4 1 2 0 0
20130205 3 3 5 4 0 0
20130205 4 4 2 7 0 0
20130205 5 2 1 7 0 0
20130205 6 3 4 1 3 4
20130205 7 1 7 9 1 5
20130205 8 6 1 9 5 1
20130205 9 3 9 5 3 6
20130205 10 2 4 7 2 4
20130205 11 4 1 9 4 1
20130206 1 1 4 7 0 0
20130206 2 4 5 2 0 0
20130206 3 7 5 6 0 0
20130206 4 5 4 1 0 0
20130206 5 1 3 2 0 0
20130206 6 5 3 6 4 3
20130206 7 5 3 2 4 3
20130206 8 2 5 7 2 4
20130206 9 3 5 9 3 4
20130206 10 7 8 1 5 6
20130206 11 5 7 2 4 5
20130226 1 7 3 5 0 0
20130226 2 7 3 2 0 0
20130226 3 3 5 6 0 0
20130226 4 2 5 3 0 0
20130226 5 1 7 2 0 0
20130226 6 2 9 5 2 6
20130226 7 7 5 6 5 4
20130226 8 4 1 7 4 1
20130226 9 1 2 9 1 2
20130226 10 6 3 1 5 3
20130226 11 2 4 8 2 4
20130227 1 7 3 5 0 0
20130227 2 7 2 3 0 0
20130227 3 2 6 3 0 0
20130227 4 2 7 4 0 0
20130227 5 2 5 3 0 0
20130227 6 4 7 3 4 5
20130227 7 9 1 5 6 1
20130227 8 5 3 1 4 3
20130227 9 1 3 9 1 3
20130227 10 9 3 4 6 3
20130227 11 2 6 4 2 5
20130228 1 2 6 3 0 0
20130228 2 7 3 1 0 0
20130228 3 7 1 6 0 0
20130228 4 6 2 5 0 0
20130228 5 7 4 6 0 0
20130228 6 1 5 3 1 4
20130228 7 3 9 5 3 6
20130228 8 5 3 1 4 3
20130228 9 2 4 6 2 4
20130228 10 1 5 8 1 4
20130228 11 3 5 1 3 4
20130304 1 2 3 9 2 3
20130304 2 1 5 7 1 4
20130304 3 7 9 3 5 6
20130304 4 7 9 1 5 6
20130304 5 2 5 3 2 4
20130304 6 9 8 1 6 6
20130304 7 9 1 7 6 1
20130304 8 1 9 5 1 6
20130304 9 1 2 7 1 2
20130304 10 7 2 4 5 2
20130304 11 7 3 2 5 3
20130305 1 3 9 1 3 6
20130305 2 1 2 5 1 2
20130305 3 7 1 5 5 1
20130305 4 3 5 6 3 4
20130305 5 3 5 1 3 4
20130305 6 6 3 9 5 3
20130305 7 9 6 1 6 5
20130305 8 1 5 9 1 4
20130305 9 2 3 9 2 3
20130305 10 8 5 9 6 4
20130305 11 1 9 5 1 6
20130306 1 3 9 7 3 6
20130306 2 1 2 6 1 2
20130306 3 1 5 4 1 4
20130306 4 3 1 5 3 1
20130306 5 9 3 5 6 3
20130306 6 2 4 5 2 4
20130306 7 1 5 3 1 4
20130306 8 8 9 4 6 6
20130306 9 3 7 8 3 5
20130306 10 9 1 2 6 1
20130306 11 1 6 4 1 5
20130328 1 1 3 7 0 0
20130328 2 1 5 4 0 0
20130328 3 3 5 7 0 0
20130328 4 4 1 6 0 0
20130328 5 7 4 3 0 0
20130328 6 5 2 7 4 2
20130328 7 5 1 4 4 1
20130328 8 1 4 7 1 4
20130328 9 9 2 5 6 2
20130328 10 2 7 9 2 5
20130328 11 6 2 3 5 2
20130329 1 3 6 7 0 0
20130329 2 2 7 1 0 0
20130329 3 1 3 5 0 0
20130329 4 2 7 4 0 0
20130329 5 5 1 3 0 0
20130329 6 5 4 2 4 4
20130329 7 7 3 1 5 3
20130329 8 9 5 7 6 4
20130329 9 7 3 2 5 3
20130329 10 7 3 8 5 3
20130329 11 9 5 1 6 4
20130330 1 1 4 5 0 0
20130330 2 5 1 3 0 0
20130330 3 1 2 3 0 0
20130330 4 2 7 1 0 0
20130330 5 6 1 2 0 0
20130330 6 7 4 5 6 4
20130330 7 9 3 4 6 3
20130330 8 2 8 5 2 6
20130330 9 7 4 8 5 4
20130330 10 7 5 1 5 4
20130330 11 1 3 7 1 3
20130402 1 2 7 1 0 0
20130402 2 2 7 1 0 0
20130402 3 1 4 6 0 0
20130402 4 5 4 6 0 0
20130402 5 1 4 7 0 0
20130402 6 5 3 9 4 3
20130402 7 5 9 1 4 6
20130402 8 2 7 5 2 5
20130402 9 5 4 3 4 4
20130402 10 1 5 6 1 4
20130403 1 3 5 7 0 0
20130403 2 1 3 5 0 0
20130403 3 4 1 7 0 0
20130403 4 7 1 5 0 0
20130403 5 2 5 4 0 0
20130403 6 9 2 5 6 2
20130403 7 2 5 9 2 4
20130403 8 7 1 5 5 1
20130403 9 1 3 4 1 3
20130403 10 7 3 5 5 3
20130404 1 1 7 5 0 0
20130404 2 3 1 4 0 0
20130404 3 5 2 1 0 0
20130404 4 3 5 7 0 0
20130404 5 2 3 7 0 0
20130404 6 1 4 3 1 4
20130404 7 9 6 2 6 5
20130404 8 5 2 8 4 2
20130404 9 5 1 9 4 1
20130404 10 2 5 3 2 4
20130410 1 5 1 7 0 0
20130410 2 1 3 5 0 0
20130410 3 2 5 3 0 0
20130410 4 5 3 4 0 0
20130410 5 3 5 1 0 0
20130410 6 9 2 7 6 2
20130410 7 2 4 3 2 4
20130410 8 3 5 9 3 4
20130410 9 1 7 2 1 5
20130410 10 4 5 6 4 4
20130411 1 1 4 2 0 0
20130411 2 2 7 4 0 0
20130411 3 7 1 3 0 0
20130411 4 3 5 4 0 0
20130411 5 5 6 3 0 0
20130411 6 7 1 9 5 1
20130411 7 5 2 3 4 2
20130411 8 1 2 9 1 2
20130411 9 9 7 2 6 5
20130411 10 1 9 5 1 6
20130412 1 5 3 4 0 0
20130412 2 2 3 4 0 0
20130412 3 2 3 4 0 0
20130412 4 1 4 2 0 0
20130412 5 7 4 2 0 0
20130412 6 2 1 9 2 1
20130412 7 3 5 1 3 4
20130412 8 2 4 1 2 4
20130412 9 7 2 3 5 2
20130412 10 9 1 3 6 1
20130519 1 9 2 6 6 2
20130519 2 3 7 1 3 5
20130519 3 1 7 2 1 5
20130519 4 7 8 2 5 6
20130519 5 1 5 8 1 4
20130519 6 5 3 7 4 3
20130519 7 9 1 8 6 1
20130519 8 1 9 2 1 6
20130519 9 4 3 9 4 3
20130519 10 1 2 5 1 2
20130519 11 7 1 4 5 1
20130520 1 4 3 9 4 3
20130520 2 9 1 6 6 1
20130520 3 2 7 5 2 5
20130520 4 2 4 1 2 4
20130520 5 9 5 3 6 4
20130520 6 5 3 7 4 3
20130520 7 1 9 3 1 6
20130520 8 2 1 9 2 1
20130520 9 2 9 7 2 6
20130520 10 1 8 7 1 6
20130520 11 2 7 5 2 5
20130521 1 2 4 3 2 4
20130521 2 3 7 5 3 5
20130521 3 1 6 9 1 5
20130521 4 7 1 3 5 1
20130521 5 3 5 1 3 4
20130521 6 7 1 5 5 1
20130521 7 7 4 3 5 4
20130521 8 7 5 9 5 4
20130521 9 1 8 2 1 6
20130521 10 8 9 3 6 6
20130521 11 1 6 4 1 5
20130524 1 4 5 1 0 0
20130524 2 5 2 7 0 0
20130524 3 5 3 1 0 0
20130524 4 4 3 1 0 0
20130524 5 3 4 5 0 0
20130524 6 2 4 1 0 0
20130524 7 4 3 6 0 0
20130524 8 2 9 5 2 6
20130524 9 8 2 3 6 2
20130524 10 3 7 5 3 5
20130524 11 5 1 2 4 1
20130524 12 2 6 3 2 5
20130525 1 4 3 7 0 0
20130525 2 1 2 7 0 0
20130525 3 2 3 6 0 0
20130525 4 7 3 2 0 0
20130525 5 5 1 4 0 0
20130525 6 7 3 2 0 0
20130525 7 3 2 4 0 0
20130525 8 1 5 2 1 4
20130525 9 5 4 3 4 4
20130525 10 3 2 5 3 2
20130525 11 9 7 1 6 5
20130525 12 3 5 6 3 4
20130526 1 1 3 5 0 0
20130526 2 1 6 3 0 0
20130526 3 3 6 4 0 0
20130526 4 4 1 2 0 0
20130526 5 3 4 6 0 0
20130526 6 5 7 4 0 0
20130526 7 3 8 5 3 6
20130526 8 4 8 2 4 6
20130526 9 9 1 4 6 1
20130526 10 2 9 7 2 6
20130526 11 5 3 2 0 0
20130526 12 3 8 9 3 6
20130620 1 5 3 7 4 3
20130620 2 2 1 6 2 1
20130620 3 1 5 8 1 4
20130620 4 7 3 2 5 3
20130620 5 4 7 1 4 5
20130620 6 9 6 5 6 5
20130620 7 2 4 7 2 4
20130620 8 5 9 2 4 6
20130620 9 1 7 5 1 5
20130620 10 3 5 7 3 4
20130620 11 1 4 3 1 4
20130621 1 1 7 2 1 5
20130621 2 9 1 7 6 1
20130621 3 2 3 4 2 3
20130621 4 2 5 1 2 4
20130621 5 1 5 4 1 4
20130621 6 7 1 4 5 1
20130621 7 3 9 1 3 6
20130621 8 9 1 7 6 1
20130621 9 5 7 3 4 5
20130621 10 7 3 9 5 3
20130621 11 2 9 5 2 6
20130622 1 1 7 5 1 5
20130622 2 1 4 7 1 4
20130622 3 9 7 3 6 5
20130622 4 2 1 3 2 1
20130622 5 1 7 9 1 5
20130622 6 8 9 2 6 6
20130622 7 1 5 3 1 4
20130622 8 5 4 2 4 4
20130622 9 4 6 9 4 5
20130622 10 5 3 2 4 3
20130622 11 3 8 6 3 6
20130626 1 4 5 7 0 0
20130626 2 1 3 4 0 0
20130626 3 4 2 5 0 0
20130626 4 7 3 4 0 0
20130626 5 1 4 5 0 0
20130626 6 9 1 2 6 1
20130626 7 3 5 1 3 4
20130626 8 3 9 4 3 6
20130626 9 9 1 7 6 1
20130626 10 5 7 2 4 5
20130627 1 4 3 2 0 0
20130627 2 5 2 7 0 0
20130627 3 1 4 6 0 0
20130627 4 7 3 2 0 0
20130627 5 4 1 5 0 0
20130627 6 5 7 3 4 5
20130627 7 2 3 9 2 3
20130627 8 7 3 2 5 3
20130627 9 9 3 5 6 3
20130627 10 2 5 4 2 4
20130628 1 1 2 5 0 0
20130628 2 7 4 1 0 0
20130628 3 7 4 1 0 0
20130628 4 3 1 2 0 0
20130628 5 4 1 3 0 0
20130628 6 2 8 7 2 6
20130628 7 9 7 3 6 5
20130628 8 5 3 9 4 3
20130628 9 5 6 9 4 5
20130628 10 3 9 7 3 6
20130709 1 1 5 3 0 0
20130709 2 5 3 2 0 0
20130709 3 4 3 5 0 0
20130709 4 1 5 3 0 0
20130709 5 2 4 5 0 0
20130709 6 3 5 1 3 4
20130709 7 5 3 7 4 3
20130709 8 5 2 3 4 2
20130709 9 9 5 7 6 4
20130709 10 5 6 8 4 5
20130710 1 5 2 7 0 0
20130710 2 7 5 2 0 0
20130710 3 1 7 2 0 0
20130710 4 3 1 4 0 0
20130710 5 4 1 7 0 0
20130710 6 5 6 1 4 5
20130710 7 7 1 4 0 0
20130710 8 4 9 5 4 6
20130710 9 7 3 9 5 3
20130710 10 2 1 9 2 1
20130711 1 1 2 6 0 0
20130711 2 3 7 5 0 0
20130711 3 7 1 3 0 0
20130711 4 5 4 6 0 0
20130711 5 1 4 7 0 0
20130711 6 7 3 6 5 3
20130711 7 9 1 3 6 1
20130711 8 5 8 6 4 6
20130711 9 2 4 1 2 4
20130711 10 1 7 5 1 5
20130823 1 1 6 5 0 0
20130823 2 3 6 1 0 0
20130823 3 5 7 1 0 0
20130823 4 5 1 3 0 0
20130823 5 5 2 3 0 0
20130823 6 4 3 7 0 0
20130823 7 2 1 5 0 0
20130823 8 2 7 4 2 5
20130823 9 1 7 3 1 5
20130823 10 2 9 1 2 6
20130823 11 1 9 4 1 6
20130823 12 8 6 3 6 5
20130824 1 7 4 3 0 0
20130824 2 7 1 4 0 0
20130824 3 5 1 3 0 0
20130824 4 5 3 6 0 0
20130824 5 2 7 3 0 0
20130824 6 6 2 3 0 0
20130824 7 7 5 3 0 0
20130824 8 1 5 3 1 4
20130824 9 9 6 2 6 5
20130824 10 3 7 2 3 5
20130824 11 9 7 3 6 5
20130824 12 5 1 2 4 1
20130825 1 1 5 4 0 0
20130825 2 1 5 2 0 0
20130825 3 4 5 7 0 0
20130825 4 1 5 3 0 0
20130825 5 5 2 1 0 0
20130825 6 3 6 5 0 0
20130825 7 5 2 9 4 2
20130825 8 9 5 6 6 4
20130825 9 3 6 2 3 5
20130825 10 7 1 9 5 1
20130825 11 4 3 1 4 3
20130825 12 6 3 2 0 0
20130908 1 9 7 2 6 5
20130908 2 1 7 2 1 5
20130908 3 9 7 3 6 5
20130908 4 5 1 2 4 1
20130908 5 5 7 3 4 5
20130908 6 7 1 9 5 1
20130908 7 7 2 4 5 2
20130908 8 7 1 2 5 1
20130908 9 5 7 3 4 5
20130908 10 3 7 1 3 5
20130908 11 3 5 1 3 4
20130909 1 3 2 1 3 2
20130909 2 9 5 1 6 4
20130909 3 4 3 5 4 3
20130909 4 2 1 7 2 1
20130909 5 7 9 4 5 6
20130909 6 2 4 1 2 4
20130909 7 5 3 2 4 3
20130909 8 2 3 6 2 3
20130909 9 9 3 7 6 3
20130909 10 3 5 4 3 4
20130909 11 5 6 7 4 5
20130910 1 2 6 1 2 5
20130910 2 5 2 6 4 2
20130910 3 4 5 7 4 4
20130910 4 7 3 9 5 3
20130910 5 3 1 7 3 1
20130910 6 1 5 2 1 4
20130910 7 3 7 5 3 5
20130910 8 1 4 6 1 4
20130910 9 5 9 3 4 6
20130910 10 1 4 8 1 4
20130910 11 7 1 6 5 1
20130911 1 4 7 6 4 5
20130911 2 5 2 6 4 2
20130911 3 7 1 4 5 1
20130911 4 7 5 1 5 4
20130911 5 1 9 6 1 6
20130911 6 3 7 5 3 5
20130911 7 2 5 4 2 4
20130911 8 4 2 7 4 2
20130911 9 4 1 8 4 1
20130911 10 7 9 1 5 6
20130911 11 2 4 7 2 4
20131009 1 2 9 7 2 6
20131009 2 9 1 3 6 1
20131009 3 9 3 5 6 3
20131009 4 1 5 3 1 4
20131009 5 9 5 1 6 4
20131009 6 1 7 2 1 5
20131009 7 9 3 7 6 3
20131009 8 1 2 3 1 2
20131009 9 7 1 4 5 1
20131009 10 2 7 9 2 5
20131009 11 9 5 3 6 4
20131010 1 3 1 6 3 1
20131010 2 2 9 4 2 6
20131010 3 2 7 3 2 5
20131010 4 7 5 1 5 4
20131010 5 7 1 9 5 1
20131010 6 1 5 3 1 4
20131010 7 2 4 7 2 4
20131010 8 1 5 9 1 4
20131010 9 2 3 9 2 3
20131010 10 2 7 5 2 5
20131010 11 2 4 8 2 4
20131011 1 3 5 6 3 4
20131011 2 2 9 5 2 6
20131011 3 2 8 1 2 6
20131011 4 7 1 9 5 1
20131011 5 7 1 2 5 1
20131011 6 7 2 3 6 2
20131011 7 7 1 5 6 1
20131011 8 3 8 5 3 6
20131011 9 5 7 3 4 5
20131011 10 1 7 3 1 5
20131011 11 2 7 3 2 5
20131016 1 3 1 7 3 1
20131016 2 5 3 7 4 3
20131016 3 1 7 6 1 5
20131016 4 9 1 2 6 1
20131016 5 7 1 2 5 1
20131016 6 9 3 5 6 3
20131016 7 2 4 9 2 4
20131016 8 9 5 8 6 4
20131016 9 5 1 3 4 1
20131016 10 3 7 5 3 5
20131016 11 8 2 3 6 2
20131017 1 5 9 3 4 6
20131017 2 1 8 5 1 6
20131017 3 3 2 1 3 2
20131017 4 3 9 5 3 6
20131017 5 5 3 7 4 3
20131017 6 5 2 3 4 2
20131017 7 4 3 7 4 3
20131017 8 2 7 9 2 5
20131017 9 7 3 5 5 3
20131017 10 1 5 9 1 4
20131017 11 1 2 7 1 2
20131018 1 3 4 6 3 4
20131018 2 6 4 5 5 4
20131018 3 1 3 4 1 3
20131018 4 4 1 9 4 1
20131018 5 1 7 4 1 5
20131018 6 1 5 7 1 4
20131018 7 7 2 5 5 2
20131018 8 3 1 4 3 1
20131018 9 1 7 5 1 5
20131018 10 2 7 1 2 5
20131018 11 1 2 9 1 2
20131228 1 3 5 2 0 0
20131228 2 1 5 4 0 0
20131228 3 2 4 1 0 0
20131228 4 2 4 3 0 0
20131228 5 5 3 6 0 0
20131228 6 1 9 6 1 6
20131228 7 5 1 7 4 1
20131228 8 5 1 7 4 1
20131228 9 5 9 7 4 6
20131228 10 7 1 2 5 1
20131229 1 4 7 2 0 0
20131229 2 7 2 4 0 0
20131229 3 1 6 7 0 0
20131229 4 5 3 7 0 0
20131229 5 1 6 5 0 0
20131229 6 2 9 5 2 6
20131229 7 5 2 1 4 2
20131229 8 9 2 5 6 2
20131229 9 9 1 7 6 1
20131229 10 5 2 9 4 2
20131230 1 2 3 4 0 0
20131230 2 3 2 4 0 0
20131230 3 1 2 7 0 0
20131230 4 4 7 2 0 0
20131230 5 5 2 3 0 0
20131230 6 2 7 3 2 6
20131230 7 7 5 3 6 5
20131230 8 1 9 7 1 6
20131230 9 4 2 5 4 2
20131230 10 3 4 9 3 4
20140108 1 7 1 3 5 1
20140108 2 5 9 1 4 6
20140108 3 6 2 8 5 2
20140108 4 1 9 8 1 6
20140108 5 7 3 5 5 3
20140108 6 8 3 7 6 3
20140108 7 5 1 7 4 1
20140108 8 3 2 5 3 2
20140108 9 5 3 7 4 3
20140108 10 1 2 6 1 2
20140108 11 5 1 9 4 1
20140109 1 1 5 7 1 4
20140109 2 8 2 4 6 2
20140109 3 3 7 5 3 5
20140109 4 4 1 5 4 1
20140109 5 9 1 2 6 1
20140109 6 9 4 1 6 4
20140109 7 9 1 8 6 1
20140109 8 2 6 4 2 5
20140109 9 9 2 3 6 2
20140109 10 9 2 1 6 2
20140109 11 1 7 3 1 5
20140110 1 3 4 1 3 4
20140110 2 7 1 9 5 1
20140110 3 5 9 2 4 6
20140110 4 1 7 6 1 5
20140110 5 5 8 2 4 6
20140110 6 1 8 7 1 6
20140110 7 4 5 9 4 4
20140110 8 1 6 3 1 5
20140110 9 3 1 8 3 1
20140110 10 7 9 3 5 6
20140110 11 2 6 7 2 5
20140128 1 7 3 2 0 0
20140128 2 1 4 3 0 0
20140128 3 7 1 4 0 0
20140128 4 2 5 3 0 0
20140128 5 1 7 2 0 0
20140128 6 7 2 8 5 2
20140128 7 5 6 9 4 5
20140128 8 9 7 5 6 5
20140128 9 7 3 2 5 3
20140128 10 2 5 9 2 4
20140129 1 2 7 6 0 0
20140129 2 2 6 3 0 0
20140129 3 3 4 5 0 0
20140129 4 1 4 2 0 0
20140129 5 4 2 1 0 0
20140129 6 5 9 2 4 6
20140129 7 6 8 3 5 6
20140129 8 7 3 2 5 3
20140129 9 7 3 9 5 3
20140129 10 7 1 2 5 1
20140130 1 3 2 6 0 0
20140130 2 4 2 3 0 0
20140130 3 1 7 4 0 0
20140130 4 1 3 4 0 0
20140130 5 7 1 5 0 0
20140130 6 2 5 1 2 4
20140130 7 7 5 1 5 4
20140130 8 3 1 7 3 1
20140130 9 3 2 7 3 2
20140130 10 9 7 5 6 5
20140222 1 7 1 3 0 0
20140222 2 3 7 1 0 0
20140222 3 4 2 5 0 0
20140222 4 1 4 7 0 0
20140222 5 1 4 5 0 0
20140222 6 4 7 1 0 0
20140222 7 5 3 1 0 0
20140222 8 5 1 8 4 1
20140222 9 8 7 2 6 5
20140222 10 3 9 4 3 6
20140222 11 5 2 9 4 2
20140222 12 1 4 2 1 4
20140223 1 4 2 3 0 0
20140223 2 7 2 3 0 0
20140223 3 5 7 1 0 0
20140223 4 3 2 7 0 0
20140223 5 4 2 1 0 0
20140223 6 4 2 3 0 0
20140223 7 1 6 5 0 0
20140223 8 3 7 9 3 5
20140223 9 3 5 9 3 4
20140223 10 9 2 4 6 2
20140223 11 5 1 3 4 1
20140223 12 3 7 9 3 5
20140224 1 2 1 5 0 0
20140224 2 6 7 1 0 0
20140224 3 7 3 2 0 0
20140224 4 3 1 5 0 0
20140224 5 3 1 4 0 0
20140224 6 2 4 7 0 0
20140224 7 4 2 1 4 2
20140224 8 2 8 1 2 6
20140224 9 1 5 3 1 4
20140224 10 3 5 7 3 4
20140224 11 5 3 1 4 3
20140224 12 7 6 5 0 0
20140226 1 3 5 1 0 0
20140226 2 1 4 2 0 0
20140226 3 1 6 2 0 0
20140226 4 5 3 7 0 0
20140226 5 2 5 6 0 0
20140226 6 8 2 3 6 2
20140226 7 4 9 3 4 6
20140226 8 9 1 6 6 1
20140226 9 2 1 7 2 1
20140226 10 2 1 7 2 1
20140227 1 5 2 3 0 0
20140227 2 3 1 7 0 0
20140227 3 2 3 5 0 0
20140227 4 1 7 4 0 0
20140227 5 7 2 1 0 0
20140227 6 5 2 9 4 2
20140227 7 6 8 1 5 6
20140227 8 7 1 9 5 1
20140227 9 2 5 6 2 4
20140227 10 9 3 7 6 3
20140228 1 2 7 6 0 0
20140228 2 2 4 1 0 0
20140228 3 4 6 2 0 0
20140228 4 5 7 3 0 0
20140228 5 3 4 5 0 0
20140228 6 1 5 3 1 4
20140228 7 5 4 2 4 4
20140228 8 4 9 2 4 6
20140228 9 1 2 8 1 2
20140228 10 1 5 4 1 4
20140318 1 1 7 3 1 5
20140318 2 2 7 3 2 5
20140318 3 2 8 6 2 6
20140318 4 7 9 2 5 6
20140318 5 1 7 4 1 5
20140318 6 5 7 1 4 5
20140318 7 3 9 4 3 6
20140318 8 3 4 1 3 4
20140318 9 5 7 1 4 5
20140318 10 1 9 4 1 6
20140318 11 5 1 8 4 1
20140319 1 2 9 4 2 6
20140319 2 5 9 2 4 6
20140319 3 3 8 1 3 6
20140319 4 3 9 6 3 6
20140319 5 9 2 1 6 2
20140319 6 3 9 6 3 6
20140319 7 5 1 7 4 1
20140319 8 7 1 2 5 1
20140319 9 4 7 1 4 5
20140319 10 4 5 3 4 4
20140319 11 1 4 3 1 4
20140320 1 1 5 9 1 4
20140320 2 2 4 8 2 4
20140320 3 1 7 4 1 5
20140320 4 2 5 3 2 4
20140320 5 1 2 6 1 2
20140320 6 5 3 9 4 3
20140320 7 8 5 3 6 4
20140320 8 5 7 1 4 5
20140320 9 7 2 3 5 2
20140320 10 7 1 2 5 1
20140320 11 5 1 7 4 1
20140321 1 3 5 6 3 4
20140321 2 2 9 4 2 6
20140321 3 7 5 2 5 4
20140321 4 9 1 5 6 1
20140321 5 3 5 7 3 4
20140321 6 4 1 8 4 1
20140321 7 4 3 8 4 3
20140321 8 1 9 5 1 6
20140321 9 3 9 8 3 6
20140321 10 9 1 5 6 1
20140321 11 7 2 4 5 2
20140322 1 9 6 1 6 5
20140322 2 7 1 3 5 1
20140322 3 9 2 7 6 2
20140322 4 5 2 8 4 2
20140322 5 3 6 4 3 5
20140322 6 9 2 1 6 2
20140322 7 1 3 6 1 3
20140322 8 9 2 5 6 2
20140322 9 5 6 3 0 0
20140322 10 5 7 9 4 5
20140322 11 9 8 3 6 6
20140322 12 3 5 1 3 4
20140323 1 2 9 8 2 6
20140323 2 7 5 3 5 4
20140323 3 7 5 3 5 4
20140323 4 5 7 3 4 5
20140323 5 7 1 5 5 1
20140323 6 4 5 3 4 4
20140323 7 5 6 8 4 5
20140323 8 9 2 5 6 2
20140323 9 3 5 9 3 4
20140323 10 3 1 9 3 1
20140323 11 3 2 1 3 2
20140409 1 7 2 4 5 2
20140409 2 7 9 1 5 6
20140409 3 9 2 3 6 2
20140409 4 1 9 7 1 6
20140409 5 5 2 9 4 2
20140409 6 6 8 7 5 6
20140409 7 9 1 5 6 1
20140409 8 2 9 5 2 6
20140409 9 3 2 4 3 2
20140409 10 3 7 1 3 5
20140409 11 1 3 9 1 3
20140410 1 7 6 2 5 5
20140410 2 1 3 7 1 3
20140410 3 1 3 7 1 3
20140410 4 7 4 9 5 4
20140410 5 9 3 4 6 3
20140410 6 2 7 9 2 5
20140410 7 9 5 7 6 4
20140410 8 8 7 9 6 5
20140410 9 4 1 3 4 1
20140410 10 3 5 8 3 4
20140410 11 5 2 9 4 2
20140411 1 1 7 2 1 5
20140411 2 8 5 2 6 4
20140411 3 3 9 6 3 6
20140411 4 2 3 7 2 3
20140411 5 8 1 3 6 1
20140411 6 5 7 2 4 5
20140411 7 7 1 5 5 1
20140411 8 9 1 4 6 1
20140411 9 2 8 9 2 6
20140411 10 5 3 1 4 3
20140411 11 9 2 8 6 2
20140423 1 1 3 2 0 0
20140423 2 4 1 5 0 0
20140423 3 1 2 7 0 0
20140423 4 7 1 5 0 0
20140423 5 5 2 6 0 0
20140423 6 2 5 9 2 4
20140423 7 8 1 5 6 1
20140423 8 1 7 3 1 5
20140423 9 2 9 1 2 6
20140423 10 7 2 5 5 2
20140424 1 5 7 3 0 0
20140424 2 2 7 3 0 0
20140424 3 7 4 3 0 0
20140424 4 2 5 1 0 0
20140424 5 6 4 5 0 0
20140424 6 1 4 7 1 4
20140424 7 5 1 7 4 1
20140424 8 9 3 1 6 3
20140424 9 1 9 3 1 6
20140424 10 1 5 4 1 4
20140425 1 2 4 3 0 0
20140425 2 1 5 7 0 0
20140425 3 2 5 1 0 0
20140425 4 3 4 7 0 0
20140425 5 3 2 4 0 0
20140425 6 1 5 3 1 4
20140425 7 2 4 5 2 4
20140425 8 9 7 3 6 5
20140425 9 1 8 9 1 6
20140425 10 7 5 2 5 4
20140512 1 2 1 7 2 1
20140512 2 3 9 5 3 6
20140512 3 2 9 5 2 6
20140512 4 5 2 3 4 2
20140512 5 1 9 2 1 6
20140512 6 5 3 4 4 3
20140512 7 7 9 2 5 6
20140512 8 9 3 2 6 3
20140512 9 7 1 5 5 1
20140512 10 9 1 4 6 1
20140512 11 2 3 4 2 3
20140513 1 4 2 5 4 2
20140513 2 1 6 2 1 5
20140513 3 2 4 9 2 4
20140513 4 3 7 6 3 5
20140513 5 7 4 3 5 4
20140513 6 9 3 2 6 3
20140513 7 7 2 4 5 2
20140513 8 1 9 2 1 6
20140513 9 7 1 3 5 1
20140513 10 8 2 5 6 2
20140513 11 5 9 1 4 6
20140514 1 5 7 3 4 5
20140514 2 7 4 1 5 4
20140514 3 9 1 2 6 1
20140514 4 3 9 2 3 6
20140514 5 3 8 9 3 6
20140514 6 1 3 5 1 3
20140514 7 5 1 6 4 1
20140514 8 3 2 6 3 2
20140514 9 2 7 4 2 5
20140514 10 9 5 6 6 4
20140514 11 1 9 3 1 6
20140529 1 2 5 7 0 0
20140529 2 3 7 4 0 0
20140529 3 5 7 3 0 0
20140529 4 1 2 4 0 0
20140529 5 3 5 2 0 0
20140529 6 3 7 4 0 0
20140529 7 5 3 1 0 0
20140529 8 2 4 1 2 4
20140529 9 9 7 5 6 5
20140529 10 5 7 2 4 5
20140529 11 7 3 9 5 3
20140529 12 3 5 1 3 4
20140530 1 1 5 4 0 0
20140530 2 7 3 5 0 0
20140530 3 3 1 2 0 0
20140530 4 2 7 1 0 0
20140530 5 7 2 3 0 0
20140530 6 1 4 2 0 0
20140530 7 5 3 1 0 0
20140530 8 1 2 3 1 2
20140530 9 1 7 3 1 5
20140530 10 3 2 7 3 2
20140530 11 1 5 3 1 4
20140530 12 9 7 1 6 5
20140531 1 1 5 2 0 0
20140531 2 5 1 2 0 0
20140531 3 7 2 1 0 0
20140531 4 7 2 1 0 0
20140531 5 4 5 3 0 0
20140531 6 1 4 3 0 0
20140531 7 9 3 1 6 3
20140531 8 5 1 8 4 1
20140531 9 7 9 3 5 6
20140531 10 3 1 9 3 1
20140531 11 4 9 7 4 6
20140531 12 1 5 7 0 0
20140618 1 3 1 6 0 0
20140618 2 5 3 7 0 0
20140618 3 2 1 3 0 0
20140618 4 7 1 3 0 0
20140618 5 1 4 5 0 0
20140618 6 3 5 2 3 4
20140618 7 7 3 4 5 3
20140618 8 5 1 6 4 1
20140618 9 9 4 7 6 4
20140618 10 3 1 9 3 1
20140619 1 7 2 5 0 0
20140619 2 7 5 4 0 0
20140619 3 5 7 2 0 0
20140619 4 2 4 7 0 0
20140619 5 3 1 4 0 0
20140619 6 9 7 1 6 5
20140619 7 1 9 2 1 6
20140619 8 2 3 5 2 3
20140619 9 9 1 6 6 1
20140619 10 5 2 4 4 2
20140620 1 7 4 5 0 0
20140620 2 7 3 2 0 0
20140620 3 5 4 1 0 0
20140620 4 3 2 4 0 0
20140620 5 7 2 4 0 0
20140620 6 3 2 9 3 2
20140620 7 1 5 9 1 4
20140620 8 1 5 2 1 4
20140620 9 9 2 7 6 2
20140620 10 2 3 7 2 3
20140630 1 3 2 7 0 0
20140630 2 1 5 3 0 0
20140630 3 1 4 3 0 0
20140630 4 1 3 4 0 0
20140630 5 5 3 6 0 0
20140630 6 9 5 1 6 4
20140630 7 7 9 4 5 6
20140630 8 6 3 1 5 3
20140630 9 2 5 1 2 4
20140630 10 9 7 5 6 5
20140701 1 4 7 2 0 0
20140701 2 3 1 4 0 0
20140701 3 1 4 2 0 0
20140701 4 2 3 6 0 0
20140701 5 5 4 3 0 0
20140701 6 5 1 2 4 1
20140701 7 9 5 2 6 4
20140701 8 2 1 9 2 1
20140701 9 3 7 9 3 5
20140701 10 5 1 3 4 1
20140702 1 5 3 2 0 0
20140702 2 2 4 3 0 0
20140702 3 1 4 2 0 0
20140702 4 3 1 7 0 0
20140702 5 1 5 4 0 0
20140702 6 2 1 9 2 1
20140702 7 5 2 7 4 2
20140702 8 1 5 2 1 4
20140702 9 1 4 7 1 4
20140702 10 9 7 5 6 5
20140707 1 9 3 2 6 3
20140707 2 7 2 9 5 2
20140707 3 8 1 5 6 1
20140707 4 1 7 3 1 5
20140707 5 3 5 8 3 4
20140707 6 5 4 2 0 0
20140707 7 7 6 1 0 0
20140707 8 3 2 6 3 2
20140707 9 9 1 5 6 1
20140707 10 9 5 2 6 4
20140707 11 3 1 7 3 1
20140707 12 4 7 6 4 5
20140708 1 1 4 2 1 4
20140708 2 1 3 7 1 3
20140708 3 4 7 5 4 5
20140708 4 8 2 9 6 2
20140708 5 7 1 2 5 1
20140708 6 3 5 7 0 0
20140708 7 1 7 3 0 0
20140708 8 2 9 6 2 6
20140708 9 5 2 1 4 2
20140708 10 2 6 1 2 5
20140708 11 1 5 7 1 4
20140708 12 3 8 6 3 6
20140709 1 1 5 2 1 4
20140709 2 1 7 4 1 5
20140709 3 7 2 8 5 2
20140709 4 9 1 7 6 1
20140709 5 3 4 2 0 0
20140709 6 1 7 3 1 5
20140709 7 5 2 3 4 2
20140709 8 2 3 1 2 3
20140709 9 9 6 3 6 5
20140709 10 9 1 3 6 1
20140709 11 4 2 6 0 0
20140709 12 5 1 2 4 1
20140811 1 1 4 7 0 0
20140811 2 1 7 3 0 0
20140811 3 7 5 2 0 0
20140811 4 7 5 2 0 0
20140811 5 5 2 3 0 0
20140811 6 7 8 2 5 6
20140811 7 8 5 6 6 4
20140811 8 5 3 9 4 3
20140811 9 3 1 9 0 0
20140811 10 1 3 9 1 3
20140812 1 5 2 7 0 0
20140812 2 1 7 2 0 0
20140812 3 2 1 4 0 0
20140812 4 5 2 7 0 0
20140812 5 7 4 2 0 0
20140812 6 9 1 5 6 1
20140812 7 7 2 4 5 2
20140812 8 7 2 1 5 2
20140812 9 2 3 1 2 3
20140812 10 1 9 2 1 6
20140813 1 4 3 7 0 0
20140813 2 4 7 3 0 0
20140813 3 2 1 5 0 0
20140813 4 1 3 7 0 0
20140813 5 4 7 3 0 0
20140813 6 2 3 1 2 3
20140813 7 3 1 7 3 1
20140813 8 7 6 4 5 5
20140813 9 7 2 1 5 2
20140813 10 2 9 7 2 6
20140901 1 5 3 1 0 0
20140901 2 7 2 6 0 0
20140901 3 2 5 1 0 0
20140901 4 3 2 7 0 0
20140901 5 5 3 2 0 0
20140901 6 3 9 1 3 6
20140901 7 1 5 7 1 4
20140901 8 2 5 7 2 4
20140901 9 8 9 2 6 6
20140901 10 3 6 9 3 5
20140902 1 3 1 5 0 0
20140902 2 3 7 1 0 0
20140902 3 7 3 5 0 0
20140902 4 4 5 7 0 0
20140902 5 2 4 1 0 0
20140902 6 5 7 1 4 5
20140902 7 9 1 4 6 1
20140902 8 3 1 7 3 1
20140902 9 1 6 4 1 5
20140902 10 7 1 8 5 1
20140903 1 5 7 1 0 0
20140903 2 3 5 2 0 0
20140903 3 1 2 5 0 0
20140903 4 4 3 7 0 0
20140903 5 7 2 5 0 0
20140903 6 7 8 2 5 6
20140903 7 9 3 5 6 3
20140903 8 9 2 5 6 2
20140903 9 5 1 2 4 1
20140903 10 1 5 2 1 4
20141007 1 7 9 5 5 6
20141007 2 3 2 5 3 2
20141007 3 9 1 7 6 1
20141007 4 1 5 7 1 4
20141007 5 7 1 4 5 1
20141007 6 4 5 3 4 4
20141007 7 5 1 9 4 1
20141007 8 4 5 9 4 4
20141007 9 1 9 2 1 6
20141007 10 9 7 2 6 5
20141007 11 3 5 9 3 4
20141008 1 1 3 5 1 3
20141008 2 2 5 6 2 4
20141008 3 4 1 7 4 1
20141008 4 5 3 7 4 3
20141008 5 3 1 5 3 1
20141008 6 9 2 1 6 2
20141008 7 1 2 7 1 2
20141008 8 4 1 2 4 1
20141008 9 1 2 9 1 2
20141008 10 3 1 8 3 1
20141008 11 1 5 4 1 4
20141009 1 3 5 1 3 4
20141009 2 3 5 1 3 4
20141009 3 1 4 9 1 4
20141009 4 9 4 5 6 4
20141009 5 7 6 4 5 5
20141009 6 2 7 6 2 6
20141009 7 1 7 5 1 6
20141009 8 1 7 3 1 5
20141009 9 5 3 8 4 3
20141009 10 6 4 9 5 4
20141009 11 4 2 3 4 2
20141016 1 7 1 4 0 0
20141016 2 4 3 2 0 0
20141016 3 5 1 2 0 0
20141016 4 1 3 7 0 0
20141016 5 2 3 7 0 0
20141016 6 2 9 5 2 6
20141016 7 7 1 9 5 1
20141016 8 5 1 6 4 1
20141016 9 9 7 5 6 5
20141016 10 6 3 2 5 3
20141017 1 4 7 2 0 0
20141017 2 1 5 3 0 0
20141017 3 2 5 4 0 0
20141017 4 2 1 7 0 0
20141017 5 5 1 3 0 0
20141017 6 2 7 4 2 5
20141017 7 9 8 3 6 6
20141017 8 7 2 9 5 2
20141017 9 1 9 5 1 6
20141017 10 5 1 4 4 1
20141018 1 1 5 4 0 0
20141018 2 4 1 7 0 0
20141018 3 7 1 4 0 0
20141018 4 4 1 3 0 0
20141018 5 5 3 1 0 0
20141018 6 3 5 2 3 4
20141018 7 4 9 3 4 6
20141018 8 1 4 2 1 4
20141018 9 3 1 9 3 1
20141018 10 5 2 8 4 2
20141110 1 7 2 5 5 2
20141110 2 8 1 5 6 1
20141110 3 5 2 1 4 2
20141110 4 7 3 1 5 3
20141110 5 9 7 3 6 5
20141110 6 3 1 8 3 1
20141110 7 8 5 1 6 4
20141110 8 1 9 7 1 6
20141110 9 7 2 9 5 2
20141110 10 3 1 9 3 1
20141110 11 8 3 5 6 3
20141111 1 3 2 1 3 2
20141111 2 1 3 4 1 3
20141111 3 5 7 2 4 5
20141111 4 9 2 1 6 2
20141111 5 1 7 9 1 5
20141111 6 9 1 7 6 1
20141111 7 9 3 6 6 3
20141111 8 7 1 3 5 1
20141111 9 2 9 1 2 6
20141111 10 1 5 7 1 4
20141111 11 9 2 1 6 2
20141112 1 9 5 3 6 4
20141112 2 9 4 2 6 4
20141112 3 9 3 8 6 3
20141112 4 3 9 2 3 6
20141112 5 1 3 9 1 3
20141112 6 3 9 7 3 6
20141112 7 5 3 9 4 3
20141112 8 4 3 7 4 3
20141112 9 3 8 5 3 6
20141112 10 9 3 1 6 3
20141112 11 5 3 6 4 3
20141217 1 7 5 1 5 4
20141217 2 1 8 9 1 6
20141217 3 7 2 8 5 2
20141217 4 5 7 1 4 5
20141217 5 2 5 1 2 4
20141217 6 6 3 1 0 0
20141217 7 1 4 6 0 0
20141217 8 9 2 3 6 2
20141217 9 5 2 3 4 2
20141217 10 3 4 5 3 4
20141217 11 6 3 1 5 3
20141217 12 7 3 4 5 3
20141219 1 1 2 9 1 2
20141219 2 6 2 4 5 2
20141219 3 2 5 6 2 4
20141219 4 1 2 4 1 2
20141219 5 1 3 5 1 3
20141219 6 3 1 7 0 0
20141219 7 6 1 2 0 0
20141219 8 3 1 5 3 1
20141219 9 5 2 7 5 2
20141219 10 1 2 3 1 2
20141219 11 1 7 9 1 5
20141219 12 7 3 6 5 3
20141220 1 1 5 2 1 4
20141220 2 2 1 5 2 1
20141220 3 1 9 7 1 6
20141220 4 2 1 3 2 1
20141220 5 5 2 4 0 0
20141220 6 5 1 3 0 0
20141220 7 3 5 2 0 0
20141220 8 1 5 7 1 4
20141220 9 5 8 2 4 6
20141220 10 7 9 1 5 6
20141220 11 1 2 3 1 2
20141220 12 1 4 2 0 0
20150108 1 2 5 1 0 0
20150108 2 3 7 2 0 0
20150108 3 5 1 2 0 0
20150108 4 5 3 1 0 0
20150108 5 6 7 2 0 0
20150108 6 2 9 5 2 6
20150108 7 3 7 5 3 5
20150108 8 3 7 5 3 5
20150108 9 1 7 2 1 5
20150108 10 1 9 4 1 6
20150109 1 5 1 6 0 0
20150109 2 1 7 4 0 0
20150109 3 2 1 4 0 0
20150109 4 1 6 3 0 0
20150109 5 1 6 5 0 0
20150109 6 2 1 3 2 1
20150109 7 7 1 8 5 1
20150109 8 2 5 1 2 4
20150109 9 5 1 2 4 1
20150109 10 9 1 2 6 1
20150110 1 3 5 4 0 0
20150110 2 2 7 1 0 0
20150110 3 4 7 2 0 0
20150110 4 7 3 2 0 0
20150110 5 5 2 1 0 0
20150110 6 3 4 5 3 4
20150110 7 2 3 5 2 3
20150110 8 2 1 5 2 1
20150110 9 3 2 5 3 2
20150110 10 5 2 1 4 2
20150119 1 2 7 1 2 5
20150119 2 3 9 1 3 6
20150119 3 2 9 8 2 6
20150119 4 6 1 3 5 1
20150119 5 7 6 2 5 5
20150119 6 7 9 3 5 6
20150119 7 2 5 3 2 4
20150119 8 7 2 1 5 2
20150119 9 9 3 7 6 3
20150119 10 7 1 8 5 1
20150119 11 7 8 1 5 6
20150120 1 1 9 7 1 6
20150120 2 3 7 8 3 5
20150120 3 1 7 8 1 5
20150120 4 5 9 2 4 6
20150120 5 2 1 5 2 1
20150120 6 7 1 5 5 1
20150120 7 7 5 9 5 4
20150120 8 7 9 3 5 6
20150120 9 9 6 5 6 5
20150120 10 5 1 3 4 1
20150120 11 1 2 9 1 2
20150121 1 1 4 5 1 4
20150121 2 9 3 2 6 3
20150121 3 4 3 8 4 3
20150121 4 8 2 7 6 2
20150121 5 7 2 6 5 2
20150121 6 2 9 7 2 6
20150121 7 9 1 5 6 1
20150121 8 5 1 9 4 1
20150121 9 3 5 9 3 4
20150121 10 3 1 2 3 1
20150121 11 5 1 9 4 1
20150207 1 1 7 5 0 0
20150207 2 3 1 7 0 0
20150207 3 7 2 6 0 0
20150207 4 2 3 5 0 0
20150207 5 7 1 4 0 0
20150207 6 7 2 8 5 2
20150207 7 9 2 3 6 2
20150207 8 7 3 8 5 3
20150207 9 7 8 9 5 6
20150207 10 5 2 9 4 2
20150208 1 5 2 3 0 0
20150208 2 7 3 1 0 0
20150208 3 3 7 1 0 0
20150208 4 1 4 3 0 0
20150208 5 4 2 7 0 0
20150208 6 5 9 4 4 6
20150208 7 1 3 9 1 3
20150208 8 7 1 4 5 1
20150208 9 5 3 1 4 3
20150208 10 3 1 5 3 1
20150209 1 3 5 4 0 0
20150209 2 4 1 7 0 0
20150209 3 5 2 1 0 0
20150209 4 5 6 1 0 0
20150209 5 7 4 6 0 0
20150209 6 8 2 3 6 2
20150209 7 1 9 6 1 6
20150209 8 6 3 7 5 3
20150209 9 3 2 7 3 2
20150209 10 1 7 2 1 5
20150307 1 4 9 7 4 6
20150307 2 3 4 8 3 4
20150307 3 9 3 7 6 3
20150307 4 9 7 1 6 5
20150307 5 5 8 3 4 6
20150307 6 1 7 3 1 5
20150307 7 1 3 6 1 3
20150307 8 2 5 9 2 4
20150307 9 2 3 7 2 3
20150307 10 7 9 1 5 6
20150307 11 2 1 5 2 1
20150307 12 1 7 2 1 5
20150308 1 2 4 7 2 4
20150308 2 9 1 7 6 1
20150308 3 3 9 1 3 6
20150308 4 9 1 3 6 1
20150308 5 5 1 2 4 1
20150308 6 2 4 3 2 4
20150308 7 7 2 3 5 2
20150308 8 3 1 9 3 1
20150308 9 2 9 1 2 6
20150308 10 5 3 7 4 3
20150308 11 5 1 7 4 1
20150308 12 7 8 3 5 6
20150309 1 1 9 7 1 6
20150309 2 5 3 2 4 3
20150309 3 5 1 8 4 1
20150309 4 2 5 4 2 4
20150309 5 7 3 6 5 3
20150309 6 5 9 6 4 6
20150309 7 3 9 7 3 6
20150309 8 2 8 5 2 6
20150309 9 7 2 5 5 2
20150309 10 2 6 4 2 5
20150309 11 7 9 1 5 6
20150309 12 1 2 7 1 2
20150310 1 5 1 4 4 1
20150310 2 7 6 3 5 5
20150310 3 7 1 4 5 1
20150310 4 3 9 5 3 6
20150310 5 7 2 5 5 2
20150310 6 7 1 4 5 1
20150310 7 3 8 2 3 6
20150310 8 5 2 9 4 2
20150310 9 7 4 1 5 4
20150310 10 3 8 6 3 6
20150310 11 2 7 6 2 5
20150402 1 1 9 5 1 6
20150402 2 7 9 2 5 6
20150402 3 3 9 7 3 6
20150402 4 7 9 2 5 6
20150402 5 3 4 8 3 4
20150402 6 4 6 2 0 0
20150402 7 3 1 5 0 0
20150402 8 1 9 3 1 6
20150402 9 8 7 2 6 5
20150402 10 5 1 2 4 1
20150402 11 7 1 6 5 1
20150402 12 2 7 5 2 5
20150403 1 7 2 8 5 2
20150403 2 1 3 8 1 3
20150403 3 9 2 6 6 2
20150403 4 2 9 4 2 6
20150403 5 3 5 8 3 4
20150403 6 1 7 3 0 0
20150403 7 4 7 1 0 0
20150403 8 2 7 1 2 5
20150403 9 5 3 4 4 3
20150403 10 2 3 1 2 3
20150403 11 1 3 9 1 3
20150403 12 9 1 2 6 1
20150404 1 9 5 1 6 4
20150404 2 9 5 6 6 4
20150404 3 3 2 9 3 2
20150404 4 9 3 2 6 3
20150404 5 1 3 2 0 0
20150404 6 9 1 2 6 1
20150404 7 3 4 2 3 4
20150404 8 9 5 2 6 4
20150404 9 6 7 5 5 5
20150404 10 4 5 3 0 0
20150404 11 7 3 4 5 3
20150404 12 7 2 3 5 2
20150604 1 7 5 2 0 0
20150604 2 2 5 3 0 0
20150604 3 5 1 3 0 0
20150604 4 4 3 5 0 0
20150604 5 5 3 2 0 0
20150604 6 3 6 7 0 0
20150604 7 5 2 7 0 0
20150604 8 1 7 2 1 5
20150604 9 9 2 8 6 2
20150604 10 7 3 4 5 3
20150604 11 9 2 8 6 2
20150604 12 7 2 9 5 2
20150605 1 7 5 2 0 0
20150605 2 2 5 3 0 0
20150605 3 2 6 1 0 0
20150605 4 2 1 4 0 0
20150605 5 1 6 2 0 0
20150605 6 5 1 4 0 0
20150605 7 1 7 2 0 0
20150605 8 3 9 6 3 6
20150605 9 4 2 3 4 2
20150605 10 7 3 5 5 3
20150605 11 1 4 5 1 4
20150605 12 1 2 4 1 2
20150606 1 2 5 1 0 0
20150606 2 7 2 3 0 0
20150606 3 5 1 6 0 0
20150606 4 3 5 1 0 0
20150606 5 7 4 5 0 0
20150606 6 7 5 6 0 0
20150606 7 9 3 4 6 3
20150606 8 3 9 2 3 6
20150606 9 3 2 7 3 2
20150606 10 3 7 9 3 5
20150606 11 6 2 1 0 0
20150606 12 5 8 3 4 6
20150712 1 1 3 5 0 0
20150712 2 1 2 3 0 0
20150712 3 2 5 3 0 0
20150712 4 1 2 4 0 0
20150712 5 4 1 2 0 0
20150712 6 7 4 1 5 4
20150712 7 5 1 9 4 1
20150712 8 4 2 1 4 2
20150712 9 2 5 7 2 4
20150712 10 5 3 6 4 3
20150713 1 1 3 4 0 0
20150713 2 5 2 3 0 0
20150713 3 1 7 5 0 0
20150713 4 1 6 4 0 0
20150713 5 3 6 4 0 0
20150713 6 1 5 3 1 5
20150713 7 2 7 3 2 6
20150713 8 4 5 9 4 4
20150713 9 1 2 7 1 2
20150713 10 7 4 1 5 4
20150714 1 3 4 2 0 0
20150714 2 1 7 4 0 0
20150714 3 2 7 1 0 0
20150714 4 3 4 7 0 0
20150714 5 7 1 5 0 0
20150714 6 3 9 5 3 6
20150714 7 2 5 8 2 4
20150714 8 2 8 9 2 6
20150714 9 9 8 6 6 6
20150714 10 9 3 8 6 3
20150721 1 3 7 5 3 5
20150721 2 7 9 5 5 6
20150721 3 2 3 9 2 3
20150721 4 1 7 3 1 5
20150721 5 1 7 4 1 5
20150721 6 8 2 3 6 2
20150721 7 9 3 5 6 3
20150721 8 2 5 3 2 4
20150721 9 3 9 7 3 6
20150721 10 1 5 3 1 4
20150721 11 1 7 9 1 5
20150722 1 5 2 1 4 2
20150722 2 8 7 1 6 5
20150722 3 3 9 5 3 6
20150722 4 7 2 8 5 2
20150722 5 3 7 4 3 5
20150722 6 1 7 3 1 5
20150722 7 9 4 2 6 4
20150722 8 5 1 8 4 1
20150722 9 3 9 1 3 6
20150722 10 6 3 7 5 3
20150722 11 1 7 9 1 5
