20111208 1 3 7 4 3 5
20111208 2 7 4 2 5 4
20111208 3 3 2 5 3 2
20111208 4 9 3 5 6 3
20111208 5 9 2 7 6 2
20111208 6 8 1 5 6 1
20111208 7 1 9 2 1 6
20111208 8 9 1 5 6 1
20111208 9 7 1 5 5 1
20111208 10 2 7 9 2 5
20111208 11 9 1 3 6 1
20111208 12 3 4 1 3 4
20111209 1 5 1 9 4 1
20111209 2 1 4 3 1 4
20111209 3 9 1 2 6 1
20111209 4 3 5 7 3 4
20111209 5 1 7 5 1 5
20111209 6 9 1 5 6 1
20111209 7 3 8 5 3 6
20111209 8 2 6 8 2 5
20111209 9 7 8 3 5 6
20111209 10 7 9 1 5 6
20111209 11 7 8 6 5 6
20111209 12 1 5 4 1 4
20111210 1 3 5 8 3 4
20111210 2 9 2 3 6 2
20111210 3 1 5 7 1 4
20111210 4 4 3 7 4 3
20111210 5 3 9 1 3 6
20111210 6 3 5 4 3 4
20111210 7 2 7 8 2 5
20111210 8 7 2 4 5 2
20111210 9 5 9 4 4 6
20111210 10 1 7 4 1 5
20111210 11 5 2 9 4 2
20111210 12 1 5 8 1 4
20120112 1 3 1 5 0 0
20120112 2 7 3 1 0 0
20120112 3 1 5 4 0 0
20120112 4 2 1 7 0 0
20120112 5 2 7 4 0 0
20120112 6 7 9 2 5 6
20120112 7 1 7 5 1 5
20120112 8 5 1 3 4 1
20120112 9 7 5 2 5 4
20120112 10 3 7 5 3 5
20120112 11 8 5 3 6 4
20120113 1 4 3 1 0 0
20120113 2 4 1 2 0 0
20120113 3 4 7 3 0 0
20120113 4 3 1 5 0 0
20120113 5 7 1 5 0 0
20120113 6 9 8 3 6 6
20120113 7 3 8 5 3 6
20120113 8 1 8 3 1 6
20120113 9 5 7 3 4 5
20120113 10 5 7 2 4 5
20120113 11 5 1 9 4 1
20120114 1 2 5 1 0 0
20120114 2 4 5 3 0 0
20120114 3 3 5 6 0 0
20120114 4 4 1 7 0 0
20120114 5 7 4 5 0 0
20120114 6 5 7 2 4 5
20120114 7 1 8 7 1 6
20120114 8 3 6 7 3 5
20120114 9 2 5 6 2 4
20120114 10 7 2 9 5 2
20120114 11 1 6 9 1 5
20120128 1 9 1 2 6 1
20120128 2 5 3 1 4 3
20120128 3 1 7 9 1 5
20120128 4 7 4 3 5 4
20120128 5 1 3 5 1 3
20120128 6 4 3 6 4 3
20120128 7 5 6 7 4 5
20120128 8 2 9 7 2 6
20120128 9 8 7 9 6 5
20120128 10 4 1 7 4 1
20120128 11 7 1 9 5 1
20120128 12 9 5 1 6 4
20120129 1 6 5 2 5 4
20120129 2 3 2 7 3 2
20120129 3 9 3 7 6 3
20120129 4 3 5 8 3 4
20120129 5 2 5 9 2 4
20120129 6 7 5 1 5 4
20120129 7 9 2 8 6 2
20120129 8 7 2 3 5 2
20120129 9 5 1 9 4 1
20120129 10 1 7 6 1 5
20120129 11 2 3 5 2 3
20120129 12 7 1 9 5 1
20120130 1 5 7 4 4 5
20120130 2 2 1 6 2 1
20120130 3 7 3 8 5 3
20120130 4 7 2 5 5 2
20120130 5 1 7 2 1 5
20120130 6 1 3 4 1 3
20120130 7 1 4 7 1 4
20120130 8 9 1 5 6 1
20120130 9 3 2 7 3 2
20120130 10 7 1 4 5 1
20120130 11 5 3 4 4 3
20120130 12 3 1 2 3 1
20120209 1 5 1 3 0 0
20120209 2 5 2 3 0 0
20120209 3 5 2 3 0 0
20120209 4 3 2 1 0 0
20120209 5 1 7 2 0 0
20120209 6 7 1 3 5 1
20120209 7 1 2 6 1 2
20120209 8 5 3 7 4 3
20120209 9 1 2 7 1 2
20120209 10 1 5 2 1 4
20120209 11 1 8 5 1 6
20120210 1 7 1 4 0 0
20120210 2 5 2 7 0 0
20120210 3 7 5 4 0 0
20120210 4 5 4 7 0 0
20120210 5 3 5 4 0 0
20120210 6 2 3 9 2 3
20120210 7 2 9 8 2 6
20120210 8 7 5 1 5 4
20120210 9 7 3 4 5 3
20120210 10 1 7 3 1 5
20120210 11 1 5 7 1 4
20120211 1 4 5 2 0 0
20120211 2 1 4 2 0 0
20120211 3 3 4 5 0 0
20120211 4 6 4 2 0 0
20120211 5 7 3 2 0 0
20120211 6 5 7 9 4 5
20120211 7 7 3 4 5 3
20120211 8 7 5 3 5 4
20120211 9 9 4 7 6 4
20120211 10 5 9 1 4 6
20120211 11 3 9 7 3 6
20120215 1 7 2 4 0 0
20120215 2 3 5 7 0 0
20120215 3 3 5 1 0 0
20120215 4 1 4 6 0 0
20120215 5 2 3 4 0 0
20120215 6 2 7 5 2 5
20120215 7 2 4 3 2 4
20120215 8 2 9 8 2 6
20120215 9 1 9 7 1 6
20120215 10 7 2 3 5 2
20120215 11 2 1 9 2 1
20120216 1 3 5 1 0 0
20120216 2 2 4 6 0 0
20120216 3 4 2 1 0 0
20120216 4 2 7 5 0 0
20120216 5 5 2 3 0 0
20120216 6 2 5 6 2 4
20120216 7 2 5 1 2 4
20120216 8 2 7 3 2 5
20120216 9 2 9 3 2 6
20120216 10 1 8 9 1 6
20120216 11 5 1 3 4 1
20120217 1 7 4 2 0 0
20120217 2 3 2 4 0 0
20120217 3 2 7 4 0 0
20120217 4 4 5 2 0 0
20120217 5 6 1 5 0 0
20120217 6 7 2 9 5 2
20120217 7 1 9 7 1 6
20120217 8 3 2 9 3 2
20120217 9 9 6 3 6 5
20120217 10 7 3 1 5 3
20120217 11 4 9 3 4 6
20120308 1 2 7 6 0 0
20120308 2 7 1 5 0 0
20120308 3 5 2 1 0 0
20120308 4 2 4 5 0 0
20120308 5 3 2 1 0 0
20120308 6 2 1 9 2 1
20120308 7 9 6 3 6 5
20120308 8 2 8 9 2 6
20120308 9 1 5 2 1 4
20120308 10 2 7 3 2 5
20120308 11 1 6 5 1 5
20120309 1 1 5 4 0 0
20120309 2 4 1 7 0 0
20120309 3 4 7 3 0 0
20120309 4 4 3 5 0 0
20120309 5 1 2 6 0 0
20120309 6 7 2 3 5 2
20120309 7 7 2 3 5 2
20120309 8 5 8 1 4 6
20120309 9 8 9 7 6 6
20120309 10 2 7 5 2 5
20120309 11 7 3 5 5 3
20120310 1 5 1 3 0 0
20120310 2 3 7 6 0 0
20120310 3 5 7 4 0 0
20120310 4 6 1 4 0 0
20120310 5 7 1 2 0 0
20120310 6 4 2 5 4 2
20120310 7 9 1 7 6 1
20120310 8 3 5 1 3 4
20120310 9 9 2 1 6 2
20120310 10 1 6 2 1 5
20120310 11 1 9 8 1 6
20120321 1 7 5 4 0 0
20120321 2 2 5 4 0 0
20120321 3 1 4 6 0 0
20120321 4 2 4 1 0 0
20120321 5 7 3 4 0 0
20120321 6 9 4 5 6 4
20120321 7 7 2 8 5 2
20120321 8 7 9 5 5 6
20120321 9 3 7 8 3 5
20120321 10 5 1 9 4 1
20120321 11 2 7 3 2 5
20120322 1 5 4 2 0 0
20120322 2 1 2 7 0 0
20120322 3 3 5 2 0 0
20120322 4 3 4 5 0 0
20120322 5 5 4 7 0 0
20120322 6 6 2 9 5 2
20120322 7 2 4 9 2 4
20120322 8 2 3 9 2 3
20120322 9 5 9 3 4 6
20120322 10 7 2 1 5 2
20120322 11 7 2 1 5 2
20120323 1 4 1 7 0 0
20120323 2 1 4 2 0 0
20120323 3 7 3 5 0 0
20120323 4 4 1 5 0 0
20120323 5 5 1 2 0 0
20120323 6 7 1 2 5 1
20120323 7 9 5 6 6 4
20120323 8 3 5 2 3 4
20120323 9 3 5 8 3 4
20120323 10 2 1 9 2 1
20120323 11 4 1 7 4 1
20120328 1 3 6 1 0 0
20120328 2 0 0 0 0 0
20120328 3 5 1 7 0 0
20120328 4 5 7 1 0 0
20120328 5 1 7 5 0 0
20120328 6 9 3 2 6 3
20120328 7 7 9 3 5 6
20120328 8 1 8 9 1 6
20120328 9 7 2 5 5 2
20120328 10 7 9 6 5 6
20120328 11 7 2 5 5 2
20120329 1 5 1 4 0 0
20120329 2 7 5 2 0 0
20120329 3 2 1 6 0 0
20120329 4 4 7 3 0 0
20120329 5 3 5 4 0 0
20120329 6 5 7 2 4 5
20120329 7 1 7 5 1 5
20120329 8 3 9 4 3 6
20120329 9 3 2 1 3 2
20120329 10 7 1 9 5 1
20120329 11 1 9 5 1 6
20120330 1 5 3 4 0 0
20120330 2 6 1 4 0 0
20120330 3 5 7 1 0 0
20120330 4 5 3 7 0 0
20120330 5 3 6 1 0 0
20120330 6 6 5 1 5 4
20120330 7 1 3 9 1 3
20120330 8 4 1 9 4 1
20120330 9 1 3 5 1 3
20120330 10 4 8 2 4 6
20120330 11 1 5 9 1 4
20120423 1 7 2 5 5 2
20120423 2 2 1 8 2 1
20120423 3 5 3 2 4 3
20120423 4 5 3 9 4 3
20120423 5 7 2 9 5 2
20120423 6 1 7 4 1 5
20120423 7 2 5 9 2 4
20120423 8 7 2 4 5 2
20120423 9 7 1 2 5 1
20120423 10 8 2 9 6 2
20120423 11 7 5 3 5 4
20120423 12 5 1 2 4 1
20120424 1 3 2 5 3 2
20120424 2 5 1 2 4 1
20120424 3 5 4 6 4 4
20120424 4 4 3 2 4 3
20120424 5 2 5 3 2 4
20120424 6 1 5 4 1 4
20120424 7 5 1 6 4 1
20120424 8 7 6 1 5 5
20120424 9 1 5 3 1 4
20120424 10 3 7 5 3 5
20120424 11 9 1 2 6 1
20120424 12 5 1 9 4 1
20120425 1 7 1 2 6 1
20120425 2 5 1 7 5 1
20120425 3 9 1 5 6 1
20120425 4 2 5 7 2 4
20120425 5 2 7 5 2 5
20120425 6 2 4 7 2 4
20120425 7 2 7 1 2 6
20120425 8 9 2 3 6 2
20120425 9 7 9 3 5 6
20120425 10 6 7 2 5 5
20120425 11 1 4 5 1 4
20120425 12 7 1 2 5 1
20120501 1 1 7 5 0 0
20120501 2 3 5 2 0 0
20120501 3 7 2 3 0 0
20120501 4 5 2 4 0 0
20120501 5 3 1 5 0 0
20120501 6 1 9 2 1 6
20120501 7 1 5 3 1 4
20120501 8 1 9 7 1 6
20120501 9 3 9 4 3 6
20120501 10 2 5 3 2 4
20120501 11 9 1 7 6 1
20120502 1 2 4 7 0 0
20120502 2 3 4 2 0 0
20120502 3 3 2 1 0 0
20120502 4 4 5 1 0 0
20120502 5 2 7 1 0 0
20120502 6 7 3 1 5 3
20120502 7 7 3 5 5 3
20120502 8 5 6 7 4 5
20120502 9 1 9 5 1 6
20120502 10 5 2 3 4 2
20120502 11 2 4 6 2 4
20120503 1 4 2 3 0 0
20120503 2 2 4 1 0 0
20120503 3 2 5 3 0 0
20120503 4 3 7 4 0 0
20120503 5 2 1 4 0 0
20120503 6 9 3 7 6 3
20120503 7 2 3 9 2 3
20120503 8 7 9 2 5 6
20120503 9 4 3 9 4 3
20120503 10 7 3 2 5 3
20120503 11 9 2 7 6 2
20120523 1 9 7 2 6 5
20120523 2 5 1 9 4 1
20120523 3 3 5 9 3 4
20120523 4 9 2 1 6 2
20120523 5 2 9 5 2 6
20120523 6 6 2 7 5 2
20120523 7 7 1 9 5 1
20120523 8 2 3 5 2 3
20120523 9 5 9 2 4 6
20120523 10 9 2 3 6 2
20120523 11 1 7 2 1 5
20120523 12 1 4 9 1 4
20120524 1 3 5 9 3 4
20120524 2 3 1 6 3 1
20120524 3 3 2 1 3 2
20120524 4 5 1 4 4 1
20120524 5 5 2 4 4 2
20120524 6 6 4 3 5 4
20120524 7 7 5 1 5 4
20120524 8 9 2 3 6 2
20120524 9 3 4 7 3 4
20120524 10 8 1 2 6 1
20120524 11 3 2 9 3 2
20120524 12 7 1 3 5 1
20120525 1 2 8 7 2 6
20120525 2 5 2 1 4 2
20120525 3 3 9 7 3 6
20120525 4 5 7 9 4 5
20120525 5 1 7 4 1 5
20120525 6 8 2 4 6 2
20120525 7 5 3 9 4 3
20120525 8 8 2 4 6 2
20120525 9 9 4 3 6 4
20120525 10 3 7 2 3 5
20120525 11 1 9 8 1 6
20120525 12 1 9 6 1 6
20120601 1 5 7 4 0 0
20120601 2 7 5 1 0 0
20120601 3 4 3 1 0 0
20120601 4 3 6 1 0 0
20120601 5 1 4 3 0 0
20120601 6 7 2 8 5 2
20120601 7 5 6 3 4 5
20120601 8 7 3 9 5 3
20120601 9 3 7 2 3 5
20120601 10 9 2 3 6 2
20120601 11 9 5 3 6 4
20120602 1 2 5 1 0 0
20120602 2 7 3 5 0 0
20120602 3 3 4 2 0 0
20120602 4 5 2 4 0 0
20120602 5 2 4 7 0 0
20120602 6 1 7 5 1 5
20120602 7 3 8 1 3 6
20120602 8 5 2 9 4 2
20120602 9 9 1 5 6 1
20120602 10 3 9 5 3 6
20120602 11 1 9 3 1 6
20120603 1 3 4 2 0 0
20120603 2 7 3 4 0 0
20120603 3 4 2 5 0 0
20120603 4 3 5 1 0 0
20120603 5 4 6 1 0 0
20120603 6 4 3 5 4 3
20120603 7 1 9 5 1 6
20120603 8 9 7 1 6 5
20120603 9 5 1 2 4 1
20120603 10 3 7 5 3 5
20120603 11 5 1 8 4 1
20120629 1 3 7 1 3 5
20120629 2 1 5 6 1 4
20120629 3 3 9 6 3 6
20120629 4 2 3 1 2 3
20120629 5 5 7 1 4 5
20120629 6 1 9 4 1 6
20120629 7 7 1 9 5 1
20120629 8 5 8 3 4 6
20120629 9 2 9 6 2 6
20120629 10 3 1 7 3 1
20120629 11 3 1 6 3 1
20120630 1 5 7 1 4 5
20120630 2 1 2 5 1 2
20120630 3 2 9 5 2 6
20120630 4 9 7 1 6 5
20120630 5 1 5 2 1 4
20120630 6 5 7 4 4 5
20120630 7 9 3 5 6 3
20120630 8 7 1 3 5 1
20120630 9 2 1 7 2 1
20120630 10 2 3 1 2 3
20120630 11 1 2 3 1 2
20120701 1 1 4 6 1 4
20120701 2 7 9 1 5 6
20120701 3 2 9 3 2 6
20120701 4 1 6 9 1 5
20120701 5 2 3 9 2 3
20120701 6 2 9 3 2 6
20120701 7 5 1 7 4 1
20120701 8 5 2 6 4 2
20120701 9 1 5 3 1 4
20120701 10 7 4 1 5 4
20120701 11 1 5 8 1 4
20120702 1 3 9 7 3 6
20120702 2 2 1 5 2 1
20120702 3 9 2 8 6 2
20120702 4 5 2 7 4 2
20120702 5 2 7 3 2 5
20120702 6 4 2 6 4 2
20120702 7 8 4 3 6 4
20120702 8 2 9 3 2 6
20120702 9 5 7 9 4 5
20120702 10 6 8 9 5 6
20120702 11 7 1 5 5 1
20120717 1 7 4 3 0 0
20120717 2 1 2 7 0 0
20120717 3 5 4 1 0 0
20120717 4 4 7 2 0 0
20120717 5 2 5 6 0 0
20120717 6 4 9 2 4 6
20120717 7 7 3 2 5 3
20120717 8 1 5 2 1 4
20120717 9 5 2 7 4 2
20120717 10 1 9 3 1 6
20120717 11 2 6 1 2 5
20120718 1 7 3 4 0 0
20120718 2 5 3 1 0 0
20120718 3 1 3 5 0 0
20120718 4 5 7 1 0 0
20120718 5 3 7 5 0 0
20120718 6 7 3 2 5 3
20120718 7 7 1 9 5 1
20120718 8 2 4 3 2 4
20120718 9 5 4 1 4 4
20120718 10 7 9 2 5 6
20120718 11 1 3 7 1 3
20120719 1 3 5 4 0 0
20120719 2 1 7 5 0 0
20120719 3 3 2 7 0 0
20120719 4 7 5 4 0 0
20120719 5 7 4 5 0 0
20120719 6 3 7 4 3 5
20120719 7 5 7 3 4 5
20120719 8 4 5 2 4 4
20120719 9 6 1 3 5 1
20120719 10 3 9 5 3 6
20120719 11 1 5 7 1 4
20120816 1 5 3 7 0 0
20120816 2 4 2 1 0 0
20120816 3 1 3 7 0 0
20120816 4 1 5 3 0 0
20120816 5 7 3 2 0 0
20120816 6 9 2 5 6 2
20120816 7 2 1 3 2 1
20120816 8 2 7 3 2 5
20120816 9 9 7 5 6 5
20120816 10 7 2 5 5 2
20120816 11 3 1 7 3 1
20120817 1 1 4 3 0 0
20120817 2 7 5 1 0 0
20120817 3 5 4 3 0 0
20120817 4 1 3 7 0 0
20120817 5 7 3 4 0 0
20120817 6 3 9 6 3 6
20120817 7 5 9 2 4 6
20120817 8 2 9 6 2 6
20120817 9 2 5 3 2 4
20120817 10 9 3 7 6 3
20120817 11 9 1 2 6 1
20120818 1 5 2 6 0 0
20120818 2 1 4 5 0 0
20120818 3 5 2 4 0 0
20120818 4 4 7 2 0 0
20120818 5 7 2 3 0 0
20120818 6 2 7 1 2 5
20120818 7 9 4 3 6 4
20120818 8 1 2 5 1 2
20120818 9 2 1 5 2 1
20120818 10 7 2 4 5 2
20120818 11 6 5 1 5 4
20120819 1 5 2 1 0 0
20120819 2 1 7 5 0 0
20120819 3 2 4 6 0 0
20120819 4 4 3 1 0 0
20120819 5 5 1 7 0 0
20120819 6 7 9 2 5 6
20120819 7 1 5 3 1 4
20120819 8 4 9 3 4 6
20120819 9 1 3 2 1 3
20120819 10 1 5 2 1 4
20120819 11 2 7 4 2 5
20120820 1 7 5 3 0 0
20120820 2 3 7 4 0 0
20120820 3 4 7 1 0 0
20120820 4 2 7 5 0 0
20120820 5 1 7 4 0 0
20120820 6 2 7 1 2 5
20120820 7 5 7 1 4 5
20120820 8 2 9 1 2 6
20120820 9 7 5 2 5 4
20120820 10 5 1 7 4 1
20120820 11 1 9 2 1 6
20120821 1 7 2 4 0 0
20120821 2 1 4 5 0 0
20120821 3 2 5 7 0 0
20120821 4 7 2 4 0 0
20120821 5 5 7 2 0 0
20120821 6 9 1 3 6 1
20120821 7 5 7 8 4 5
20120821 8 1 4 5 1 4
20120821 9 1 2 8 1 2
20120821 10 1 5 3 1 4
20120821 11 5 1 9 4 1
20120919 1 4 3 1 0 0
20120919 2 3 7 6 0 0
20120919 3 4 3 6 0 0
20120919 4 3 2 5 0 0
20120919 5 1 5 6 0 0
20120919 6 1 7 5 1 5
20120919 7 9 3 7 6 3
20120919 8 3 7 5 3 5
20120919 9 1 9 5 1 6
20120919 10 5 1 8 4 1
20120919 11 1 7 9 1 5
20120920 1 3 1 4 0 0
20120920 2 4 2 5 0 0
20120920 3 1 7 4 0 0
20120920 4 5 7 2 0 0
20120920 5 4 3 7 0 0
20120920 6 7 2 4 5 2
20120920 7 9 7 3 6 5
20120920 8 7 6 3 5 5
20120920 9 5 9 7 4 6
20120920 10 3 5 1 3 4
20120920 11 3 9 7 3 6
20120921 1 7 4 3 0 0
20120921 2 7 3 2 0 0
20120921 3 5 7 1 0 0
20120921 4 7 4 2 0 0
20120921 5 5 4 2 0 0
20120921 6 7 5 9 5 4
20120921 7 7 1 2 5 1
20120921 8 9 3 1 6 3
20120921 9 3 5 7 3 4
20120921 10 9 1 5 6 1
20120921 11 1 7 5 1 5
20120923 1 5 2 3 4 2
20120923 2 9 3 2 6 3
20120923 3 5 7 2 4 5
20120923 4 3 7 4 3 5
20120923 5 1 2 7 1 2
20120923 6 5 9 6 4 6
20120923 7 7 2 5 5 2
20120923 8 7 1 2 5 1
20120923 9 2 9 3 2 6
20120923 10 2 5 8 2 4
20120923 11 2 9 5 2 6
20120924 1 9 2 8 6 2
20120924 2 7 5 1 5 4
20120924 3 8 5 1 6 4
20120924 4 3 5 4 3 4
20120924 5 1 2 3 1 2
20120924 6 1 7 5 1 5
20120924 7 5 1 8 4 1
20120924 8 5 7 3 4 5
20120924 9 9 7 2 6 5
20120924 10 2 9 3 2 6
20120924 11 3 7 2 3 5
20120925 1 1 8 5 1 6
20120925 2 1 9 4 1 6
20120925 3 4 3 9 4 3
20120925 4 2 7 1 2 5
20120925 5 3 1 9 3 1
20120925 6 5 4 7 4 4
20120925 7 9 1 4 6 1
20120925 8 6 9 1 5 6
20120925 9 3 5 7 3 4
20120925 10 3 9 8 3 6
20120925 11 3 5 8 3 4
20121010 1 2 5 7 0 0
20121010 2 7 3 4 0 0
20121010 3 4 1 7 0 0
20121010 4 3 1 4 0 0
20121010 5 1 7 2 0 0
20121010 6 7 5 9 5 4
20121010 7 9 5 7 6 4
20121010 8 3 7 1 3 5
20121010 9 2 9 3 2 6
20121010 10 1 5 8 1 4
20121010 11 6 2 8 5 2
20121011 1 1 7 4 0 0
20121011 2 5 4 3 0 0
20121011 3 4 5 2 0 0
20121011 4 5 3 1 0 0
20121011 5 7 1 5 0 0
20121011 6 1 9 7 1 6
20121011 7 6 1 5 5 1
20121011 8 2 9 5 2 6
20121011 9 9 1 5 6 1
20121011 10 3 4 1 3 4
20121011 11 2 5 7 2 4
20121012 1 1 5 7 0 0
20121012 2 1 3 5 0 0
20121012 3 3 1 5 0 0
20121012 4 3 6 4 0 0
20121012 5 1 6 7 0 0
20121012 6 2 8 7 2 6
20121012 7 6 5 4 5 4
20121012 8 1 7 9 1 5
20121012 9 4 3 1 4 3
20121012 10 2 9 5 2 6
20121012 11 2 5 1 2 4
20121029 1 7 1 3 0 0
20121029 2 3 7 5 0 0
20121029 3 2 3 4 0 0
20121029 4 1 2 4 0 0
20121029 5 1 5 7 0 0
20121029 6 9 2 1 6 2
20121029 7 3 5 2 3 4
20121029 8 7 9 1 5 6
20121029 9 7 3 5 5 3
20121029 10 7 4 2 5 4
20121029 11 3 7 1 3 5
20121030 1 3 1 4 0 0
20121030 2 7 1 2 0 0
20121030 3 4 1 3 0 0
20121030 4 3 6 5 0 0
20121030 5 7 3 5 0 0
20121030 6 2 4 9 2 4
20121030 7 9 1 5 6 1
20121030 8 6 2 1 5 2
20121030 9 7 2 1 5 2
20121030 10 9 3 7 6 3
20121030 11 1 9 6 1 6
20121031 1 5 2 4 0 0
20121031 2 3 7 4 0 0
20121031 3 1 4 6 0 0
20121031 4 5 2 1 0 0
20121031 5 2 7 3 0 0
20121031 6 2 5 7 2 4
20121031 7 2 1 7 2 1
20121031 8 9 1 2 6 1
20121031 9 7 2 8 5 2
20121031 10 7 1 9 5 1
20121031 11 7 1 3 5 1
20121113 1 2 9 7 2 6
20121113 2 3 7 5 3 5
20121113 3 7 3 1 5 3
20121113 4 2 5 7 2 4
20121113 5 1 9 5 1 6
20121113 6 7 5 2 5 4
20121113 7 1 5 2 1 4
20121113 8 5 1 6 4 1
20121113 9 1 2 7 1 2
20121113 10 5 2 1 4 2
20121113 11 7 1 4 5 1
20121114 1 3 4 5 3 4
20121114 2 2 7 3 2 5
20121114 3 7 5 2 5 4
20121114 4 5 3 4 4 3
20121114 5 2 1 9 2 1
20121114 6 2 5 1 2 4
20121114 7 1 3 6 1 3
20121114 8 9 2 8 6 2
20121114 9 4 2 8 4 2
20121114 10 8 1 6 6 1
20121114 11 3 7 2 3 5
20121115 1 2 3 4 2 3
20121115 2 7 1 4 5 1
20121115 3 7 2 1 5 2
20121115 4 6 7 5 5 5
20121115 5 7 1 5 5 1
20121115 6 7 2 5 6 2
20121115 7 5 7 6 5 6
20121115 8 7 2 5 5 2
20121115 9 5 3 8 4 3
20121115 10 2 1 7 2 1
20121115 11 1 9 5 1 6
20121213 1 4 3 7 4 3
20121213 2 2 5 3 2 4
20121213 3 2 5 9 2 4
20121213 4 2 5 9 2 4
20121213 5 5 9 7 4 6
20121213 6 2 4 5 2 4
20121213 7 9 3 1 6 3
20121213 8 3 9 2 3 6
20121213 9 2 3 5 2 3
20121213 10 7 1 9 5 1
20121213 11 5 2 4 4 2
20121214 1 3 1 5 3 1
20121214 2 7 3 2 5 3
20121214 3 3 2 5 3 2
20121214 4 1 4 5 1 4
20121214 5 2 3 1 2 3
20121214 6 5 7 2 4 5
20121214 7 1 4 3 1 4
20121214 8 9 4 3 6 4
20121214 9 1 8 7 1 6
20121214 10 7 5 1 5 4
20121214 11 2 9 7 2 6
20121215 1 2 3 7 2 3
20121215 2 2 5 9 2 4
20121215 3 1 9 3 1 6
20121215 4 5 1 2 4 1
20121215 5 9 1 5 6 1
20121215 6 7 2 5 6 2
20121215 7 1 4 2 1 4
20121215 8 1 9 7 1 6
20121215 9 5 1 2 4 1
20121215 10 1 3 8 1 3
20121215 11 3 2 4 3 2
20121229 1 5 7 2 0 0
20121229 2 1 5 4 0 0
20121229 3 1 3 4 0 0
20121229 4 3 1 7 0 0
20121229 5 4 5 3 0 0
20121229 6 7 2 9 5 2
20121229 7 3 9 1 3 6
20121229 8 1 5 2 1 4
20121229 9 7 3 4 5 3
20121229 10 9 5 2 6 4
20121229 11 9 2 5 6 2
20121230 1 5 2 7 0 0
20121230 2 2 3 1 0 0
20121230 3 2 3 7 0 0
20121230 4 5 1 4 0 0
20121230 5 2 3 5 0 0
20121230 6 9 2 3 6 2
20121230 7 3 9 2 3 6
20121230 8 5 1 7 4 1
20121230 9 7 4 3 5 4
20121230 10 5 2 9 4 2
20121230 11 9 2 1 6 2
20121231 1 2 1 4 0 0
20121231 2 1 4 3 0 0
20121231 3 5 7 3 0 0
20121231 4 2 4 1 0 0
20121231 5 3 4 6 0 0
20121231 6 9 5 2 6 4
20121231 7 3 9 4 3 6
20121231 8 1 8 3 1 6
20121231 9 9 4 3 6 4
20121231 10 1 2 3 1 2
20121231 11 3 8 5 3 6
20130109 1 1 5 7 1 4
20130109 2 7 9 5 5 6
20130109 3 7 3 9 5 3
20130109 4 5 3 2 4 3
20130109 5 5 6 9 4 5
20130109 6 6 4 2 5 4
20130109 7 2 7 9 2 5
20130109 8 3 8 9 3 6
20130109 9 9 2 5 6 2
20130109 10 3 7 1 3 5
20130109 11 1 2 3 1 2
20130110 1 1 7 9 1 5
20130110 2 3 1 8 3 1
20130110 3 2 9 6 2 6
20130110 4 7 4 6 5 4
20130110 5 1 9 2 1 6
20130110 6 7 4 1 5 4
20130110 7 5 3 6 4 3
20130110 8 7 8 5 5 6
20130110 9 5 2 3 4 2
20130110 10 1 3 5 1 3
20130110 11 5 1 3 4 1
20130111 1 6 7 9 5 5
20130111 2 7 9 1 5 6
20130111 3 7 1 8 5 1
20130111 4 1 7 2 1 5
20130111 5 9 2 1 6 2
20130111 6 2 4 7 2 4
20130111 7 2 7 6 2 5
20130111 8 2 9 8 2 6
20130111 9 2 6 5 2 5
20130111 10 8 1 3 6 1
20130111 11 5 1 3 4 1
20130117 1 1 4 5 0 0
20130117 2 3 4 1 0 0
20130117 3 2 1 5 0 0
20130117 4 4 5 2 0 0
20130117 5 4 1 5 0 0
20130117 6 7 8 9 5 6
20130117 7 9 5 4 6 4
20130117 8 9 4 2 6 4
20130117 9 1 7 5 1 5
20130117 10 5 2 9 4 2
20130117 11 3 9 1 3 6
20130118 1 1 2 6 0 0
20130118 2 5 1 3 0 0
20130118 3 3 2 5 0 0
20130118 4 5 1 4 0 0
20130118 5 3 7 5 0 0
20130118 6 1 9 5 1 6
20130118 7 2 9 7 2 6
20130118 8 3 7 8 3 5
20130118 9 5 7 3 4 5
20130118 10 5 2 1 4 2
20130118 11 1 2 3 1 2
20130119 1 4 2 6 0 0
20130119 2 7 4 1 0 0
20130119 3 3 1 4 0 0
20130119 4 7 1 5 0 0
20130119 5 7 3 5 0 0
20130119 6 5 3 8 4 3
20130119 7 6 3 2 5 3
20130119 8 3 4 2 3 4
20130119 9 3 1 2 3 1
20130119 10 3 9 4 3 6
20130119 11 5 1 8 4 1
20130215 1 1 4 6 0 0
20130215 2 4 5 1 0 0
20130215 3 7 3 4 0 0
20130215 4 3 2 7 0 0
20130215 5 2 5 7 0 0
20130215 6 6 7 2 5 5
20130215 7 7 3 1 5 3
20130215 8 5 3 9 4 3
20130215 9 3 9 6 3 6
20130215 10 1 9 4 1 6
20130215 11 7 6 5 5 5
20130216 1 2 5 7 0 0
20130216 2 3 2 7 0 0
20130216 3 4 7 2 0 0
20130216 4 5 2 4 0 0
20130216 5 1 3 2 0 0
20130216 6 9 5 2 6 4
20130216 7 8 3 9 6 3
20130216 8 3 9 5 3 6
20130216 9 7 4 5 5 4
20130216 10 3 5 9 3 4
20130216 11 1 7 9 1 5
20130217 1 1 2 3 0 0
20130217 2 4 6 1 0 0
20130217 3 6 7 3 0 0
20130217 4 7 4 6 0 0
20130217 5 3 1 2 0 0
20130217 6 9 2 5 6 2
20130217 7 3 7 8 3 5
20130217 8 7 3 1 5 3
20130217 9 7 3 2 5 3
20130217 10 7 1 8 5 1
20130217 11 3 1 2 3 1
20130325 1 2 7 9 2 5
20130325 2 2 9 5 2 6
20130325 3 3 4 2 3 4
20130325 4 9 7 8 6 5
20130325 5 7 2 9 5 2
20130325 6 8 3 1 6 3
20130325 7 3 1 7 3 1
20130325 8 3 4 7 3 4
20130325 9 4 6 1 4 5
20130325 10 4 7 1 4 5
20130325 11 9 2 5 6 2
20130326 1 9 2 7 6 2
20130326 2 8 3 5 6 3
20130326 3 9 1 5 6 1
20130326 4 7 3 2 5 3
20130326 5 7 1 8 5 1
20130326 6 7 1 2 5 1
20130326 7 1 4 5 1 4
20130326 8 5 7 8 4 5
20130326 9 2 9 3 2 6
20130326 10 1 5 3 1 4
20130326 11 5 1 2 4 1
20130327 1 1 9 6 1 6
20130327 2 2 4 3 2 4
20130327 3 3 9 5 3 6
20130327 4 2 1 9 2 1
20130327 5 9 2 1 6 2
20130327 6 5 3 2 4 3
20130327 7 1 5 9 1 4
20130327 8 4 2 3 4 2
20130327 9 7 1 4 5 1
20130327 10 2 6 9 2 5
20130327 11 1 2 4 1 2
20130406 1 7 2 1 0 0
20130406 2 2 1 7 0 0
20130406 3 5 1 4 0 0
20130406 4 5 3 7 0 0
20130406 5 7 2 3 0 0
20130406 6 7 5 3 5 4
20130406 7 1 2 3 1 2
20130406 8 9 1 8 6 1
20130406 9 7 1 4 5 1
20130406 10 1 5 7 1 4
20130407 1 1 5 2 0 0
20130407 2 4 5 7 0 0
20130407 3 5 7 1 0 0
20130407 4 4 7 2 0 0
20130407 5 5 7 1 0 0
20130407 6 3 7 9 3 5
20130407 7 9 1 3 6 1
20130407 8 9 2 3 6 2
20130407 9 5 1 2 4 1
20130407 10 9 7 3 6 5
20130408 1 5 2 7 0 0
20130408 2 1 4 3 0 0
20130408 3 5 2 7 0 0
20130408 4 7 3 4 0 0
20130408 5 7 3 2 0 0
20130408 6 2 9 7 2 6
20130408 7 5 7 1 4 5
20130408 8 7 5 1 5 4
20130408 9 5 2 3 4 2
20130408 10 4 7 6 4 5
20130423 1 5 1 7 4 1
20130423 2 1 5 2 1 4
20130423 3 3 7 2 3 5
20130423 4 2 1 3 2 1
20130423 5 9 4 3 6 4
20130423 6 1 6 2 1 5
20130423 7 5 7 2 4 5
20130423 8 9 1 6 6 1
20130423 9 7 1 4 5 1
20130423 10 3 5 9 3 4
20130423 11 5 1 2 4 1
20130424 1 7 3 4 5 3
20130424 2 3 6 8 3 5
20130424 3 4 3 2 4 3
20130424 4 5 2 1 4 2
20130424 5 7 2 9 5 2
20130424 6 9 3 6 6 3
20130424 7 5 9 6 4 6
20130424 8 5 7 2 4 5
20130424 9 2 8 6 2 6
20130424 10 7 1 2 5 1
20130424 11 8 2 6 6 2
20130425 1 7 2 1 5 2
20130425 2 1 2 4 1 2
20130425 3 2 4 7 2 4
20130425 4 7 1 3 5 1
20130425 5 8 2 7 6 2
20130425 6 5 3 4 4 3
20130425 7 9 1 8 6 1
20130425 8 3 5 9 3 4
20130425 9 7 4 3 5 4
20130425 10 7 9 5 5 6
20130425 11 8 9 5 6 6
20130503 1 7 5 4 0 0
20130503 2 1 5 3 0 0
20130503 3 4 2 5 0 0
20130503 4 2 5 7 0 0
20130503 5 5 3 7 0 0
20130503 6 7 3 5 5 3
20130503 7 5 7 2 4 5
20130503 8 7 5 8 5 4
20130503 9 1 5 9 1 4
20130503 10 4 8 7 4 6
20130504 1 7 3 6 0 0
20130504 2 2 4 6 0 0
20130504 3 2 3 7 0 0
20130504 4 5 4 3 0 0
20130504 5 1 4 5 0 0
20130504 6 2 8 3 2 6
20130504 7 3 5 7 3 5
20130504 8 1 2 7 1 2
20130504 9 9 7 2 6 5
20130504 10 9 1 3 6 1
20130505 1 1 2 7 0 0
20130505 2 7 3 4 0 0
20130505 3 5 2 7 0 0
20130505 4 1 5 3 0 0
20130505 5 2 3 5 0 0
20130505 6 3 8 2 3 6
20130505 7 2 5 8 2 4
20130505 8 5 9 2 4 6
20130505 9 3 9 7 3 6
20130505 10 7 1 8 5 1
20130706 1 2 4 1 2 4
20130706 2 7 1 4 5 1
20130706 3 2 1 9 2 1
20130706 4 1 7 4 1 5
20130706 5 1 4 5 1 4
20130706 6 7 3 4 5 3
20130706 7 8 2 9 6 2
20130706 8 5 1 8 4 1
20130706 9 7 1 4 5 1
20130706 10 2 9 5 2 6
20130706 11 6 9 2 5 6
20130707 1 9 7 5 6 5
20130707 2 9 5 3 6 4
20130707 3 2 9 7 2 6
20130707 4 8 5 9 6 4
20130707 5 1 2 7 1 2
20130707 6 1 9 5 1 6
20130707 7 5 3 9 4 3
20130707 8 2 4 1 2 4
20130707 9 2 5 7 2 4
20130707 10 2 9 4 2 6
20130707 11 5 1 2 4 1
20130708 1 7 5 9 5 4
20130708 2 2 7 4 2 5
20130708 3 9 1 3 6 1
20130708 4 7 2 3 5 2
20130708 5 3 9 5 3 6
20130708 6 1 8 4 1 6
20130708 7 9 1 8 6 1
20130708 8 9 6 2 6 5
20130708 9 7 3 9 5 3
20130708 10 9 4 3 6 4
20130708 11 3 9 8 3 6
20130729 1 4 1 5 0 0
20130729 2 2 1 5 0 0
20130729 3 3 1 2 0 0
20130729 4 5 3 1 0 0
20130729 5 2 4 3 0 0
20130729 6 7 1 3 5 1
20130729 7 5 1 2 4 1
20130729 8 9 2 7 6 2
20130729 9 5 1 3 4 1
20130729 10 1 6 4 1 5
20130730 1 3 1 7 0 0
20130730 2 3 2 4 0 0
20130730 3 3 6 5 0 0
20130730 4 4 2 7 0 0
20130730 5 7 4 5 0 0
20130730 6 7 4 1 5 4
20130730 7 2 3 9 2 3
20130730 8 5 9 3 4 6
20130730 9 5 1 2 4 1
20130730 10 7 1 9 5 1
20130731 1 7 1 6 0 0
20130731 2 5 1 7 0 0
20130731 3 2 4 7 0 0
20130731 4 2 4 7 0 0
20130731 5 1 4 5 0 0
20130731 6 3 1 4 3 1
20130731 7 2 1 7 2 1
20130731 8 7 8 9 5 6
20130731 9 6 9 7 5 6
20130731 10 3 5 1 3 4
20130807 1 2 5 6 2 4
20130807 2 5 9 1 4 6
20130807 3 1 3 9 1 3
20130807 4 3 8 7 3 6
20130807 5 2 9 3 2 6
20130807 6 5 2 7 4 2
20130807 7 6 2 7 5 2
20130807 8 2 7 9 2 5
20130807 9 4 9 1 4 6
20130807 10 3 7 4 3 5
20130807 11 5 1 7 4 1
20130808 1 9 3 5 6 3
20130808 2 4 1 7 4 1
20130808 3 1 4 6 1 4
20130808 4 6 3 9 5 3
20130808 5 7 2 1 5 2
20130808 6 9 1 3 6 1
20130808 7 7 2 5 6 2
20130808 8 2 4 6 2 4
20130808 9 5 1 9 4 1
20130808 10 4 5 3 4 4
20130808 11 3 9 1 3 6
20130809 1 5 6 1 4 5
20130809 2 2 8 5 2 6
20130809 3 9 8 1 6 6
20130809 4 3 1 5 3 1
20130809 5 9 3 1 6 3
20130809 6 2 5 1 2 5
20130809 7 9 3 7 6 3
20130809 8 1 3 7 1 3
20130809 9 5 9 1 4 6
20130809 10 1 4 3 1 4
20130809 11 5 7 2 4 5
20130819 1 7 9 1 5 6
20130819 2 2 7 3 2 5
20130819 3 9 3 5 6 3
20130819 4 5 2 7 4 2
20130819 5 2 9 1 2 6
20130819 6 7 3 9 5 3
20130819 7 3 7 9 3 5
20130819 8 1 9 5 1 6
20130819 9 7 2 1 5 2
20130819 10 7 3 2 5 3
20130819 11 9 2 8 6 2
20130820 1 5 1 8 4 1
20130820 2 1 7 4 1 5
20130820 3 5 9 7 4 6
20130820 4 1 9 4 1 6
20130820 5 5 1 3 4 1
20130820 6 9 2 8 6 2
20130820 7 9 5 4 6 4
20130820 8 3 5 9 3 4
20130820 9 4 5 2 4 4
20130820 10 2 9 3 2 6
20130820 11 7 1 5 5 1
20130821 1 7 1 2 5 1
20130821 2 5 9 1 4 6
20130821 3 5 4 2 4 4
20130821 4 3 5 8 3 4
20130821 5 3 4 7 3 4
20130821 6 2 6 7 2 5
20130821 7 7 3 1 5 3
20130821 8 5 2 8 4 2
20130821 9 1 7 5 1 5
20130821 10 7 1 5 5 1
20130821 11 5 7 9 4 5
20130831 1 2 7 9 2 5
20130831 2 7 9 1 5 6
20130831 3 1 5 2 1 4
20130831 4 1 5 8 1 4
20130831 5 1 5 3 1 4
20130831 6 3 8 4 3 6
20130831 7 5 3 6 4 3
20130831 8 7 9 2 5 6
20130831 9 9 8 7 6 6
20130831 10 3 1 9 3 1
20130831 11 1 9 7 1 6
20130901 1 3 9 4 3 6
20130901 2 1 9 2 1 6
20130901 3 7 8 2 5 6
20130901 4 1 7 2 1 5
20130901 5 5 4 3 4 4
20130901 6 5 2 1 4 2
20130901 7 9 1 2 6 1
20130901 8 9 3 4 6 3
20130901 9 6 8 5 5 6
20130901 10 5 7 8 4 5
20130901 11 7 3 8 5 3
20130902 1 5 2 7 4 2
20130902 2 3 5 7 3 4
20130902 3 7 3 4 5 3
20130902 4 4 9 2 4 6
20130902 5 3 7 2 3 5
20130902 6 7 3 5 5 3
20130902 7 6 4 1 5 4
20130902 8 4 9 3 4 6
20130902 9 9 2 5 6 2
20130902 10 5 7 2 4 5
20130902 11 1 9 3 1 6
20130903 1 5 4 2 5 4
20130903 2 2 7 8 2 6
20130903 3 1 9 3 1 6
20130903 4 2 4 5 2 4
20130903 5 7 1 3 5 1
20130903 6 8 3 2 6 3
20130903 7 7 1 5 5 1
20130903 8 1 9 7 1 6
20130903 9 9 5 2 6 4
20130903 10 1 2 5 1 2
20130903 11 1 9 8 1 6
20130918 1 1 7 3 0 0
20130918 2 2 1 3 0 0
20130918 3 3 5 1 0 0
20130918 4 4 5 7 0 0
20130918 5 5 2 4 0 0
20130918 6 3 5 7 3 4
20130918 7 5 9 2 4 6
20130918 8 7 2 1 5 2
20130918 9 5 7 1 4 5
20130918 10 7 2 3 5 2
20130919 1 1 3 6 0 0
20130919 2 3 4 2 0 0
20130919 3 6 5 2 0 0
20130919 4 5 1 7 0 0
20130919 5 1 3 7 0 0
20130919 6 9 1 5 6 1
20130919 7 5 9 1 4 6
20130919 8 2 7 5 2 5
20130919 9 2 9 1 2 6
20130919 10 9 3 7 6 3
20130920 1 1 3 5 0 0
20130920 2 2 1 3 0 0
20130920 3 3 2 4 0 0
20130920 4 5 1 2 0 0
20130920 5 3 4 7 0 0
20130920 6 7 9 2 5 6
20130920 7 2 5 6 2 4
20130920 8 4 3 5 4 3
20130920 9 7 2 3 5 2
20130920 10 2 9 4 2 6
20131002 1 1 3 7 0 0
20131002 2 7 5 1 0 0
20131002 3 2 1 3 0 0
20131002 4 3 1 7 0 0
20131002 5 5 7 2 0 0
20131002 6 2 9 5 2 6
20131002 7 7 5 1 5 4
20131002 8 5 1 7 4 1
20131002 9 5 9 3 4 6
20131002 10 7 4 1 5 4
20131003 1 7 1 3 0 0
20131003 2 7 3 6 0 0
20131003 3 3 7 2 0 0
20131003 4 5 1 4 0 0
20131003 5 1 2 7 0 0
20131003 6 7 1 3 5 1
20131003 7 2 9 1 2 6
20131003 8 1 5 9 1 4
20131003 9 5 7 9 4 5
20131003 10 5 1 7 4 1
20131004 1 5 4 2 0 0
20131004 2 2 6 5 0 0
20131004 3 4 2 5 0 0
20131004 4 1 3 5 0 0
20131004 5 1 2 5 0 0
20131004 6 9 7 3 6 5
20131004 7 2 1 7 2 1
20131004 8 7 5 8 5 4
20131004 9 2 1 9 2 1
20131004 10 1 5 7 1 4
20131020 1 7 1 4 0 0
20131020 2 1 2 4 0 0
20131020 3 5 3 1 0 0
20131020 4 3 2 1 0 0
20131020 5 2 1 7 0 0
20131020 6 3 7 2 3 5
20131020 7 4 5 2 4 4
20131020 8 5 1 9 4 1
20131020 9 2 6 9 2 5
20131020 10 1 7 8 1 5
20131021 1 3 5 4 0 0
20131021 2 1 5 7 0 0
20131021 3 2 1 6 0 0
20131021 4 7 1 5 0 0
20131021 5 3 2 5 0 0
20131021 6 8 1 3 6 1
20131021 7 3 1 5 3 1
20131021 8 8 3 7 6 3
20131021 9 2 7 8 2 5
20131021 10 9 2 1 6 2
20131022 1 1 4 3 0 0
20131022 2 3 1 4 0 0
20131022 3 2 3 5 0 0
20131022 4 5 2 1 0 0
20131022 5 7 4 3 0 0
20131022 6 7 2 1 5 2
20131022 7 9 7 8 6 5
20131022 8 9 2 7 6 2
20131022 9 8 1 5 6 1
20131022 10 1 5 8 1 4
20131119 1 1 7 6 0 0
20131119 2 5 1 7 0 0
20131119 3 4 1 3 0 0
20131119 4 7 2 5 0 0
20131119 5 3 7 2 0 0
20131119 6 3 8 9 3 6
20131119 7 3 8 2 3 6
20131119 8 1 5 2 1 4
20131119 9 7 1 8 5 1
20131119 10 1 5 9 1 4
20131120 1 4 2 6 0 0
20131120 2 7 1 2 0 0
20131120 3 5 1 4 0 0
20131120 4 5 3 7 0 0
20131120 5 2 5 6 0 0
20131120 6 7 2 1 5 2
20131120 7 5 1 2 4 1
20131120 8 2 9 5 2 6
20131120 9 3 5 9 3 4
20131120 10 2 3 7 2 3
20131121 1 3 4 6 0 0
20131121 2 3 6 1 0 0
20131121 3 7 1 3 0 0
20131121 4 2 1 5 0 0
20131121 5 4 2 3 0 0
20131121 6 5 1 8 4 1
20131121 7 3 4 7 3 4
20131121 8 1 4 7 1 4
20131121 9 8 5 2 6 4
20131121 10 2 9 8 2 6
20131203 1 3 5 9 3 4
20131203 2 4 2 7 4 2
20131203 3 7 3 8 5 3
20131203 4 9 3 2 6 3
20131203 5 7 1 9 5 1
20131203 6 2 1 7 2 1
20131203 7 2 7 5 2 5
20131203 8 7 2 1 5 2
20131203 9 1 9 4 1 6
20131203 10 5 8 4 4 6
20131203 11 2 1 3 2 1
20131204 1 5 9 2 4 6
20131204 2 1 3 7 1 3
20131204 3 6 1 2 5 1
20131204 4 3 9 1 3 6
20131204 5 1 5 7 1 4
20131204 6 3 9 5 3 6
20131204 7 3 6 8 3 5
20131204 8 7 9 3 5 6
20131204 9 2 7 1 2 5
20131204 10 1 5 6 1 4
20131204 11 9 2 4 6 2
20131205 1 4 9 1 4 6
20131205 2 5 2 3 4 2
20131205 3 3 1 5 3 1
20131205 4 5 1 9 4 1
20131205 5 7 1 5 5 1
20131205 6 2 6 4 2 5
20131205 7 5 1 2 4 1
20131205 8 1 3 8 1 3
20131205 9 2 6 9 2 5
20131205 10 9 7 5 6 5
20131205 11 3 2 4 3 2
20131225 1 3 1 5 0 0
20131225 2 2 5 7 0 0
20131225 3 5 3 4 0 0
20131225 4 1 7 3 0 0
20131225 5 1 4 7 0 0
20131225 6 2 7 9 2 5
20131225 7 1 3 5 1 3
20131225 8 9 2 7 6 2
20131225 9 3 5 8 3 4
20131225 10 7 3 1 5 3
20131226 1 4 7 1 0 0
20131226 2 3 5 6 0 0
20131226 3 5 7 2 0 0
20131226 4 2 3 6 0 0
20131226 5 1 5 3 0 0
20131226 6 1 9 3 1 6
20131226 7 5 2 7 4 2
20131226 8 7 5 1 5 4
20131226 9 1 4 3 1 4
20131226 10 9 7 4 6 5
20131227 1 1 5 2 0 0
20131227 2 1 5 7 0 0
20131227 3 1 3 7 0 0
20131227 4 2 1 7 0 0
20131227 5 5 1 2 0 0
20131227 6 7 1 4 5 1
20131227 7 3 5 4 3 4
20131227 8 3 4 5 3 4
20131227 9 3 9 7 3 6
20131227 10 3 9 1 3 6
20140104 1 4 2 5 0 0
20140104 2 7 3 1 0 0
20140104 3 3 5 7 0 0
20140104 4 7 4 1 0 0
20140104 5 1 3 2 0 0
20140104 6 3 5 1 3 4
20140104 7 3 4 2 3 4
20140104 8 1 3 5 1 3
20140104 9 2 7 1 2 5
20140104 10 7 5 2 5 4
20140105 1 1 7 3 0 0
20140105 2 7 5 3 0 0
20140105 3 3 1 4 0 0
20140105 4 2 7 6 0 0
20140105 5 2 5 6 0 0
20140105 6 7 4 1 5 4
20140105 7 6 5 9 5 4
20140105 8 2 5 9 2 4
20140105 9 5 1 2 4 1
20140105 10 7 1 3 5 1
20140106 1 3 5 6 0 0
20140106 2 3 1 2 0 0
20140106 3 3 2 7 0 0
20140106 4 4 1 5 0 0
20140106 5 4 3 1 0 0
20140106 6 2 9 1 2 6
20140106 7 4 7 1 4 5
20140106 8 1 8 2 1 6
20140106 9 3 9 8 3 6
20140106 10 5 8 7 4 6
20140205 1 2 9 4 2 6
20140205 2 3 5 9 3 4
20140205 3 2 3 6 2 3
20140205 4 1 7 9 1 5
20140205 5 1 3 2 1 3
20140205 6 6 5 2 5 4
20140205 7 3 5 8 3 4
20140205 8 3 6 9 3 5
20140205 9 2 9 7 2 6
20140205 10 8 7 1 6 5
20140205 11 6 8 1 5 6
20140206 1 6 1 9 5 1
20140206 2 1 2 3 1 2
20140206 3 3 9 2 3 6
20140206 4 1 4 7 1 4
20140206 5 7 6 2 5 5
20140206 6 9 2 7 6 2
20140206 7 8 7 4 6 5
20140206 8 9 2 3 6 2
20140206 9 4 5 1 4 4
20140206 10 9 7 1 6 5
20140206 11 5 2 6 4 2
20140207 1 7 8 5 5 6
20140207 2 7 2 8 5 2
20140207 3 3 9 5 3 6
20140207 4 2 5 8 2 4
20140207 5 2 7 5 2 5
20140207 6 5 3 7 4 3
20140207 7 8 3 2 6 3
20140207 8 7 2 8 5 2
20140207 9 1 5 3 1 4
20140207 10 5 1 9 4 1
20140207 11 2 9 7 2 6
20140311 1 4 1 6 0 0
20140311 2 1 2 5 0 0
20140311 3 3 1 4 0 0
20140311 4 5 1 4 0 0
20140311 5 2 7 4 0 0
20140311 6 5 1 8 4 1
20140311 7 3 9 2 3 6
20140311 8 9 3 1 6 3
20140311 9 1 9 6 1 6
20140311 10 9 8 3 6 6
20140312 1 1 3 2 0 0
20140312 2 1 3 4 0 0
20140312 3 4 7 2 0 0
20140312 4 2 1 3 0 0
20140312 5 3 7 1 0 0
20140312 6 7 2 4 5 2
20140312 7 5 7 9 4 5
20140312 8 9 2 5 6 2
20140312 9 0 0 0 4 4
20140312 10 9 3 1 6 3
20140313 1 2 1 7 0 0
20140313 2 1 2 3 0 0
20140313 3 5 2 7 0 0
20140313 4 1 7 2 0 0
20140313 5 1 5 7 0 0
20140313 6 9 2 7 6 2
20140313 7 1 9 2 1 6
20140313 8 9 1 3 6 1
20140313 9 3 2 9 3 2
20140313 10 3 1 9 3 1
20140328 1 1 5 3 1 4
20140328 2 3 2 5 3 2
20140328 3 9 7 4 6 5
20140328 4 2 5 7 2 4
20140328 5 9 3 2 6 3
20140328 6 1 2 7 1 2
20140328 7 4 7 1 4 5
20140328 8 2 7 5 2 5
20140328 9 5 3 2 4 3
20140328 10 1 7 2 1 5
20140328 11 3 7 6 3 5
20140329 1 9 3 5 6 3
20140329 2 7 1 6 5 1
20140329 3 2 7 5 2 5
20140329 4 2 3 1 2 3
20140329 5 7 5 9 5 4
20140329 6 3 5 4 3 4
20140329 7 2 3 8 2 3
20140329 8 4 8 3 4 6
20140329 9 9 2 4 6 2
20140329 10 2 7 8 2 5
20140329 11 5 7 9 4 5
20140330 1 1 9 2 1 6
20140330 2 1 2 3 1 2
20140330 3 3 4 5 3 4
20140330 4 7 2 8 5 2
20140330 5 7 5 1 5 4
20140330 6 9 7 8 6 5
20140330 7 9 2 5 6 2
20140330 8 5 7 1 4 5
20140330 9 1 3 4 1 3
20140330 10 5 7 9 4 5
20140330 11 2 9 1 2 6
20140416 1 1 3 4 0 0
20140416 2 1 5 3 0 0
20140416 3 1 5 6 0 0
20140416 4 3 4 6 0 0
20140416 5 4 6 1 0 0
20140416 6 5 2 9 4 2
20140416 7 3 1 7 3 1
20140416 8 5 1 2 4 1
20140416 9 1 5 7 1 4
20140416 10 2 5 8 2 4
20140417 1 1 5 6 0 0
20140417 2 7 2 4 0 0
20140417 3 7 3 2 0 0
20140417 4 7 4 3 0 0
20140417 5 1 2 7 0 0
20140417 6 1 6 4 0 0
20140417 7 1 9 3 1 6
20140417 8 3 1 2 3 1
20140417 9 9 7 1 6 5
20140417 10 7 5 3 5 4
20140418 1 1 2 7 0 0
20140418 2 2 5 3 0 0
20140418 3 2 6 7 0 0
20140418 4 1 4 5 0 0
20140418 5 1 4 3 0 0
20140418 6 7 5 2 5 4
20140418 7 1 2 5 1 2
20140418 8 9 1 3 6 1
20140418 9 1 4 2 1 4
20140418 10 4 1 2 4 1
20140505 1 2 7 3 2 5
20140505 2 7 1 9 5 1
20140505 3 3 1 4 3 1
20140505 4 1 5 2 1 4
20140505 5 5 1 2 4 1
20140505 6 2 8 9 2 6
20140505 7 3 8 4 3 6
20140505 8 9 3 5 6 3
20140505 9 2 5 4 2 4
20140505 10 7 1 5 5 1
20140505 11 4 2 8 4 2
20140506 1 8 2 3 6 2
20140506 2 9 7 5 6 5
20140506 3 5 1 7 4 1
20140506 4 3 9 1 3 6
20140506 5 5 7 3 4 5
20140506 6 9 1 5 6 1
20140506 7 2 7 3 2 5
20140506 8 3 5 9 3 4
20140506 9 7 1 4 5 1
20140506 10 1 7 9 1 5
20140506 11 9 7 1 6 5
20140507 1 9 3 1 6 3
20140507 2 7 9 1 5 6
20140507 3 3 6 5 3 5
20140507 4 3 9 2 3 6
20140507 5 7 3 8 5 3
20140507 6 8 2 5 6 2
20140507 7 3 7 2 3 6
20140507 8 4 5 6 4 4
20140507 9 8 7 3 6 5
20140507 10 9 7 2 6 5
20140507 11 8 1 5 6 1
20140602 1 1 3 7 0 0
20140602 2 7 3 5 0 0
20140602 3 1 3 4 0 0
20140602 4 7 3 2 0 0
20140602 5 5 3 4 0 0
20140602 6 7 5 2 5 4
20140602 7 9 2 6 6 2
20140602 8 1 5 3 1 4
20140602 9 9 3 1 6 3
20140602 10 4 5 9 4 4
20140603 1 1 3 7 0 0
20140603 2 3 1 7 0 0
20140603 3 0 0 0 0 0
20140603 4 3 1 7 0 0
20140603 5 1 7 5 0 0
20140603 6 7 1 2 5 1
20140603 7 7 5 1 5 4
20140603 8 7 1 5 5 1
20140603 9 3 2 7 3 2
20140603 10 9 1 5 6 1
20140604 1 6 1 3 0 0
20140604 2 3 1 5 0 0
20140604 3 3 2 4 0 0
20140604 4 6 7 5 0 0
20140604 5 3 4 6 0 0
20140604 6 9 7 3 6 5
20140604 7 1 2 9 1 2
20140604 8 2 9 1 2 6
20140604 9 3 2 5 3 2
20140604 10 1 8 5 1 6
20140626 1 7 5 3 0 0
20140626 2 1 5 7 0 0
20140626 3 2 3 7 0 0
20140626 4 3 7 5 0 0
20140626 5 7 2 5 0 0
20140626 6 3 2 8 3 2
20140626 7 7 5 3 5 4
20140626 8 7 5 3 5 4
20140626 9 1 9 2 1 6
20140626 10 7 2 5 5 2
20140627 1 5 7 1 0 0
20140627 2 2 5 7 0 0
20140627 3 7 4 3 0 0
20140627 4 1 7 3 0 0
20140627 5 1 4 7 0 0
20140627 6 2 5 7 2 4
20140627 7 3 5 8 3 4
20140627 8 7 2 1 5 2
20140627 9 5 1 7 4 1
20140627 10 1 7 2 1 5
20140628 1 2 5 3 0 0
20140628 2 1 7 2 0 0
20140628 3 4 3 2 0 0
20140628 4 7 1 5 0 0
20140628 5 5 3 7 0 0
20140628 6 1 9 3 1 6
20140628 7 7 1 9 5 1
20140628 8 1 2 3 1 2
20140628 9 4 1 5 4 1
20140628 10 2 9 1 2 6
20140714 1 8 9 2 6 6
20140714 2 2 5 8 2 4
20140714 3 9 4 2 6 4
20140714 4 9 7 2 6 5
20140714 5 8 3 6 6 3
20140714 6 2 3 1 0 0
20140714 7 3 7 4 0 0
20140714 8 1 9 7 1 6
20140714 9 5 2 7 4 2
20140714 10 7 1 4 5 1
20140714 11 7 9 1 5 6
20140714 12 3 7 9 3 5
20140715 1 2 1 4 2 1
20140715 2 9 1 6 6 1
20140715 3 5 1 7 4 1
20140715 4 9 1 7 6 1
20140715 5 1 9 5 1 6
20140715 6 7 1 4 0 0
20140715 7 2 7 1 0 0
20140715 8 8 7 2 6 5
20140715 9 7 8 4 5 6
20140715 10 6 2 7 5 2
20140715 11 3 2 1 3 2
20140715 12 5 1 2 4 1
20140716 1 9 2 5 6 2
20140716 2 2 8 4 2 6
20140716 3 1 7 9 1 5
20140716 4 9 1 5 6 1
20140716 5 6 1 7 0 0
20140716 6 9 1 3 6 1
20140716 7 7 1 4 5 1
20140716 8 1 7 9 1 5
20140716 9 5 4 3 0 0
20140716 10 3 9 4 3 6
20140716 11 7 1 5 5 1
20140716 12 1 8 4 1 6
20140825 1 1 3 9 1 3
20140825 2 9 3 1 6 3
20140825 3 2 5 8 2 4
20140825 4 7 3 4 5 3
20140825 5 1 5 7 1 4
20140825 6 7 5 9 5 4
20140825 7 4 2 7 4 2
20140825 8 1 7 9 1 5
20140825 9 1 7 4 1 5
20140825 10 9 5 7 6 4
20140825 11 1 4 9 1 4
20140826 1 1 9 6 1 6
20140826 2 2 5 1 2 4
20140826 3 3 2 7 3 2
20140826 4 7 3 9 5 3
20140826 5 1 5 7 1 4
20140826 6 7 1 2 5 1
20140826 7 9 2 1 6 2
20140826 8 2 5 7 2 4
20140826 9 2 5 3 2 4
20140826 10 1 2 9 1 2
20140826 11 7 3 5 5 3
20140827 1 1 9 6 1 6
20140827 2 4 8 2 4 6
20140827 3 3 8 4 3 6
20140827 4 3 7 8 3 5
20140827 5 9 2 5 6 2
20140827 6 3 7 1 3 5
20140827 7 9 2 3 6 2
20140827 8 2 1 5 2 1
20140827 9 1 3 9 1 3
20140827 10 3 7 1 3 5
20140827 11 5 2 1 4 2
20140920 1 9 2 6 6 2
20140920 2 8 2 9 6 2
20140920 3 5 2 3 4 2
20140920 4 7 9 5 5 6
20140920 5 6 2 9 5 2
20140920 6 7 9 2 5 6
20140920 7 3 5 4 3 4
20140920 8 2 8 3 2 6
20140920 9 3 1 8 3 1
20140920 10 2 6 1 2 5
20140920 11 1 5 3 1 4
20140920 12 9 6 3 6 5
20140921 1 9 7 1 6 5
20140921 2 5 9 3 4 6
20140921 3 9 4 3 6 4
20140921 4 2 9 4 2 6
20140921 5 9 1 2 6 1
20140921 6 1 5 3 1 4
20140921 7 1 5 9 1 4
20140921 8 1 9 7 1 6
20140921 9 9 5 4 6 4
20140921 10 9 7 5 6 5
20140921 11 2 5 1 2 4
20140921 12 1 4 6 1 4
20140922 1 5 4 2 4 4
20140922 2 7 5 4 5 4
20140922 3 2 5 8 2 4
20140922 4 9 7 1 6 5
20140922 5 9 1 4 6 1
20140922 6 2 4 3 2 4
20140922 7 5 7 1 4 5
20140922 8 3 7 1 3 5
20140922 9 7 4 2 5 4
20140922 10 5 2 9 4 2
20140922 11 3 1 2 3 1
20140922 12 9 3 7 6 3
20140923 1 9 7 3 6 5
20140923 2 1 5 3 1 4
20140923 3 4 9 3 4 6
20140923 4 7 2 4 5 2
20140923 5 1 3 2 1 3
20140923 6 1 4 7 1 4
20140923 7 3 5 1 3 4
20140923 8 3 2 1 3 2
20140923 9 5 1 2 4 1
20140923 10 7 3 6 5 3
20140923 11 6 3 5 5 3
20141022 1 4 3 2 0 0
20141022 2 7 1 5 0 0
20141022 3 2 4 1 0 0
20141022 4 1 5 7 0 0
20141022 5 3 7 5 0 0
20141022 6 6 3 2 0 0
20141022 7 6 1 4 0 0
20141022 8 7 5 9 5 4
20141022 9 7 2 1 5 2
20141022 10 1 5 7 1 4
20141022 11 1 5 7 1 4
20141022 12 8 3 4 6 3
20141023 1 7 4 3 0 0
20141023 2 1 7 5 0 0
20141023 3 4 3 6 0 0
20141023 4 7 2 3 0 0
20141023 5 1 2 4 0 0
20141023 6 1 4 6 0 0
20141023 7 5 2 4 0 0
20141023 8 1 5 8 1 4
20141023 9 1 3 9 1 3
20141023 10 9 3 1 6 3
20141023 11 2 6 1 2 5
20141023 12 7 2 4 5 2
20141024 1 5 6 4 0 0
20141024 2 2 1 5 0 0
20141024 3 4 2 1 0 0
20141024 4 5 3 4 0 0
20141024 5 2 6 5 0 0
20141024 6 1 5 7 0 0
20141024 7 1 9 7 1 6
20141024 8 9 5 4 6 4
20141024 9 4 5 1 0 0
20141024 10 1 3 9 1 3
20141024 11 3 5 8 3 4
20141024 12 4 1 9 4 1
20141031 1 1 7 9 1 5
20141031 2 2 3 1 2 3
20141031 3 5 9 1 4 6
20141031 4 2 5 6 2 4
20141031 5 1 5 7 1 4
20141031 6 4 2 7 4 2
20141031 7 2 9 5 2 6
20141031 8 5 9 2 4 6
20141031 9 7 1 9 5 1
20141031 10 2 5 1 2 4
20141031 11 4 7 8 4 5
20141101 1 5 7 1 4 5
20141101 2 1 5 4 1 4
20141101 3 2 6 3 2 5
20141101 4 3 9 4 3 6
20141101 5 3 7 9 3 5
20141101 6 9 1 5 6 1
20141101 7 2 5 3 2 4
20141101 8 6 1 2 5 1
20141101 9 5 9 1 4 6
20141101 10 7 3 5 5 3
20141101 11 7 1 9 5 1
20141102 1 3 5 9 3 4
20141102 2 8 1 5 6 1
20141102 3 9 3 5 6 3
20141102 4 2 9 1 2 6
20141102 5 5 1 3 4 1
20141102 6 9 8 3 6 6
20141102 7 2 5 1 2 4
20141102 8 7 6 3 5 5
20141102 9 3 2 8 3 2
20141102 10 1 8 3 1 6
20141102 11 8 7 5 6 5
20141104 1 2 3 4 0 0
20141104 2 5 1 3 0 0
20141104 3 1 3 5 0 0
20141104 4 5 2 4 0 0
20141104 5 7 5 2 0 0
20141104 6 7 4 5 0 0
20141104 7 5 2 7 0 0
20141104 8 8 7 1 6 5
20141104 9 2 4 5 2 4
20141104 10 1 2 7 1 2
20141104 11 1 3 5 1 3
20141104 12 7 1 2 5 1
20141105 1 2 5 3 0 0
20141105 2 3 1 5 0 0
20141105 3 2 7 3 0 0
20141105 4 4 3 2 0 0
20141105 5 2 4 1 0 0
20141105 6 1 6 7 0 0
20141105 7 1 3 4 0 0
20141105 8 1 5 2 1 4
20141105 9 4 9 5 4 6
20141105 10 1 9 2 1 6
20141105 11 3 9 1 3 6
20141105 12 1 5 3 1 4
20141106 1 1 4 2 0 0
20141106 2 7 5 1 0 0
20141106 3 3 1 2 0 0
20141106 4 5 1 7 0 0
20141106 5 7 3 6 0 0
20141106 6 7 2 4 0 0
20141106 7 3 5 4 3 4
20141106 8 5 9 2 4 6
20141106 9 3 7 4 0 0
20141106 10 2 5 1 2 4
20141106 11 3 5 1 3 4
20141106 12 5 8 6 4 6
20141210 1 1 2 3 1 2
20141210 2 3 2 1 3 2
20141210 3 3 2 8 3 2
20141210 4 9 2 5 6 2
20141210 5 7 2 5 5 2
20141210 6 9 1 5 6 1
20141210 7 5 7 2 4 5
20141210 8 5 9 3 4 6
20141210 9 1 7 2 1 5
20141210 10 5 3 7 4 3
20141210 11 4 6 3 4 5
20141211 1 9 7 1 6 5
20141211 2 9 3 2 6 3
20141211 3 2 9 5 2 6
20141211 4 4 7 9 4 5
20141211 5 7 4 2 5 4
20141211 6 2 6 1 2 5
20141211 7 5 1 9 4 1
20141211 8 1 5 8 1 4
20141211 9 1 3 9 1 3
20141211 10 7 3 5 5 3
20141211 11 1 3 5 1 3
20141212 1 4 9 3 4 6
20141212 2 7 1 4 5 1
20141212 3 3 6 9 3 5
20141212 4 7 2 8 5 2
20141212 5 5 3 2 4 3
20141212 6 1 3 5 1 3
20141212 7 3 2 7 3 2
20141212 8 9 3 2 6 3
20141212 9 1 9 4 1 6
20141212 10 9 2 1 6 2
20141226 1 5 4 7 0 0
20141226 2 2 4 3 0 0
20141226 3 7 1 4 0 0
20141226 4 2 7 3 0 0
20141226 5 5 4 7 0 0
20141226 6 3 7 5 3 5
20141226 7 2 7 1 2 5
20141226 8 2 1 9 2 1
20141226 9 0 0 0 1 6
20141226 10 4 7 6 4 5
20141227 1 7 5 1 0 0
20141227 2 7 2 5 0 0
20141227 3 4 1 5 0 0
20141227 4 3 6 4 0 0
20141227 5 4 2 3 0 0
20141227 6 7 4 8 5 4
20141227 7 1 5 9 1 4
20141227 8 7 1 9 5 1
20141227 9 5 2 9 4 2
20141227 10 1 5 7 1 4
20141228 1 1 3 5 0 0
20141228 2 5 1 2 0 0
20141228 3 1 4 7 0 0
20141228 4 3 5 2 0 0
20141228 5 4 2 1 0 0
20141228 6 5 1 4 4 1
20141228 7 9 6 1 6 5
20141228 8 3 1 6 3 1
20141228 9 9 5 1 6 4
20141228 10 5 1 2 4 1
20150101 1 1 9 3 1 6
20150101 2 3 5 7 3 4
20150101 3 7 2 3 5 2
20150101 4 2 3 4 2 3
20150101 5 7 4 1 5 4
20150101 6 2 9 5 2 6
20150101 7 5 3 8 4 3
20150101 8 1 5 6 1 4
20150101 9 9 1 7 6 1
20150101 10 3 7 2 3 5
20150101 11 5 3 4 4 3
20150102 1 3 4 6 3 4
20150102 2 2 9 6 2 6
20150102 3 1 9 2 1 6
20150102 4 2 5 3 2 4
20150102 5 1 3 7 1 3
20150102 6 1 7 9 1 5
20150102 7 5 1 4 4 1
20150102 8 2 9 3 2 6
20150102 9 2 7 9 2 5
20150102 10 1 3 9 1 3
20150102 11 2 1 3 2 1
20150103 1 3 5 1 3 4
20150103 2 1 7 2 1 5
20150103 3 7 9 3 5 6
20150103 4 5 1 7 4 1
20150103 5 1 7 9 1 5
20150103 6 8 1 5 6 1
20150103 7 7 2 5 5 2
20150103 8 5 1 8 4 1
20150103 9 3 5 8 3 4
20150103 10 3 1 2 3 1
20150103 11 2 7 4 2 5
20150204 1 1 4 3 0 0
20150204 2 4 2 1 0 0
20150204 3 5 7 1 0 0
20150204 4 1 5 3 0 0
20150204 5 1 7 4 0 0
20150204 6 3 4 9 3 4
20150204 7 3 7 2 3 5
20150204 8 6 5 9 5 4
20150204 9 1 6 7 1 5
20150204 10 3 4 2 3 4
20150205 1 7 3 6 0 0
20150205 2 5 3 4 0 0
20150205 3 5 2 6 0 0
20150205 4 3 5 4 0 0
20150205 5 4 2 5 0 0
20150205 6 4 9 3 4 6
20150205 7 8 7 4 6 5
20150205 8 7 9 6 5 6
20150205 9 2 1 9 2 1
20150205 10 9 5 7 6 4
20150206 1 3 5 2 0 0
20150206 2 2 4 1 0 0
20150206 3 3 4 5 0 0
20150206 4 6 4 1 0 0
20150206 5 7 4 3 0 0
20150206 6 9 4 1 6 4
20150206 7 1 2 3 1 2
20150206 8 2 3 8 2 3
20150206 9 3 2 9 3 2
20150206 10 5 3 9 4 3
20150216 1 1 2 3 0 0
20150216 2 4 7 2 0 0
20150216 3 7 5 2 0 0
20150216 4 1 6 7 0 0
20150216 5 5 2 3 0 0
20150216 6 7 5 9 5 4
20150216 7 7 5 1 5 4
20150216 8 5 2 8 4 2
20150216 9 6 5 1 5 4
20150216 10 3 5 2 3 4
20150217 1 1 5 2 0 0
20150217 2 4 2 1 0 0
20150217 3 5 6 3 0 0
20150217 4 5 3 4 0 0
20150217 5 7 1 2 0 0
20150217 6 9 1 4 6 1
20150217 7 7 3 9 5 3
20150217 8 9 1 7 6 1
20150217 9 3 4 1 3 4
20150217 10 5 3 8 4 3
20150218 1 3 4 2 0 0
20150218 2 3 7 4 0 0
20150218 3 2 5 1 0 0
20150218 4 1 4 3 0 0
20150218 5 4 3 7 0 0
20150218 6 8 5 9 6 4
20150218 7 9 6 2 6 5
20150218 8 6 4 3 5 4
20150218 9 5 2 3 4 2
20150218 10 9 3 7 6 3
20150314 1 1 5 3 0 0
20150314 2 5 1 2 0 0
20150314 3 1 3 5 0 0
20150314 4 4 2 1 0 0
20150314 5 2 5 4 0 0
20150314 6 5 7 2 4 5
20150314 7 2 5 7 2 4
20150314 8 3 5 2 3 4
20150314 9 2 1 4 2 1
20150314 10 1 5 2 1 4
20150315 1 3 5 7 0 0
20150315 2 2 4 5 0 0
20150315 3 7 2 1 0 0
20150315 4 1 5 3 0 0
20150315 5 3 5 2 0 0
20150315 6 9 3 1 6 3
20150315 7 5 6 8 4 5
20150315 8 3 9 1 3 6
20150315 9 7 1 5 5 1
20150315 10 2 5 7 2 4
20150316 1 7 2 1 0 0
20150316 2 1 3 4 0 0
20150316 3 3 4 1 0 0
20150316 4 3 1 2 0 0
20150316 5 5 3 6 0 0
20150316 6 2 5 4 2 4
20150316 7 3 9 5 3 6
20150316 8 8 9 1 6 6
20150316 9 4 9 3 4 6
20150316 10 6 9 7 5 6
20150326 1 1 7 2 0 0
20150326 2 1 2 3 0 0
20150326 3 5 3 7 0 0
20150326 4 7 3 1 0 0
20150326 5 4 1 6 0 0
20150326 6 9 3 5 6 3
20150326 7 7 1 9 5 1
20150326 8 3 1 5 3 1
20150326 9 5 1 9 4 1
20150326 10 2 7 3 2 5
20150327 1 4 5 7 0 0
20150327 2 3 2 1 0 0
20150327 3 5 2 3 0 0
20150327 4 7 3 2 0 0
20150327 5 4 1 3 0 0
20150327 6 1 3 2 1 3
20150327 7 1 7 5 1 5
20150327 8 3 9 1 3 6
20150327 9 5 8 3 4 6
20150327 10 7 9 5 5 6
20150328 1 2 5 7 0 0
20150328 2 2 4 6 0 0
20150328 3 7 2 3 0 0
20150328 4 7 1 3 0 0
20150328 5 1 3 7 0 0
20150328 6 7 8 2 5 6
20150328 7 5 7 3 4 5
20150328 8 2 4 9 2 4
20150328 9 8 6 3 6 5
20150328 10 2 6 5 2 5
20150423 1 5 2 7 0 0
20150423 2 3 5 2 0 0
20150423 3 3 2 1 0 0
20150423 4 7 3 5 0 0
20150423 5 3 1 4 0 0
20150423 6 4 5 1 4 4
20150423 7 5 3 2 4 3
20150423 8 5 1 8 4 1
20150423 9 1 7 2 1 5
20150423 10 5 9 1 4 6
20150424 1 7 2 1 0 0
20150424 2 7 2 3 0 0
20150424 3 5 4 3 0 0
20150424 4 3 1 5 0 0
20150424 5 3 5 4 0 0
20150424 6 4 2 1 4 2
20150424 7 3 7 4 3 5
20150424 8 4 1 5 4 1
20150424 9 3 7 9 3 5
20150424 10 1 4 7 1 4
20150425 1 4 1 2 0 0
20150425 2 1 7 4 0 0
20150425 3 5 6 3 0 0
20150425 4 5 3 2 0 0
20150425 5 5 3 2 0 0
20150425 6 5 7 8 4 5
20150425 7 4 3 5 4 3
20150425 8 1 9 3 1 6
20150425 9 5 3 6 4 3
20150425 10 7 9 2 5 6
20150430 1 3 5 9 3 4
20150430 2 3 8 4 3 6
20150430 3 3 7 4 3 5
20150430 4 7 5 2 5 4
20150430 5 9 1 5 6 1
20150430 6 2 8 4 2 6
20150430 7 2 1 6 2 1
20150430 8 4 2 3 4 2
20150430 9 8 5 2 6 4
20150430 10 1 5 4 1 4
20150430 11 2 7 9 2 5
20150501 1 5 7 3 4 5
20150501 2 9 1 6 6 1
20150501 3 2 9 1 2 6
20150501 4 9 8 6 6 6
20150501 5 9 3 5 6 3
20150501 6 7 3 1 5 3
20150501 7 9 1 5 6 1
20150501 8 5 1 2 4 1
20150501 9 9 2 1 6 2
20150501 10 2 7 4 2 5
20150501 11 1 8 7 1 6
20150502 1 7 3 1 5 3
20150502 2 2 7 1 2 5
20150502 3 1 8 3 1 6
20150502 4 7 5 9 5 4
20150502 5 1 9 3 1 6
20150502 6 2 8 5 2 6
20150502 7 3 6 2 3 5
20150502 8 8 2 6 6 2
20150502 9 1 7 9 1 5
20150502 10 5 3 2 4 3
20150502 11 5 7 4 4 5
20150518 1 7 1 8 5 1
20150518 2 6 2 3 5 2
20150518 3 2 5 1 2 4
20150518 4 2 1 5 2 1
20150518 5 5 1 2 4 1
20150518 6 7 4 1 5 4
20150518 7 5 1 9 4 1
20150518 8 3 5 1 3 4
20150518 9 1 2 5 1 2
20150518 10 2 7 5 2 5
20150518 11 1 3 7 1 3
20150519 1 5 1 9 4 1
20150519 2 5 2 7 4 2
20150519 3 2 6 4 2 5
20150519 4 7 1 6 5 1
20150519 5 9 1 8 6 1
20150519 6 1 5 4 1 4
20150519 7 9 8 5 6 6
20150519 8 2 7 8 2 5
20150519 9 1 5 3 1 4
20150519 10 5 2 9 4 2
20150519 11 4 3 5 4 3
20150520 1 5 9 7 4 6
20150520 2 9 5 3 6 4
20150520 3 7 3 4 5 3
20150520 4 1 5 7 1 4
20150520 5 9 8 3 6 6
20150520 6 7 6 3 5 5
20150520 7 2 7 6 2 5
20150520 8 3 1 6 3 1
20150520 9 1 7 8 1 5
20150520 10 2 7 3 2 5
20150520 11 2 5 1 2 4
20150613 1 7 1 3 0 0
20150613 2 5 7 6 0 0
20150613 3 4 6 7 0 0
20150613 4 7 2 4 0 0
20150613 5 1 2 3 0 0
20150613 6 2 9 4 2 6
20150613 7 4 5 1 4 4
20150613 8 9 4 8 6 4
20150613 9 7 2 1 5 2
20150613 10 7 3 9 5 3
20150614 1 1 4 2 0 0
20150614 2 4 2 6 0 0
20150614 3 2 3 5 0 0
20150614 4 2 1 7 0 0
20150614 5 5 2 4 0 0
20150614 6 3 8 5 3 6
20150614 7 5 6 3 4 5
20150614 8 3 1 2 3 1
20150614 9 2 1 3 2 1
20150614 10 2 1 4 2 1
20150615 1 4 2 3 0 0
20150615 2 7 2 5 0 0
20150615 3 5 6 3 0 0
20150615 4 4 3 2 0 0
20150615 5 5 6 2 0 0
20150615 6 7 1 3 6 1
20150615 7 9 2 6 6 2
20150615 8 6 3 8 5 3
20150615 9 4 9 8 4 6
20150615 10 6 3 5 5 3
