20120206 1 9 2 7 6 2
20120206 2 7 3 2 5 3
20120206 3 5 7 3 4 5
20120206 4 7 3 2 5 3
20120206 5 1 9 2 1 6
20120206 6 7 1 4 5 1
20120206 7 5 8 9 4 6
20120206 8 9 3 5 6 3
20120206 9 2 9 4 2 6
20120206 10 2 9 7 2 6
20120206 11 1 4 2 1 4
20120206 12 2 7 9 2 5
20120207 1 5 9 8 4 6
20120207 2 7 3 4 5 3
20120207 3 1 2 6 1 2
20120207 4 6 5 7 5 4
20120207 5 9 3 5 6 3
20120207 6 7 1 3 5 1
20120207 7 4 1 7 4 1
20120207 8 1 7 5 1 5
20120207 9 7 2 6 5 2
20120207 10 2 1 8 2 1
20120207 11 2 4 1 2 4
20120207 12 9 3 2 6 3
20120208 1 2 9 3 2 6
20120208 2 4 3 7 4 3
20120208 3 5 1 7 4 1
20120208 4 5 7 1 4 5
20120208 5 2 7 4 2 5
20120208 6 2 6 3 2 5
20120208 7 5 7 4 4 5
20120208 8 3 5 6 3 4
20120208 9 3 8 7 3 6
20120208 10 5 1 9 4 1
20120208 11 9 1 7 6 1
20120208 12 5 9 3 4 6
20120218 1 7 1 4 5 1
20120218 2 9 1 6 6 1
20120218 3 1 7 5 1 5
20120218 4 3 5 2 3 4
20120218 5 1 5 7 1 4
20120218 6 3 4 2 3 4
20120218 7 3 1 7 3 1
20120218 8 1 9 7 1 6
20120218 9 5 3 8 4 3
20120218 10 9 3 2 6 3
20120218 11 7 1 9 5 1
20120218 12 2 5 1 2 4
20120219 1 7 1 2 5 1
20120219 2 1 3 9 1 3
20120219 3 3 8 2 3 6
20120219 4 2 3 5 2 3
20120219 5 1 9 3 1 6
20120219 6 1 7 9 1 5
20120219 7 2 9 4 2 6
20120219 8 7 9 2 5 6
20120219 9 3 7 1 3 5
20120219 10 7 5 1 5 4
20120219 11 5 2 3 4 2
20120219 12 9 7 3 6 5
20120220 1 9 1 8 6 1
20120220 2 5 2 7 4 2
20120220 3 3 9 1 3 6
20120220 4 2 6 8 2 5
20120220 5 1 2 5 1 2
20120220 6 3 9 5 3 6
20120220 7 5 6 2 4 5
20120220 8 7 4 3 5 4
20120220 9 2 1 3 2 1
20120220 10 9 2 1 6 2
20120220 11 1 2 7 1 2
20120220 12 7 3 6 5 3
20120305 1 7 5 3 5 4
20120305 2 9 1 3 6 1
20120305 3 5 1 8 4 1
20120305 4 7 3 5 5 3
20120305 5 7 2 1 5 2
20120305 6 2 4 8 2 4
20120305 7 9 3 8 6 3
20120305 8 3 9 2 3 6
20120305 9 1 5 7 1 4
20120305 10 8 9 5 6 6
20120305 11 5 1 7 4 1
20120305 12 3 5 8 3 4
20120306 1 1 7 3 1 5
20120306 2 9 4 6 6 4
20120306 3 4 3 1 4 3
20120306 4 7 9 1 5 6
20120306 5 1 6 4 1 5
20120306 6 5 2 1 4 2
20120306 7 1 5 7 1 4
20120306 8 4 5 9 4 4
20120306 9 5 6 2 4 5
20120306 10 2 7 9 2 5
20120306 11 6 3 2 5 3
20120306 12 2 8 6 2 6
20120307 1 1 9 7 1 6
20120307 2 9 2 4 6 2
20120307 3 2 1 5 2 1
20120307 4 7 1 5 5 1
20120307 5 5 7 9 4 5
20120307 6 2 7 9 2 5
20120307 7 3 7 2 3 5
20120307 8 7 1 8 5 1
20120307 9 1 5 7 1 4
20120307 10 9 5 3 6 4
20120307 11 7 1 8 5 1
20120307 12 2 5 8 2 4
20120317 1 5 4 2 0 0
20120317 2 4 5 1 0 0
20120317 3 2 1 7 0 0
20120317 4 1 2 7 0 0
20120317 5 3 1 5 0 0
20120317 6 3 1 7 3 1
20120317 7 7 1 2 5 1
20120317 8 2 5 4 2 4
20120317 9 9 2 1 6 2
20120317 10 5 1 9 4 1
20120317 11 1 4 6 1 4
20120318 1 1 4 2 0 0
20120318 2 4 5 2 0 0
20120318 3 7 3 5 0 0
20120318 4 2 6 4 0 0
20120318 5 5 1 2 0 0
20120318 6 5 9 1 4 6
20120318 7 7 9 5 5 6
20120318 8 5 8 2 4 6
20120318 9 9 3 2 6 3
20120318 10 9 2 1 6 2
20120318 11 7 3 1 5 3
20120319 1 7 2 5 0 0
20120319 2 2 7 5 0 0
20120319 3 5 2 6 0 0
20120319 4 1 4 6 0 0
20120319 5 2 4 1 0 0
20120319 6 5 2 9 4 2
20120319 7 2 5 3 2 4
20120319 8 5 2 4 4 2
20120319 9 9 7 5 6 5
20120319 10 2 4 9 2 4
20120319 11 3 7 2 3 5
20120403 1 4 3 7 0 0
20120403 2 1 5 7 0 0
20120403 3 5 2 4 0 0
20120403 4 3 4 7 0 0
20120403 5 1 4 5 0 0
20120403 6 2 1 3 2 1
20120403 7 4 1 2 4 1
20120403 8 5 2 1 4 2
20120403 9 3 8 5 3 6
20120403 10 3 5 1 3 4
20120403 11 5 8 7 4 6
20120404 1 7 4 3 0 0
20120404 2 4 5 1 0 0
20120404 3 7 4 1 0 0
20120404 4 1 2 7 0 0
20120404 5 5 3 1 0 0
20120404 6 1 4 2 1 4
20120404 7 1 7 5 1 5
20120404 8 1 5 9 1 4
20120404 9 3 1 7 3 1
20120404 10 9 1 7 6 1
20120404 11 9 1 2 6 1
20120405 1 5 3 2 0 0
20120405 2 7 5 4 0 0
20120405 3 2 5 7 0 0
20120405 4 5 1 4 0 0
20120405 5 1 6 5 0 0
20120405 6 1 8 2 1 6
20120405 7 7 3 2 5 3
20120405 8 2 6 8 2 5
20120405 9 4 3 7 4 3
20120405 10 2 9 4 2 6
20120405 11 9 2 5 6 2
20120509 1 9 5 3 6 4
20120509 2 1 7 4 1 5
20120509 3 5 1 2 4 1
20120509 4 5 7 3 4 5
20120509 5 2 5 1 2 4
20120509 6 4 5 3 4 4
20120509 7 2 3 8 2 3
20120509 8 5 7 9 4 5
20120509 9 3 1 9 3 1
20120509 10 9 3 1 6 3
20120509 11 7 2 1 5 2
20120509 12 9 7 8 6 5
20120510 1 1 5 4 1 4
20120510 2 1 5 9 1 4
20120510 3 5 3 4 4 3
20120510 4 9 1 3 6 1
20120510 5 9 2 5 6 2
20120510 6 2 5 1 2 4
20120510 7 1 7 4 1 5
20120510 8 5 2 1 4 2
20120510 9 1 3 7 1 3
20120510 10 5 1 3 4 1
20120510 11 3 2 1 3 2
20120510 12 5 1 7 4 1
20120511 1 9 7 3 6 5
20120511 2 5 9 3 4 6
20120511 3 1 9 8 1 6
20120511 4 8 7 2 6 5
20120511 5 8 1 4 6 1
20120511 6 6 2 9 5 2
20120511 7 7 1 5 5 1
20120511 8 1 8 5 1 6
20120511 9 5 2 9 4 2
20120511 10 1 5 4 1 4
20120511 11 2 9 5 2 6
20120511 12 7 9 8 5 6
20120604 1 6 2 9 5 2
20120604 2 2 3 4 2 3
20120604 3 9 4 7 6 4
20120604 4 9 6 1 6 5
20120604 5 7 8 2 5 6
20120604 6 7 1 4 5 1
20120604 7 3 9 7 3 6
20120604 8 9 5 1 6 4
20120604 9 3 9 7 3 6
20120604 10 5 3 8 4 3
20120604 11 9 5 2 6 4
20120604 12 1 2 9 1 2
20120605 1 2 7 1 2 5
20120605 2 8 3 2 6 3
20120605 3 1 2 3 1 2
20120605 4 5 6 4 4 5
20120605 5 9 3 4 6 3
20120605 6 2 4 5 2 4
20120605 7 3 5 9 3 4
20120605 8 5 1 9 4 1
20120605 9 7 6 3 5 5
20120605 10 8 7 2 6 5
20120605 11 7 1 4 5 1
20120605 12 9 2 5 6 2
20120606 1 3 7 9 3 5
20120606 2 9 2 4 6 2
20120606 3 5 3 7 4 3
20120606 4 2 5 6 2 4
20120606 5 7 9 4 5 6
20120606 6 5 7 3 4 5
20120606 7 4 3 2 4 3
20120606 8 2 1 5 2 1
20120606 9 3 7 9 3 5
20120606 10 8 2 9 6 2
20120606 11 5 7 2 4 5
20120606 12 5 8 1 4 6
20120611 1 7 3 2 5 3
20120611 2 2 5 1 2 4
20120611 3 9 5 2 6 4
20120611 4 5 3 6 4 3
20120611 5 3 7 9 3 5
20120611 6 7 8 2 5 6
20120611 7 5 3 1 4 3
20120611 8 1 7 2 1 5
20120611 9 3 6 7 3 5
20120611 10 2 6 4 2 5
20120611 11 2 7 9 2 5
20120611 12 3 7 5 3 5
20120612 1 2 9 5 2 6
20120612 2 9 1 6 6 1
20120612 3 1 9 4 1 6
20120612 4 3 8 5 3 6
20120612 5 1 7 5 1 5
20120612 6 1 5 3 1 4
20120612 7 2 7 4 2 6
20120612 8 3 2 5 3 2
20120612 9 3 9 6 3 6
20120612 10 6 7 4 5 5
20120612 11 2 7 1 2 5
20120612 12 9 1 7 6 1
20120613 1 3 9 5 3 6
20120613 2 1 2 8 1 2
20120613 3 4 3 2 4 3
20120613 4 2 1 9 2 1
20120613 5 9 3 4 6 3
20120613 6 3 1 5 3 1
20120613 7 3 5 7 3 4
20120613 8 3 6 1 3 5
20120613 9 7 5 2 5 4
20120613 10 6 1 9 5 1
20120613 11 7 1 8 5 1
20120613 12 1 5 3 1 4
20120618 1 2 4 3 0 0
20120618 2 7 4 1 0 0
20120618 3 1 3 5 0 0
20120618 4 5 3 2 0 0
20120618 5 7 2 5 0 0
20120618 6 9 7 1 6 5
20120618 7 3 1 9 3 1
20120618 8 2 5 7 2 4
20120618 9 5 1 3 4 1
20120618 10 5 8 3 4 6
20120618 11 1 5 7 1 4
20120619 1 1 2 3 0 0
20120619 2 1 5 2 0 0
20120619 3 4 1 2 0 0
20120619 4 3 5 7 0 0
20120619 5 4 1 7 0 0
20120619 6 8 1 5 6 1
20120619 7 2 7 6 2 5
20120619 8 2 6 5 2 5
20120619 9 9 4 3 6 4
20120619 10 9 2 5 6 2
20120619 11 1 2 9 1 2
20120620 1 4 1 3 0 0
20120620 2 4 1 3 0 0
20120620 3 2 1 3 0 0
20120620 4 7 2 4 0 0
20120620 5 2 1 7 0 0
20120620 6 5 3 7 4 3
20120620 7 5 2 3 4 2
20120620 8 3 5 4 3 4
20120620 9 2 3 9 2 3
20120620 10 3 1 5 3 1
20120620 11 3 4 5 3 4
20120720 1 5 4 2 0 0
20120720 2 2 4 1 0 0
20120720 3 1 4 3 0 0
20120720 4 2 7 1 0 0
20120720 5 3 5 4 0 0
20120720 6 2 5 3 2 4
20120720 7 3 4 9 3 4
20120720 8 5 2 7 4 2
20120720 9 5 3 8 4 3
20120720 10 4 2 1 4 2
20120720 11 2 9 5 2 6
20120721 1 4 1 2 0 0
20120721 2 7 2 3 0 0
20120721 3 3 1 2 0 0
20120721 4 4 5 2 0 0
20120721 5 4 3 7 0 0
20120721 6 7 2 1 5 2
20120721 7 1 5 7 1 4
20120721 8 7 1 8 5 1
20120721 9 3 7 5 3 5
20120721 10 7 2 9 5 2
20120721 11 9 7 3 6 5
20120722 1 2 6 1 0 0
20120722 2 5 2 4 0 0
20120722 3 7 2 6 0 0
20120722 4 3 1 2 0 0
20120722 5 5 7 1 0 0
20120722 6 2 8 9 2 6
20120722 7 7 3 1 5 3
20120722 8 9 2 1 6 2
20120722 9 5 9 7 4 6
20120722 10 9 1 3 6 1
20120722 11 3 5 2 3 4
20120829 1 2 5 4 0 0
20120829 2 7 1 3 0 0
20120829 3 3 5 1 0 0
20120829 4 5 1 7 0 0
20120829 5 4 3 6 0 0
20120829 6 2 7 6 2 5
20120829 7 3 5 9 3 4
20120829 8 2 3 7 2 3
20120829 9 1 9 3 1 6
20120829 10 5 8 1 4 6
20120829 11 3 7 1 3 5
20120830 1 5 6 2 0 0
20120830 2 7 5 4 0 0
20120830 3 4 1 7 0 0
20120830 4 2 3 4 0 0
20120830 5 3 5 4 0 0
20120830 6 5 4 7 4 4
20120830 7 3 1 6 3 1
20120830 8 5 3 6 4 3
20120830 9 7 2 5 5 2
20120830 10 2 1 9 2 1
20120830 11 1 7 5 1 5
20120831 1 3 5 6 0 0
20120831 2 2 1 6 0 0
20120831 3 7 3 4 0 0
20120831 4 4 2 7 0 0
20120831 5 4 3 1 0 0
20120831 6 9 1 7 6 1
20120831 7 1 3 7 1 3
20120831 8 2 8 4 2 6
20120831 9 3 9 4 3 6
20120831 10 2 7 3 2 5
20120831 11 5 4 2 4 4
20120906 1 9 3 2 6 3
20120906 2 7 5 2 5 4
20120906 3 7 5 4 5 4
20120906 4 9 3 1 6 3
20120906 5 2 4 1 2 4
20120906 6 4 1 2 4 1
20120906 7 7 3 2 5 3
20120906 8 5 1 4 4 1
20120906 9 1 9 3 1 6
20120906 10 7 4 2 5 4
20120906 11 9 4 2 6 4
20120907 1 5 9 3 4 6
20120907 2 9 3 5 6 3
20120907 3 2 3 5 2 3
20120907 4 3 7 1 3 5
20120907 5 9 7 1 6 5
20120907 6 7 4 8 5 4
20120907 7 3 5 8 3 4
20120907 8 4 9 6 4 6
20120907 9 3 5 8 3 4
20120907 10 3 8 2 3 6
20120907 11 3 7 6 3 5
20120908 1 5 2 3 4 2
20120908 2 8 4 9 6 4
20120908 3 2 5 6 2 4
20120908 4 7 9 3 5 6
20120908 5 5 6 1 4 5
20120908 6 1 6 2 1 5
20120908 7 4 3 9 4 3
20120908 8 2 1 9 2 1
20120908 9 9 7 2 6 5
20120908 10 5 2 9 4 2
20120908 11 9 5 2 6 4
20121017 1 3 2 1 3 2
20121017 2 9 7 1 6 5
20121017 3 2 7 9 2 5
20121017 4 1 7 9 1 5
20121017 5 5 3 4 4 3
20121017 6 2 7 1 2 5
20121017 7 9 2 4 6 2
20121017 8 7 3 5 5 3
20121017 9 2 7 5 2 5
20121017 10 5 3 1 4 3
20121017 11 1 4 8 1 4
20121018 1 9 3 2 6 3
20121018 2 9 6 2 6 5
20121018 3 2 3 8 2 3
20121018 4 7 4 8 5 4
20121018 5 2 8 7 2 6
20121018 6 7 1 2 5 1
20121018 7 1 5 9 1 4
20121018 8 2 5 9 2 4
20121018 9 1 7 9 1 5
20121018 10 1 3 4 1 3
20121018 11 2 1 9 2 1
20121019 1 1 2 5 1 2
20121019 2 2 7 3 2 5
20121019 3 9 3 5 6 3
20121019 4 7 1 2 5 1
20121019 5 3 5 9 3 4
20121019 6 2 1 9 2 1
20121019 7 5 1 6 4 1
20121019 8 1 8 3 1 6
20121019 9 6 1 5 5 1
20121019 10 7 3 9 5 3
20121019 11 9 5 7 6 4
20121022 1 2 5 7 0 0
20121022 2 3 2 5 0 0
20121022 3 1 4 5 0 0
20121022 4 2 5 4 0 0
20121022 5 4 1 7 0 0
20121022 6 3 2 7 3 2
20121022 7 1 9 7 1 6
20121022 8 1 9 4 1 6
20121022 9 1 7 5 1 5
20121022 10 5 9 3 4 6
20121022 11 2 3 5 2 3
20121023 1 1 4 7 0 0
20121023 2 4 3 5 0 0
20121023 3 1 4 5 0 0
20121023 4 2 7 1 0 0
20121023 5 5 1 4 0 0
20121023 6 1 5 8 1 4
20121023 7 5 7 1 4 5
20121023 8 2 4 5 2 4
20121023 9 9 2 1 6 2
20121023 10 2 1 3 2 1
20121023 11 5 9 4 4 6
20121024 1 3 5 7 0 0
20121024 2 7 5 1 0 0
20121024 3 3 4 1 0 0
20121024 4 4 1 3 0 0
20121024 5 3 7 6 0 0
20121024 6 5 9 3 4 6
20121024 7 4 9 2 4 6
20121024 8 5 1 3 4 1
20121024 9 9 3 2 6 3
20121024 10 7 5 3 5 4
20121024 11 3 7 2 3 5
20121101 1 7 4 2 5 4
20121101 2 3 5 2 3 4
20121101 3 3 7 5 3 5
20121101 4 5 9 1 4 6
20121101 5 5 9 3 4 6
20121101 6 2 7 8 2 5
20121101 7 1 2 8 1 2
20121101 8 6 1 2 5 1
20121101 9 9 3 5 6 3
20121101 10 2 5 8 2 4
20121101 11 3 9 4 3 6
20121102 1 3 8 1 3 6
20121102 2 7 2 5 5 2
20121102 3 7 5 9 5 4
20121102 4 7 1 4 5 1
20121102 5 5 9 2 4 6
20121102 6 1 9 3 1 6
20121102 7 1 2 6 1 2
20121102 8 1 3 7 1 3
20121102 9 7 3 2 5 3
20121102 10 7 5 3 5 4
20121102 11 9 1 6 6 1
20121103 1 2 4 8 2 4
20121103 2 1 5 7 1 4
20121103 3 9 3 7 6 3
20121103 4 3 5 7 3 4
20121103 5 9 1 7 6 1
20121103 6 3 1 2 3 1
20121103 7 5 2 8 4 2
20121103 8 1 9 7 1 6
20121103 9 2 8 5 2 6
20121103 10 3 5 7 3 4
20121103 11 5 3 8 4 3
20121104 1 1 7 6 1 6
20121104 2 5 3 2 5 3
20121104 3 6 2 3 5 2
20121104 4 7 1 9 5 1
20121104 5 3 9 4 3 6
20121104 6 9 1 5 6 1
20121104 7 1 2 7 1 2
20121104 8 5 9 8 4 6
20121104 9 5 7 2 4 5
20121104 10 9 2 1 6 2
20121104 11 1 7 6 1 5
20121109 1 2 4 7 0 0
20121109 2 4 7 3 0 0
20121109 3 1 4 3 0 0
20121109 4 2 3 4 0 0
20121109 5 1 3 4 0 0
20121109 6 7 4 5 5 4
20121109 7 7 1 5 5 1
20121109 8 1 2 9 1 2
20121109 9 1 5 9 1 4
20121109 10 1 3 9 1 3
20121109 11 1 8 3 1 6
20121110 1 2 3 6 0 0
20121110 2 1 5 7 0 0
20121110 3 7 3 5 0 0
20121110 4 4 5 7 0 0
20121110 5 1 4 2 0 0
20121110 6 5 3 2 4 3
20121110 7 5 1 2 4 1
20121110 8 2 1 7 2 1
20121110 9 3 7 2 3 5
20121110 10 9 2 1 6 2
20121110 11 7 1 3 5 1
20121111 1 5 7 1 0 0
20121111 2 3 2 1 0 0
20121111 3 4 3 2 0 0
20121111 4 4 2 7 0 0
20121111 5 3 6 7 0 0
20121111 6 9 3 7 6 3
20121111 7 8 1 2 6 1
20121111 8 9 7 6 6 5
20121111 9 9 1 3 6 1
20121111 10 9 3 5 6 3
20121111 11 2 3 5 2 3
20121203 1 1 7 2 0 0
20121203 2 5 2 1 0 0
20121203 3 5 7 1 0 0
20121203 4 3 7 4 0 0
20121203 5 1 4 7 0 0
20121203 6 5 2 7 4 2
20121203 7 5 9 1 4 6
20121203 8 2 7 3 2 5
20121203 9 9 7 3 6 5
20121203 10 1 5 6 1 4
20121203 11 9 1 4 6 1
20121204 1 1 4 7 0 0
20121204 2 1 3 7 0 0
20121204 3 7 3 1 0 0
20121204 4 7 2 6 0 0
20121204 5 4 1 3 0 0
20121204 6 4 2 7 4 2
20121204 7 5 7 1 4 5
20121204 8 2 7 9 2 5
20121204 9 7 2 4 5 2
20121204 10 3 5 7 3 4
20121204 11 1 7 5 1 5
20121205 1 5 1 4 0 0
20121205 2 2 1 5 0 0
20121205 3 4 1 5 0 0
20121205 4 3 1 7 0 0
20121205 5 1 3 5 0 0
20121205 6 5 2 9 4 2
20121205 7 1 7 4 1 5
20121205 8 7 3 2 5 3
20121205 9 9 7 3 6 5
20121205 10 5 9 7 4 6
20121205 11 1 3 5 1 3
20130104 1 3 5 6 0 0
20130104 2 3 1 6 0 0
20130104 3 2 3 4 0 0
20130104 4 5 4 1 0 0
20130104 5 4 1 3 0 0
20130104 6 1 9 3 1 6
20130104 7 2 3 9 2 3
20130104 8 3 5 2 3 4
20130104 9 3 7 2 3 5
20130104 10 7 2 5 5 2
20130104 11 2 7 9 2 5
20130105 1 1 2 6 0 0
20130105 2 4 7 2 0 0
20130105 3 5 4 1 0 0
20130105 4 3 1 4 0 0
20130105 5 1 3 7 0 0
20130105 6 7 1 4 5 1
20130105 7 7 5 2 5 4
20130105 8 1 9 7 1 6
20130105 9 9 7 2 6 5
20130105 10 9 3 5 6 3
20130105 11 2 5 7 2 4
20130106 1 5 3 1 0 0
20130106 2 5 3 4 0 0
20130106 3 3 4 1 0 0
20130106 4 1 4 7 0 0
20130106 5 2 4 6 0 0
20130106 6 8 4 3 6 4
20130106 7 5 1 3 4 1
20130106 8 2 4 9 2 4
20130106 9 9 2 6 6 2
20130106 10 5 1 3 4 1
20130106 11 2 5 9 2 4
20130128 1 7 3 5 0 0
20130128 2 4 5 2 0 0
20130128 3 1 3 4 0 0
20130128 4 3 1 4 0 0
20130128 5 5 1 4 0 0
20130128 6 7 5 1 5 4
20130128 7 2 5 1 2 4
20130128 8 5 1 8 4 1
20130128 9 2 7 4 2 5
20130128 10 2 9 6 2 6
20130128 11 9 3 2 6 3
20130129 1 2 4 1 0 0
20130129 2 5 3 1 0 0
20130129 3 1 2 7 0 0
20130129 4 4 7 3 0 0
20130129 5 2 4 7 0 0
20130129 6 6 1 9 5 1
20130129 7 8 1 7 6 1
20130129 8 5 7 4 4 5
20130129 9 4 8 9 4 6
20130129 10 7 9 1 5 6
20130129 11 1 7 5 1 5
20130130 1 7 4 3 0 0
20130130 2 1 3 6 0 0
20130130 3 4 1 2 0 0
20130130 4 3 1 4 0 0
20130130 5 2 1 6 0 0
20130130 6 2 7 5 2 5
20130130 7 2 1 7 2 1
20130130 8 2 6 3 2 5
20130130 9 2 9 6 2 6
20130130 10 9 2 3 6 2
20130130 11 7 2 5 5 2
20130212 1 9 2 5 6 2
20130212 2 9 1 8 6 1
20130212 3 7 1 4 5 1
20130212 4 2 7 8 2 5
20130212 5 1 3 5 1 3
20130212 6 7 1 5 5 1
20130212 7 9 1 4 6 1
20130212 8 2 1 7 2 1
20130212 9 1 5 2 1 4
20130212 10 3 5 7 3 4
20130212 11 4 1 2 4 1
20130213 1 4 1 8 4 1
20130213 2 5 7 2 4 5
20130213 3 9 3 6 6 3
20130213 4 7 1 2 5 1
20130213 5 4 2 5 4 2
20130213 6 4 1 5 4 1
20130213 7 5 3 2 4 3
20130213 8 9 3 1 6 3
20130213 9 5 1 3 4 1
20130213 10 7 3 9 5 3
20130213 11 5 2 9 4 2
20130214 1 1 3 2 1 3
20130214 2 8 3 7 6 3
20130214 3 1 2 9 1 2
20130214 4 9 3 4 6 3
20130214 5 2 5 9 2 4
20130214 6 5 3 1 5 3
20130214 7 4 6 5 4 5
20130214 8 2 8 3 2 6
20130214 9 1 7 5 1 5
20130214 10 1 8 6 1 6
20130214 11 2 8 5 2 6
20130222 1 4 3 7 0 0
20130222 2 7 4 6 0 0
20130222 3 2 4 3 0 0
20130222 4 3 1 7 0 0
20130222 5 5 7 2 0 0
20130222 6 8 1 4 6 1
20130222 7 4 9 3 4 6
20130222 8 5 1 7 4 1
20130222 9 5 1 4 4 1
20130222 10 7 1 5 5 1
20130222 11 7 1 4 5 1
20130223 1 3 5 7 0 0
20130223 2 3 5 7 0 0
20130223 3 4 3 1 0 0
20130223 4 7 5 4 0 0
20130223 5 5 1 2 0 0
20130223 6 5 7 8 4 5
20130223 7 3 1 4 3 1
20130223 8 6 1 9 5 1
20130223 9 3 1 5 3 1
20130223 10 3 6 7 3 5
20130223 11 7 3 9 5 3
20130224 1 2 4 3 0 0
20130224 2 3 2 4 0 0
20130224 3 7 5 4 0 0
20130224 4 5 4 2 0 0
20130224 5 6 3 5 0 0
20130224 6 4 5 8 4 4
20130224 7 1 5 3 1 4
20130224 8 3 2 7 3 2
20130224 9 2 7 3 2 5
20130224 10 7 1 8 5 1
20130224 11 2 9 3 2 6
20130301 1 1 4 3 0 0
20130301 2 2 1 4 0 0
20130301 3 3 2 4 0 0
20130301 4 1 5 7 0 0
20130301 5 1 7 2 0 0
20130301 6 9 7 1 6 5
20130301 7 7 1 3 5 1
20130301 8 2 1 4 2 1
20130301 9 5 2 3 4 2
20130301 10 7 2 1 5 2
20130301 11 1 8 9 1 6
20130302 1 5 4 3 0 0
20130302 2 7 4 1 0 0
20130302 3 3 4 7 0 0
20130302 4 2 7 5 0 0
20130302 5 5 2 6 0 0
20130302 6 7 9 5 5 6
20130302 7 7 9 4 5 6
20130302 8 2 1 5 2 1
20130302 9 1 2 7 1 2
20130302 10 2 9 7 2 6
20130302 11 7 5 8 5 4
20130303 1 3 5 2 0 0
20130303 2 3 7 4 0 0
20130303 3 2 4 1 0 0
20130303 4 4 7 3 0 0
20130303 5 1 4 5 0 0
20130303 6 8 2 5 6 2
20130303 7 7 9 1 5 6
20130303 8 7 8 2 5 6
20130303 9 5 2 7 4 2
20130303 10 7 2 3 5 2
20130303 11 9 4 3 6 4
20130315 1 7 5 2 5 4
20130315 2 1 4 9 1 4
20130315 3 1 7 2 1 5
20130315 4 7 1 3 5 1
20130315 5 5 7 4 4 5
20130315 6 3 4 6 3 4
20130315 7 3 9 1 3 6
20130315 8 5 1 3 4 1
20130315 9 6 7 1 5 5
20130315 10 1 5 2 1 4
20130315 11 4 1 9 4 1
20130316 1 7 6 3 5 5
20130316 2 9 1 3 6 1
20130316 3 1 3 7 1 3
20130316 4 5 2 1 4 2
20130316 5 1 5 9 1 4
20130316 6 7 6 1 5 5
20130316 7 7 6 9 5 5
20130316 8 7 4 6 5 4
20130316 9 7 5 9 5 4
20130316 10 2 4 5 2 4
20130316 11 7 1 4 5 1
20130317 1 9 5 8 6 4
20130317 2 9 4 5 6 4
20130317 3 2 7 9 2 5
20130317 4 2 7 3 2 5
20130317 5 1 7 2 1 5
20130317 6 8 1 3 6 1
20130317 7 7 9 5 5 6
20130317 8 5 8 6 4 6
20130317 9 3 7 4 3 5
20130317 10 1 2 4 1 2
20130317 11 1 5 8 1 4
20130414 1 5 2 1 0 0
20130414 2 1 3 7 0 0
20130414 3 4 1 5 0 0
20130414 4 3 2 6 0 0
20130414 5 2 7 1 0 0
20130414 6 9 1 5 6 1
20130414 7 1 7 9 1 5
20130414 8 5 2 7 4 2
20130414 9 5 4 3 4 4
20130414 10 2 7 9 2 5
20130415 1 2 3 5 0 0
20130415 2 2 4 1 0 0
20130415 3 3 4 2 0 0
20130415 4 2 7 5 0 0
20130415 5 7 3 1 0 0
20130415 6 9 1 8 6 1
20130415 7 1 8 5 1 6
20130415 8 5 3 4 4 3
20130415 9 3 5 4 3 4
20130415 10 5 9 2 4 6
20130416 1 4 1 6 0 0
20130416 2 7 1 6 0 0
20130416 3 1 7 4 0 0
20130416 4 1 5 3 0 0
20130416 5 3 6 7 0 0
20130416 6 5 7 6 4 5
20130416 7 5 3 1 4 3
20130416 8 3 2 6 3 2
20130416 9 3 1 5 3 1
20130416 10 6 2 7 5 2
20130507 1 1 5 7 1 4
20130507 2 3 2 9 3 2
20130507 3 1 7 3 1 5
20130507 4 7 9 3 5 6
20130507 5 1 2 5 1 2
20130507 6 9 2 3 6 2
20130507 7 7 9 8 5 6
20130507 8 3 5 9 3 4
20130507 9 7 5 4 5 4
20130507 10 5 1 4 4 1
20130507 11 1 6 9 1 5
20130508 1 2 5 4 2 4
20130508 2 8 3 7 6 3
20130508 3 5 2 6 4 2
20130508 4 1 9 7 1 6
20130508 5 9 6 5 6 5
20130508 6 2 7 8 2 5
20130508 7 7 9 3 5 6
20130508 8 5 4 7 4 4
20130508 9 2 3 4 2 3
20130508 10 3 5 2 3 4
20130508 11 7 1 3 5 1
20130509 1 3 2 9 3 2
20130509 2 7 3 2 5 3
20130509 3 7 8 2 5 6
20130509 4 1 8 2 1 6
20130509 5 9 5 2 6 4
20130509 6 7 2 5 5 2
20130509 7 7 3 9 5 3
20130509 8 9 5 3 6 4
20130509 9 7 1 2 5 1
20130509 10 3 2 4 3 2
20130509 11 5 7 2 4 5
20130515 1 7 5 2 5 4
20130515 2 2 5 1 2 4
20130515 3 1 5 7 1 4
20130515 4 5 2 1 4 2
20130515 5 1 2 9 1 2
20130515 6 5 1 2 4 1
20130515 7 2 7 5 2 5
20130515 8 9 5 1 6 4
20130515 9 9 5 2 6 4
20130515 10 9 7 2 6 5
20130515 11 1 7 5 1 5
20130516 1 5 3 8 4 3
20130516 2 5 9 8 4 6
20130516 3 2 7 5 2 5
20130516 4 5 7 1 4 5
20130516 5 9 3 7 6 3
20130516 6 7 9 5 5 6
20130516 7 2 4 5 2 4
20130516 8 5 9 2 4 6
20130516 9 5 6 2 4 5
20130516 10 2 1 3 2 1
20130516 11 7 1 9 5 1
20130517 1 2 4 3 2 4
20130517 2 8 1 3 6 1
20130517 3 1 2 7 1 2
20130517 4 2 5 7 2 4
20130517 5 1 2 5 1 2
20130517 6 1 6 3 1 5
20130517 7 3 5 9 3 4
20130517 8 2 7 9 2 5
20130517 9 8 4 1 6 4
20130517 10 3 4 2 3 4
20130517 11 1 8 2 1 6
20130604 1 3 4 1 0 0
20130604 2 2 1 6 0 0
20130604 3 3 7 2 0 0
20130604 4 2 3 7 0 0
20130604 5 2 6 1 0 0
20130604 6 1 9 6 1 6
20130604 7 7 3 5 5 3
20130604 8 1 5 3 1 4
20130604 9 5 1 6 4 1
20130604 10 3 7 9 3 5
20130605 1 5 7 1 0 0
20130605 2 1 7 5 0 0
20130605 3 4 7 2 0 0
20130605 4 2 5 3 0 0
20130605 5 3 2 4 0 0
20130605 6 7 5 1 5 4
20130605 7 1 9 3 1 6
20130605 8 7 5 9 5 4
20130605 9 7 5 3 5 4
20130605 10 5 7 2 4 5
20130606 1 2 3 4 0 0
20130606 2 2 4 3 0 0
20130606 3 1 2 6 0 0
20130606 4 3 4 6 0 0
20130606 5 2 3 1 0 0
20130606 6 4 3 2 0 0
20130606 7 2 7 5 2 6
20130606 8 1 3 9 1 3
20130606 9 1 5 9 1 4
20130606 10 4 8 5 4 6
20130617 1 9 2 3 6 2
20130617 2 5 1 6 4 1
20130617 3 9 7 1 6 5
20130617 4 3 1 5 3 1
20130617 5 5 2 3 4 2
20130617 6 5 1 2 4 1
20130617 7 5 7 9 4 5
20130617 8 6 2 5 5 2
20130617 9 9 2 5 6 2
20130617 10 3 2 9 3 2
20130617 11 7 4 9 5 4
20130618 1 9 1 5 6 1
20130618 2 3 7 4 3 5
20130618 3 4 1 7 4 1
20130618 4 4 9 3 4 6
20130618 5 2 7 3 2 5
20130618 6 2 7 9 2 5
20130618 7 6 5 2 5 5
20130618 8 1 2 6 1 2
20130618 9 5 9 3 4 6
20130618 10 7 1 5 5 1
20130618 11 7 3 8 5 3
20130619 1 3 5 9 3 4
20130619 2 3 5 1 3 4
20130619 3 2 5 8 2 4
20130619 4 9 2 3 6 2
20130619 5 5 8 7 4 6
20130619 6 3 7 5 3 6
20130619 7 2 7 6 2 6
20130619 8 4 9 6 4 6
20130619 9 9 4 5 6 4
20130619 10 3 2 9 3 2
20130619 11 1 6 3 1 5
20130702 1 5 4 2 0 0
20130702 2 1 4 2 0 0
20130702 3 4 1 5 0 0
20130702 4 7 1 5 0 0
20130702 5 5 3 4 0 0
20130702 6 7 2 9 5 2
20130702 7 1 9 2 1 6
20130702 8 9 2 5 6 2
20130702 9 7 3 5 5 3
20130702 10 3 8 7 3 6
20130703 1 6 3 5 0 0
20130703 2 5 2 3 0 0
20130703 3 2 3 6 0 0
20130703 4 1 3 6 0 0
20130703 5 1 7 2 0 0
20130703 6 5 2 1 4 2
20130703 7 5 2 4 4 2
20130703 8 7 9 2 5 6
20130703 9 1 9 7 1 6
20130703 10 1 2 7 1 2
20130704 1 3 6 1 0 0
20130704 2 7 3 1 0 0
20130704 3 7 2 4 0 0
20130704 4 3 7 4 0 0
20130704 5 3 7 1 0 0
20130704 6 9 4 7 6 4
20130704 7 6 5 1 5 4
20130704 8 7 4 9 5 4
20130704 9 2 5 1 2 4
20130704 10 3 6 8 3 5
20130803 1 2 7 9 2 5
20130803 2 3 5 1 3 4
20130803 3 5 3 7 4 3
20130803 4 2 9 5 2 6
20130803 5 7 1 4 5 1
20130803 6 8 7 2 6 5
20130803 7 5 7 9 4 5
20130803 8 8 1 2 6 1
20130803 9 5 7 1 4 5
20130803 10 3 1 4 3 1
20130803 11 2 7 8 2 5
20130804 1 9 2 5 6 2
20130804 2 1 5 7 1 4
20130804 3 1 5 3 1 4
20130804 4 1 9 6 1 6
20130804 5 1 7 2 1 5
20130804 6 7 3 5 5 3
20130804 7 7 3 2 5 3
20130804 8 8 3 9 6 3
20130804 9 7 8 3 5 6
20130804 10 2 3 7 2 3
20130804 11 5 7 2 4 5
20130805 1 5 3 6 4 3
20130805 2 5 3 8 4 3
20130805 3 2 9 6 2 6
20130805 4 9 1 3 6 1
20130805 5 5 3 9 4 3
20130805 6 2 7 1 2 5
20130805 7 1 5 3 1 4
20130805 8 1 9 5 1 6
20130805 9 1 2 7 1 2
20130805 10 1 3 6 1 3
20130805 11 5 9 1 4 6
20130814 1 5 7 1 0 0
20130814 2 3 4 5 0 0
20130814 3 5 6 2 0 0
20130814 4 3 7 1 0 0
20130814 5 1 2 3 0 0
20130814 6 9 1 6 6 1
20130814 7 3 9 1 3 6
20130814 8 2 4 7 2 4
20130814 9 3 1 2 3 1
20130814 10 1 7 8 1 5
20130815 1 5 4 3 0 0
20130815 2 2 1 7 0 0
20130815 3 4 5 1 0 0
20130815 4 2 1 7 0 0
20130815 5 1 3 5 0 0
20130815 6 1 5 3 1 4
20130815 7 7 1 5 5 1
20130815 8 2 4 5 2 4
20130815 9 7 5 3 5 4
20130815 10 3 2 1 3 2
20130816 1 5 4 2 0 0
20130816 2 1 5 2 0 0
20130816 3 5 2 3 0 0
20130816 4 2 1 3 0 0
20130816 5 1 5 7 0 0
20130816 6 2 7 5 2 5
20130816 7 1 3 7 1 3
20130816 8 3 5 2 3 4
20130816 9 1 9 3 1 6
20130816 10 4 1 5 4 1
20130905 1 7 1 5 0 0
20130905 2 1 2 7 0 0
20130905 3 7 2 1 0 0
20130905 4 1 4 3 0 0
20130905 5 1 5 7 0 0
20130905 6 5 9 3 4 6
20130905 7 1 7 9 1 5
20130905 8 9 3 2 6 3
20130905 9 1 7 4 1 5
20130905 10 3 5 6 3 4
20130906 1 7 2 4 0 0
20130906 2 3 4 5 0 0
20130906 3 4 5 1 0 0
20130906 4 1 6 2 0 0
20130906 5 5 1 3 0 0
20130906 6 3 4 1 3 4
20130906 7 6 9 7 5 6
20130906 8 5 9 2 4 6
20130906 9 9 5 3 6 4
20130906 10 9 5 3 6 4
20130907 1 4 7 1 0 0
20130907 2 7 2 3 0 0
20130907 3 3 2 4 0 0
20130907 4 5 6 2 0 0
20130907 5 5 4 1 0 0
20130907 6 1 9 3 1 6
20130907 7 3 8 5 3 6
20130907 8 7 9 6 5 6
20130907 9 6 2 5 5 2
20130907 10 1 2 6 1 2
20131023 1 7 1 5 5 1
20131023 2 2 5 7 2 4
20131023 3 5 1 2 4 1
20131023 4 1 5 2 1 4
20131023 5 1 3 5 1 3
20131023 6 3 5 9 3 4
20131023 7 1 7 2 1 5
20131023 8 7 2 3 5 2
20131023 9 2 1 3 2 1
20131023 10 9 7 3 6 5
20131023 11 7 5 2 5 4
20131024 1 3 9 8 3 6
20131024 2 1 7 2 1 5
20131024 3 7 3 8 5 3
20131024 4 1 7 4 1 5
20131024 5 7 3 2 5 3
20131024 6 5 2 9 4 2
20131024 7 4 3 1 4 3
20131024 8 5 9 1 4 6
20131024 9 7 3 9 5 3
20131024 10 5 9 1 4 6
20131024 11 5 7 2 4 5
20131025 1 9 2 3 6 2
20131025 2 2 5 1 2 4
20131025 3 1 8 9 1 6
20131025 4 6 2 4 5 2
20131025 5 7 8 3 5 6
20131025 6 3 9 1 3 6
20131025 7 5 7 2 4 5
20131025 8 2 3 4 2 3
20131025 9 9 5 8 6 4
20131025 10 2 7 8 2 5
20131025 11 1 5 3 1 4
20131102 1 5 1 2 4 1
20131102 2 1 5 7 1 4
20131102 3 9 1 2 6 1
20131102 4 1 4 7 1 4
20131102 5 7 9 4 5 6
20131102 6 2 8 9 2 6
20131102 7 5 9 1 4 6
20131102 8 5 1 3 4 1
20131102 9 5 9 8 4 6
20131102 10 9 1 3 6 1
20131102 11 1 2 7 1 2
20131103 1 3 9 1 3 6
20131103 2 3 2 7 3 2
20131103 3 4 1 9 4 1
20131103 4 2 9 7 2 6
20131103 5 5 1 2 4 1
20131103 6 9 1 5 6 1
20131103 7 9 1 8 6 1
20131103 8 7 2 8 5 2
20131103 9 2 1 4 2 1
20131103 10 5 1 7 4 1
20131103 11 2 9 1 2 6
20131104 1 3 9 4 3 6
20131104 2 1 2 5 1 2
20131104 3 7 3 4 5 3
20131104 4 7 2 6 5 2
20131104 5 8 4 2 6 4
20131104 6 5 2 7 4 2
20131104 7 9 3 1 6 3
20131104 8 5 1 2 4 1
20131104 9 1 5 4 1 4
20131104 10 9 2 7 6 2
20131104 11 1 3 5 1 3
20131105 1 1 6 3 1 5
20131105 2 7 5 4 6 5
20131105 3 1 5 3 1 4
20131105 4 1 9 3 1 6
20131105 5 7 5 2 5 4
20131105 6 2 7 1 2 5
20131105 7 1 7 9 1 5
20131105 8 1 4 3 1 4
20131105 9 2 4 7 2 4
20131105 10 2 9 5 2 6
20131105 11 3 5 4 3 4
20131125 1 3 1 5 0 0
20131125 2 7 1 3 0 0
20131125 3 2 5 1 0 0
20131125 4 4 1 2 0 0
20131125 5 3 2 4 0 0
20131125 6 2 4 1 2 4
20131125 7 1 7 4 1 5
20131125 8 2 7 5 2 5
20131125 9 5 1 4 4 1
20131125 10 3 7 5 3 5
20131126 1 2 5 3 0 0
20131126 2 5 2 4 0 0
20131126 3 5 4 3 0 0
20131126 4 5 1 2 0 0
20131126 5 4 1 3 0 0
20131126 6 1 9 3 1 6
20131126 7 7 3 5 5 3
20131126 8 1 4 7 1 4
20131126 9 3 2 9 3 2
20131126 10 2 7 5 2 5
20131127 1 5 7 1 0 0
20131127 2 1 5 7 0 0
20131127 3 1 3 5 0 0
20131127 4 7 1 5 0 0
20131127 5 2 7 3 0 0
20131127 6 9 2 1 6 2
20131127 7 9 2 7 6 2
20131127 8 5 2 7 4 2
20131127 9 9 7 8 6 5
20131127 10 2 8 3 2 6
20131213 1 4 5 7 0 0
20131213 2 2 3 7 0 0
20131213 3 7 4 1 0 0
20131213 4 1 4 7 0 0
20131213 5 1 7 3 0 0
20131213 6 7 2 3 5 2
20131213 7 1 5 8 1 4
20131213 8 7 8 2 5 6
20131213 9 4 1 9 4 1
20131213 10 3 5 8 3 4
20131214 1 5 1 7 0 0
20131214 2 2 7 4 0 0
20131214 3 2 3 7 0 0
20131214 4 5 7 2 0 0
20131214 5 2 4 6 0 0
20131214 6 1 7 2 1 5
20131214 7 2 5 9 2 4
20131214 8 1 3 5 1 3
20131214 9 2 5 9 2 4
20131214 10 9 2 3 6 2
20131215 1 7 3 5 0 0
20131215 2 1 4 5 0 0
20131215 3 5 2 6 0 0
20131215 4 4 1 5 0 0
20131215 5 5 2 6 0 0
20131215 6 2 7 5 2 5
20131215 7 2 4 7 2 4
20131215 8 4 9 8 4 6
20131215 9 2 7 4 2 5
20131215 10 1 7 4 1 5
20131217 1 1 4 3 0 0
20131217 2 2 7 1 0 0
20131217 3 5 4 2 0 0
20131217 4 3 2 1 0 0
20131217 5 7 5 3 0 0
20131217 6 3 2 7 3 2
20131217 7 1 7 2 1 5
20131217 8 7 3 5 5 3
20131217 9 2 1 4 2 1
20131217 10 9 7 5 6 5
20131218 1 6 4 7 0 0
20131218 2 7 5 4 0 0
20131218 3 4 5 1 0 0
20131218 4 1 5 6 0 0
20131218 5 2 3 5 0 0
20131218 6 9 2 4 6 2
20131218 7 5 2 1 4 2
20131218 8 9 2 4 6 2
20131218 9 3 7 1 3 5
20131218 10 5 9 4 4 6
20131219 1 1 4 3 0 0
20131219 2 1 5 4 0 0
20131219 3 4 1 3 0 0
20131219 4 1 7 4 0 0
20131219 5 2 1 3 0 0
20131219 6 5 1 6 4 1
20131219 7 1 7 2 1 5
20131219 8 9 7 2 6 5
20131219 9 7 2 3 5 2
20131219 10 3 5 2 3 4
20140115 1 4 6 5 0 0
20140115 2 4 7 3 0 0
20140115 3 5 1 2 0 0
20140115 4 5 1 2 0 0
20140115 5 7 3 6 0 0
20140115 6 1 7 2 1 5
20140115 7 3 7 1 3 5
20140115 8 1 3 9 1 3
20140115 9 1 5 2 1 4
20140115 10 3 7 6 3 5
20140116 1 5 4 7 0 0
20140116 2 5 1 7 0 0
20140116 3 1 3 2 0 0
20140116 4 4 2 3 0 0
20140116 5 4 5 2 0 0
20140116 6 5 8 9 4 6
20140116 7 3 4 5 3 4
20140116 8 1 3 9 1 3
20140116 9 7 3 9 5 3
20140116 10 3 1 5 3 1
20140117 1 2 5 7 0 0
20140117 2 1 6 3 0 0
20140117 3 6 1 5 0 0
20140117 4 3 4 7 0 0
20140117 5 3 1 4 0 0
20140117 6 9 1 8 6 1
20140117 7 5 3 1 4 3
20140117 8 7 3 9 5 3
20140117 9 7 1 3 5 1
20140117 10 4 5 1 4 4
20140122 1 5 1 2 4 1
20140122 2 3 7 9 3 5
20140122 3 1 7 4 1 5
20140122 4 3 4 9 3 4
20140122 5 5 7 4 4 5
20140122 6 1 7 3 1 5
20140122 7 9 7 1 6 5
20140122 8 2 5 9 2 4
20140122 9 7 3 1 5 3
20140122 10 5 2 4 4 2
20140122 11 9 2 3 6 2
20140123 1 5 6 2 4 5
20140123 2 9 5 3 6 4
20140123 3 8 5 3 6 4
20140123 4 8 6 3 6 5
20140123 5 1 9 4 1 6
20140123 6 7 8 1 5 6
20140123 7 5 2 8 4 2
20140123 8 2 9 6 2 6
20140123 9 2 1 9 2 1
20140123 10 9 4 1 6 4
20140123 11 5 7 1 4 5
20140124 1 1 6 9 1 5
20140124 2 5 9 1 4 6
20140124 3 9 7 2 6 5
20140124 4 7 1 5 5 1
20140124 5 2 3 8 2 3
20140124 6 4 2 8 4 2
20140124 7 9 7 3 6 5
20140124 8 1 2 7 1 2
20140124 9 9 1 8 6 1
20140124 10 7 9 2 5 6
20140124 11 1 3 5 1 3
20140212 1 5 3 2 4 3
20140212 2 1 9 5 1 6
20140212 3 3 5 7 3 4
20140212 4 6 2 7 5 2
20140212 5 5 9 2 4 6
20140212 6 3 7 5 3 5
20140212 7 1 9 7 1 6
20140212 8 9 3 2 6 3
20140212 9 5 3 2 4 3
20140212 10 8 1 6 6 1
20140212 11 7 2 3 5 2
20140213 1 5 4 3 4 4
20140213 2 1 4 7 1 4
20140213 3 1 2 9 1 2
20140213 4 1 7 2 1 5
20140213 5 2 5 1 2 4
20140213 6 1 9 5 1 6
20140213 7 4 3 2 4 3
20140213 8 7 5 2 5 4
20140213 9 9 3 1 6 3
20140213 10 7 2 3 5 2
20140213 11 6 1 3 5 1
20140214 1 3 5 7 3 4
20140214 2 5 8 2 4 6
20140214 3 1 4 9 1 4
20140214 4 9 2 6 6 2
20140214 5 2 1 5 2 1
20140214 6 3 8 1 3 6
20140214 7 7 4 2 6 4
20140214 8 9 7 5 6 5
20140214 9 2 5 3 2 4
20140214 10 3 5 1 3 4
20140214 11 7 5 9 5 4
20140324 1 1 5 2 0 0
20140324 2 4 3 7 0 0
20140324 3 1 2 3 0 0
20140324 4 5 2 4 0 0
20140324 5 4 1 7 0 0
20140324 6 5 2 9 4 2
20140324 7 3 7 2 3 5
20140324 8 2 3 5 2 3
20140324 9 2 1 9 2 1
20140324 10 2 3 8 2 3
20140325 1 1 6 4 0 0
20140325 2 0 0 0 0 0
20140325 3 0 0 0 0 0
20140325 4 5 4 2 0 0
20140325 5 1 7 5 0 0
20140325 6 1 2 3 1 2
20140325 7 7 3 4 6 3
20140325 8 1 5 9 1 4
20140325 9 7 1 2 5 1
20140325 10 2 6 8 2 5
20140326 1 3 2 1 0 0
20140326 2 1 7 6 0 0
20140326 3 4 1 7 0 0
20140326 4 2 1 3 0 0
20140326 5 4 2 1 0 0
20140326 6 6 2 3 0 0
20140326 7 5 6 2 5 6
20140326 8 1 7 9 1 5
20140326 9 3 4 9 3 4
20140326 10 5 1 2 4 1
20140402 1 1 3 4 0 0
20140402 2 7 4 3 0 0
20140402 3 5 1 2 0 0
20140402 4 1 4 3 0 0
20140402 5 2 4 1 0 0
20140402 6 9 2 1 6 2
20140402 7 1 2 9 1 2
20140402 8 1 5 2 1 4
20140402 9 1 7 5 1 5
20140402 10 1 3 2 1 3
20140403 1 3 1 6 0 0
20140403 2 1 7 3 0 0
20140403 3 6 1 2 0 0
20140403 4 7 1 2 0 0
20140403 5 4 1 7 0 0
20140403 6 1 8 3 1 6
20140403 7 7 4 3 5 4
20140403 8 5 2 7 4 2
20140403 9 9 2 5 6 2
20140403 10 5 2 9 4 2
20140404 1 4 1 3 0 0
20140404 2 7 2 1 0 0
20140404 3 5 3 4 0 0
20140404 4 1 2 6 0 0
20140404 5 4 2 3 0 0
20140404 6 6 3 1 5 3
20140404 7 1 3 8 1 3
20140404 8 2 3 5 2 3
20140404 9 4 3 1 4 3
20140404 10 1 8 3 1 6
20140430 1 2 6 1 0 0
20140430 2 7 3 5 0 0
20140430 3 1 5 7 0 0
20140430 4 3 4 5 0 0
20140430 5 2 4 5 0 0
20140430 6 7 4 5 5 4
20140430 7 3 9 7 3 6
20140430 8 9 1 3 6 1
20140430 9 8 2 1 6 2
20140430 10 7 2 4 5 2
20140501 1 5 4 6 0 0
20140501 2 4 7 2 0 0
20140501 3 2 6 3 0 0
20140501 4 7 5 3 0 0
20140501 5 5 6 2 0 0
20140501 6 3 1 8 3 1
20140501 7 5 9 3 4 6
20140501 8 1 5 3 1 4
20140501 9 1 2 3 1 2
20140501 10 1 7 4 1 5
20140502 1 4 6 2 0 0
20140502 2 7 5 1 0 0
20140502 3 1 4 5 0 0
20140502 4 3 6 2 0 0
20140502 5 4 5 7 0 0
20140502 6 5 9 1 4 6
20140502 7 1 6 3 1 5
20140502 8 3 2 5 3 2
20140502 9 3 1 9 3 1
20140502 10 5 1 7 4 1
20140519 1 1 5 2 0 0
20140519 2 5 3 7 0 0
20140519 3 4 7 2 0 0
20140519 4 2 4 3 0 0
20140519 5 3 1 5 0 0
20140519 6 2 1 3 2 1
20140519 7 5 7 2 4 5
20140519 8 7 3 1 5 3
20140519 9 1 5 7 1 4
20140519 10 1 3 9 1 3
20140520 1 7 2 4 0 0
20140520 2 1 5 4 0 0
20140520 3 3 1 2 0 0
20140520 4 4 7 3 0 0
20140520 5 1 2 3 0 0
20140520 6 3 2 8 3 2
20140520 7 7 3 1 5 3
20140520 8 9 1 7 6 1
20140520 9 2 8 3 2 6
20140520 10 1 3 9 1 3
20140521 1 7 5 1 0 0
20140521 2 7 5 4 0 0
20140521 3 1 4 5 0 0
20140521 4 1 4 7 0 0
20140521 5 4 2 7 0 0
20140521 6 7 4 2 5 4
20140521 7 2 5 7 2 4
20140521 8 5 7 1 4 5
20140521 9 1 9 5 1 6
20140521 10 1 2 7 1 2
20140609 1 9 7 1 6 5
20140609 2 1 9 4 1 6
20140609 3 7 1 4 5 1
20140609 4 2 3 5 2 3
20140609 5 7 1 4 5 1
20140609 6 5 2 7 4 2
20140609 7 5 7 3 4 5
20140609 8 9 3 4 6 3
20140609 9 7 1 5 5 1
20140609 10 5 1 8 4 1
20140609 11 2 9 6 2 6
20140610 1 3 1 2 3 1
20140610 2 1 7 2 1 5
20140610 3 9 3 2 6 3
20140610 4 5 2 9 4 2
20140610 5 9 2 4 6 2
20140610 6 1 4 8 1 4
20140610 7 1 9 2 1 6
20140610 8 2 6 1 2 5
20140610 9 7 5 1 5 4
20140610 10 1 5 7 1 4
20140610 11 9 2 7 6 2
20140611 1 3 7 9 3 5
20140611 2 9 3 6 6 3
20140611 3 5 1 7 4 1
20140611 4 3 4 1 3 4
20140611 5 3 7 1 3 5
20140611 6 1 7 2 1 5
20140611 7 1 7 2 1 5
20140611 8 1 5 4 1 4
20140611 9 6 4 3 5 4
20140611 10 1 2 8 1 2
20140611 11 8 9 4 6 6
20140724 1 5 7 6 0 0
20140724 2 4 2 7 0 0
20140724 3 3 2 7 0 0
20140724 4 2 7 3 0 0
20140724 5 2 4 7 0 0
20140724 6 5 6 4 0 0
20140724 7 7 5 3 0 0
20140724 8 3 5 2 3 4
20140724 9 2 8 1 2 6
20140724 10 7 1 4 5 1
20140724 11 1 5 7 1 4
20140724 12 2 5 7 2 4
20140725 1 4 2 3 0 0
20140725 2 7 6 3 0 0
20140725 3 1 3 5 0 0
20140725 4 1 7 5 0 0
20140725 5 5 1 4 0 0
20140725 6 2 3 5 0 0
20140725 7 3 1 6 0 0
20140725 8 7 8 1 5 6
20140725 9 5 6 3 4 5
20140725 10 5 7 3 4 5
20140725 11 7 1 4 5 1
20140725 12 1 5 9 1 4
20140726 1 6 4 2 0 0
20140726 2 1 5 3 0 0
20140726 3 5 3 7 0 0
20140726 4 3 7 4 0 0
20140726 5 2 1 3 0 0
20140726 6 1 5 3 1 4
20140726 7 2 5 4 2 4
20140726 8 3 7 2 0 0
20140726 9 2 6 7 0 0
20140726 10 3 2 1 3 2
20140726 11 5 3 9 4 3
20140726 12 1 3 9 1 3
20140804 1 2 4 3 2 4
20140804 2 4 3 1 4 3
20140804 3 1 5 8 1 4
20140804 4 3 9 1 3 6
20140804 5 8 1 7 6 1
20140804 6 7 8 3 5 6
20140804 7 9 2 6 6 2
20140804 8 3 7 8 3 5
20140804 9 7 5 3 5 4
20140804 10 2 9 7 2 6
20140804 11 5 3 8 4 3
20140805 1 7 1 2 5 1
20140805 2 6 9 1 5 6
20140805 3 5 1 3 4 1
20140805 4 6 2 5 5 2
20140805 5 2 8 5 2 6
20140805 6 3 1 5 3 1
20140805 7 3 1 2 3 1
20140805 8 9 5 1 6 4
20140805 9 6 2 5 5 2
20140805 10 9 5 1 6 4
20140805 11 1 7 3 1 5
20140806 1 1 8 4 1 6
20140806 2 3 9 1 3 6
20140806 3 2 5 9 2 4
20140806 4 9 1 3 6 1
20140806 5 4 5 2 4 4
20140806 6 7 9 5 5 6
20140806 7 7 3 2 5 3
20140806 8 9 6 4 6 5
20140806 9 5 7 3 4 5
20140806 10 1 4 3 1 4
20140806 11 3 9 1 3 6
20140818 1 1 7 2 1 5
20140818 2 5 9 7 4 6
20140818 3 7 2 3 5 2
20140818 4 2 6 9 2 5
20140818 5 5 1 6 4 1
20140818 6 9 4 5 6 4
20140818 7 3 5 8 3 4
20140818 8 5 2 6 4 2
20140818 9 7 5 1 5 4
20140818 10 2 1 3 2 1
20140818 11 8 5 1 6 4
20140819 1 9 8 3 6 6
20140819 2 5 3 2 4 3
20140819 3 3 9 5 3 6
20140819 4 4 9 3 4 6
20140819 5 2 9 3 2 6
20140819 6 1 5 7 1 4
20140819 7 4 1 6 4 1
20140819 8 5 2 7 4 2
20140819 9 9 1 7 6 1
20140819 10 9 2 3 6 2
20140819 11 3 6 1 3 5
20140820 1 3 7 9 3 5
20140820 2 2 4 1 2 4
20140820 3 5 9 2 4 6
20140820 4 9 1 3 6 1
20140820 5 3 4 2 3 4
20140820 6 2 7 1 2 5
20140820 7 1 9 7 1 6
20140820 8 7 2 5 5 2
20140820 9 9 7 2 6 5
20140820 10 2 5 1 2 4
20140820 11 8 2 6 6 2
20140908 1 1 2 4 0 0
20140908 2 1 6 3 0 0
20140908 3 2 4 7 0 0
20140908 4 5 7 3 0 0
20140908 5 3 2 1 0 0
20140908 6 5 7 8 4 5
20140908 7 2 9 8 2 6
20140908 8 3 5 8 3 4
20140908 9 1 5 9 1 4
20140908 10 3 5 4 3 4
20140909 1 5 3 7 0 0
20140909 2 1 4 7 0 0
20140909 3 4 2 7 0 0
20140909 4 1 4 3 0 0
20140909 5 7 5 2 0 0
20140909 6 7 5 3 5 4
20140909 7 1 9 7 1 6
20140909 8 5 7 3 4 5
20140909 9 3 1 9 3 1
20140909 10 7 1 4 5 1
20140910 1 1 5 6 0 0
20140910 2 5 1 3 0 0
20140910 3 3 7 1 0 0
20140910 4 7 1 4 0 0
20140910 5 5 3 4 0 0
20140910 6 3 7 5 3 5
20140910 7 3 5 9 3 4
20140910 8 9 4 8 6 4
20140910 9 2 4 5 2 4
20140910 10 5 1 6 4 1
20141002 1 5 2 9 4 2
20141002 2 5 7 1 4 5
20141002 3 3 7 4 3 5
20141002 4 7 8 9 5 6
20141002 5 5 9 3 4 6
20141002 6 9 1 2 6 1
20141002 7 3 9 6 3 6
20141002 8 7 1 2 5 1
20141002 9 1 2 6 1 2
20141002 10 7 2 9 5 2
20141002 11 2 5 3 2 4
20141002 12 1 7 5 1 5
20141003 1 9 3 5 6 3
20141003 2 9 6 1 6 5
20141003 3 2 5 1 2 4
20141003 4 9 2 3 6 2
20141003 5 1 7 8 1 5
20141003 6 1 3 6 1 3
20141003 7 1 9 2 1 6
20141003 8 5 2 7 4 2
20141003 9 2 5 9 2 4
20141003 10 7 9 5 5 6
20141003 11 1 9 2 1 6
20141003 12 1 2 9 1 2
20141004 1 3 7 1 3 5
20141004 2 1 9 5 1 6
20141004 3 9 1 2 6 1
20141004 4 7 9 3 5 6
20141004 5 2 3 9 2 3
20141004 6 1 3 6 1 3
20141004 7 3 2 7 3 2
20141004 8 1 9 4 1 6
20141004 9 7 9 2 5 6
20141004 10 8 5 9 6 4
20141004 11 5 1 2 4 1
20141004 12 3 9 1 3 6
20141005 1 2 4 7 2 4
20141005 2 1 5 6 1 4
20141005 3 9 3 6 6 3
20141005 4 7 3 1 5 3
20141005 5 5 7 3 4 5
20141005 6 1 7 8 1 5
20141005 7 7 2 3 5 2
20141005 8 5 1 8 4 1
20141005 9 9 7 1 6 5
20141005 10 2 7 1 2 5
20141005 11 2 5 9 2 4
20141118 1 3 9 5 3 6
20141118 2 5 1 2 4 1
20141118 3 3 9 5 3 6
20141118 4 7 5 1 5 4
20141118 5 7 9 3 5 6
20141118 6 4 3 2 4 3
20141118 7 1 8 7 1 6
20141118 8 3 9 7 3 6
20141118 9 5 2 1 4 2
20141118 10 8 5 3 6 4
20141118 11 1 7 5 1 5
20141119 1 5 1 3 4 1
20141119 2 7 8 2 5 6
20141119 3 2 9 1 2 6
20141119 4 7 3 8 5 3
20141119 5 5 3 7 4 3
20141119 6 8 3 5 6 3
20141119 7 7 3 2 5 3
20141119 8 2 5 1 2 4
20141119 9 6 1 2 5 1
20141119 10 9 1 5 6 1
20141119 11 7 1 8 5 1
20141120 1 3 5 2 3 4
20141120 2 7 9 2 5 6
20141120 3 9 3 4 6 3
20141120 4 2 9 7 2 6
20141120 5 3 4 2 3 4
20141120 6 7 2 9 5 2
20141120 7 4 2 3 4 2
20141120 8 4 5 7 4 4
20141120 9 2 4 9 2 4
20141120 10 5 7 1 4 5
20141120 11 6 5 1 5 4
20141127 1 5 6 1 0 0
20141127 2 3 5 4 0 0
20141127 3 3 2 1 0 0
20141127 4 5 7 1 0 0
20141127 5 2 1 4 0 0
20141127 6 9 3 1 6 3
20141127 7 5 2 7 4 2
20141127 8 1 7 3 1 5
20141127 9 3 5 2 3 4
20141127 10 6 3 4 5 3
20141128 1 3 6 4 0 0
20141128 2 1 5 3 0 0
20141128 3 4 3 5 0 0
20141128 4 4 7 1 0 0
20141128 5 1 4 7 0 0
20141128 6 9 5 3 6 4
20141128 7 5 4 3 4 4
20141128 8 9 2 5 6 2
20141128 9 1 7 3 1 5
20141128 10 7 1 2 5 1
20141129 1 2 5 4 0 0
20141129 2 5 1 4 0 0
20141129 3 2 5 7 0 0
20141129 4 1 5 4 0 0
20141129 5 1 4 5 0 0
20141129 6 1 3 9 1 3
20141129 7 2 9 3 2 6
20141129 8 2 1 5 2 1
20141129 9 9 1 7 6 1
20141129 10 1 4 2 1 4
20141203 1 8 2 5 6 2
20141203 2 5 7 1 4 5
20141203 3 3 5 7 3 4
20141203 4 2 9 7 2 6
20141203 5 1 7 2 1 5
20141203 6 1 3 4 1 3
20141203 7 2 7 3 2 5
20141203 8 9 5 2 6 4
20141203 9 2 7 4 2 5
20141203 10 7 1 5 5 1
20141203 11 9 7 3 6 5
20141204 1 1 2 7 1 2
20141204 2 2 9 3 2 6
20141204 3 8 3 2 6 3
20141204 4 7 3 8 5 3
20141204 5 2 5 1 2 4
20141204 6 3 2 5 3 2
20141204 7 3 9 7 3 6
20141204 8 9 3 5 6 3
20141204 9 7 3 9 5 3
20141204 10 1 7 8 1 5
20141204 11 1 5 9 1 4
20141205 1 5 3 1 4 3
20141205 2 7 3 4 5 3
20141205 3 4 1 3 4 1
20141205 4 7 2 3 5 2
20141205 5 5 2 9 4 2
20141205 6 2 7 5 2 5
20141205 7 9 5 3 6 4
20141205 8 4 2 7 4 2
20141205 9 6 2 3 5 2
20141205 10 3 1 7 3 1
20141205 11 5 9 2 4 6
20150112 1 5 1 3 0 0
20150112 2 1 3 4 0 0
20150112 3 5 3 6 0 0
20150112 4 7 2 3 0 0
20150112 5 3 1 2 0 0
20150112 6 3 6 1 0 0
20150112 7 7 1 4 0 0
20150112 8 3 1 9 3 1
20150112 9 3 4 2 3 4
20150112 10 1 8 7 1 6
20150112 11 3 1 9 3 1
20150112 12 2 5 6 2 4
20150113 1 2 4 5 0 0
20150113 2 5 3 1 0 0
20150113 3 5 4 2 0 0
20150113 4 7 2 1 0 0
20150113 5 4 5 3 0 0
20150113 6 6 7 2 0 0
20150113 7 2 3 5 0 0
20150113 8 1 7 9 1 5
20150113 9 5 3 8 4 3
20150113 10 7 1 5 5 1
20150113 11 9 7 2 6 5
20150113 12 1 9 4 1 6
20150114 1 4 1 2 0 0
20150114 2 5 3 6 0 0
20150114 3 6 3 2 0 0
20150114 4 1 7 3 0 0
20150114 5 2 3 1 0 0
20150114 6 3 1 7 3 1
20150114 7 5 2 6 4 2
20150114 8 1 2 4 0 0
20150114 9 5 4 2 0 0
20150114 10 2 9 1 2 6
20150114 11 1 4 2 1 4
20150114 12 1 3 7 1 3
20150126 1 5 3 1 0 0
20150126 2 1 4 7 0 0
20150126 3 5 2 7 0 0
20150126 4 1 2 4 0 0
20150126 5 4 1 7 0 0
20150126 6 2 7 5 2 5
20150126 7 4 9 8 4 6
20150126 8 1 5 9 1 4
20150126 9 9 2 7 6 2
20150126 10 2 1 5 2 1
20150127 1 3 4 1 0 0
20150127 2 6 7 5 0 0
20150127 3 3 4 2 0 0
20150127 4 7 1 3 0 0
20150127 5 1 4 3 0 0
20150127 6 9 1 3 6 1
20150127 7 1 4 9 1 4
20150127 8 1 2 9 1 2
20150127 9 1 9 7 1 6
20150127 10 1 5 3 1 4
20150128 1 4 6 1 0 0
20150128 2 5 2 7 0 0
20150128 3 2 4 7 0 0
20150128 4 1 4 6 0 0
20150128 5 5 2 6 0 0
20150128 6 1 3 7 1 3
20150128 7 9 2 1 6 2
20150128 8 1 4 3 1 4
20150128 9 7 3 1 5 3
20150128 10 5 1 6 4 1
20150131 1 3 6 7 0 0
20150131 2 2 7 5 0 0
20150131 3 4 1 2 0 0
20150131 4 3 7 1 0 0
20150131 5 3 5 4 0 0
20150131 6 1 7 9 1 5
20150131 7 5 2 9 4 2
20150131 8 9 7 5 6 5
20150131 9 7 9 3 5 6
20150131 10 9 1 6 6 1
20150201 1 2 3 5 0 0
20150201 2 5 6 3 0 0
20150201 3 1 7 2 0 0
20150201 4 2 4 1 0 0
20150201 5 2 3 5 0 0
20150201 6 1 9 7 1 6
20150201 7 4 3 5 4 3
20150201 8 6 1 3 5 1
20150201 9 7 3 2 5 3
20150201 10 3 1 9 3 1
20150202 1 3 1 7 0 0
20150202 2 2 3 7 0 0
20150202 3 3 2 7 0 0
20150202 4 1 3 2 0 0
20150202 5 4 5 6 0 0
20150202 6 5 1 9 4 1
20150202 7 2 9 5 2 6
20150202 8 6 9 7 5 6
20150202 9 2 3 5 0 0
20150202 10 5 7 8 4 5
20150225 1 7 1 5 5 1
20150225 2 2 7 4 2 5
20150225 3 5 3 9 4 3
20150225 4 1 7 9 1 5
20150225 5 3 5 6 3 4
20150225 6 9 1 7 6 1
20150225 7 1 9 6 1 6
20150225 8 3 5 9 3 4
20150225 9 1 7 9 1 5
20150225 10 7 1 5 5 1
20150225 11 1 2 9 1 2
20150226 1 9 4 2 6 4
20150226 2 1 2 7 1 2
20150226 3 2 5 7 2 4
20150226 4 1 7 9 1 5
20150226 5 3 7 4 3 5
20150226 6 7 6 3 5 5
20150226 7 1 7 5 1 5
20150226 8 1 7 8 1 5
20150226 9 3 5 8 3 4
20150226 10 1 5 7 1 4
20150226 11 9 1 6 6 1
20150227 1 1 5 7 1 4
20150227 2 4 5 1 4 4
20150227 3 3 6 1 3 5
20150227 4 3 9 2 3 6
20150227 5 5 9 3 4 6
20150227 6 1 5 2 1 4
20150227 7 2 4 7 2 4
20150227 8 9 3 4 6 3
20150227 9 3 7 5 3 5
20150227 10 7 2 8 5 2
20150227 11 7 2 1 5 2
20150304 1 5 7 4 4 5
20150304 2 1 5 8 1 4
20150304 3 1 2 4 1 2
20150304 4 4 7 1 4 5
20150304 5 2 5 3 2 4
20150304 6 5 9 8 4 6
20150304 7 7 1 9 5 1
20150304 8 1 7 8 1 5
20150304 9 1 5 7 1 4
20150304 10 4 3 8 4 3
20150304 11 7 3 1 5 3
20150305 1 9 2 7 6 2
20150305 2 2 5 7 2 4
20150305 3 7 1 2 5 1
20150305 4 5 6 9 4 5
20150305 5 1 9 5 1 6
20150305 6 9 5 3 6 4
20150305 7 2 4 7 2 4
20150305 8 9 3 1 6 3
20150305 9 1 3 2 1 3
20150305 10 5 9 1 4 6
20150305 11 7 3 1 5 3
20150306 1 7 9 3 5 6
20150306 2 5 3 9 4 3
20150306 3 7 4 6 5 4
20150306 4 3 2 5 3 2
20150306 5 1 5 3 1 4
20150306 6 9 3 1 6 3
20150306 7 7 5 2 5 4
20150306 8 1 9 4 1 6
20150306 9 1 4 7 1 4
20150306 10 9 5 1 6 4
20150306 11 2 5 4 2 4
20150406 1 1 7 9 1 5
20150406 2 3 7 5 3 5
20150406 3 7 2 8 5 2
20150406 4 1 7 4 1 5
20150406 5 5 1 3 4 1
20150406 6 7 9 2 5 6
20150406 7 5 2 9 4 2
20150406 8 2 9 7 2 6
20150406 9 1 5 2 1 4
20150406 10 5 2 7 4 2
20150406 11 1 4 5 1 4
20150407 1 9 7 5 6 5
20150407 2 5 9 1 4 6
20150407 3 4 3 9 4 3
20150407 4 1 2 5 1 2
20150407 5 2 5 4 2 4
20150407 6 3 6 9 3 5
20150407 7 3 5 9 3 4
20150407 8 2 9 4 2 6
20150407 9 7 5 1 5 4
20150407 10 7 9 1 5 6
20150407 11 7 2 3 5 2
20150408 1 9 2 3 6 2
20150408 2 7 8 4 5 6
20150408 3 5 7 4 4 5
20150408 4 7 9 6 5 6
20150408 5 5 9 1 4 6
20150408 6 1 6 7 1 5
20150408 7 6 1 3 5 1
20150408 8 2 9 1 2 6
20150408 9 1 3 6 1 3
20150408 10 3 7 1 3 5
20150408 11 3 4 9 3 4
20150528 1 2 5 7 0 0
20150528 2 2 3 5 0 0
20150528 3 5 2 6 0 0
20150528 4 3 5 4 0 0
20150528 5 1 7 2 0 0
20150528 6 9 2 1 6 2
20150528 7 7 3 9 5 3
20150528 8 5 3 8 4 3
20150528 9 1 7 5 1 5
20150528 10 9 6 3 6 5
20150529 1 1 2 5 0 0
20150529 2 4 3 1 0 0
20150529 3 7 3 2 0 0
20150529 4 5 1 2 0 0
20150529 5 3 7 5 0 0
20150529 6 2 5 7 2 4
20150529 7 5 9 1 4 6
20150529 8 1 7 8 1 5
20150529 9 2 7 4 2 5
20150529 10 9 2 1 6 2
20150530 1 1 2 5 0 0
20150530 2 5 2 4 0 0
20150530 3 2 7 4 0 0
20150530 4 7 2 6 0 0
20150530 5 7 2 5 0 0
20150530 6 7 2 1 5 2
20150530 7 9 1 3 6 1
20150530 8 5 6 3 4 5
20150530 9 3 7 4 3 5
20150530 10 2 3 1 2 3
20150625 1 1 7 5 0 0
20150625 2 2 7 5 0 0
20150625 3 1 4 7 0 0
20150625 4 7 3 5 0 0
20150625 5 5 1 7 0 0
20150625 6 3 6 2 3 5
20150625 7 3 1 8 3 1
20150625 8 2 1 9 2 1
20150625 9 9 7 4 6 5
20150625 10 4 1 2 4 1
20150626 1 2 7 3 0 0
20150626 2 2 3 1 0 0
20150626 3 5 4 6 0 0
20150626 4 1 6 3 0 0
20150626 5 1 3 5 0 0
20150626 6 6 5 8 0 0
20150626 7 5 3 7 4 3
20150626 8 7 1 9 5 1
20150626 9 2 1 6 2 1
20150626 10 1 9 5 1 6
20150627 1 1 5 4 0 0
20150627 2 2 7 3 0 0
20150627 3 2 4 7 0 0
20150627 4 1 2 5 0 0
20150627 5 1 4 7 0 0
20150627 6 7 9 1 5 6
20150627 7 2 1 5 2 1
20150627 8 3 1 2 3 1
20150627 9 5 3 1 4 3
20150627 10 9 5 8 6 4
20150706 1 6 4 7 5 4
20150706 2 1 9 5 1 6
20150706 3 3 9 4 3 6
20150706 4 9 5 1 6 4
20150706 5 9 1 3 6 1
20150706 6 7 5 1 0 0
20150706 7 3 6 2 0 0
20150706 8 1 3 2 1 3
20150706 9 1 7 9 1 5
20150706 10 3 2 6 3 2
20150706 11 3 1 4 3 1
20150706 12 1 8 4 1 6
20150707 1 7 1 2 6 1
20150707 2 5 8 2 4 6
20150707 3 9 4 7 6 4
20150707 4 5 3 2 4 3
20150707 5 2 1 5 2 1
20150707 6 3 2 4 0 0
20150707 7 4 3 7 0 0
20150707 8 6 3 8 5 3
20150707 9 7 1 3 5 1
20150707 10 2 7 9 2 5
20150707 11 3 7 4 3 5
20150707 12 3 1 2 3 1
20150708 1 1 5 3 1 5
20150708 2 9 3 8 6 3
20150708 3 3 1 9 3 1
20150708 4 5 3 1 4 3
20150708 5 7 1 3 0 0
20150708 6 7 3 9 5 3
20150708 7 5 1 9 4 1
20150708 8 8 5 2 6 4
20150708 9 1 7 8 1 5
20150708 10 3 7 1 0 0
20150708 11 4 9 7 4 6
20150708 12 5 3 9 4 3
