20120622 1 8 3 9 6 3
20120622 2 4 1 5 4 1
20120622 3 5 2 9 4 2
20120622 4 8 3 5 6 3
20120622 5 1 9 5 1 6
20120622 6 6 2 5 5 2
20120622 7 7 8 5 5 6
20120622 8 6 3 2 5 3
20120622 9 3 5 2 3 4
20120622 10 1 7 6 1 5
20120622 11 2 5 7 2 4
20120623 1 6 1 2 5 1
20120623 2 3 8 2 3 6
20120623 3 7 1 4 5 1
20120623 4 7 4 2 5 4
20120623 5 3 2 5 3 2
20120623 6 9 5 2 6 4
20120623 7 9 1 5 6 1
20120623 8 5 4 1 4 4
20120623 9 7 8 1 5 6
20120623 10 7 1 5 5 1
20120623 11 5 1 4 4 1
20120624 1 7 2 8 6 2
20120624 2 2 1 3 2 1
20120624 3 2 7 3 2 5
20120624 4 6 1 3 5 1
20120624 5 3 2 9 3 2
20120624 6 2 3 5 2 3
20120624 7 3 7 5 3 5
20120624 8 2 3 4 2 3
20120624 9 8 3 6 6 3
20120624 10 2 9 5 2 6
20120624 11 7 4 8 5 4
20120625 1 4 7 3 4 6
20120625 2 7 3 2 6 3
20120625 3 3 4 1 3 4
20120625 4 9 2 5 6 2
20120625 5 1 4 6 1 4
20120625 6 3 2 6 3 2
20120625 7 8 1 4 6 1
20120625 8 3 7 1 3 5
20120625 9 5 7 9 4 5
20120625 10 1 2 7 1 2
20120625 11 2 9 3 2 6
20120709 1 2 5 6 2 4
20120709 2 2 3 9 2 3
20120709 3 2 1 3 2 1
20120709 4 7 9 1 5 6
20120709 5 1 3 9 1 3
20120709 6 4 3 9 4 3
20120709 7 7 1 3 5 1
20120709 8 1 5 9 1 4
20120709 9 5 1 2 4 1
20120709 10 1 6 5 1 5
20120709 11 7 9 3 5 6
20120710 1 8 1 2 6 1
20120710 2 7 1 5 5 1
20120710 3 8 2 3 6 2
20120710 4 3 1 2 3 1
20120710 5 9 3 2 6 3
20120710 6 5 3 8 4 3
20120710 7 3 9 2 3 6
20120710 8 7 4 3 5 4
20120710 9 4 9 7 4 6
20120710 10 9 5 6 6 4
20120710 11 9 2 7 6 2
20120711 1 3 1 2 3 1
20120711 2 2 4 7 2 4
20120711 3 2 1 8 2 1
20120711 4 6 3 9 5 3
20120711 5 6 3 7 5 3
20120711 6 1 4 2 1 4
20120711 7 7 9 1 5 6
20120711 8 5 9 1 4 6
20120711 9 1 5 2 1 4
20120711 10 1 4 5 1 4
20120711 11 2 9 5 2 6
20120725 1 3 1 7 3 1
20120725 2 7 1 5 5 1
20120725 3 2 9 1 2 6
20120725 4 9 3 4 6 3
20120725 5 1 7 2 1 5
20120725 6 4 2 5 4 2
20120725 7 8 5 1 6 4
20120725 8 3 2 5 3 2
20120725 9 3 9 7 3 6
20120725 10 2 7 4 2 5
20120725 11 2 3 7 2 3
20120726 1 4 7 9 4 5
20120726 2 4 9 2 4 6
20120726 3 8 7 3 6 5
20120726 4 2 1 5 2 1
20120726 5 7 1 5 5 1
20120726 6 4 1 9 4 1
20120726 7 1 9 2 1 6
20120726 8 2 5 1 2 4
20120726 9 9 1 2 6 1
20120726 10 9 3 7 6 3
20120726 11 1 5 2 1 4
20120727 1 1 2 9 1 2
20120727 2 3 9 7 3 6
20120727 3 1 7 3 1 5
20120727 4 2 5 3 2 4
20120727 5 5 3 1 4 3
20120727 6 5 2 1 5 2
20120727 7 7 5 9 5 4
20120727 8 7 3 8 5 3
20120727 9 1 9 6 1 6
20120727 10 8 4 6 6 4
20120727 11 3 1 2 3 1
20120822 1 7 3 5 5 3
20120822 2 1 3 4 1 3
20120822 3 3 5 9 3 4
20120822 4 2 5 9 2 4
20120822 5 9 1 3 6 1
20120822 6 7 5 4 5 4
20120822 7 5 2 3 4 2
20120822 8 8 3 9 6 3
20120822 9 3 9 2 3 6
20120822 10 9 1 5 6 1
20120822 11 3 6 8 3 5
20120823 1 3 7 2 3 5
20120823 2 2 5 1 2 4
20120823 3 8 4 6 6 4
20120823 4 9 3 1 6 3
20120823 5 5 3 1 4 3
20120823 6 9 1 5 6 1
20120823 7 2 5 8 2 4
20120823 8 3 4 8 3 4
20120823 9 1 9 3 1 6
20120823 10 1 2 9 1 2
20120823 11 3 5 7 3 4
20120824 1 1 8 4 1 6
20120824 2 5 3 9 4 3
20120824 3 5 2 7 4 2
20120824 4 7 6 2 5 5
20120824 5 9 5 2 6 4
20120824 6 5 2 1 4 2
20120824 7 7 9 5 5 6
20120824 8 3 5 1 3 4
20120824 9 5 6 3 4 5
20120824 10 3 5 9 3 4
20120824 11 8 1 5 6 1
20120909 1 5 7 2 0 0
20120909 2 3 2 1 0 0
20120909 3 2 4 1 0 0
20120909 4 1 5 2 0 0
20120909 5 3 4 1 0 0
20120909 6 2 1 7 2 1
20120909 7 2 1 7 2 1
20120909 8 1 5 3 1 4
20120909 9 2 5 7 2 4
20120909 10 3 7 9 3 5
20120909 11 6 9 5 5 6
20120910 1 1 5 7 0 0
20120910 2 7 1 5 0 0
20120910 3 5 2 7 0 0
20120910 4 1 4 2 0 0
20120910 5 5 2 4 0 0
20120910 6 9 2 7 6 2
20120910 7 7 1 8 5 1
20120910 8 7 3 5 5 3
20120910 9 2 3 6 2 3
20120910 10 1 9 2 1 6
20120910 11 2 7 4 2 5
20120911 1 4 3 1 0 0
20120911 2 4 3 2 0 0
20120911 3 5 3 4 0 0
20120911 4 2 4 1 0 0
20120911 5 7 3 2 0 0
20120911 6 5 2 7 4 2
20120911 7 3 4 9 3 4
20120911 8 7 9 3 5 6
20120911 9 1 2 7 1 2
20120911 10 1 7 4 1 5
20120911 11 7 1 9 5 1
20120928 1 3 7 4 0 0
20120928 2 7 2 1 0 0
20120928 3 5 2 4 0 0
20120928 4 3 1 4 0 0
20120928 5 3 7 1 0 0
20120928 6 1 5 3 1 4
20120928 7 2 7 9 2 5
20120928 8 3 7 2 3 5
20120928 9 1 7 4 1 5
20120928 10 9 1 2 6 1
20120928 11 2 5 9 2 4
20120929 1 5 1 6 0 0
20120929 2 2 4 7 0 0
20120929 3 1 7 2 0 0
20120929 4 4 1 2 0 0
20120929 5 2 7 1 0 0
20120929 6 3 2 4 3 2
20120929 7 2 7 1 2 5
20120929 8 5 6 9 4 5
20120929 9 7 3 6 5 3
20120929 10 4 3 9 4 3
20120929 11 7 3 1 5 3
20120930 1 1 4 3 0 0
20120930 2 1 5 4 0 0
20120930 3 4 1 7 0 0
20120930 4 3 7 2 0 0
20120930 5 3 2 4 0 0
20120930 6 2 9 6 2 6
20121126 1 4 5 3 0 0
20121126 2 2 4 5 0 0
20121126 3 4 1 7 0 0
20121126 4 3 7 2 0 0
20121126 5 7 2 5 0 0
20121126 6 2 4 8 2 4
20121126 7 5 3 8 4 3
20121126 8 3 7 2 3 5
20121126 9 1 7 5 1 5
20121126 10 7 5 6 5 4
20121126 11 1 7 4 1 5
20121128 1 5 7 1 0 0
20121128 2 3 1 2 0 0
20121128 3 3 5 4 0 0
20121128 4 4 2 7 0 0
20121128 5 2 3 7 0 0
20121128 6 2 4 1 2 4
20121128 7 9 6 5 6 5
20121128 8 7 5 1 5 4
20121128 9 3 5 9 3 4
20121128 10 5 4 1 4 4
20121128 11 3 9 1 3 6
20121129 1 4 7 2 0 0
20121129 2 5 2 7 0 0
20121129 3 3 1 2 0 0
20121129 4 5 1 7 0 0
20121129 5 3 5 1 0 0
20121129 6 1 7 8 1 5
20121129 7 1 3 4 1 3
20121129 8 3 5 9 3 4
20121129 9 3 5 2 3 4
20121129 10 1 7 9 1 5
20121129 11 2 5 7 2 4
20121203 1 3 7 1 3 5
20121203 2 5 9 1 4 6
20121203 3 9 3 5 6 3
20121203 4 5 3 9 4 3
20121203 5 3 5 8 3 4
20121203 6 1 6 5 1 5
20121203 7 5 7 3 4 5
20121203 8 5 2 3 4 2
20121203 9 7 3 5 5 3
20121203 10 1 2 5 1 2
20121203 11 7 1 2 5 1
20121204 1 5 2 7 4 2
20121204 2 9 2 5 6 2
20121204 3 1 2 8 1 2
20121204 4 9 2 6 6 2
20121204 5 1 3 4 1 3
20121204 6 3 9 1 3 6
20121204 7 8 5 9 6 4
20121204 8 9 8 3 6 6
20121204 9 7 1 6 5 1
20121204 10 3 2 1 3 2
20121204 11 1 9 3 1 6
20121205 1 6 9 1 5 6
20121205 2 1 4 2 1 4
20121205 3 7 9 4 5 6
20121205 4 4 1 5 4 1
20121205 5 2 7 3 2 5
20121205 6 7 9 2 5 6
20121205 7 5 9 4 4 6
20121205 8 2 7 3 2 5
20121205 9 2 1 8 2 1
20121205 10 9 2 4 6 2
20121205 11 3 1 5 3 1
20121228 1 2 4 3 0 0
20121228 2 5 2 3 0 0
20121228 3 2 7 4 0 0
20121228 4 3 4 5 0 0
20121228 5 4 7 2 0 0
20121228 6 7 8 4 5 6
20121228 7 9 3 1 6 3
20121228 8 3 7 5 3 5
20121228 9 7 2 3 5 2
20121228 10 5 3 2 4 3
20121228 11 7 9 3 5 6
20121229 1 4 7 2 0 0
20121229 2 3 5 4 0 0
20121229 3 7 4 1 0 0
20121229 4 2 4 7 0 0
20121229 5 4 3 5 0 0
20121229 6 2 1 4 2 1
20121229 7 1 5 3 1 4
20121229 8 4 6 2 4 5
20121229 9 1 7 9 1 5
20121229 10 9 3 2 6 3
20121229 11 3 2 7 3 2
20121230 1 7 1 5 0 0
20121230 2 5 7 4 0 0
20121230 3 2 5 4 0 0
20121230 4 2 5 4 0 0
20121230 5 4 2 1 0 0
20121230 6 7 1 9 5 1
20121230 7 1 2 3 1 2
20121230 8 9 1 4 6 1
20121230 9 3 7 2 3 5
20121230 10 3 7 1 3 5
20121230 11 7 1 3 5 1
20130109 1 1 7 3 0 0
20130109 2 4 1 3 0 0
20130109 3 4 7 2 0 0
20130109 4 1 3 7 0 0
20130109 5 2 4 7 0 0
20130109 6 9 3 5 6 3
20130109 7 3 5 7 3 4
20130109 8 2 5 1 2 4
20130109 9 9 7 1 6 5
20130109 10 9 1 3 6 1
20130109 11 9 3 5 6 3
20130110 1 2 3 5 0 0
20130110 2 5 1 6 0 0
20130110 3 4 5 3 0 0
20130110 4 4 2 7 0 0
20130110 5 3 7 4 0 0
20130110 6 9 3 6 6 3
20130110 7 9 8 1 0 0
20130110 8 3 9 1 3 6
20130110 9 7 5 1 5 4
20130110 10 9 2 3 6 2
20130110 11 7 1 9 5 1
20130111 1 7 1 4 0 0
20130111 2 1 5 2 0 0
20130111 3 5 4 1 0 0
20130111 4 7 4 2 0 0
20130111 5 5 6 2 0 0
20130111 6 3 7 5 3 5
20130111 7 7 2 3 5 2
20130111 8 2 3 7 2 3
20130111 9 1 3 9 1 3
20130111 10 7 1 9 5 1
20130111 11 5 2 7 4 2
20130124 1 6 2 4 0 0
20130124 2 2 5 1 0 0
20130124 3 1 7 2 0 0
20130124 4 2 3 6 0 0
20130124 5 3 7 2 0 0
20130124 6 7 4 3 0 0
20130124 7 2 1 5 0 0
20130124 8 8 1 7 6 1
20130124 9 5 9 7 4 6
20130124 10 3 9 5 3 6
20130124 11 7 1 5 5 1
20130124 12 2 1 6 2 1
20130125 1 7 1 3 0 0
20130125 2 7 2 4 0 0
20130125 3 1 4 3 0 0
20130125 4 5 7 1 0 0
20130125 5 1 4 5 0 0
20130125 6 2 5 6 0 0
20130125 7 7 3 6 0 0
20130125 8 5 9 2 4 6
20130125 9 9 8 1 6 6
20130125 10 5 7 1 4 5
20130125 11 1 3 9 1 3
20130125 12 8 5 7 6 4
20130126 1 3 5 4 0 0
20130126 2 2 5 4 0 0
20130126 3 7 2 5 0 0
20130126 4 7 2 6 0 0
20130126 5 2 5 4 0 0
20130126 6 3 6 5 0 0
20130126 7 7 1 3 5 1
20130126 8 2 4 1 2 4
20130126 9 6 7 3 5 5
20130126 10 9 1 2 6 1
20130126 11 4 3 7 0 0
20130126 12 9 3 2 6 3
20130204 1 5 2 9 4 2
20130204 2 7 3 5 5 3
20130204 3 5 3 1 4 3
20130204 4 9 3 5 6 3
20130204 5 7 9 4 5 6
20130204 6 2 7 1 2 5
20130204 7 3 4 8 3 4
20130204 8 2 5 1 2 4
20130204 9 9 1 5 6 1
20130204 10 1 7 9 1 5
20130204 11 3 5 4 3 4
20130205 1 3 1 7 3 1
20130205 2 9 5 3 6 4
20130205 3 9 7 3 6 5
20130205 4 1 5 2 1 4
20130205 5 9 2 7 6 2
20130205 6 7 1 9 5 1
20130205 7 5 3 2 4 3
20130205 8 7 3 1 5 3
20130205 9 5 9 1 4 6
20130205 10 5 9 6 4 6
20130205 11 7 3 8 5 3
20130206 1 2 7 6 2 5
20130206 2 7 5 9 5 4
20130206 3 1 7 4 1 5
20130206 4 5 8 4 4 6
20130206 5 8 9 5 6 6
20130206 6 2 5 9 2 4
20130206 7 7 8 1 5 6
20130206 8 1 5 3 1 4
20130206 9 4 8 3 4 6
20130206 10 8 1 2 6 1
20130206 11 9 7 3 6 5
20130304 1 1 3 2 0 0
20130304 2 1 7 2 0 0
20130304 3 7 4 2 0 0
20130304 4 1 4 5 0 0
20130304 5 3 7 1 0 0
20130304 6 5 3 1 4 3
20130304 7 9 7 3 6 5
20130304 8 3 5 7 3 4
20130304 9 7 1 5 5 1
20130304 10 5 1 9 4 1
20130304 11 1 6 7 1 5
20130305 1 1 7 4 0 0
20130305 2 4 2 3 0 0
20130305 3 5 7 2 0 0
20130305 4 4 5 3 0 0
20130305 5 2 3 4 0 0
20130305 6 2 7 3 2 5
20130305 7 1 5 4 1 4
20130305 8 8 7 3 6 5
20130305 9 9 5 1 6 4
20130305 10 1 9 7 1 6
20130305 11 2 5 3 2 4
20130306 1 5 7 4 0 0
20130306 2 1 7 3 0 0
20130306 3 3 2 4 0 0
20130306 4 7 6 2 0 0
20130306 5 4 7 5 0 0
20130306 6 3 5 1 3 4
20130306 7 5 1 2 4 1
20130306 8 2 1 7 2 1
20130306 9 7 3 2 5 3
20130306 10 2 3 8 2 3
20130306 11 1 3 7 1 3
20130316 1 1 7 4 0 0
20130316 2 4 1 2 0 0
20130316 3 4 2 3 0 0
20130316 4 1 5 7 0 0
20130316 5 3 2 5 0 0
20130316 6 4 5 7 4 4
20130316 7 3 7 5 3 5
20130316 8 1 9 5 1 6
20130316 9 1 5 7 1 4
20130316 10 7 5 2 5 4
20130316 11 2 4 5 2 4
20130317 1 5 4 1 0 0
20130317 2 2 6 4 0 0
20130317 3 4 3 1 0 0
20130317 4 5 2 4 0 0
20130317 5 4 7 3 0 0
20130317 6 1 8 2 1 6
20130317 7 7 6 9 5 5
20130317 8 5 6 8 4 5
20130317 9 5 2 1 4 2
20130317 10 7 8 3 5 6
20130317 11 5 7 1 4 5
20130318 1 5 3 2 0 0
20130318 2 1 5 7 0 0
20130318 3 7 4 2 0 0
20130318 4 4 3 2 0 0
20130318 5 3 4 7 0 0
20130318 6 2 7 5 2 5
20130318 7 5 2 9 4 2
20130318 8 3 5 9 3 4
20130318 9 7 4 1 5 4
20130318 10 1 7 4 1 5
20130318 11 4 2 7 4 2
20130329 1 4 3 6 0 0
20130329 2 1 5 7 0 0
20130329 3 2 1 3 0 0
20130329 4 1 4 7 0 0
20130329 5 5 2 7 0 0
20130329 6 3 8 1 3 6
20130329 7 3 9 5 3 6
20130329 8 2 1 9 2 1
20130329 9 2 1 4 2 1
20130329 10 2 9 7 2 6
20130329 11 1 4 7 1 4
20130330 1 3 4 2 0 0
20130330 2 4 7 2 0 0
20130330 3 1 7 2 0 0
20130330 4 7 2 3 0 0
20130330 5 2 1 3 0 0
20130330 6 5 4 2 5 4
20130330 7 1 5 3 1 4
20130330 8 3 1 7 3 1
20130330 9 2 9 7 2 6
20130330 10 5 3 1 4 3
20130330 11 7 5 1 5 4
20130331 1 4 2 7 0 0
20130331 2 7 1 5 0 0
20130331 3 2 4 1 0 0
20130331 4 1 3 7 0 0
20130331 5 1 4 3 0 0
20130331 6 4 5 1 4 5
20130331 7 9 3 6 6 3
20130331 8 4 7 6 4 5
20130331 9 2 7 6 2 5
20130331 10 9 1 5 6 1
20130331 11 2 3 1 2 3
20130401 1 2 6 5 2 5
20130401 2 1 5 4 1 4
20130401 3 4 3 1 4 3
20130401 4 1 3 2 1 3
20130401 5 5 6 2 4 5
20130401 6 6 8 1 5 6
20130401 7 1 9 2 1 6
20130401 8 9 3 1 6 3
20130401 9 9 3 2 6 3
20130401 10 5 2 1 4 2
20130401 11 3 9 6 3 6
20130402 1 8 9 2 6 6
20130402 2 9 7 1 6 5
20130402 3 1 4 9 1 4
20130402 4 3 9 7 3 6
20130402 5 5 3 2 4 3
20130402 6 1 3 7 1 3
20130402 7 2 9 5 2 6
20130402 8 3 1 2 3 1
20130402 9 8 1 4 6 1
20130402 10 3 7 8 3 5
20130402 11 2 6 9 2 5
20130403 1 3 7 5 3 5
20130403 2 5 7 2 4 5
20130403 3 9 2 1 6 2
20130403 4 4 7 3 4 5
20130403 5 7 1 6 5 1
20130403 6 3 7 1 3 5
20130403 7 7 5 9 5 4
20130403 8 8 4 9 6 4
20130403 9 9 1 7 6 1
20130403 10 1 4 3 1 4
20130403 11 7 5 1 5 4
20130420 1 4 7 3 0 0
20130420 2 4 1 7 0 0
20130420 3 2 5 3 0 0
20130420 4 1 7 6 0 0
20130420 5 1 4 5 0 0
20130420 6 3 5 8 3 4
20130420 7 2 3 1 2 3
20130420 8 3 5 7 3 4
20130420 9 2 5 9 2 4
20130420 10 7 5 2 5 4
20130421 1 4 3 5 0 0
20130421 2 2 3 5 0 0
20130421 3 5 7 1 0 0
20130421 4 2 1 6 0 0
20130421 5 3 2 7 0 0
20130421 6 2 5 6 2 4
20130421 7 1 9 2 1 6
20130421 8 9 3 1 6 3
20130421 9 1 8 5 1 6
20130421 10 5 1 6 4 1
20130422 1 2 5 3 0 0
20130422 2 3 7 5 0 0
20130422 3 7 3 1 0 0
20130422 4 7 2 5 0 0
20130422 5 1 7 3 0 0
20130422 6 3 6 2 3 5
20130422 7 3 9 7 3 6
20130422 8 5 3 1 4 3
20130422 9 2 9 1 2 6
20130422 10 1 3 9 1 3
20130430 1 5 3 1 4 3
20130430 2 1 5 9 1 4
20130430 3 1 7 5 1 5
20130430 4 1 5 7 1 4
20130430 5 3 9 5 3 6
20130430 6 5 8 1 4 6
20130430 7 7 5 2 5 4
20130430 8 9 4 1 6 4
20130430 9 5 6 1 4 5
20130430 10 5 9 2 4 6
20130430 11 8 3 1 6 3
20130501 1 8 9 2 6 6
20130501 2 5 7 2 4 5
20130501 3 8 7 2 6 5
20130501 4 2 9 5 2 6
20130501 5 9 5 6 6 4
20130501 6 9 3 7 6 3
20130501 7 9 5 3 6 4
20130501 8 1 7 4 1 5
20130501 9 1 2 5 1 2
20130501 10 7 2 5 5 2
20130501 11 3 4 6 3 4
20130502 1 2 8 1 2 6
20130502 2 7 3 2 5 3
20130502 3 5 7 1 4 5
20130502 4 2 7 5 2 5
20130502 5 2 5 9 2 4
20130502 6 1 3 5 1 3
20130502 7 9 5 7 6 4
20130502 8 7 1 3 5 1
20130502 9 2 9 1 2 6
20130502 10 2 1 8 2 1
20130502 11 2 5 1 2 4
20130603 1 5 7 1 0 0
20130603 2 9 1 2 6 1
20130603 3 7 1 2 5 1
20130603 4 2 9 7 2 6
20130603 5 1 5 7 1 4
20130603 6 6 1 9 5 1
20130603 7 2 7 5 2 5
20130603 8 9 2 4 6 2
20130603 9 7 3 4 5 3
20130603 10 1 4 7 1 4
20130603 11 5 3 6 4 3
20130604 1 2 8 6 2 6
20130604 2 7 5 9 5 4
20130604 3 2 1 6 2 1
20130604 4 1 5 7 1 4
20130604 5 3 9 8 3 6
20130604 6 5 1 3 4 1
20130604 7 1 5 7 1 4
20130604 8 7 2 5 5 2
20130604 9 7 2 9 5 2
20130604 10 2 7 1 2 5
20130604 11 5 3 6 4 3
20130605 1 3 2 6 3 2
20130605 2 2 4 8 2 4
20130605 3 3 7 1 3 5
20130605 4 9 3 7 6 3
20130605 5 2 9 7 2 6
20130605 6 8 1 5 6 1
20130605 7 6 3 9 5 3
20130605 8 2 5 9 2 4
20130605 9 2 1 5 2 1
20130605 10 5 3 2 4 3
20130605 11 4 9 1 4 6
20130610 1 3 1 2 0 0
20130610 2 3 4 5 0 0
20130610 3 5 4 1 0 0
20130610 4 2 1 3 0 0
20130610 5 2 7 4 0 0
20130610 6 7 1 3 5 1
20130610 7 2 7 1 2 5
20130610 8 5 9 1 4 6
20130610 9 7 1 4 5 1
20130610 10 5 1 9 4 1
20130611 1 2 5 4 0 0
20130611 2 7 1 5 0 0
20130611 3 1 5 2 0 0
20130611 4 7 2 3 0 0
20130611 5 5 4 2 0 0
20130611 6 2 1 7 2 1
20130611 7 9 1 4 6 1
20130611 8 3 8 4 3 6
20130611 9 3 8 2 3 6
20130611 10 9 5 3 6 4
20130612 1 4 2 5 0 0
20130612 2 4 5 7 0 0
20130612 3 5 3 4 0 0
20130612 4 1 2 3 0 0
20130612 5 4 3 2 0 0
20130612 6 1 2 9 1 2
20130612 7 1 9 5 1 6
20130612 8 1 5 9 1 4
20130612 9 3 9 5 3 6
20130612 10 2 4 1 2 4
20130720 1 1 7 2 1 5
20130720 2 3 5 1 3 4
20130720 3 2 7 1 2 5
20130720 4 5 1 2 4 1
20130720 5 1 9 7 1 6
20130720 6 3 7 5 3 5
20130720 7 2 7 1 2 5
20130720 8 3 7 1 3 5
20130720 9 5 3 4 4 3
20130720 10 9 8 3 6 6
20130720 11 1 7 3 1 5
20130721 1 7 3 9 5 3
20130721 2 1 5 6 1 4
20130721 3 5 3 9 4 3
20130721 4 1 7 9 1 5
20130721 5 5 3 7 4 3
20130721 6 9 2 7 6 2
20130721 7 7 9 5 5 6
20130721 8 5 1 7 4 1
20130721 9 1 5 9 1 4
20130721 10 9 2 3 6 2
20130721 11 5 7 2 4 5
20130722 1 3 2 7 3 2
20130722 2 8 4 3 6 4
20130722 3 2 9 6 2 6
20130722 4 2 5 7 2 4
20130722 5 6 1 5 5 1
20130722 6 6 1 5 5 1
20130722 7 5 7 2 4 5
20130722 8 9 7 1 6 5
20130722 9 5 9 3 4 6
20130722 10 2 3 7 2 3
20130722 11 3 1 2 3 1
20130723 1 5 2 3 4 2
20130723 2 2 7 8 2 5
20130723 3 1 9 2 1 6
20130723 4 2 4 1 2 4
20130723 5 7 5 3 5 4
20130723 6 9 1 7 6 1
20130723 7 5 1 7 4 1
20130723 8 1 9 2 1 6
20130723 9 5 2 4 4 2
20130723 10 2 9 7 2 6
20130723 11 7 1 2 5 1
20130729 1 2 1 3 0 0
20130729 2 3 7 1 0 0
20130729 3 5 3 7 0 0
20130729 4 5 2 7 0 0
20130729 5 1 3 2 0 0
20130729 6 9 2 8 6 2
20130729 7 2 4 9 2 4
20130729 8 4 3 2 4 3
20130729 9 6 9 7 5 6
20130729 10 3 2 9 3 2
20130730 1 3 7 1 0 0
20130730 2 1 4 5 0 0
20130730 3 7 2 4 0 0
20130730 4 7 2 5 0 0
20130730 5 4 7 1 0 0
20130730 6 7 4 3 5 4
20130730 7 2 7 1 2 5
20130730 8 1 9 7 1 6
20130730 9 9 1 2 6 1
20130730 10 5 3 7 4 3
20130731 1 1 3 2 0 0
20130731 2 3 4 2 0 0
20130731 3 2 3 5 0 0
20130731 4 2 5 3 0 0
20130731 5 2 1 5 0 0
20130731 6 2 7 8 2 5
20130731 7 8 3 2 6 3
20130731 8 6 5 3 5 4
20130731 9 5 2 3 4 2
20130731 10 7 1 2 5 1
20130807 1 4 3 7 0 0
20130807 2 4 5 7 0 0
20130807 3 1 5 4 0 0
20130807 4 2 5 7 0 0
20130807 5 3 1 2 0 0
20130807 6 1 4 9 0 0
20130807 7 4 7 1 4 5
20130807 8 9 7 2 6 5
20130807 9 5 3 2 4 3
20130807 10 7 9 4 5 6
20130808 1 7 3 4 0 0
20130808 2 4 3 2 0 0
20130808 3 1 2 6 0 0
20130808 4 2 3 7 0 0
20130808 5 5 7 2 0 0
20130808 6 1 2 7 1 2
20130808 7 1 7 5 1 5
20130808 8 3 1 9 3 1
20130808 9 7 3 1 5 3
20130808 10 9 1 6 6 1
20130809 1 7 4 2 0 0
20130809 2 7 3 6 0 0
20130809 3 5 7 2 0 0
20130809 4 2 5 7 0 0
20130809 5 2 4 7 0 0
20130809 6 1 3 7 1 3
20130809 7 2 4 6 2 4
20130809 8 9 5 1 6 4
20130809 9 2 7 5 2 5
20130809 10 5 1 3 4 1
20130907 1 4 5 3 0 0
20130907 2 7 5 3 0 0
20130907 3 7 1 6 0 0
20130907 4 3 7 5 0 0
20130907 5 5 7 2 0 0
20130907 6 4 7 5 0 0
20130907 7 7 6 2 0 0
20130907 8 7 3 2 5 3
20130907 9 2 3 1 2 3
20130907 10 1 7 5 1 5
20130907 11 1 7 8 1 5
20130907 12 9 8 7 6 6
20130908 1 7 1 4 0 0
20130908 2 5 1 3 0 0
20130908 3 1 3 4 0 0
20130908 4 4 2 6 0 0
20130908 5 2 5 3 0 0
20130908 6 6 3 5 0 0
20130908 7 5 1 2 0 0
20130908 8 4 3 5 4 3
20130908 9 5 7 3 4 5
20130908 10 2 5 3 2 4
20130908 11 2 3 5 2 3
20130908 12 1 2 5 1 2
20130909 1 2 4 5 0 0
20130909 2 4 7 6 0 0
20130909 3 3 1 5 0 0
20130909 4 4 5 6 0 0
20130909 5 3 7 5 0 0
20130909 6 2 3 9 2 3
20130909 7 2 6 5 2 5
20130909 8 5 1 6 4 1
20130909 9 2 5 1 2 4
20130909 10 1 6 5 0 0
20130909 11 3 6 4 0 0
20130909 12 3 7 2 3 5
20130925 1 9 5 2 6 4
20130925 2 3 9 2 3 6
20130925 3 7 1 2 5 1
20130925 4 5 7 1 4 5
20130925 5 3 2 1 3 2
20130925 6 1 4 7 1 4
20130925 7 7 5 9 5 4
20130925 8 7 9 2 5 6
20130925 9 2 3 7 2 3
20130925 10 1 3 9 1 3
20130925 11 3 4 5 3 4
20130926 1 7 3 1 5 3
20130926 2 3 9 5 3 6
20130926 3 9 3 6 6 3
20130926 4 2 1 7 2 1
20130926 5 2 9 1 2 6
20130926 6 7 1 2 5 1
20130926 7 3 7 2 3 6
20130926 8 2 5 3 2 4
20130926 9 7 5 2 5 4
20130926 10 3 1 9 3 1
20130926 11 3 9 7 3 6
20130927 1 5 1 2 4 1
20130927 2 3 9 5 3 6
20130927 3 9 5 3 6 4
20130927 4 3 9 5 3 6
20130927 5 9 5 1 6 4
20130927 6 3 8 2 3 6
20130927 7 2 8 1 2 6
20130927 8 7 1 5 5 1
20130927 9 2 1 6 2 1
20130927 10 2 9 3 2 6
20130927 11 2 4 9 2 4
20131002 1 7 1 2 5 1
20131002 2 3 9 1 3 6
20131002 3 7 2 3 5 2
20131002 4 5 1 2 4 1
20131002 5 9 2 5 6 2
20131002 6 6 1 5 5 1
20131002 7 2 7 1 2 5
20131002 8 1 9 4 1 6
20131002 9 5 7 9 4 5
20131002 10 7 2 3 5 2
20131002 11 1 9 3 1 6
20131003 1 9 4 7 6 4
20131003 2 1 5 6 1 4
20131003 3 1 4 9 1 4
20131003 4 9 5 8 6 4
20131003 5 1 3 6 1 3
20131003 6 1 9 8 1 6
20131003 7 2 9 7 2 6
20131003 8 5 3 2 4 3
20131003 9 5 7 8 4 5
20131003 10 7 3 1 5 3
20131003 11 3 9 2 3 6
20131004 1 5 3 9 4 3
20131004 2 2 9 3 2 6
20131004 3 1 3 7 1 3
20131004 4 9 1 5 6 1
20131004 5 1 9 3 1 6
20131004 6 7 8 5 5 6
20131004 7 3 9 5 3 6
20131004 8 5 9 6 4 6
20131004 9 7 1 3 5 1
20131004 10 5 3 9 4 3
20131004 11 9 4 5 6 4
20131217 1 3 5 4 3 4
20131217 2 3 1 2 3 1
20131217 3 5 2 3 4 2
20131217 4 2 8 7 2 6
20131217 5 9 3 1 6 3
20131217 6 1 3 4 1 3
20131217 7 2 5 9 2 4
20131217 8 2 5 3 2 4
20131217 9 5 1 7 4 1
20131217 10 7 1 3 5 1
20131217 11 2 3 8 2 3
20131218 1 9 4 2 6 4
20131218 2 1 2 5 1 2
20131218 3 3 7 8 3 5
20131218 4 1 5 8 1 4
20131218 5 5 2 1 4 2
20131218 6 7 9 6 5 6
20131218 7 9 7 8 6 5
20131218 8 4 9 5 4 6
20131218 9 3 1 2 3 1
20131218 10 1 3 5 1 3
20131218 11 9 3 8 6 3
20131219 1 3 9 5 3 6
20131219 2 2 3 9 2 3
20131219 3 7 5 1 5 4
20131219 4 1 7 4 1 5
20131219 5 5 3 7 4 3
20131219 6 5 3 2 4 3
20131219 7 3 1 5 3 1
20131219 8 3 8 9 3 6
20131219 9 3 5 1 3 4
20131219 10 9 7 3 6 5
20131219 11 2 3 9 2 3
20140101 1 1 4 6 0 0
20140101 2 7 3 4 0 0
20140101 3 5 3 2 0 0
20140101 4 2 1 7 0 0
20140101 5 4 6 7 0 0
20140101 6 1 2 3 1 2
20140101 7 9 8 2 6 6
20140101 8 2 6 5 2 5
20140101 9 1 9 5 1 6
20140101 10 3 9 8 3 6
20140102 1 7 1 4 0 0
20140102 2 4 2 1 0 0
20140102 3 1 7 6 0 0
20140102 4 2 3 7 0 0
20140102 5 7 3 2 0 0
20140102 6 8 7 6 6 5
20140102 7 5 2 3 0 0
20140102 8 3 8 9 3 6
20140102 9 9 8 5 6 6
20140102 10 7 9 2 5 6
20140103 1 1 4 6 0 0
20140103 2 4 2 3 0 0
20140103 3 7 6 2 0 0
20140103 4 5 3 6 0 0
20140103 5 2 4 3 2 4
20140103 6 3 7 4 3 6
20140103 7 3 9 1 3 6
20140103 8 4 2 3 4 2
20140103 9 4 6 2 0 0
20140103 10 2 5 3 2 4
20140205 1 1 3 6 0 0
20140205 2 1 5 7 0 0
20140205 3 4 7 3 0 0
20140205 4 3 5 1 0 0
20140205 5 5 1 2 0 0
20140205 6 9 1 7 6 1
20140205 7 2 7 3 2 5
20140205 8 2 7 3 2 5
20140205 9 1 5 3 1 4
20140205 10 7 8 3 5 6
20140206 1 3 1 7 0 0
20140206 2 7 3 4 0 0
20140206 3 4 3 2 0 0
20140206 4 5 3 2 0 0
20140206 5 4 7 6 0 0
20140206 6 2 9 1 2 6
20140206 7 3 7 9 3 5
20140206 8 7 2 5 5 2
20140206 9 9 3 7 6 3
20140206 10 2 6 7 2 5
20140207 1 2 5 3 0 0
20140207 2 1 4 7 0 0
20140207 3 6 4 7 0 0
20140207 4 2 1 4 0 0
20140207 5 4 2 3 4 2
20140207 6 3 5 9 3 4
20140207 7 1 5 7 1 4
20140207 8 6 5 4 5 4
20140207 9 1 4 3 0 0
20140207 10 4 2 7 4 2
20140212 1 1 5 7 0 0
20140212 2 1 5 7 0 0
20140212 3 3 7 1 0 0
20140212 4 5 4 3 0 0
20140212 5 2 3 7 0 0
20140212 6 1 9 5 1 6
20140212 7 1 7 9 1 5
20140212 8 2 5 4 2 4
20140212 9 9 7 3 6 5
20140212 10 7 2 9 5 2
20140213 1 6 7 3 0 0
20140213 2 6 7 3 0 0
20140213 3 7 2 6 0 0
20140213 4 3 7 4 0 0
20140213 5 4 3 7 0 0
20140213 6 9 4 3 6 4
20140213 7 1 3 9 1 3
20140213 8 3 7 2 3 5
20140213 9 5 7 2 4 5
20140213 10 5 1 4 4 1
20140214 1 4 5 1 0 0
20140214 2 4 5 1 0 0
20140214 3 7 5 1 0 0
20140214 4 2 5 6 0 0
20140214 5 4 3 2 4 3
20140214 6 2 5 8 2 4
20140214 7 8 4 3 6 4
20140214 8 7 5 3 5 4
20140214 9 1 7 2 0 0
20140214 10 5 9 1 4 6
20140219 1 3 5 7 0 0
20140219 2 3 4 7 0 0
20140219 3 1 7 3 0 0
20140219 4 3 7 5 0 0
20140219 5 5 1 3 0 0
20140219 6 9 2 3 6 2
20140219 7 7 3 1 5 3
20140219 8 1 9 6 1 6
20140219 9 1 5 3 1 4
20140219 10 3 1 4 3 1
20140220 1 7 1 2 0 0
20140220 2 2 4 3 0 0
20140220 3 1 2 5 0 0
20140220 4 3 4 6 0 0
20140220 5 2 5 1 0 0
20140220 6 3 1 9 3 1
20140220 7 4 3 8 4 3
20140220 8 5 3 1 4 3
20140220 9 9 1 4 6 1
20140220 10 8 9 4 6 6
20140221 1 1 4 7 0 0
20140221 2 7 3 5 0 0
20140221 3 5 2 1 0 0
20140221 4 7 3 6 0 0
20140221 5 7 2 5 6 2
20140221 6 9 5 3 6 4
20140221 7 1 9 3 1 6
20140221 8 2 7 3 2 5
20140221 9 7 4 1 0 0
20140221 10 2 4 9 2 4
20140324 1 5 7 6 4 5
20140324 2 8 7 5 6 5
20140324 3 1 7 3 1 5
20140324 4 9 1 2 6 1
20140324 5 7 5 1 5 4
20140324 6 3 5 1 3 4
20140324 7 2 9 7 2 6
20140324 8 3 2 9 3 2
20140324 9 1 5 4 1 4
20140324 10 1 3 2 1 3
20140324 11 7 1 5 5 1
20140325 1 5 9 1 4 6
20140325 2 3 9 1 3 6
20140325 3 3 5 7 3 4
20140325 4 1 7 2 1 5
20140325 5 2 7 1 2 5
20140325 6 5 1 7 4 1
20140325 7 7 1 4 5 1
20140325 8 2 1 7 2 1
20140325 9 1 9 2 1 6
20140325 10 1 7 8 1 5
20140325 11 9 3 5 6 3
20140326 1 9 3 6 6 3
20140326 2 2 1 9 2 1
20140326 3 2 7 5 2 5
20140326 4 1 6 2 1 5
20140326 5 2 1 9 2 1
20140326 6 3 5 1 3 4
20140326 7 3 2 9 3 2
20140326 8 7 4 8 5 4
20140326 9 1 7 9 1 5
20140326 10 2 3 5 2 3
20140326 11 2 7 3 2 5
20140329 1 3 5 2 0 0
20140329 2 2 4 3 0 0
20140329 3 1 4 5 0 0
20140329 4 2 7 3 0 0
20140329 5 4 1 6 0 0
20140329 6 9 1 8 6 1
20140329 7 3 7 2 3 5
20140329 8 4 1 7 4 1
20140329 9 7 2 3 5 2
20140329 10 6 2 9 5 2
20140330 1 3 2 6 0 0
20140330 2 4 5 3 0 0
20140330 3 7 5 1 0 0
20140330 4 3 4 5 0 0
20140330 5 2 6 7 0 0
20140330 6 2 9 4 2 6
20140330 7 7 3 4 5 3
20140330 8 7 8 4 5 6
20140330 9 3 5 7 3 4
20140330 10 1 2 3 1 2
20140331 1 6 1 2 0 0
20140331 2 2 4 5 0 0
20140331 3 3 1 7 0 0
20140331 4 5 6 2 0 0
20140331 5 7 9 6 5 6
20140331 6 2 5 1 2 4
20140331 7 9 1 5 6 1
20140331 8 6 7 4 5 5
20140331 9 5 2 1 0 0
20140331 10 3 1 6 3 1
20140402 1 5 3 7 4 3
20140402 2 5 4 3 4 4
20140402 3 5 3 8 4 3
20140402 4 3 2 1 3 2
20140402 5 3 7 9 3 5
20140402 6 5 7 2 0 0
20140402 7 3 6 4 0 0
20140402 8 1 5 2 1 4
20140402 9 5 1 3 4 1
20140402 10 2 5 9 2 4
20140402 11 1 7 5 1 5
20140402 12 2 4 3 2 4
20140403 1 5 1 3 4 1
20140403 2 2 9 5 2 6
20140403 3 2 7 5 2 5
20140403 4 5 7 2 4 5
20140403 5 1 2 3 1 2
20140403 6 7 4 6 0 0
20140403 7 6 1 3 0 0
20140403 8 1 7 8 1 5
20140403 9 2 5 6 2 4
20140403 10 5 3 2 4 3
20140403 11 5 1 3 4 1
20140403 12 7 1 4 5 1
20140404 1 4 1 3 4 1
20140404 2 8 6 5 6 5
20140404 3 5 3 2 4 3
20140404 4 5 3 9 4 3
20140404 5 3 1 5 0 0
20140404 6 2 5 7 2 4
20140404 7 7 3 6 5 3
20140404 8 2 9 7 2 6
20140404 9 2 1 7 2 1
20140404 10 7 9 3 5 6
20140404 11 5 2 6 0 0
20140404 12 4 2 8 4 2
20140409 1 7 4 1 0 0
20140409 2 4 1 2 0 0
20140409 3 4 2 5 0 0
20140409 4 2 1 4 0 0
20140409 5 5 3 4 0 0
20140409 6 9 7 2 6 5
20140409 7 9 5 2 6 4
20140409 8 3 5 7 3 4
20140409 9 7 3 4 5 3
20140409 10 5 4 8 4 4
20140410 1 7 3 5 0 0
20140410 2 1 7 3 0 0
20140410 3 5 6 1 0 0
20140410 4 3 4 2 0 0
20140410 5 1 7 3 0 0
20140410 6 2 5 3 2 4
20140410 7 7 2 3 5 2
20140410 8 1 9 7 1 6
20140410 9 4 9 6 4 6
20140410 10 3 7 4 3 5
20140411 1 7 6 1 0 0
20140411 2 3 5 1 0 0
20140411 3 5 1 4 0 0
20140411 4 5 2 1 0 0
20140411 5 2 9 1 2 6
20140411 6 1 5 7 1 4
20140411 7 5 9 7 4 6
20140411 8 2 1 9 2 1
20140411 9 5 2 7 0 0
20140411 10 4 6 8 4 5
20140421 1 7 3 4 5 3
20140421 2 2 5 1 2 4
20140421 3 1 5 7 1 4
20140421 4 5 8 9 4 6
20140421 5 2 7 9 2 5
20140421 6 3 7 8 3 5
20140421 7 9 2 1 6 2
20140421 8 7 3 1 5 3
20140421 9 3 5 2 3 4
20140421 10 7 5 1 5 4
20140421 11 3 6 7 3 5
20140422 1 2 9 7 2 6
20140422 2 2 5 7 2 4
20140422 3 3 4 7 3 4
20140422 4 9 8 5 6 6
20140422 5 9 3 5 6 3
20140422 6 9 8 7 6 6
20140422 7 8 6 7 6 5
20140422 8 2 5 7 2 4
20140422 9 1 9 5 1 6
20140422 10 2 3 9 2 3
20140422 11 9 1 7 6 1
20140423 1 5 2 9 4 2
20140423 2 5 7 8 4 5
20140423 3 5 7 3 4 5
20140423 4 1 8 7 1 6
20140423 5 2 5 6 2 4
20140423 6 5 2 1 4 2
20140423 7 7 1 8 5 1
20140423 8 1 5 6 1 4
20140423 9 5 4 9 4 4
20140423 10 7 5 9 5 4
20140423 11 1 3 7 1 3
20140519 1 9 2 7 6 2
20140519 2 5 2 8 4 2
20140519 3 7 1 9 5 1
20140519 4 1 2 8 1 2
20140519 5 1 5 3 1 4
20140519 6 2 4 1 2 4
20140519 7 1 7 3 1 5
20140519 8 3 7 1 3 5
20140519 9 3 5 9 3 4
20140519 10 2 3 1 2 3
20140519 11 9 7 4 6 5
20140520 1 2 7 9 2 5
20140520 2 8 1 2 6 1
20140520 3 3 8 9 3 6
20140520 4 7 1 4 5 1
20140520 5 2 5 7 2 4
20140520 6 1 5 9 1 4
20140520 7 1 7 8 1 6
20140520 8 7 4 3 6 4
20140520 9 5 1 9 4 1
20140520 10 2 1 7 2 1
20140520 11 1 9 3 1 6
20140521 1 9 7 5 6 5
20140521 2 2 9 5 2 6
20140521 3 2 7 4 2 5
20140521 4 4 7 3 4 5
20140521 5 5 2 7 4 2
20140521 6 1 7 5 1 6
20140521 7 5 2 7 5 2
20140521 8 3 9 7 3 6
20140521 9 5 1 9 4 1
20140521 10 1 9 4 1 6
20140521 11 2 6 8 2 5
20140704 1 5 7 1 0 0
20140704 2 2 7 3 0 0
20140704 3 4 7 3 0 0
20140704 4 4 2 5 0 0
20140704 5 1 3 7 0 0
20140704 6 1 9 5 1 6
20140704 7 9 5 2 6 4
20140704 8 2 9 5 2 6
20140704 9 1 9 5 1 6
20140704 10 5 1 3 4 1
20140705 1 3 4 2 0 0
20140705 2 3 5 7 0 0
20140705 3 7 2 6 0 0
20140705 4 3 7 1 0 0
20140705 5 5 2 1 0 0
20140705 6 9 3 4 6 3
20140705 7 5 6 2 4 5
20140705 8 7 2 3 5 2
20140705 9 1 3 4 1 3
20140705 10 2 9 5 2 6
20140706 1 3 7 5 0 0
20140706 2 6 5 7 0 0
20140706 3 4 3 6 0 0
20140706 4 4 5 7 0 0
20140706 5 1 6 5 1 5
20140706 6 9 4 7 6 4
20140706 7 2 9 7 2 6
20140706 8 9 2 7 6 2
20140706 9 5 1 3 0 0
20140706 10 7 6 4 5 5
20140810 1 3 2 5 0 0
20140810 2 1 7 4 0 0
20140810 3 2 6 3 0 0
20140810 4 3 4 1 0 0
20140810 5 5 3 4 0 0
20140810 6 2 3 9 2 3
20140810 7 2 6 3 2 5
20140810 8 7 9 1 5 6
20140810 9 7 1 3 5 1
20140810 10 5 7 2 4 5
20140811 1 3 6 4 0 0
20140811 2 3 7 1 0 0
20140811 3 7 3 2 0 0
20140811 4 2 4 5 0 0
20140811 5 2 3 1 0 0
20140811 6 2 5 9 2 4
20140811 7 7 1 4 5 1
20140811 8 8 6 2 6 5
20140811 9 7 3 9 5 3
20140811 10 5 7 3 4 5
20140812 1 2 1 3 0 0
20140812 2 2 4 3 0 0
20140812 3 4 6 1 0 0
20140812 4 6 5 3 0 0
20140812 5 2 9 7 2 6
20140812 6 9 7 1 6 5
20140812 7 5 2 9 4 2
20140812 8 0 0 0 0 0
20140812 9 7 1 3 0 0
20140812 10 1 3 5 1 3
20140821 1 2 4 7 2 4
20140821 2 5 1 3 4 1
20140821 3 2 1 5 2 1
20140821 4 3 2 8 3 2
20140821 5 1 9 7 1 6
20140821 6 2 9 3 2 6
20140821 7 9 1 4 6 1
20140821 8 5 3 8 4 3
20140821 9 3 4 2 3 4
20140821 10 7 2 1 5 2
20140821 11 1 5 8 1 4
20140821 12 2 3 9 2 3
20140822 1 9 4 8 6 4
20140822 2 7 2 1 5 2
20140822 3 7 2 9 5 2
20140822 4 9 3 5 6 3
20140822 5 8 2 1 6 2
20140822 6 1 7 9 1 5
20140822 7 5 1 9 4 1
20140822 8 3 7 1 3 5
20140822 9 9 5 1 6 4
20140822 10 9 3 8 6 3
20140822 11 2 3 5 2 3
20140822 12 9 6 5 6 5
20140823 1 1 8 7 1 6
20140823 2 1 5 7 1 5
20140823 3 9 1 5 6 1
20140823 4 2 9 8 2 6
20140823 5 9 5 1 6 4
20140823 6 7 1 9 5 1
20140823 7 5 1 9 4 1
20140823 8 2 7 8 2 5
20140823 9 9 1 4 6 1
20140823 10 1 2 9 1 2
20140823 11 1 5 2 1 4
20140823 12 3 1 5 3 1
20140824 1 4 5 2 4 4
20140824 2 2 6 4 2 5
20140824 3 5 3 7 4 3
20140824 4 3 9 7 3 6
20140824 5 2 9 3 2 6
20140824 6 1 4 2 1 4
20140824 7 9 2 4 6 2
20140824 8 1 2 9 1 2
20140824 9 2 5 4 2 4
20140824 10 4 2 1 4 2
20140824 11 7 1 4 5 1
20140901 1 3 5 4 0 0
20140901 2 2 7 4 0 0
20140901 3 3 7 4 0 0
20140901 4 3 1 5 0 0
20140901 5 7 4 1 0 0
20140901 6 4 2 6 4 2
20140901 7 1 4 7 1 4
20140901 8 9 1 2 6 1
20140901 9 9 1 3 6 1
20140901 10 9 5 7 6 4
20140902 1 7 5 4 0 0
20140902 2 7 1 3 0 0
20140902 3 1 7 2 0 0
20140902 4 5 1 2 0 0
20140902 5 7 1 2 0 0
20140902 6 1 5 9 1 4
20140902 7 4 1 2 4 1
20140902 8 2 1 5 2 1
20140902 9 9 7 3 6 5
20140902 10 7 1 3 5 1
20140903 1 1 5 3 0 0
20140903 2 3 5 1 0 0
20140903 3 1 4 3 0 0
20140903 4 1 7 5 0 0
20140903 5 3 2 6 3 2
20140903 6 9 2 1 6 2
20140903 7 6 2 4 5 2
20140903 8 9 5 1 6 4
20140903 9 7 5 4 0 0
20140903 10 5 9 7 4 6
20141007 1 5 2 7 0 0
20141007 2 1 7 5 0 0
20141007 3 3 2 4 0 0
20141007 4 5 2 6 0 0
20141007 5 4 1 2 0 0
20141007 6 9 2 3 6 2
20141007 7 1 5 7 1 4
20141007 8 1 9 4 1 6
20141007 9 4 2 7 4 2
20141007 10 4 1 2 4 1
20141008 1 2 7 6 0 0
20141008 2 4 5 3 0 0
20141008 3 5 2 1 0 0
20141008 4 2 7 4 0 0
20141008 5 1 2 7 0 0
20141008 6 7 5 1 5 4
20141008 7 5 7 1 4 5
20141008 8 9 1 6 6 1
20141008 9 1 2 3 1 2
20141008 10 2 5 7 2 4
20141009 1 1 3 7 0 0
20141009 2 5 3 4 0 0
20141009 3 2 7 5 0 0
20141009 4 4 2 1 0 0
20141009 5 3 5 2 3 4
20141009 6 7 1 8 5 1
20141009 7 1 7 2 1 5
20141009 8 5 1 6 4 1
20141009 9 2 7 1 0 0
20141009 10 9 2 3 6 2
20141015 1 2 5 1 2 4
20141015 2 1 9 2 1 6
20141015 3 3 5 4 3 4
20141015 4 2 1 5 2 1
20141015 5 2 1 8 2 1
20141015 6 7 2 5 0 0
20141015 7 2 7 3 0 0
20141015 8 1 3 4 1 3
20141015 9 3 7 8 3 5
20141015 10 3 2 7 3 2
20141015 11 2 7 4 2 5
20141015 12 8 3 1 6 3
20141016 1 9 1 5 6 1
20141016 2 5 1 2 4 1
20141016 3 9 2 7 6 2
20141016 4 1 9 5 1 6
20141016 5 2 5 3 2 4
20141016 6 5 4 7 0 0
20141016 7 3 5 1 0 0
20141016 8 3 7 5 3 5
20141016 9 5 2 9 4 2
20141016 10 2 3 1 2 3
20141016 11 8 4 9 6 4
20141016 12 9 1 4 6 1
20141017 1 2 3 6 2 3
20141017 2 3 1 9 3 1
20141017 3 3 5 2 3 4
20141017 4 5 2 9 4 2
20141017 5 5 3 2 0 0
20141017 6 2 9 4 2 6
20141017 7 2 5 1 2 4
20141017 8 3 1 2 3 1
20141017 9 7 6 2 0 0
20141017 10 7 3 4 5 3
20141017 11 1 5 3 1 4
20141017 12 3 5 8 3 4
20141211 1 1 5 3 0 0
20141211 2 3 2 6 0 0
20141211 3 4 7 1 0 0
20141211 4 3 6 1 0 0
20141211 5 4 1 5 0 0
20141211 6 5 9 2 4 6
20141211 7 5 1 3 4 1
20141211 8 5 1 7 4 1
20141211 9 3 6 1 3 5
20141211 10 4 6 7 4 5
20141212 1 5 2 6 0 0
20141212 2 2 5 1 0 0
20141212 3 4 5 1 0 0
20141212 4 2 1 3 0 0
20141212 5 5 1 7 0 0
20141212 6 7 3 9 5 3
20141212 7 2 1 6 2 1
20141212 8 2 4 9 2 4
20141212 9 6 9 3 5 6
20141212 10 5 4 9 4 4
20141213 1 2 5 4 0 0
20141213 2 5 2 3 0 0
20141213 3 5 7 2 0 0
20141213 4 5 2 4 0 0
20141213 5 9 3 4 6 3
20141213 6 1 4 5 1 4
20141213 7 2 7 3 0 0
20141213 8 1 4 2 1 4
20141213 9 1 7 2 1 5
20141213 10 7 5 2 5 4
20141225 1 2 4 7 0 0
20141225 2 1 3 7 0 0
20141225 3 1 7 5 0 0
20141225 4 3 1 5 0 0
20141225 5 5 1 3 0 0
20141225 6 4 5 1 0 0
20141225 7 6 2 7 0 0
20141225 8 2 7 8 2 5
20141225 9 4 5 3 4 4
20141225 10 5 9 2 4 6
20141225 11 7 4 8 5 4
20141225 12 3 2 1 3 2
20141226 1 3 7 6 0 0
20141226 2 4 7 5 0 0
20141226 3 7 1 5 0 0
20141226 4 6 1 4 0 0
20141226 5 4 3 7 0 0
20141226 6 7 3 2 0 0
20141226 7 1 2 3 0 0
20141226 8 6 2 4 5 2
20141226 9 8 2 9 6 2
20141226 10 1 5 6 1 4
20141226 11 4 3 6 4 3
20141226 12 3 5 1 3 4
20141227 1 1 3 6 0 0
20141227 2 4 7 6 0 0
20141227 3 2 1 7 0 0
20141227 4 1 5 2 0 0
20141227 5 6 1 3 0 0
20141227 6 1 6 3 1 5
20141227 7 8 5 3 6 4
20141227 8 3 5 6 0 0
20141227 9 3 2 1 0 0
20141227 10 1 3 7 1 3
20141227 11 5 3 2 4 3
20141227 12 7 2 8 5 2
20150204 1 3 5 1 0 0
20150204 2 1 3 2 0 0
20150204 3 7 4 3 0 0
20150204 4 2 6 5 0 0
20150204 5 1 5 4 0 0
20150204 6 7 3 2 0 0
20150204 7 5 9 4 4 6
20150204 8 6 3 1 5 3
20150204 9 2 7 5 2 5
20150204 10 8 2 4 6 2
20150205 1 2 3 5 0 0
20150205 2 7 2 4 0 0
20150205 3 3 7 1 0 0
20150205 4 5 2 7 0 0
20150205 5 6 1 2 0 0
20150205 6 2 7 3 2 5
20150205 7 7 8 2 5 6
20150205 8 9 1 3 6 1
20150205 9 9 2 5 6 2
20150205 10 5 7 2 4 5
20150206 1 3 6 4 0 0
20150206 2 1 4 2 0 0
20150206 3 7 3 5 0 0
20150206 4 4 1 3 0 0
20150206 5 3 7 9 3 5
20150206 6 7 9 1 5 6
20150206 7 3 1 4 0 0
20150206 8 1 4 5 1 4
20150206 9 8 3 5 6 3
20150206 10 5 8 1 4 6
20150209 1 2 8 4 2 6
20150209 2 1 5 7 1 4
20150209 3 1 4 3 1 4
20150209 4 1 7 9 1 5
20150209 5 5 1 9 4 1
20150209 6 8 2 1 6 2
20150209 7 3 4 1 3 4
20150209 8 1 8 5 1 6
20150209 9 2 7 4 2 5
20150209 10 3 5 7 3 4
20150209 11 7 1 3 5 1
20150210 1 7 1 5 5 1
20150210 2 5 2 7 4 2
20150210 3 9 1 6 6 1
20150210 4 4 3 7 4 3
20150210 5 1 7 8 1 5
20150210 6 5 2 3 4 2
20150210 7 9 7 2 6 5
20150210 8 9 3 1 6 3
20150210 9 5 1 8 4 1
20150210 10 9 5 1 6 4
20150210 11 2 3 5 2 3
20150211 1 1 8 2 1 6
20150211 2 3 8 5 3 6
20150211 3 5 8 3 4 6
20150211 4 2 5 9 2 4
20150211 5 7 1 5 5 1
20150211 6 7 1 3 5 1
20150211 7 9 3 5 6 3
20150211 8 1 2 9 1 2
20150211 9 8 1 6 6 1
20150211 10 7 9 4 5 6
20150211 11 3 7 5 3 5
20150226 1 2 5 3 0 0
20150226 2 4 6 3 0 0
20150226 3 1 7 2 0 0
20150226 4 3 7 2 0 0
20150226 5 4 3 1 0 0
20150226 6 5 8 3 4 6
20150226 7 2 5 3 2 4
20150226 8 4 3 9 4 3
20150226 9 9 1 2 6 1
20150226 10 5 9 3 4 6
20150227 1 3 2 6 0 0
20150227 2 7 4 2 0 0
20150227 3 3 5 7 0 0
20150227 4 7 3 4 0 0
20150227 5 5 1 2 0 0
20150227 6 2 1 5 2 1
20150227 7 3 1 9 3 1
20150227 8 9 2 6 6 2
20150227 9 7 1 3 5 1
20150227 10 9 2 6 6 2
20150228 1 6 5 4 0 0
20150228 2 4 6 3 0 0
20150228 3 5 7 1 0 0
20150228 4 7 4 3 0 0
20150228 5 7 2 1 5 2
20150228 6 5 3 9 4 3
20150228 7 3 5 2 0 0
20150228 8 1 7 4 1 5
20150228 9 3 7 8 3 5
20150228 10 7 5 3 5 4
20150311 1 2 4 5 0 0
20150311 2 5 2 4 0 0
20150311 3 7 3 2 0 0
20150311 4 1 7 4 0 0
20150311 5 5 2 3 0 0
20150311 6 2 9 3 2 6
20150311 7 5 1 7 4 1
20150311 8 9 5 2 6 4
20150311 9 7 1 3 5 1
20150311 10 2 5 7 2 4
20150312 1 3 5 1 0 0
20150312 2 4 7 1 0 0
20150312 3 1 7 4 0 0
20150312 4 5 1 3 0 0
20150312 5 1 7 5 0 0
20150312 6 3 2 4 3 2
20150312 7 3 5 1 3 4
20150312 8 3 9 2 3 6
20150312 9 9 1 3 6 1
20150312 10 7 1 5 5 1
20150313 1 7 2 4 0 0
20150313 2 3 1 2 0 0
20150313 3 5 3 4 0 0
20150313 4 5 1 2 0 0
20150313 5 9 1 7 6 1
20150313 6 3 9 1 3 6
20150313 7 2 1 4 0 0
20150313 8 9 1 7 6 1
20150313 9 9 2 5 6 2
20150313 10 1 3 6 1 3
20150325 1 2 3 6 2 3
20150325 2 7 3 1 5 3
20150325 3 1 9 2 1 6
20150325 4 1 3 9 1 3
20150325 5 2 9 4 2 6
20150325 6 4 3 8 4 3
20150325 7 5 3 9 4 3
20150325 8 9 7 1 6 5
20150325 9 9 4 5 6 4
20150325 10 5 3 7 4 3
20150325 11 3 7 6 3 5
20150326 1 1 8 3 1 6
20150326 2 2 9 5 2 6
20150326 3 3 7 5 3 5
20150326 4 9 2 4 6 2
20150326 5 9 1 3 6 1
20150326 6 7 1 6 5 1
20150326 7 8 7 4 6 5
20150326 8 9 3 1 6 3
20150326 9 5 9 6 4 6
20150326 10 2 7 6 2 5
20150326 11 2 5 9 2 4
20150327 1 7 9 8 5 6
20150327 2 9 1 7 6 1
20150327 3 2 9 5 2 6
20150327 4 1 5 7 1 4
20150327 5 6 9 8 5 6
20150327 6 3 2 5 3 2
20150327 7 2 1 6 2 1
20150327 8 3 5 7 3 4
20150327 9 3 1 8 3 1
20150327 10 1 2 9 1 2
20150327 11 1 3 9 1 3
20150406 1 4 3 7 0 0
20150406 2 5 2 7 0 0
20150406 3 3 7 2 0 0
20150406 4 1 4 2 0 0
20150406 5 2 5 1 0 0
20150406 6 1 9 2 1 6
20150406 7 1 2 9 1 2
20150406 8 2 3 9 2 3
20150406 9 4 2 3 4 2
20150406 10 9 5 3 6 4
20150407 1 2 1 4 0 0
20150407 2 4 3 7 0 0
20150407 3 4 2 5 0 0
20150407 4 2 4 5 0 0
20150407 5 2 7 3 0 0
20150407 6 7 4 2 6 4
20150407 7 1 3 7 1 3
20150407 8 5 9 3 4 6
20150407 9 7 5 3 5 4
20150407 10 7 1 4 5 1
20150408 1 5 4 3 0 0
20150408 2 1 6 3 0 0
20150408 3 1 3 2 0 0
20150408 4 5 1 6 0 0
20150408 5 7 8 2 6 6
20150408 6 1 3 5 1 3
20150408 7 5 7 3 0 0
20150408 8 5 2 1 4 2
20150408 9 7 9 2 5 6
20150408 10 9 7 1 6 5
20150423 1 3 8 4 3 6
20150423 2 5 2 4 4 2
20150423 3 2 9 7 2 6
20150423 4 5 9 2 4 6
20150423 5 1 3 7 1 3
20150423 6 6 3 7 0 0
20150423 7 5 7 2 0 0
20150423 8 3 9 7 3 6
20150423 9 2 9 1 2 6
20150423 10 5 2 8 4 2
20150423 11 5 2 3 4 2
20150423 12 9 3 7 6 3
20150424 1 4 1 3 4 1
20150424 2 7 9 8 5 6
20150424 3 2 7 1 2 5
20150424 4 1 5 2 1 4
20150424 5 5 7 1 4 5
20150424 6 4 2 6 0 0
20150424 7 3 2 4 0 0
20150424 8 7 9 1 5 6
20150424 9 5 7 8 4 5
20150424 10 3 1 7 3 1
20150424 11 3 9 6 3 6
20150424 12 3 4 5 3 4
20150425 1 3 5 1 3 4
20150425 2 1 5 3 1 4
20150425 3 2 8 5 2 6
20150425 4 9 5 7 6 4
20150425 5 7 5 6 0 0
20150425 6 7 9 4 5 6
20150425 7 5 9 2 4 6
20150425 8 5 1 2 4 1
20150425 9 2 1 5 0 0
20150425 10 5 4 9 4 4
20150425 11 7 9 8 5 6
20150425 12 9 5 2 6 4
20150521 1 4 6 2 0 0
20150521 2 2 4 7 0 0
20150521 3 1 5 3 0 0
20150521 4 5 4 7 0 0
20150521 5 7 4 1 0 0
20150521 6 2 5 7 2 4
20150521 7 9 2 4 6 2
20150521 8 7 2 1 5 2
20150521 9 5 9 1 4 6
20150521 10 7 3 2 5 3
20150522 1 4 1 3 0 0
20150522 2 7 1 5 0 0
20150522 3 2 1 7 0 0
20150522 4 2 5 3 0 0
20150522 5 3 5 4 0 0
20150522 6 5 1 7 4 1
20150522 7 2 9 5 2 6
20150522 8 7 1 5 5 1
20150522 9 7 2 3 5 2
20150522 10 5 3 2 4 3
20150523 1 2 6 1 0 0
20150523 2 4 2 7 0 0
20150523 3 2 5 7 0 0
20150523 4 6 2 4 0 0
20150523 5 7 8 2 5 6
20150523 6 7 8 5 5 6
20150523 7 1 2 5 0 0
20150523 8 3 7 9 3 5
20150523 9 9 4 6 6 4
20150523 10 9 7 1 6 5
20150721 1 2 1 4 0 0
20150721 2 3 2 7 0 0
20150721 3 5 1 3 0 0
20150721 4 3 7 2 0 0
20150721 5 5 3 7 0 0
20150721 6 2 7 5 0 0
20150721 7 6 7 4 0 0
20150721 8 5 1 2 4 1
20150721 9 9 1 2 6 1
20150721 10 9 1 5 6 1
20150721 11 5 9 3 4 6
20150721 12 4 1 5 4 1
20150722 1 4 5 7 0 0
20150722 2 7 1 3 0 0
20150722 3 4 1 3 0 0
20150722 4 7 1 4 0 0
20150722 5 1 3 2 0 0
20150722 6 3 1 5 0 0
20150722 7 6 5 2 0 0
20150722 8 3 5 1 3 4
20150722 9 7 3 4 5 3
20150722 10 1 2 3 1 2
20150722 11 7 2 5 5 2
20150722 12 9 3 1 6 3
