20120422 1 1 5 2 0 0
20120422 2 5 2 7 0 0
20120422 3 2 4 5 0 0
20120422 4 7 2 4 0 0
20120422 5 3 1 4 0 0
20120422 6 1 4 8 1 4
20120422 7 5 3 7 4 3
20120422 8 7 3 2 5 3
20120422 9 9 1 3 6 1
20120422 10 7 9 3 5 6
20120422 11 9 7 5 6 5
20120423 1 3 1 7 0 0
20120423 2 7 3 1 0 0
20120423 3 1 5 2 0 0
20120423 4 7 2 6 0 0
20120423 5 2 3 7 0 0
20120423 6 7 4 1 6 4
20120423 7 9 3 6 6 3
20120423 8 3 1 9 3 1
20120423 9 1 2 7 1 2
20120423 10 8 1 2 6 1
20120423 11 2 9 1 2 6
20120424 1 2 5 4 0 0
20120424 2 7 4 2 0 0
20120424 3 2 4 7 0 0
20120424 4 2 3 6 0 0
20120424 5 2 5 1 0 0
20120424 6 3 9 6 3 6
20120424 7 2 9 4 2 6
20120424 8 7 1 4 5 1
20120424 9 7 9 1 5 6
20120424 10 3 5 1 3 4
20120424 11 5 6 1 4 5
20120501 1 8 1 2 6 1
20120501 2 1 7 5 1 5
20120501 3 2 3 9 2 3
20120501 4 3 2 5 3 2
20120501 5 5 7 9 4 5
20120501 6 3 7 1 3 5
20120501 7 9 4 2 6 4
20120501 8 2 8 4 2 6
20120501 9 1 7 8 1 5
20120501 10 2 1 8 2 1
20120501 11 2 1 5 2 1
20120501 12 2 3 1 2 3
20120502 1 9 6 4 6 5
20120502 2 2 6 1 2 5
20120502 3 9 7 5 6 5
20120502 4 7 5 9 5 4
20120502 5 5 9 4 4 6
20120502 6 1 5 2 1 4
20120502 7 5 3 9 4 3
20120502 8 5 9 2 4 6
20120502 9 2 1 7 2 1
20120502 10 2 6 4 2 5
20120502 11 2 5 4 2 4
20120502 12 1 5 9 1 4
20120503 1 2 8 5 2 6
20120503 2 3 6 1 3 5
20120503 3 5 1 9 4 1
20120503 4 5 3 9 4 3
20120503 5 1 7 4 1 5
20120503 6 1 9 2 1 6
20120503 7 2 5 9 2 4
20120503 8 9 2 8 6 2
20120503 9 2 7 5 2 5
20120503 10 9 3 4 6 3
20120503 11 7 3 2 5 3
20120503 12 9 5 2 6 4
20120512 1 2 3 7 0 0
20120512 2 3 2 1 0 0
20120512 3 1 3 5 0 0
20120512 4 7 2 3 0 0
20120512 5 1 7 5 0 0
20120512 6 3 9 7 3 6
20120512 7 5 2 1 4 2
20120512 8 9 3 1 6 3
20120512 9 3 2 5 3 2
20120512 10 9 3 1 6 3
20120512 11 7 9 2 5 6
20120513 1 5 1 7 0 0
20120513 2 1 7 4 0 0
20120513 3 1 4 3 0 0
20120513 4 5 1 6 0 0
20120513 5 7 4 1 0 0
20120513 6 4 2 9 4 2
20120513 7 3 7 4 3 5
20120513 8 2 7 1 2 5
20120513 9 3 7 8 3 5
20120513 10 2 7 3 2 5
20120513 11 1 7 5 1 5
20120514 1 7 5 1 0 0
20120514 2 2 3 1 0 0
20120514 3 5 1 6 0 0
20120514 4 6 3 2 0 0
20120514 5 6 3 2 0 0
20120514 6 2 5 7 2 5
20120514 7 3 9 5 3 6
20120514 8 2 9 4 2 6
20120514 9 3 5 4 3 4
20120514 10 2 5 7 2 4
20120514 11 7 1 2 5 1
20120530 1 3 1 5 3 1
20120530 2 1 2 7 1 2
20120530 3 3 7 5 3 5
20120530 4 2 9 7 2 6
20120530 5 3 7 5 3 5
20120530 6 3 7 8 3 5
20120530 7 1 2 9 1 2
20120530 8 3 1 5 3 1
20120530 9 3 9 5 3 6
20120530 10 3 7 1 3 5
20120530 11 3 1 5 3 1
20120530 12 7 1 6 5 1
20120531 1 9 5 7 6 4
20120531 2 3 9 4 3 6
20120531 3 1 9 7 1 6
20120531 4 7 1 4 5 1
20120531 5 8 3 2 6 3
20120531 6 5 7 1 4 5
20120531 7 2 1 9 2 1
20120531 8 5 1 7 4 1
20120531 9 3 5 8 3 4
20120531 10 5 6 4 4 5
20120531 11 9 7 2 6 5
20120531 12 9 1 4 6 1
20120601 1 2 5 9 2 4
20120601 2 9 2 5 6 2
20120601 3 6 1 2 5 1
20120601 4 5 7 4 4 5
20120601 5 3 2 1 3 2
20120601 6 2 5 6 2 5
20120601 7 3 1 7 3 1
20120601 8 2 5 7 2 4
20120601 9 2 3 7 2 3
20120601 10 7 3 5 5 3
20120601 11 9 3 2 6 3
20120601 12 5 8 3 4 6
20120607 1 4 2 6 0 0
20120607 2 1 7 3 0 0
20120607 3 4 6 1 0 0
20120607 4 1 3 2 0 0
20120607 5 2 7 5 0 0
20120607 6 9 2 7 6 2
20120607 7 7 2 9 5 2
20120607 8 9 1 3 6 1
20120607 9 2 5 9 2 4
20120607 10 9 3 1 6 3
20120607 11 5 1 2 4 1
20120608 1 7 2 5 0 0
20120608 2 3 7 5 0 0
20120608 3 2 7 3 0 0
20120608 4 5 7 2 0 0
20120608 5 1 4 7 0 0
20120608 6 5 2 7 4 2
20120608 7 4 7 5 4 5
20120608 8 5 1 9 4 1
20120608 9 2 1 5 2 1
20120608 10 3 5 1 3 4
20120608 11 9 3 7 6 3
20120609 1 3 6 4 0 0
20120609 2 4 2 1 0 0
20120609 3 1 3 2 0 0
20120609 4 5 1 4 0 0
20120609 5 3 7 5 0 0
20120609 6 4 3 9 4 3
20120609 7 7 8 2 5 6
20120609 8 3 8 1 3 6
20120609 9 1 7 3 1 5
20120609 10 1 5 3 1 4
20120609 11 8 3 2 6 3
20120611 1 2 5 7 0 0
20120611 2 1 7 2 0 0
20120611 3 3 7 2 0 0
20120611 4 3 7 2 0 0
20120611 5 5 1 4 0 0
20120611 6 4 2 5 4 2
20120611 7 7 3 5 5 3
20120611 8 2 5 9 2 4
20120611 9 1 8 3 1 6
20120611 10 7 3 9 5 3
20120611 11 5 2 7 4 2
20120612 1 2 7 5 0 0
20120612 2 2 5 4 0 0
20120612 3 7 4 1 0 0
20120612 4 7 5 1 0 0
20120612 5 3 2 5 0 0
20120612 6 4 1 9 4 1
20120612 7 7 2 5 5 2
20120612 8 3 7 6 3 5
20120612 9 1 3 6 1 3
20120612 10 5 1 2 4 1
20120612 11 1 7 8 1 5
20120613 1 4 2 7 0 0
20120613 2 2 3 5 0 0
20120613 3 1 3 6 0 0
20120613 4 2 7 4 0 0
20120613 5 5 1 6 0 0
20120613 6 1 5 3 1 4
20120613 7 9 5 2 6 4
20120613 8 2 3 7 2 3
20120613 9 1 7 3 1 5
20120613 10 1 5 2 1 4
20120613 11 9 1 3 6 1
20120618 1 2 9 7 2 6
20120618 2 2 5 8 2 4
20120618 3 1 9 7 1 6
20120618 4 7 4 3 5 4
20120618 5 2 7 3 2 5
20120618 6 9 2 1 6 2
20120618 7 5 8 1 4 6
20120618 8 9 4 3 6 4
20120618 9 3 1 5 3 1
20120618 10 4 9 8 4 6
20120618 11 7 1 4 5 1
20120618 12 9 3 7 6 3
20120619 1 5 1 7 4 1
20120619 2 5 1 9 4 1
20120619 3 1 7 5 1 5
20120619 4 5 2 3 4 2
20120619 5 8 9 3 6 6
20120619 6 5 2 9 4 2
20120619 7 8 6 9 6 5
20120619 8 3 4 8 3 4
20120619 9 2 1 5 2 1
20120619 10 9 2 1 6 2
20120619 11 5 7 9 4 5
20120619 12 5 2 3 4 2
20120620 1 5 8 7 4 6
20120620 2 4 2 3 4 2
20120620 3 3 2 9 3 2
20120620 4 3 9 5 3 6
20120620 5 3 9 2 3 6
20120620 6 5 2 3 5 2
20120620 7 1 3 7 1 3
20120620 8 3 7 1 3 5
20120620 9 7 5 2 5 4
20120620 10 9 6 3 6 5
20120620 11 1 3 4 1 3
20120620 12 7 4 2 5 4
20120705 1 3 4 1 0 0
20120705 2 4 2 5 0 0
20120705 3 4 1 7 0 0
20120705 4 4 1 3 0 0
20120705 5 7 2 4 0 0
20120705 6 2 4 9 2 4
20120705 7 1 5 9 1 4
20120705 8 2 9 7 2 6
20120705 9 1 3 9 1 3
20120705 10 3 9 7 3 6
20120705 11 2 3 9 2 3
20120706 1 3 1 4 0 0
20120706 2 2 5 7 0 0
20120706 3 1 7 5 0 0
20120706 4 5 4 1 0 0
20120706 5 7 5 2 0 0
20120706 6 1 5 3 1 4
20120706 7 3 2 4 3 2
20120706 8 2 1 5 2 1
20120706 9 1 3 9 1 3
20120706 10 5 2 3 4 2
20120706 11 3 8 1 3 6
20120707 1 7 2 4 0 0
20120707 2 1 7 5 0 0
20120707 3 2 4 6 0 0
20120707 4 2 4 7 0 0
20120707 5 6 4 5 0 0
20120707 6 0 0 0 0 0
20120707 7 9 3 1 6 3
20120707 8 4 1 9 4 1
20120707 9 9 1 3 6 1
20120707 10 7 4 1 5 4
20120707 11 2 1 3 2 1
20120717 1 2 7 6 2 5
20120717 2 9 1 5 6 1
20120717 3 1 7 3 1 5
20120717 4 1 5 8 1 4
20120717 5 5 1 9 4 1
20120717 6 2 9 4 2 6
20120717 7 4 1 9 4 1
20120717 8 3 7 4 3 5
20120717 9 1 2 9 1 2
20120717 10 3 9 5 3 6
20120717 11 9 6 5 6 5
20120718 1 3 1 7 3 1
20120718 2 1 3 2 1 3
20120718 3 1 9 8 1 6
20120718 4 3 9 4 3 6
20120718 5 5 2 9 4 2
20120718 6 1 7 2 1 5
20120718 7 2 7 1 2 5
20120718 8 8 1 3 6 1
20120718 9 1 5 9 1 4
20120718 10 3 9 5 3 6
20120718 11 1 4 7 1 4
20120719 1 2 1 8 2 1
20120719 2 3 5 8 3 4
20120719 3 2 5 4 2 4
20120719 4 2 6 7 2 5
20120719 5 9 4 1 6 4
20120719 6 2 9 5 2 6
20120719 7 7 2 9 5 2
20120719 8 2 3 6 2 3
20120719 9 2 1 4 2 1
20120719 10 3 7 4 3 5
20120719 11 3 1 9 3 1
20120801 1 3 2 5 0 0
20120801 2 5 3 4 0 0
20120801 3 7 1 4 0 0
20120801 4 1 2 5 0 0
20120801 5 5 1 2 0 0
20120801 6 2 7 9 2 5
20120801 7 9 1 3 6 1
20120801 8 3 1 4 3 1
20120801 9 2 7 3 2 5
20120801 10 7 1 3 5 1
20120801 11 8 4 1 6 4
20120802 1 3 4 6 0 0
20120802 2 5 3 6 0 0
20120802 3 3 1 2 0 0
20120802 4 7 6 3 0 0
20120802 5 1 7 5 0 0
20120802 6 5 1 9 4 1
20120802 7 5 1 3 4 1
20120802 8 9 2 5 6 2
20120802 9 2 3 7 2 3
20120802 10 5 1 7 4 1
20120802 11 1 3 6 1 3
20120803 1 3 1 2 0 0
20120803 2 7 3 1 0 0
20120803 3 6 4 3 0 0
20120803 4 5 7 3 0 0
20120803 5 4 5 3 0 0
20120803 6 4 3 8 0 0
20120803 7 3 5 1 3 4
20120803 8 7 8 2 5 6
20120803 9 5 8 2 4 6
20120803 10 1 5 3 1 4
20120803 11 7 1 9 5 1
20120825 1 7 1 2 5 1
20120825 2 3 2 9 3 2
20120825 3 7 9 8 5 6
20120825 4 5 2 4 4 2
20120825 5 5 1 9 4 1
20120825 6 3 1 2 3 1
20120825 7 2 3 9 2 3
20120825 8 5 2 9 4 2
20120825 9 5 1 7 4 1
20120825 10 1 3 4 1 3
20120825 11 3 8 9 3 6
20120826 1 3 2 7 3 2
20120826 2 3 2 1 3 2
20120826 3 3 4 6 3 4
20120826 4 3 5 7 3 4
20120826 5 1 7 5 1 5
20120826 6 4 3 9 4 3
20120826 7 9 3 2 6 3
20120826 8 6 1 7 5 1
20120826 9 1 7 9 1 5
20120826 10 1 8 3 1 6
20120826 11 7 5 6 5 4
20120827 1 5 1 9 4 1
20120827 2 2 4 7 2 4
20120827 3 5 1 6 4 1
20120827 4 9 4 3 6 4
20120827 5 1 5 4 1 4
20120827 6 8 4 3 6 4
20120827 7 8 2 3 6 2
20120827 8 9 1 5 6 1
20120827 9 2 1 7 2 1
20120827 10 1 5 7 1 4
20120827 11 5 1 3 4 1
20120828 1 3 1 6 3 1
20120828 2 3 1 9 3 1
20120828 3 5 1 8 4 1
20120828 4 1 3 4 1 3
20120828 5 9 3 4 6 3
20120828 6 7 1 9 5 1
20120828 7 7 1 2 5 1
20120828 8 2 7 9 2 5
20120828 9 7 2 1 5 2
20120828 10 1 4 5 1 4
20120828 11 2 4 8 2 4
20120910 1 5 1 3 0 0
20120910 2 1 5 7 0 0
20120910 3 3 4 1 0 0
20120910 4 7 2 3 0 0
20120910 5 1 5 4 0 0
20120910 6 1 3 5 1 3
20120910 7 1 7 3 1 5
20120910 8 9 2 3 6 2
20120910 9 3 7 1 3 5
20120910 10 7 1 5 5 1
20120910 11 5 2 4 4 2
20120911 1 5 1 3 0 0
20120911 2 5 3 4 0 0
20120911 3 7 2 4 0 0
20120911 4 1 3 5 0 0
20120911 5 3 5 4 0 0
20120911 6 1 3 9 1 3
20120911 7 3 9 1 3 6
20120911 8 2 3 1 2 3
20120911 9 2 3 9 2 3
20120911 10 1 5 3 1 4
20120911 11 1 7 5 1 5
20120912 1 5 3 1 0 0
20120912 2 4 1 6 0 0
20120912 3 3 6 2 0 0
20120912 4 4 2 3 0 0
20120912 5 3 1 2 0 0
20120912 6 2 8 1 2 6
20120912 7 8 3 5 6 3
20120912 8 1 7 5 1 5
20120912 9 5 7 1 4 5
20120912 10 9 2 1 6 2
20120912 11 3 7 9 3 5
20120921 1 5 4 6 0 0
20120921 2 3 1 4 0 0
20120921 3 1 5 3 0 0
20120921 4 2 7 3 0 0
20120921 5 2 4 7 0 0
20120921 6 7 1 2 5 1
20120921 7 2 8 1 2 6
20120921 8 2 5 4 2 4
20120921 9 5 1 7 4 1
20120921 10 2 7 4 2 5
20120921 11 2 7 4 2 5
20120922 1 1 7 3 0 0
20120922 2 5 4 6 0 0
20120922 3 1 5 7 0 0
20120922 4 5 2 3 0 0
20120922 5 3 4 5 0 0
20120922 6 7 2 8 5 2
20120922 7 1 9 5 1 6
20120922 8 3 1 9 3 1
20120922 9 3 5 1 3 4
20120922 10 2 3 8 2 3
20120922 11 1 2 9 1 2
20120923 1 2 5 1 0 0
20120923 2 5 1 4 0 0
20120923 3 3 1 7 0 0
20120923 4 7 4 3 0 0
20120923 5 5 1 7 0 0
20120923 6 2 9 5 2 6
20120923 7 1 9 4 1 6
20120923 8 7 9 6 5 6
20120923 9 4 7 1 4 5
20120923 10 3 1 5 3 1
20120923 11 9 8 1 6 6
20120927 1 9 2 3 6 2
20120927 2 1 5 3 1 4
20120927 3 3 9 2 3 6
20120927 4 2 1 7 2 1
20120927 5 3 5 7 3 4
20120927 6 2 5 3 2 4
20120927 7 7 3 4 5 3
20120927 8 3 7 9 3 5
20120927 9 2 3 1 2 3
20120927 10 1 4 5 1 4
20120927 11 7 5 2 5 4
20120928 1 1 7 8 1 5
20120928 2 7 1 4 5 1
20120928 3 6 9 7 5 6
20120928 4 3 1 7 3 1
20120928 5 5 1 3 4 1
20120928 6 8 4 9 6 4
20120928 7 7 9 2 5 6
20120928 8 5 1 9 4 1
20120928 9 2 1 4 2 1
20120928 10 9 5 2 6 4
20120928 11 1 2 5 1 2
20120929 1 9 1 3 6 1
20120929 2 5 1 7 4 1
20120929 3 2 3 6 2 3
20120929 4 1 4 9 1 4
20120929 5 5 1 3 4 1
20120929 6 5 1 4 4 1
20120929 7 2 5 1 2 4
20120929 8 1 2 7 1 2
20120929 9 1 2 4 1 2
20120929 10 5 2 7 4 2
20120929 11 3 1 8 3 1
20121010 1 1 9 3 1 6
20121010 2 5 1 9 4 1
20121010 3 2 5 9 2 4
20121010 4 1 7 2 1 5
20121010 5 1 2 7 1 2
20121010 6 2 8 7 2 6
20121010 7 9 6 4 6 5
20121010 8 7 1 3 5 1
20121010 9 5 3 2 4 3
20121010 10 7 8 4 5 6
20121010 11 3 8 2 3 6
20121011 1 5 7 2 4 5
20121011 2 1 9 7 1 6
20121011 3 9 1 6 6 1
20121011 4 9 3 7 6 3
20121011 5 1 5 4 1 4
20121011 6 2 7 1 2 5
20121011 7 5 9 2 4 6
20121011 8 5 2 1 4 2
20121011 9 7 1 2 5 1
20121011 10 1 5 2 1 4
20121011 11 9 3 2 6 3
20121012 1 1 3 6 1 3
20121012 2 2 9 5 2 6
20121012 3 5 2 9 4 2
20121012 4 7 1 4 5 1
20121012 5 2 7 1 2 5
20121012 6 4 2 7 4 2
20121012 7 8 4 5 6 4
20121012 8 2 9 1 2 6
20121012 9 1 7 2 1 5
20121012 10 7 1 4 5 1
20121012 11 7 9 2 5 6
20121022 1 2 5 1 2 4
20121022 2 2 9 7 2 6
20121022 3 9 3 4 6 3
20121022 4 7 3 2 5 3
20121022 5 5 3 7 4 3
20121022 6 8 1 4 6 1
20121022 7 7 3 9 5 3
20121022 8 2 8 5 2 6
20121022 9 4 1 2 4 1
20121022 10 5 2 3 4 2
20121022 11 1 6 9 1 5
20121023 1 2 9 4 2 6
20121023 2 1 7 2 1 5
20121023 3 9 1 3 6 1
20121023 4 7 1 3 5 1
20121023 5 7 3 4 5 3
20121023 6 2 5 3 2 4
20121023 7 3 4 1 3 4
20121023 8 5 2 8 4 2
20121023 9 9 5 3 6 4
20121023 10 1 3 5 1 3
20121023 11 7 1 5 5 1
20121024 1 4 9 3 4 6
20121024 2 3 1 5 3 1
20121024 3 7 1 3 5 1
20121024 4 7 9 2 5 6
20121024 5 2 9 6 2 6
20121024 6 7 1 4 6 1
20121024 7 1 4 6 1 4
20121024 8 3 5 1 3 4
20121024 9 1 9 3 1 6
20121024 10 1 8 7 1 6
20121024 11 3 1 5 3 1
20121105 1 4 2 1 0 0
20121105 2 2 7 4 0 0
20121105 3 4 2 3 0 0
20121105 4 3 5 6 0 0
20121105 5 7 2 4 0 0
20121105 6 2 7 4 2 5
20121105 7 9 1 7 6 1
20121105 8 5 1 6 4 1
20121105 9 1 5 7 1 4
20121105 10 1 2 3 1 2
20121105 11 3 9 2 3 6
20121106 1 2 7 4 0 0
20121106 2 1 4 6 0 0
20121106 3 7 3 5 0 0
20121106 4 1 7 5 0 0
20121106 5 2 4 7 0 0
20121106 6 5 2 9 4 2
20121106 7 3 9 2 3 6
20121106 8 9 7 6 6 5
20121106 9 9 3 7 6 3
20121106 10 2 1 7 2 1
20121106 11 1 9 5 1 6
20121107 1 7 1 2 0 0
20121107 2 3 1 2 0 0
20121107 3 4 1 7 0 0
20121107 4 2 3 5 0 0
20121107 5 5 3 6 0 0
20121107 6 7 9 2 5 6
20121107 7 7 1 9 5 1
20121107 8 1 8 9 1 6
20121107 9 1 2 4 1 2
20121107 10 7 2 9 5 2
20121107 11 9 1 3 6 1
20121114 1 5 7 3 0 0
20121114 2 1 7 3 0 0
20121114 3 2 1 5 0 0
20121114 4 3 2 4 0 0
20121114 5 5 1 4 0 0
20121114 6 9 1 5 6 1
20121114 7 3 1 7 3 1
20121114 8 7 2 4 5 2
20121114 9 7 9 2 5 6
20121114 10 3 9 7 3 6
20121114 11 3 1 6 3 1
20121115 1 5 3 1 0 0
20121115 2 7 1 3 0 0
20121115 3 3 6 1 0 0
20121115 4 1 3 5 0 0
20121115 5 2 7 3 0 0
20121115 6 5 2 7 4 2
20121115 7 9 3 1 6 3
20121115 8 4 9 8 4 6
20121115 9 9 1 7 6 1
20121115 10 3 1 4 3 1
20121115 11 7 1 2 5 1
20121116 1 3 4 7 0 0
20121116 2 3 5 2 0 0
20121116 3 1 2 3 0 0
20121116 4 3 5 2 0 0
20121116 5 7 2 3 0 0
20121116 6 5 7 2 4 5
20121116 7 3 7 2 3 5
20121116 8 7 9 4 5 6
20121116 9 1 4 9 1 4
20121116 10 9 1 6 6 1
20121116 11 2 4 7 2 4
20121208 1 7 4 2 0 0
20121208 2 1 2 5 0 0
20121208 3 7 3 4 0 0
20121208 4 5 2 1 0 0
20121208 5 4 3 7 0 0
20121208 6 5 1 2 4 1
20121208 7 7 1 3 5 1
20121208 8 7 3 1 5 3
20121208 9 7 3 5 5 3
20121208 10 1 7 4 1 5
20121208 11 6 1 4 5 1
20121210 1 5 2 7 0 0
20130411 1 3 7 4 0 0
20130411 2 4 2 7 0 0
20130411 3 5 3 1 0 0
20130411 4 1 5 2 0 0
20130411 5 4 1 2 0 0
20130411 6 8 5 7 6 4
20130411 7 3 2 1 3 2
20130411 8 8 1 9 6 1
20130411 9 5 3 2 4 3
20130411 10 3 2 5 3 2
20130412 1 1 4 7 0 0
20130412 2 2 4 6 0 0
20130412 3 3 5 1 0 0
20130412 4 2 1 4 0 0
20130412 5 1 7 5 0 0
20130412 6 7 1 4 6 1
20130412 7 1 5 3 1 5
20130412 8 3 5 9 3 4
20130412 9 6 2 3 5 2
20130412 10 5 7 8 4 5
20130413 1 2 3 6 0 0
20130413 2 3 7 2 0 0
20130413 3 4 1 3 0 0
20130413 4 1 4 7 0 0
20130413 5 1 2 6 0 0
20130413 6 5 2 9 4 2
20130413 7 4 6 8 4 5
20130413 8 1 9 3 1 6
20130413 9 3 9 2 3 6
20130413 10 1 5 9 1 4
20130423 1 7 3 5 0 0
20130423 2 5 3 7 0 0
20130423 3 5 1 7 0 0
20130423 4 1 4 6 0 0
20130423 5 2 7 5 0 0
20130423 6 5 2 4 4 2
20130423 7 9 5 2 6 4
20130423 8 9 1 4 6 1
20130423 9 5 3 8 4 3
20130423 10 5 9 2 4 6
20130424 1 2 4 7 0 0
20130424 2 7 5 3 0 0
20130424 3 5 2 6 0 0
20130424 4 3 5 7 0 0
20130424 5 7 5 2 0 0
20130424 6 8 5 2 6 4
20130424 7 9 2 5 6 2
20130424 8 3 7 5 3 5
20130424 9 5 3 2 4 3
20130424 10 6 1 5 5 1
20130425 1 1 2 5 0 0
20130425 2 7 5 2 0 0
20130425 3 2 4 5 0 0
20130425 4 2 4 7 0 0
20130425 5 4 6 2 0 0
20130425 6 7 3 5 6 3
20130425 7 1 6 2 1 5
20130425 8 7 3 1 5 3
20130425 9 3 9 5 3 6
20130425 10 3 4 2 3 4
20130510 1 7 5 2 0 0
20130510 2 4 1 2 0 0
20130510 3 5 3 1 0 0
20130510 4 7 3 4 0 0
20130510 5 4 1 3 0 0
20130510 6 5 3 2 4 3
20130510 7 7 5 4 5 4
20130510 8 3 5 1 3 4
20130510 9 5 7 1 4 5
20130510 10 3 7 8 3 5
20130511 1 1 3 4 0 0
20130511 2 4 2 1 0 0
20130511 3 4 5 3 0 0
20130511 4 1 5 2 0 0
20130511 5 1 3 7 0 0
20130511 6 7 1 9 5 1
20130511 7 4 1 7 4 1
20130511 8 7 3 9 5 3
20130511 9 1 5 2 1 4
20130511 10 5 8 2 4 6
20130512 1 1 3 4 0 0
20130512 2 1 4 5 0 0
20130512 3 1 5 4 0 0
20130512 4 7 3 2 0 0
20130512 5 5 1 3 0 0
20130512 6 2 3 4 2 3
20130512 7 3 2 7 3 2
20130512 8 9 1 5 6 1
20130512 9 1 7 3 1 5
20130512 10 4 3 7 4 3
20130528 1 3 7 2 3 5
20130528 2 3 7 4 3 5
20130528 3 9 4 6 6 4
20130528 4 7 2 1 5 2
20130528 5 9 4 1 6 4
20130528 6 1 5 3 1 4
20130528 7 8 3 7 6 3
20130528 8 1 7 6 1 5
20130528 9 7 2 3 5 2
20130528 10 7 2 4 5 2
20130528 11 2 7 3 2 5
20130529 1 9 2 3 6 2
20130529 2 8 3 2 6 3
20130529 3 9 3 7 6 3
20130529 4 7 1 4 5 1
20130529 5 5 4 9 4 4
20130529 6 2 7 1 2 5
20130529 7 2 4 3 2 4
20130529 8 5 1 2 5 1
20130529 9 2 4 5 2 4
20130529 10 7 2 9 5 2
20130529 11 7 1 5 5 1
20130530 1 4 3 7 4 3
20130530 2 1 3 5 1 3
20130530 3 1 5 2 1 4
20130530 4 7 3 2 5 3
20130530 5 2 4 9 2 4
20130530 6 1 7 2 1 6
20130530 7 4 1 8 4 1
20130530 8 3 6 8 3 5
20130530 9 2 5 9 2 4
20130530 10 2 1 8 2 1
20130530 11 2 8 5 2 6
20130606 1 3 7 2 0 0
20130606 2 7 4 1 0 0
20130606 3 5 1 3 0 0
20130606 4 5 7 1 0 0
20130606 5 7 5 2 0 0
20130606 6 1 7 2 1 5
20130606 7 7 1 6 5 1
20130606 8 7 9 2 5 6
20130606 9 7 2 6 5 2
20130606 10 2 5 9 2 4
20130607 1 5 6 2 0 0
20130607 2 1 3 4 0 0
20130607 3 4 1 7 0 0
20130607 4 1 3 2 0 0
20130607 5 2 1 4 0 0
20130607 6 9 2 1 6 2
20130607 7 1 7 3 1 5
20130607 8 5 3 2 4 3
20130607 9 2 7 9 2 5
20130607 10 7 1 5 5 1
20130608 1 2 6 3 0 0
20130608 2 5 3 7 0 0
20130608 3 2 5 3 0 0
20130608 4 1 3 4 0 0
20130608 5 3 2 5 0 0
20130608 6 1 9 7 1 6
20130608 7 3 5 1 3 4
20130608 8 5 2 7 4 2
20130608 9 3 4 9 3 4
20130608 10 3 9 7 3 6
20130617 1 5 3 7 0 0
20130617 2 1 3 4 0 0
20130617 3 1 7 3 0 0
20130617 4 5 3 1 0 0
20130617 5 5 2 6 0 0
20130617 6 9 4 1 6 4
20130617 7 3 9 2 3 6
20130617 8 2 8 3 2 6
20130617 9 3 1 2 3 1
20130617 10 1 2 3 1 2
20130618 1 5 4 2 0 0
20130618 2 4 1 5 0 0
20130618 3 7 4 3 0 0
20130618 4 2 5 1 0 0
20130618 5 1 3 5 0 0
20130618 6 7 4 9 5 4
20130618 7 7 1 9 5 1
20130618 8 3 9 7 3 6
20130618 9 1 3 5 1 3
20130618 10 8 2 7 6 2
20130619 1 1 3 6 0 0
20130619 2 5 4 1 0 0
20130619 3 7 3 1 0 0
20130619 4 1 7 4 0 0
20130619 5 1 5 6 0 0
20130619 6 9 3 7 6 3
20130619 7 1 3 7 1 3
20130619 8 5 2 3 4 2
20130619 9 3 7 8 3 5
20130619 10 9 7 3 6 5
20130625 1 1 5 6 1 4
20130625 2 2 3 5 2 3
20130625 3 3 9 1 3 6
20130625 4 1 9 3 1 6
20130625 5 2 7 9 2 5
20130625 6 2 9 7 2 6
20130625 7 3 7 9 3 5
20130625 8 1 9 2 1 6
20130625 9 1 9 5 1 6
20130625 10 3 1 7 3 1
20130625 11 1 7 3 1 5
20130626 1 1 3 5 1 3
20130626 2 7 1 4 5 1
20130626 3 9 7 5 6 5
20130626 4 7 2 5 5 2
20130626 5 3 6 9 3 5
20130626 6 3 7 2 3 5
20130626 7 8 2 3 6 2
20130626 8 9 2 1 6 2
20130626 9 7 9 5 5 6
20130626 10 9 1 2 6 1
20130626 11 3 1 2 3 1
20130627 1 4 1 6 4 1
20130627 2 5 3 2 4 3
20130627 3 1 7 9 1 5
20130627 4 2 3 7 2 3
20130627 5 5 2 9 4 2
20130627 6 9 3 5 6 3
20130627 7 1 4 5 1 4
20130627 8 3 6 2 3 5
20130627 9 1 9 5 1 6
20130627 10 6 3 7 5 3
20130627 11 9 3 1 6 3
20130702 1 4 6 3 0 0
20130702 2 7 5 3 0 0
20130702 3 3 7 1 0 0
20130702 4 7 5 1 0 0
20130702 5 7 3 5 0 0
20130702 6 7 3 1 5 3
20130702 7 7 1 2 5 1
20130702 8 1 3 7 1 3
20130702 9 7 2 3 5 2
20130702 10 2 1 7 2 1
20130703 1 3 2 7 0 0
20130703 2 1 4 7 0 0
20130703 3 4 3 6 0 0
20130703 4 5 2 4 0 0
20130703 5 4 7 2 0 0
20130703 6 9 3 4 6 3
20130703 7 7 1 9 5 1
20130703 8 7 5 3 5 4
20130703 9 2 9 6 2 6
20130703 10 1 7 5 1 5
20130704 1 4 6 3 0 0
20130704 2 2 5 3 0 0
20130704 3 5 6 4 0 0
20130704 4 7 1 4 0 0
20130704 5 1 4 7 0 0
20130704 6 9 1 5 6 1
20130704 7 3 5 2 3 4
20130704 8 9 3 7 6 3
20130704 9 2 4 7 2 4
20130704 10 4 2 6 4 2
20130709 1 1 6 4 1 5
20130709 2 1 5 8 1 4
20130709 3 7 9 8 5 6
20130709 4 9 1 3 6 1
20130709 5 1 5 2 1 4
20130709 6 5 3 2 4 3
20130709 7 1 2 7 1 2
20130709 8 9 2 6 6 2
20130709 9 7 1 9 5 1
20130709 10 7 1 8 5 1
20130709 11 3 7 9 3 5
20130710 1 2 3 1 2 3
20130710 2 5 2 7 4 2
20130710 3 7 2 1 5 2
20130710 4 7 1 3 5 1
20130710 5 5 7 8 4 5
20130710 6 7 2 3 5 2
20130710 7 3 7 4 3 5
20130710 8 5 1 2 4 1
20130710 9 9 5 7 6 4
20130710 10 5 1 8 4 1
20130710 11 9 1 3 6 1
20130711 1 6 9 1 5 6
20130711 2 2 1 7 2 1
20130711 3 1 4 6 1 4
20130711 4 7 1 2 5 1
20130711 5 8 5 9 6 4
20130711 6 1 7 4 1 5
20130711 7 1 4 3 1 4
20130711 8 6 7 8 5 5
20130711 9 7 9 1 5 6
20130711 10 9 2 1 6 2
20130711 11 7 1 4 5 1
20130810 1 7 1 4 5 1
20130810 2 1 9 3 1 6
20130810 3 5 9 1 4 6
20130810 4 3 2 9 3 2
20130810 5 1 7 3 1 5
20130810 6 1 7 8 1 5
20130810 7 1 9 7 1 6
20130810 8 7 5 1 5 4
20130810 9 1 8 9 1 6
20130810 10 1 4 9 1 4
20130810 11 3 1 4 3 1
20130811 1 5 8 2 4 6
20130811 2 6 7 9 5 5
20130811 3 1 5 3 1 4
20130811 4 1 5 7 1 4
20130811 5 9 1 4 6 1
20130811 6 3 9 5 3 6
20130811 7 7 1 9 5 1
20130811 8 1 9 2 1 6
20130811 9 1 7 9 1 5
20130811 10 1 7 3 1 5
20130811 11 1 3 2 1 3
20130812 1 7 1 9 5 1
20130812 2 1 7 2 1 5
20130812 3 6 9 5 5 6
20130812 4 3 7 5 3 5
20130812 5 9 4 2 6 4
20130812 6 7 1 3 5 1
20130812 7 1 3 5 1 3
20130812 8 3 1 8 3 1
20130812 9 2 9 5 2 6
20130812 10 2 4 9 2 4
20130812 11 9 8 6 6 6
20130813 1 9 3 2 6 3
20130813 2 9 1 8 6 1
20130813 3 3 2 4 3 2
20130813 4 2 5 8 2 4
20130813 5 2 6 9 2 5
20130813 6 1 2 4 1 2
20130813 7 5 1 4 4 1
20130813 8 3 9 4 3 6
20130813 9 5 6 8 4 5
20130813 10 3 8 7 3 6
20130813 11 2 7 3 2 5
20130819 1 3 7 1 0 0
20130819 2 7 3 2 0 0
20130819 3 5 2 1 0 0
20130819 4 3 5 2 0 0
20130819 5 1 5 2 0 0
20130819 6 2 1 9 2 1
20130819 7 1 5 2 1 4
20130819 8 1 9 3 1 6
20130819 9 9 5 7 6 4
20130819 10 7 5 3 5 4
20130820 1 3 5 4 0 0
20130820 2 3 1 7 0 0
20130820 3 7 4 5 0 0
20130820 4 4 5 2 0 0
20130820 5 4 1 2 0 0
20130820 6 1 5 7 1 5
20130820 7 5 1 7 5 1
20130820 8 2 5 7 2 4
20130820 9 3 7 1 3 5
20130820 10 1 4 8 1 4
20130821 1 1 5 4 0 0
20130821 2 2 3 7 0 0
20130821 3 3 1 4 0 0
20130821 4 1 2 5 0 0
20130821 5 5 6 1 0 0
20130821 6 2 5 1 2 5
20130821 7 3 1 2 3 1
20130821 8 1 6 7 1 5
20130821 9 8 4 2 6 4
20130821 10 1 7 3 1 5
20130917 1 1 7 4 1 5
20130917 2 1 5 7 1 4
20130917 3 3 5 6 3 4
20130917 4 2 7 9 2 5
20130917 5 5 7 3 4 5
20130917 6 8 1 7 6 1
20130917 7 4 7 6 4 5
20130917 8 2 9 3 2 6
20130917 9 1 2 8 1 2
20130917 10 2 9 7 2 6
20130917 11 3 8 5 3 6
20130918 1 9 5 3 6 4
20130918 2 4 1 7 4 1
20130918 3 5 6 7 4 5
20130918 4 7 6 5 5 5
20130918 5 3 9 2 3 6
20130918 6 2 7 9 2 5
20130918 7 5 3 2 4 3
20130918 8 4 2 9 4 2
20130918 9 4 9 8 4 6
20130918 10 1 7 9 1 5
20130918 11 9 3 1 6 3
20130919 1 2 1 7 2 1
20130919 2 3 2 9 3 2
20130919 3 5 1 9 4 1
20130919 4 2 3 9 2 3
20130919 5 5 9 4 4 6
20130919 6 1 3 4 1 3
20130919 7 2 1 7 2 1
20130919 8 2 7 5 2 5
20130919 9 9 4 7 6 4
20130919 10 9 1 3 6 1
20130919 11 3 4 5 3 4
20130925 1 1 7 3 0 0
20130925 2 3 1 6 0 0
20130925 3 2 3 7 0 0
20130925 4 5 1 2 0 0
20130925 5 4 3 5 0 0
20130925 6 1 5 2 1 4
20130925 7 2 1 3 2 1
20130925 8 1 7 5 1 5
20130925 9 9 5 4 6 4
20130925 10 7 2 8 5 2
20130926 1 2 5 1 0 0
20130926 2 5 2 7 0 0
20130926 3 1 3 7 0 0
20130926 4 5 2 7 0 0
20130926 5 3 1 5 0 0
20130926 6 1 2 5 1 2
20130926 7 5 1 3 4 1
20130926 8 5 1 2 4 1
20130926 9 7 5 2 5 4
20130926 10 1 7 4 1 5
20130927 1 5 3 4 0 0
20130927 2 1 4 5 0 0
20130927 3 3 2 4 0 0
20130927 4 3 6 5 0 0
20130927 5 1 6 3 0 0
20130927 6 3 7 6 3 5
20130927 7 5 1 9 4 1
20130927 8 3 8 1 3 6
20130927 9 7 2 1 5 2
20130927 10 1 9 3 1 6
20131004 1 2 1 4 0 0
20131004 2 2 4 1 0 0
20131004 3 7 3 5 0 0
20131004 4 3 5 1 0 0
20131004 5 5 7 4 0 0
20131004 6 6 2 1 0 0
20131004 7 5 7 2 0 0
20131004 8 5 2 9 4 2
20131004 9 1 2 7 1 2
20131004 10 5 1 3 4 1
20131004 11 9 1 3 6 1
20131004 12 3 6 8 3 5
20131005 1 5 2 7 0 0
20131005 2 1 4 5 0 0
20131005 3 3 1 4 0 0
20131005 4 1 4 3 0 0
20131005 5 7 1 4 0 0
20131005 6 2 7 3 0 0
20131005 7 3 5 2 0 0
20131005 8 3 9 1 3 6
20131005 9 2 9 4 2 6
20131005 10 3 9 2 3 6
20131005 11 1 5 9 1 4
20131005 12 6 2 8 5 2
20131006 1 2 4 3 0 0
20131006 2 3 1 5 0 0
20131006 3 1 2 7 0 0
20131006 4 5 2 3 0 0
20131006 5 1 3 6 0 0
20131006 6 7 3 2 0 0
20131006 7 9 3 2 6 3
20131006 8 5 3 4 4 3
20131006 9 2 7 1 0 0
20131006 10 8 2 1 6 2
20131006 11 7 8 6 5 6
20131006 12 9 2 4 6 2
20131010 1 5 1 3 0 0
20131010 2 7 6 2 0 0
20131010 3 4 2 7 0 0
20131010 4 4 2 7 0 0
20131010 5 5 1 6 0 0
20131010 6 1 8 3 1 6
20131010 7 3 7 2 3 5
20131010 8 3 8 1 3 6
20131010 9 5 1 7 4 1
20131010 10 9 1 5 6 1
20131011 1 4 1 5 0 0
20131011 2 7 1 4 0 0
20131011 3 5 1 6 0 0
20131011 4 1 5 4 0 0
20131011 5 5 3 2 0 0
20131011 6 7 1 3 5 1
20131011 7 5 7 1 4 5
20131011 8 1 9 7 1 6
20131011 9 3 1 7 3 1
20131011 10 5 2 1 4 2
20131012 1 2 5 4 0 0
20131012 2 1 2 4 0 0
20131012 3 4 1 2 0 0
20131012 4 2 4 5 0 0
20131012 5 1 4 7 0 0
20131012 6 9 2 3 6 2
20131012 7 7 2 1 5 2
20131012 8 1 7 3 1 5
20131012 9 8 9 3 6 6
20131012 10 5 7 2 4 5
20131014 1 7 3 2 5 3
20131014 2 2 3 6 2 3
20131014 3 9 5 4 6 4
20131014 4 4 1 3 4 1
20131014 5 3 9 7 3 6
20131014 6 9 1 3 6 1
20131014 7 4 9 7 4 6
20131014 8 7 1 3 5 1
20131014 9 9 1 2 6 1
20131014 10 3 1 7 3 1
20131015 1 7 3 2 5 3
20131015 2 1 5 3 1 4
20131015 3 2 1 3 2 1
20131015 4 1 3 5 1 3
20131015 5 1 5 3 1 4
20131015 6 9 4 2 6 4
20131015 7 9 5 2 6 4
20131015 8 9 7 1 6 5
20131015 9 9 4 7 6 4
20131015 10 1 3 5 1 3
20131016 1 1 5 7 1 4
20131016 2 1 3 4 1 3
20131016 3 3 5 7 3 4
20131016 4 9 4 3 6 4
20131016 5 7 1 3 6 1
20131016 6 5 9 4 4 6
20131016 7 3 7 9 3 5
20131016 8 3 5 7 3 4
20131016 9 7 2 9 5 2
20131016 10 1 5 7 1 4
20131109 1 7 4 3 0 0
20131109 2 3 2 1 0 0
20131109 3 5 1 4 0 0
20131109 4 4 1 7 0 0
20131109 5 2 4 3 0 0
20131109 6 4 7 1 0 0
20131109 7 6 5 2 0 0
20131109 8 7 2 3 5 2
20131109 9 4 6 8 4 5
20131109 10 7 1 5 5 1
20131109 11 5 1 9 4 1
20131109 12 2 3 4 2 3
20131110 1 3 1 7 0 0
20131110 2 4 1 5 0 0
20131110 3 4 1 2 0 0
20131110 4 4 6 2 0 0
20131110 5 7 1 5 0 0
20131110 6 5 1 4 0 0
20131110 7 3 2 6 0 0
20131110 8 7 1 3 5 1
20131110 9 9 2 7 6 2
20131110 10 1 7 2 1 5
20131110 11 3 7 8 3 5
20131110 12 2 7 1 2 5
20131111 1 4 2 3 0 0
20131111 2 1 4 3 0 0
20131111 3 7 2 1 0 0
20131111 4 1 3 2 0 0
20131111 5 6 1 2 0 0
20131111 6 3 1 4 0 0
20131111 7 7 3 5 5 3
20131111 8 5 3 7 4 3
20131111 9 1 2 3 0 0
20131111 10 3 2 7 3 2
20131111 11 7 8 2 5 6
20131111 12 4 1 9 4 1
20131119 1 5 2 7 4 2
20131119 2 3 7 2 3 5
20131119 3 9 3 5 6 3
20131119 4 7 5 1 5 4
20131119 5 5 2 6 4 2
20131119 6 3 9 2 3 6
20131119 7 3 7 8 3 5
20131119 8 3 9 2 3 6
20131119 9 5 1 9 4 1
20131119 10 2 9 1 2 6
20131119 11 7 2 8 5 2
20131120 1 5 3 1 4 3
20131120 2 9 2 5 6 2
20131120 3 1 7 6 1 5
20131120 4 9 1 8 6 1
20131120 5 7 3 2 5 3
20131120 6 2 9 1 2 6
20131120 7 5 7 6 4 5
20131120 8 2 7 1 2 5
20131120 9 2 7 5 2 5
20131120 10 3 9 4 3 6
20131120 11 1 4 6 1 4
20131121 1 9 2 1 6 2
20131121 2 3 4 1 3 4
20131121 3 1 7 3 1 5
20131121 4 5 1 2 4 1
20131121 5 7 9 1 5 6
20131121 6 1 7 8 1 5
20131121 7 9 5 1 6 4
20131121 8 9 3 1 6 3
20131121 9 1 2 3 1 2
20131121 10 1 5 9 1 4
20131121 11 5 9 2 4 6
20131125 1 1 9 2 1 6
20131125 2 1 7 3 1 5
20131125 3 5 6 1 4 5
20131125 4 7 4 3 5 4
20131125 5 9 1 5 6 1
20131125 6 5 2 1 4 2
20131125 7 3 9 2 3 6
20131125 8 1 9 2 1 6
20131125 9 9 2 1 6 2
20131125 10 5 2 8 4 2
20131125 11 2 7 3 2 5
20131126 1 7 2 4 5 2
20131126 2 9 5 1 6 4
20131126 3 5 3 2 4 3
20131126 4 7 2 9 5 2
20131126 5 9 1 4 6 1
20131126 6 7 2 4 5 2
20131126 7 1 7 2 1 5
20131126 8 5 3 2 4 3
20131126 9 1 4 7 1 4
20131126 10 2 7 4 2 5
20131126 11 1 9 4 1 6
20131127 1 3 8 9 3 6
20131127 2 5 4 9 4 4
20131127 3 5 1 8 4 1
20131127 4 2 3 5 2 3
20131127 5 9 1 4 6 1
20131127 6 7 3 9 5 3
20131127 7 9 5 2 6 4
20131127 8 1 5 3 1 4
20131127 9 7 3 6 5 3
20131127 10 2 7 5 2 5
20131127 11 7 9 5 5 6
20140419 1 1 2 7 0 0
20140419 2 7 1 3 0 0
20140419 3 1 3 2 0 0
20140419 4 1 5 3 0 0
20140419 5 3 1 7 0 0
20140419 6 5 1 9 4 1
20140419 7 2 9 3 2 6
20140419 8 1 5 7 1 4
20140419 9 7 9 5 5 6
20140419 10 1 9 7 1 6
20140420 1 7 3 1 0 0
20140420 2 2 7 3 0 0
20140420 3 2 7 1 0 0
20140420 4 5 7 3 0 0
20140420 5 7 3 4 0 0
20140420 6 5 9 4 4 6
20140420 7 5 3 9 4 3
20140420 8 9 1 5 6 1
20140420 9 3 2 9 3 2
20140420 10 7 1 5 5 1
20140421 1 7 1 5 0 0
20140421 2 5 7 2 0 0
20140421 3 6 3 5 0 0
20140421 4 2 5 3 0 0
20140421 5 1 3 4 0 0
20140421 6 5 3 6 4 3
20140421 7 9 7 5 6 5
20140421 8 1 5 3 1 4
20140421 9 4 3 5 4 3
20140421 10 3 7 5 3 5
20140512 1 5 3 7 0 0
20140512 2 5 2 3 0 0
20140512 3 2 4 3 0 0
20140512 4 3 5 2 0 0
20140512 5 7 1 4 0 0
20140512 6 9 1 7 6 1
20140512 7 1 9 3 1 6
20140512 8 7 5 8 5 4
20140512 9 1 3 4 1 3
20140512 10 5 3 2 4 3
20140513 1 1 4 3 0 0
20140513 2 3 2 1 0 0
20140513 3 2 4 6 0 0
20140513 4 1 4 6 0 0
20140513 5 1 2 3 0 0
20140513 6 5 9 3 4 6
20140513 7 1 4 3 1 4
20140513 8 1 3 8 1 3
20140513 9 9 3 2 6 3
20140513 10 9 1 2 6 1
20140514 1 4 7 3 0 0
20140514 2 1 7 4 0 0
20140514 3 5 2 4 0 0
20140514 4 7 4 1 0 0
20140514 5 7 3 2 0 0
20140514 6 1 2 7 0 0
20140514 7 7 2 3 5 2
20140514 8 2 9 7 2 6
20140514 9 7 1 3 5 1
20140514 10 2 9 1 2 6
20140607 1 4 1 5 0 0
20140607 2 1 3 7 0 0
20140607 3 1 5 3 0 0
20140607 4 1 7 4 0 0
20140607 5 2 4 7 0 0
20140607 6 7 2 5 0 0
20140607 7 6 2 1 0 0
20140607 8 9 2 1 6 2
20140607 9 1 3 4 1 3
20140607 10 2 5 1 2 4
20140607 11 7 5 4 5 4
20140607 12 3 9 1 3 6
20140608 1 4 6 1 0 0
20140608 2 3 6 4 0 0
20140608 3 5 2 7 0 0
20140608 4 5 1 2 0 0
20140608 5 4 3 1 0 0
20140608 6 4 1 3 0 0
20140608 7 1 6 4 0 0
20140608 8 5 2 9 4 2
20140608 9 5 1 2 4 1
20140608 10 5 1 7 4 1
20140608 11 7 6 2 5 5
20140608 12 1 7 2 1 5
20140609 1 2 5 4 0 0
20140609 2 5 1 4 0 0
20140609 3 3 5 2 0 0
20140609 4 3 1 7 0 0
20140609 5 5 3 4 0 0
20140609 6 7 2 4 0 0
20140609 7 7 1 5 5 1
20140609 8 4 3 2 4 3
20140609 9 5 7 1 0 0
20140609 10 3 2 6 3 2
20140609 11 7 1 4 5 1
20140609 12 5 4 8 4 4
20140618 1 4 1 5 4 1
20140618 2 7 2 3 5 2
20140618 3 1 5 8 1 4
20140618 4 5 1 3 4 1
20140618 5 3 1 7 3 1
20140618 6 3 9 2 3 6
20140618 7 1 4 9 1 4
20140618 8 9 2 5 6 2
20140618 9 5 8 7 4 6
20140618 10 2 7 3 2 5
20140618 11 3 7 1 3 5
20140619 1 1 2 5 1 2
20140619 2 3 5 8 3 4
20140619 3 5 7 2 4 5
20140619 4 2 9 6 2 6
20140619 5 7 2 5 5 2
20140619 6 1 4 6 1 4
20140619 7 6 7 1 5 6
20140619 8 2 5 3 2 5
20140619 9 5 8 4 4 6
20140619 10 1 9 3 1 6
20140619 11 3 2 9 3 2
20140620 1 5 2 1 4 2
20140620 2 1 5 3 1 4
20140620 3 9 3 8 6 3
20140620 4 3 4 8 3 4
20140620 5 5 9 6 4 6
20140620 6 3 2 9 3 2
20140620 7 7 9 2 5 6
20140620 8 2 8 9 2 6
20140620 9 1 4 6 1 4
20140620 10 8 2 7 6 2
20140620 11 2 5 8 2 4
20140622 1 5 2 7 0 0
20140622 2 7 1 4 0 0
20140622 3 7 1 4 0 0
20140622 4 5 1 7 0 0
20140622 5 2 6 3 0 0
20140622 6 5 3 9 4 3
20140622 7 9 7 1 6 5
20140622 8 1 4 9 1 4
20140622 9 2 3 8 2 3
20140622 10 4 2 9 4 2
20140623 1 4 7 3 0 0
20140623 2 4 7 2 0 0
20140623 3 4 1 7 0 0
20140623 4 2 1 4 0 0
20140623 5 3 7 5 0 0
20140623 6 1 5 2 1 4
20140623 7 9 2 5 6 2
20140623 8 7 2 5 5 2
20140623 9 2 9 3 2 6
20140623 10 1 5 6 1 4
20140624 1 3 6 5 0 0
20140624 2 3 7 5 0 0
20140624 3 7 2 3 0 0
20140624 4 3 2 1 0 0
20140624 5 7 2 3 0 0
20140624 6 8 4 1 6 4
20140624 7 4 2 5 4 2
20140624 8 9 1 5 6 1
20140624 9 8 1 4 6 1
20140624 10 4 7 3 4 5
20140707 1 7 3 5 0 0
20140707 2 7 2 1 0 0
20140707 3 2 4 6 0 0
20140707 4 5 7 3 0 0
20140707 5 3 7 4 0 0
20140707 6 9 3 5 6 3
20140707 7 7 1 2 5 1
20140707 8 1 5 9 1 4
20140707 9 2 7 1 2 5
20140707 10 2 6 7 2 5
20140708 1 1 3 6 0 0
20140708 2 5 3 1 0 0
20140708 3 5 1 3 0 0
20140708 4 3 7 5 0 0
20140708 5 4 1 2 0 0
20140708 6 7 1 4 5 1
20140708 7 1 8 5 1 6
20140708 8 1 5 8 1 4
20140708 9 9 1 7 6 1
20140708 10 1 9 8 1 6
20140709 1 5 2 4 0 0
20140709 2 2 6 4 0 0
20140709 3 2 5 1 0 0
20140709 4 4 5 3 0 0
20140709 5 3 6 2 0 0
20140709 6 8 7 5 6 5
20140709 7 4 3 9 4 3
20140709 8 7 3 1 5 3
20140709 9 5 2 1 4 2
20140709 10 7 2 6 5 2
20140723 1 4 3 9 4 3
20140723 2 7 1 4 5 1
20140723 3 5 2 6 4 2
20140723 4 1 5 3 1 4
20140723 5 7 1 9 5 1
20140723 6 7 1 5 5 1
20140723 7 6 5 9 5 4
20140723 8 7 1 6 5 1
20140723 9 8 9 3 6 6
20140723 10 4 1 8 4 1
20140723 11 3 4 1 3 4
20140724 1 3 4 1 3 4
20140724 2 2 5 8 2 4
20140724 3 1 9 3 1 6
20140724 4 9 5 2 6 4
20140724 5 1 9 4 1 6
20140724 6 3 1 9 3 1
20140724 7 9 4 3 6 4
20140724 8 4 2 1 4 2
20140724 9 7 1 5 5 1
20140724 10 3 4 1 3 4
20140724 11 7 4 1 5 4
20140725 1 3 2 1 3 2
20140725 2 7 2 8 5 2
20140725 3 1 8 7 1 6
20140725 4 2 9 1 2 6
20140725 5 9 1 7 6 1
20140725 6 1 5 2 1 5
20140725 7 5 4 1 5 4
20140725 8 3 9 7 3 6
20140725 9 2 5 7 2 4
20140725 10 7 3 5 5 3
20140725 11 2 6 7 2 5
20140801 1 1 4 2 0 0
20140801 2 7 5 2 0 0
20140801 3 4 1 5 0 0
20140801 4 5 4 7 0 0
20140801 5 3 7 2 0 0
20140801 6 7 1 6 5 1
20140801 7 9 7 5 6 5
20140801 8 7 1 9 5 1
20140801 9 5 4 6 4 4
20140801 10 1 2 7 1 2
20140802 1 4 1 3 0 0
20140802 2 4 7 6 0 0
20140802 3 5 3 1 0 0
20140802 4 4 6 2 0 0
20140802 5 4 1 3 0 0
20140802 6 2 5 9 2 4
20140802 7 2 7 1 2 5
20140802 8 9 7 1 6 5
20140802 9 2 5 8 2 4
20140802 10 5 1 3 4 1
20140803 1 5 7 3 0 0
20140803 2 5 2 4 0 0
20140803 3 3 5 6 0 0
20140803 4 4 2 6 0 0
20140803 5 5 1 4 0 0
20140803 6 2 9 3 2 6
20140803 7 6 2 9 5 2
20140803 8 5 9 2 4 6
20140803 9 9 7 1 6 5
20140803 10 1 7 9 1 5
20140828 1 2 6 3 2 5
20140828 2 9 1 2 6 1
20140828 3 9 2 7 6 2
20140828 4 5 1 9 4 1
20140828 5 1 9 2 1 6
20140828 6 1 7 5 1 5
20140828 7 7 2 9 5 2
20140828 8 2 9 7 2 6
20140828 9 2 5 8 2 4
20140828 10 3 1 4 3 1
20140828 11 2 1 7 2 1
20140828 12 5 8 6 4 6
20140829 1 3 5 8 3 5
20140829 2 1 5 8 1 4
20140829 3 3 9 7 3 6
20140829 4 1 9 8 1 6
20140829 5 1 7 4 1 5
20140829 6 6 1 9 5 1
20140829 7 1 2 8 1 2
20140829 8 3 4 7 3 4
20140829 9 2 9 5 2 6
20140829 10 9 7 2 6 5
20140829 11 1 7 9 1 5
20140829 12 7 2 9 5 2
20140830 1 6 3 2 0 0
20140830 2 5 4 2 0 0
20140830 3 7 1 5 6 1
20140830 4 2 8 4 2 6
20140830 5 3 7 8 3 5
20140830 6 1 5 3 1 4
20140830 7 7 3 5 5 3
20140830 8 7 3 5 5 3
20140830 9 1 7 8 1 5
20140830 10 1 7 3 1 5
20140830 11 9 3 1 6 3
20140830 12 7 5 1 5 4
20140831 1 7 2 1 5 2
20140831 2 1 2 9 1 2
20140831 3 1 2 8 1 2
20140831 4 2 9 1 2 6
20140831 5 1 5 7 1 4
20140831 6 2 1 7 2 1
20140831 7 9 1 5 6 1
20140831 8 1 3 4 1 3
20140831 9 7 1 2 5 1
20140831 10 4 9 1 4 6
20140831 11 1 2 7 1 2
20140908 1 5 2 1 0 0
20140908 2 2 6 5 0 0
20140908 3 2 3 7 0 0
20140908 4 1 5 3 0 0
20140908 5 2 4 1 0 0
20140908 6 6 7 1 5 5
20140908 7 5 1 2 4 1
20140908 8 2 9 7 2 6
20140908 9 7 1 6 5 1
20140908 10 9 3 6 6 3
20140909 1 1 5 3 0 0
20140909 2 5 2 3 0 0
20140909 3 1 5 3 0 0
20140909 4 1 5 3 0 0
20140909 5 2 7 4 0 0
20140909 6 8 7 5 6 6
20140909 7 5 3 2 4 3
20140909 8 7 3 9 5 3
20140909 9 7 1 3 5 1
20140909 10 9 2 3 6 2
20140910 1 2 3 1 0 0
20140910 2 1 4 5 0 0
20140910 3 2 7 3 0 0
20140910 4 3 4 7 0 0
20140910 5 1 5 4 0 0
20140910 6 3 5 1 3 5
20140910 7 5 7 8 4 5
20140910 8 7 3 2 5 3
20140910 9 5 7 9 4 5
20140910 10 2 7 9 2 5
20140916 1 5 9 1 4 6
20140916 2 3 7 1 3 5
20140916 3 5 7 1 4 5
20140916 4 7 1 3 5 1
20140916 5 5 9 1 4 6
20140916 6 7 1 4 5 1
20140916 7 2 5 1 2 4
20140916 8 3 1 9 3 1
20140916 9 3 2 9 3 2
20140916 10 2 1 5 2 1
20140916 11 9 7 2 6 5
20140917 1 9 1 2 6 1
20140917 2 1 5 2 1 4
20140917 3 2 8 7 2 6
20140917 4 1 8 2 1 6
20140917 5 9 2 5 6 2
20140917 6 1 7 2 1 5
20140917 7 4 2 8 4 2
20140917 8 8 9 3 6 6
20140917 9 5 7 8 4 5
20140917 10 9 1 7 6 1
20140917 11 5 1 9 4 1
20140918 1 5 7 2 4 5
20140918 2 6 1 3 5 1
20140918 3 5 2 8 4 2
20140918 4 2 4 6 2 4
20140918 5 9 2 1 6 2
20140918 6 2 3 4 2 3
20140918 7 3 7 1 3 5
20140918 8 6 5 9 5 4
20140918 9 3 6 8 3 5
20140918 10 7 3 5 5 3
20140918 11 8 1 7 6 1
20140924 1 7 6 1 5 5
20140924 2 5 7 4 4 5
20140924 3 1 5 7 1 4
20140924 4 3 9 6 3 6
20140924 5 7 1 5 5 1
20140924 6 9 4 3 6 4
20140924 7 7 3 8 5 3
20140924 8 3 2 9 3 2
20140924 9 1 5 4 1 4
20140924 10 3 7 8 3 5
20140924 11 9 1 2 6 1
20140925 1 3 8 4 3 6
20140925 2 2 9 5 2 6
20140925 3 9 2 3 6 2
20140925 4 7 3 9 5 3
20140925 5 5 2 4 4 2
20140925 6 1 3 4 1 3
20140925 7 3 5 8 3 4
20140925 8 7 1 4 5 1
20140925 9 7 3 6 5 3
20140925 10 3 7 4 3 5
20140925 11 3 1 9 3 1
20140926 1 7 2 5 5 2
20140926 2 7 2 4 5 2
20140926 3 3 7 5 3 5
20140926 4 2 9 6 2 6
20140926 5 7 1 9 5 1
20140926 6 7 3 4 5 3
20140926 7 2 5 3 2 4
20140926 8 3 2 7 3 2
20140926 9 3 9 5 3 6
20140926 10 3 9 6 3 6
20140926 11 9 1 7 6 1
20141022 1 5 1 8 4 1
20141022 2 3 7 1 3 5
20141022 3 2 9 1 2 6
20141022 4 9 5 3 6 4
20141022 5 5 3 1 4 3
20141022 6 3 6 2 3 5
20141022 7 1 7 2 1 5
20141022 8 3 9 2 3 6
20141022 9 2 1 7 2 1
20141022 10 3 8 2 3 6
20141022 11 2 4 9 2 4
20141023 1 3 7 5 3 5
20141023 2 2 3 7 2 3
20141023 3 4 5 9 4 4
20141023 4 1 2 5 1 2
20141023 5 7 1 4 5 1
20141023 6 5 7 1 4 5
20141023 7 7 1 5 5 1
20141023 8 2 9 5 2 6
20141023 9 7 1 9 5 1
20141023 10 2 9 5 2 6
20141023 11 1 5 2 1 4
20141024 1 1 7 9 1 5
20141024 2 5 3 7 4 3
20141024 3 3 7 4 3 5
20141024 4 9 3 5 6 3
20141024 5 3 9 6 3 6
20141024 6 3 7 5 3 6
20141024 7 3 5 8 3 4
20141024 8 9 6 7 6 5
20141024 9 3 4 1 3 4
20141024 10 9 5 4 6 4
20141024 11 4 2 6 4 2
20141029 1 1 7 5 0 0
20141029 2 1 3 7 0 0
20141029 3 7 1 3 0 0
20141029 4 7 1 5 0 0
20141029 5 3 5 1 0 0
20141029 6 1 9 3 1 6
20141029 7 9 7 3 6 5
20141029 8 3 9 4 3 6
20141029 9 0 0 0 4 5
20141029 10 6 1 5 5 1
20141030 1 2 1 4 0 0
20141030 2 2 7 3 0 0
20141030 3 2 5 7 0 0
20141030 4 2 5 4 0 0
20141030 5 1 3 6 0 0
20141030 6 9 1 3 6 1
20141030 7 9 5 1 6 4
20141030 8 9 7 8 6 5
20141030 9 9 2 5 6 2
20141030 10 9 3 7 6 3
20141031 1 5 4 7 0 0
20141031 2 2 3 4 0 0
20141031 3 2 4 3 0 0
20141031 4 2 4 5 0 0
20141031 5 3 6 7 0 0
20141031 6 1 3 5 0 0
20141031 7 4 3 2 4 3
20141031 8 1 9 6 1 6
20141031 9 2 9 1 2 6
20141031 10 5 2 1 4 2
20141107 1 2 1 3 0 0
20141107 2 1 7 4 0 0
20141107 3 5 1 3 0 0
20141107 4 3 5 1 0 0
20141107 5 2 5 7 0 0
20141107 6 9 7 5 6 5
20141107 7 7 1 3 5 1
20141107 8 9 2 3 6 2
20141107 9 3 2 9 3 2
20141107 10 2 1 8 2 1
20141108 1 7 5 1 0 0
20141108 2 7 4 5 0 0
20141108 3 1 3 5 0 0
20141108 4 2 7 1 0 0
20141108 5 3 7 1 0 0
20141108 6 7 9 1 5 6
20141108 7 4 9 2 4 6
20141108 8 5 6 9 4 5
20141108 9 3 9 7 3 6
20141108 10 7 5 3 5 4
20141109 1 5 7 6 0 0
20141109 2 2 4 7 0 0
20141109 3 4 2 5 0 0
20141109 4 5 2 4 0 0
20141109 5 1 4 3 0 0
20141109 6 5 2 6 4 2
20141109 7 5 8 2 4 6
20141109 8 9 2 7 6 2
20141109 9 2 3 9 2 3
20141109 10 3 5 7 3 4
20141126 1 4 3 1 4 3
20141126 2 2 3 9 2 3
20141126 3 3 5 4 3 4
20141126 4 4 1 7 4 1
20141126 5 5 7 1 4 5
20141126 6 5 4 7 4 4
20141126 7 1 5 3 1 4
20141126 8 5 2 7 4 2
20141126 9 1 6 2 1 5
20141126 10 1 4 5 1 4
20141126 11 1 7 9 1 5
20141127 1 3 7 2 3 5
20141127 2 1 7 5 1 5
20141127 3 9 8 5 6 6
20141127 4 4 7 3 4 5
20141127 5 2 6 1 2 5
20141127 6 8 5 9 6 4
20141127 7 2 9 7 2 6
20141127 8 9 3 5 6 3
20141127 9 2 7 8 2 5
20141127 10 8 6 9 6 5
20141127 11 7 6 5 5 5
20141128 1 7 2 8 5 2
20141128 2 9 7 6 6 5
20141128 3 6 4 1 5 4
20141128 4 7 4 2 5 4
20141128 5 7 2 3 5 2
20141128 6 5 7 4 5 6
20141128 7 3 2 6 3 2
20141128 8 5 4 2 4 4
20141128 9 6 8 2 5 6
20141128 10 3 7 5 3 5
20141128 11 6 2 7 5 2
20150413 1 1 7 3 0 0
20150413 2 3 2 7 0 0
20150413 3 7 1 2 0 0
20150413 4 5 3 1 0 0
20150413 5 2 3 7 0 0
20150413 6 3 5 4 3 4
20150413 7 9 4 7 6 4
20150413 8 1 5 2 1 4
20150413 9 2 7 9 2 5
20150413 10 3 8 6 3 6
20150414 1 1 5 4 0 0
20150414 2 3 1 7 0 0
20150414 3 6 7 1 0 0
20150414 4 1 4 5 0 0
20150414 5 7 3 5 0 0
20150414 6 8 1 2 6 1
20150414 7 1 7 5 1 5
20150414 8 1 3 9 1 3
20150414 9 3 2 4 3 2
20150414 10 7 1 9 5 1
20150415 1 5 3 2 0 0
20150415 2 2 7 5 0 0
20150415 3 3 4 7 0 0
20150415 4 1 6 3 0 0
20150415 5 4 5 3 0 0
20150415 6 5 7 1 4 5
20150415 7 3 1 4 3 1
20150415 8 4 7 9 4 5
20150415 9 2 5 7 2 4
20150415 10 5 1 3 4 1
20150505 1 3 5 4 0 0
20150505 2 7 5 3 0 0
20150505 3 5 2 3 0 0
20150505 4 3 1 6 0 0
20150505 5 2 4 5 0 0
20150505 6 1 4 6 0 0
20150505 7 6 1 4 0 0
20150505 8 2 5 1 2 4
20150505 9 1 5 8 1 4
20150505 10 1 5 3 1 4
20150505 11 3 5 1 3 4
20150505 12 2 8 7 2 6
20150506 1 4 7 2 0 0
20150506 2 7 3 1 0 0
20150506 3 4 1 3 0 0
20150506 4 2 7 5 0 0
20150506 5 5 1 7 0 0
20150506 6 4 7 3 0 0
20150506 7 5 2 1 0 0
20150506 8 2 9 3 2 6
20150506 9 9 5 2 6 4
20150506 10 9 4 3 6 4
20150506 11 1 5 7 1 4
20150506 12 3 2 4 3 2
20150507 1 4 1 7 0 0
20150507 2 5 2 7 0 0
20150507 3 4 2 5 0 0
20150507 4 1 7 5 0 0
20150507 5 4 3 7 0 0
20150507 6 7 3 4 0 0
20150507 7 7 9 1 5 6
20150507 8 2 9 5 2 6
20150507 9 1 5 4 0 0
20150507 10 5 1 2 4 1
20150507 11 3 9 8 3 6
20150507 12 4 8 5 4 6
20150512 1 1 4 6 0 0
20150512 2 7 1 5 0 0
20150512 3 5 2 1 0 0
20150512 4 5 7 2 0 0
20150512 5 3 7 5 0 0
20150512 6 7 2 3 5 2
20150512 7 9 2 1 6 2
20150512 8 2 7 1 2 5
20150512 9 2 7 3 2 5
20150512 10 2 4 8 2 4
20150513 1 5 3 1 0 0
20150513 2 7 4 1 0 0
20150513 3 3 2 7 0 0
20150513 4 4 3 2 0 0
20150513 5 1 5 7 0 0
20150513 6 5 7 4 4 5
20150513 7 3 9 5 3 6
20150513 8 3 6 7 3 5
20150513 9 2 5 1 2 4
20150513 10 5 3 1 4 3
20150514 1 5 3 2 0 0
20150514 2 5 4 2 0 0
20150514 3 4 1 3 0 0
20150514 4 5 4 7 0 0
20150514 5 6 5 1 0 0
20150514 6 2 9 3 2 6
20150514 7 4 7 2 4 5
20150514 8 4 1 2 4 1
20150514 9 3 1 8 3 1
20150514 10 3 1 9 3 1
20150612 1 4 1 7 0 0
20150612 2 7 1 5 0 0
20150612 3 2 5 3 0 0
20150612 4 3 5 2 0 0
20150612 5 4 1 2 0 0
20150612 6 3 1 5 3 1
20150612 7 7 1 5 5 1
20150612 8 1 5 2 1 4
20150612 9 4 2 9 4 2
20150612 10 4 3 7 4 3
20150613 1 1 2 4 0 0
20150613 2 7 1 3 0 0
20150613 3 7 2 4 0 0
20150613 4 5 7 3 0 0
20150613 5 3 6 1 0 0
20150613 6 9 3 7 6 3
20150613 7 9 7 5 6 5
20150613 8 1 7 5 1 5
20150613 9 7 5 2 5 4
20150613 10 7 1 8 5 1
20150614 1 3 2 4 0 0
20150614 2 3 5 7 0 0
20150614 3 2 5 4 0 0
20150614 4 2 5 7 0 0
20150614 5 1 5 3 0 0
20150614 6 2 9 5 2 6
20150614 7 4 7 2 4 5
20150614 8 3 7 8 3 5
20150614 9 2 4 7 2 4
20150614 10 1 5 3 1 4
20150624 1 2 6 3 2 5
20150624 2 1 7 9 1 5
20150624 3 3 5 4 3 4
20150624 4 9 1 7 6 1
20150624 5 7 1 3 5 1
20150624 6 5 3 8 4 3
20150624 7 5 9 1 4 6
20150624 8 5 3 9 4 3
20150624 9 7 2 5 5 2
20150624 10 9 1 2 6 1
20150624 11 4 2 9 4 2
20150625 1 8 1 5 6 1
20150625 2 3 7 4 3 5
20150625 3 2 3 4 2 3
20150625 4 7 5 1 5 4
20150625 5 1 2 5 1 2
20150625 6 7 1 5 5 1
20150625 7 9 1 3 6 1
20150625 8 5 9 2 4 6
20150625 9 7 3 4 5 3
20150625 10 5 2 8 4 2
20150625 11 1 2 3 1 2
20150626 1 3 4 7 3 4
20150626 2 4 2 5 4 2
20150626 3 5 7 3 4 5
20150626 4 7 3 2 5 3
20150626 5 1 3 6 1 3
20150626 6 8 1 2 6 1
20150626 7 1 5 9 1 4
20150626 8 3 9 5 3 6
20150626 9 9 7 5 6 5
20150626 10 9 2 5 6 2
20150626 11 2 9 7 2 6
20150629 1 3 7 8 3 5
20150629 2 3 7 1 3 5
20150629 3 9 2 5 6 2
20150629 4 2 9 3 2 6
20150629 5 1 7 3 1 5
20150629 6 5 4 7 4 4
20150629 7 6 7 3 5 5
20150629 8 1 6 5 1 5
20150629 9 5 1 6 4 1
20150629 10 7 1 5 5 1
20150629 11 2 8 7 2 6
20150630 1 2 5 8 2 4
20150630 2 2 7 6 2 5
20150630 3 1 5 7 1 4
20150630 4 1 7 6 1 5
20150630 5 9 3 8 6 3
20150630 6 7 1 9 5 1
20150630 7 5 9 3 4 6
20150630 8 4 9 3 4 6
20150630 9 1 5 9 1 4
20150630 10 5 1 2 4 1
20150630 11 5 7 2 4 5
20150701 1 7 1 5 5 1
20150701 2 2 7 9 2 5
20150701 3 7 4 8 5 4
20150701 4 1 2 9 1 2
20150701 5 5 3 2 4 3
20150701 6 7 1 5 5 1
20150701 7 1 2 6 1 2
20150701 8 4 3 5 4 3
20150701 9 4 1 2 4 1
20150701 10 1 9 7 1 6
20150701 11 1 2 5 1 2
