20120618 1 2 4 5 0 0
20120618 2 5 1 2 0 0
20120618 3 3 7 4 0 0
20120618 4 1 4 5 0 0
20120618 5 4 7 1 0 0
20120618 6 4 9 5 4 6
20120618 7 7 3 9 5 3
20120618 8 9 2 4 6 2
20120618 9 5 1 9 4 1
20120618 10 5 1 2 4 1
20120618 11 3 9 4 3 6
20120619 1 7 2 4 0 0
20120619 2 2 6 4 0 0
20120619 3 7 1 5 0 0
20120619 4 2 3 7 0 0
20120619 5 6 3 5 0 0
20120619 6 9 3 4 6 3
20120619 7 7 5 2 5 4
20120619 8 9 1 7 6 1
20120619 9 5 9 3 4 6
20120619 10 2 3 4 2 3
20120619 11 8 7 3 6 5
20120620 1 1 5 2 0 0
20120620 2 2 5 7 0 0
20120620 3 2 7 5 0 0
20120620 4 4 1 5 0 0
20120620 5 1 4 6 0 0
20120620 6 1 7 3 1 5
20120620 7 2 4 8 2 4
20120620 8 7 9 1 5 6
20120620 9 2 5 6 2 4
20120620 10 3 2 1 3 2
20120620 11 9 5 3 6 4
20120626 1 3 2 9 3 2
20120626 2 5 4 9 4 4
20120626 3 2 9 5 2 6
20120626 4 9 1 7 6 1
20120626 5 3 1 7 3 1
20120626 6 1 9 5 1 6
20120626 7 1 7 9 1 5
20120626 8 9 3 2 6 3
20120626 9 2 3 6 2 3
20120626 10 5 1 3 4 1
20120626 11 2 7 9 2 5
20120626 12 1 2 7 1 2
20120627 1 7 1 2 5 1
20120627 2 2 1 9 2 1
20120627 3 7 2 3 5 2
20120627 4 1 9 7 1 6
20120627 5 9 1 3 6 1
20120627 6 4 1 7 4 1
20120627 7 1 7 9 1 5
20120627 8 3 9 4 3 6
20120627 9 1 8 9 1 6
20120627 10 9 5 8 6 4
20120627 11 9 4 3 6 4
20120627 12 9 2 3 6 2
20120628 1 1 9 6 1 6
20120628 2 3 7 9 3 5
20120628 3 5 2 6 4 2
20120628 4 8 1 9 6 1
20120628 5 1 3 2 1 3
20120628 6 9 3 4 6 3
20120628 7 7 1 5 5 1
20120628 8 3 1 7 3 1
20120628 9 9 5 6 6 4
20120628 10 1 9 4 1 6
20120628 11 1 7 4 1 5
20120628 12 1 7 2 1 5
20120717 1 3 1 7 0 0
20120717 2 1 4 2 0 0
20120717 3 7 5 1 0 0
20120717 4 1 3 5 0 0
20120717 5 1 5 3 0 0
20120717 6 1 9 8 1 6
20120717 7 2 7 9 2 5
20120717 8 5 1 7 4 1
20120717 9 7 2 5 5 2
20120717 10 2 1 5 2 1
20120717 11 4 1 5 4 1
20120718 1 2 6 5 0 0
20120718 2 1 3 2 0 0
20120718 3 3 6 2 0 0
20120718 4 1 5 4 0 0
20120718 5 2 4 3 0 0
20120718 6 7 1 4 5 1
20120718 7 5 6 8 4 5
20120718 8 5 7 3 4 5
20120718 9 2 9 7 2 6
20120718 10 3 7 4 3 5
20120718 11 2 7 3 2 5
20120719 1 2 1 4 0 0
20120719 2 7 2 3 0 0
20120719 3 5 1 7 0 0
20120719 4 2 7 3 0 0
20120719 5 2 4 1 0 0
20120719 6 6 4 2 5 4
20120719 7 2 7 5 2 6
20120719 8 7 1 2 5 1
20120719 9 2 7 9 2 5
20120719 10 9 1 3 6 1
20120719 11 7 2 3 5 2
20120813 1 5 1 3 0 0
20120813 2 1 7 3 0 0
20120813 3 5 1 7 0 0
20120813 4 2 1 4 0 0
20120813 5 2 7 5 0 0
20120813 6 1 2 6 1 2
20120813 7 3 7 5 0 0
20120813 8 1 3 2 1 3
20120813 9 5 3 8 4 3
20120813 10 3 5 2 3 4
20120813 11 7 1 3 5 1
20120814 1 5 1 6 0 0
20120814 2 3 7 2 0 0
20120814 3 2 3 7 0 0
20120814 4 1 6 5 0 0
20120814 5 3 2 1 0 0
20120814 6 7 1 4 5 1
20120814 7 2 7 1 2 5
20120814 8 2 9 3 2 6
20120814 9 4 3 8 4 3
20120814 10 6 7 3 5 5
20120814 11 8 9 4 6 6
20120815 1 4 2 5 0 0
20120815 2 5 2 1 0 0
20120815 3 1 7 4 0 0
20120815 4 5 4 6 0 0
20120815 5 2 7 5 0 0
20120815 6 7 9 1 5 6
20120815 7 9 5 3 6 4
20120815 8 3 9 2 3 6
20120815 9 2 7 1 2 5
20120815 10 3 2 5 3 2
20120815 11 5 1 2 4 1
20120820 1 5 3 4 0 0
20120820 2 1 5 4 0 0
20120820 3 3 7 2 0 0
20120820 4 2 1 4 0 0
20120820 5 1 3 7 0 0
20120820 6 5 9 2 4 6
20120820 7 2 1 4 2 1
20120820 8 2 9 4 2 6
20120820 9 5 2 9 4 2
20120820 10 7 1 5 5 1
20120820 11 8 2 9 6 2
20120821 1 7 2 3 0 0
20120821 2 7 3 4 0 0
20120821 3 1 2 3 0 0
20120821 4 5 4 7 0 0
20120821 5 3 4 7 0 0
20120821 6 1 8 3 1 6
20120821 7 1 9 5 1 6
20120821 8 9 3 1 6 3
20120821 9 7 3 1 5 3
20120821 10 3 9 8 3 6
20120821 11 2 4 5 2 4
20120822 1 5 7 4 0 0
20120822 2 6 7 4 0 0
20120822 3 5 7 4 0 0
20120822 4 3 2 7 0 0
20120822 5 2 7 1 0 0
20120822 6 5 8 2 4 6
20120822 7 5 7 2 4 5
20120822 8 2 3 7 2 3
20120822 9 1 7 2 1 5
20120822 10 5 1 3 4 1
20120822 11 5 7 6 4 5
20120918 1 1 2 5 1 2
20120918 2 1 9 5 1 6
20120918 3 2 3 9 2 3
20120918 4 1 7 9 1 5
20120918 5 1 5 9 1 4
20120918 6 5 2 9 4 2
20120918 7 7 3 2 5 3
20120918 8 3 9 5 3 6
20120918 9 1 5 8 1 4
20120918 10 1 5 7 1 4
20120918 11 7 5 8 5 4
20120919 1 1 9 5 1 6
20120919 2 7 5 2 5 4
20120919 3 3 9 1 3 6
20120919 4 7 9 4 5 6
20120919 5 3 5 9 3 4
20120919 6 5 1 3 4 1
20120919 7 5 8 1 4 6
20120919 8 7 9 8 5 6
20120919 9 2 5 1 2 4
20120919 10 3 5 9 3 4
20120919 11 6 9 5 5 6
20120920 1 6 5 1 5 4
20120920 2 5 1 7 4 1
20120920 3 9 2 3 6 2
20120920 4 7 2 1 5 2
20120920 5 7 3 8 5 3
20120920 6 7 1 9 5 1
20120920 7 4 1 7 4 1
20120920 8 1 7 3 1 5
20120920 9 1 2 3 1 2
20120920 10 2 9 4 2 6
20120920 11 2 4 8 2 4
20121001 1 5 4 7 0 0
20121001 2 4 7 1 0 0
20121001 3 1 5 7 0 0
20121001 4 3 5 7 0 0
20121001 5 1 4 7 0 0
20121001 6 5 2 3 4 2
20121001 7 7 1 9 5 1
20121001 8 3 9 2 3 6
20121001 9 9 1 5 6 1
20121001 10 9 3 1 6 3
20121001 11 5 7 2 4 5
20121002 1 4 5 6 0 0
20121002 2 4 5 2 0 0
20121002 3 7 3 1 0 0
20121002 4 3 2 5 0 0
20121002 5 7 2 1 0 0
20121002 6 2 1 7 2 1
20121002 7 9 1 7 6 1
20121002 8 3 6 8 3 5
20121002 9 8 3 5 6 3
20121002 10 4 2 5 4 2
20121002 11 8 3 4 6 3
20121003 1 1 2 3 0 0
20121003 2 1 7 4 0 0
20121003 3 7 1 4 0 0
20121003 4 7 1 3 0 0
20121003 5 6 1 2 0 0
20121003 6 5 7 1 5 6
20121003 7 3 1 7 3 1
20121003 8 9 1 7 6 1
20121003 9 2 7 4 2 5
20121003 10 5 1 9 4 1
20121003 11 4 1 8 4 1
20121021 1 5 7 3 0 0
20121021 2 5 3 1 0 0
20121021 3 7 5 1 0 0
20121021 4 2 1 7 0 0
20121021 5 1 5 3 0 0
20121021 6 1 9 6 1 6
20121021 7 1 3 9 1 3
20121021 8 7 2 5 5 2
20121021 9 5 1 9 4 1
20121021 10 2 7 4 2 5
20121021 11 9 3 4 6 3
20121022 1 1 5 3 0 0
20121022 2 7 2 1 0 0
20121022 3 3 5 1 0 0
20121022 4 1 5 7 0 0
20121022 5 4 3 2 0 0
20121022 6 2 3 5 2 3
20121022 7 7 2 1 5 2
20121022 8 1 5 4 1 4
20121022 9 9 3 5 6 3
20121022 10 1 3 5 1 3
20121022 11 3 7 4 3 5
20121023 1 3 4 5 0 0
20121023 2 4 2 5 0 0
20121023 3 3 4 7 0 0
20121023 4 1 3 5 0 0
20121023 5 2 5 1 0 0
20121023 6 7 1 5 5 1
20121023 7 5 3 9 4 3
20121023 8 3 7 1 3 5
20121023 9 5 1 6 4 1
20121023 10 2 4 7 2 4
20121023 11 7 2 6 5 2
20121107 1 9 2 1 6 2
20121107 2 2 6 7 2 5
20121107 3 2 3 5 2 3
20121107 4 1 7 4 1 5
20121107 5 9 4 1 6 4
20121107 6 8 4 7 6 4
20121107 7 1 7 3 1 5
20121107 8 7 1 2 5 1
20121107 9 5 3 9 4 3
20121107 10 5 4 3 4 4
20121107 11 5 9 7 4 6
20121108 1 2 9 5 2 6
20121108 2 4 1 6 4 1
20121108 3 1 3 2 1 3
20121108 4 4 2 1 4 2
20121108 5 2 1 8 2 1
20121108 6 2 7 5 2 5
20121108 7 1 7 3 1 6
20121108 8 4 7 3 4 5
20121108 9 1 3 7 1 3
20121108 10 1 5 4 1 4
20121108 11 7 5 2 5 4
20121109 1 3 7 1 3 6
20121109 2 1 2 8 1 2
20121109 3 2 9 7 2 6
20121109 4 9 2 5 6 2
20121109 5 7 5 9 5 4
20121109 6 3 4 7 3 4
20121109 7 1 9 3 1 6
20121109 8 9 3 7 6 3
20121109 9 5 3 7 4 3
20121109 10 3 4 2 3 4
20121109 11 3 2 5 3 2
20121117 1 7 9 5 5 6
20121117 2 1 2 3 1 2
20121117 3 9 3 5 6 3
20121117 4 1 5 6 1 4
20121117 5 5 2 8 4 2
20121117 6 2 7 5 2 5
20121117 7 9 2 1 6 2
20121117 8 1 5 9 1 4
20121117 9 5 2 6 4 2
20121117 10 4 3 6 4 3
20121117 11 1 4 3 1 4
20121118 1 2 7 4 2 5
20121118 2 1 2 4 1 2
20121118 3 1 5 6 1 4
20121118 4 1 2 5 1 2
20121118 5 7 2 8 5 2
20121118 6 9 7 2 6 5
20121118 7 2 6 3 2 5
20121118 8 3 1 4 3 1
20121118 9 1 3 5 1 3
20121118 10 3 9 5 3 6
20121118 11 7 4 1 5 4
20121119 1 5 7 4 4 5
20121119 2 9 7 3 6 5
20121119 3 1 5 2 1 4
20121119 4 9 3 1 6 3
20121119 5 1 3 8 1 3
20121119 6 7 3 2 5 3
20121119 7 1 7 9 1 5
20121119 8 1 3 9 1 3
20121119 9 3 1 9 3 1
20121119 10 1 9 3 1 6
20121119 11 1 5 9 1 4
20121120 1 2 1 8 2 1
20121120 2 2 1 9 2 1
20121120 3 1 5 4 1 4
20121120 4 9 7 4 6 5
20121120 5 7 1 3 5 1
20121120 6 3 2 9 3 2
20121120 7 3 4 1 3 4
20121120 8 7 3 4 5 3
20121120 9 4 1 2 4 1
20121120 10 2 9 7 2 6
20121120 11 1 7 8 1 5
20121218 1 2 1 5 2 1
20121218 2 3 9 7 3 6
20121218 3 2 7 1 2 5
20121218 4 5 2 7 4 2
20121218 5 1 5 9 1 4
20121218 6 3 5 7 3 4
20121218 7 7 3 9 5 3
20121218 8 9 1 4 6 1
20121218 9 7 9 1 5 6
20121218 10 1 2 7 1 2
20121218 11 6 4 9 5 4
20121219 1 9 3 1 6 3
20121219 2 7 2 4 5 2
20121219 3 2 8 9 2 6
20121219 4 1 2 9 1 2
20121219 5 5 2 1 4 2
20121219 6 5 1 3 4 1
20121219 7 4 7 9 4 5
20121219 8 2 7 3 2 5
20121219 9 1 2 7 1 2
20121219 10 1 3 5 1 3
20121219 11 8 4 1 6 4
20121220 1 3 8 2 3 6
20121220 2 7 5 2 5 4
20121220 3 1 7 9 1 5
20121220 4 3 6 4 3 5
20121220 5 5 2 3 4 2
20121220 6 2 8 1 2 6
20121220 7 2 9 3 2 6
20121220 8 7 6 8 5 5
20121220 9 9 4 2 6 4
20121220 10 1 7 3 1 5
20121220 11 5 3 6 4 3
20130101 1 5 9 3 4 6
20130101 2 5 2 1 4 2
20130101 3 1 6 4 1 5
20130101 4 7 9 8 5 6
20130101 5 7 1 8 5 1
20130101 6 7 5 2 5 4
20130101 7 3 1 9 3 1
20130101 8 5 6 2 4 5
20130101 9 2 7 1 2 5
20130101 10 9 1 7 6 1
20130101 11 2 5 9 2 4
20130102 1 3 9 5 3 6
20130102 2 5 1 7 4 1
20130102 3 8 5 1 6 4
20130102 4 3 7 5 3 5
20130102 5 1 2 7 1 2
20130102 6 7 1 9 5 1
20130102 7 6 4 5 5 4
20130102 8 3 5 4 3 4
20130102 9 3 7 2 3 5
20130102 10 9 1 3 6 1
20130102 11 5 1 2 4 1
20130103 1 3 5 7 3 4
20130103 2 4 3 9 4 3
20130103 3 3 5 1 3 4
20130103 4 2 3 1 2 3
20130103 5 5 7 9 4 5
20130103 6 2 7 4 2 5
20130103 7 9 7 1 6 5
20130103 8 7 9 6 5 6
20130103 9 5 1 7 4 1
20130103 10 1 5 7 1 4
20130103 11 2 8 9 2 6
20130109 1 5 3 7 0 0
20130109 2 4 6 1 0 0
20130109 3 2 1 4 0 0
20130109 4 4 1 6 0 0
20130109 5 1 4 5 0 0
20130109 6 7 5 1 5 4
20130109 7 1 7 9 1 5
20130109 8 7 9 2 5 6
20130109 9 5 8 2 4 6
20130109 10 8 2 5 6 2
20130109 11 1 6 2 1 5
20130110 1 1 2 7 0 0
20130110 2 2 7 1 0 0
20130110 3 2 7 5 0 0
20130110 4 3 1 5 0 0
20130110 5 3 1 7 0 0
20130110 6 1 2 6 1 2
20130110 7 7 5 2 5 4
20130110 8 1 7 5 1 5
20130110 9 9 6 1 6 5
20130110 10 7 6 9 5 5
20130110 11 9 1 7 6 1
20130111 1 6 2 1 0 0
20130111 2 5 1 7 0 0
20130111 3 3 1 2 0 0
20130111 4 1 5 3 0 0
20130111 5 2 5 4 0 0
20130111 6 1 4 5 1 4
20130111 7 7 1 4 5 1
20130111 8 5 2 9 4 2
20130111 9 3 1 4 3 1
20130111 10 9 2 3 6 2
20130111 11 3 7 4 3 5
20130116 1 1 2 5 1 2
20130116 2 9 1 7 6 1
20130116 3 5 9 7 4 6
20130116 4 1 3 7 1 3
20130116 5 3 8 6 3 6
20130116 6 4 6 7 4 5
20130116 7 7 5 9 5 4
20130116 8 2 9 4 2 6
20130116 9 1 8 7 1 6
20130116 10 1 4 6 1 4
20130116 11 2 9 7 2 6
20130117 1 5 2 8 4 2
20130117 2 1 9 7 1 6
20130117 3 9 8 1 6 6
20130117 4 5 4 2 4 4
20130117 5 1 9 2 1 6
20130117 6 9 5 3 6 4
20130117 7 8 5 1 6 4
20130117 8 8 1 2 6 1
20130117 9 7 1 5 5 1
20130117 10 9 1 3 6 1
20130117 11 5 1 7 4 1
20130118 1 9 1 7 6 1
20130118 2 7 5 3 5 4
20130118 3 6 1 5 5 1
20130118 4 7 3 2 5 3
20130118 5 9 3 2 6 3
20130118 6 6 1 7 5 1
20130118 7 1 3 9 1 3
20130118 8 6 3 5 5 3
20130118 9 3 5 6 3 4
20130118 10 7 1 2 5 1
20130118 11 3 7 2 3 5
20130220 1 7 2 4 0 0
20130220 2 7 1 3 0 0
20130220 3 5 1 3 0 0
20130220 4 1 7 3 0 0
20130220 5 4 7 5 0 0
20130220 6 9 5 3 6 4
20130220 7 3 5 1 3 4
20130220 8 1 7 5 1 5
20130220 9 9 1 3 6 1
20130220 10 9 2 7 6 2
20130220 11 9 5 2 6 4
20130221 1 3 1 6 0 0
20130221 2 5 7 6 0 0
20130221 3 3 1 5 0 0
20130221 4 5 7 1 0 0
20130221 5 3 4 1 0 0
20130221 6 4 8 3 4 6
20130221 7 1 3 7 1 3
20130221 8 7 2 5 5 2
20130221 9 5 2 1 4 2
20130221 10 7 3 5 5 3
20130221 11 4 7 1 4 5
20130222 1 4 1 6 0 0
20130222 2 4 1 5 0 0
20130222 3 1 2 7 0 0
20130222 4 7 6 2 0 0
20130222 5 4 6 3 0 0
20130222 6 7 9 2 5 6
20130222 7 3 8 1 3 6
20130222 8 3 2 4 3 2
20130222 9 3 1 4 3 1
20130222 10 7 1 2 5 1
20130222 11 8 1 3 6 1
20130311 1 4 1 2 0 0
20130311 2 2 4 7 0 0
20130311 3 7 1 2 0 0
20130311 4 1 4 3 0 0
20130311 5 5 1 7 0 0
20130311 6 9 1 2 6 1
20130311 7 4 1 3 4 1
20130311 8 1 2 9 1 2
20130311 9 7 3 5 5 3
20130311 10 7 1 3 5 1
20130311 11 2 4 7 2 4
20130312 1 3 5 7 0 0
20130312 2 4 1 2 0 0
20130312 3 6 3 4 0 0
20130312 4 3 7 6 0 0
20130312 5 1 3 7 0 0
20130312 6 2 1 7 2 1
20130312 7 3 1 7 3 1
20130312 8 5 4 2 4 4
20130312 9 9 2 3 6 2
20130312 10 7 3 1 5 3
20130312 11 7 3 2 5 3
20130313 1 3 4 6 0 0
20130313 2 7 1 2 0 0
20130313 3 6 2 4 0 0
20130313 4 4 1 2 0 0
20130313 5 1 3 4 0 0
20130313 6 9 1 5 6 1
20130313 7 1 2 9 1 2
20130313 8 1 5 2 1 4
20130313 9 8 5 9 6 4
20130313 10 1 5 9 1 4
20130313 11 3 8 6 3 6
20130415 1 3 9 2 3 6
20130415 2 9 2 4 6 2
20130415 3 1 7 5 1 5
20130415 4 1 2 4 1 2
20130415 5 3 7 5 3 5
20130415 6 2 4 7 2 4
20130415 7 8 3 6 6 3
20130415 8 7 2 6 5 2
20130415 9 5 2 4 4 2
20130415 10 7 5 8 5 4
20130415 11 6 3 1 5 3
20130416 1 2 7 4 2 5
20130416 2 9 2 4 6 2
20130416 3 5 7 2 4 5
20130416 4 1 9 7 1 6
20130416 5 9 5 1 6 4
20130416 6 1 9 5 1 6
20130416 7 5 3 7 5 3
20130416 8 7 1 2 5 1
20130416 9 2 7 1 2 5
20130416 10 7 4 5 5 4
20130416 11 1 7 9 1 5
20130417 1 9 3 2 6 3
20130417 2 4 6 9 4 5
20130417 3 9 7 4 6 5
20130417 4 1 3 7 1 3
20130417 5 8 3 9 6 3
20130417 6 5 7 1 5 6
20130417 7 4 2 3 4 2
20130417 8 2 6 4 2 5
20130417 9 1 2 6 1 2
20130417 10 3 9 5 3 6
20130417 11 3 1 9 3 1
20130515 1 7 1 4 0 0
20130515 2 1 2 7 0 0
20130515 3 5 3 2 0 0
20130515 4 5 7 2 0 0
20130515 5 2 7 4 0 0
20130515 6 1 9 4 1 6
20130515 7 1 9 3 1 6
20130515 8 1 9 5 1 6
20130515 9 5 9 1 4 6
20130515 10 1 7 3 1 5
20130516 1 1 3 6 0 0
20130516 2 3 1 6 0 0
20130516 3 1 7 3 0 0
20130516 4 1 7 5 0 0
20130516 5 1 4 2 0 0
20130516 6 9 3 1 6 3
20130516 7 9 5 1 6 4
20130516 8 5 9 7 4 6
20130516 9 1 9 8 1 6
20130516 10 6 9 1 5 6
20130517 1 2 3 4 0 0
20130517 2 2 4 5 0 0
20130517 3 2 4 5 0 0
20130517 4 7 2 1 0 0
20130517 5 5 4 2 0 0
20130517 6 3 5 6 3 4
20130517 7 5 1 2 4 1
20130517 8 1 7 6 1 5
20130517 9 9 3 5 6 3
20130517 10 2 1 7 2 1
20130617 1 7 4 6 0 0
20130617 2 5 2 6 0 0
20130617 3 1 3 4 0 0
20130617 4 5 1 3 0 0
20130617 5 4 5 3 0 0
20130617 6 9 2 6 6 2
20130617 7 1 3 8 1 3
20130617 8 1 5 3 1 4
20130617 9 5 1 2 4 1
20130617 10 1 5 8 1 4
20130618 1 2 6 5 0 0
20130618 2 5 4 7 0 0
20130618 3 3 1 4 0 0
20130618 4 5 3 1 0 0
20130618 5 1 4 5 0 0
20130618 6 5 4 8 5 4
20130618 7 1 5 2 1 4
20130618 8 3 7 5 3 5
20130618 9 9 2 1 6 2
20130618 10 3 5 1 3 4
20130619 1 3 1 4 0 0
20130619 2 3 5 1 0 0
20130619 3 5 1 4 0 0
20130619 4 2 3 6 0 0
20130619 5 3 4 1 0 0
20130619 6 4 3 2 4 3
20130619 7 1 7 9 1 5
20130619 8 4 2 1 4 2
20130619 9 2 4 5 2 4
20130619 10 1 4 2 1 4
20130628 1 1 3 7 0 0
20130628 2 2 5 3 0 0
20130628 3 3 7 4 0 0
20130628 4 2 4 5 0 0
20130628 5 1 7 4 0 0
20130628 6 2 3 5 2 3
20130628 7 5 9 1 4 6
20130628 8 2 5 1 2 4
20130628 9 9 1 4 6 1
20130628 10 0 0 0 4 5
20130629 1 4 1 3 0 0
20130629 2 5 4 2 0 0
20130629 3 3 2 1 0 0
20130629 4 2 5 3 0 0
20130629 5 5 7 4 0 0
20130629 6 7 3 5 6 3
20130629 7 7 1 5 6 1
20130629 8 2 6 8 2 5
20130629 9 5 2 8 4 2
20130629 10 9 1 7 6 1
20130630 1 4 2 1 0 0
20130630 2 4 2 7 0 0
20130630 3 7 3 1 0 0
20130630 4 5 1 4 0 0
20130630 5 7 1 3 0 0
20130630 6 2 4 7 2 4
20130630 7 4 5 3 4 5
20130630 8 9 4 2 6 4
20130630 9 7 4 9 5 4
20130630 10 9 3 5 6 3
20130716 1 1 4 3 0 0
20130716 2 1 2 5 0 0
20130716 3 7 1 4 0 0
20130716 4 2 4 7 0 0
20130716 5 3 5 2 0 0
20130716 6 3 4 5 3 4
20130716 7 2 5 1 2 4
20130716 8 2 5 9 2 4
20130716 9 7 1 4 5 1
20130716 10 2 9 4 2 6
20130717 1 5 2 7 0 0
20130717 2 2 5 3 0 0
20130717 3 5 3 4 0 0
20130717 4 3 1 4 0 0
20130717 5 7 2 4 0 0
20130717 6 2 9 7 2 6
20130717 7 1 9 2 1 6
20130717 8 1 5 8 1 4
20130717 9 1 7 9 1 5
20130717 10 1 9 5 1 6
20130718 1 6 3 1 0 0
20130718 2 4 2 1 0 0
20130718 3 5 4 6 0 0
20130718 4 1 3 2 0 0
20130718 5 4 3 6 0 0
20130718 6 3 5 8 3 4
20130718 7 1 7 6 1 5
20130718 8 5 2 9 4 2
20130718 9 4 5 3 4 4
20130718 10 1 9 4 1 6
20130726 1 2 3 1 2 3
20130726 2 5 7 9 4 5
20130726 3 3 5 4 3 4
20130726 4 1 9 3 1 6
20130726 5 7 1 3 5 1
20130726 6 5 2 1 4 2
20130726 7 8 9 4 6 6
20130726 8 5 7 9 4 5
20130726 9 2 7 9 2 5
20130726 10 7 2 1 5 2
20130726 11 5 8 6 4 6
20130727 1 4 8 1 4 6
20130727 2 2 7 1 2 5
20130727 3 1 9 7 1 6
20130727 4 7 3 1 5 3
20130727 5 9 7 5 6 5
20130727 6 1 2 5 1 2
20130727 7 7 9 2 5 6
20130727 8 7 5 1 5 4
20130727 9 9 5 1 6 4
20130727 10 7 2 5 5 2
20130727 11 1 7 8 1 5
20130728 1 2 5 3 2 4
20130728 2 1 7 2 1 5
20130728 3 2 7 9 2 5
20130728 4 4 9 3 4 6
20130728 5 5 3 4 4 3
20130728 6 1 9 7 1 6
20130728 7 7 2 5 5 2
20130728 8 8 3 2 6 3
20130728 9 7 1 5 5 1
20130728 10 2 5 9 2 4
20130728 11 2 5 6 2 4
20130804 1 2 1 3 0 0
20130804 2 3 2 4 0 0
20130804 3 2 5 3 0 0
20130804 4 5 7 3 0 0
20130804 5 3 1 7 0 0
20130804 6 7 3 1 5 3
20130804 7 3 1 5 3 1
20130804 8 1 5 3 1 4
20130804 9 2 3 9 2 3
20130804 10 3 6 1 3 5
20130805 1 5 2 3 0 0
20130805 2 4 7 5 0 0
20130805 3 1 3 7 0 0
20130805 4 4 5 1 0 0
20130805 5 5 1 3 0 0
20130805 6 4 1 5 4 1
20130805 7 5 1 6 4 1
20130805 8 7 1 9 5 1
20130805 9 1 7 5 1 5
20130805 10 1 5 3 1 4
20130806 1 5 3 7 0 0
20130806 2 7 2 4 0 0
20130806 3 5 1 4 0 0
20130806 4 6 7 4 0 0
20130806 5 2 4 6 0 0
20130806 6 7 9 3 5 6
20130806 7 5 8 2 4 6
20130806 8 2 5 7 2 4
20130806 9 3 7 4 3 5
20130806 10 3 4 1 3 4
20130821 1 3 5 4 0 0
20130821 2 1 5 7 0 0
20130821 3 2 6 7 0 0
20130821 4 4 7 5 0 0
20130821 5 3 5 2 0 0
20130821 6 9 1 4 6 1
20130821 7 2 9 1 2 6
20130821 8 3 1 7 3 1
20130821 9 1 6 5 1 5
20130821 10 2 3 5 2 3
20130822 1 7 2 1 0 0
20130822 2 1 7 5 0 0
20130822 3 2 1 7 0 0
20130822 4 5 2 4 0 0
20130822 5 1 2 5 0 0
20130822 6 3 2 4 3 2
20130822 7 5 8 3 4 6
20130822 8 5 9 3 4 6
20130822 9 2 7 1 2 5
20130822 10 3 7 1 3 5
20130823 1 5 1 7 0 0
20130823 2 1 3 5 0 0
20130823 3 5 3 7 0 0
20130823 4 1 5 7 0 0
20130823 5 7 2 3 0 0
20130823 6 8 2 1 6 2
20130823 7 1 9 8 1 6
20130823 8 5 3 1 4 3
20130823 9 5 2 6 4 2
20130823 10 1 7 5 1 5
20130909 1 2 1 4 0 0
20130909 2 4 2 3 0 0
20130909 3 1 3 5 0 0
20130909 4 5 3 1 0 0
20130909 5 1 5 3 0 0
20130909 6 5 3 1 4 3
20130909 7 1 7 2 1 5
20130909 8 6 7 9 5 5
20130909 9 7 3 2 5 3
20130909 10 5 9 3 4 6
20130910 1 7 5 2 0 0
20130910 2 5 3 7 0 0
20130910 3 2 4 5 0 0
20130910 4 4 1 3 0 0
20130910 5 5 2 3 0 0
20130910 6 4 3 2 4 3
20130910 7 5 1 9 4 1
20130910 8 1 7 2 1 5
20130910 9 1 7 5 1 5
20130910 10 5 1 2 4 1
20130911 1 6 7 5 0 0
20130911 2 7 2 1 0 0
20130911 3 3 5 1 0 0
20130911 4 1 3 2 0 0
20130911 5 2 3 5 0 0
20130911 6 1 7 9 1 5
20130911 7 9 1 8 6 1
20130911 8 2 9 1 2 6
20130911 9 1 7 5 1 5
20130911 10 6 2 5 5 2
20131030 1 2 5 7 0 0
20131030 2 4 3 1 0 0
20131030 3 2 4 7 0 0
20131030 4 5 3 2 0 0
20131030 5 1 7 4 0 0
20131030 6 5 3 2 4 3
20131030 7 5 3 7 4 3
20131030 8 5 1 9 4 1
20131030 9 3 5 9 3 4
20131030 10 6 8 1 5 6
20131031 1 7 4 6 0 0
20131031 2 4 5 1 0 0
20131031 3 3 5 4 0 0
20131031 4 1 2 5 0 0
20131031 5 1 4 6 0 0
20131031 6 7 1 9 5 1
20131031 7 9 8 3 6 6
20131031 8 3 7 2 3 5
20131031 9 3 7 1 3 5
20131031 10 2 7 9 2 5
20131101 1 1 2 3 0 0
20131101 2 2 5 3 0 0
20131101 3 5 7 1 0 0
20131101 4 1 4 7 0 0
20131101 5 4 3 1 0 0
20131101 6 2 7 4 2 5
20131101 7 2 1 8 2 1
20131101 8 7 1 5 5 1
20131101 9 2 7 9 2 5
20131101 10 9 3 2 6 3
20131115 1 2 5 8 2 4
20131115 2 4 1 5 4 1
20131115 3 2 7 5 2 5
20131115 4 3 9 7 3 6
20131115 5 1 9 3 1 6
20131115 6 3 7 1 3 5
20131115 7 7 1 3 5 1
20131115 8 5 1 9 4 1
20131115 9 5 1 3 4 1
20131115 10 1 5 7 1 4
20131115 11 4 7 3 4 5
20131116 1 5 2 7 5 2
20131116 2 5 3 4 5 3
20131116 3 2 7 4 2 6
20131116 4 2 8 7 2 6
20131116 5 3 1 2 3 1
20131116 6 2 9 7 2 6
20131116 7 9 2 5 6 2
20131116 8 1 2 7 1 2
20131116 9 3 7 2 3 5
20131116 10 7 3 1 5 3
20131116 11 9 1 8 6 1
20131117 1 3 2 5 3 2
20131117 2 1 4 7 1 4
20131117 3 2 5 7 2 5
20131117 4 8 1 7 6 1
20131117 5 1 7 5 1 5
20131117 6 2 7 9 2 5
20131117 7 5 9 2 4 6
20131117 8 9 7 5 6 5
20131117 9 3 1 7 3 1
20131117 10 7 2 5 5 2
20131117 11 1 3 2 1 3
20131118 1 9 3 4 6 3
20131118 2 7 3 8 5 3
20131118 3 1 2 3 1 2
20131118 4 4 7 1 4 5
20131118 5 4 8 7 4 6
20131118 6 7 5 4 5 4
20131118 7 1 9 7 1 6
20131118 8 7 3 4 5 3
20131118 9 5 3 7 4 3
20131118 10 3 7 1 3 5
20131118 11 4 9 6 4 6
20131210 1 2 3 9 2 3
20131210 2 5 9 2 4 6
20131210 3 5 3 7 4 3
20131210 4 3 9 7 3 6
20131210 5 6 7 3 5 5
20131210 6 5 7 3 4 5
20131210 7 2 7 1 2 5
20131210 8 9 2 7 6 2
20131210 9 1 5 7 1 4
20131210 10 5 2 7 4 2
20131210 11 4 2 3 4 2
20131211 1 9 7 8 6 5
20131211 2 1 7 2 1 5
20131211 3 7 2 3 5 2
20131211 4 9 1 2 6 1
20131211 5 8 7 1 6 5
20131211 6 1 2 5 1 2
20131211 7 7 2 5 6 2
20131211 8 5 7 1 4 5
20131211 9 2 1 5 2 1
20131211 10 7 1 2 5 1
20131211 11 1 7 3 1 5
20131212 1 1 5 3 1 5
20131212 2 6 7 3 5 6
20131212 3 3 9 8 3 6
20131212 4 3 7 9 3 5
20131212 5 1 7 9 1 5
20131212 6 2 5 3 2 4
20131212 7 2 7 9 2 5
20131212 8 3 7 5 3 5
20131212 9 9 2 7 6 2
20131212 10 2 1 9 2 1
20131212 11 1 2 7 1 2
20131224 1 3 5 8 3 4
20131224 2 3 4 7 3 4
20131224 3 4 7 3 4 5
20131224 4 9 3 4 6 3
20131224 5 1 7 8 1 5
20131224 6 5 8 7 4 6
20131224 7 1 6 4 1 5
20131224 8 3 5 1 3 4
20131224 9 7 1 8 5 1
20131224 10 1 9 8 1 6
20131224 11 3 1 4 3 1
20131225 1 2 5 9 2 4
20131225 2 5 2 7 4 2
20131225 3 9 2 3 6 2
20131225 4 9 7 3 6 5
20131225 5 3 2 5 3 2
20131225 6 1 7 3 1 5
20131225 7 9 2 5 6 2
20131225 8 7 5 9 5 4
20131225 9 2 3 8 2 3
20131225 10 5 1 2 4 1
20131225 11 1 5 3 1 4
20131226 1 2 9 7 2 6
20131226 2 3 9 5 3 6
20131226 3 8 4 2 6 4
20131226 4 8 9 5 6 6
20131226 5 2 1 9 2 1
20131226 6 6 3 2 5 3
20131226 7 8 3 4 6 3
20131226 8 9 3 1 6 3
20131226 9 5 9 7 4 6
20131226 10 5 3 8 4 3
20131226 11 5 3 1 4 3
20140111 1 1 2 7 0 0
20140111 2 2 5 1 0 0
20140111 3 3 5 7 0 0
20140111 4 5 6 7 0 0
20140111 5 5 2 4 0 0
20140111 6 8 5 1 6 4
20140111 7 5 3 2 4 3
20140111 8 1 5 9 1 4
20140111 9 1 9 6 1 6
20140111 10 5 3 9 4 3
20140112 1 2 3 1 0 0
20140112 2 4 3 5 0 0
20140112 3 7 4 2 0 0
20140112 4 7 1 6 0 0
20140112 5 2 7 5 0 0
20140112 6 7 2 5 5 2
20140112 7 1 5 7 1 4
20140112 8 7 3 8 5 3
20140112 9 7 5 1 5 4
20140112 10 2 3 1 2 3
20140113 1 5 4 1 0 0
20140113 2 3 5 2 0 0
20140113 3 4 1 5 0 0
20140113 4 7 5 3 0 0
20140113 5 1 2 3 0 0
20140113 6 4 1 2 4 1
20140113 7 1 9 6 1 6
20140113 8 1 5 8 1 4
20140113 9 1 6 7 1 5
20140113 10 7 1 4 5 1
20140115 1 9 3 1 6 3
20140115 2 5 9 7 4 6
20140115 3 7 2 9 5 2
20140115 4 2 9 5 2 6
20140115 5 1 7 9 1 5
20140115 6 1 6 8 1 5
20140115 7 3 5 8 3 4
20140115 8 9 4 1 6 4
20140115 9 1 7 5 1 5
20140115 10 1 9 8 1 6
20140115 11 3 4 1 3 4
20140116 1 1 7 9 1 5
20140116 2 2 9 5 2 6
20140116 3 1 4 7 1 4
20140116 4 7 3 1 5 3
20140116 5 3 5 8 3 4
20140116 6 5 1 6 4 1
20140116 7 9 2 7 6 2
20140116 8 4 3 2 4 3
20140116 9 1 9 6 1 6
20140116 10 2 4 5 2 4
20140116 11 1 7 2 1 5
20140117 1 3 5 2 3 4
20140117 2 1 4 5 1 4
20140117 3 9 3 2 6 3
20140117 4 3 7 4 3 5
20140117 5 5 4 9 4 4
20140117 6 5 4 8 5 4
20140117 7 3 7 4 3 5
20140117 8 5 1 7 4 1
20140117 9 2 7 5 2 5
20140117 10 4 6 8 4 5
20140117 11 5 3 6 4 3
20140206 1 5 4 6 0 0
20140206 2 7 3 2 0 0
20140206 3 1 4 3 0 0
20140206 4 5 3 2 0 0
20140206 5 7 5 2 0 0
20140206 6 7 5 1 6 5
20140206 7 2 5 3 2 4
20140206 8 1 7 5 1 5
20140206 9 3 9 7 3 6
20140206 10 7 6 1 5 5
20140207 1 7 1 5 0 0
20140207 2 1 5 4 0 0
20140207 3 6 1 3 0 0
20140207 4 4 5 2 0 0
20140207 5 1 2 4 0 0
20140207 6 1 3 8 1 3
20140207 7 7 1 5 5 1
20140207 8 2 6 3 2 5
20140207 9 5 3 7 4 3
20140207 10 5 1 2 4 1
20140301 1 1 2 6 0 0
20140301 2 1 3 7 0 0
20140301 3 5 7 1 0 0
20140301 4 4 2 1 0 0
20140301 5 7 4 2 0 0
20140301 6 1 4 9 1 4
20140301 7 6 9 5 5 6
20140301 8 1 5 8 1 4
20140301 9 9 7 2 6 5
20140301 10 3 6 7 3 5
20140302 1 4 7 3 0 0
20140302 2 7 3 1 0 0
20140302 3 3 7 4 0 0
20140302 4 1 4 2 0 0
20140302 5 1 7 5 0 0
20140302 6 7 8 2 5 6
20140302 7 7 3 9 5 3
20140302 8 9 3 6 6 3
20140302 9 9 1 5 6 1
20140302 10 7 9 2 5 6
20140303 1 2 7 6 0 0
20140303 2 5 7 1 0 0
20140303 3 2 4 5 0 0
20140303 4 3 5 1 0 0
20140303 5 1 7 2 0 0
20140303 6 1 4 7 1 4
20140303 7 3 9 2 3 6
20140303 8 1 3 5 1 3
20140303 9 4 5 2 4 4
20140303 10 5 2 1 4 2
20140314 1 2 3 8 2 3
20140314 2 3 5 8 3 4
20140314 3 9 5 7 6 4
20140314 4 7 1 5 5 1
20140314 5 1 3 7 1 3
20140314 6 6 3 1 5 3
20140314 7 3 7 4 3 5
20140314 8 2 7 5 2 5
20140314 9 7 3 2 5 3
20140314 10 9 1 8 6 1
20140314 11 5 9 3 4 6
20140315 1 2 5 7 2 4
20140315 2 3 9 2 3 6
20140315 3 9 5 6 6 4
20140315 4 2 1 4 2 1
20140315 5 2 9 3 2 6
20140315 6 3 7 1 3 5
20140315 7 8 1 5 6 1
20140315 8 1 3 5 1 3
20140315 9 3 5 1 3 4
20140315 10 4 5 2 4 4
20140315 11 7 1 8 5 1
20140316 1 5 4 9 4 4
20140316 2 7 2 5 5 2
20140316 3 3 7 4 3 5
20140316 4 4 1 5 4 1
20140316 5 3 1 9 3 1
20140316 6 1 7 2 1 5
20140316 7 3 1 5 3 1
20140316 8 4 9 1 4 6
20140316 9 3 2 4 3 2
20140316 10 2 4 1 2 4
20140316 11 5 3 4 4 3
20140430 1 1 9 4 1 6
20140430 2 1 5 8 1 4
20140430 3 3 8 7 3 6
20140430 4 9 5 1 6 4
20140430 5 1 7 5 1 5
20140430 6 4 7 8 4 5
20140430 7 5 3 9 4 3
20140430 8 9 6 5 6 5
20140430 9 2 7 5 2 5
20140430 10 2 5 7 2 4
20140430 11 6 3 9 5 3
20140501 1 7 1 2 5 1
20140501 2 7 1 5 5 1
20140501 3 9 2 3 6 2
20140501 4 2 9 4 2 6
20140501 5 1 8 5 1 6
20140501 6 1 7 9 1 5
20140501 7 4 7 3 4 6
20140501 8 3 1 4 3 1
20140501 9 7 3 6 5 3
20140501 10 5 7 9 4 5
20140501 11 7 1 3 5 1
20140502 1 2 7 5 2 5
20140502 2 7 1 9 5 1
20140502 3 2 6 1 2 5
20140502 4 1 2 8 1 2
20140502 5 1 8 9 1 6
20140502 6 5 2 1 5 2
20140502 7 1 5 8 1 5
20140502 8 9 2 7 6 2
20140502 9 7 5 2 5 4
20140502 10 9 1 4 6 1
20140502 11 5 1 3 4 1
20140508 1 1 4 2 1 4
20140508 2 9 2 5 6 2
20140508 3 2 7 9 2 5
20140508 4 5 9 2 4 6
20140508 5 3 2 7 3 2
20140508 6 2 9 7 2 6
20140508 7 2 7 4 2 5
20140508 8 2 9 4 2 6
20140508 9 1 2 7 1 2
20140508 10 9 2 3 6 2
20140508 11 2 9 1 2 6
20140508 12 3 7 1 3 5
20140509 1 1 4 9 1 4
20140509 2 4 1 5 4 1
20140509 3 1 4 9 1 4
20140509 4 9 5 8 6 4
20140509 5 5 1 6 4 1
20140509 6 7 4 2 5 4
20140509 7 7 1 2 5 1
20140509 8 5 1 7 4 1
20140509 9 1 9 2 1 6
20140509 10 7 2 9 5 2
20140509 11 9 1 2 6 1
20140509 12 2 9 7 2 6
20140510 1 3 1 5 3 1
20140510 2 5 9 1 4 6
20140510 3 5 8 2 4 6
20140510 4 9 3 1 6 3
20140510 5 3 5 9 3 4
20140510 6 4 3 2 4 3
20140510 7 2 5 3 2 4
20140510 8 2 9 6 2 6
20140510 9 5 2 1 4 2
20140510 10 2 6 3 2 5
20140510 11 6 3 1 5 3
20140510 12 9 5 3 6 4
20140511 1 2 9 4 2 6
20140511 2 5 7 9 4 5
20140511 3 5 4 3 4 4
20140511 4 7 3 4 5 3
20140511 5 7 3 5 5 3
20140511 6 9 8 2 6 6
20140511 7 1 8 7 1 6
20140511 8 9 2 7 6 2
20140511 9 2 9 7 2 6
20140511 10 9 3 2 6 3
20140511 11 1 7 9 1 5
20140602 1 9 7 3 6 5
20140602 2 1 3 2 1 3
20140602 3 1 9 7 1 6
20140602 4 2 9 1 2 6
20140602 5 2 1 4 2 1
20140602 6 2 5 3 2 4
20140602 7 7 1 8 5 1
20140602 8 7 1 9 5 1
20140602 9 1 7 9 1 5
20140602 10 1 5 7 1 4
20140602 11 3 5 7 3 4
20140603 1 3 1 5 3 1
20140603 2 3 2 8 3 2
20140603 3 2 5 8 2 4
20140603 4 7 3 9 5 3
20140603 5 1 7 9 1 5
20140603 6 3 5 9 3 4
20140603 7 6 1 3 5 1
20140603 8 6 1 4 5 1
20140603 9 3 2 1 3 2
20140603 10 9 2 3 6 2
20140603 11 2 9 8 2 6
20140604 1 4 2 6 4 2
20140604 2 4 1 9 4 1
20140604 3 9 2 6 6 2
20140604 4 8 9 1 6 6
20140604 5 9 2 7 6 2
20140604 6 8 4 3 6 4
20140604 7 6 2 5 5 2
20140604 8 3 9 2 3 6
20140604 9 5 1 7 4 1
20140604 10 7 3 2 5 3
20140604 11 3 6 4 3 5
20140713 1 3 2 5 0 0
20140713 2 1 3 4 0 0
20140713 3 1 2 4 0 0
20140713 4 5 1 4 0 0
20140713 5 4 7 1 0 0
20140713 6 1 3 7 1 3
20140713 7 3 7 1 3 5
20140713 8 7 1 3 5 1
20140713 9 5 3 9 4 3
20140713 10 1 8 6 1 6
20140714 1 3 2 6 0 0
20140714 2 2 7 3 0 0
20140714 3 4 7 3 0 0
20140714 4 2 3 7 0 0
20140714 5 4 3 2 0 0
20140714 6 1 7 5 1 5
20140714 7 4 3 9 4 3
20140714 8 1 7 5 1 5
20140714 9 1 3 5 1 3
20140714 10 1 9 7 1 6
20140715 1 4 2 6 0 0
20140715 2 4 2 7 0 0
20140715 3 5 2 7 0 0
20140715 4 2 5 6 0 0
20140715 5 3 4 5 0 0
20140715 6 1 9 7 1 6
20140715 7 3 9 2 3 6
20140715 8 3 5 8 3 4
20140715 9 5 6 3 4 5
20140715 10 3 1 7 3 1
20140728 1 1 4 8 1 4
20140728 2 9 7 6 6 5
20140728 3 4 1 9 4 1
20140728 4 9 2 5 6 2
20140728 5 3 2 8 3 2
20140728 6 5 3 1 4 3
20140728 7 2 5 3 2 4
20140728 8 1 5 8 1 4
20140728 9 7 9 2 5 6
20140728 10 2 4 3 2 4
20140728 11 9 2 6 6 2
20140729 1 9 2 5 6 2
20140729 2 2 9 3 2 6
20140729 3 6 7 9 5 5
20140729 4 7 3 1 5 3
20140729 5 9 1 2 6 1
20140729 6 1 7 3 1 5
20140729 7 1 3 6 1 3
20140729 8 7 3 4 5 3
20140729 9 8 3 5 6 3
20140729 10 4 1 3 4 1
20140729 11 7 2 8 5 2
20140730 1 7 3 1 5 3
20140730 2 9 2 7 6 2
20140730 3 3 5 4 3 4
20140730 4 7 5 9 5 4
20140730 5 9 2 6 6 2
20140730 6 6 2 3 5 2
20140730 7 9 2 7 6 2
20140730 8 2 1 6 2 1
20140730 9 1 2 3 1 2
20140730 10 7 3 1 5 3
20140730 11 1 5 3 1 4
20140811 1 1 2 3 0 0
20140811 2 5 1 2 0 0
20140811 3 2 3 5 0 0
20140811 4 4 3 2 0 0
20140811 5 3 5 2 0 0
20140811 6 5 3 7 4 3
20140811 7 1 4 7 0 0
20140811 8 1 4 7 1 4
20140811 9 2 5 7 2 4
20140811 10 5 4 1 4 4
20140812 1 3 1 5 0 0
20140812 2 5 3 2 0 0
20140812 3 2 4 3 0 0
20140812 4 5 2 3 0 0
20140812 5 1 2 5 0 0
20140812 6 2 1 7 2 1
20140812 7 4 1 7 4 1
20140812 8 9 1 3 6 1
20140812 9 8 2 1 6 2
20140812 10 7 9 1 5 6
20140813 1 2 6 4 0 0
20140813 2 4 3 6 0 0
20140813 3 7 3 5 0 0
20140813 4 2 5 6 0 0
20140813 5 7 2 6 0 0
20140813 6 8 4 7 6 4
20140813 7 8 2 3 6 2
20140813 8 8 7 1 6 5
20140813 9 9 1 4 6 1
20140813 10 5 2 8 4 2
20140817 1 3 7 2 0 0
20140817 2 5 2 7 0 0
20140817 3 5 1 7 0 0
20140817 4 1 4 5 0 0
20140817 5 4 1 3 0 0
20140817 6 2 3 6 0 0
20140817 7 1 6 4 0 0
20140817 8 9 4 1 6 4
20140817 9 5 3 9 4 3
20140817 10 9 1 5 6 1
20140817 11 2 7 4 2 5
20140817 12 2 5 3 2 4
20140818 1 3 4 2 0 0
20140818 2 1 6 5 0 0
20140818 3 4 1 5 0 0
20140818 4 2 3 7 0 0
20140818 5 2 5 3 0 0
20140818 6 7 2 4 0 0
20140818 7 1 4 3 0 0
20140818 8 3 9 4 3 6
20140818 9 2 9 7 2 6
20140818 10 1 5 7 1 4
20140818 11 9 1 2 6 1
20140818 12 9 3 2 6 3
20140819 1 3 2 6 0 0
20140819 2 1 3 5 0 0
20140819 3 6 2 4 0 0
20140819 4 4 2 1 0 0
20140819 5 7 6 5 0 0
20140819 6 5 1 7 5 1
20140819 7 7 1 4 6 1
20140819 8 5 2 6 0 0
20140819 9 5 3 4 0 0
20140819 10 1 7 3 1 5
20140819 11 1 2 9 1 2
20140819 12 1 7 3 1 5
20140905 1 9 1 5 6 1
20140905 2 7 9 1 5 6
20140905 3 7 1 8 5 1
20140905 4 2 7 3 2 5
20140905 5 2 5 9 2 4
20140905 6 3 9 5 3 6
20140905 7 5 2 7 4 2
20140905 8 1 9 2 1 6
20140905 9 2 5 1 2 4
20140905 10 7 3 8 5 3
20140905 11 9 3 8 6 3
20140906 1 2 9 3 2 6
20140906 2 7 5 8 5 4
20140906 3 1 9 4 1 6
20140906 4 1 5 8 1 4
20140906 5 9 3 8 6 3
20140906 6 1 2 7 1 2
20140906 7 9 2 5 6 2
20140906 8 2 6 9 2 5
20140906 9 5 2 9 4 2
20140906 10 7 3 6 5 3
20140906 11 1 2 5 1 2
20140907 1 9 6 5 6 5
20140907 2 9 7 3 6 5
20140907 3 9 2 3 6 2
20140907 4 9 4 2 6 4
20140907 5 2 5 1 2 4
20140907 6 9 1 7 6 1
20140907 7 5 7 9 4 5
20140907 8 9 1 3 6 1
20140907 9 1 7 3 1 5
20140907 10 7 5 9 5 4
20140907 11 1 7 2 1 5
20141010 1 4 1 5 0 0
20141010 2 5 2 1 0 0
20141010 3 1 5 2 0 0
20141010 4 7 4 5 0 0
20141010 5 4 1 6 0 0
20141010 6 2 1 3 0 0
20141010 7 7 3 5 0 0
20141010 8 7 3 1 5 3
20141010 9 5 9 1 4 6
20141010 10 7 3 5 5 3
20141010 11 5 9 3 4 6
20141010 12 1 2 3 1 2
20141011 1 5 2 6 0 0
20141011 2 2 3 1 0 0
20141011 3 5 1 3 0 0
20141011 4 1 5 7 0 0
20141011 5 5 2 7 0 0
20141011 6 1 6 7 0 0
20141011 7 2 1 7 0 0
20141011 8 5 1 3 4 1
20141011 9 1 7 5 1 5
20141011 10 9 6 4 6 5
20141011 11 9 2 6 6 2
20141011 12 3 9 5 3 6
20141012 1 7 2 5 0 0
20141012 2 3 5 2 0 0
20141012 3 1 3 2 0 0
20141012 4 1 4 5 0 0
20141012 5 2 3 7 0 0
20141012 6 7 3 2 5 3
20141012 7 5 1 9 4 1
20141012 8 7 5 3 0 0
20141012 9 3 1 7 0 0
20141012 10 7 1 9 5 1
20141012 11 3 2 7 3 2
20141012 12 7 4 8 5 4
20141115 1 7 4 2 5 4
20141115 2 8 3 9 6 3
20141115 3 7 3 4 5 3
20141115 4 2 3 9 2 3
20141115 5 2 9 1 2 6
20141115 6 3 8 7 3 6
20141115 7 2 3 1 2 3
20141115 8 9 3 5 6 3
20141115 9 5 1 2 4 1
20141115 10 9 7 3 6 5
20141115 11 3 4 8 3 4
20141116 1 3 4 1 3 4
20141116 2 1 4 3 1 4
20141116 3 9 7 1 6 5
20141116 4 7 3 9 5 3
20141116 5 5 1 6 4 1
20141116 6 9 4 3 6 4
20141116 7 3 2 5 3 2
20141116 8 4 1 7 4 1
20141116 9 6 5 3 5 4
20141116 10 9 3 5 6 3
20141116 11 8 1 6 6 1
20141117 1 3 5 7 3 4
20141117 2 9 3 4 6 3
20141117 3 9 5 2 6 4
20141117 4 5 4 1 4 4
20141117 5 9 2 7 6 2
20141117 6 1 5 7 1 5
20141117 7 9 7 2 6 5
20141117 8 5 9 2 4 6
20141117 9 5 9 2 4 6
20141117 10 5 3 7 4 3
20141117 11 2 4 6 2 4
20141125 1 1 2 7 0 0
20141125 2 5 1 4 0 0
20141125 3 7 4 6 0 0
20141125 4 4 1 3 0 0
20141125 5 5 4 3 0 0
20141125 6 9 7 1 6 5
20141125 7 9 6 1 6 5
20141125 8 3 9 1 3 6
20141125 9 2 5 3 2 4
20141125 10 3 6 1 3 5
20141126 1 4 2 5 0 0
20141126 2 5 4 1 0 0
20141126 3 1 2 7 0 0
20141126 4 2 5 4 0 0
20141126 5 2 6 5 0 0
20141126 6 9 1 8 6 1
20141126 7 5 1 9 4 1
20141126 8 5 2 3 4 2
20141126 9 0 0 0 5 5
20141126 10 1 3 9 1 3
20141127 1 6 2 4 0 0
20141127 2 1 3 5 0 0
20141127 3 5 1 4 0 0
20141127 4 7 5 3 0 0
20141127 5 4 5 3 0 0
20141127 6 3 8 9 3 6
20141127 7 3 2 7 3 2
20141127 8 8 9 4 6 6
20141127 9 8 1 3 6 1
20141127 10 1 8 5 1 6
20141218 1 5 1 3 0 0
20141218 2 3 5 4 0 0
20141218 3 6 2 5 0 0
20141218 4 5 1 4 0 0
20141218 5 5 2 4 0 0
20141218 6 9 1 7 6 1
20141218 7 9 6 5 6 5
20141218 8 1 2 3 1 2
20141218 9 9 3 2 6 3
20141218 10 2 9 5 2 6
20141219 1 3 6 2 0 0
20141219 2 5 4 2 0 0
20141219 3 1 3 5 0 0
20141219 4 7 4 1 0 0
20141219 5 3 4 1 0 0
20141219 6 3 5 7 3 4
20141219 7 9 3 5 6 3
20141219 8 1 5 8 1 4
20141219 9 2 9 7 2 6
20141219 10 9 1 6 6 1
20141220 1 3 5 1 0 0
20141220 2 6 5 1 0 0
20141220 3 5 1 4 0 0
20141220 4 3 6 4 0 0
20141220 5 5 1 7 0 0
20141220 6 2 9 8 2 6
20141220 7 7 2 9 5 2
20141220 8 1 9 2 1 6
20141220 9 1 9 3 1 6
20141220 10 6 3 2 5 3
20150102 1 2 7 4 0 0
20150102 2 1 5 3 0 0
20150102 3 1 6 5 0 0
20150102 4 7 4 1 0 0
20150102 5 5 1 3 0 0
20150102 6 3 5 4 3 4
20150102 7 5 3 1 4 3
20150102 8 8 3 5 6 3
20150102 9 9 2 4 6 2
20150102 10 3 9 2 3 6
20150103 1 4 2 3 0 0
20150103 2 2 3 6 0 0
20150103 3 1 5 2 0 0
20150103 4 4 1 5 0 0
20150103 5 1 3 7 0 0
20150103 6 3 2 1 3 2
20150103 7 3 1 2 3 1
20150103 8 2 7 9 2 5
20150103 9 1 9 6 1 6
20150103 10 1 5 7 1 4
20150104 1 2 7 3 0 0
20150104 2 4 6 5 0 0
20150104 3 5 4 1 0 0
20150104 4 7 5 3 0 0
20150104 5 5 2 7 0 0
20150104 6 7 2 4 5 2
20150104 7 1 2 3 1 2
20150104 8 9 2 4 6 2
20150104 9 5 3 1 4 3
20150104 10 9 2 5 6 2
20150128 1 4 7 1 4 5
20150128 2 9 2 3 6 2
20150128 3 2 7 9 2 5
20150128 4 2 7 8 2 5
20150128 5 9 8 7 6 6
20150128 6 2 1 7 2 1
20150128 7 7 2 1 5 2
20150128 8 1 5 3 1 4
20150128 9 3 7 4 3 5
20150128 10 1 7 8 1 5
20150128 11 7 4 9 5 4
20150129 1 3 6 2 3 5
20150129 2 2 5 7 2 4
20150129 3 5 7 8 4 5
20150129 4 9 2 5 6 2
20150129 5 2 1 9 2 1
20150129 6 5 7 1 4 5
20150129 7 5 2 7 4 2
20150129 8 2 5 4 2 4
20150129 9 9 4 2 6 4
20150129 10 1 8 9 1 6
20150129 11 2 9 5 2 6
20150130 1 5 2 3 4 2
20150130 2 9 7 5 6 5
20150130 3 7 5 6 5 4
20150130 4 9 7 8 6 5
20150130 5 3 7 4 3 5
20150130 6 2 9 4 2 6
20150130 7 7 1 8 5 1
20150130 8 9 5 7 6 4
20150130 9 9 5 1 6 4
20150130 10 2 3 5 2 3
20150130 11 2 7 3 2 5
20150216 1 5 1 7 4 1
20150216 2 2 7 5 2 5
20150216 3 2 7 1 2 5
20150216 4 4 1 8 4 1
20150216 5 7 2 3 5 2
20150216 6 2 5 6 2 4
20150216 7 5 7 2 4 5
20150216 8 9 7 1 6 5
20150216 9 7 1 2 5 1
20150216 10 2 9 3 2 6
20150216 11 6 2 8 5 2
20150217 1 2 7 1 2 6
20150217 2 5 6 3 5 5
20150217 3 5 2 6 4 2
20150217 4 9 2 8 6 2
20150217 5 5 2 4 4 2
20150217 6 9 4 8 6 4
20150217 7 7 4 5 5 4
20150217 8 9 2 7 6 2
20150217 9 5 2 4 4 2
20150217 10 9 2 1 6 2
20150217 11 5 1 7 4 1
20150218 1 5 2 9 4 2
20150218 2 3 9 5 3 6
20150218 3 2 7 1 2 5
20150218 4 1 2 7 1 2
20150218 5 9 2 7 6 2
20150218 6 9 1 2 6 1
20150218 7 1 4 5 1 4
20150218 8 2 8 3 2 6
20150218 9 4 2 1 4 2
20150218 10 1 9 7 1 6
20150218 11 4 6 3 4 5
20150315 1 7 3 4 0 0
20150315 2 1 3 5 0 0
20150315 3 3 1 7 0 0
20150315 4 2 5 7 0 0
20150315 5 3 1 4 0 0
20150315 6 2 3 1 2 3
20150315 7 3 7 1 3 5
20150315 8 9 6 1 6 5
20150315 9 7 2 1 5 2
20150315 10 2 1 9 2 1
20150316 1 6 1 4 0 0
20150316 2 4 5 7 0 0
20150316 3 7 2 5 0 0
20150316 4 3 7 5 0 0
20150316 5 5 7 4 0 0
20150316 6 2 1 4 2 1
20150316 7 7 2 1 5 2
20150316 8 8 7 5 6 5
20150316 9 9 5 7 6 4
20150316 10 9 5 1 6 4
20150317 1 1 4 3 0 0
20150317 2 5 7 6 0 0
20150317 3 2 7 3 0 0
20150317 4 7 1 4 0 0
20150317 5 4 7 3 0 0
20150317 6 4 1 7 4 1
20150317 7 3 2 4 3 2
20150317 8 2 8 7 2 6
20150317 9 1 4 5 1 4
20150317 10 1 4 5 1 4
20150326 1 7 4 1 0 0
20150326 2 7 5 6 0 0
20150326 3 5 1 7 0 0
20150326 4 1 7 3 0 0
20150326 5 3 1 7 0 0
20150326 6 6 5 2 0 0
20150326 7 3 1 6 0 0
20150326 8 7 5 1 5 4
20150326 9 2 7 8 2 5
20150326 10 7 1 9 5 1
20150326 11 3 9 1 3 6
20150326 12 3 9 4 3 6
20150327 1 5 4 2 0 0
20150327 2 7 1 6 0 0
20150327 3 5 1 4 0 0
20150327 4 4 3 7 0 0
20150327 5 3 5 6 0 0
20150327 6 4 7 6 0 0
20150327 7 4 2 6 0 0
20150327 8 9 1 4 6 1
20150327 9 4 7 1 4 5
20150327 10 3 9 1 3 6
20150327 11 1 9 3 1 6
20150327 12 5 2 9 4 2
20150328 1 2 4 6 0 0
20150328 2 5 1 6 0 0
20150328 3 4 1 6 0 0
20150328 4 2 5 4 0 0
20150328 5 2 7 4 0 0
20150328 6 5 1 6 4 1
20150328 7 1 5 9 1 4
20150328 8 6 2 1 0 0
20150328 9 6 5 7 0 0
20150328 10 3 1 5 3 1
20150328 11 7 1 3 5 1
20150328 12 1 5 3 1 4
20150413 1 2 6 1 0 0
20150413 2 2 7 1 0 0
20150413 3 3 4 2 0 0
20150413 4 5 1 4 0 0
20150413 5 5 3 1 0 0
20150413 6 1 7 2 1 5
20150413 7 9 5 2 6 4
20150413 8 1 9 5 1 6
20150413 9 3 1 5 3 1
20150413 10 1 3 8 1 3
20150414 1 1 7 2 0 0
20150414 2 2 6 7 0 0
20150414 3 7 3 1 0 0
20150414 4 2 4 3 0 0
20150414 5 2 7 3 0 0
20150414 6 1 7 2 1 5
20150414 7 5 7 3 4 5
20150414 8 2 7 5 2 5
20150414 9 9 2 3 6 2
20150414 10 9 3 5 6 3
20150415 1 4 3 1 0 0
20150415 2 1 5 4 0 0
20150415 3 1 4 7 0 0
20150415 4 5 2 6 0 0
20150415 5 2 7 3 0 0
20150415 6 1 9 3 1 6
20150415 7 4 2 9 4 2
20150415 8 1 5 3 1 4
20150415 9 5 2 9 4 2
20150415 10 2 7 1 2 5
20150508 1 9 2 4 6 2
20150508 2 2 3 1 2 3
20150508 3 7 1 2 5 1
20150508 4 1 9 2 1 6
20150508 5 3 8 9 3 6
20150508 6 2 9 7 2 6
20150508 7 2 9 3 2 6
20150508 8 9 1 5 6 1
20150508 9 2 9 7 2 6
20150508 10 5 2 3 4 2
20150508 11 5 1 3 4 1
20150508 12 5 2 6 4 2
20150509 1 1 9 2 1 6
20150509 2 3 1 2 3 1
20150509 3 7 2 5 5 2
20150509 4 5 3 1 4 3
20150509 5 5 6 9 4 5
20150509 6 1 2 5 1 2
20150509 7 7 9 4 5 6
20150509 8 9 2 3 6 2
20150509 9 3 1 9 3 1
20150509 10 7 4 2 5 4
20150509 11 9 3 7 6 3
20150509 12 4 1 5 4 1
20150510 1 1 4 5 1 4
20150510 2 1 7 5 1 5
20150510 3 2 9 5 2 6
20150510 4 7 1 5 5 1
20150510 5 7 9 3 5 6
20150510 6 9 2 3 6 2
20150510 7 9 2 3 6 2
20150510 8 1 7 9 1 5
20150510 9 2 5 8 2 4
20150510 10 3 5 8 3 4
20150510 11 3 8 1 3 6
20150510 12 7 5 2 5 4
20150511 1 4 9 7 4 6
20150511 2 4 1 6 4 1
20150511 3 3 8 4 3 6
20150511 4 2 5 4 2 4
20150511 5 5 9 2 4 6
20150511 6 9 2 6 6 2
20150511 7 5 3 8 4 3
20150511 8 1 3 5 1 3
20150511 9 2 4 1 2 4
20150511 10 1 8 3 1 6
20150511 11 6 9 5 5 6
20150603 1 2 9 7 2 6
20150603 2 9 2 7 6 2
20150603 3 5 1 4 4 1
20150603 4 1 7 3 1 5
20150603 5 2 4 3 2 4
20150603 6 1 2 8 1 2
20150603 7 7 8 3 5 6
20150603 8 5 1 9 4 1
20150603 9 9 4 5 6 4
20150603 10 2 5 9 2 4
20150603 11 1 3 5 1 3
20150604 1 7 9 2 5 6
20150604 2 7 3 9 5 3
20150604 3 4 1 3 4 1
20150604 4 5 1 4 4 1
20150604 5 8 3 2 6 3
20150604 6 3 1 5 3 1
20150604 7 1 3 5 1 3
20150604 8 7 3 8 5 3
20150604 9 7 2 1 5 2
20150604 10 9 7 1 6 5
20150604 11 1 9 7 1 6
20150605 1 3 4 8 3 4
20150605 2 7 6 2 5 5
20150605 3 6 8 7 5 6
20150605 4 3 6 5 3 5
20150605 5 2 3 6 2 3
20150605 6 7 4 2 5 4
20150605 7 3 2 5 3 2
20150605 8 2 9 7 2 6
20150605 9 3 1 7 3 1
20150605 10 7 2 1 5 2
20150605 11 8 5 1 6 4
20150705 1 5 1 4 0 0
20150705 2 3 5 4 0 0
20150705 3 4 3 7 0 0
20150705 4 4 2 6 0 0
20150705 5 5 3 1 0 0
20150705 6 5 1 7 4 1
20150705 7 2 9 6 2 6
20150705 8 7 2 4 5 2
20150705 9 5 9 7 4 6
20150705 10 8 5 1 6 4
20150706 1 2 1 5 0 0
20150706 2 5 7 4 0 0
20150706 3 5 2 4 0 0
20150706 4 2 7 4 0 0
20150706 5 5 1 3 0 0
20150706 6 7 1 8 5 1
20150706 7 7 5 1 5 4
20150706 8 2 9 4 2 6
20150706 9 5 1 8 4 1
20150706 10 9 1 6 6 1
20150707 1 4 7 1 0 0
20150707 2 4 7 2 0 0
20150707 3 2 5 6 0 0
20150707 4 5 4 3 0 0
20150707 5 7 1 2 0 0
20150707 6 6 3 7 5 3
20150707 7 8 2 6 6 2
20150707 8 7 2 3 5 2
20150707 9 5 1 9 4 1
20150707 10 9 1 6 6 1
20150713 1 7 1 4 0 0
20150713 2 3 5 1 0 0
20150713 3 1 5 7 0 0
20150713 4 1 4 2 0 0
20150713 5 4 2 7 0 0
20150713 6 1 9 2 1 6
20150713 7 2 5 7 2 4
20150713 8 7 4 9 5 4
20150713 9 2 7 1 2 5
20150713 10 7 4 8 5 4
20150714 1 2 5 6 0 0
20150714 2 2 6 4 0 0
20150714 3 7 2 3 0 0
20150714 4 4 1 5 0 0
20150714 5 7 1 5 0 0
20150714 6 8 5 4 6 5
20150714 7 1 4 9 1 4
20150714 8 3 5 1 3 4
20150714 9 1 9 5 1 6
20150714 10 9 5 1 6 4
20150715 1 6 4 1 0 0
20150715 2 2 1 5 0 0
20150715 3 3 4 6 0 0
20150715 4 3 5 2 0 0
20150715 5 7 5 1 0 0
20150715 6 8 5 1 6 4
20150715 7 1 7 5 1 5
20150715 8 5 1 4 4 1
20150715 9 9 5 3 6 4
20150715 10 5 9 4 4 6
