20111218 1 5 1 3 4 1
20111218 2 1 3 5 1 3
20111218 3 7 5 3 5 4
20111218 4 7 2 9 5 2
20111218 5 1 9 2 1 6
20111218 6 7 1 3 5 1
20111218 7 7 2 1 5 2
20111218 8 9 1 3 6 1
20111218 9 2 7 1 2 5
20111218 10 2 7 5 2 5
20111218 11 1 2 8 1 2
20111218 12 1 8 9 1 6
20111219 1 5 7 6 5 6
20111219 2 9 1 5 6 1
20111219 3 3 1 7 3 1
20111219 4 3 5 2 3 4
20111219 5 2 9 8 2 6
20111219 6 4 9 6 4 6
20111219 7 7 9 5 5 6
20111219 8 2 7 8 2 5
20111219 9 5 9 3 4 6
20111219 10 2 5 1 2 4
20111219 11 3 5 9 3 4
20111219 12 5 1 7 4 1
20111220 1 8 2 5 6 2
20111220 2 1 7 3 1 6
20111220 3 5 1 7 4 1
20111220 4 9 5 1 6 4
20111220 5 5 7 1 4 5
20111220 6 7 1 8 5 1
20111220 7 1 2 3 1 2
20111220 8 9 1 3 6 1
20111220 9 1 3 5 1 3
20111220 10 1 2 3 1 2
20111220 11 5 1 8 4 1
20111220 12 3 6 9 3 5
20111228 1 9 2 3 6 2
20111228 2 2 9 6 2 6
20111228 3 7 1 3 5 1
20111228 4 9 4 1 6 4
20111228 5 1 5 7 1 4
20111228 6 5 3 1 4 3
20111228 7 7 5 1 5 4
20111228 8 5 3 7 4 3
20111228 9 5 1 7 4 1
20111228 10 9 2 7 6 2
20111228 11 3 1 4 3 1
20111228 12 8 9 2 6 6
20111229 1 1 5 3 1 4
20111229 2 2 6 9 2 5
20111229 3 7 1 4 5 1
20111229 4 7 1 3 5 1
20111229 5 1 9 6 1 6
20111229 6 5 3 7 4 3
20111229 7 5 2 4 4 2
20111229 8 5 7 3 4 5
20111229 9 4 6 5 4 5
20111229 10 7 5 2 5 4
20111229 11 1 3 9 1 3
20111229 12 7 2 5 5 2
20111230 1 4 2 7 4 2
20111230 2 1 5 2 1 4
20111230 3 3 1 4 3 1
20111230 4 9 4 3 6 4
20111230 5 9 4 5 6 4
20111230 6 5 8 3 4 6
20111230 7 3 1 6 3 1
20111230 8 3 9 7 3 6
20111230 9 9 2 3 6 2
20111230 10 4 5 2 4 4
20111230 11 5 8 1 4 6
20111230 12 1 7 5 1 5
20120108 1 7 2 4 0 0
20120108 2 4 3 7 0 0
20120108 3 1 2 4 0 0
20120108 4 2 7 6 0 0
20120108 5 3 7 1 0 0
20120108 6 2 5 9 2 4
20120108 7 1 4 3 1 4
20120108 8 4 7 2 4 5
20120108 9 9 7 1 6 5
20120108 10 9 7 2 6 5
20120108 11 3 8 2 3 6
20120109 1 3 1 2 0 0
20120109 2 4 1 2 0 0
20120109 3 7 2 6 0 0
20120109 4 3 4 7 0 0
20120109 5 3 1 5 0 0
20120109 6 7 3 9 5 3
20120109 7 5 7 3 4 5
20120109 8 6 3 4 5 3
20120109 9 5 1 2 4 1
20120109 10 9 3 1 6 3
20120109 11 1 7 8 1 5
20120110 1 3 2 4 0 0
20120110 2 4 5 2 0 0
20120110 3 6 5 2 0 0
20120110 4 2 7 1 0 0
20120110 5 9 3 7 6 3
20120110 6 2 7 5 2 5
20120110 7 1 7 3 1 5
20120110 8 2 5 7 0 0
20120110 9 1 4 7 1 4
20120110 10 1 5 4 1 4
20120110 11 5 9 7 4 6
20120125 1 1 5 2 0 0
20120125 2 1 5 4 0 0
20120125 3 1 3 4 0 0
20120125 4 5 7 2 0 0
20120125 5 2 1 4 0 0
20120125 6 3 9 5 3 6
20120125 7 7 1 5 5 1
20120125 8 1 5 6 1 4
20120125 9 7 2 9 5 2
20120125 10 5 3 8 4 3
20120125 11 5 1 8 4 1
20120126 1 3 7 2 0 0
20120126 2 2 5 1 0 0
20120126 3 4 3 7 0 0
20120126 4 7 2 5 0 0
20120126 5 2 5 1 0 0
20120126 6 1 2 7 1 2
20120126 7 4 6 5 4 5
20120126 8 2 5 3 2 4
20120126 9 1 7 5 1 5
20120126 10 1 2 8 1 2
20120126 11 7 9 1 5 6
20120127 1 2 6 3 0 0
20120127 2 2 5 6 0 0
20120127 3 7 5 2 0 0
20120127 4 4 1 3 0 0
20120127 5 6 5 2 5 4
20120127 6 7 8 5 5 6
20120127 7 1 5 3 1 4
20120127 8 1 4 3 0 0
20120127 9 7 2 1 5 2
20120127 10 1 5 3 1 4
20120127 11 9 5 6 6 4
20120216 1 9 2 4 6 2
20120216 2 1 7 3 1 5
20120216 3 7 9 1 5 6
20120216 4 5 9 1 4 6
20120216 5 1 6 3 1 5
20120216 6 1 4 6 1 4
20120216 7 7 2 8 5 2
20120216 8 2 7 5 2 5
20120216 9 2 8 9 2 6
20120216 10 2 5 7 2 4
20120216 11 9 3 4 6 3
20120216 12 2 8 1 2 6
20120217 1 6 1 5 5 1
20120217 2 1 5 2 1 4
20120217 3 9 2 3 6 2
20120217 4 9 2 5 6 2
20120217 5 3 9 2 3 6
20120217 6 5 1 3 4 1
20120217 7 9 7 1 6 5
20120217 8 3 5 1 3 4
20120217 9 6 2 7 5 2
20120217 10 5 7 1 4 5
20120217 11 3 1 6 3 1
20120217 12 8 2 7 6 2
20120218 1 2 4 3 2 4
20120218 2 1 2 5 1 2
20120218 3 2 9 4 2 6
20120218 4 4 9 1 4 6
20120218 5 2 5 8 2 4
20120218 6 5 3 1 4 3
20120218 7 1 5 7 1 4
20120218 8 1 9 8 1 6
20120218 9 1 7 9 1 5
20120218 10 1 4 7 1 4
20120218 11 5 9 3 4 6
20120218 12 1 7 6 1 5
20120225 1 3 4 2 3 4
20120225 2 7 5 3 5 4
20120225 3 1 7 4 1 5
20120225 4 1 3 2 1 3
20120225 5 5 1 9 4 1
20120225 6 4 1 9 4 1
20120225 7 5 7 1 4 5
20120225 8 9 2 3 6 2
20120225 9 5 1 7 4 1
20120225 10 1 9 4 1 6
20120225 11 7 9 1 5 6
20120225 12 5 7 3 4 5
20120226 1 9 5 7 6 4
20120226 2 1 9 5 1 6
20120226 3 7 2 4 5 2
20120226 4 3 2 5 3 2
20120226 5 5 9 1 4 6
20120226 6 1 9 7 1 6
20120226 7 5 9 7 4 6
20120226 8 3 2 1 3 2
20120226 9 4 9 8 4 6
20120226 10 9 7 4 6 5
20120226 11 5 9 6 4 6
20120226 12 9 3 7 6 3
20120227 1 9 6 2 6 5
20120227 2 8 5 3 6 4
20120227 3 2 8 5 2 6
20120227 4 7 3 2 5 3
20120227 5 1 3 9 1 3
20120227 6 8 1 2 6 1
20120227 7 5 7 1 4 5
20120227 8 9 3 2 6 3
20120227 9 9 5 1 6 4
20120227 10 1 3 9 1 3
20120227 11 9 5 4 6 4
20120227 12 1 2 9 1 2
20120305 1 4 7 2 0 0
20120305 2 1 2 5 0 0
20120305 3 6 5 3 0 0
20120305 4 4 1 5 0 0
20120305 5 7 5 1 0 0
20120305 6 7 1 3 5 1
20120305 7 9 3 7 6 3
20120305 8 7 4 9 5 4
20120305 9 5 2 8 4 2
20120305 10 9 3 5 6 3
20120305 11 2 7 4 2 5
20120306 1 7 2 3 0 0
20120306 2 1 3 6 0 0
20120306 3 3 5 4 0 0
20120306 4 4 2 1 0 0
20120306 5 7 1 3 0 0
20120306 6 5 1 3 4 1
20120306 7 9 5 7 6 4
20120306 8 8 7 2 6 5
20120306 9 9 4 1 6 4
20120306 10 1 2 5 1 2
20120306 11 7 1 3 5 1
20120307 1 4 2 7 0 0
20120307 2 7 2 4 0 0
20120307 3 4 1 3 0 0
20120307 4 1 5 4 0 0
20120307 5 2 5 8 2 4
20120307 6 5 7 2 4 5
20120307 7 4 8 1 4 6
20120307 8 2 4 5 0 0
20120307 9 1 5 9 1 4
20120307 10 9 2 3 6 2
20120307 11 1 5 7 1 4
20120404 1 5 9 4 4 6
20120404 2 9 7 3 6 5
20120404 3 3 9 6 3 6
20120404 4 1 9 4 1 6
20120404 5 1 7 5 1 5
20120404 6 9 3 7 6 3
20120404 7 9 2 4 6 2
20120404 8 3 1 9 3 1
20120404 9 5 3 8 4 3
20120404 10 1 7 5 1 5
20120404 11 4 9 5 4 6
20120404 12 2 3 9 2 3
20120405 1 4 9 2 4 6
20120405 2 9 5 7 6 4
20120405 3 8 5 1 6 4
20120405 4 7 1 3 5 1
20120405 5 2 9 7 2 6
20120405 6 7 1 9 5 1
20120405 7 5 1 9 4 1
20120405 8 1 5 9 1 4
20120405 9 1 8 2 1 6
20120405 10 1 7 9 1 5
20120405 11 3 1 4 3 1
20120405 12 3 9 8 3 6
20120406 1 1 2 5 1 2
20120406 2 9 2 4 6 2
20120406 3 8 1 9 6 1
20120406 4 4 1 9 4 1
20120406 5 5 7 6 4 5
20120406 6 5 1 7 5 1
20120406 7 5 3 4 5 3
20120406 8 7 2 1 5 2
20120406 9 3 2 7 3 2
20120406 10 7 2 5 5 2
20120406 11 1 9 7 1 6
20120406 12 7 1 4 5 1
20120424 1 4 2 5 0 0
20120424 2 3 4 2 0 0
20120424 3 7 2 5 0 0
20120424 4 7 4 5 0 0
20120424 5 1 5 7 0 0
20120424 6 3 1 7 3 1
20120424 7 7 9 3 5 6
20120424 8 1 3 2 1 3
20120424 9 1 7 5 1 5
20120424 10 1 2 3 1 2
20120424 11 9 3 1 6 3
20120425 1 2 5 4 0 0
20120425 2 7 2 3 0 0
20120425 3 7 3 6 0 0
20120425 4 1 3 6 0 0
20120425 5 3 4 1 0 0
20120425 6 3 1 7 3 1
20120425 7 9 1 2 6 1
20120425 8 2 5 9 2 4
20120425 9 3 7 4 3 5
20120425 10 3 2 9 3 2
20120425 11 6 1 9 5 1
20120426 1 1 6 5 0 0
20120426 2 1 7 2 0 0
20120426 3 5 2 3 0 0
20120426 4 2 5 1 0 0
20120426 5 7 8 2 5 6
20120426 6 1 2 4 1 2
20120426 7 2 1 7 2 1
20120426 8 2 3 7 0 0
20120426 9 7 2 5 5 2
20120426 10 2 9 1 2 6
20120426 11 5 1 9 4 1
20120524 1 4 1 7 0 0
20120524 2 1 4 6 0 0
20120524 3 1 2 7 0 0
20120524 4 2 4 1 0 0
20120524 5 1 5 4 0 0
20120524 6 1 2 6 1 2
20120524 7 9 7 2 6 5
20120524 8 7 1 5 5 1
20120524 9 5 9 7 4 6
20120524 10 1 6 7 1 5
20120524 11 5 2 9 4 2
20120525 1 5 1 4 0 0
20120525 2 2 4 1 0 0
20120525 3 3 4 1 0 0
20120525 4 1 4 7 0 0
20120525 5 5 4 3 0 0
20120525 6 5 1 6 4 1
20120525 7 5 1 7 4 1
20120525 8 2 8 4 2 6
20120525 9 1 7 9 1 5
20120525 10 7 1 9 5 1
20120525 11 2 9 5 2 6
20120526 1 7 1 5 0 0
20120526 2 4 1 5 0 0
20120526 3 3 7 4 0 0
20120526 4 1 5 3 0 0
20120526 5 3 7 1 3 5
20120526 6 1 9 3 1 6
20120526 7 7 3 9 5 3
20120526 8 2 4 7 0 0
20120526 9 1 3 4 1 3
20120526 10 2 9 6 2 6
20120526 11 3 6 4 3 5
20120602 1 2 1 4 0 0
20120602 2 5 7 1 0 0
20120602 3 5 1 2 0 0
20120602 4 1 2 7 0 0
20120602 5 4 1 5 0 0
20120602 6 5 7 1 4 5
20120602 7 2 5 7 2 4
20120602 8 5 6 3 4 5
20120602 9 1 5 7 1 4
20120602 10 1 5 7 1 4
20120602 11 6 9 5 5 6
20120603 1 2 1 4 0 0
20120603 2 5 2 6 0 0
20120603 3 1 5 4 0 0
20120603 4 2 5 1 0 0
20120603 5 2 5 7 0 0
20120603 6 2 7 5 2 5
20120603 7 6 5 3 5 4
20120603 8 3 8 4 3 6
20120603 9 5 1 8 4 1
20120603 10 1 9 5 1 6
20120603 11 5 7 8 4 5
20120604 1 1 2 3 0 0
20120604 2 1 4 3 0 0
20120604 3 1 5 3 0 0
20120604 4 7 3 2 0 0
20120604 5 9 2 5 6 2
20120604 6 2 3 5 2 3
20120604 7 9 3 5 6 3
20120604 8 3 1 4 0 0
20120604 9 1 9 3 1 6
20120604 10 1 5 3 1 4
20120604 11 2 5 3 2 4
20120726 1 5 7 2 0 0
20120726 2 1 7 2 0 0
20120726 3 1 2 7 0 0
20120726 4 2 7 1 0 0
20120726 5 4 1 5 0 0
20120726 6 7 1 5 5 1
20120726 7 3 1 4 3 1
20120726 8 1 7 5 1 5
20120726 9 5 2 8 4 2
20120726 10 8 1 3 6 1
20120726 11 1 8 5 1 6
20120727 1 5 2 6 0 0
20120727 2 1 5 3 0 0
20120727 3 4 2 5 0 0
20120727 4 1 2 3 0 0
20120727 5 5 1 7 0 0
20120727 6 7 1 9 5 1
20120727 7 9 3 7 6 3
20120727 8 1 3 5 1 3
20120727 9 5 9 2 4 6
20120727 10 6 7 9 5 5
20120727 11 1 5 8 1 4
20120728 1 2 5 3 0 0
20120728 2 2 7 4 0 0
20120728 3 2 1 7 0 0
20120728 4 3 5 2 0 0
20120728 5 1 9 4 1 6
20120728 6 6 7 3 5 5
20120728 7 7 3 2 5 3
20120728 8 1 5 7 0 0
20120728 9 9 5 3 6 4
20120728 10 3 9 4 3 6
20120728 11 2 6 9 2 5
20120802 1 7 2 1 0 0
20120802 2 1 3 7 0 0
20120802 3 4 1 5 0 0
20120802 4 1 5 2 0 0
20120802 5 2 1 5 0 0
20120802 6 2 5 1 2 4
20120802 7 5 3 8 4 3
20120802 8 4 2 9 4 2
20120802 9 9 3 2 6 3
20120802 10 1 3 8 1 3
20120802 11 1 7 9 1 5
20120803 1 7 4 2 0 0
20120803 2 7 2 5 0 0
20120803 3 5 4 3 0 0
20120803 4 5 2 3 0 0
20120803 5 5 1 7 0 0
20120803 6 5 1 4 4 1
20120803 7 3 8 1 3 6
20120803 8 9 1 5 6 1
20120803 9 2 7 1 2 5
20120803 10 2 5 1 2 4
20120803 11 8 5 4 6 4
20120804 1 1 7 3 0 0
20120804 2 1 4 6 0 0
20120804 3 2 5 7 0 0
20120804 4 5 1 4 0 0
20120804 5 9 4 7 6 4
20120804 6 7 9 3 5 6
20120804 7 2 4 5 2 4
20120804 8 7 4 5 0 0
20120804 9 5 2 7 4 2
20120804 10 8 3 7 6 3
20120804 11 5 3 9 4 3
20120817 1 3 5 7 3 4
20120817 2 2 1 9 2 1
20120817 3 7 5 1 5 4
20120817 4 7 2 9 5 2
20120817 5 1 9 8 1 6
20120817 6 9 1 8 6 1
20120817 7 8 1 7 6 1
20120817 8 2 5 1 2 4
20120817 9 3 1 5 3 1
20120818 1 2 1 5 2 1
20120818 2 3 1 4 3 1
20120818 3 3 7 4 3 5
20120818 4 3 1 4 3 1
20120818 5 3 7 2 3 5
20120818 6 9 4 1 6 4
20120818 7 2 5 9 2 4
20120818 8 1 9 7 1 6
20120818 9 3 2 1 3 2
20120830 1 3 1 7 3 1
20120830 2 2 8 9 2 6
20120830 3 2 5 9 2 4
20120830 4 9 3 7 6 3
20120830 5 1 9 2 1 6
20120830 6 1 7 4 1 5
20120830 7 7 2 4 5 2
20120830 8 1 3 5 1 3
20120830 9 7 4 3 5 4
20120830 10 7 3 8 5 3
20120830 11 3 7 2 3 5
20120831 1 4 1 2 4 1
20120831 2 7 2 5 5 2
20120831 3 7 2 1 5 2
20120831 4 4 9 6 4 6
20120831 5 1 7 3 1 5
20120831 6 1 7 9 1 5
20120831 7 9 1 4 6 1
20120831 8 9 7 5 6 5
20120831 9 5 6 9 4 5
20120831 10 1 5 7 1 4
20120831 11 9 3 7 6 3
20120901 1 6 1 5 5 1
20120901 2 1 9 8 1 6
20120901 3 7 4 3 5 4
20120901 4 1 3 9 1 3
20120901 5 2 3 1 2 3
20120901 6 1 4 9 1 4
20120901 7 7 3 2 5 3
20120901 8 2 9 1 2 6
20120901 9 5 3 7 4 3
20120901 10 6 2 3 5 2
20120901 11 2 4 9 2 4
20120915 1 5 1 4 0 0
20120915 2 1 2 5 0 0
20120915 3 5 3 4 0 0
20120915 4 1 5 7 0 0
20120915 5 4 1 6 0 0
20120915 6 1 2 5 1 2
20120915 7 2 1 8 2 1
20120915 8 1 3 4 1 3
20120915 9 7 5 1 5 4
20120915 10 7 1 5 5 1
20120915 11 2 7 9 2 5
20120916 1 7 3 5 0 0
20120916 2 1 4 5 0 0
20120916 3 2 3 1 0 0
20120916 4 3 1 5 0 0
20120916 5 2 7 4 0 0
20120916 6 7 5 1 5 4
20120916 7 1 5 9 1 4
20120916 8 7 4 9 5 4
20120916 9 2 9 1 2 6
20120916 10 5 9 6 4 6
20120916 11 9 1 4 6 1
20120917 1 2 4 1 0 0
20120917 2 1 7 4 0 0
20120917 3 4 1 3 0 0
20120917 4 2 1 4 0 0
20120917 5 2 5 4 2 5
20120917 6 2 5 8 2 5
20120917 7 8 2 9 6 2
20120917 8 4 7 2 0 0
20120917 9 3 7 9 3 5
20120917 10 2 4 7 2 4
20120917 11 3 2 4 3 2
20121012 1 5 4 1 0 0
20121012 2 2 5 1 0 0
20121012 3 2 5 1 0 0
20121012 4 5 4 2 0 0
20121012 5 1 4 3 0 0
20121012 6 3 9 7 3 6
20121012 7 3 2 9 3 2
20121012 8 1 5 7 1 4
20121012 9 1 2 7 1 2
20121012 10 1 3 5 1 3
20121012 11 3 9 6 3 6
20121013 1 1 4 3 0 0
20121013 2 1 3 5 0 0
20121013 3 4 7 6 0 0
20121013 4 7 2 5 0 0
20121013 5 4 5 6 0 0
20121013 6 5 8 1 4 6
20121013 7 2 9 3 2 6
20121013 8 1 3 8 1 3
20121013 9 2 8 3 2 6
20121013 10 3 5 2 3 4
20121013 11 1 9 5 1 6
20121014 1 3 6 1 0 0
20121014 2 7 5 4 0 0
20121014 3 5 3 6 0 0
20121014 4 4 1 7 0 0
20121014 5 2 5 7 2 4
20121014 6 1 4 6 1 4
20121014 7 2 7 3 2 5
20121014 8 3 5 7 0 0
20121014 9 3 9 2 3 6
20121014 10 5 2 1 4 2
20121014 11 2 1 4 2 1
20121029 1 9 5 2 6 4
20121029 2 7 5 2 5 4
20121029 3 1 8 5 1 6
20121029 4 1 2 9 1 2
20121029 5 1 2 9 1 2
20121029 6 5 1 2 4 1
20121029 7 2 5 1 2 4
20121029 8 5 2 9 4 2
20121029 9 1 9 2 1 6
20121029 10 5 2 7 4 2
20121029 11 1 9 4 1 6
20121030 1 2 5 9 2 4
20121030 2 1 2 5 1 2
20121030 3 2 4 5 2 4
20121030 4 2 9 7 2 6
20121030 5 9 5 2 6 4
20121030 6 1 3 4 1 3
20121030 7 1 9 5 1 6
20121030 8 3 9 2 3 6
20121030 9 5 1 3 4 1
20121030 10 1 9 4 1 6
20121030 11 5 3 1 4 3
20121031 1 2 9 6 2 6
20121031 2 1 7 5 1 5
20121031 3 2 3 5 2 3
20121031 4 7 2 3 5 2
20121031 5 7 1 9 5 1
20121031 6 5 1 3 5 1
20121031 7 3 1 8 3 1
20121031 8 6 9 5 5 6
20121031 9 7 1 3 5 1
20121031 10 7 1 4 5 1
20121031 11 2 7 6 2 5
20121113 1 1 4 2 0 0
20121113 2 7 1 5 0 0
20121113 3 3 2 5 0 0
20121113 4 4 1 3 0 0
20121113 5 3 1 4 0 0
20121113 6 5 2 7 4 2
20121113 7 1 3 2 1 3
20121113 8 7 2 1 5 2
20121113 9 7 9 2 5 6
20121113 10 9 7 2 6 5
20121113 11 7 3 6 5 3
20121114 1 4 2 1 0 0
20121114 2 4 7 1 0 0
20121114 3 7 3 4 0 0
20121114 4 1 6 5 0 0
20121114 5 4 2 7 0 0
20121114 6 2 1 4 2 1
20121114 7 5 1 9 4 1
20121114 8 1 4 3 1 4
20121114 9 5 1 4 4 1
20121114 10 5 2 3 4 2
20121114 11 8 4 2 6 4
20121115 1 4 6 2 0 0
20121115 2 1 4 5 0 0
20121115 3 7 1 2 0 0
20121115 4 2 4 5 0 0
20121115 5 7 5 2 5 4
20121115 6 7 2 9 5 2
20121115 7 9 1 6 6 1
20121115 8 5 2 4 0 0
20121115 9 1 7 2 1 5
20121115 10 2 3 6 2 3
20121115 11 9 7 8 6 5
20121211 1 4 1 3 0 0
20121211 2 1 5 3 0 0
20121211 3 3 7 1 0 0
20121211 4 4 1 3 0 0
20121211 5 2 7 1 0 0
20121211 6 7 1 8 5 1
20121211 7 9 2 4 6 2
20121211 8 5 7 1 4 5
20121211 9 9 7 5 6 5
20121211 10 9 5 3 6 4
20121211 11 5 1 7 4 1
20121212 1 5 7 3 0 0
20121212 2 1 6 4 0 0
20121212 3 7 2 4 0 0
20121212 4 5 7 2 0 0
20121212 5 1 2 5 0 0
20121212 6 1 4 5 1 4
20121212 7 1 5 2 1 4
20121212 8 7 3 1 5 3
20121212 9 1 2 5 1 2
20121212 10 7 2 8 5 2
20121212 11 5 1 7 4 1
20121213 1 4 7 3 0 0
20121213 2 3 4 5 0 0
20121213 3 4 5 3 0 0
20121213 4 3 4 5 0 0
20121213 5 4 1 6 4 1
20121213 6 9 4 8 6 4
20121213 7 5 1 6 4 1
20121213 8 7 5 1 0 0
20121213 9 5 7 3 4 5
20121213 10 6 2 5 5 2
20121213 11 2 3 4 2 3
20121225 1 7 2 9 5 2
20121225 2 3 5 2 3 4
20121225 3 1 2 4 1 2
20121225 4 2 9 3 2 6
20121225 5 3 7 2 3 5
20121225 6 2 4 8 2 4
20121225 7 1 7 3 1 5
20121225 8 8 7 1 6 5
20121225 9 9 1 2 6 1
20121225 10 1 7 5 1 5
20121225 11 1 5 7 1 4
20121226 1 3 9 1 3 6
20121226 2 7 9 3 5 6
20121226 3 7 8 6 5 6
20121226 4 1 8 9 1 6
20121226 5 4 3 9 4 3
20121226 6 7 3 8 5 3
20121226 7 4 7 1 4 5
20121226 8 1 2 5 1 2
20121226 9 7 4 1 5 4
20121226 10 9 1 7 6 1
20121226 11 5 1 7 4 1
20121227 1 7 2 9 5 2
20121227 2 9 2 1 6 2
20121227 3 2 9 8 2 6
20121227 4 2 1 6 2 1
20121227 5 4 3 9 4 3
20121227 6 2 6 3 2 5
20121227 7 4 6 7 4 5
20121227 8 1 9 8 1 6
20121227 9 9 1 7 6 1
20121227 10 5 2 9 4 2
20121227 11 2 7 3 2 5
20130105 1 8 5 2 6 4
20130105 2 7 2 8 5 2
20130105 3 2 9 4 2 6
20130105 4 2 6 5 2 5
20130105 5 7 5 1 5 4
20130105 6 8 1 6 6 1
20130105 7 7 9 1 5 6
20130105 8 7 5 1 5 4
20130105 9 5 1 9 4 1
20130105 10 7 1 2 5 1
20130105 11 5 3 9 4 3
20130106 1 4 9 2 4 6
20130106 2 7 1 9 5 1
20130106 3 3 4 8 3 4
20130106 4 9 3 7 6 3
20130106 5 1 8 6 1 6
20130106 6 1 9 2 1 6
20130106 7 1 4 7 1 4
20130106 8 5 1 8 4 1
20130106 9 9 7 5 6 5
20130106 10 2 5 1 2 4
20130106 11 7 4 5 5 4
20130107 1 5 2 8 4 2
20130107 2 2 7 3 2 5
20130107 3 7 8 9 5 6
20130107 4 3 7 6 3 5
20130107 5 9 5 1 6 4
20130107 6 7 1 8 5 1
20130107 7 5 8 2 4 6
20130107 8 2 6 8 2 5
20130107 9 1 4 9 1 4
20130107 10 9 3 5 6 3
20130107 11 3 4 7 3 4
20130112 1 1 2 5 0 0
20130112 2 2 3 5 0 0
20130112 3 5 2 7 0 0
20130112 4 4 2 3 0 0
20130112 5 1 5 2 0 0
20130112 6 1 7 5 1 5
20130112 7 7 2 9 5 2
20130112 8 3 7 9 3 5
20130112 9 1 3 9 1 3
20130112 10 1 7 9 1 5
20130112 11 7 1 4 5 1
20130113 1 3 2 7 0 0
20130113 2 4 1 3 0 0
20130113 3 7 2 5 0 0
20130113 4 1 3 2 0 0
20130113 5 1 5 4 0 0
20130113 6 4 2 7 4 2
20130113 7 2 6 4 2 5
20130113 8 4 2 9 4 2
20130113 9 1 5 3 1 4
20130113 10 7 1 9 5 1
20130113 11 7 2 9 5 2
20130114 1 1 6 5 0 0
20130114 2 2 4 5 0 0
20130114 3 4 5 6 0 0
20130114 4 2 5 3 0 0
20130114 5 1 4 5 1 4
20130114 6 9 5 2 6 4
20130114 7 7 1 9 5 1
20130114 8 6 1 7 0 0
20130114 9 7 1 9 5 1
20130114 10 7 9 2 5 6
20130114 11 6 9 3 5 6
20130131 1 9 1 5 6 1
20130131 2 1 4 8 1 4
20130131 3 7 2 5 5 2
20130131 4 1 2 7 1 2
20130131 5 8 3 7 6 3
20130131 6 7 1 9 5 1
20130131 7 1 7 5 1 5
20130131 8 1 7 8 1 5
20130131 9 9 3 1 6 3
20130131 10 1 5 2 1 4
20130131 11 3 5 1 3 4
20130201 1 3 2 1 3 2
20130201 2 8 3 9 6 3
20130201 3 7 3 4 5 3
20130201 4 5 9 3 4 6
20130201 5 3 5 7 3 4
20130201 6 4 1 5 4 1
20130201 7 1 7 4 1 5
20130201 8 5 2 9 4 2
20130201 9 1 5 4 1 4
20130201 10 3 9 7 3 6
20130201 11 3 9 8 3 6
20130202 1 3 8 7 3 6
20130202 2 5 1 9 4 1
20130202 3 5 1 4 4 1
20130202 4 8 3 6 6 3
20130202 5 6 1 3 5 1
20130202 6 6 3 1 5 3
20130202 7 2 5 9 2 4
20130202 8 1 3 8 1 3
20130202 9 2 5 3 2 4
20130202 10 1 5 7 1 4
20130202 11 2 8 3 2 6
20130203 1 2 5 6 2 4
20130203 2 9 3 1 6 3
20130203 3 9 6 2 6 5
20130203 4 9 1 4 6 1
20130203 5 3 7 5 3 5
20130203 6 1 9 4 1 6
20130203 7 6 4 2 5 4
20130203 8 5 9 6 4 6
20130203 9 5 3 4 4 3
20130203 10 2 1 5 2 1
20130203 11 7 2 3 5 2
20130223 1 1 5 2 1 4
20130223 2 2 5 1 2 4
20130223 3 5 3 8 4 3
20130223 4 3 9 5 3 6
20130223 5 1 7 2 1 5
20130223 6 2 9 8 2 6
20130223 7 7 1 3 5 1
20130223 8 3 9 1 3 6
20130223 9 1 7 4 1 5
20130223 10 9 7 5 6 5
20130223 11 8 1 4 6 1
20130224 1 1 3 7 1 3
20130224 2 3 2 9 3 2
20130224 3 3 5 1 3 4
20130224 4 1 5 7 1 4
20130224 5 4 2 3 4 2
20130224 6 7 1 5 5 1
20130224 7 3 4 2 3 4
20130224 8 2 9 5 2 6
20130224 9 4 2 1 4 2
20130224 10 7 1 9 5 1
20130224 11 5 1 7 4 1
20130225 1 3 5 9 3 4
20130225 2 7 1 9 5 1
20130225 3 5 7 8 4 5
20130225 4 1 5 3 1 4
20130225 5 1 2 8 1 2
20130225 6 9 1 3 6 1
20130225 7 5 9 6 4 6
20130225 8 1 3 9 1 3
20130225 9 4 7 1 4 5
20130225 10 2 7 6 2 5
20130225 11 2 7 5 2 5
20130305 1 4 1 7 0 0
20130305 2 7 3 2 0 0
20130305 3 1 5 3 0 0
20130305 4 7 5 4 0 0
20130305 5 2 5 4 0 0
20130305 6 9 5 2 6 4
20130305 7 7 2 8 5 2
20130305 8 3 4 8 3 4
20130305 9 1 4 2 1 4
20130305 10 1 9 5 1 6
20130305 11 5 4 6 4 4
20130306 1 4 7 1 0 0
20130306 2 1 3 7 0 0
20130306 3 3 5 7 0 0
20130306 4 4 1 7 0 0
20130306 5 1 2 7 0 0
20130306 6 5 2 1 4 2
20130306 7 7 4 5 5 4
20130306 8 1 2 9 1 2
20130306 9 5 2 1 4 2
20130306 10 2 5 1 2 4
20130306 11 4 6 9 4 5
20130307 1 1 6 3 0 0
20130307 2 1 4 7 0 0
20130307 3 4 2 1 0 0
20130307 4 3 7 4 0 0
20130307 5 5 9 2 4 6
20130307 6 4 3 9 4 3
20130307 7 1 5 3 1 4
20130307 8 1 7 4 0 0
20130307 9 2 4 5 2 4
20130307 10 2 1 7 2 1
20130307 11 2 9 8 2 6
20130322 1 9 1 7 6 1
20130322 2 4 3 1 4 3
20130322 3 1 6 9 1 5
20130322 4 9 3 7 6 3
20130322 5 3 7 6 3 5
20130322 6 5 8 4 4 6
20130322 7 7 2 1 5 2
20130322 8 1 9 2 1 6
20130322 9 8 5 6 6 4
20130322 10 2 8 1 2 6
20130322 11 5 2 7 4 2
20130323 1 3 7 9 3 5
20130323 2 1 9 7 1 6
20130323 3 8 5 2 6 4
20130323 4 4 1 2 4 1
20130323 5 5 1 4 4 1
20130323 6 5 3 2 4 3
20130323 7 3 1 5 3 1
20130323 8 9 2 8 6 2
20130323 9 7 9 1 5 6
20130323 10 1 9 6 1 6
20130323 11 1 2 7 1 2
20130324 1 6 9 4 5 6
20130324 2 1 8 5 1 6
20130324 3 9 2 5 6 2
20130324 4 1 7 5 1 5
20130324 5 2 3 7 2 3
20130324 6 2 1 9 2 1
20130324 7 5 2 9 4 2
20130324 8 1 3 2 1 3
20130324 9 4 7 9 4 5
20130324 10 5 1 6 4 1
20130324 11 7 2 6 5 2
20130407 1 7 1 2 5 1
20130407 2 1 2 4 1 2
20130407 3 7 8 9 5 6
20130407 4 7 1 3 5 1
20130407 5 7 3 5 5 3
20130407 6 7 3 1 0 0
20130407 7 6 7 1 0 0
20130407 8 7 1 4 5 1
20130407 9 3 1 4 3 1
20130407 10 7 3 4 5 3
20130407 11 2 4 7 2 4
20130407 12 3 7 2 3 5
20130408 1 6 2 7 5 2
20130408 2 2 7 4 2 5
20130408 3 7 1 2 5 1
20130408 4 2 1 7 2 1
20130408 5 1 9 4 1 6
20130408 6 1 3 2 0 0
20130408 7 4 2 5 0 0
20130408 8 7 5 3 6 5
20130408 9 3 1 2 3 1
20130408 10 2 7 9 2 5
20130408 11 1 9 2 1 6
20130408 12 1 5 2 1 4
20130409 1 5 3 8 5 3
20130409 2 6 5 8 5 4
20130409 3 5 1 4 4 1
20130409 4 1 7 3 1 5
20130409 5 4 2 3 0 0
20130409 6 2 7 3 2 6
20130409 7 7 4 5 6 4
20130409 8 2 5 1 2 4
20130409 9 2 5 3 0 0
20130409 10 2 5 6 2 4
20130409 11 2 8 7 2 6
20130409 12 3 1 5 3 1
20130420 1 4 7 2 0 0
20130420 2 2 4 6 0 0
20130420 3 2 3 1 0 0
20130420 4 1 3 2 0 0
20130420 5 1 5 3 0 0
20130420 6 3 4 1 3 4
20130420 7 3 1 7 3 1
20130420 8 9 2 7 6 2
20130420 9 3 9 2 3 6
20130420 10 6 2 4 5 2
20130421 1 5 4 7 0 0
20130421 2 7 4 1 0 0
20130421 3 7 1 3 0 0
20130421 4 1 2 7 0 0
20130421 5 4 2 1 0 0
20130421 6 7 1 4 5 1
20130421 7 9 1 3 6 1
20130421 8 8 1 9 6 1
20130421 9 5 7 4 4 5
20130421 10 1 5 7 1 4
20130422 1 2 1 7 0 0
20130422 2 5 1 7 0 0
20130422 3 4 7 1 0 0
20130422 4 1 3 7 0 0
20130422 5 8 2 1 6 2
20130422 6 7 1 5 5 1
20130422 7 3 4 7 0 0
20130422 8 5 7 6 4 5
20130422 9 4 8 3 4 6
20130422 10 6 5 2 5 4
20130503 1 1 5 3 0 0
20130503 2 4 2 5 0 0
20130503 3 7 2 1 0 0
20130503 4 2 5 7 0 0
20130503 5 2 7 4 0 0
20130503 6 6 1 2 0 0
20130503 7 3 7 1 0 0
20130503 8 3 5 1 3 4
20130503 9 9 1 3 6 1
20130503 10 5 3 7 4 3
20130503 11 7 2 4 5 2
20130503 12 9 7 2 6 5
20130504 1 1 2 5 0 0
20130504 2 2 6 1 0 0
20130504 3 3 1 6 0 0
20130504 4 1 6 3 0 0
20130504 5 4 5 1 0 0
20130504 6 5 2 1 0 0
20130504 7 5 7 2 0 0
20130504 8 5 1 6 4 1
20130504 9 2 3 5 2 3
20130504 10 2 3 5 2 3
20130504 11 9 4 1 6 4
20130504 12 2 1 4 2 1
20130505 1 2 4 1 0 0
20130505 2 5 3 7 0 0
20130505 3 4 7 3 0 0
20130505 4 4 7 2 0 0
20130505 5 7 4 2 0 0
20130505 6 5 4 6 4 4
20130505 7 2 3 7 2 3
20130505 8 5 1 4 0 0
20130505 9 2 1 3 0 0
20130505 10 5 2 3 4 2
20130505 11 7 1 4 5 1
20130505 12 1 9 4 1 6
20130607 1 1 5 2 0 0
20130607 2 1 5 3 0 0
20130607 3 2 7 5 0 0
20130607 4 1 2 5 0 0
20130607 5 1 7 2 0 0
20130607 6 3 8 2 3 6
20130607 7 2 3 7 2 3
20130607 8 1 3 9 1 3
20130607 9 1 2 5 1 2
20130607 10 1 3 7 1 3
20130608 1 4 5 3 0 0
20130608 2 4 5 3 0 0
20130608 3 5 2 4 0 0
20130608 4 7 4 3 0 0
20130608 5 2 7 1 0 0
20130608 6 2 7 4 2 5
20130608 7 1 8 5 1 6
20130608 8 1 3 5 1 3
20130608 9 3 4 7 3 4
20130608 10 7 5 1 5 4
20130609 1 4 7 1 0 0
20130609 2 4 7 3 0 0
20130609 3 5 2 3 0 0
20130609 4 1 2 4 0 0
20130609 5 8 3 5 6 3
20130609 6 1 3 2 1 3
20130609 7 7 1 2 0 0
20130609 8 5 2 9 4 2
20130609 9 2 1 5 2 1
20130609 10 5 1 2 4 1
20130701 1 5 3 1 0 0
20130701 2 3 2 4 0 0
20130701 3 7 4 2 0 0
20130701 4 5 7 1 0 0
20130701 5 5 3 4 0 0
20130701 6 5 2 7 4 2
20130701 7 8 4 1 6 4
20130701 8 2 1 9 2 1
20130701 9 9 6 1 6 5
20130701 10 5 1 7 4 1
20130702 1 1 3 5 0 0
20130702 2 3 4 1 0 0
20130702 3 2 4 3 0 0
20130702 4 5 2 3 0 0
20130702 5 1 3 4 0 0
20130702 6 9 1 7 6 1
20130702 7 2 5 8 2 4
20130702 8 1 9 7 1 6
20130702 9 7 5 2 5 4
20130702 10 2 4 9 2 4
20130703 1 4 3 5 0 0
20130703 2 2 7 1 0 0
20130703 3 1 7 2 0 0
20130703 4 5 2 7 0 0
20130703 5 1 7 3 1 5
20130703 6 8 5 1 6 4
20130703 7 2 1 7 0 0
20130703 8 2 5 9 2 4
20130703 9 2 3 5 2 3
20130703 10 2 5 9 2 4
20130815 1 1 2 6 0 0
20130815 2 1 7 2 0 0
20130815 3 5 3 1 0 0
20130815 4 1 2 4 0 0
20130815 5 3 4 1 0 0
20130815 6 1 5 7 1 4
20130815 7 5 3 1 4 3
20130815 8 7 2 9 5 2
20130815 9 9 5 1 6 4
20130815 10 1 5 9 1 4
20130816 1 1 3 5 0 0
20130816 2 4 5 1 0 0
20130816 3 4 7 3 0 0
20130816 4 4 2 3 0 0
20130816 5 4 3 2 0 0
20130816 6 4 9 8 4 6
20130816 7 9 7 3 6 5
20130816 8 1 5 7 1 4
20130816 9 2 5 3 2 4
20130816 10 7 8 2 5 6
20130817 1 4 1 3 0 0
20130817 2 7 1 3 0 0
20130817 3 7 1 2 0 0
20130817 4 5 1 6 0 0
20130817 5 1 3 2 1 3
20130817 6 2 5 7 2 4
20130817 7 5 1 4 0 0
20130817 8 4 2 7 4 2
20130817 9 3 7 1 3 5
20130817 10 3 7 2 3 5
20130828 1 3 1 9 3 1
20130828 2 9 1 7 6 1
20130828 3 5 1 3 4 1
20130828 4 7 2 3 5 2
20130828 5 5 1 3 4 1
20130828 6 7 1 6 5 1
20130828 7 9 2 1 6 2
20130828 8 3 6 9 3 5
20130828 9 3 5 1 3 4
20130828 10 9 6 3 6 5
20130828 11 2 5 6 2 4
20130829 1 2 3 7 2 3
20130829 2 9 2 6 6 2
20130829 3 1 5 6 1 4
20130829 4 4 3 2 4 3
20130829 5 1 7 2 1 5
20130829 6 9 1 6 6 1
20130829 7 1 5 2 1 5
20130829 8 3 1 7 3 1
20130829 9 1 7 9 1 5
20130829 10 1 5 6 1 4
20130829 11 7 2 5 5 2
20130830 1 5 3 7 4 3
20130830 2 5 9 6 4 6
20130830 3 1 6 5 1 5
20130830 4 3 1 2 3 1
20130830 5 1 3 9 1 3
20130830 6 2 5 1 2 4
20130830 7 3 4 2 3 4
20130830 8 5 3 9 4 3
20130830 9 7 2 1 5 2
20130830 10 1 5 8 1 4
20130830 11 1 9 2 1 6
20130905 1 7 4 9 5 4
20130905 2 8 2 3 6 2
20130905 3 9 1 7 6 1
20130905 4 1 9 5 1 6
20130905 5 3 5 1 3 4
20130905 6 7 2 6 5 2
20130905 7 7 1 9 5 1
20130905 8 5 2 4 4 2
20130905 9 1 7 4 1 5
20130905 10 3 2 1 3 2
20130905 11 7 2 6 5 2
20130906 1 2 5 4 2 4
20130906 2 4 8 3 4 6
20130906 3 2 6 1 2 5
20130906 4 9 3 1 6 3
20130906 5 1 2 9 1 2
20130906 6 5 2 1 4 2
20130906 7 1 5 9 1 4
20130906 8 3 7 5 3 5
20130906 9 8 2 1 6 2
20130906 10 9 2 3 6 2
20130906 11 2 1 7 2 1
20130907 1 3 9 2 3 6
20130907 2 4 5 2 4 4
20130907 3 7 1 4 5 1
20130907 4 1 6 3 1 5
20130907 5 1 5 9 1 4
20130907 6 1 5 7 1 5
20130907 7 9 1 3 6 1
20130907 8 6 7 3 5 5
20130907 9 3 5 9 3 4
20130907 10 3 2 9 3 2
20130907 11 9 2 3 6 2
20130928 1 1 5 7 0 0
20130928 2 4 2 1 0 0
20130928 3 7 5 1 0 0
20130928 4 5 4 2 0 0
20130928 5 2 5 1 0 0
20130928 6 1 6 4 0 0
20130928 7 5 2 4 0 0
20130928 8 7 8 4 5 6
20130928 9 6 5 9 5 4
20130928 10 4 1 7 4 1
20130928 11 5 1 9 4 1
20130928 12 7 3 1 5 3
20130929 1 5 3 2 0 0
20130929 2 6 5 4 0 0
20130929 3 1 3 6 0 0
20130929 4 5 2 1 0 0
20130929 5 1 3 4 0 0
20130929 6 6 5 3 0 0
20130929 7 4 2 1 0 0
20130929 8 1 5 4 1 4
20130929 9 5 1 3 4 1
20130929 10 8 9 3 6 6
20130929 11 7 1 9 5 1
20130929 12 5 1 2 4 1
20130930 1 3 2 5 0 0
20130930 2 7 1 5 0 0
20130930 3 7 4 2 0 0
20130930 4 5 4 2 0 0
20130930 5 3 1 4 0 0
20130930 6 9 7 3 6 5
20130930 7 1 2 9 1 2
20130930 8 5 2 1 0 0
20130930 9 2 1 5 0 0
20130930 10 1 6 8 1 5
20130930 11 1 4 9 1 4
20130930 12 2 4 7 2 4
20131106 1 6 1 4 0 0
20131106 2 2 3 7 0 0
20131106 3 3 5 7 0 0
20131106 4 3 7 1 0 0
20131106 5 5 7 4 0 0
20131106 6 4 7 3 0 0
20131106 7 6 7 2 0 0
20131106 8 4 6 9 4 5
20131106 9 3 5 9 3 4
20131106 10 3 7 1 3 5
20131106 11 5 1 7 4 1
20131106 12 1 7 5 1 5
20131107 1 5 3 4 0 0
20131107 2 4 1 3 0 0
20131107 3 3 7 1 0 0
20131107 4 7 1 4 0 0
20131107 5 1 5 4 0 0
20131107 6 1 5 6 0 0
20131107 7 3 1 4 0 0
20131107 8 3 4 8 3 4
20131107 9 7 1 9 5 1
20131107 10 7 2 3 5 2
20131107 11 9 2 7 6 2
20131107 12 7 1 5 5 1
20131108 1 6 4 1 0 0
20131108 2 7 5 3 0 0
20131108 3 4 3 1 0 0
20131108 4 4 7 5 0 0
20131108 5 7 1 6 0 0
20131108 6 2 4 8 2 4
20131108 7 9 2 5 6 2
20131108 8 4 2 1 0 0
20131108 9 6 2 7 0 0
20131108 10 2 6 5 2 5
20131108 11 8 3 9 6 3
20131108 12 2 7 8 2 5
20131126 1 5 1 6 0 0
20131126 2 3 4 1 0 0
20131126 3 1 2 4 0 0
20131126 4 7 1 3 0 0
20131126 5 4 1 2 0 0
20131126 6 1 9 3 1 6
20131126 7 5 2 9 4 2
20131126 8 1 7 3 1 5
20131126 9 9 1 5 6 1
20131126 10 5 7 9 4 5
20131127 1 4 2 7 0 0
20131127 2 4 1 3 0 0
20131127 3 1 5 3 0 0
20131127 4 3 7 4 0 0
20131127 5 1 3 5 0 0
20131127 6 2 9 1 2 6
20131127 7 1 7 9 1 5
20131127 8 7 5 2 5 4
20131127 9 5 2 7 4 2
20131127 10 1 7 5 1 5
20131128 1 1 7 4 0 0
20131128 2 1 4 7 0 0
20131128 3 2 7 3 0 0
20131128 4 3 7 1 0 0
20131128 5 1 9 2 1 6
20131128 6 9 7 3 6 5
20131128 7 1 7 4 0 0
20131128 8 7 8 9 5 6
20131128 9 2 7 5 2 5
20131128 10 2 8 7 2 6
20131203 1 9 3 4 6 3
20131203 2 3 4 8 3 4
20131203 3 1 9 7 1 6
20131203 4 7 2 1 5 2
20131203 5 1 4 8 1 4
20131203 6 7 9 5 5 6
20131203 7 2 9 5 2 6
20131203 8 1 7 4 1 5
20131203 9 2 8 6 2 6
20131203 10 7 3 4 5 3
20131203 11 3 5 9 3 4
20131204 1 4 7 5 4 5
20131204 2 1 3 9 1 3
20131204 3 5 2 6 4 2
20131204 4 3 2 5 3 2
20131204 5 9 3 4 6 3
20131204 6 1 7 5 1 5
20131204 7 5 7 9 4 5
20131204 8 3 7 1 3 5
20131204 9 2 4 5 2 4
20131204 10 7 9 8 5 6
20131204 11 9 2 3 6 2
20131205 1 3 9 4 3 6
20131205 2 2 1 5 2 1
20131205 3 2 7 5 2 5
20131205 4 7 1 3 5 1
20131205 5 9 1 7 6 1
20131205 6 7 3 5 6 3
20131205 7 5 4 1 5 4
20131205 8 7 4 5 5 4
20131205 9 3 1 4 3 1
20131205 10 2 3 5 2 3
20131205 11 7 8 5 5 6
20131220 1 3 2 6 0 0
20131220 2 2 7 3 0 0
20131220 3 7 2 1 0 0
20131220 4 4 7 1 0 0
20131220 5 1 2 4 0 0
20131220 6 6 2 4 0 0
20131220 7 4 7 5 0 0
20131220 8 3 9 1 3 6
20131220 9 5 2 9 4 2
20131220 10 1 9 5 1 6
20131220 11 5 1 8 4 1
20131220 12 9 2 5 6 2
20131221 1 7 2 5 0 0
20131221 2 7 5 3 0 0
20131221 3 3 5 1 0 0
20131221 4 7 2 1 0 0
20131221 5 2 5 3 0 0
20131221 6 2 1 4 0 0
20131221 7 5 3 4 0 0
20131221 8 4 3 9 4 3
20131221 9 5 1 9 4 1
20131221 10 1 5 7 1 4
20131221 11 7 3 9 5 3
20131221 12 1 9 6 1 6
20131222 1 5 4 3 0 0
20131222 2 7 1 3 0 0
20131222 3 4 1 7 0 0
20131222 4 3 1 7 0 0
20131222 5 4 6 5 0 0
20131222 6 7 3 5 6 3
20131222 7 2 5 7 2 5
20131222 8 2 1 4 0 0
20131222 9 5 4 1 0 0
20131222 10 2 4 7 2 4
20131222 11 9 3 6 6 3
20131222 12 4 3 9 4 3
20140123 1 4 6 5 0 0
20140123 2 5 6 3 0 0
20140123 3 5 1 6 0 0
20140123 4 5 1 7 0 0
20140123 5 2 5 4 0 0
20140123 6 3 7 6 3 5
20140123 7 7 1 2 5 1
20140123 8 1 3 7 1 3
20140123 9 1 9 2 1 6
20140123 10 1 4 5 1 4
20140124 1 6 7 2 0 0
20140124 2 5 1 6 0 0
20140124 3 2 6 7 0 0
20140124 4 1 4 7 0 0
20140124 5 7 1 5 0 0
20140124 6 1 9 2 1 6
20140124 7 1 9 3 1 6
20140124 8 2 1 8 2 1
20140124 9 9 1 2 6 1
20140124 10 5 7 9 4 5
20140125 1 4 5 1 0 0
20140125 2 5 1 6 0 0
20140125 3 7 2 5 0 0
20140125 4 2 4 3 0 0
20140125 5 3 9 5 3 6
20140125 6 1 3 7 1 3
20140125 7 1 5 7 0 0
20140125 8 4 7 5 4 5
20140125 9 1 9 4 1 6
20140125 10 8 7 4 6 5
20140131 1 1 3 7 1 3
20140131 2 3 4 5 3 4
20140131 3 4 5 9 4 4
20140131 4 9 2 7 6 2
20140131 5 3 9 2 3 6
20140131 6 1 5 6 1 4
20140131 7 7 3 4 5 3
20140131 8 7 5 2 5 4
20140131 9 2 5 8 2 4
20140131 10 1 7 3 1 5
20140131 11 3 2 9 3 2
20140201 1 9 2 6 6 2
20140201 2 9 7 1 6 5
20140201 3 3 9 7 3 6
20140201 4 7 2 5 5 2
20140201 5 7 8 2 5 6
20140201 6 1 9 5 1 6
20140201 7 6 2 9 5 2
20140201 8 5 1 3 4 1
20140201 9 1 5 7 1 4
20140201 10 7 1 9 5 1
20140201 11 9 2 6 6 2
20140202 1 1 5 6 1 5
20140202 2 7 1 3 6 1
20140202 3 5 9 4 4 6
20140202 4 6 5 2 5 4
20140202 5 6 5 8 5 4
20140202 6 7 9 1 5 6
20140202 7 3 9 7 3 6
20140202 8 2 5 3 2 4
20140202 9 2 6 7 2 5
20140202 10 3 5 7 3 4
20140202 11 4 5 7 4 4
20140215 1 1 2 7 1 2
20140215 2 7 5 1 5 4
20140215 3 2 8 7 2 6
20140215 4 5 9 1 4 6
20140215 5 7 8 3 5 6
20140215 6 1 2 7 1 2
20140215 7 6 5 7 5 4
20140215 8 1 2 5 1 2
20140215 9 9 2 7 6 2
20140215 10 1 3 9 1 3
20140215 11 3 1 2 3 1
20140216 1 9 1 2 6 1
20140216 2 8 1 7 6 1
20140216 3 4 7 2 4 5
20140216 4 7 3 9 5 3
20140216 5 5 7 4 4 5
20140216 6 4 2 3 4 2
20140216 7 5 3 9 4 3
20140216 8 2 9 6 2 6
20140216 9 3 8 5 3 6
20140216 10 7 1 3 5 1
20140216 11 7 3 2 5 3
20140217 1 2 4 9 2 4
20140217 2 1 3 8 1 3
20140217 3 9 4 8 6 4
20140217 4 2 3 7 2 3
20140217 5 1 2 8 1 2
20140217 6 5 9 4 4 6
20140217 7 7 3 8 5 3
20140217 8 9 3 4 6 3
20140217 9 9 2 3 6 2
20140217 10 1 5 9 1 4
20140217 11 1 5 3 1 4
20140218 1 9 2 5 6 2
20140218 2 9 1 4 6 1
20140218 3 4 2 5 4 2
20140218 4 8 6 7 6 5
20140218 5 1 2 9 1 2
20140218 6 2 4 6 2 4
20140218 7 4 2 7 4 2
20140218 8 5 7 1 4 5
20140218 9 4 2 6 4 2
20140218 10 4 6 1 4 5
20140218 11 7 1 5 5 1
20140226 1 2 6 3 2 5
20140226 2 6 4 3 5 4
20140226 3 2 3 9 2 3
20140226 4 1 9 3 1 6
20140226 5 9 5 2 6 4
20140226 6 3 7 1 3 5
20140226 7 1 4 9 1 4
20140226 8 2 1 7 2 1
20140226 9 2 7 6 2 5
20140226 10 1 9 4 1 6
20140226 11 1 8 6 1 6
20140227 1 1 5 2 1 4
20140227 2 3 7 6 3 5
20140227 3 3 7 4 3 5
20140227 4 1 9 3 1 6
20140227 5 2 5 1 2 4
20140227 6 5 1 6 4 1
20140227 7 6 9 5 5 6
20140227 8 4 3 7 4 3
20140227 9 7 2 1 5 2
20140227 10 3 4 2 3 4
20140227 11 3 7 2 3 5
20140228 1 5 3 7 4 3
20140228 2 5 9 1 4 6
20140228 3 8 7 9 6 5
20140228 4 1 5 9 1 4
20140228 5 1 5 4 1 4
20140228 6 7 2 3 6 2
20140228 7 3 1 6 3 1
20140228 8 3 5 9 3 4
20140228 9 1 7 5 1 5
20140228 10 3 2 8 3 2
20140228 11 2 9 1 2 6
20140304 1 9 7 1 6 5
20140304 2 2 3 1 2 3
20140304 3 2 7 3 2 5
20140304 4 3 7 2 3 5
20140304 5 2 9 3 2 6
20140304 6 8 4 7 6 4
20140304 7 7 1 9 5 1
20140304 8 2 7 9 2 5
20140304 9 4 1 2 4 1
20140304 10 7 1 5 5 1
20140304 11 1 9 4 1 6
20140305 1 1 2 4 1 2
20140305 2 5 1 6 4 1
20140305 3 1 9 7 1 6
20140305 4 9 3 2 6 3
20140305 5 2 7 5 2 5
20140305 6 1 9 2 1 6
20140305 7 9 5 7 6 4
20140305 8 9 2 1 6 2
20140305 9 5 3 2 4 3
20140305 10 1 7 2 1 5
20140305 11 9 7 2 6 5
20140306 1 2 5 7 2 4
20140306 2 5 4 1 4 4
20140306 3 1 7 9 1 5
20140306 4 9 8 3 6 6
20140306 5 1 5 2 1 4
20140306 6 3 5 7 3 4
20140306 7 1 9 7 1 6
20140306 8 3 5 4 3 4
20140306 9 3 6 4 3 5
20140306 10 3 2 7 3 2
20140306 11 8 2 5 6 2
20140405 1 1 2 9 1 2
20140405 2 1 8 7 1 6
20140405 3 2 1 9 2 1
20140405 4 9 6 8 6 5
20140405 5 5 7 2 4 5
20140405 6 1 3 9 1 3
20140405 7 1 7 5 1 5
20140405 8 3 4 6 3 4
20140405 9 5 8 7 4 6
20140405 10 1 7 2 1 5
20140405 11 7 1 8 5 1
20140406 1 2 3 6 2 3
20140406 2 6 1 5 5 1
20140406 3 9 3 4 6 3
20140406 4 9 2 7 6 2
20140406 5 9 3 7 6 3
20140406 6 1 5 9 1 4
20140406 7 5 1 2 5 1
20140406 8 7 3 2 5 3
20140406 9 9 1 5 6 1
20140406 10 1 5 6 1 4
20140406 11 1 6 9 1 5
20140407 1 3 2 8 3 2
20140407 2 3 4 1 3 4
20140407 3 5 2 1 4 2
20140407 4 7 1 2 5 1
20140407 5 3 1 2 3 1
20140407 6 4 5 2 4 5
20140407 7 9 4 3 6 4
20140407 8 3 7 4 3 5
20140407 9 3 1 5 3 1
20140407 10 7 2 4 5 2
20140407 11 9 5 3 6 4
20140513 1 7 6 3 0 0
20140513 2 5 1 4 0 0
20140513 3 2 1 7 0 0
20140513 4 5 1 4 0 0
20140513 5 4 1 5 0 0
20140513 6 5 6 3 4 5
20140513 7 7 2 9 5 2
20140513 8 3 1 5 3 1
20140513 9 5 2 9 4 2
20140513 10 5 9 6 4 6
20140514 1 3 7 5 0 0
20140514 2 2 5 4 0 0
20140514 3 2 1 6 0 0
20140514 4 4 1 7 0 0
20140514 5 5 1 4 0 0
20140514 6 8 1 2 6 1
20140514 7 7 3 5 5 3
20140514 8 1 5 9 1 4
20140514 9 1 7 3 1 5
20140514 10 9 5 6 6 4
20140515 1 3 5 4 0 0
20140515 2 7 2 1 0 0
20140515 3 3 5 2 0 0
20140515 4 1 5 3 0 0
20140515 5 1 5 8 1 4
20140515 6 1 9 4 1 6
20140515 7 5 1 2 0 0
20140515 8 1 2 5 1 2
20140515 9 2 5 7 2 4
20140515 10 5 8 7 4 6
20140614 1 7 3 4 5 3
20140614 2 1 2 9 1 2
20140614 3 5 9 4 4 6
20140614 4 2 7 3 2 5
20140614 5 9 7 3 6 5
20140614 6 5 1 3 0 0
20140614 7 6 2 3 0 0
20140614 8 1 2 5 1 2
20140614 9 4 3 7 4 3
20140614 10 2 7 9 2 5
20140614 11 3 9 1 3 6
20140614 12 5 3 1 4 3
20140615 1 9 1 4 6 1
20140615 2 8 3 2 6 3
20140615 3 3 9 2 3 6
20140615 4 3 5 2 3 4
20140615 5 7 1 4 5 1
20140615 6 2 7 6 0 0
20140615 7 4 7 3 0 0
20140615 8 2 5 9 2 4
20140615 9 3 8 1 3 6
20140615 10 3 9 2 3 6
20140615 11 8 7 5 6 5
20140615 12 7 5 1 5 4
20140616 1 1 3 5 1 3
20140616 2 9 1 3 6 1
20140616 3 5 7 3 4 5
20140616 4 9 7 1 6 5
20140616 5 4 2 5 0 0
20140616 6 5 8 2 4 6
20140616 7 6 4 3 5 4
20140616 8 1 5 7 1 4
20140616 9 1 4 3 0 0
20140616 10 8 3 7 6 3
20140616 11 3 9 5 3 6
20140616 12 2 5 1 2 4
20140630 1 1 5 4 0 0
20140630 2 1 7 3 0 0
20140630 3 4 1 5 0 0
20140630 4 1 4 7 0 0
20140630 5 1 2 3 0 0
20140630 6 8 7 3 6 5
20140630 7 1 2 8 1 2
20140630 8 1 7 4 1 5
20140630 9 3 9 1 3 6
20140630 10 7 1 6 5 1
20140701 1 2 4 7 0 0
20140701 2 5 1 7 0 0
20140701 3 5 7 1 0 0
20140701 4 7 3 1 0 0
20140701 5 5 1 4 0 0
20140701 6 7 4 9 5 4
20140701 7 9 5 1 6 4
20140701 8 7 9 1 5 6
20140701 9 7 5 3 5 4
20140701 10 5 7 8 4 5
20140702 1 6 5 2 0 0
20140702 2 7 5 1 0 0
20140702 3 2 3 7 0 0
20140702 4 7 1 5 0 0
20140702 5 5 7 1 4 5
20140702 6 1 7 8 1 5
20140702 7 3 7 1 0 0
20140702 8 1 5 9 1 4
20140702 9 2 5 8 2 4
20140702 10 4 1 8 4 1
20140912 1 7 9 4 5 6
20140912 2 7 1 5 5 1
20140912 3 9 4 7 6 4
20140912 4 3 9 4 3 6
20140912 5 2 9 3 2 6
20140912 6 7 2 6 0 0
20140912 7 4 3 1 0 0
20140912 8 1 4 9 1 4
20140912 9 7 3 5 5 3
20140912 10 7 6 5 5 5
20140912 11 9 2 3 6 2
20140912 12 6 9 8 5 6
20140913 1 5 3 9 4 3
20140913 2 7 5 3 5 4
20140913 3 9 1 5 6 1
20140913 4 3 1 7 3 1
20140913 5 2 1 3 2 1
20140913 6 2 7 6 0 0
20140913 7 3 6 2 0 0
20140913 8 7 4 1 6 4
20140913 9 4 1 5 4 1
20140913 10 1 3 4 1 3
20140913 11 4 1 7 4 1
20140913 12 5 3 8 4 3
20140914 1 1 5 9 1 4
20140914 2 7 1 9 5 1
20140914 3 5 1 2 4 1
20140914 4 7 4 1 5 4
20140914 5 4 1 2 0 0
20140914 6 5 3 4 4 3
20140914 7 7 9 3 5 6
20140914 8 8 1 5 6 1
20140914 9 6 5 4 0 0
20140914 10 5 1 4 4 1
20140914 11 7 8 4 5 6
20140914 12 4 8 5 4 6
20140925 1 7 1 6 0 0
20140925 2 7 3 2 0 0
20140925 3 5 2 3 0 0
20140925 4 4 5 3 0 0
20140925 5 3 4 2 0 0
20140925 6 7 1 5 5 1
20140925 7 8 7 3 6 5
20140925 8 5 3 7 4 3
20140925 9 1 5 6 1 4
20140925 10 5 2 1 4 2
20140926 1 2 1 7 0 0
20140926 2 7 2 5 0 0
20140926 3 2 5 7 0 0
20140926 4 4 1 5 0 0
20140926 5 1 2 3 0 0
20140926 6 3 6 1 3 5
20140926 7 7 1 9 5 1
20140926 8 3 7 1 3 5
20140926 9 1 9 5 1 6
20140926 10 7 2 3 5 2
20140927 1 4 2 7 0 0
20140927 2 1 3 2 0 0
20140927 3 4 7 2 0 0
20140927 4 2 1 3 0 0
20140927 5 5 4 2 4 4
20140927 6 8 7 3 6 5
20140927 7 1 2 4 0 0
20140927 8 5 4 6 4 4
20140927 9 2 3 5 2 3
20140927 10 7 1 4 5 1
20141026 1 5 7 1 0 0
20141026 2 2 7 4 0 0
20141026 3 5 7 3 0 0
20141026 4 7 4 2 0 0
20141026 5 1 7 4 0 0
20141026 6 6 8 1 5 6
20141026 7 7 2 8 5 2
20141026 8 7 8 2 5 6
20141026 9 1 5 3 1 4
20141026 10 9 5 3 6 4
20141027 1 1 2 7 0 0
20141027 2 1 6 4 0 0
20141027 3 1 4 7 0 0
20141027 4 1 4 2 0 0
20141027 5 2 7 5 0 0
20141027 6 9 2 8 6 2
20141027 7 6 2 9 5 2
20141027 8 7 3 4 5 3
20141027 9 2 9 7 2 6
20141027 10 5 1 2 4 1
20141028 1 7 3 1 0 0
20141028 2 5 1 3 0 0
20141028 3 5 1 6 0 0
20141028 4 5 3 2 0 0
20141028 5 2 5 3 2 4
20141028 6 1 9 4 1 6
20141028 7 6 1 3 0 0
20141028 8 5 9 1 4 6
20141028 9 2 5 9 2 4
20141028 10 2 7 8 2 5
20141119 1 1 4 7 0 0
20141119 2 7 5 2 0 0
20141119 3 5 2 6 0 0
20141119 4 3 2 1 0 0
20141119 5 7 2 1 0 0
20141119 6 2 1 3 2 1
20141119 7 9 7 5 6 5
20141119 8 7 2 1 5 2
20141119 9 1 9 4 1 6
20141119 10 1 8 4 1 6
20141120 1 6 1 3 0 0
20141120 2 5 4 6 0 0
20141120 3 7 2 4 0 0
20141120 4 1 7 2 0 0
20141120 5 7 1 4 0 0
20141120 6 3 1 5 3 1
20141120 7 9 1 3 6 1
20141120 8 4 7 8 4 5
20141120 9 3 1 5 3 1
20141120 10 7 9 3 5 6
20141121 1 1 4 5 0 0
20141121 2 2 6 4 0 0
20141121 3 3 5 7 0 0
20141121 4 1 3 6 0 0
20141121 5 7 3 1 5 3
20141121 6 6 5 9 5 4
20141121 7 1 7 3 0 0
20141121 8 1 5 9 1 4
20141121 9 5 9 7 4 6
20141121 10 8 7 9 6 5
20141205 1 4 2 3 0 0
20141205 2 4 3 1 0 0
20141205 3 5 3 1 0 0
20141205 4 4 2 5 0 0
20141205 5 2 7 5 0 0
20141205 6 5 1 7 4 1
20141205 7 2 4 5 2 4
20141205 8 9 8 6 6 6
20141205 9 9 3 1 6 3
20141205 10 2 7 6 2 5
20141206 1 4 7 5 0 0
20141206 2 5 2 7 0 0
20141206 3 5 6 4 0 0
20141206 4 1 4 7 0 0
20141206 5 5 3 6 0 0
20141206 6 3 1 5 3 1
20141206 7 7 1 2 6 1
20141206 8 2 8 1 2 6
20141206 9 7 2 5 5 2
20141206 10 3 8 5 3 6
20141207 1 5 7 3 0 0
20141207 2 1 7 3 0 0
20141207 3 4 2 1 0 0
20141207 4 7 4 6 0 0
20141207 5 4 7 2 4 6
20141207 6 7 5 1 6 5
20141207 7 7 3 2 0 0
20141207 8 2 9 4 2 6
20141207 9 2 5 7 2 4
20141207 10 5 6 7 4 5
20141224 1 9 1 3 6 1
20141224 2 1 5 3 1 4
20141224 3 2 8 9 2 6
20141224 4 9 6 1 6 5
20141224 5 4 2 1 4 2
20141224 6 3 9 4 3 6
20141224 7 1 7 2 1 5
20141224 8 3 5 7 3 4
20141224 9 4 8 2 4 6
20141224 10 1 5 8 1 4
20141224 11 9 4 6 6 4
20141225 1 4 2 8 4 2
20141225 2 7 3 1 5 3
20141225 3 2 4 8 2 4
20141225 4 2 7 9 2 5
20141225 5 7 9 1 5 6
20141225 6 3 5 1 3 4
20141225 7 1 9 3 1 6
20141225 8 9 1 4 6 1
20141225 9 9 5 2 6 4
20141225 10 5 1 9 4 1
20141225 11 1 7 9 1 5
20141226 1 5 3 7 5 3
20141226 2 3 5 8 3 4
20141226 3 8 5 4 6 4
20141226 4 7 3 1 5 3
20141226 5 7 1 9 5 1
20141226 6 5 7 4 4 5
20141226 7 7 1 2 5 1
20141226 8 9 2 7 6 2
20141226 9 1 2 5 1 2
20141226 10 2 9 5 2 6
20141226 11 9 5 1 6 4
20150107 1 5 3 7 4 3
20150107 2 8 2 7 6 2
20150107 3 2 9 5 2 6
20150107 4 1 9 7 1 6
20150107 5 1 5 4 1 4
20150107 6 2 6 7 0 0
20150107 7 7 3 5 0 0
20150107 8 1 5 4 1 4
20150107 9 5 2 7 4 2
20150107 10 9 3 2 6 3
20150107 11 1 5 7 1 4
20150107 12 5 2 8 4 2
20150108 1 1 3 2 1 3
20150108 2 2 9 1 2 6
20150108 3 9 7 5 6 5
20150108 4 6 2 1 5 2
20150108 5 3 5 1 3 4
20150108 6 4 1 3 0 0
20150108 7 4 3 6 0 0
20150108 8 2 4 3 2 4
20150108 9 4 3 7 4 3
20150108 10 9 3 4 6 3
20150108 11 7 1 3 5 1
20150108 12 7 2 9 5 2
20150109 1 2 7 1 2 5
20150109 2 5 2 9 4 2
20150109 3 2 9 3 2 6
20150109 4 5 8 1 4 6
20150109 5 3 1 5 0 0
20150109 6 5 9 2 4 6
20150109 7 3 8 5 3 6
20150109 8 5 3 6 4 3
20150109 9 3 5 6 0 0
20150109 10 9 3 2 6 3
20150109 11 2 3 7 2 3
20150109 12 5 7 9 4 5
20150116 1 7 2 6 0 0
20150116 2 3 6 1 0 0
20150116 3 1 2 3 0 0
20150116 4 1 3 2 0 0
20150116 5 3 5 2 0 0
20150116 6 7 3 1 5 3
20150116 7 4 3 2 4 3
20150116 8 1 2 5 1 2
20150116 9 2 4 3 2 4
20150116 10 5 2 9 4 2
20150117 1 1 4 3 0 0
20150117 2 1 7 5 0 0
20150117 3 1 7 4 0 0
20150117 4 4 2 7 0 0
20150117 5 4 1 3 0 0
20150117 6 2 9 3 2 6
20150117 7 1 9 7 1 6
20150117 8 7 1 5 5 1
20150117 9 7 1 8 5 1
20150117 10 7 8 1 5 6
20150118 1 2 5 3 0 0
20150118 2 7 4 5 0 0
20150118 3 1 5 4 0 0
20150118 4 2 7 5 0 0
20150118 5 2 9 8 2 6
20150118 6 5 1 6 4 1
20150118 7 5 4 1 0 0
20150118 8 5 7 9 4 5
20150118 9 1 5 2 1 4
20150118 10 1 4 7 1 4
20150122 1 5 3 7 0 0
20150122 2 5 1 3 0 0
20150122 3 3 4 2 0 0
20150122 4 5 7 6 0 0
20150122 5 4 7 2 0 0
20150122 6 4 8 5 4 6
20150122 7 5 2 1 4 2
20150122 8 5 1 2 4 1
20150122 9 2 9 6 2 6
20150122 10 7 3 1 5 3
20150123 1 2 1 3 0 0
20150123 2 5 1 3 0 0
20150123 3 3 2 4 0 0
20150123 4 6 4 7 0 0
20150123 5 1 5 6 0 0
20150123 6 9 4 5 6 4
20150123 7 3 7 9 3 5
20150123 8 4 7 9 4 5
20150123 9 2 1 7 2 1
20150123 10 9 2 1 6 2
20150124 1 2 5 3 0 0
20150124 2 3 4 1 0 0
20150124 3 3 6 4 0 0
20150124 4 7 2 4 0 0
20150124 5 5 1 2 4 1
20150124 6 9 5 3 6 4
20150124 7 4 5 3 0 0
20150124 8 3 5 1 3 4
20150124 9 1 2 9 1 2
20150124 10 9 6 7 6 5
20150202 1 9 3 1 6 3
20150202 2 5 1 3 4 1
20150202 3 1 9 5 1 6
20150202 4 7 5 1 5 4
20150202 5 8 5 3 6 4
20150202 6 3 5 6 0 0
20150202 7 7 4 1 0 0
20150202 8 5 7 9 4 5
20150202 9 3 7 4 3 5
20150202 10 4 2 1 4 2
20150202 11 1 7 5 1 5
20150202 12 3 8 2 3 6
20150203 1 9 5 7 6 4
20150203 2 3 7 2 3 5
20150203 3 7 1 4 5 1
20150203 4 9 5 7 6 4
20150203 5 1 2 3 1 2
20150203 6 5 3 2 0 0
20150203 7 1 4 6 0 0
20150203 8 9 2 8 6 2
20150203 9 1 9 5 1 6
20150203 10 1 9 4 1 6
20150203 11 5 1 6 4 1
20150203 12 5 8 1 4 6
20150204 1 2 5 7 2 4
20150204 2 2 5 1 2 4
20150204 3 7 4 2 5 4
20150204 4 3 9 4 3 6
20150204 5 7 1 4 0 0
20150204 6 9 2 8 6 2
20150204 7 7 6 9 5 5
20150204 8 6 3 2 5 3
20150204 9 4 3 6 0 0
20150204 10 3 9 1 3 6
20150204 11 1 4 7 1 4
20150204 12 9 3 1 6 3
20150221 1 7 3 5 5 3
20150221 2 3 5 9 3 4
20150221 3 9 7 2 6 5
20150221 4 7 4 3 5 4
20150221 5 3 7 6 3 5
20150221 6 5 1 6 4 1
20150221 7 9 1 2 6 1
20150221 8 5 7 1 4 5
20150221 9 1 9 2 1 6
20150221 10 3 1 7 3 1
20150221 11 2 9 6 2 6
20150221 12 1 7 9 1 5
20150222 1 1 7 9 1 5
20150222 2 5 2 3 4 2
20150222 3 7 9 3 5 6
20150222 4 5 9 1 4 6
20150222 5 9 1 2 6 1
20150222 6 2 9 5 2 6
20150222 7 2 5 1 2 4
20150222 8 2 1 5 2 1
20150222 9 6 9 1 5 6
20150222 10 1 7 9 1 5
20150222 11 8 9 2 6 6
20150222 12 7 1 2 5 1
20150223 1 5 7 2 5 6
20150223 2 4 3 7 4 3
20150223 3 3 2 8 3 2
20150223 4 5 7 1 4 5
20150223 5 2 6 5 2 5
20150223 6 1 7 3 1 5
20150223 7 1 5 9 1 4
20150223 8 5 2 1 4 2
20150223 9 3 1 9 3 1
20150223 10 1 7 5 1 5
20150223 11 1 9 5 1 6
20150223 12 1 7 8 1 5
20150224 1 2 4 5 2 4
20150224 2 8 5 9 6 4
20150224 3 5 3 8 4 3
20150224 4 3 4 7 3 4
20150224 5 7 3 5 5 3
20150224 6 5 1 7 4 1
20150224 7 7 1 2 5 1
20150224 8 3 5 2 3 4
20150224 9 7 6 1 5 5
20150224 10 7 4 2 5 4
20150224 11 2 5 1 2 4
20150302 1 2 4 5 0 0
20150302 2 1 5 7 0 0
20150302 3 2 5 3 0 0
20150302 4 1 3 5 0 0
20150302 5 7 3 6 0 0
20150302 6 3 5 4 0 0
20150302 7 6 2 7 0 0
20150302 8 7 9 2 5 6
20150302 9 1 5 4 1 4
20150302 10 5 9 7 4 6
20150302 11 5 8 2 4 6
20150302 12 8 7 3 6 5
20150303 1 4 1 5 0 0
20150303 2 3 4 7 0 0
20150303 3 7 1 2 0 0
20150303 4 1 7 4 0 0
20150303 5 1 3 4 0 0
20150303 6 5 2 4 0 0
20150303 7 7 4 1 0 0
20150303 8 1 3 9 1 3
20150303 9 4 3 2 4 3
20150303 10 1 9 7 1 6
20150303 11 2 8 6 2 6
20150303 12 1 4 5 1 4
20150304 1 6 4 2 0 0
20150304 2 3 2 5 0 0
20150304 3 7 3 1 0 0
20150304 4 4 7 3 0 0
20150304 5 2 1 7 0 0
20150304 6 2 9 8 2 6
20150304 7 2 9 3 2 6
20150304 8 1 6 5 0 0
20150304 9 3 2 4 0 0
20150304 10 3 2 4 3 2
20150304 11 3 9 7 3 6
20150304 12 2 5 3 2 4
20150318 1 5 1 2 4 1
20150318 2 5 1 4 4 1
20150318 3 6 2 1 5 2
20150318 4 1 5 4 1 4
20150318 5 2 1 5 2 1
20150318 6 3 5 1 3 4
20150318 7 7 3 1 5 3
20150318 8 3 8 7 3 6
20150318 9 1 7 6 1 5
20150318 10 2 3 8 2 3
20150318 11 1 4 3 1 4
20150319 1 5 2 9 4 2
20150319 2 5 1 2 4 1
20150319 3 5 7 4 4 5
20150319 4 3 9 5 3 6
20150319 5 9 3 4 6 3
20150319 6 9 5 3 6 4
20150319 7 9 5 8 6 4
20150319 8 8 7 2 6 5
20150319 9 7 3 4 5 3
20150319 10 3 7 5 3 5
20150319 11 1 2 5 1 2
20150320 1 7 5 3 5 4
20150320 2 7 3 5 5 3
20150320 3 7 2 1 5 2
20150320 4 9 8 5 6 6
20150320 5 7 4 2 5 4
20150320 6 2 1 9 2 1
20150320 7 3 7 5 3 5
20150320 8 5 7 2 4 5
20150320 9 7 1 4 5 1
20150320 10 9 5 2 6 4
20150320 11 9 4 2 6 4
20150410 1 1 5 3 1 4
20150410 2 7 9 2 5 6
20150410 3 3 8 4 3 6
20150410 4 3 9 5 3 6
20150410 5 5 1 8 4 1
20150410 6 3 5 6 3 4
20150410 7 2 9 7 2 6
20150410 8 1 7 9 1 5
20150410 9 1 5 4 1 4
20150410 10 1 2 3 1 2
20150410 11 5 7 1 4 5
20150411 1 2 9 4 2 6
20150411 2 2 7 4 2 5
20150411 3 3 7 8 3 5
20150411 4 2 5 7 2 4
20150411 5 5 6 9 4 5
20150411 6 9 1 5 6 1
20150411 7 3 7 5 3 5
20150411 8 5 3 2 4 3
20150411 9 1 7 4 1 5
20150411 10 3 9 6 3 6
20150411 11 9 2 5 6 2
20150412 1 3 7 2 3 5
20150412 2 5 1 3 4 1
20150412 3 2 7 9 2 5
20150412 4 7 1 3 5 1
20150412 5 1 9 2 1 6
20150412 6 5 1 7 5 1
20150412 7 5 9 7 4 6
20150412 8 3 1 7 3 1
20150412 9 3 2 8 3 2
20150412 10 7 3 5 5 3
20150412 11 1 7 8 1 5
20150417 1 4 7 3 0 0
20150417 2 3 7 2 0 0
20150417 3 5 1 3 0 0
20150417 4 5 3 1 0 0
20150417 5 2 1 7 0 0
20150417 6 2 3 6 0 0
20150417 7 5 2 6 0 0
20150417 8 1 4 8 1 4
20150417 9 9 5 1 6 4
20150417 10 1 5 2 1 4
20150417 11 7 5 3 5 4
20150417 12 3 7 5 3 5
20150418 1 2 5 1 0 0
20150418 2 1 4 5 0 0
20150418 3 2 3 7 0 0
20150418 4 3 2 5 0 0
20150418 5 3 7 5 0 0
20150418 6 6 1 4 0 0
20150418 7 4 5 1 0 0
20150418 8 2 1 4 2 1
20150418 9 9 1 5 6 1
20150418 10 3 9 1 3 6
20150418 11 2 9 3 2 6
20150418 12 8 4 7 6 4
20150419 1 2 6 3 0 0
20150419 2 5 6 1 0 0
20150419 3 5 7 3 0 0
20150419 4 1 4 3 0 0
20150419 5 5 1 2 0 0
20150419 6 9 2 3 6 2
20150419 7 2 3 9 2 3
20150419 8 4 7 5 0 0
20150419 9 2 1 5 0 0
20150419 10 3 9 5 3 6
20150419 11 9 2 4 6 2
20150419 12 4 9 2 4 6
20150513 1 7 2 1 0 0
20150513 2 3 5 4 0 0
20150513 3 2 4 5 0 0
20150513 4 3 7 4 0 0
20150513 5 2 5 7 0 0
20150513 6 1 3 7 0 0
20150513 7 5 1 6 0 0
20150513 8 1 7 2 1 5
20150513 9 5 7 2 4 5
20150513 10 2 3 1 2 3
20150513 11 1 6 3 1 5
20150513 12 5 7 2 4 5
20150514 1 6 4 1 0 0
20150514 2 2 7 4 0 0
20150514 3 1 4 3 0 0
20150514 4 4 2 1 0 0
20150514 5 5 3 2 0 0
20150514 6 5 1 7 0 0
20150514 7 4 3 2 0 0
20150514 8 2 9 1 2 6
20150514 9 2 4 3 2 4
20150514 10 1 4 5 1 4
20150514 11 9 2 5 6 2
20150514 12 9 2 3 6 2
20150515 1 2 3 6 0 0
20150515 2 1 2 3 0 0
20150515 3 5 7 1 0 0
20150515 4 4 3 1 0 0
20150515 5 3 1 7 0 0
20150515 6 5 2 7 4 2
20150515 7 3 4 7 3 4
20150515 8 1 2 4 0 0
20150515 9 3 1 2 0 0
20150515 10 7 5 9 5 4
20150515 11 7 1 9 5 1
20150515 12 9 7 4 6 5
20150525 1 7 5 2 5 4
20150525 2 3 9 2 3 6
20150525 3 2 1 5 2 1
20150525 4 1 9 3 1 6
20150525 5 5 7 1 4 5
20150525 6 8 3 5 6 3
20150525 7 5 3 9 4 3
20150525 8 9 5 2 6 4
20150525 9 7 5 2 5 4
20150525 10 7 9 4 5 6
20150525 11 7 4 8 5 4
20150526 1 5 1 8 4 1
20150526 2 7 1 3 5 1
20150526 3 7 2 3 5 2
20150526 4 3 8 2 3 6
20150526 5 9 4 1 6 4
20150526 6 7 1 8 5 1
20150526 7 4 9 2 4 6
20150526 8 9 3 5 6 3
20150526 9 7 5 1 5 4
20150526 10 5 7 1 4 5
20150526 11 3 1 8 3 1
20150527 1 6 2 7 5 2
20150527 2 5 7 8 4 5
20150527 3 9 1 7 6 1
20150527 4 5 2 8 4 2
20150527 5 3 2 5 3 2
20150527 6 9 1 5 6 1
20150527 7 3 8 5 3 6
20150527 8 9 5 3 6 4
20150527 9 2 7 1 2 5
20150527 10 7 5 9 5 4
20150527 11 4 8 2 4 6
20150608 1 4 3 1 0 0
20150608 2 3 5 7 0 0
20150608 3 4 6 7 0 0
20150608 4 5 7 2 0 0
20150608 5 7 6 1 0 0
20150608 6 1 3 9 1 3
20150608 7 1 7 9 1 5
20150608 8 2 3 9 2 3
20150608 9 1 2 9 1 2
20150608 10 9 6 4 6 5
20150609 1 7 3 1 0 0
20150609 2 3 7 4 0 0
20150609 3 6 7 2 0 0
20150609 4 7 3 2 0 0
20150609 5 7 1 4 0 0
20150609 6 9 5 1 6 4
20150609 7 3 9 5 3 6
20150609 8 9 5 3 6 4
20150609 9 3 2 5 3 2
20150609 10 1 5 8 1 4
20150610 1 7 2 1 0 0
20150610 2 3 5 7 0 0
20150610 3 5 4 7 0 0
20150610 4 4 1 7 0 0
20150610 5 1 4 5 1 4
20150610 6 1 7 3 1 5
20150610 7 2 3 6 0 0
20150610 8 1 5 7 1 4
20150610 9 2 7 1 2 5
20150610 10 9 3 2 6 3
20150617 1 9 1 2 6 1
20150617 2 9 2 7 6 2
20150617 3 3 2 9 3 2
20150617 4 5 8 1 4 6
20150617 5 9 2 7 6 2
20150617 6 6 3 2 5 3
20150617 7 5 1 9 4 1
20150617 8 5 1 3 4 1
20150617 9 7 5 9 5 4
20150617 10 3 5 7 3 4
20150617 11 9 3 2 6 3
20150618 1 5 1 4 4 1
20150618 2 1 7 3 1 5
20150618 3 8 4 5 6 4
20150618 4 2 8 7 2 6
20150618 5 5 6 1 4 5
20150618 6 5 7 1 4 5
20150618 7 1 7 5 1 6
20150618 8 2 3 4 2 3
20150618 9 5 8 2 4 6
20150618 10 2 9 5 2 6
20150618 11 1 6 9 1 5
20150619 1 3 2 8 3 2
20150619 2 3 4 7 3 4
20150619 3 4 6 9 4 5
20150619 4 7 2 6 5 2
20150619 5 1 5 7 1 4
20150619 6 1 7 5 1 6
20150619 7 7 4 2 6 4
20150619 8 9 2 7 6 2
20150619 9 7 9 5 5 6
20150619 10 7 8 5 5 6
20150619 11 7 1 9 5 1
20150717 1 1 3 7 1 3
20150717 2 8 7 1 6 5
20150717 3 3 7 2 3 5
20150717 4 2 1 9 2 1
20150717 5 1 9 5 1 6
20150717 6 1 9 8 1 6
20150717 7 3 7 2 3 5
20150717 8 3 4 7 3 4
20150717 9 1 9 7 1 6
20150717 10 5 2 1 4 2
20150717 11 7 3 9 5 3
20150718 1 3 9 6 3 6
20150718 2 9 1 3 6 1
20150718 3 1 3 4 1 3
20150718 4 3 7 9 3 5
20150718 5 9 1 4 6 1
20150718 6 4 2 8 4 2
20150718 7 8 1 6 6 1
20150718 8 8 3 9 6 3
20150718 9 7 1 3 5 1
20150718 10 3 9 2 3 6
20150718 11 3 1 9 3 1
20150719 1 6 5 2 5 5
20150719 2 9 2 4 6 2
20150719 3 1 2 9 1 2
20150719 4 1 5 4 1 4
20150719 5 3 5 1 3 4
20150719 6 2 3 1 2 3
20150719 7 3 4 2 3 4
20150719 8 1 2 9 1 2
20150719 9 9 4 3 6 4
20150719 10 9 3 1 6 3
20150719 11 7 4 9 5 4
