20120403 1 2 7 4 0 0
20120403 2 7 3 1 0 0
20120403 3 4 6 5 0 0
20120403 4 7 1 2 0 0
20120403 5 5 4 7 0 0
20120403 6 7 6 4 5 5
20120403 7 1 7 5 1 5
20120403 8 7 1 6 5 1
20120403 9 7 4 3 5 4
20120403 10 4 7 2 4 5
20120403 11 2 7 4 2 5
20120404 1 7 3 2 0 0
20120404 2 2 4 1 0 0
20120404 3 7 3 4 0 0
20120404 4 2 3 4 0 0
20120404 5 1 3 4 0 0
20120404 6 4 7 1 4 5
20120404 7 1 7 9 1 5
20120404 8 6 5 1 5 4
20120404 9 4 3 6 4 3
20120404 10 2 9 5 2 6
20120404 11 5 1 3 4 1
20120405 1 1 3 5 0 0
20120405 2 5 4 6 0 0
20120405 3 5 2 7 0 0
20120405 4 6 4 5 0 0
20120405 5 2 4 1 0 0
20120405 6 1 3 6 0 0
20120405 7 5 2 7 0 0
20120405 8 1 5 6 1 4
20120405 9 9 6 7 6 5
20120405 10 9 2 7 6 2
20120405 11 7 1 4 5 1
20120501 1 1 9 5 1 6
20120501 2 1 6 5 1 5
20120501 3 2 1 4 2 1
20120501 4 1 7 5 1 5
20120501 5 9 1 2 6 1
20120501 6 4 7 1 4 5
20120501 7 7 2 5 5 2
20120501 8 8 1 5 6 1
20120501 9 5 3 1 4 3
20120501 10 3 7 5 3 5
20120501 11 2 7 1 2 5
20120501 12 7 1 2 5 1
20120502 1 7 1 2 5 1
20120502 2 3 9 2 3 6
20120502 3 2 7 9 2 5
20120502 4 2 7 5 2 5
20120502 5 4 7 1 4 5
20120502 6 4 8 3 4 6
20120502 7 7 1 3 5 1
20120502 8 3 8 5 3 6
20120502 9 4 7 1 4 5
20120502 10 8 2 4 6 2
20120502 11 1 7 6 1 5
20120502 12 3 5 1 3 4
20120503 1 2 3 7 2 3
20120503 2 1 5 7 1 4
20120503 3 3 2 9 3 2
20120503 4 9 2 5 6 2
20120503 5 1 9 4 1 6
20120503 6 9 5 3 6 4
20120503 7 1 7 2 1 5
20120503 8 7 2 3 5 2
20120503 9 2 5 8 2 4
20120503 10 8 1 9 6 1
20120503 11 9 7 3 6 5
20120503 12 9 5 8 6 4
20120508 1 7 2 1 0 0
20120508 2 2 4 3 0 0
20120508 3 7 1 2 0 0
20120508 4 3 2 7 0 0
20120508 5 5 4 1 0 0
20120508 6 3 7 2 3 5
20120508 7 1 5 9 1 4
20120508 8 2 9 1 2 6
20120508 9 7 1 3 5 1
20120508 10 9 2 7 6 2
20120508 11 8 2 4 6 2
20120509 1 3 4 2 0 0
20120509 2 1 3 6 0 0
20120509 3 2 5 4 0 0
20120509 4 5 7 3 0 0
20120509 5 1 3 2 0 0
20120509 6 7 3 2 5 3
20120509 7 1 5 9 1 4
20120509 8 5 3 1 4 3
20120509 9 1 9 4 1 6
20120509 10 3 7 1 3 5
20120509 11 5 2 4 4 2
20120510 1 4 1 3 0 0
20120510 2 5 2 3 0 0
20120510 3 4 7 6 0 0
20120510 4 2 1 7 0 0
20120510 5 2 5 3 0 0
20120510 6 2 4 9 2 4
20120510 7 7 1 6 5 1
20120510 8 9 5 2 6 4
20120510 9 2 9 7 2 6
20120510 10 7 1 3 5 1
20120510 11 1 2 8 1 2
20120514 1 2 1 7 0 0
20120514 2 4 1 5 0 0
20120514 3 1 4 3 0 0
20120514 4 3 2 7 0 0
20120514 5 7 1 5 0 0
20120514 6 4 2 5 4 2
20120514 7 1 9 5 1 6
20120514 8 5 3 8 4 3
20120514 9 2 3 5 2 3
20120514 10 3 7 9 3 5
20120514 11 1 8 7 1 6
20120515 1 3 4 1 0 0
20120515 2 5 2 3 0 0
20120515 3 7 3 2 0 0
20120515 4 5 1 6 0 0
20120515 5 1 2 6 0 0
20120515 6 3 8 6 3 6
20120515 7 3 2 1 3 2
20120515 8 7 9 1 5 6
20120515 9 3 1 9 3 1
20120515 10 9 2 4 6 2
20120515 11 1 5 7 1 4
20120516 1 7 5 2 0 0
20120516 2 3 5 7 0 0
20120516 3 5 7 4 0 0
20120516 4 1 5 3 0 0
20120516 5 2 1 3 0 0
20120516 6 1 4 9 1 4
20120516 7 3 9 5 3 6
20120516 8 3 7 9 3 5
20120516 9 3 5 1 3 4
20120516 10 2 1 8 2 1
20120516 11 1 5 3 1 4
20120523 1 2 1 9 2 1
20120523 2 1 2 5 1 2
20120523 3 5 3 7 4 3
20120523 4 7 8 9 5 6
20120523 5 3 1 5 3 1
20120523 6 7 5 1 5 4
20120523 7 7 9 3 5 6
20120523 8 1 9 5 1 6
20120523 9 2 3 8 2 3
20120523 10 4 7 1 4 5
20120523 11 1 5 7 1 4
20120523 12 3 5 7 3 4
20120524 1 5 1 9 4 1
20120524 2 5 7 1 4 5
20120524 3 2 5 6 2 4
20120524 4 3 1 2 3 1
20120524 5 2 1 3 2 1
20120524 6 2 7 9 2 5
20120524 7 6 3 9 5 3
20120524 8 1 4 8 1 4
20120524 9 3 4 7 3 4
20120524 10 3 4 7 3 4
20120524 11 1 3 4 1 3
20120524 12 1 5 7 1 4
20120525 1 9 2 7 6 2
20120525 2 1 4 2 1 4
20120525 3 7 9 1 5 6
20120525 4 9 2 1 6 2
20120525 5 2 3 8 2 3
20120525 6 2 8 6 2 6
20120525 7 1 3 2 1 3
20120525 8 9 7 4 6 5
20120525 9 1 8 7 1 6
20120525 10 6 1 9 5 1
20120525 11 5 2 1 4 2
20120525 12 3 9 7 3 6
20120531 1 5 1 2 0 0
20120531 2 4 2 3 0 0
20120531 3 4 3 1 0 0
20120531 4 1 7 3 0 0
20120531 5 1 2 4 0 0
20120531 6 5 3 2 4 3
20120531 7 9 2 5 6 2
20120531 8 7 1 3 5 1
20120531 9 1 7 5 1 5
20120531 10 3 5 7 3 4
20120531 11 1 5 2 1 4
20120601 1 7 5 3 0 0
20120601 2 5 3 2 0 0
20120601 3 4 7 2 0 0
20120601 4 3 1 5 0 0
20120601 5 2 3 7 0 0
20120601 6 2 6 5 2 5
20120601 7 9 5 4 6 4
20120601 8 7 2 4 5 2
20120601 9 5 2 3 4 2
20120601 10 3 1 2 3 1
20120601 11 3 9 5 3 6
20120602 1 4 1 2 0 0
20120602 2 3 7 6 0 0
20120602 3 7 3 4 0 0
20120602 4 5 1 4 0 0
20120602 5 5 2 1 0 0
20120602 6 3 5 6 3 5
20120602 7 3 7 2 3 5
20120602 8 5 2 3 4 2
20120602 9 5 3 1 4 3
20120602 10 3 4 2 3 4
20120602 11 4 3 5 4 3
20120611 1 1 4 3 1 4
20120611 2 2 5 7 2 4
20120611 3 1 9 7 1 6
20120611 4 5 1 2 4 1
20120611 5 2 5 1 2 4
20120611 6 9 3 4 6 3
20120611 7 1 7 3 1 5
20120611 8 9 2 7 6 2
20120611 9 7 5 2 5 4
20120611 10 2 7 5 2 5
20120611 11 9 2 4 6 2
20120611 12 8 1 5 6 1
20120612 1 9 2 4 6 2
20120612 2 3 2 1 3 2
20120612 3 7 1 5 5 1
20120612 4 3 4 9 3 4
20120612 5 1 2 8 1 2
20120612 6 1 9 8 1 6
20120612 7 1 9 5 1 6
20120612 8 9 3 7 6 3
20120612 9 1 8 5 1 6
20120612 10 3 5 1 3 4
20120612 11 9 3 4 6 3
20120612 12 3 4 9 3 4
20120613 1 5 2 1 4 2
20120613 2 2 7 3 2 5
20120613 3 5 9 1 4 6
20120613 4 9 5 2 6 4
20120613 5 5 3 6 4 3
20120613 6 2 1 5 2 1
20120613 7 9 8 1 6 6
20120613 8 7 2 3 5 2
20120613 9 8 3 9 6 3
20120613 10 7 1 8 5 1
20120613 11 2 3 1 2 3
20120613 12 5 3 2 4 3
20120618 1 4 1 5 0 0
20120618 2 4 7 1 0 0
20120618 3 7 3 5 0 0
20120618 4 2 7 3 0 0
20120618 5 4 2 5 0 0
20120618 6 3 9 4 3 6
20120618 7 9 3 1 6 3
20120618 8 1 7 8 1 5
20120618 9 7 1 9 5 1
20120618 10 9 2 7 6 2
20120618 11 1 6 7 1 5
20120619 1 5 7 4 0 0
20120619 2 3 4 1 0 0
20120619 3 3 6 5 0 0
20120619 4 7 3 2 0 0
20120619 5 1 5 2 0 0
20120619 6 8 4 1 6 4
20120619 7 1 5 7 1 4
20120619 8 9 1 3 6 1
20120619 9 1 5 9 1 4
20120619 10 7 6 3 5 5
20120619 11 7 8 1 5 6
20120620 1 5 4 2 0 0
20120620 2 3 4 2 0 0
20120620 3 7 5 2 0 0
20120620 4 1 4 6 0 0
20120620 5 6 3 1 0 0
20120620 6 1 7 8 1 5
20120620 7 8 2 4 6 2
20120620 8 7 9 2 5 6
20120620 9 2 9 3 2 6
20120620 10 2 9 8 2 6
20120620 11 3 9 4 3 6
20120728 1 1 7 9 1 5
20120728 2 7 3 4 5 3
20120728 3 3 5 2 3 4
20120728 4 2 9 4 2 6
20120728 5 1 7 9 1 5
20120728 6 9 4 8 6 4
20120728 7 1 3 9 1 3
20120728 8 6 1 3 5 1
20120728 9 5 1 2 4 1
20120728 10 3 9 1 3 6
20120728 11 1 2 5 1 2
20120729 1 4 3 8 4 3
20120729 2 7 3 5 5 3
20120729 3 8 2 5 6 2
20120729 4 5 4 7 4 4
20120729 5 5 3 4 4 3
20120729 6 2 3 9 2 3
20120729 7 5 1 7 4 1
20120729 8 1 2 8 1 2
20120729 9 1 9 7 1 6
20120729 10 2 9 3 2 6
20120729 11 5 9 4 4 6
20120730 1 3 8 5 3 6
20120730 2 2 4 7 2 4
20120730 3 7 9 3 5 6
20120730 4 3 9 6 3 6
20120730 5 3 7 9 3 5
20120730 6 9 2 5 6 2
20120730 7 2 7 9 2 5
20120730 8 4 9 1 4 6
20120730 9 5 2 9 4 2
20120730 10 2 5 3 2 4
20120730 11 1 3 7 1 3
20120731 1 1 7 2 1 5
20120731 2 4 1 3 4 1
20120731 3 5 3 9 4 3
20120731 4 3 9 4 3 6
20120731 5 4 3 8 4 3
20120731 6 1 2 7 1 2
20120731 7 7 4 3 5 4
20120731 8 3 6 1 3 5
20120731 9 2 7 3 2 5
20120731 10 2 9 8 2 6
20120731 11 2 8 4 2 6
20120823 1 6 1 4 0 0
20120823 2 2 7 3 0 0
20120823 3 1 3 6 0 0
20120823 4 1 4 5 0 0
20120823 5 5 7 4 0 0
20120823 6 7 5 9 5 4
20120823 7 2 3 8 2 3
20120823 8 8 1 9 6 1
20120823 9 1 4 7 1 4
20120823 10 9 1 7 6 1
20120823 11 1 7 5 1 5
20120824 1 5 4 6 0 0
20120824 2 7 1 2 0 0
20120824 3 3 1 7 0 0
20120824 4 3 5 2 0 0
20120824 5 1 3 7 0 0
20120824 6 2 7 5 2 5
20120824 7 1 2 9 1 2
20120824 8 1 3 4 1 3
20120824 9 5 1 7 4 1
20120824 10 5 1 7 4 1
20120824 11 7 1 3 5 1
20120825 1 2 1 6 0 0
20120825 2 1 4 2 0 0
20120825 3 2 4 6 0 0
20120825 4 6 1 4 0 0
20120825 5 3 1 7 0 0
20120825 6 7 9 3 5 6
20120825 7 2 1 6 2 1
20120825 8 4 1 9 4 1
20120825 9 2 3 7 2 3
20120825 10 5 7 6 4 5
20120825 11 2 3 9 2 3
20120830 1 5 2 7 0 0
20120830 2 5 7 3 0 0
20120830 3 3 2 5 0 0
20120830 4 4 2 1 0 0
20120830 5 2 1 4 0 0
20120830 6 5 3 8 4 3
20120830 7 1 8 3 1 6
20120830 8 2 5 7 2 4
20120830 9 5 3 9 4 3
20120830 10 9 7 4 6 5
20120830 11 1 2 9 1 2
20120831 1 5 7 3 0 0
20120831 2 4 3 2 0 0
20120831 3 5 1 4 0 0
20120831 4 3 7 1 0 0
20120831 5 2 4 3 0 0
20120831 6 2 6 9 2 5
20120831 7 3 9 1 3 6
20120831 8 1 7 6 1 5
20120831 9 5 9 7 4 6
20120831 10 3 1 9 3 1
20120831 11 7 3 4 5 3
20120901 1 7 5 4 0 0
20120901 2 3 1 2 0 0
20120901 3 5 7 6 0 0
20120901 4 4 1 5 0 0
20120901 5 2 3 1 0 0
20120901 6 5 1 3 4 1
20120901 7 7 3 1 5 3
20120901 8 3 7 6 3 5
20120901 9 2 5 9 2 4
20120901 10 3 1 7 3 1
20120901 11 8 6 9 6 5
20120910 1 1 4 5 0 0
20120910 2 2 5 1 0 0
20120910 3 3 5 7 0 0
20120910 4 4 5 1 0 0
20120910 5 5 2 7 0 0
20120910 6 0 0 0 4 4
20120910 7 2 3 9 2 3
20120910 8 9 3 6 6 3
20120910 9 7 1 9 5 1
20120910 10 9 5 1 6 4
20120910 11 2 1 3 2 1
20120911 1 2 1 3 0 0
20120911 2 2 7 1 0 0
20120911 3 3 7 2 0 0
20120911 4 5 2 4 0 0
20120911 5 3 2 1 0 0
20120911 6 2 3 1 2 3
20120911 7 9 7 2 6 5
20120911 8 1 9 4 1 6
20120911 9 5 2 7 4 2
20120911 10 3 5 4 3 4
20120911 11 3 7 1 3 5
20120912 1 5 7 3 0 0
20120912 2 4 5 1 0 0
20120912 3 3 4 7 0 0
20120912 4 7 4 6 0 0
20120912 5 1 4 5 0 0
20120912 6 7 3 4 5 3
20120912 7 7 1 5 5 1
20120912 8 7 2 3 5 2
20120912 9 7 3 2 5 3
20120912 10 1 7 3 1 5
20120912 11 2 1 7 2 1
20120919 1 2 5 9 2 4
20120919 2 2 7 5 2 5
20120919 3 3 9 5 3 6
20120919 4 1 3 8 1 3
20120919 5 9 2 6 6 2
20120919 6 7 1 5 5 1
20120919 7 1 5 9 1 4
20120919 8 5 8 3 4 6
20120919 9 2 5 8 2 4
20120919 10 7 1 8 5 1
20120919 11 6 2 8 5 2
20120920 1 3 6 2 3 5
20120920 2 1 2 5 1 2
20120920 3 5 3 2 4 3
20120920 4 7 3 5 5 3
20120920 5 9 2 4 6 2
20120920 6 9 5 1 6 4
20120920 7 1 9 2 1 6
20120920 8 1 9 4 1 6
20120920 9 7 1 8 5 1
20120920 10 9 2 5 6 2
20120920 11 1 3 5 1 3
20120921 1 1 5 4 1 5
20120921 2 1 3 7 1 3
20120921 3 3 1 5 3 1
20120921 4 7 4 8 5 4
20120921 5 5 1 7 4 1
20120921 6 7 1 4 5 1
20120921 7 7 3 6 5 3
20120921 8 3 5 7 3 4
20120921 9 1 3 5 1 3
20120921 10 2 9 5 2 6
20120921 11 3 1 8 3 1
20121010 1 2 9 1 2 6
20121010 2 7 9 2 5 6
20121010 3 9 2 5 6 2
20121010 4 7 1 5 5 1
20121010 5 7 3 8 5 3
20121010 6 6 3 8 5 3
20121010 7 2 5 9 2 4
20121010 8 3 5 1 3 4
20121010 9 5 1 9 4 1
20121010 10 5 9 1 4 6
20121010 11 6 9 7 5 6
20121011 1 9 3 8 6 3
20121011 2 7 5 3 5 4
20121011 3 7 3 5 5 3
20121011 4 3 1 7 3 1
20121011 5 9 1 3 6 1
20121011 6 7 3 1 5 3
20121011 7 7 5 3 5 4
20121011 8 5 3 7 4 3
20121011 9 9 1 7 6 1
20121011 10 3 5 9 3 4
20121011 11 5 7 4 4 5
20121012 1 8 2 4 6 2
20121012 2 7 3 2 5 3
20121012 3 3 1 4 3 1
20121012 4 1 4 2 1 4
20121012 5 3 7 8 3 5
20121012 6 2 5 9 2 4
20121012 7 3 5 2 3 4
20121012 8 3 1 7 3 1
20121012 9 2 7 9 2 5
20121012 10 2 4 7 2 4
20121012 11 3 1 9 3 1
20121022 1 1 7 3 0 0
20121022 2 2 1 4 0 0
20121022 3 3 5 7 0 0
20121022 4 5 1 4 0 0
20121022 5 5 2 7 0 0
20121022 6 7 1 8 5 1
20121022 7 2 9 1 2 6
20121022 8 1 5 3 1 4
20121022 9 9 2 7 6 2
20121022 10 1 5 2 1 4
20121022 11 5 7 4 4 5
20121023 1 4 1 3 0 0
20121023 2 3 1 5 0 0
20121023 3 2 3 5 0 0
20121023 4 5 3 7 0 0
20121023 5 1 2 3 0 0
20121023 6 4 7 9 4 5
20121023 7 1 9 2 1 6
20121023 8 9 6 4 6 5
20121023 9 1 2 7 1 2
20121023 10 2 1 5 2 1
20121023 11 1 8 4 1 6
20121024 1 3 1 5 0 0
20121024 2 5 3 7 0 0
20121024 3 1 2 3 0 0
20121024 4 1 3 7 0 0
20121024 5 2 3 1 0 0
20121024 6 2 4 3 2 4
20121024 7 5 7 9 4 5
20121024 8 2 6 7 2 5
20121024 9 2 9 8 0 0
20121024 10 1 7 9 1 5
20121024 11 7 1 9 5 1
20121123 1 2 5 7 0 0
20121123 2 2 7 3 0 0
20121123 3 3 7 4 0 0
20121123 4 4 5 1 0 0
20121123 5 5 2 1 0 0
20121123 6 5 2 1 4 2
20121123 7 2 1 5 2 1
20121123 8 1 5 9 1 4
20121123 9 4 1 3 4 1
20121123 10 2 7 8 2 5
20121123 11 5 3 2 4 3
20121124 1 4 5 6 0 0
20121124 2 5 3 2 0 0
20121124 3 4 1 2 0 0
20121124 4 2 4 6 0 0
20121124 5 1 4 2 0 0
20121124 6 2 3 4 2 3
20121124 7 9 5 1 6 4
20121124 8 9 3 8 6 3
20121124 9 9 5 1 6 4
20121124 10 7 3 9 5 3
20121124 11 5 7 2 4 5
20121125 1 5 6 4 0 0
20121125 2 5 4 3 0 0
20121125 3 2 4 5 0 0
20121125 4 7 1 2 0 0
20121125 5 4 7 2 0 0
20121125 6 1 3 7 1 3
20121125 7 9 3 1 6 3
20121125 8 9 7 2 6 5
20121125 9 4 2 1 4 2
20121125 10 1 3 5 1 3
20121125 11 8 2 6 6 2
20121205 1 5 3 1 4 3
20121205 2 6 1 8 5 1
20121205 3 1 7 5 1 5
20121205 4 2 7 4 2 5
20121205 5 2 7 5 2 5
20121205 6 3 7 9 3 5
20121205 7 2 1 5 2 1
20121205 8 8 5 3 6 4
20121205 9 9 2 6 6 2
20121205 10 5 1 2 4 1
20121205 11 9 2 4 6 2
20121206 1 9 3 1 6 3
20121206 2 9 3 7 6 3
20121206 3 3 7 2 3 5
20121206 4 1 7 9 1 5
20121206 5 3 2 1 3 2
20121206 6 3 4 7 3 4
20121207 1 9 2 4 6 2
20121207 2 2 1 4 2 1
20121207 3 1 5 3 1 4
20121207 4 9 3 2 6 3
20121207 5 3 1 6 3 1
20121207 6 2 7 1 2 5
20121207 7 9 3 7 6 3
20121207 8 9 2 3 6 2
20121207 9 5 1 6 4 1
20121207 10 2 5 3 2 4
20121207 11 9 5 4 6 4
20130315 1 2 7 5 0 0
20130315 2 3 1 7 0 0
20130315 3 1 4 2 0 0
20130315 4 5 7 1 0 0
20130315 5 5 1 2 0 0
20130315 6 1 3 6 1 3
20130315 7 9 3 1 6 3
20130315 8 4 3 7 4 3
20130315 9 3 7 2 3 5
20130315 10 9 2 6 6 2
20130315 11 2 9 4 2 6
20130316 1 2 5 4 0 0
20130316 2 7 3 5 0 0
20130316 3 2 4 5 0 0
20130316 4 5 3 7 0 0
20130316 5 4 1 7 0 0
20130316 6 9 8 5 6 6
20130316 7 4 1 3 4 1
20130316 8 2 6 8 2 5
20130316 9 3 5 1 3 4
20130316 10 9 2 8 6 2
20130316 11 2 7 1 2 5
20130317 1 3 5 4 0 0
20130317 2 5 7 3 0 0
20130317 3 5 6 1 0 0
20130317 4 2 4 5 0 0
20130317 5 3 6 2 0 0
20130317 6 2 7 8 2 5
20130317 7 6 2 7 5 2
20130317 8 1 2 7 1 2
20130317 9 2 5 3 2 4
20130317 10 1 5 9 1 4
20130317 11 7 5 3 5 4
20130329 1 4 1 5 0 0
20130329 2 7 4 2 0 0
20130329 3 7 2 4 0 0
20130329 4 3 4 1 0 0
20130329 5 2 1 3 0 0
20130329 6 9 2 7 6 2
20130329 7 7 2 9 5 2
20130329 8 5 2 3 4 2
20130329 9 9 3 7 6 3
20130329 10 5 7 2 4 5
20130329 11 3 1 7 3 1
20130330 1 4 3 1 0 0
20130330 2 1 3 5 0 0
20130330 3 1 5 2 0 0
20130330 4 4 2 3 0 0
20130330 5 2 5 3 0 0
20130330 6 0 0 0 5 4
20130330 7 3 9 5 3 6
20130330 8 9 4 2 6 4
20130330 9 9 1 3 6 1
20130330 10 8 3 1 6 3
20130330 11 5 1 7 4 1
20130331 1 5 2 7 0 0
20130331 2 2 1 3 0 0
20130331 3 4 2 5 0 0
20130331 4 2 7 3 0 0
20130331 5 7 5 1 0 0
20130331 6 1 3 5 1 3
20130331 7 1 8 2 1 6
20130331 8 2 4 7 2 4
20130331 9 2 8 6 2 6
20130331 10 8 4 6 6 4
20130331 11 2 4 3 2 4
20130407 1 3 5 4 0 0
20130407 2 2 1 5 0 0
20130407 3 7 2 4 0 0
20130407 4 1 7 4 0 0
20130407 5 5 7 1 0 0
20130407 6 3 8 9 3 6
20130407 7 9 7 1 6 5
20130407 8 3 1 7 3 1
20130407 9 1 3 5 1 3
20130407 10 7 3 4 5 3
20130408 1 7 1 3 0 0
20130408 2 4 2 3 0 0
20130408 3 3 5 4 0 0
20130408 4 2 3 7 0 0
20130408 5 3 1 4 0 0
20130408 6 2 5 1 2 4
20130408 7 3 7 9 3 5
20130408 8 1 2 7 1 2
20130408 9 5 2 1 4 2
20130408 10 1 7 3 1 5
20130409 1 3 2 4 0 0
20130409 2 4 7 1 0 0
20130409 3 4 3 7 0 0
20130409 4 6 3 5 0 0
20130409 5 9 2 5 6 2
20130409 6 4 2 9 4 2
20130409 7 5 4 7 0 0
20130409 8 2 5 7 2 4
20130409 9 1 5 2 1 4
20130409 10 1 8 6 1 6
20130426 1 5 1 8 4 1
20130426 2 2 7 5 2 5
20130426 3 1 5 2 1 4
20130426 4 4 9 7 4 6
20130426 5 1 8 5 1 6
20130426 6 2 3 9 2 3
20130426 7 8 7 9 6 5
20130426 8 2 1 9 2 1
20130426 9 2 5 9 2 4
20130426 10 3 5 9 3 4
20130426 11 3 7 2 3 5
20130426 12 1 7 2 1 5
20130427 1 2 5 9 2 4
20130427 2 3 4 1 3 4
20130427 3 5 3 9 4 3
20130427 4 4 7 2 4 5
20130427 5 9 2 3 6 2
20130427 6 7 5 9 5 4
20130427 7 9 5 2 6 4
20130427 8 1 3 4 1 3
20130427 9 2 1 9 2 1
20130427 10 1 5 6 1 4
20130427 11 9 8 5 6 6
20130427 12 5 4 6 4 4
20130428 1 2 3 9 2 3
20130428 2 9 2 3 6 2
20130428 3 2 4 5 2 4
20130428 4 1 5 9 1 4
20130428 5 2 6 4 2 5
20130428 6 3 4 1 3 4
20130428 7 5 3 4 4 3
20130428 8 5 7 4 4 5
20130428 9 1 5 2 1 4
20130428 10 7 6 4 5 5
20130428 11 3 5 1 3 4
20130428 12 2 1 3 2 1
20130429 1 3 7 8 3 5
20130429 2 2 5 9 2 4
20130429 3 1 2 5 1 2
20130429 4 4 9 3 4 6
20130429 5 1 6 9 1 5
20130429 6 2 3 1 2 3
20130429 7 3 1 7 3 1
20130429 8 5 1 8 4 1
20130429 9 7 9 5 5 6
20130429 10 2 4 1 2 4
20130429 11 3 2 7 3 2
20130507 1 4 5 3 0 0
20130507 2 1 4 2 0 0
20130507 3 7 5 3 0 0
20130507 4 1 4 5 0 0
20130507 5 5 7 2 0 0
20130507 6 9 5 3 6 4
20130507 7 9 5 2 6 4
20130507 8 7 2 9 5 2
20130507 9 9 5 2 6 4
20130507 10 2 1 9 2 1
20130508 1 7 3 5 0 0
20130508 2 5 7 2 0 0
20130508 3 2 4 6 0 0
20130508 4 1 5 6 0 0
20130508 5 3 2 5 0 0
20130508 6 8 5 7 6 4
20130508 7 5 9 3 4 6
20130508 8 5 1 2 4 1
20130508 9 2 9 8 2 6
20130508 10 1 7 8 1 5
20130509 1 7 2 4 0 0
20130509 2 4 7 6 0 0
20130509 3 4 3 1 0 0
20130509 4 3 5 7 0 0
20130509 5 1 4 2 1 4
20130509 6 7 2 8 5 2
20130509 7 5 6 2 0 0
20130509 8 7 9 1 5 6
20130509 9 7 9 3 5 6
20130509 10 1 5 3 1 4
20130513 1 3 4 7 3 4
20130513 2 1 2 5 1 2
20130513 3 2 9 3 2 6
20130513 4 5 1 3 4 1
20130513 5 2 1 3 2 1
20130513 6 2 9 1 2 6
20130513 7 5 3 2 4 3
20130513 8 5 9 3 4 6
20130513 9 5 2 8 4 2
20130513 10 2 9 5 2 6
20130513 11 6 9 3 5 6
20130514 1 9 2 7 6 2
20130514 2 1 9 6 1 6
20130514 3 7 1 4 5 1
20130514 4 3 7 2 3 5
20130514 5 3 9 2 3 6
20130514 6 2 1 7 2 1
20130514 7 3 7 9 3 5
20130514 8 4 9 5 4 6
20130514 9 2 3 6 2 3
20130514 10 1 2 9 1 2
20130514 11 4 5 2 4 4
20130515 1 3 1 5 3 1
20130515 2 2 9 8 2 6
20130515 3 5 8 2 4 6
20130515 4 2 7 1 2 5
20130515 5 2 7 5 2 5
20130515 6 1 9 2 1 6
20130515 7 9 3 1 6 3
20130515 8 1 7 6 1 5
20130515 9 7 5 4 5 4
20130515 10 3 8 6 3 6
20130515 11 7 3 4 5 3
20130523 1 7 5 4 0 0
20130523 2 2 5 6 0 0
20130523 3 5 4 3 0 0
20130523 4 2 3 1 0 0
20130523 5 7 2 4 0 0
20130523 6 2 1 7 2 1
20130523 7 3 9 1 3 6
20130523 8 3 2 4 3 2
20130523 9 8 3 1 6 3
20130523 10 2 9 5 2 6
20130524 1 4 5 6 0 0
20130524 2 2 7 1 0 0
20130524 3 2 5 3 0 0
20130524 4 1 4 5 0 0
20130524 5 2 1 4 0 0
20130524 6 1 4 2 1 4
20130524 7 7 9 3 5 6
20130524 8 3 7 4 3 5
20130524 9 3 5 8 3 4
20130524 10 1 9 2 1 6
20130525 1 4 1 5 0 0
20130525 2 5 1 4 0 0
20130525 3 7 3 1 0 0
20130525 4 7 4 3 0 0
20130525 5 7 1 5 5 1
20130525 6 8 4 6 6 4
20130525 7 3 2 5 0 0
20130525 8 6 2 7 5 2
20130525 9 7 3 2 5 3
20130525 10 9 2 4 6 2
20130627 1 3 1 2 0 0
20130627 2 2 4 1 0 0
20130627 3 5 2 3 0 0
20130627 4 3 7 1 0 0
20130627 5 2 7 3 0 0
20130627 6 5 1 7 4 1
20130627 7 2 9 5 2 6
20130627 8 5 3 9 4 3
20130627 9 1 5 4 1 4
20130627 10 8 1 3 6 1
20130628 1 1 6 3 0 0
20130628 2 7 4 6 0 0
20130628 3 4 6 2 0 0
20130628 4 1 7 2 0 0
20130628 5 4 3 2 0 0
20130628 6 7 5 3 5 4
20130628 7 1 7 3 1 5
20130628 8 2 4 9 2 4
20130628 9 5 3 1 4 3
20130628 10 3 1 7 3 1
20130629 1 3 4 1 0 0
20130629 2 7 3 4 0 0
20130629 3 4 3 6 0 0
20130629 4 7 4 5 0 0
20130629 5 5 7 1 4 5
20130629 6 2 7 1 2 5
20130629 7 1 7 3 0 0
20130629 8 3 2 6 3 2
20130629 9 7 5 1 5 4
20130629 10 5 7 2 4 5
20130709 1 4 7 5 0 0
20130709 2 5 3 7 0 0
20130709 3 7 5 2 0 0
20130709 4 3 7 1 0 0
20130709 5 1 4 3 0 0
20130709 6 0 0 0 5 4
20130709 7 9 6 3 6 5
20130709 8 7 8 9 5 6
20130709 9 2 3 7 2 3
20130709 10 3 9 5 3 6
20130710 1 1 2 7 0 0
20130710 2 5 3 4 0 0
20130710 3 2 7 3 0 0
20130710 4 2 4 1 0 0
20130710 5 4 5 2 0 0
20130710 6 5 9 2 4 6
20130710 7 1 3 2 1 3
20130710 8 5 2 4 4 2
20130710 9 7 1 3 5 1
20130710 10 4 3 9 4 3
20130711 1 1 3 7 0 0
20130711 2 2 7 5 0 0
20130711 3 5 7 2 0 0
20130711 4 1 7 3 0 0
20130711 5 9 1 3 6 1
20130711 6 3 7 1 3 5
20130711 7 1 3 4 0 0
20130711 8 8 5 6 6 4
20130711 9 7 1 6 5 1
20130711 10 5 3 2 4 3
20130716 1 3 8 2 3 6
20130716 2 3 6 5 3 5
20130716 3 2 9 6 2 6
20130716 4 7 3 2 5 3
20130716 5 1 9 7 1 6
20130716 6 4 3 1 4 3
20130716 7 8 3 9 6 3
20130716 8 9 7 2 6 5
20130716 9 1 7 2 1 5
20130716 10 5 1 8 4 1
20130716 11 3 9 8 3 6
20130717 1 9 5 8 6 4
20130717 2 9 2 5 6 2
20130717 3 9 1 2 6 1
20130717 4 2 9 1 2 6
20130717 5 3 7 5 3 5
20130717 6 4 9 5 4 6
20130717 7 4 2 8 4 2
20130717 8 7 5 1 5 4
20130717 9 9 1 2 6 1
20130717 10 7 4 3 5 4
20130717 11 5 3 8 4 3
20130718 1 2 3 1 2 3
20130718 2 7 3 2 5 3
20130718 3 3 5 9 3 4
20130718 4 7 3 4 5 3
20130718 5 3 5 4 3 4
20130718 6 7 2 1 6 2
20130718 7 2 5 4 2 5
20130718 8 5 9 3 4 6
20130718 9 3 1 4 3 1
20130718 10 3 5 4 3 4
20130718 11 3 2 4 3 2
20130807 1 9 2 6 6 2
20130807 2 3 7 1 3 5
20130807 3 1 9 3 1 6
20130807 4 2 9 1 2 6
20130807 5 3 9 7 3 6
20130807 6 8 1 5 6 1
20130807 7 1 7 2 1 5
20130807 8 9 1 5 6 1
20130807 9 7 2 5 5 2
20130807 10 1 3 5 1 3
20130807 11 1 6 8 1 5
20130808 1 8 2 1 6 2
20130808 2 2 7 1 2 5
20130808 3 1 7 2 1 5
20130808 4 3 2 7 3 2
20130808 5 9 7 3 6 5
20130808 6 7 3 2 5 3
20130808 7 9 2 4 6 2
20130808 8 5 3 7 4 3
20130808 9 2 8 1 2 6
20130808 10 1 3 7 1 3
20130808 11 3 5 4 3 4
20130809 1 7 1 2 5 1
20130809 2 7 3 2 5 3
20130809 3 1 7 3 1 5
20130809 4 1 9 3 1 6
20130809 5 5 2 7 4 2
20130809 6 1 5 7 1 4
20130809 7 9 2 8 6 2
20130809 8 3 7 9 3 5
20130809 9 3 9 7 3 6
20130809 10 1 5 3 1 4
20130809 11 1 5 3 1 4
20130821 1 3 7 4 0 0
20130821 2 5 2 1 0 0
20130821 3 4 7 1 0 0
20130821 4 2 5 7 0 0
20130821 5 3 1 5 0 0
20130821 6 2 9 1 2 6
20130821 7 0 0 0 4 5
20130821 8 7 3 9 5 3
20130821 9 2 5 3 2 4
20130821 10 9 3 5 6 3
20130822 1 2 3 5 0 0
20130822 2 7 2 4 0 0
20130822 3 4 5 6 0 0
20130822 4 3 2 1 0 0
20130822 5 3 1 6 0 0
20130822 6 7 1 8 5 1
20130822 7 9 8 2 6 6
20130822 8 5 3 1 4 3
20130822 9 1 2 3 1 2
20130822 10 3 5 6 3 4
20130823 1 3 2 4 0 0
20130823 2 7 2 1 0 0
20130823 3 7 2 3 0 0
20130823 4 3 2 4 0 0
20130823 5 7 3 2 5 3
20130823 6 7 3 1 5 3
20130823 7 7 2 1 0 0
20130823 8 5 1 4 4 1
20130823 9 5 1 7 4 1
20130823 10 6 3 9 5 3
20130829 1 2 3 4 0 0
20130829 2 5 1 7 0 0
20130829 3 3 4 1 0 0
20130829 4 7 5 4 0 0
20130829 5 4 1 5 0 0
20130829 6 1 7 3 1 5
20130829 7 2 9 5 2 6
20130829 8 7 1 5 5 1
20130829 9 8 3 2 6 3
20130829 10 2 7 8 2 5
20130830 1 2 5 6 0 0
20130830 2 5 1 2 0 0
20130830 3 4 1 5 0 0
20130830 4 1 2 5 0 0
20130830 5 7 1 3 0 0
20130830 6 1 9 3 1 6
20130830 7 7 2 3 5 2
20130830 8 9 2 5 6 2
20130830 9 2 9 1 2 6
20130830 10 9 2 1 6 2
20130831 1 1 4 5 0 0
20130831 2 1 2 4 0 0
20130831 3 5 3 6 0 0
20130831 4 3 2 1 0 0
20130831 5 5 2 9 4 2
20130831 6 9 3 4 6 3
20130831 7 2 4 5 0 0
20130831 8 1 7 3 1 5
20130831 9 2 1 7 2 1
20130831 10 1 4 3 1 4
20130907 1 3 8 5 3 6
20130907 2 1 2 9 1 2
20130907 3 2 6 4 2 5
20130907 4 9 2 1 6 2
20130907 5 1 7 8 1 5
20130907 6 9 6 2 6 5
20130907 7 1 4 7 1 4
20130907 8 9 3 2 6 3
20130907 9 3 5 9 3 4
20130907 10 1 5 3 1 4
20130907 11 9 2 3 6 2
20130908 1 1 7 3 1 5
20130908 2 3 7 2 3 5
20130908 3 1 6 2 1 5
20130908 4 9 2 3 6 2
20130908 5 4 7 5 4 5
20130908 6 1 9 6 1 6
20130908 7 2 3 6 2 3
20130908 8 2 9 4 2 6
20130908 9 1 7 9 1 5
20130908 10 3 1 9 3 1
20130908 11 5 9 4 4 6
20130909 1 5 1 6 4 1
20130909 2 5 8 6 4 6
20130909 3 2 7 6 2 5
20130909 4 9 1 7 6 1
20130909 5 7 3 8 5 3
20130909 6 9 2 1 6 2
20130909 7 1 5 9 1 4
20130909 8 9 3 5 6 3
20130909 9 1 5 3 1 4
20130909 10 6 9 2 5 6
20130909 11 6 2 4 5 2
20130917 1 1 2 5 0 0
20130917 2 2 3 7 0 0
20130917 3 1 4 7 0 0
20130917 4 3 5 2 0 0
20130917 5 1 5 7 0 0
20130917 6 3 1 9 3 1
20130917 7 8 3 2 6 3
20130917 8 2 9 5 2 6
20130917 9 8 3 7 6 3
20130917 10 2 5 8 2 4
20130918 1 7 2 5 0 0
20130918 2 7 1 4 0 0
20130918 3 2 1 6 0 0
20130918 4 1 4 2 0 0
20130918 5 3 7 4 0 0
20130918 6 4 3 1 4 3
20130918 7 5 9 3 4 6
20130918 8 3 5 2 3 4
20130918 9 1 2 3 1 2
20130918 10 6 2 9 5 2
20130919 1 4 3 6 0 0
20130919 2 5 3 7 0 0
20130919 3 3 5 6 0 0
20130919 4 0 0 0 0 0
20130919 5 3 7 4 3 5
20130919 6 9 1 7 6 1
20130919 7 4 3 7 0 0
20130919 8 1 5 2 1 4
20130919 9 1 5 2 1 4
20130919 10 3 4 6 3 4
20131114 1 5 2 1 0 0
20131114 2 5 1 7 0 0
20131114 3 1 4 5 0 0
20131114 4 4 7 3 0 0
20131114 5 2 5 4 0 0
20131114 6 7 3 2 5 3
20131114 7 1 9 2 1 6
20131114 8 2 3 7 2 3
20131114 9 9 7 2 6 5
20131114 10 1 9 3 1 6
20131115 1 5 1 3 0 0
20131115 2 4 7 2 0 0
20131115 3 3 6 5 0 0
20131115 4 1 3 4 0 0
20131115 5 2 4 1 0 0
20131115 6 8 2 7 6 2
20131115 7 4 6 3 4 5
20131115 8 9 2 3 6 2
20131115 9 7 4 1 5 4
20131115 10 5 1 3 4 1
20131116 1 3 1 5 0 0
20131116 2 3 2 1 0 0
20131116 3 2 5 6 0 0
20131116 4 1 3 7 0 0
20131116 5 5 8 2 5 6
20131116 6 9 2 4 6 2
20131116 7 1 4 2 0 0
20131116 8 1 4 3 1 4
20131116 9 9 2 7 6 2
20131116 10 4 7 9 4 5
20131119 1 1 3 5 1 3
20131119 2 1 5 9 1 4
20131119 3 2 9 4 2 6
20131119 4 3 7 8 3 5
20131119 5 7 1 9 5 1
20131119 6 9 2 4 6 2
20131119 7 1 7 9 1 5
20131119 8 1 6 9 1 5
20131119 9 9 7 8 6 5
20131119 10 9 1 2 6 1
20131119 11 2 1 7 2 1
20131120 1 2 5 3 2 4
20131120 2 9 2 8 6 2
20131120 3 6 5 8 5 4
20131120 4 1 9 2 1 6
20131120 5 3 2 8 3 2
20131120 6 9 8 1 6 6
20131120 7 3 9 4 3 6
20131120 8 5 2 3 4 2
20131120 9 2 7 8 2 5
20131120 10 9 3 1 6 3
20131120 11 5 1 4 4 1
20131121 1 5 2 4 4 2
20131121 2 9 2 4 6 2
20131121 3 8 6 4 6 5
20131121 4 7 2 6 5 2
20131121 5 7 2 6 5 2
20131121 6 7 6 4 6 5
20131121 7 1 2 7 1 2
20131121 8 1 9 8 1 6
20131121 9 1 5 9 1 4
20131121 10 7 3 5 5 3
20131121 11 5 6 3 4 5
20131205 1 5 2 4 0 0
20131205 2 2 3 4 0 0
20131205 3 4 3 7 0 0
20131205 4 4 5 1 0 0
20131205 5 7 5 2 0 0
20131205 6 9 2 1 6 2
20131205 7 3 9 8 3 6
20131205 8 5 3 6 4 3
20131205 9 9 2 4 6 2
20131205 10 4 2 6 4 2
20131206 1 5 1 4 0 0
20131206 2 6 5 7 0 0
20131206 3 4 2 7 0 0
20131206 4 7 2 3 0 0
20131206 5 3 4 2 0 0
20131206 6 4 3 1 4 3
20131206 7 1 5 9 1 4
20131206 8 9 2 3 6 2
20131206 9 7 3 5 5 3
20131206 10 1 2 3 1 2
20131207 1 4 5 2 0 0
20131207 2 5 1 3 0 0
20131207 3 7 2 4 0 0
20131207 4 7 4 2 0 0
20131207 5 4 1 5 4 1
20131207 6 1 4 6 1 4
20131207 7 1 2 5 0 0
20131207 8 9 3 7 6 3
20131207 9 8 7 3 6 5
20131207 10 8 2 4 6 2
20140315 1 2 3 6 2 3
20140315 2 2 5 9 2 4
20140315 3 3 9 7 3 6
20140315 4 9 1 5 6 1
20140315 5 5 4 2 4 4
20140315 6 2 7 5 2 5
20140315 7 9 2 4 6 2
20140315 8 3 9 5 3 6
20140315 9 9 7 3 6 5
20140315 10 7 1 4 5 1
20140315 11 9 1 8 6 1
20140316 1 7 3 2 5 3
20140316 2 3 5 7 3 4
20140316 3 4 7 8 4 5
20140316 4 2 3 7 2 3
20140316 5 3 5 1 3 4
20140316 6 7 1 5 5 1
20140316 7 5 9 7 4 6
20140316 8 2 5 1 2 4
20140316 9 9 7 2 6 5
20140316 10 2 9 1 2 6
20140316 11 4 9 6 4 6
20140317 1 7 5 1 5 4
20140317 2 1 2 8 1 2
20140317 3 1 2 4 1 2
20140317 4 3 6 9 3 5
20140317 5 3 4 7 3 4
20140317 6 3 7 5 3 5
20140317 7 5 2 8 4 2
20140317 8 1 3 5 1 3
20140317 9 3 4 2 3 4
20140317 10 5 1 7 4 1
20140317 11 3 6 5 3 5
20140328 1 5 2 4 0 0
20140328 2 5 3 6 0 0
20140328 3 3 1 2 0 0
20140328 4 7 6 4 0 0
20140328 5 3 5 7 0 0
20140328 6 1 7 9 1 5
20140328 7 5 2 9 4 2
20140328 8 7 9 4 5 6
20140328 9 3 7 8 3 5
20140328 10 8 4 7 6 4
20140329 1 4 3 5 0 0
20140329 2 2 4 1 0 0
20140329 3 4 7 2 0 0
20140329 4 7 3 4 0 0
20140329 5 5 6 1 0 0
20140329 6 5 3 6 5 3
20140329 7 3 5 8 3 5
20140329 8 5 2 7 4 2
20140329 9 9 4 2 6 4
20140329 10 1 5 7 1 4
20140330 1 5 2 6 0 0
20140330 2 7 2 1 0 0
20140330 3 3 4 5 0 0
20140330 4 2 4 7 0 0
20140330 5 2 4 3 2 4
20140330 6 7 8 4 6 6
20140330 7 2 7 5 0 0
20140330 8 2 9 7 2 6
20140330 9 9 4 2 6 4
20140330 10 9 5 1 6 4
20140404 1 1 7 4 0 0
20140404 2 1 2 4 0 0
20140404 3 3 2 4 0 0
20140404 4 4 7 5 0 0
20140404 5 5 3 6 0 0
20140404 6 5 9 8 4 6
20140404 7 1 9 7 1 6
20140404 8 3 7 2 3 5
20140404 9 1 9 6 1 6
20140404 10 1 2 6 1 2
20140405 1 4 3 1 0 0
20140405 2 7 4 2 0 0
20140405 3 2 4 5 0 0
20140405 4 7 5 3 0 0
20140405 5 1 5 2 0 0
20140405 6 3 5 1 3 4
20140405 7 4 2 7 4 2
20140405 8 1 7 5 1 5
20140405 9 9 1 2 6 1
20140405 10 5 3 7 4 3
20140406 1 1 6 3 0 0
20140406 2 3 2 4 0 0
20140406 3 5 3 6 0 0
20140406 4 4 7 5 0 0
20140406 5 9 1 7 6 1
20140406 6 1 3 9 1 3
20140406 7 5 4 3 0 0
20140406 8 4 5 6 4 4
20140406 9 3 7 9 3 5
20140406 10 4 3 5 4 3
20140409 1 9 3 7 6 3
20140409 2 7 2 3 5 2
20140409 3 5 3 1 4 3
20140409 4 3 7 2 3 5
20140409 5 9 3 8 6 3
20140409 6 9 3 4 6 3
20140409 7 5 7 1 4 5
20140409 8 6 3 4 5 3
20140409 9 2 7 9 2 5
20140409 10 5 2 9 4 2
20140409 11 7 5 2 5 4
20140410 1 3 9 2 3 6
20140410 2 3 7 1 3 5
20140410 3 3 1 7 3 1
20140410 4 4 2 7 4 2
20140410 5 8 3 1 6 3
20140410 6 3 8 7 3 6
20140410 7 7 2 4 5 2
20140410 8 3 2 1 3 2
20140410 9 2 9 1 2 6
20140410 10 5 1 3 4 1
20140410 11 8 1 2 6 1
20140411 1 1 7 5 1 5
20140411 2 7 3 1 5 3
20140411 3 9 5 1 6 4
20140411 4 5 3 9 4 3
20140411 5 7 3 5 5 3
20140411 6 2 3 8 2 3
20140411 7 8 2 5 6 2
20140411 8 3 7 2 3 5
20140411 9 5 3 1 4 3
20140411 10 5 7 3 4 5
20140411 11 9 1 2 6 1
20140424 1 1 5 3 0 0
20140424 2 5 2 4 0 0
20140424 3 4 3 5 0 0
20140424 4 4 7 5 0 0
20140424 5 5 1 6 0 0
20140424 6 3 7 1 3 5
20140424 7 7 1 2 5 1
20140424 8 2 5 1 2 4
20140424 9 2 7 1 2 5
20140424 10 6 5 1 5 4
20140425 1 5 4 7 0 0
20140425 2 3 5 1 0 0
20140425 3 1 4 3 0 0
20140425 4 7 5 3 0 0
20140425 5 4 7 2 0 0
20140425 6 4 7 2 4 5
20140425 7 6 8 3 5 6
20140425 8 2 1 9 2 1
20140425 9 3 9 2 3 6
20140425 10 2 9 8 2 6
20140426 1 3 5 4 0 0
20140426 2 1 3 5 0 0
20140426 3 1 5 2 0 0
20140426 4 5 2 4 0 0
20140426 5 9 5 1 6 4
20140426 6 3 5 9 3 4
20140426 7 5 4 3 0 0
20140426 8 5 9 3 4 6
20140426 9 1 2 7 1 2
20140426 10 1 8 4 1 6
20140516 1 1 7 6 0 0
20140516 2 4 7 2 0 0
20140516 3 4 2 5 0 0
20140516 4 4 2 3 0 0
20140516 5 5 1 6 0 0
20140516 6 1 4 2 1 4
20140516 7 1 7 5 1 5
20140516 8 7 9 3 5 6
20140516 9 1 5 3 1 4
20140516 10 2 1 7 2 1
20140517 1 5 2 4 0 0
20140517 2 4 7 2 0 0
20140517 3 1 3 4 0 0
20140517 4 2 3 7 0 0
20140517 5 3 1 5 0 0
20140517 6 5 3 7 0 0
20140517 7 7 2 3 5 2
20140517 8 1 5 4 1 4
20140517 9 5 4 2 4 4
20140517 10 1 7 5 1 5
20140518 1 6 3 1 0 0
20140518 2 4 6 2 0 0
20140518 3 4 1 3 0 0
20140518 4 3 7 4 0 0
20140518 5 7 1 3 5 1
20140518 6 5 1 9 4 1
20140518 7 2 1 6 0 0
20140518 8 3 2 5 3 2
20140518 9 2 9 1 2 6
20140518 10 5 1 7 4 1
20140602 1 3 8 9 3 6
20140602 2 7 3 2 5 3
20140602 3 3 5 1 3 4
20140602 4 1 2 6 1 2
20140602 5 5 3 2 4 3
20140602 6 3 2 9 3 2
20140602 7 3 7 2 3 5
20140602 8 9 5 4 6 4
20140602 9 2 8 5 2 6
20140602 10 1 4 9 1 4
20140602 11 7 1 4 5 1
20140603 1 5 1 3 4 1
20140603 2 5 1 4 4 1
20140603 3 1 9 2 1 6
20140603 4 3 9 2 3 6
20140603 5 5 3 1 4 3
20140603 6 3 5 2 3 4
20140603 7 5 1 3 4 1
20140603 8 3 9 2 3 6
20140603 9 3 9 4 3 6
20140603 10 3 5 2 3 4
20140603 11 1 5 4 1 4
20140604 1 3 7 1 3 6
20140604 2 9 7 3 6 5
20140604 3 4 9 3 4 6
20140604 4 5 1 2 4 1
20140604 5 3 7 1 3 5
20140604 6 9 1 4 6 1
20140604 7 7 3 9 5 3
20140604 8 2 3 4 2 3
20140604 9 3 9 5 3 6
20140604 10 3 7 2 3 5
20140604 11 3 1 7 3 1
20140607 1 5 3 6 0 0
20140607 2 2 4 5 0 0
20140607 3 5 3 1 0 0
20140607 4 4 3 7 0 0
20140607 5 5 3 7 0 0
20140607 6 1 5 2 1 4
20140607 7 3 7 9 3 5
20140607 8 5 1 3 4 1
20140607 9 9 2 6 6 2
20140607 10 4 9 1 4 6
20140608 1 3 4 5 0 0
20140608 2 2 7 1 0 0
20140608 3 3 2 6 0 0
20140608 4 1 5 4 0 0
20140608 5 7 2 6 0 0
20140608 6 2 7 8 2 5
20140608 7 1 5 2 1 4
20140608 8 2 1 3 2 1
20140608 9 9 5 7 6 4
20140608 10 1 5 7 1 4
20140609 1 1 4 6 0 0
20140609 2 6 4 1 0 0
20140609 3 4 1 7 0 0
20140609 4 5 1 6 0 0
20140609 5 3 2 5 3 2
20140609 6 3 9 7 3 6
20140609 7 2 4 1 0 0
20140609 8 3 6 1 3 5
20140609 9 7 1 8 5 1
20140609 10 7 9 8 5 6
20140619 1 1 2 7 0 0
20140619 2 2 7 5 0 0
20140619 3 3 1 7 0 0
20140619 4 3 7 2 0 0
20140619 5 5 3 7 0 0
20140619 6 1 9 2 1 6
20140619 7 6 3 5 5 3
20140619 8 1 2 7 1 2
20140619 9 3 7 5 3 5
20140619 10 8 4 1 6 4
20140620 1 5 7 6 0 0
20140620 2 1 2 3 0 0
20140620 3 7 3 1 0 0
20140620 4 3 4 1 0 0
20140620 5 4 2 5 0 0
20140620 6 9 7 1 6 5
20140620 7 5 9 1 4 6
20140620 8 3 4 9 3 4
20140620 9 1 3 2 1 3
20140620 10 5 1 9 4 1
20140621 1 2 3 4 0 0
20140621 2 4 3 2 0 0
20140621 3 4 7 1 0 0
20140621 4 7 5 6 0 0
20140621 5 7 1 9 5 1
20140621 6 8 7 3 6 5
20140621 7 2 3 4 0 0
20140621 8 5 6 3 4 5
20140621 9 7 1 8 5 1
20140621 10 9 3 1 6 3
20140710 1 9 1 5 6 1
20140710 2 2 5 9 2 4
20140710 3 7 4 2 5 4
20140710 4 3 9 4 3 6
20140710 5 5 1 9 4 1
20140710 6 5 2 4 4 2
20140710 7 2 8 5 2 6
20140710 8 9 1 3 6 1
20140710 9 1 8 2 1 6
20140710 10 8 4 1 6 4
20140710 11 2 9 5 2 6
20140710 12 5 1 3 4 1
20140711 1 5 7 2 5 6
20140711 2 7 1 4 5 1
20140711 3 5 4 3 4 4
20140711 4 3 9 8 3 6
20140711 5 2 3 4 2 3
20140711 6 9 7 1 6 5
20140711 7 3 5 4 3 4
20140711 8 9 3 1 6 3
20140711 9 5 7 6 4 5
20140711 10 3 9 1 3 6
20140711 11 1 2 9 1 2
20140711 12 7 5 2 5 4
20140712 1 4 3 1 0 0
20140712 2 2 5 3 2 5
20140712 3 2 5 3 2 5
20140712 4 7 2 9 5 2
20140712 5 7 2 8 5 2
20140712 6 2 9 4 2 6
20140712 7 9 3 7 6 3
20140712 8 3 8 5 3 6
20140712 9 2 5 3 2 4
20140712 10 5 7 9 4 5
20140712 11 1 5 7 1 4
20140712 12 6 9 5 5 6
20140713 1 5 1 9 4 1
20140713 2 2 7 4 2 5
20140713 3 9 6 1 6 5
20140713 4 3 7 2 3 5
20140713 5 1 5 2 1 4
20140713 6 9 1 4 6 1
20140713 7 5 2 9 4 2
20140713 8 9 2 3 6 2
20140713 9 7 2 5 5 2
20140713 10 5 3 4 4 3
20140713 11 2 5 8 2 4
20140825 1 9 2 4 6 2
20140825 2 3 7 4 3 5
20140825 3 5 2 1 4 2
20140825 4 1 7 3 1 5
20140825 5 9 3 7 6 3
20140825 6 3 5 8 3 4
20140825 7 7 2 1 5 2
20140825 8 1 7 8 1 5
20140825 9 7 3 2 5 3
20140825 10 3 9 2 3 6
20140825 11 6 3 9 5 3
20140826 1 3 7 1 3 5
20140826 2 9 5 1 6 4
20140826 3 7 3 2 5 3
20140826 4 9 1 5 6 1
20140826 5 3 1 9 3 1
20140826 6 9 1 5 6 1
20140826 7 7 1 8 5 1
20140826 8 9 5 7 6 4
20140826 9 5 2 6 4 2
20140826 10 3 7 5 3 5
20140826 11 2 3 9 2 3
20140827 1 2 3 7 2 3
20140827 2 3 7 5 3 5
20140827 3 1 7 9 1 5
20140827 4 3 2 6 3 2
20140827 5 9 3 1 6 3
20140827 6 1 2 6 1 2
20140827 7 7 1 3 5 1
20140827 8 7 4 2 5 4
20140827 9 5 2 8 4 2
20140827 10 2 6 7 2 5
20140827 11 4 5 1 4 4
20140905 1 1 2 4 0 0
20140905 2 7 2 3 0 0
20140905 3 3 7 2 0 0
20140905 4 4 1 2 0 0
20140905 5 5 7 1 0 0
20140905 6 9 6 3 6 5
20140905 7 1 3 5 1 3
20140905 8 2 7 3 2 5
20140905 9 3 7 1 3 5
20140905 10 2 7 8 2 5
20140906 1 2 4 3 0 0
20140906 2 4 3 1 0 0
20140906 3 1 4 2 0 0
20140906 4 5 6 3 0 0
20140906 5 3 7 2 0 0
20140906 6 3 5 1 3 4
20140906 7 7 3 2 5 3
20140906 8 2 7 5 2 5
20140906 9 1 7 8 1 5
20140906 10 1 3 8 1 3
20140907 1 2 5 1 0 0
20140907 2 5 1 4 0 0
20140907 3 5 2 7 0 0
20140907 4 2 4 5 0 0
20140907 5 1 8 7 1 6
20140907 6 3 2 9 3 2
20140907 7 4 5 6 0 0
20140907 8 4 9 1 4 6
20140907 9 1 5 6 1 4
20140907 10 3 2 4 3 2
20140916 1 1 2 7 0 0
20140916 2 7 4 1 0 0
20140916 3 3 5 6 0 0
20140916 4 4 1 5 0 0
20140916 5 3 5 1 0 0
20140916 6 9 3 4 6 3
20140916 7 8 3 1 6 3
20140916 8 2 5 8 2 4
20140916 9 1 9 5 1 6
20140916 10 5 7 4 4 5
20140917 1 1 7 5 0 0
20140917 2 1 6 4 0 0
20140917 3 7 5 3 0 0
20140917 4 2 7 5 0 0
20140917 5 4 1 3 0 0
20140917 6 0 0 0 6 4
20140917 7 8 6 1 6 5
20140917 8 5 1 9 4 1
20140917 9 5 1 6 4 1
20140917 10 7 5 9 5 4
20140918 1 7 1 4 0 0
20140918 2 7 5 1 0 0
20140918 3 7 3 1 0 0
20140918 4 7 3 4 0 0
20140918 5 5 1 8 4 1
20140918 6 9 7 2 6 5
20140918 7 3 5 7 0 0
20140918 8 3 5 7 3 4
20140918 9 2 7 1 2 5
20140918 10 1 4 8 1 4
20141015 1 4 1 2 4 1
20141015 2 3 9 1 3 6
20141015 3 1 8 5 1 6
20141015 4 9 7 2 6 5
20141015 5 5 1 7 4 1
20141015 6 8 3 7 6 3
20141015 7 7 8 5 5 6
20141015 8 1 9 3 1 6
20141015 9 9 7 3 6 5
20141015 10 1 3 7 1 3
20141015 11 9 1 5 6 1
20141016 1 8 5 1 6 4
20141016 2 9 3 1 6 3
20141016 3 7 2 3 5 2
20141016 4 3 6 1 3 5
20141016 5 2 9 1 2 6
20141016 6 7 9 2 5 6
20141016 7 9 4 1 6 4
20141016 8 9 6 5 6 5
20141016 9 2 9 4 2 6
20141016 10 3 9 7 3 6
20141016 11 1 9 5 1 6
20141017 1 3 5 8 3 4
20141017 2 9 5 1 6 4
20141017 3 5 6 2 4 5
20141017 4 1 7 9 1 5
20141017 5 6 9 3 5 6
20141017 6 7 1 5 6 1
20141017 7 1 2 7 1 2
20141017 8 9 7 1 6 5
20141017 9 6 1 2 5 1
20141017 10 2 5 9 2 4
20141017 11 3 7 2 3 5
20141030 1 4 1 3 0 0
20141030 2 4 7 2 0 0
20141030 3 3 1 7 0 0
20141030 4 1 4 7 0 0
20141030 5 5 3 1 0 0
20141030 6 2 3 9 2 3
20141030 7 1 8 2 1 6
20141030 8 2 4 9 2 4
20141030 9 2 9 1 2 6
20141030 10 9 1 2 6 1
20141031 1 2 1 3 0 0
20141031 2 2 4 7 0 0
20141031 3 3 6 4 0 0
20141031 4 4 5 1 0 0
20141031 5 1 3 7 0 0
20141031 6 7 2 1 5 2
20141031 7 1 9 4 1 6
20141031 8 7 4 6 5 4
20141031 9 9 2 5 6 2
20141031 10 7 1 4 5 1
20141101 1 6 2 3 0 0
20141101 2 6 1 2 0 0
20141101 3 1 5 2 0 0
20141101 4 4 2 6 0 0
20141101 5 1 3 7 1 3
20141101 6 3 1 8 3 1
20141101 7 3 7 1 0 0
20141101 8 2 5 1 2 4
20141101 9 5 2 3 4 2
20141101 10 2 9 7 2 6
20141117 1 3 1 2 3 1
20141117 2 7 5 1 5 4
20141117 3 3 1 5 3 1
20141117 4 3 5 9 3 4
20141117 5 7 2 3 5 2
20141117 6 7 2 5 5 2
20141117 7 2 7 1 2 5
20141117 8 7 1 2 5 1
20141117 9 7 5 3 5 4
20141117 10 9 1 7 6 1
20141117 11 1 3 8 1 3
20141118 1 2 9 4 2 6
20141118 2 4 3 7 4 3
20141118 3 7 3 2 5 3
20141118 4 8 2 5 6 2
20141118 5 9 7 5 6 5
20141118 6 3 9 7 3 6
20141118 7 5 4 1 4 4
20141118 8 9 1 7 6 1
20141118 9 5 3 1 4 3
20141118 10 1 7 9 1 5
20141118 11 2 7 1 2 5
20141119 1 4 2 3 4 2
20141119 2 3 1 5 3 1
20141119 3 9 2 6 6 2
20141119 4 5 2 3 4 2
20141119 5 5 7 1 4 5
20141119 6 7 5 4 5 4
20141119 7 3 1 4 3 1
20141119 8 6 3 7 5 3
20141119 9 1 6 2 1 5
20141119 10 7 5 4 5 4
20141119 11 6 9 8 5 6
20141203 1 2 5 3 0 0
20141203 2 5 3 2 0 0
20141203 3 3 2 4 0 0
20141203 4 4 2 5 0 0
20141203 5 4 5 1 0 0
20141203 6 7 4 2 5 4
20141203 7 4 1 8 0 0
20141203 8 9 1 5 0 0
20141203 9 9 3 4 6 3
20141203 10 2 5 8 2 4
20141204 1 5 7 2 0 0
20141204 2 3 4 1 0 0
20141204 3 4 2 5 0 0
20141204 4 7 4 5 0 0
20141204 5 5 2 1 0 0
20141204 6 4 2 1 4 2
20141204 7 5 1 7 4 1
20141204 8 7 5 9 5 4
20141204 9 5 7 3 4 5
20141204 10 1 5 4 1 4
20141205 1 2 4 7 0 0
20141205 2 4 2 1 0 0
20141205 3 2 4 3 0 0
20141205 4 5 2 7 0 0
20141205 5 7 2 1 5 2
20141205 6 9 3 1 6 3
20141205 7 2 6 3 0 0
20141205 8 4 2 6 4 2
20141205 9 2 9 5 2 6
20141205 10 7 1 5 5 1
20150314 1 7 3 5 0 0
20150314 2 7 2 5 0 0
20150314 3 3 2 1 0 0
20150314 4 4 5 3 0 0
20150314 5 5 1 2 0 0
20150314 6 9 3 2 6 3
20150314 7 5 9 2 4 6
20150314 8 3 7 1 3 5
20150314 9 8 7 4 6 5
20150314 10 7 4 9 5 4
20150315 1 1 5 4 0 0
20150315 2 7 4 1 0 0
20150315 3 5 1 2 0 0
20150315 4 1 4 6 0 0
20150315 5 1 2 4 0 0
20150315 6 3 4 8 3 4
20150315 7 7 3 9 5 3
20150315 8 3 6 9 3 5
20150315 9 9 3 4 6 3
20150315 10 9 1 2 6 1
20150316 1 6 1 7 0 0
20150316 2 7 2 5 0 0
20150316 3 2 1 7 0 0
20150316 4 3 4 2 0 0
20150316 5 1 4 5 1 4
20150316 6 1 9 5 1 6
20150316 7 5 2 3 0 0
20150316 8 2 3 9 2 3
20150316 9 2 1 5 2 1
20150316 10 5 2 4 4 2
20150329 1 9 2 7 6 2
20150329 2 6 2 7 5 2
20150329 3 9 5 3 6 4
20150329 4 5 2 9 4 2
20150329 5 9 1 3 6 1
20150329 6 4 2 3 4 2
20150329 7 9 2 4 6 2
20150329 8 3 1 9 3 1
20150329 9 8 1 5 6 1
20150329 10 7 3 5 5 3
20150329 11 1 3 8 1 3
20150330 1 5 1 2 4 1
20150330 2 1 2 8 1 2
20150330 3 8 5 3 6 4
20150330 4 9 1 2 6 1
20150330 5 7 1 5 5 1
20150330 6 1 5 3 1 4
20150330 7 5 4 8 4 4
20150330 8 3 4 5 3 4
20150330 9 4 9 2 4 6
20150330 10 2 5 4 2 4
20150330 11 3 9 7 3 6
20150331 1 5 9 1 4 6
20150331 2 2 6 1 2 5
20150331 3 6 9 3 5 6
20150331 4 3 6 2 3 5
20150331 5 1 7 8 1 5
20150331 6 3 7 4 3 5
20150331 7 3 8 4 3 6
20150331 8 9 2 5 6 2
20150331 9 7 9 5 5 6
20150331 10 7 4 3 5 4
20150331 11 1 7 9 1 5
20150406 1 3 8 6 3 6
20150406 2 1 5 3 1 4
20150406 3 3 1 5 3 1
20150406 4 9 2 5 6 2
20150406 5 1 7 8 1 5
20150406 6 5 1 7 4 1
20150406 7 3 2 9 3 2
20150406 8 7 1 5 5 1
20150406 9 8 1 6 6 1
20150406 10 7 4 9 5 4
20150406 11 2 7 8 2 5
20150407 1 2 4 1 2 4
20150407 2 7 9 3 5 6
20150407 3 2 1 7 2 1
20150407 4 1 8 7 1 6
20150407 5 4 3 1 4 3
20150407 6 7 5 3 5 4
20150407 7 3 7 8 3 6
20150407 8 7 4 3 6 4
20150407 9 7 3 1 5 3
20150407 10 4 3 9 4 3
20150407 11 1 7 6 1 5
20150408 1 6 7 2 5 5
20150408 2 3 9 2 3 6
20150408 3 1 7 2 1 5
20150408 4 7 5 8 5 4
20150408 5 2 4 5 2 4
20150408 6 4 5 1 4 5
20150408 7 4 7 2 4 6
20150408 8 5 3 1 4 3
20150408 9 3 5 2 3 4
20150408 10 9 3 7 6 3
20150408 11 5 9 4 4 6
20150505 1 7 4 1 0 0
20150505 2 1 5 2 0 0
20150505 3 3 5 7 0 0
20150505 4 4 7 5 0 0
20150505 5 5 1 2 0 0
20150505 6 7 3 4 5 3
20150505 7 5 7 1 4 5
20150505 8 9 5 2 6 4
20150505 9 5 1 7 4 1
20150505 10 5 2 4 4 2
20150506 1 1 5 3 0 0
20150506 2 2 1 4 0 0
20150506 3 4 1 3 0 0
20150506 4 3 4 7 0 0
20150506 5 5 2 7 0 0
20150506 6 2 5 6 2 4
20150506 7 1 9 4 1 6
20150506 8 1 3 7 1 3
20150506 9 5 1 3 4 1
20150506 10 2 5 7 2 4
20150507 1 1 4 5 0 0
20150507 2 4 1 5 0 0
20150507 3 3 2 7 0 0
20150507 4 1 4 5 0 0
20150507 5 2 7 9 2 5
20150507 6 1 2 6 1 2
20150507 7 1 3 6 0 0
20150507 8 3 7 1 3 5
20150507 9 1 2 5 1 2
20150507 10 7 2 1 5 2
20150610 1 3 1 5 3 1
20150610 2 7 5 3 5 4
20150610 3 2 5 3 2 4
20150610 4 5 9 1 4 6
20150610 5 5 1 9 4 1
20150610 6 7 8 9 5 6
20150610 7 1 5 6 1 4
20150610 8 5 3 7 4 3
20150610 9 9 3 4 6 3
20150610 10 7 9 5 5 6
20150610 11 2 7 6 2 5
20150611 1 6 2 3 5 2
20150611 2 9 7 3 6 5
20150611 3 3 5 7 3 4
20150611 4 3 9 2 3 6
20150611 5 5 1 8 4 1
20150611 6 1 7 8 1 5
20150611 7 3 4 9 3 4
20150611 8 1 2 8 1 2
20150611 9 8 7 3 6 5
20150611 10 5 2 7 4 2
20150611 11 5 1 7 4 1
20150612 1 4 2 8 4 2
20150612 2 5 2 9 4 2
20150612 3 1 9 2 1 6
20150612 4 2 1 3 2 1
20150612 5 2 4 7 2 4
20150612 6 5 4 7 4 4
20150612 7 9 1 7 6 1
20150612 8 4 3 7 4 3
20150612 9 5 2 6 4 2
20150612 10 3 7 4 3 5
20150612 11 2 9 7 2 6
20150626 1 2 7 4 0 0
20150626 2 2 5 3 0 0
20150626 3 3 5 1 0 0
20150626 4 4 5 1 0 0
20150626 5 5 4 7 0 0
20150626 6 2 1 7 2 1
20150626 7 7 3 9 5 3
20150626 8 7 3 1 5 3
20150626 9 5 6 1 4 5
20150626 10 3 6 7 3 5
20150627 1 4 1 5 0 0
20150627 2 5 7 2 0 0
20150627 3 4 5 1 0 0
20150627 4 1 7 4 0 0
20150627 5 5 6 3 0 0
20150627 6 1 5 7 1 4
20150627 7 2 5 9 2 4
20150627 8 1 7 9 1 5
20150627 9 3 2 9 3 2
20150627 10 5 2 7 4 2
20150628 1 1 4 7 0 0
20150628 2 7 3 2 0 0
20150628 3 5 1 2 0 0
20150628 4 3 4 7 0 0
20150628 5 3 8 9 3 6
20150628 6 7 2 4 5 2
20150628 7 7 1 3 0 0
20150628 8 4 1 2 4 1
20150628 9 2 7 9 2 5
20150628 10 9 3 2 6 3
20150714 1 5 2 8 4 2
20150714 2 3 7 5 3 5
20150714 3 1 7 5 1 5
20150714 4 5 1 3 4 1
20150714 5 3 2 5 3 2
20150714 6 7 2 1 5 2
20150714 7 2 9 5 2 6
20150714 8 1 3 8 1 3
20150714 9 8 1 2 6 1
20150714 10 1 8 9 1 6
20150714 11 2 5 9 2 4
20150715 1 3 5 9 3 4
20150715 2 7 2 1 5 2
20150715 3 2 5 7 2 4
20150715 4 9 1 5 6 1
20150715 5 5 7 2 4 5
20150715 6 7 1 6 5 1
20150715 7 7 1 2 5 1
20150715 8 3 1 8 3 1
20150715 9 7 1 5 5 1
20150715 10 3 8 9 3 6
20150715 11 1 6 5 1 5
20150716 1 7 1 8 5 1
20150716 2 4 8 1 4 6
20150716 3 2 1 3 2 1
20150716 4 7 5 3 5 4
20150716 5 1 9 5 1 6
20150716 6 3 5 9 3 4
20150716 7 2 5 9 2 4
20150716 8 1 7 4 1 5
20150716 9 7 2 5 5 2
20150716 10 6 4 9 5 4
20150716 11 9 1 6 6 1
