20121110 1 7 3 1 0 0
20121110 2 7 1 3 0 0
20121110 3 3 1 5 0 0
20121110 4 3 1 7 0 0
20121110 5 5 1 7 0 0
20121110 6 3 4 1 0 0
20121110 7 5 1 4 0 0
20121110 8 7 2 1 5 2
20121110 9 9 2 7 6 2
20121110 10 2 9 1 2 6
20121110 11 5 2 9 4 2
20121110 12 9 3 7 6 3
20121111 1 2 5 7 0 0
20121111 2 7 3 1 0 0
20121111 3 4 5 7 0 0
20121111 4 7 5 2 0 0
20121111 5 4 3 1 0 0
20121111 6 5 6 2 0 0
20121111 7 3 2 6 0 0
20121111 8 9 1 7 6 1
20121111 9 1 5 7 1 4
20121111 10 2 8 7 2 6
20121111 11 9 2 8 6 2
20121111 12 7 5 2 5 4
20121112 1 2 4 5 0 0
20121112 2 5 2 3 0 0
20121112 3 7 3 5 0 0
20121112 4 4 1 7 0 0
20121112 5 1 7 2 0 0
20121112 6 5 2 1 4 2
20121112 7 7 2 5 5 2
20121112 8 7 1 2 0 0
20121112 9 2 4 1 0 0
20121112 10 5 2 7 4 2
20121112 11 4 5 9 4 4
20121112 12 5 7 2 4 5
20121114 1 7 3 9 5 3
20121114 2 2 7 1 2 5
20121114 3 5 1 7 4 1
20121114 4 2 3 5 2 3
20121114 5 7 1 5 5 1
20121114 6 2 7 9 2 5
20121114 7 2 6 3 2 5
20121114 8 5 1 6 4 1
20121114 9 5 8 2 4 6
20121114 10 3 9 7 3 6
20121114 11 8 5 1 6 4
20121115 1 7 3 9 5 3
20121115 2 5 3 1 4 3
20121115 3 5 1 9 4 1
20121115 4 9 2 6 6 2
20121115 5 5 3 9 4 3
20121115 6 2 3 1 2 3
20121115 7 1 4 5 1 4
20121115 8 7 5 9 5 4
20121115 9 5 1 7 4 1
20121115 10 5 7 3 4 5
20121115 11 1 5 3 1 4
20121116 1 3 9 1 3 6
20121116 2 5 8 2 4 6
20121116 3 9 5 8 6 4
20121116 4 1 9 5 1 6
20121116 5 7 4 3 5 4
20121116 6 2 5 7 2 5
20121116 7 4 1 3 4 1
20121116 8 9 1 7 6 1
20121116 9 3 6 4 3 5
20121116 10 5 3 1 4 3
20121116 11 8 5 7 6 4
20121210 1 7 3 4 0 0
20121210 2 7 1 5 0 0
20121210 3 3 1 7 0 0
20121210 4 4 5 1 0 0
20121210 5 5 1 2 0 0
20121210 6 3 9 1 3 6
20121210 7 5 2 7 4 2
20121210 8 8 7 9 6 5
20121210 9 5 7 4 4 5
20121210 10 1 3 5 1 3
20121210 11 6 7 1 5 5
20121211 1 3 4 1 0 0
20121211 2 2 1 4 0 0
20121211 3 1 7 3 0 0
20121211 4 3 1 5 0 0
20121211 5 4 2 1 0 0
20121211 6 7 1 5 5 1
20121211 7 2 5 7 2 4
20121211 8 2 9 1 2 6
20121211 9 2 5 3 2 4
20121211 10 2 9 5 2 6
20121211 11 9 1 5 6 1
20121212 1 5 7 1 0 0
20121212 2 4 1 3 0 0
20121212 3 1 4 2 0 0
20121212 4 2 4 7 0 0
20121212 5 7 4 6 0 0
20121212 6 1 5 3 1 4
20121212 7 4 3 8 4 3
20121212 8 1 7 5 1 5
20121212 9 9 5 4 6 4
20121212 10 1 8 6 1 6
20121212 11 3 8 1 3 6
20130104 1 2 5 4 0 0
20130104 2 2 5 4 0 0
20130104 3 4 5 3 0 0
20130104 4 1 5 3 0 0
20130104 5 4 1 3 0 0
20130104 6 3 7 4 3 5
20130104 7 5 1 7 4 1
20130104 8 9 3 4 6 3
20130104 9 9 2 3 6 2
20130104 10 7 1 8 5 1
20130104 11 5 2 3 4 2
20130105 1 5 2 7 0 0
20130105 2 7 2 4 0 0
20130105 3 2 7 3 0 0
20130105 4 1 3 7 0 0
20130105 5 7 1 3 0 0
20130105 6 2 9 1 2 6
20130105 7 5 3 2 4 3
20130105 8 3 9 1 3 6
20130105 9 1 3 7 1 3
20130105 10 7 9 2 5 6
20130105 11 9 1 3 6 1
20130106 1 6 1 7 0 0
20130106 2 7 1 2 0 0
20130106 3 4 1 3 0 0
20130106 4 7 4 6 0 0
20130106 5 1 2 5 0 0
20130106 6 2 3 4 2 3
20130106 7 4 9 2 4 6
20130106 8 2 5 3 2 4
20130106 9 3 5 1 3 4
20130106 10 3 7 8 3 5
20130106 11 1 7 5 1 5
20130123 1 5 1 2 0 0
20130123 2 1 7 3 0 0
20130123 3 2 3 5 0 0
20130123 4 2 4 3 0 0
20130123 5 5 3 2 0 0
20130123 6 7 3 4 5 3
20130123 7 7 1 5 5 1
20130123 8 3 1 2 3 1
20130123 9 6 1 8 5 1
20130123 10 5 6 4 4 5
20130123 11 4 5 1 4 4
20130124 1 4 3 1 0 0
20130124 2 7 1 2 0 0
20130124 3 2 7 3 0 0
20130124 4 6 7 3 0 0
20130124 5 7 2 4 0 0
20130124 6 3 8 7 3 6
20130124 7 9 8 5 6 6
20130124 8 8 1 2 6 1
20130124 9 1 3 9 1 3
20130124 10 5 9 1 4 6
20130124 11 1 5 2 1 4
20130125 1 3 5 1 0 0
20130125 2 2 7 5 0 0
20130125 3 1 3 7 0 0
20130125 4 1 5 2 0 0
20130125 5 3 7 1 0 0
20130125 6 8 6 7 6 5
20130125 7 1 2 7 1 2
20130125 8 9 1 7 6 1
20130125 9 5 6 8 4 5
20130125 10 2 9 7 2 6
20130125 11 7 9 3 5 6
20130205 1 5 2 1 0 0
20130205 2 5 3 7 0 0
20130205 3 3 4 1 0 0
20130205 4 4 1 3 0 0
20130205 5 7 2 5 0 0
20130205 6 7 2 3 5 2
20130205 7 1 7 9 1 5
20130205 8 4 3 9 4 3
20130205 9 2 7 9 2 5
20130205 10 2 5 9 2 4
20130205 11 9 5 2 6 4
20130206 1 4 2 6 0 0
20130206 2 5 1 2 0 0
20130206 3 1 7 5 0 0
20130206 4 4 1 7 0 0
20130206 5 2 4 5 0 0
20130206 6 7 5 2 5 4
20130206 7 3 2 4 3 2
20130206 8 4 9 6 4 6
20130206 9 1 7 2 1 5
20130206 10 5 2 4 4 2
20130206 11 9 1 8 6 1
20130207 1 7 5 3 0 0
20130207 2 3 4 1 0 0
20130207 3 2 5 7 0 0
20130207 4 7 2 3 0 0
20130207 5 1 5 7 0 0
20130207 6 9 7 5 6 5
20130207 7 2 3 9 2 3
20130207 8 3 7 1 3 5
20130207 9 7 5 3 5 4
20130207 10 5 9 8 4 6
20130207 11 9 5 6 6 4
20130216 1 3 1 5 3 1
20130216 2 9 5 1 6 4
20130216 3 7 1 2 5 1
20130216 4 1 9 5 1 6
20130216 5 9 5 1 6 4
20130216 6 3 9 8 3 6
20130216 7 6 9 5 5 6
20130216 8 7 1 9 5 1
20130216 9 7 2 1 5 2
20130216 10 9 5 1 6 4
20130216 11 1 7 3 1 5
20130217 1 2 4 5 2 4
20130217 2 5 2 1 4 2
20130217 3 8 3 1 6 3
20130217 4 3 5 2 3 4
20130217 5 5 2 7 4 2
20130217 6 7 2 1 5 2
20130217 7 5 2 9 4 2
20130217 8 2 4 1 2 4
20130217 9 3 9 2 3 6
20130217 10 3 5 2 3 4
20130217 11 3 7 2 3 5
20130218 1 3 1 4 3 1
20130218 2 8 9 1 6 6
20130218 3 8 2 1 6 2
20130218 4 7 8 9 5 6
20130218 5 9 5 8 6 4
20130218 6 2 1 7 2 1
20130218 7 5 2 7 4 2
20130218 8 9 2 5 6 2
20130218 9 2 9 3 2 6
20130218 10 7 3 9 5 3
20130218 11 1 5 3 1 4
20130219 1 1 2 4 1 2
20130219 2 9 8 3 6 6
20130219 3 3 1 4 3 1
20130219 4 8 7 1 6 5
20130219 5 2 4 3 2 4
20130219 6 2 5 1 2 4
20130219 7 5 3 2 4 3
20130219 8 2 3 4 2 3
20130219 9 3 4 6 3 4
20130219 10 1 9 7 1 6
20130219 11 1 4 3 1 4
20130304 1 8 5 2 6 4
20130304 2 1 7 5 1 5
20130304 3 7 9 1 5 6
20130304 4 7 1 5 5 1
20130304 5 3 1 2 3 1
20130304 6 8 1 7 6 1
20130304 7 2 5 3 2 4
20130304 8 7 1 2 5 1
20130304 9 4 2 5 4 2
20130304 10 9 1 5 6 1
20130304 11 7 8 4 5 6
20130305 1 2 7 3 2 5
20130305 2 7 3 9 5 3
20130305 3 8 3 5 6 3
20130305 4 9 3 7 6 3
20130305 5 6 1 9 5 1
20130305 6 1 7 3 1 5
20130305 7 7 1 5 6 1
20130305 8 6 7 2 5 6
20130305 9 3 9 7 3 6
20130305 10 3 5 7 3 4
20130305 11 7 1 4 5 1
20130306 1 7 3 1 5 3
20130306 2 5 1 3 4 1
20130306 3 4 2 5 4 2
20130306 4 3 9 6 3 6
20130306 5 5 1 9 4 1
20130306 6 3 2 4 3 2
20130306 7 9 1 3 6 1
20130306 8 6 1 9 5 1
20130306 9 6 5 9 5 4
20130306 10 7 2 9 5 2
20130306 11 7 2 5 5 2
20130410 1 2 1 9 2 1
20130410 2 7 2 5 5 2
20130410 3 2 4 8 2 4
20130410 4 9 3 5 6 3
20130410 5 9 6 2 6 5
20130410 6 5 8 7 4 6
20130410 7 4 1 5 4 1
20130410 8 9 3 5 6 3
20130410 9 9 7 5 6 5
20130410 10 1 9 7 1 6
20130410 11 7 1 9 5 1
20130411 1 9 3 2 6 3
20130411 2 5 2 3 4 2
20130411 3 5 2 6 4 2
20130411 4 3 1 2 3 1
20130411 5 2 6 9 2 5
20130411 6 1 5 3 1 4
20130411 7 2 7 8 2 5
20130411 8 9 3 1 6 3
20130411 9 9 1 4 6 1
20130411 10 7 5 1 5 4
20130411 11 5 2 7 4 2
20130412 1 4 9 2 4 6
20130412 2 5 1 4 4 1
20130412 3 2 4 9 2 4
20130412 4 7 9 2 5 6
20130412 5 5 7 9 4 5
20130412 6 7 3 2 5 3
20130412 7 3 9 1 3 6
20130412 8 1 4 3 1 4
20130412 9 8 7 2 6 5
20130412 10 9 1 4 6 1
20130412 11 1 8 7 1 6
20130521 1 2 1 7 2 1
20130521 2 6 2 1 5 2
20130521 3 2 4 9 2 4
20130521 4 5 9 3 4 6
20130521 5 2 5 7 2 4
20130521 6 4 6 9 4 5
20130521 7 9 6 1 6 5
20130521 8 1 3 5 1 3
20130521 9 2 7 9 2 5
20130521 10 2 6 7 2 5
20130521 11 5 8 3 4 6
20130522 1 2 3 1 2 3
20130522 2 2 8 1 2 6
20130522 3 3 6 1 3 5
20130522 4 4 7 9 4 5
20130522 5 6 9 7 5 6
20130522 6 1 5 4 1 4
20130522 7 8 5 6 6 4
20130522 8 3 8 7 3 6
20130522 9 7 5 3 5 4
20130522 10 3 5 1 3 4
20130522 11 3 5 2 3 4
20130523 1 1 7 4 1 6
20130523 2 4 5 7 4 5
20130523 3 5 1 8 4 1
20130523 4 8 5 3 6 4
20130523 5 7 9 1 5 6
20130523 6 8 7 5 6 5
20130523 7 2 7 1 2 5
20130523 8 3 4 2 3 4
20130523 9 5 7 6 4 5
20130523 10 3 7 2 3 5
20130523 11 3 4 2 3 4
20130529 1 5 3 2 0 0
20130529 2 7 3 6 0 0
20130529 3 4 2 5 0 0
20130529 4 6 1 5 0 0
20130529 5 4 1 7 0 0
20130529 6 1 7 3 1 5
20130529 7 7 1 6 5 1
20130529 8 5 8 7 4 6
20130529 9 2 8 7 2 6
20130529 10 9 1 3 6 1
20130530 1 3 5 1 0 0
20130530 2 1 5 4 0 0
20130530 3 1 3 7 0 0
20130530 4 4 3 5 0 0
20130530 5 1 5 7 0 0
20130530 6 6 3 5 5 3
20130530 7 3 6 5 3 5
20130530 8 5 7 1 4 5
20130530 9 1 5 3 1 4
20130530 10 5 3 2 4 3
20130531 1 7 4 5 0 0
20130531 2 5 1 2 0 0
20130531 3 4 1 3 0 0
20130531 4 6 3 7 0 0
20130531 5 7 3 2 5 3
20130531 6 2 4 7 2 4
20130531 7 3 7 4 0 0
20130531 8 9 1 6 6 1
20130531 9 7 1 3 5 1
20130531 10 1 8 6 1 6
20130606 1 5 1 3 0 0
20130606 2 2 5 7 0 0
20130606 3 7 5 1 0 0
20130606 4 3 2 7 0 0
20130606 5 1 5 3 0 0
20130606 6 3 7 6 0 0
20130606 7 1 5 7 0 0
20130606 8 9 2 3 6 2
20130606 9 1 5 2 1 4
20130606 10 5 7 9 4 5
20130606 11 7 1 3 5 1
20130606 12 9 3 7 6 3
20130607 1 5 3 1 0 0
20130607 2 7 2 4 0 0
20130607 3 1 6 4 0 0
20130607 4 1 3 4 0 0
20130607 5 4 1 7 0 0
20130607 6 3 1 2 0 0
20130607 7 5 1 3 0 0
20130607 8 2 5 3 2 4
20130607 9 5 3 4 4 3
20130607 10 2 5 7 2 4
20130607 11 2 6 7 2 5
20130607 12 8 2 5 6 2
20130608 1 2 7 4 0 0
20130608 2 4 1 7 0 0
20130608 3 3 7 2 0 0
20130608 4 5 1 3 0 0
20130608 5 3 1 2 0 0
20130608 6 5 9 1 4 6
20130608 7 1 5 7 1 4
20130608 8 1 2 3 0 0
20130608 9 3 2 4 0 0
20130608 10 4 6 1 4 5
20130608 11 5 6 8 4 5
20130608 12 2 1 7 2 1
20130625 1 7 4 5 0 0
20130625 2 1 5 6 0 0
20130625 3 5 2 4 0 0
20130625 4 1 4 2 0 0
20130625 5 5 3 1 0 0
20130625 6 2 7 9 2 5
20130625 7 7 1 2 5 1
20130625 8 5 3 7 4 3
20130625 9 9 1 4 6 1
20130625 10 5 3 4 4 3
20130626 1 5 4 2 0 0
20130626 2 5 2 1 0 0
20130626 3 3 5 7 0 0
20130626 4 1 2 5 0 0
20130626 5 7 2 5 0 0
20130626 6 2 4 9 2 4
20130626 7 5 6 9 4 5
20130626 8 5 3 7 4 3
20130626 9 4 9 3 4 6
20130626 10 3 2 1 3 2
20130627 1 7 1 3 0 0
20130627 2 2 3 5 0 0
20130627 3 1 4 2 0 0
20130627 4 5 2 7 0 0
20130627 5 5 2 1 4 2
20130627 6 1 4 7 1 4
20130627 7 2 7 1 0 0
20130627 8 1 7 8 1 5
20130627 9 7 3 5 5 3
20130627 10 1 2 6 1 2
20130702 1 3 1 4 3 1
20130702 2 3 9 1 3 6
20130702 3 7 2 1 5 2
20130702 4 3 1 6 3 1
20130702 5 9 1 2 6 1
20130702 6 5 8 6 4 6
20130702 7 7 4 3 5 4
20130702 8 1 5 2 1 4
20130702 9 7 3 8 5 3
20130702 10 5 7 9 4 5
20130702 11 3 7 9 3 5
20130703 1 3 2 7 3 2
20130703 2 6 2 7 5 2
20130703 3 2 7 9 2 5
20130703 4 2 1 8 2 1
20130703 5 5 3 2 4 3
20130703 6 7 2 5 5 2
20130703 7 1 4 7 1 4
20130703 8 3 2 9 3 2
20130703 9 2 9 1 2 6
20130703 10 5 3 2 4 3
20130703 11 7 1 9 5 1
20130704 1 9 1 6 6 1
20130704 2 9 1 2 6 1
20130704 3 1 7 4 1 5
20130704 4 1 9 5 1 6
20130704 5 1 7 3 1 5
20130704 6 9 7 4 6 5
20130704 7 8 7 1 6 5
20130704 8 2 4 3 2 4
20130704 9 1 5 2 1 4
20130704 10 9 4 1 6 4
20130704 11 1 5 3 1 4
20130828 1 7 3 5 0 0
20130828 2 1 5 4 0 0
20130828 3 2 3 1 0 0
20130828 4 5 2 3 0 0
20130828 5 4 2 3 0 0
20130828 6 3 4 5 3 4
20130828 7 1 2 4 1 2
20130828 8 7 2 8 5 2
20130828 9 2 1 4 2 1
20130828 10 1 9 3 1 6
20130829 1 1 6 2 0 0
20130829 2 2 7 3 0 0
20130829 3 3 4 5 0 0
20130829 4 2 4 1 0 0
20130829 5 5 6 7 0 0
20130829 6 1 9 4 1 6
20130829 7 1 9 7 1 6
20130829 8 5 2 3 4 2
20130829 9 2 3 5 2 3
20130829 10 9 3 1 6 3
20130830 1 5 3 1 0 0
20130830 2 3 4 2 0 0
20130830 3 7 3 2 0 0
20130830 4 7 1 3 0 0
20130830 5 3 1 2 3 1
20130830 6 2 9 3 2 6
20130830 7 3 7 6 0 0
20130830 8 2 5 7 2 4
20130830 9 1 5 7 1 4
20130830 10 1 3 2 1 3
20130909 1 1 7 2 0 0
20130909 2 3 1 6 0 0
20130909 3 4 5 3 0 0
20130909 4 2 1 3 0 0
20130909 5 1 5 2 0 0
20130909 6 1 2 8 1 2
20130909 7 9 1 5 6 1
20130909 8 1 5 8 1 4
20130909 9 3 5 9 3 4
20130909 10 3 7 1 3 5
20130910 1 5 2 3 0 0
20130910 2 2 7 3 0 0
20130910 3 1 2 3 0 0
20130910 4 3 1 4 0 0
20130910 5 5 2 7 0 0
20130910 6 1 8 7 1 6
20130910 7 2 5 1 2 4
20130910 8 7 9 3 5 6
20130910 9 7 2 9 5 2
20130910 10 7 3 5 5 3
20130911 1 2 7 1 0 0
20130911 2 3 5 2 0 0
20130911 3 7 1 4 0 0
20130911 4 5 3 7 0 0
20130911 5 1 7 9 1 5
20130911 6 2 5 9 2 4
20130911 7 4 3 2 0 0
20130911 8 7 6 8 5 5
20130911 9 3 5 2 3 4
20130911 10 1 6 5 1 5
20131005 1 3 1 7 0 0
20131005 2 5 2 7 0 0
20131005 3 5 1 7 0 0
20131005 4 7 3 5 0 0
20131005 5 1 7 3 0 0
20131005 6 1 7 3 0 0
20131005 7 4 5 1 0 0
20131005 8 1 5 3 1 4
20131005 9 2 3 7 2 3
20131005 10 1 7 3 1 5
20131005 11 9 5 1 6 4
20131005 12 5 3 1 4 3
20131006 1 3 7 5 0 0
20131006 2 5 4 1 0 0
20131006 3 2 3 5 0 0
20131006 4 5 3 1 0 0
20131006 5 4 1 3 0 0
20131006 6 3 7 5 0 0
20131006 7 5 4 1 0 0
20131006 8 3 5 7 3 4
20131006 9 1 9 7 1 6
20131006 10 5 1 2 4 1
20131006 11 3 7 1 3 5
20131006 12 5 1 7 4 1
20131007 1 5 2 6 0 0
20131007 2 7 4 3 0 0
20131007 3 7 2 4 0 0
20131007 4 1 3 7 0 0
20131007 5 1 4 2 0 0
20131007 6 3 2 1 3 2
20131007 7 1 5 2 1 4
20131007 8 7 5 3 0 0
20131007 9 7 9 4 5 6
20131007 10 3 7 4 3 5
20131007 11 1 2 7 0 0
20131007 12 3 5 9 3 4
20131021 1 3 5 1 0 0
20131021 2 4 1 5 0 0
20131021 3 3 2 6 0 0
20131021 4 3 1 5 0 0
20131021 5 4 7 3 0 0
20131021 6 1 3 7 1 3
20131021 7 5 3 1 4 3
20131021 8 9 4 3 6 4
20131021 9 5 3 2 4 3
20131021 10 5 2 1 4 2
20131022 1 3 1 2 0 0
20131022 2 3 1 4 0 0
20131022 3 4 2 3 0 0
20131022 4 7 2 1 0 0
20131022 5 2 1 7 0 0
20131022 6 2 7 9 2 5
20131022 7 3 5 2 3 4
20131022 8 2 9 3 2 6
20131022 9 9 6 7 6 5
20131022 10 5 3 9 4 3
20131023 1 5 3 7 0 0
20131023 2 4 5 1 0 0
20131023 3 5 4 7 0 0
20131023 4 5 1 2 0 0
20131023 5 2 7 4 2 5
20131023 6 1 5 8 1 4
20131023 7 3 6 4 0 0
20131023 8 1 9 4 1 6
20131023 9 4 7 2 4 5
20131023 10 9 5 3 6 4
20131112 1 2 9 1 2 6
20131112 2 1 7 5 1 5
20131112 3 3 7 6 3 5
20131112 4 7 9 5 5 6
20131112 5 1 9 7 1 6
20131112 6 7 9 1 5 6
20131112 7 3 9 6 3 6
20131112 8 3 2 7 3 2
20131112 9 7 3 2 5 3
20131112 10 5 8 1 4 6
20131112 11 2 4 6 2 4
20131113 1 5 3 2 4 3
20131113 2 2 3 1 2 3
20131113 3 7 2 1 5 2
20131113 4 9 4 5 6 4
20131113 5 3 7 2 3 5
20131113 6 3 8 9 3 6
20131113 7 8 4 9 6 4
20131113 8 1 3 4 1 3
20131113 9 1 9 7 1 6
20131113 10 7 3 2 5 3
20131113 11 9 1 3 6 1
20131114 1 2 7 3 2 5
20131114 2 2 3 9 2 3
20131114 3 8 2 3 6 2
20131114 4 9 7 1 6 5
20131114 5 7 1 4 5 1
20131114 6 3 1 2 3 1
20131114 7 2 4 3 2 4
20131114 8 9 2 1 6 2
20131114 9 4 8 5 4 6
20131114 10 3 2 7 3 2
20131114 11 2 9 3 2 6
20131210 1 7 2 1 0 0
20131210 2 7 3 4 0 0
20131210 3 5 1 6 0 0
20131210 4 4 1 6 0 0
20131210 5 1 3 7 0 0
20131210 6 2 5 4 2 4
20131210 7 2 7 3 2 5
20131210 8 3 1 9 3 1
20131210 9 9 7 1 6 5
20131210 10 3 2 8 3 2
20131211 1 1 5 3 0 0
20131211 2 5 7 6 0 0
20131211 3 1 3 7 0 0
20131211 4 4 1 5 0 0
20131211 5 3 2 4 0 0
20131211 6 9 1 3 6 1
20131211 7 7 2 3 5 2
20131211 8 9 2 1 6 2
20131211 9 9 7 3 6 5
20131211 10 9 1 2 6 1
20131212 1 4 7 1 0 0
20131212 2 7 5 2 0 0
20131212 3 3 2 1 0 0
20131212 4 1 7 4 0 0
20131212 5 3 7 4 3 5
20131212 6 1 7 4 1 5
20131212 7 4 2 3 0 0
20131212 8 2 9 5 2 6
20131212 9 5 9 7 4 6
20131212 10 4 5 2 4 4
20140108 1 1 6 8 1 5
20140108 2 5 7 4 4 5
20140108 3 2 8 7 2 6
20140108 4 5 8 7 4 6
20140108 5 3 9 5 3 6
20140108 6 5 9 3 4 6
20140108 7 7 2 1 5 2
20140108 8 9 1 7 6 1
20140108 9 4 9 5 4 6
20140108 10 1 9 4 1 6
20140108 11 7 6 1 5 5
20140109 1 5 1 3 4 1
20140109 2 2 7 9 2 5
20140109 3 6 1 3 5 1
20140109 4 9 1 8 6 1
20140109 5 5 3 2 4 3
20140109 6 1 5 7 1 4
20140109 7 5 3 2 4 3
20140109 8 3 1 7 3 1
20140109 9 5 2 7 4 2
20140109 10 5 2 1 4 2
20140109 11 1 7 2 1 5
20140110 1 1 9 3 1 6
20140110 2 7 5 1 5 4
20140110 3 6 3 5 5 3
20140110 4 7 9 1 5 6
20140110 5 1 7 2 1 5
20140110 6 3 1 5 3 1
20140110 7 1 2 3 1 2
20140110 8 3 5 7 3 4
20140110 9 3 5 1 3 4
20140110 10 1 7 3 1 5
20140110 11 9 2 8 6 2
20140115 1 3 7 2 3 5
20140115 2 2 8 6 2 6
20140115 3 7 1 4 5 1
20140115 4 9 5 7 6 4
20140115 5 3 1 7 3 1
20140115 6 1 7 8 1 5
20140115 7 7 4 9 5 4
20140115 8 9 4 2 6 4
20140115 9 9 1 3 6 1
20140115 10 3 7 4 3 5
20140115 11 1 3 7 1 3
20140116 1 3 5 1 3 4
20140116 2 9 6 5 6 5
20140116 3 6 7 3 5 5
20140116 4 1 9 5 1 6
20140116 5 7 3 4 5 3
20140116 6 1 7 2 1 5
20140116 7 3 9 7 3 6
20140116 8 1 2 9 1 2
20140116 9 3 1 5 3 1
20140116 10 1 6 7 1 5
20140116 11 1 7 2 1 5
20140117 1 3 4 9 3 4
20140117 2 1 5 4 1 4
20140117 3 7 1 6 5 1
20140117 4 9 4 1 6 4
20140117 5 3 7 9 3 5
20140117 6 7 2 5 6 2
20140117 7 2 1 5 2 1
20140117 8 3 5 4 3 4
20140117 9 5 8 1 4 6
20140117 10 5 9 4 4 6
20140117 11 9 1 7 6 1
20140131 1 1 4 5 1 4
20140131 2 3 1 9 3 1
20140131 3 1 9 5 1 6
20140131 4 8 6 2 6 5
20140131 5 6 9 1 5 6
20140131 6 7 2 3 5 2
20140131 7 5 3 8 4 3
20140131 8 7 1 9 5 1
20140131 9 3 7 8 3 5
20140131 10 1 9 2 1 6
20140131 11 2 8 7 2 6
20140201 1 2 4 5 2 4
20140201 2 8 2 4 6 2
20140201 3 8 3 7 6 3
20140201 4 1 8 7 1 6
20140201 5 9 7 5 6 5
20140201 6 3 7 9 3 5
20140201 7 7 3 1 5 3
20140201 8 9 3 2 6 3
20140201 9 7 8 3 5 6
20140201 10 8 1 5 6 1
20140201 11 9 7 4 6 5
20140202 1 3 5 1 0 0
20140202 2 1 5 4 1 5
20140202 3 1 4 6 1 4
20140202 4 1 9 7 1 6
20140202 5 9 3 5 6 3
20140202 6 8 7 6 6 5
20140202 7 9 3 7 6 3
20140202 8 7 1 9 5 1
20140202 9 4 5 8 4 4
20140202 10 2 5 8 2 4
20140202 11 1 3 9 1 3
20140203 1 4 1 5 0 0
20140203 2 4 1 6 0 0
20140203 3 5 6 1 0 0
20140203 4 1 8 4 1 6
20140203 5 7 5 3 5 4
20140203 6 9 1 2 6 1
20140203 7 7 1 8 5 1
20140203 8 7 2 5 5 2
20140203 9 8 7 3 6 5
20140203 10 7 2 6 5 2
20140203 11 1 3 9 1 3
20140212 1 7 5 1 0 0
20140212 2 3 2 5 0 0
20140212 3 7 2 6 0 0
20140212 4 4 2 1 0 0
20140212 5 4 1 6 0 0
20140212 6 1 7 5 1 5
20140212 7 2 9 1 2 6
20140212 8 2 1 7 2 1
20140212 9 5 1 3 4 1
20140212 10 4 1 8 4 1
20140213 1 7 2 4 0 0
20140213 2 7 4 1 0 0
20140213 3 3 5 7 0 0
20140213 4 4 7 2 0 0
20140213 5 5 1 3 0 0
20140213 6 5 3 1 4 3
20140213 7 9 3 5 6 3
20140213 8 1 8 6 1 6
20140213 9 5 1 7 4 1
20140213 10 5 1 9 4 1
20140215 1 3 2 6 0 0
20140215 2 4 7 5 0 0
20140215 3 7 5 3 0 0
20140215 4 4 7 2 0 0
20140215 5 3 9 1 3 6
20140215 6 4 8 7 4 6
20140215 7 1 2 3 0 0
20140215 8 3 4 5 3 4
20140215 9 1 9 2 1 6
20140215 10 9 7 3 6 5
20140303 1 4 3 2 0 0
20140303 2 1 5 3 0 0
20140303 3 1 3 2 0 0
20140303 4 1 7 5 0 0
20140303 5 4 7 1 0 0
20140303 6 7 9 1 5 6
20140303 7 1 5 3 1 4
20140303 8 5 7 3 4 5
20140303 9 9 7 1 6 5
20140303 10 1 5 7 1 4
20140304 1 7 2 1 0 0
20140304 2 1 2 7 0 0
20140304 3 1 2 4 0 0
20140304 4 1 5 3 0 0
20140304 5 7 1 4 0 0
20140304 6 2 1 7 2 1
20140304 7 2 4 9 2 4
20140304 8 8 1 3 6 1
20140304 9 3 5 9 3 4
20140304 10 5 1 6 4 1
20140305 1 3 4 5 0 0
20140305 2 5 6 7 0 0
20140305 3 5 7 6 0 0
20140305 4 1 2 3 0 0
20140305 5 3 4 7 3 4
20140305 6 5 3 9 4 3
20140305 7 2 7 4 0 0
20140305 8 1 9 4 1 6
20140305 9 3 4 1 3 4
20140305 10 3 4 9 3 4
20140308 1 2 5 7 0 0
20140308 2 4 5 1 0 0
20140308 3 3 5 4 0 0
20140308 4 7 3 5 0 0
20140308 5 4 2 1 0 0
20140308 6 5 6 4 0 0
20140308 7 5 2 3 0 0
20140308 8 7 1 9 5 1
20140308 9 3 8 9 3 6
20140308 10 2 3 1 2 3
20140308 11 7 3 5 5 3
20140308 12 5 9 6 4 6
20140309 1 4 6 5 0 0
20140309 2 4 7 2 0 0
20140309 3 2 7 5 0 0
20140309 4 4 1 7 0 0
20140309 5 1 2 4 0 0
20140309 6 3 2 1 0 0
20140309 7 4 6 3 0 0
20140309 8 2 1 3 2 1
20140309 9 1 7 6 1 5
20140309 10 9 1 5 6 1
20140309 11 1 2 5 1 2
20140309 12 9 3 5 6 3
20140310 1 6 2 5 0 0
20140310 2 5 7 6 0 0
20140310 3 7 2 4 0 0
20140310 4 7 2 6 0 0
20140310 5 2 4 6 0 0
20140310 6 4 1 2 4 1
20140310 7 9 1 6 6 1
20140310 8 2 6 5 0 0
20140310 9 9 2 3 6 2
20140310 10 5 1 4 4 1
20140310 11 2 5 3 0 0
20140310 12 5 1 9 4 1
20140416 1 5 1 2 0 0
20140416 2 3 5 2 0 0
20140416 3 3 7 5 0 0
20140416 4 4 1 5 0 0
20140416 5 3 4 5 0 0
20140416 6 3 9 4 3 6
20140416 7 7 3 4 5 3
20140416 8 2 3 9 2 3
20140416 9 1 3 7 1 3
20140416 10 4 6 3 4 5
20140417 1 3 1 5 0 0
20140417 2 5 4 1 0 0
20140417 3 4 5 2 0 0
20140417 4 2 3 6 0 0
20140417 5 4 3 5 0 0
20140417 6 1 9 5 1 6
20140417 7 9 1 4 6 1
20140417 8 1 7 4 1 5
20140417 9 9 7 6 6 5
20140417 10 2 7 3 2 5
20140418 1 7 3 1 0 0
20140418 2 5 3 1 0 0
20140418 3 7 2 3 0 0
20140418 4 4 5 6 0 0
20140418 5 1 7 2 1 6
20140418 6 1 3 8 1 3
20140418 7 5 1 4 0 0
20140418 8 5 9 7 4 6
20140418 9 7 1 5 5 1
20140418 10 3 9 5 3 6
20140509 1 5 1 4 0 0
20140509 2 3 2 1 0 0
20140509 3 4 5 2 0 0
20140509 4 7 3 5 0 0
20140509 5 1 2 3 0 0
20140509 6 1 6 7 0 0
20140509 7 7 6 5 0 0
20140509 8 2 7 3 2 5
20140509 9 2 1 5 2 1
20140509 10 7 5 1 5 4
20140509 11 7 9 3 5 6
20140509 12 4 5 7 4 4
20140510 1 2 5 1 0 0
20140510 2 2 3 4 0 0
20140510 3 3 1 2 0 0
20140510 4 5 4 6 0 0
20140510 5 4 1 5 0 0
20140510 6 6 1 2 0 0
20140510 7 2 4 1 0 0
20140510 8 9 2 3 6 2
20140510 9 7 9 1 5 6
20140510 10 8 1 9 6 1
20140510 11 9 4 1 6 4
20140510 12 5 7 3 4 5
20140511 1 1 2 5 0 0
20140511 2 2 7 4 0 0
20140511 3 4 7 2 0 0
20140511 4 1 7 3 0 0
20140511 5 5 6 3 0 0
20140511 6 3 1 7 3 1
20140511 7 1 7 6 1 5
20140511 8 1 3 6 0 0
20140511 9 9 1 2 6 1
20140511 10 5 3 7 4 3
20140511 11 7 6 3 0 0
20140511 12 5 1 8 4 1
20140519 1 1 7 3 1 5
20140519 2 3 9 1 3 6
20140519 3 7 8 1 5 6
20140519 4 5 1 4 4 1
20140519 5 2 1 9 2 1
20140519 6 5 3 9 4 3
20140519 7 9 7 4 6 5
20140519 8 4 2 1 4 2
20140519 9 2 7 9 2 5
20140519 10 5 2 3 4 2
20140519 11 2 5 8 2 4
20140520 1 1 7 5 1 5
20140520 2 2 8 1 2 6
20140520 3 1 3 2 1 3
20140520 4 5 9 3 4 6
20140520 5 3 4 7 3 4
20140520 6 7 1 3 5 1
20140520 7 5 1 4 5 1
20140520 8 3 2 1 3 2
20140520 9 5 3 2 4 3
20140520 10 7 2 5 5 2
20140520 11 1 8 9 1 6
20140521 1 5 3 4 5 3
20140521 2 1 5 6 1 4
20140521 3 1 7 2 1 5
20140521 4 9 1 2 6 1
20140521 5 7 8 4 5 6
20140521 6 3 7 6 3 6
20140521 7 1 4 3 1 4
20140521 8 5 4 1 4 4
20140521 9 6 9 2 5 6
20140521 10 4 7 3 4 5
20140521 11 3 9 1 3 6
20140609 1 7 2 5 5 2
20140609 2 7 2 3 5 2
20140609 3 3 7 5 3 5
20140609 4 5 1 9 4 1
20140609 5 7 3 9 5 3
20140609 6 5 7 3 4 5
20140609 7 1 7 8 1 5
20140609 8 7 4 1 5 4
20140609 9 1 2 4 1 2
20140609 10 1 5 7 1 4
20140609 11 2 9 5 2 6
20140610 1 9 6 4 6 5
20140610 2 5 7 2 4 5
20140610 3 9 3 1 6 3
20140610 4 2 1 9 2 1
20140610 5 5 1 3 4 1
20140610 6 5 6 7 4 5
20140610 7 1 4 5 1 4
20140610 8 2 3 9 2 3
20140610 9 1 9 3 1 6
20140610 10 7 5 1 5 4
20140610 11 1 9 6 1 6
20140611 1 5 1 2 4 1
20140611 2 1 5 7 1 4
20140611 3 9 7 1 6 5
20140611 4 8 3 1 6 3
20140611 5 7 1 3 5 1
20140611 6 5 2 9 4 2
20140611 7 1 2 6 1 2
20140611 8 7 5 4 5 4
20140611 9 3 4 7 3 4
20140611 10 9 4 6 6 4
20140611 11 5 1 9 4 1
20140616 1 6 5 1 5 4
20140616 2 5 7 3 4 5
20140616 3 7 1 4 5 1
20140616 4 7 2 9 5 2
20140616 5 9 7 5 6 5
20140616 6 8 1 7 6 1
20140616 7 3 9 5 3 6
20140616 8 6 2 3 5 2
20140616 9 4 1 3 4 1
20140616 10 5 2 7 4 2
20140616 11 5 1 7 4 1
20140617 1 1 5 2 1 4
20140617 2 3 5 1 3 4
20140617 3 4 3 5 4 3
20140617 4 8 4 7 6 4
20140617 5 7 1 9 5 1
20140617 6 1 7 3 1 5
20140617 7 2 3 7 2 3
20140617 8 8 5 2 6 4
20140617 9 7 3 9 5 3
20140617 10 1 3 6 1 3
20140617 11 7 3 5 5 3
20140618 1 7 3 5 5 3
20140618 2 5 9 1 4 6
20140618 3 7 2 3 5 2
20140618 4 9 1 2 6 1
20140618 5 8 2 3 6 2
20140618 6 9 7 5 6 5
20140618 7 2 9 5 2 6
20140618 8 1 4 6 1 4
20140618 9 3 9 6 3 6
20140618 10 6 1 9 5 1
20140618 11 1 7 2 1 5
20140725 1 7 5 3 0 0
20140725 2 3 5 1 0 0
20140725 3 2 7 3 0 0
20140725 4 3 4 1 0 0
20140725 5 4 3 7 0 0
20140725 6 3 9 7 3 6
20140725 7 9 5 3 6 4
20140725 8 3 9 5 3 6
20140725 9 2 1 3 2 1
20140725 10 7 2 9 5 2
20140726 1 5 7 1 0 0
20140726 2 1 3 6 0 0
20140726 3 3 1 5 0 0
20140726 4 7 3 4 0 0
20140726 5 2 7 5 0 0
20140726 6 2 9 3 2 6
20140726 7 5 2 9 4 2
20140726 8 7 5 9 5 4
20140726 9 1 7 5 1 5
20140726 10 2 1 3 2 1
20140727 1 5 1 2 0 0
20140727 2 7 3 2 0 0
20140727 3 3 1 6 0 0
20140727 4 2 4 3 0 0
20140727 5 7 9 1 5 6
20140727 6 9 7 5 6 5
20140727 7 4 7 6 0 0
20140727 8 9 1 2 6 1
20140727 9 5 7 8 4 5
20140727 10 5 9 4 4 6
20140816 1 2 7 4 0 0
20140816 2 4 2 3 0 0
20140816 3 3 4 1 0 0
20140816 4 4 1 5 0 0
20140816 5 2 7 4 0 0
20140816 6 4 1 6 0 0
20140816 7 3 2 6 0 0
20140816 8 8 7 4 6 5
20140816 9 5 8 4 4 6
20140816 10 7 5 9 5 4
20140816 11 1 7 5 1 5
20140816 12 2 9 6 2 6
20140817 1 4 7 3 0 0
20140817 2 4 1 5 0 0
20140817 3 2 3 4 0 0
20140817 4 5 2 6 0 0
20140817 5 5 3 4 0 0
20140817 6 4 2 5 0 0
20140817 7 1 7 3 0 0
20140817 8 9 5 1 6 4
20140817 9 7 1 2 5 1
20140817 10 3 9 4 3 6
20140817 11 3 2 1 3 2
20140817 12 7 9 1 5 6
20140818 1 7 5 3 0 0
20140818 2 4 5 3 0 0
20140818 3 2 7 1 0 0
20140818 4 7 5 2 0 0
20140818 5 5 4 3 0 0
20140818 6 5 2 7 4 2
20140818 7 8 7 1 6 5
20140818 8 5 1 6 0 0
20140818 9 5 6 7 4 5
20140818 10 3 9 7 3 6
20140818 11 3 6 2 0 0
20140818 12 1 3 9 1 3
20140916 1 7 1 2 0 0
20140916 2 2 5 1 0 0
20140916 3 1 3 7 0 0
20140916 4 3 4 7 0 0
20140916 5 4 5 2 0 0
20140916 6 9 3 7 6 3
20140916 7 7 2 3 5 2
20140916 8 1 9 7 1 6
20140916 9 5 7 3 4 5
20140916 10 7 2 4 5 2
20140917 1 5 4 1 0 0
20140917 2 5 4 3 0 0
20140917 3 5 2 4 0 0
20140917 4 4 5 7 0 0
20140917 5 4 2 3 0 0
20140917 6 1 5 8 1 4
20140917 7 2 1 6 2 1
20140917 8 7 3 5 5 3
20140917 9 5 7 2 4 5
20140917 10 2 4 6 2 4
20140918 1 1 3 7 0 0
20140918 2 3 4 6 0 0
20140918 3 3 2 5 0 0
20140918 4 7 2 3 0 0
20140918 5 3 5 1 3 4
20140918 6 7 5 3 5 4
20140918 7 7 3 4 0 0
20140918 8 1 7 2 1 5
20140918 9 5 7 2 4 5
20140918 10 4 5 7 4 4
20141006 1 7 1 3 0 0
20141006 2 5 7 6 0 0
20141006 3 1 3 2 0 0
20141006 4 3 2 5 0 0
20141006 5 4 1 7 0 0
20141006 6 3 1 9 3 1
20141006 7 7 5 3 5 4
20141006 8 2 3 7 2 3
20141006 9 7 3 9 5 3
20141006 10 8 5 9 6 4
20141007 1 5 2 6 0 0
20141007 2 6 3 7 0 0
20141007 3 3 7 4 0 0
20141007 4 3 2 6 0 0
20141007 5 3 4 2 0 0
20141007 6 1 9 3 1 6
20141007 7 3 9 5 3 6
20141007 8 2 9 1 2 6
20141007 9 1 5 3 1 4
20141007 10 1 2 5 1 2
20141008 1 4 3 6 0 0
20141008 2 2 3 6 0 0
20141008 3 3 2 4 0 0
20141008 4 2 6 7 0 0
20141008 5 9 7 2 6 5
20141008 6 2 3 5 2 3
20141008 7 6 2 5 0 0
20141008 8 7 1 3 5 1
20141008 9 3 1 6 3 1
20141008 10 2 9 6 2 6
20141028 1 5 7 2 4 5
20141028 2 2 5 3 2 4
20141028 3 5 1 2 4 1
20141028 4 3 5 2 3 4
20141028 5 9 3 5 6 3
20141028 6 3 6 9 3 5
20141028 7 9 5 4 6 4
20141028 8 7 9 1 5 6
20141028 9 7 4 3 5 4
20141028 10 2 5 9 2 4
20141028 11 9 7 2 6 5
20141029 1 1 8 9 1 6
20141029 2 2 1 3 2 1
20141029 3 1 3 6 1 3
20141029 4 7 1 2 5 1
20141029 5 3 8 2 3 6
20141029 6 5 1 9 4 1
20141029 7 5 1 3 4 1
20141029 8 7 5 8 5 4
20141029 9 6 3 4 5 3
20141029 10 1 7 3 1 5
20141029 11 7 2 6 5 2
20141030 1 8 7 3 6 5
20141030 2 9 7 2 6 5
20141030 3 1 7 8 1 5
20141030 4 1 4 8 1 4
20141030 5 8 2 4 6 2
20141030 6 1 7 5 1 6
20141030 7 7 1 8 5 1
20141030 8 5 2 4 4 2
20141030 9 9 2 7 6 2
20141030 10 3 9 1 3 6
20141030 11 3 5 1 3 4
20141125 1 9 5 2 6 4
20141125 2 9 7 2 6 5
20141125 3 5 1 3 4 1
20141125 4 1 5 9 1 4
20141125 5 7 9 3 5 6
20141125 6 1 8 6 1 6
20141125 7 2 7 1 2 5
20141125 8 7 5 1 5 4
20141125 9 5 9 7 4 6
20141125 10 1 9 3 1 6
20141125 11 9 2 1 6 2
20141126 1 5 3 2 4 3
20141126 2 7 5 9 5 4
20141126 3 1 7 9 1 5
20141126 4 1 7 2 1 5
20141126 5 9 4 2 6 4
20141126 6 5 1 7 4 1
20141126 7 2 9 8 2 6
20141126 8 2 3 9 2 3
20141126 9 2 9 1 2 6
20141126 10 2 9 5 2 6
20141126 11 7 9 4 5 6
20141127 1 5 1 3 4 1
20141127 2 7 4 6 5 4
20141127 3 3 8 7 3 6
20141127 4 2 4 8 2 4
20141127 5 9 4 1 6 4
20141127 6 5 2 9 4 2
20141127 7 9 6 1 6 5
20141127 8 5 7 1 4 5
20141127 9 1 7 2 1 5
20141127 10 5 1 4 4 1
20141127 11 9 6 5 6 5
20141219 1 4 7 5 0 0
20141219 2 2 7 3 0 0
20141219 3 1 2 4 0 0
20141219 4 1 7 5 0 0
20141219 5 4 3 7 0 0
20141219 6 3 9 6 3 6
20141219 7 3 2 9 3 2
20141219 8 9 5 1 6 4
20141219 9 1 5 4 1 4
20141219 10 1 3 7 1 3
20141220 1 3 1 2 0 0
20141220 2 3 7 1 0 0
20141220 3 2 5 4 0 0
20141220 4 5 2 6 0 0
20141220 5 1 4 7 0 0
20141220 6 5 3 6 4 3
20141220 7 9 1 3 6 1
20141220 8 5 1 2 4 1
20141220 9 3 1 7 3 1
20141220 10 8 1 3 6 1
20141221 1 1 2 3 0 0
20141221 2 5 1 3 0 0
20141221 3 4 7 3 0 0
20141221 4 7 1 5 0 0
20141221 5 3 5 4 3 5
20141221 6 2 3 5 2 3
20141221 7 7 3 2 0 0
20141221 8 3 6 7 3 5
20141221 9 1 9 7 1 6
20141221 10 3 8 7 3 6
20141231 1 2 7 8 2 5
20141231 2 7 9 3 5 6
20141231 3 9 1 6 6 1
20141231 4 5 7 6 4 5
20141231 5 4 9 6 4 6
20141231 6 5 3 2 0 0
20141231 7 4 3 7 0 0
20141231 8 5 3 7 4 3
20141231 9 7 3 8 5 3
20141231 10 9 4 5 6 4
20141231 11 1 5 2 1 4
20141231 12 8 2 9 6 2
20150101 1 8 2 9 6 2
20150101 2 8 2 3 6 2
20150101 3 5 2 1 4 2
20150101 4 1 9 3 1 6
20150101 5 1 7 4 1 5
20150101 6 4 6 2 0 0
20150101 7 2 7 1 0 0
20150101 8 9 1 3 6 1
20150101 9 2 3 6 2 3
20150101 10 1 4 6 1 4
20150101 11 2 1 4 2 1
20150101 12 1 5 6 1 4
20150102 1 7 2 1 5 2
20150102 2 3 2 1 3 2
20150102 3 2 9 1 2 6
20150102 4 8 2 9 6 2
20150102 5 3 7 2 0 0
20150102 6 2 9 5 2 6
20150102 7 6 2 8 5 2
20150102 8 9 3 1 6 3
20150102 9 7 1 4 5 1
20150102 10 2 7 1 2 5
20150102 11 2 7 3 0 0
20150102 12 7 3 2 5 3
20150107 1 4 1 5 0 0
20150107 2 7 6 1 0 0
20150107 3 3 5 2 0 0
20150107 4 1 4 7 0 0
20150107 5 7 3 4 0 0
20150107 6 7 4 1 5 4
20150107 7 2 9 3 2 6
20150107 8 5 7 1 4 5
20150107 9 7 1 3 5 1
20150107 10 1 8 4 1 6
20150108 1 5 4 3 0 0
20150108 2 3 1 6 0 0
20150108 3 5 2 7 0 0
20150108 4 5 7 3 0 0
20150108 5 7 2 1 0 0
20150108 6 7 1 5 5 1
20150108 7 5 2 7 4 2
20150108 8 3 7 2 3 5
20150108 9 3 1 4 3 1
20150108 10 7 3 9 5 3
20150109 1 7 5 1 0 0
20150109 2 1 4 7 0 0
20150109 3 1 4 3 0 0
20150109 4 7 6 1 0 0
20150109 5 1 3 6 1 3
20150109 6 9 2 7 6 2
20150109 7 3 7 5 0 0
20150109 8 1 7 5 1 5
20150109 9 5 8 9 4 6
20150109 10 4 8 2 4 6
20150131 1 9 1 2 6 1
20150131 2 3 1 7 3 1
20150131 3 4 1 8 4 1
20150131 4 2 3 9 2 3
20150131 5 2 9 1 2 6
20150131 6 3 2 1 3 2
20150131 7 9 7 5 6 5
20150131 8 9 1 7 6 1
20150131 9 1 8 5 1 6
20150131 10 7 4 1 5 4
20150131 11 1 5 2 1 4
20150131 12 7 3 4 5 3
20150201 1 7 1 8 5 1
20150201 2 8 5 9 6 4
20150201 3 8 3 9 6 3
20150201 4 2 9 3 2 6
20150201 5 7 1 3 5 1
20150201 6 1 3 7 1 3
20150201 7 4 6 9 4 5
20150201 8 2 7 4 2 5
20150201 9 2 9 5 2 6
20150201 10 3 9 2 3 6
20150201 11 2 6 3 2 5
20150201 12 7 5 2 5 4
20150202 1 1 4 7 1 4
20150202 2 3 4 5 3 4
20150202 3 1 7 2 1 6
20150202 4 3 7 5 3 5
20150202 5 1 5 7 1 4
20150202 6 3 7 1 3 5
20150202 7 1 7 3 1 5
20150202 8 1 9 2 1 6
20150202 9 7 4 9 5 4
20150202 10 2 9 1 2 6
20150202 11 2 5 7 2 4
20150202 12 9 7 1 6 5
20150203 1 5 8 9 4 6
20150203 2 1 9 5 1 6
20150203 3 2 5 7 2 4
20150203 4 5 6 7 4 5
20150203 5 9 4 5 6 4
20150203 6 3 8 4 3 6
20150203 7 7 5 8 5 4
20150203 8 9 2 4 6 2
20150203 9 6 3 4 0 0
20150203 10 9 7 2 6 5
20150203 11 2 9 7 2 6
20150203 12 5 3 2 4 3
20150207 1 3 7 6 0 0
20150207 2 1 4 2 0 0
20150207 3 1 5 2 0 0
20150207 4 5 1 3 0 0
20150207 5 7 2 5 0 0
20150207 6 3 4 8 3 4
20150207 7 3 5 1 3 4
20150207 8 5 1 9 4 1
20150207 9 7 3 4 5 3
20150207 10 2 8 5 2 6
20150208 1 6 1 5 0 0
20150208 2 2 7 5 0 0
20150208 3 1 3 4 0 0
20150208 4 1 2 4 0 0
20150208 5 2 1 4 0 0
20150208 6 7 3 5 5 3
20150208 7 2 9 5 2 6
20150208 8 1 3 2 1 3
20150208 9 2 9 1 2 6
20150208 10 1 9 7 1 6
20150209 1 2 4 3 0 0
20150209 2 4 1 6 0 0
20150209 3 7 4 5 0 0
20150209 4 7 1 5 0 0
20150209 5 7 3 9 5 3
20150209 6 5 1 7 4 1
20150209 7 2 3 1 0 0
20150209 8 1 3 4 1 3
20150209 9 4 2 1 4 2
20150209 10 4 6 2 4 5
20150305 1 2 4 3 0 0
20150305 2 4 1 7 0 0
20150305 3 5 3 2 0 0
20150305 4 4 1 6 0 0
20150305 5 7 1 5 0 0
20150305 6 9 1 7 6 1
20150305 7 7 5 1 5 4
20150305 8 4 3 9 4 3
20150305 9 1 5 9 1 4
20150305 10 2 3 9 2 3
20150306 1 6 2 3 0 0
20150306 2 6 4 7 0 0
20150306 3 2 1 7 0 0
20150306 4 7 1 3 0 0
20150306 5 7 4 2 0 0
20150306 6 7 3 1 0 0
20150306 7 9 1 5 6 1
20150306 8 3 1 2 3 1
20150306 9 1 7 8 1 5
20150306 10 3 7 9 3 5
20150307 1 7 6 1 0 0
20150307 2 3 2 1 0 0
20150307 3 6 4 1 0 0
20150307 4 1 5 4 0 0
20150307 5 3 7 1 3 5
20150307 6 3 7 1 3 5
20150307 7 5 1 2 0 0
20150307 8 5 1 8 4 1
20150307 9 8 7 9 6 5
20150307 10 7 1 5 5 1
20150413 1 2 7 1 2 5
20150413 2 9 3 2 6 3
20150413 3 9 3 8 6 3
20150413 4 9 5 2 6 4
20150413 5 1 7 9 1 5
20150413 6 5 9 2 4 6
20150413 7 7 2 4 5 2
20150413 8 3 7 1 3 5
20150413 9 5 3 1 4 3
20150413 10 5 3 1 4 3
20150413 11 7 6 8 5 5
20150414 1 9 3 8 6 3
20150414 2 7 1 2 5 1
20150414 3 7 3 2 5 3
20150414 4 2 8 6 2 6
20150414 5 2 1 3 2 1
20150414 6 3 5 2 3 4
20150414 7 1 2 5 1 2
20150414 8 6 5 7 5 4
20150414 9 2 7 8 2 5
20150414 10 2 1 9 2 1
20150414 11 4 9 7 4 6
20150415 1 7 9 2 5 6
20150415 2 1 5 7 1 4
20150415 3 2 6 7 2 5
20150415 4 2 1 3 2 1
20150415 5 4 7 9 4 5
20150415 6 5 2 9 4 2
20150415 7 3 5 7 3 4
20150415 8 6 1 2 5 1
20150415 9 2 7 9 2 5
20150415 10 6 3 2 5 3
20150415 11 1 5 2 1 4
20150520 1 1 5 3 1 4
20150520 2 2 9 3 2 6
20150520 3 2 7 5 2 5
20150520 4 7 2 1 5 2
20150520 5 5 2 7 4 2
20150520 6 5 1 7 4 1
20150520 7 1 2 3 1 2
20150520 8 8 2 3 6 2
20150520 9 7 5 9 5 4
20150520 10 4 3 7 4 3
20150520 11 7 3 5 5 3
20150521 1 1 2 4 1 2
20150521 2 1 7 9 1 5
20150521 3 1 9 5 1 6
20150521 4 3 7 8 3 5
20150521 5 7 3 4 5 3
20150521 6 6 2 9 5 2
20150521 7 2 9 4 2 6
20150521 8 7 1 5 5 1
20150521 9 3 5 1 3 4
20150521 10 3 6 1 3 5
20150521 11 7 2 9 5 2
20150522 1 2 5 6 2 4
20150522 2 1 3 6 1 3
20150522 3 9 1 4 6 1
20150522 4 1 4 9 1 4
20150522 5 5 1 3 4 1
20150522 6 1 7 6 1 5
20150522 7 7 5 3 5 4
20150522 8 3 5 9 3 4
20150522 9 7 1 4 5 1
20150522 10 9 1 2 6 1
20150522 11 9 2 1 6 2
20150703 1 3 5 7 0 0
20150703 2 5 2 3 0 0
20150703 3 2 5 1 0 0
20150703 4 4 6 3 0 0
20150703 5 2 5 3 0 0
20150703 6 7 2 6 0 0
20150703 7 6 7 5 0 0
20150703 8 2 3 9 2 3
20150703 9 3 7 1 3 5
20150703 10 6 8 2 5 6
20150703 11 7 1 5 5 1
20150703 12 5 8 7 4 6
20150704 1 1 2 4 0 0
20150704 2 4 2 1 0 0
20150704 3 1 7 3 0 0
20150704 4 3 2 4 0 0
20150704 5 5 7 3 0 0
20150704 6 1 5 4 0 0
20150704 7 4 7 3 0 0
20150704 8 9 2 1 6 2
20150704 9 9 3 6 6 3
20150704 10 5 7 2 4 5
20150704 11 1 2 7 1 2
20150704 12 1 7 2 1 5
20150705 1 5 1 3 0 0
20150705 2 5 7 2 0 0
20150705 3 3 6 2 0 0
20150705 4 7 1 4 0 0
20150705 5 3 2 1 0 0
20150705 6 6 4 1 5 4
20150705 7 9 2 8 6 2
20150705 8 3 4 1 0 0
20150705 9 9 7 2 6 5
20150705 10 2 1 3 2 1
20150705 11 1 6 3 0 0
20150705 12 5 3 4 4 3
