20120126 1 2 5 6 2 4
20120126 2 4 2 3 4 2
20120126 3 4 1 8 4 1
20120126 4 9 7 2 6 5
20120126 5 2 7 3 2 5
20120126 6 1 6 3 1 5
20120126 7 9 4 2 6 4
20120126 8 9 7 3 6 5
20120126 9 2 5 9 2 4
20120126 10 1 5 4 1 4
20120126 11 9 7 1 6 5
20120127 1 2 3 7 2 3
20120127 2 7 1 9 5 1
20120127 3 3 1 2 3 1
20120127 4 3 7 9 3 5
20120127 5 7 2 5 5 2
20120127 6 2 9 5 2 6
20120127 7 4 9 7 4 6
20120127 8 9 1 3 6 1
20120127 9 1 5 2 1 4
20120127 10 5 3 9 4 3
20120127 11 5 9 1 4 6
20120128 1 5 1 8 4 1
20120128 2 2 6 4 2 5
20120128 3 1 9 3 1 6
20120128 4 5 1 4 4 1
20120128 5 5 2 1 4 2
20120128 6 3 1 7 3 1
20120128 7 8 6 9 6 5
20120128 8 7 4 5 5 4
20120128 9 4 3 7 4 3
20120128 10 2 9 3 2 6
20120128 11 1 3 4 1 3
20120129 1 1 4 2 1 4
20120129 2 5 8 2 4 6
20120129 3 9 5 7 6 4
20120129 4 1 8 6 1 6
20120129 5 5 7 4 4 5
20120129 6 2 8 3 2 6
20120129 7 5 9 8 4 6
20120129 8 1 3 4 1 3
20120129 9 7 5 2 5 4
20120129 10 1 3 6 1 3
20120129 11 1 9 3 1 6
20120212 1 1 5 2 0 0
20120212 2 1 7 4 0 0
20120212 3 2 7 5 0 0
20120212 4 4 5 3 0 0
20120212 5 3 4 2 0 0
20120212 6 7 1 4 5 1
20120212 7 3 5 8 3 4
20120212 8 2 9 3 2 6
20120212 9 3 8 5 3 6
20120212 10 5 9 1 4 6
20120212 11 5 3 8 4 3
20120213 1 4 7 5 0 0
20120213 2 7 5 4 0 0
20120213 3 2 5 4 0 0
20120213 4 7 3 1 0 0
20120213 5 7 5 1 0 0
20120213 6 6 7 2 0 0
20120213 7 2 3 5 2 3
20120213 8 1 9 4 1 6
20120213 9 1 3 5 1 3
20120213 10 2 9 4 2 6
20120213 11 1 7 3 1 5
20120214 1 1 2 4 0 0
20120214 2 3 2 6 0 0
20120214 3 3 7 6 0 0
20120214 4 5 4 2 0 0
20120214 5 1 4 7 0 0
20120214 6 1 5 2 1 4
20120214 7 9 7 8 6 5
20120214 8 9 2 5 6 2
20120214 9 2 9 3 2 6
20120214 10 2 4 6 2 4
20120214 11 5 1 9 4 1
20120222 1 1 7 3 0 0
20120222 2 3 4 5 0 0
20120222 3 5 2 6 0 0
20120222 4 4 3 7 0 0
20120222 5 5 2 4 0 0
20120222 6 9 2 5 6 2
20120222 7 2 5 1 2 4
20120222 8 1 7 5 1 5
20120222 9 7 8 9 5 6
20120222 10 8 9 4 6 6
20120222 11 3 5 8 3 4
20120223 1 1 5 7 0 0
20120223 2 5 6 7 0 0
20120223 3 5 2 4 0 0
20120223 4 2 7 5 0 0
20120223 5 5 4 7 0 0
20120223 6 1 5 7 1 4
20120223 7 7 9 5 5 6
20120223 8 2 1 3 2 1
20120223 9 4 8 7 4 6
20120223 10 3 9 5 3 6
20120223 11 6 5 3 5 4
20120224 1 2 4 3 0 0
20120224 2 3 6 2 0 0
20120224 3 5 3 7 0 0
20120224 4 3 6 7 0 0
20120224 5 2 4 3 0 0
20120224 6 4 1 2 4 1
20120224 7 9 5 7 6 4
20120224 8 1 9 2 1 6
20120224 9 7 4 5 5 4
20120224 10 2 9 8 2 6
20120224 11 3 1 6 3 1
20120416 1 2 7 5 2 5
20120416 2 2 8 7 2 6
20120416 3 3 4 2 3 4
20120416 4 2 9 1 2 6
20120416 5 5 1 2 4 1
20120416 6 7 2 4 5 2
20120416 7 7 6 4 5 5
20120416 8 3 8 7 3 6
20120416 9 7 5 3 5 4
20120416 10 7 2 1 5 2
20120416 11 3 9 7 3 6
20120416 12 2 5 1 2 4
20120417 1 7 2 6 5 2
20120417 2 1 7 5 1 5
20120417 3 1 7 2 1 5
20120417 4 7 3 9 5 3
20120417 5 2 5 3 2 4
20120417 6 1 5 3 1 4
20120417 7 5 3 8 4 3
20120417 8 9 2 5 6 2
20120417 9 1 8 7 1 6
20120417 10 1 2 4 1 2
20120417 11 1 9 7 1 6
20120417 12 5 9 7 4 6
20120418 1 2 5 9 2 4
20120418 2 1 8 2 1 6
20120418 3 1 5 4 1 4
20120418 4 5 1 4 4 1
20120418 5 5 2 3 4 2
20120418 6 3 5 8 3 4
20120418 7 3 2 7 3 2
20120418 8 9 4 2 6 4
20120418 9 5 2 6 4 2
20120418 10 7 2 3 5 2
20120418 11 8 3 5 6 3
20120418 12 4 2 5 4 2
20120422 1 4 2 1 0 0
20120422 2 1 2 5 0 0
20120422 3 2 5 7 0 0
20120422 4 1 7 2 0 0
20120422 5 5 1 6 0 0
20120422 6 9 7 1 6 5
20120422 7 2 3 6 0 0
20120422 8 7 2 8 5 2
20120422 9 2 7 9 2 5
20120422 10 2 1 9 2 1
20120422 11 3 4 7 3 4
20120423 1 5 2 3 0 0
20120423 2 2 3 5 0 0
20120423 3 1 7 2 0 0
20120423 4 3 5 7 0 0
20120423 5 3 7 1 0 0
20120423 6 7 2 5 5 2
20120423 7 2 9 3 2 6
20120423 8 4 9 1 4 6
20120423 9 7 3 2 5 3
20120423 10 1 7 3 1 5
20120423 11 7 1 3 5 1
20120424 1 3 2 7 0 0
20120424 2 5 4 6 0 0
20120424 3 4 5 6 0 0
20120424 4 7 3 2 0 0
20120424 5 2 6 4 0 0
20120424 6 5 7 1 4 5
20120424 7 9 2 1 6 2
20120424 8 3 1 9 3 1
20120424 9 3 8 5 3 6
20120424 10 1 9 5 1 6
20120424 11 8 7 2 6 5
20120508 1 7 3 4 5 3
20120508 2 7 2 9 5 2
20120508 3 1 5 8 1 4
20120508 4 7 9 5 5 6
20120508 5 1 5 7 1 4
20120508 6 1 4 6 1 4
20120508 7 7 3 4 5 3
20120508 8 1 2 3 1 2
20120508 9 3 5 7 3 4
20120508 10 2 1 5 2 1
20120508 11 9 1 3 6 1
20120508 12 1 8 3 1 6
20120509 1 2 4 8 2 4
20120509 2 2 4 3 2 4
20120509 3 9 4 6 6 4
20120509 4 7 2 5 5 2
20120509 5 2 7 4 2 5
20120509 6 5 1 4 4 1
20120509 7 2 9 4 2 6
20120509 8 9 6 5 6 5
20120509 9 1 8 7 1 6
20120509 10 6 3 8 5 3
20120509 11 7 1 3 5 1
20120509 12 4 1 6 4 1
20120510 1 1 8 3 1 6
20120510 2 3 7 6 3 5
20120510 3 1 3 9 1 3
20120510 4 2 5 1 2 4
20120510 5 1 4 2 1 4
20120510 6 7 1 3 5 1
20120510 7 3 5 9 3 4
20120510 8 3 8 2 3 6
20120510 9 1 7 5 1 5
20120510 10 3 6 2 3 5
20120510 11 7 2 4 5 2
20120510 12 8 7 1 6 5
20120526 1 3 7 2 0 0
20120526 2 2 3 7 0 0
20120526 3 7 1 4 0 0
20120526 4 5 1 2 0 0
20120526 5 4 3 7 0 0
20120526 6 5 2 1 4 2
20120526 7 1 7 3 1 5
20120526 8 1 5 2 1 4
20120526 9 7 3 2 5 3
20120526 10 9 1 7 6 1
20120526 11 7 2 1 5 2
20120527 1 2 5 3 0 0
20120527 2 3 1 7 0 0
20120527 3 2 7 1 0 0
20120527 4 4 7 2 0 0
20120527 5 1 7 5 0 0
20120527 6 1 3 9 1 3
20120527 7 1 2 9 1 2
20120527 8 1 4 3 1 4
20120527 9 2 9 5 2 6
20120527 10 3 1 7 3 1
20120527 11 9 7 3 6 5
20120528 1 3 6 5 0 0
20120528 2 4 6 2 0 0
20120528 3 2 5 6 0 0
20120528 4 4 1 5 0 0
20120528 5 1 7 5 0 0
20120528 6 5 9 3 4 6
20120528 7 2 3 4 2 3
20120528 8 5 7 3 4 5
20120528 9 3 7 9 3 5
20120528 10 1 5 3 1 4
20120528 11 2 4 3 2 4
20120626 1 1 9 4 1 6
20120626 2 1 5 3 1 4
20120626 3 2 1 5 2 1
20120626 4 1 3 9 1 3
20120626 5 7 1 5 5 1
20120626 6 2 9 4 2 6
20120626 7 9 2 1 6 2
20120626 8 7 5 2 5 4
20120626 9 9 2 7 6 2
20120626 10 1 3 2 1 3
20120626 11 5 1 3 4 1
20120626 12 1 3 2 1 3
20120627 1 5 9 2 4 6
20120627 2 2 4 1 2 4
20120627 3 7 1 2 5 1
20120627 4 1 9 5 1 6
20120627 5 9 2 1 6 2
20120627 6 4 9 1 4 6
20120627 7 9 1 4 6 1
20120627 8 1 7 3 1 5
20120627 9 9 7 5 6 5
20120627 10 3 5 6 3 4
20120627 11 9 3 2 6 3
20120627 12 1 2 7 1 2
20120628 1 3 4 7 3 4
20120628 2 1 3 6 1 3
20120628 3 8 9 4 6 6
20120628 4 5 3 1 4 3
20120628 5 7 1 5 5 1
20120628 6 3 7 4 3 5
20120628 7 7 1 2 5 1
20120628 8 8 3 5 6 3
20120628 9 7 3 4 5 3
20120628 10 5 2 7 4 2
20120628 11 2 8 9 2 6
20120628 12 2 7 1 2 5
20120701 1 3 7 5 0 0
20120701 2 3 6 7 0 0
20120701 3 5 2 7 0 0
20120701 4 7 1 2 0 0
20120701 5 4 1 3 0 0
20120701 6 1 9 3 1 6
20120701 7 3 7 1 3 5
20120701 8 2 7 4 2 5
20120701 9 2 7 3 2 5
20120701 10 5 3 6 4 3
20120701 11 8 2 3 6 2
20120702 1 2 5 7 0 0
20120702 2 5 1 2 0 0
20120702 3 7 4 2 0 0
20120702 4 1 3 4 0 0
20120702 5 5 3 4 0 0
20120702 6 1 7 5 1 5
20120702 7 2 8 7 2 6
20120702 8 7 8 5 5 6
20120702 9 1 5 9 1 4
20120702 10 1 5 4 1 4
20120702 11 5 6 2 4 5
20120703 1 3 4 1 0 0
20120703 2 7 2 1 0 0
20120703 3 2 3 4 0 0
20120703 4 3 5 1 0 0
20120703 5 3 6 1 0 0
20120703 6 7 5 1 5 4
20120703 7 1 5 2 1 4
20120703 8 5 7 9 4 5
20120703 9 3 7 8 3 5
20120703 10 1 5 2 1 4
20120703 11 1 7 3 1 5
20120810 1 4 2 7 0 0
20120810 2 4 1 7 0 0
20120810 3 3 2 6 0 0
20120810 4 2 1 5 0 0
20120810 5 4 1 2 0 0
20120810 6 2 9 7 2 6
20120810 7 7 2 3 5 2
20120810 8 2 3 5 2 3
20120810 9 1 9 7 1 6
20120810 10 2 3 7 2 3
20120810 11 5 1 6 4 1
20120811 1 7 2 1 0 0
20120811 2 3 1 2 0 0
20120811 3 5 3 6 0 0
20120811 4 1 5 2 0 0
20120811 5 7 3 5 0 0
20120811 6 5 8 4 4 6
20120811 7 4 2 8 4 2
20120811 8 2 9 5 2 6
20120811 9 2 7 8 2 5
20120811 10 7 2 1 5 2
20120811 11 2 5 7 2 4
20120812 1 4 2 6 0 0
20120812 2 1 4 3 0 0
20120812 3 7 2 5 0 0
20120812 4 2 4 6 0 0
20120812 5 1 4 3 0 0
20120812 6 9 2 7 6 2
20120812 7 5 4 2 4 4
20120812 8 3 5 7 3 4
20120812 9 3 9 2 3 6
20120812 10 7 3 5 5 3
20120812 11 1 3 9 1 3
20120905 1 1 4 5 0 0
20120905 2 1 2 4 0 0
20120905 3 3 1 5 0 0
20120905 4 2 4 5 0 0
20120905 5 7 1 4 0 0
20120905 6 5 7 1 4 5
20120905 7 3 9 5 3 6
20120905 8 3 8 5 3 6
20120905 9 7 1 9 5 1
20120905 10 1 9 4 1 6
20120905 11 3 7 5 3 5
20120906 1 5 7 6 0 0
20120906 2 2 1 5 0 0
20120906 3 3 1 6 0 0
20120906 4 3 1 7 0 0
20120906 5 4 2 5 0 0
20120906 6 2 5 7 2 5
20120906 7 8 5 9 6 4
20120906 8 7 3 8 5 3
20120906 9 2 7 5 2 5
20120906 10 1 5 9 1 4
20120906 11 7 4 3 5 4
20120907 1 3 5 6 0 0
20120907 2 4 7 1 0 0
20120907 3 4 6 3 0 0
20120907 4 1 7 3 0 0
20120907 5 5 3 7 0 0
20120907 6 1 2 5 1 2
20120907 7 5 9 8 4 6
20120907 8 4 6 7 4 5
20120907 9 2 5 3 2 4
20120907 10 3 2 1 3 2
20120907 11 7 1 9 5 1
20120927 1 8 1 9 6 1
20120927 2 5 2 1 4 2
20120927 3 7 9 2 5 6
20120927 4 2 8 9 2 6
20120927 5 2 7 1 2 5
20120927 6 3 9 5 3 6
20120927 7 2 5 6 2 4
20120927 8 5 7 3 4 5
20120927 9 7 5 9 5 4
20120927 10 1 9 2 1 6
20120927 11 1 5 3 1 4
20120928 1 3 9 1 3 6
20120928 2 5 2 8 4 2
20120928 3 1 7 5 1 5
20120928 4 4 7 9 4 5
20120928 5 3 7 5 3 5
20120928 6 5 9 4 4 6
20120928 7 2 9 3 2 6
20120928 8 7 1 2 5 1
20120928 9 3 9 1 3 6
20120928 10 5 2 7 4 2
20120928 11 4 7 5 4 5
20120929 1 2 4 1 2 4
20120929 2 2 7 9 2 5
20120929 3 7 1 6 5 1
20120929 4 8 9 1 6 6
20120929 5 4 1 9 4 1
20120929 6 8 5 2 6 4
20120929 7 4 1 9 4 1
20120929 8 7 1 2 5 1
20120929 9 1 5 3 1 4
20120929 10 3 8 5 3 6
20120929 11 1 8 7 1 6
20121001 1 3 5 1 3 4
20121001 2 7 4 3 5 4
20121001 3 3 5 2 3 4
20121001 4 2 7 1 2 5
20121001 5 9 2 8 6 2
20121001 6 3 1 4 3 1
20121001 7 7 2 5 5 2
20121001 8 3 2 9 3 2
20121001 9 9 7 2 6 5
20121001 10 9 1 7 6 1
20121001 11 2 5 7 2 4
20121015 1 4 3 7 0 0
20121015 2 2 5 7 0 0
20121015 3 5 1 7 0 0
20121015 4 1 5 7 0 0
20121015 5 1 4 2 0 0
20121015 6 3 9 1 3 6
20121015 7 2 9 1 2 6
20121015 8 2 7 5 2 5
20121015 9 2 1 8 2 1
20121015 10 2 3 9 2 3
20121015 11 9 3 7 6 3
20121016 1 4 7 1 0 0
20121016 2 6 1 7 0 0
20121016 3 1 7 3 0 0
20121016 4 2 5 3 0 0
20121016 5 4 5 3 0 0
20121016 6 1 5 2 1 4
20121016 7 7 1 8 5 1
20121016 8 1 9 4 1 6
20121016 9 5 4 2 4 4
20121016 10 1 5 4 1 4
20121016 11 2 1 9 2 1
20121017 1 2 4 6 0 0
20121017 2 4 5 1 0 0
20121017 3 1 5 3 0 0
20121017 4 7 3 1 0 0
20121017 5 2 5 7 0 0
20121017 6 9 2 5 6 2
20121017 7 9 5 3 6 4
20121017 8 5 1 4 4 1
20121017 9 9 1 7 6 1
20121017 10 9 2 5 6 2
20121017 11 2 1 4 2 1
20121022 1 9 1 5 6 1
20121022 2 2 1 8 2 1
20121022 3 4 7 1 4 5
20121022 4 1 7 8 1 5
20121022 5 7 3 6 5 3
20121022 6 5 1 7 0 0
20121022 7 5 1 4 0 0
20121022 8 3 5 4 3 4
20121022 9 3 6 2 3 5
20121022 10 5 1 2 4 1
20121022 11 9 6 3 6 5
20121022 12 8 7 1 6 5
20121023 1 9 3 4 6 3
20121023 2 7 9 4 5 6
20121023 3 3 7 4 3 5
20121023 4 2 8 3 2 6
20121023 5 2 3 4 2 3
20121023 6 7 5 3 0 0
20121023 7 2 3 5 0 0
20121023 8 7 1 3 6 1
20121023 9 3 1 7 3 1
20121023 10 2 3 7 2 3
20121023 11 1 7 9 1 5
20121023 12 7 2 8 5 2
20121024 1 3 5 9 3 4
20121024 2 3 1 7 3 1
20121024 3 5 1 9 4 1
20121024 4 7 1 4 5 1
20121024 5 5 6 1 0 0
20121024 6 2 3 8 2 3
20121024 7 1 4 8 1 4
20121024 8 9 5 2 6 4
20121024 9 4 9 7 4 6
20121024 10 5 1 2 4 1
20121024 11 3 5 4 0 0
20121024 12 5 1 3 4 1
20121026 1 2 7 5 0 0
20121026 2 1 3 2 0 0
20121026 3 1 2 7 0 0
20121026 4 5 3 4 0 0
20121026 5 4 3 7 0 0
20121026 6 3 6 5 3 5
20121026 7 5 1 7 4 1
20121026 8 7 1 3 5 1
20121026 9 2 5 7 2 4
20121026 10 7 3 1 5 3
20121026 11 7 8 3 5 6
20121027 1 1 4 2 0 0
20121027 2 5 4 1 0 0
20121027 3 7 3 6 0 0
20121027 4 1 4 3 0 0
20121027 5 5 3 2 0 0
20121027 6 9 7 3 6 5
20121027 7 2 1 3 2 1
20121027 8 2 9 7 2 6
20121027 9 2 9 5 2 6
20121027 10 7 1 2 5 1
20121027 11 9 1 5 6 1
20121028 1 3 2 1 0 0
20121028 2 5 1 3 0 0
20121028 3 3 1 4 0 0
20121028 4 1 7 5 0 0
20121028 5 2 1 6 0 0
20121028 6 5 8 9 4 6
20121028 7 5 4 2 4 4
20121028 8 5 3 2 4 3
20121028 9 7 4 1 5 4
20121028 10 8 2 6 6 2
20121028 11 6 7 5 5 5
20121105 1 5 9 2 4 6
20121105 2 5 1 7 4 1
20121105 3 5 9 1 4 6
20121105 4 7 5 3 5 4
20121105 5 2 5 7 2 4
20121105 6 7 1 8 5 1
20121105 7 8 4 7 6 4
20121105 8 7 5 1 5 4
20121105 9 4 2 8 4 2
20121105 10 1 9 4 1 6
20121105 11 1 7 2 1 5
20121106 1 5 6 9 4 5
20121106 2 7 2 5 5 2
20121106 3 8 5 2 6 4
20121106 4 3 2 7 3 2
20121106 5 1 9 7 1 6
20121106 6 1 2 7 1 2
20121106 7 4 1 2 4 1
20121106 8 8 1 2 6 1
20121106 9 2 7 3 2 5
20121106 10 1 9 5 1 6
20121106 11 2 7 4 2 5
20121107 1 5 7 2 4 5
20121107 2 3 5 7 3 4
20121107 3 2 1 9 2 1
20121107 4 9 2 3 6 2
20121107 5 1 7 5 1 5
20121107 6 2 5 8 2 5
20121107 7 1 5 7 1 4
20121107 8 3 7 1 3 5
20121107 9 1 8 2 1 6
20121107 10 3 4 9 3 4
20121107 11 9 1 6 6 1
20121222 1 3 5 7 0 0
20121222 2 2 4 7 0 0
20121222 3 5 7 3 0 0
20121222 4 5 1 2 0 0
20121222 5 2 4 1 0 0
20121222 6 3 5 1 3 4
20121222 7 9 2 1 6 2
20121222 8 7 1 2 5 1
20121222 9 1 4 7 1 4
20121222 10 7 9 1 5 6
20121222 11 1 9 2 1 6
20121223 1 4 3 1 0 0
20121223 2 7 2 4 0 0
20121223 3 4 2 6 0 0
20121223 4 5 7 1 0 0
20121223 5 7 4 2 0 0
20121223 6 5 7 3 4 5
20121223 7 2 5 3 2 4
20121223 8 9 3 1 6 3
20121223 9 5 1 8 4 1
20121223 10 1 9 7 1 6
20121223 11 2 5 1 2 4
20121224 1 5 1 3 0 0
20121224 2 3 7 4 0 0
20121224 3 4 7 5 0 0
20121224 4 5 4 3 0 0
20121224 5 3 1 4 0 0
20121224 6 2 3 4 2 3
20121224 7 4 6 3 4 5
20121224 8 2 4 5 2 4
20121224 9 9 5 2 6 4
20121224 10 1 7 2 1 5
20121224 11 1 8 5 1 6
20130109 1 7 2 8 5 2
20130109 2 3 1 6 3 1
20130109 3 7 1 9 5 1
20130109 4 5 3 1 4 3
20130109 5 5 3 9 4 3
20130109 6 9 3 4 6 3
20130109 7 3 7 9 3 5
20130109 8 7 2 9 5 2
20130109 9 5 1 4 4 1
20130109 10 1 9 7 1 6
20130109 11 3 5 4 3 4
20130110 1 2 7 5 2 5
20130110 2 7 8 1 5 6
20130110 3 9 8 6 6 6
20130110 4 2 5 1 2 4
20130110 5 9 2 8 6 2
20130110 6 2 7 5 2 5
20130110 7 4 3 6 4 3
20130110 8 7 6 9 5 5
20130110 9 2 3 4 2 3
20130110 10 2 7 5 2 5
20130110 11 7 3 5 5 3
20130111 1 9 6 1 6 5
20130111 2 1 9 3 1 6
20130111 3 7 2 4 5 2
20130111 4 3 2 9 3 2
20130111 5 1 5 9 1 4
20130111 6 4 1 5 0 0
20130111 7 5 1 3 5 1
20130111 8 2 1 4 2 1
20130111 9 7 4 6 5 4
20130111 10 5 1 2 4 1
20130111 11 5 9 1 4 6
20130126 1 5 2 4 0 0
20130126 2 5 4 1 0 0
20130126 3 3 4 5 0 0
20130126 4 3 2 4 0 0
20130126 5 3 4 5 0 0
20130126 6 1 4 6 1 4
20130126 7 7 2 3 5 2
20130126 8 5 6 7 4 5
20130126 9 4 3 2 4 3
20130126 10 5 1 2 4 1
20130126 11 2 5 7 2 4
20130127 1 5 3 1 0 0
20130127 2 1 5 2 0 0
20130127 3 3 1 5 0 0
20130127 4 4 5 1 0 0
20130127 5 7 5 4 0 0
20130127 6 2 7 4 2 5
20130127 7 7 1 9 5 1
20130127 8 7 3 8 5 3
20130127 9 2 1 7 2 1
20130127 10 5 1 7 4 1
20130127 11 7 5 1 5 4
20130128 1 7 2 5 0 0
20130128 2 3 5 4 0 0
20130128 3 5 1 2 0 0
20130128 4 3 5 7 0 0
20130128 5 4 2 7 0 0
20130128 6 7 9 3 5 6
20130128 7 7 1 4 5 1
20130128 8 2 3 5 2 3
20130128 9 3 9 8 3 6
20130128 10 2 3 1 2 3
20130128 11 2 6 9 2 5
20130213 1 5 1 3 4 1
20130213 2 1 3 6 1 3
20130213 3 1 2 7 1 2
20130213 4 7 9 2 5 6
20130213 5 1 7 2 1 5
20130213 6 1 7 4 1 5
20130213 7 4 9 3 4 6
20130213 8 2 4 9 2 4
20130213 9 2 5 9 2 4
20130213 10 1 5 3 1 4
20130213 11 7 8 3 5 6
20130214 1 5 1 7 4 1
20130214 2 2 7 3 2 5
20130214 3 2 6 8 2 5
20130214 4 2 5 9 2 4
20130214 5 9 2 7 6 2
20130214 6 1 5 8 1 4
20130214 7 9 1 5 6 1
20130214 8 5 3 1 4 3
20130214 9 5 7 4 4 5
20130214 10 3 9 8 3 6
20130214 11 9 5 1 6 4
20130215 1 7 2 5 5 2
20130215 2 2 1 7 2 1
20130215 3 5 1 3 4 1
20130215 4 5 2 7 4 2
20130215 5 2 9 4 2 6
20130215 6 1 7 6 1 5
20130215 7 5 3 1 4 3
20130215 8 5 2 1 4 2
20130215 9 8 5 4 6 4
20130215 10 1 9 7 1 6
20130215 11 5 6 9 4 5
20130228 1 2 7 3 0 0
20130228 2 1 5 2 0 0
20130228 3 4 7 2 0 0
20130228 4 5 3 1 0 0
20130228 5 7 3 5 0 0
20130228 6 5 1 2 4 1
20130228 7 5 3 1 4 3
20130228 8 5 1 7 4 1
20130228 9 1 5 8 1 4
20130228 10 1 5 8 1 4
20130228 11 1 5 9 1 4
20130301 1 2 4 6 0 0
20130301 2 4 2 5 0 0
20130301 3 7 4 6 0 0
20130301 4 1 5 7 0 0
20130301 5 3 7 5 0 0
20130301 6 7 9 1 5 6
20130301 7 2 5 1 2 4
20130301 8 1 7 5 1 5
20130301 9 2 7 9 2 5
20130301 10 7 2 1 5 2
20130301 11 1 2 9 1 2
20130302 1 4 7 3 0 0
20130302 2 7 1 2 0 0
20130302 3 5 7 2 0 0
20130302 4 2 4 7 0 0
20130302 5 3 2 4 0 0
20130302 6 2 7 4 2 5
20130302 7 3 1 2 3 1
20130302 8 3 9 2 3 6
20130302 9 3 1 7 3 1
20130302 10 9 3 2 6 3
20130302 11 2 4 7 2 4
20130309 1 1 5 2 0 0
20130309 2 3 1 7 0 0
20130309 3 3 2 1 0 0
20130309 4 7 1 3 0 0
20130309 5 5 1 7 0 0
20130309 6 2 3 9 2 3
20130309 7 7 1 3 5 1
20130309 8 4 9 5 4 6
20130309 9 9 3 5 6 3
20130309 10 9 1 5 6 1
20130309 11 1 9 7 1 6
20130310 1 5 2 1 0 0
20130310 2 2 7 1 0 0
20130310 3 4 7 2 0 0
20130310 4 2 4 1 0 0
20130310 5 7 3 6 0 0
20130310 6 9 3 1 6 3
20130310 7 1 7 9 1 5
20130310 8 1 5 7 1 4
20130310 9 4 7 3 4 5
20130310 10 2 9 3 2 6
20130310 11 5 9 3 4 6
20130311 1 3 2 5 0 0
20130311 2 5 1 7 0 0
20130311 3 4 1 3 0 0
20130311 4 1 2 6 0 0
20130311 5 1 4 6 0 0
20130311 6 5 9 4 4 6
20130311 7 2 7 9 2 5
20130311 8 2 4 1 2 4
20130311 9 8 3 5 6 3
20130311 10 1 9 3 1 6
20130311 11 4 2 6 4 2
20130420 1 2 1 5 0 0
20130420 2 2 4 3 0 0
20130420 3 7 1 2 0 0
20130420 4 2 5 3 0 0
20130420 5 5 1 2 0 0
20130420 6 7 5 6 5 4
20130420 7 1 9 2 1 6
20130420 8 2 7 8 2 5
20130420 9 9 1 8 6 1
20130420 10 3 2 9 3 2
20130421 1 6 1 3 0 0
20130421 2 1 4 5 0 0
20130421 3 7 2 5 0 0
20130421 4 7 4 3 0 0
20130421 5 4 3 5 0 0
20130421 6 5 2 1 4 2
20130421 7 7 9 1 5 6
20130421 8 1 7 6 1 5
20130421 9 7 9 1 5 6
20130421 10 5 9 1 4 6
20130422 1 2 3 5 0 0
20130422 2 7 6 4 0 0
20130422 3 3 4 1 0 0
20130422 4 5 4 1 0 0
20130422 5 1 7 8 1 5
20130422 6 2 1 7 2 1
20130422 7 5 1 6 0 0
20130422 8 7 3 9 5 3
20130422 9 1 7 2 1 5
20130422 10 4 5 9 4 4
20130430 1 3 9 7 3 6
20130430 2 1 7 4 1 5
20130430 3 9 1 5 6 1
20130430 4 7 5 2 5 4
20130430 5 1 9 4 1 6
20130430 6 1 7 4 1 5
20130430 7 8 4 1 6 4
20130430 8 8 3 1 6 3
20130430 9 9 3 2 6 3
20130430 10 2 3 7 2 3
20130430 11 1 7 8 1 5
20130501 1 2 5 4 2 4
20130501 2 2 6 7 2 5
20130501 3 9 3 5 6 3
20130501 4 2 3 7 2 3
20130501 5 7 5 3 5 4
20130501 6 7 2 9 5 2
20130501 7 5 9 1 4 6
20130501 8 7 2 9 5 2
20130501 9 4 1 7 4 1
20130501 10 3 8 1 3 6
20130501 11 5 1 3 4 1
20130502 1 2 1 9 2 1
20130502 2 5 2 7 4 2
20130502 3 3 2 7 3 2
20130502 4 2 3 5 2 3
20130502 5 2 3 5 2 3
20130502 6 3 8 9 3 6
20130502 7 9 5 8 6 4
20130502 8 2 7 4 2 5
20130502 9 9 2 4 6 2
20130502 10 3 9 8 3 6
20130502 11 3 1 2 3 1
20130603 1 3 7 5 0 0
20130603 2 4 5 7 0 0
20130603 3 3 1 5 0 0
20130603 4 1 3 2 0 0
20130603 5 4 1 5 0 0
20130603 6 2 7 9 2 5
20130603 7 1 9 8 1 6
20130603 8 5 7 3 4 5
20130603 9 1 3 7 1 3
20130603 10 3 9 7 3 6
20130604 1 1 7 4 0 0
20130604 2 3 1 7 0 0
20130604 3 1 5 4 0 0
20130604 4 2 3 5 0 0
20130604 5 1 6 7 0 0
20130604 6 1 7 5 1 5
20130604 7 1 2 5 1 2
20130604 8 2 7 5 2 5
20130604 9 7 9 3 5 6
20130604 10 1 7 9 1 5
20130605 1 5 6 4 0 0
20130605 2 4 7 2 0 0
20130605 3 7 5 3 0 0
20130605 4 3 6 7 0 0
20130605 5 2 5 1 2 4
20130605 6 2 1 9 2 1
20130605 7 1 4 2 0 0
20130605 8 1 5 7 1 4
20130605 9 7 9 4 5 6
20130605 10 2 9 8 2 6
20130610 1 5 3 8 4 3
20130610 2 4 8 7 4 6
20130610 3 2 3 1 2 3
20130610 4 9 2 1 6 2
20130610 5 2 9 1 2 6
20130610 6 9 5 3 6 4
20130610 7 3 9 7 3 6
20130610 8 2 5 7 2 4
20130610 9 5 9 1 4 6
20130610 10 1 7 5 1 5
20130610 11 2 4 6 2 4
20130611 1 7 3 2 5 3
20130611 2 1 2 7 1 2
20130611 3 2 9 3 2 6
20130611 4 1 3 2 1 3
20130611 5 7 1 9 5 1
20130611 6 2 8 3 2 6
20130611 7 2 5 4 2 5
20130611 8 2 9 3 2 6
20130611 9 5 2 8 4 2
20130611 10 5 1 2 4 1
20130611 11 4 7 5 4 5
20130612 1 5 1 6 4 1
20130612 2 7 3 1 5 3
20130612 3 7 8 5 5 6
20130612 4 2 9 3 2 6
20130612 5 2 7 5 2 5
20130612 6 4 3 9 4 3
20130612 7 5 7 8 4 5
20130612 8 5 6 3 4 5
20130612 9 5 2 8 4 2
20130612 10 5 4 1 4 4
20130612 11 1 7 8 1 5
20130621 1 4 7 1 0 0
20130621 2 1 2 4 0 0
20130621 3 1 4 2 0 0
20130621 4 5 3 2 0 0
20130621 5 7 4 3 0 0
20130621 6 5 9 7 4 6
20130621 7 9 3 1 6 3
20130621 8 5 1 3 4 1
20130621 9 3 9 5 3 6
20130621 10 7 5 1 5 4
20130622 1 7 3 1 0 0
20130622 2 2 4 5 0 0
20130622 3 3 5 4 0 0
20130622 4 1 5 6 0 0
20130622 5 3 7 6 0 0
20130622 6 1 5 4 1 4
20130622 7 1 7 9 1 5
20130622 8 8 2 1 6 2
20130622 9 9 5 2 6 4
20130622 10 1 2 4 1 2
20130623 1 3 5 2 0 0
20130623 2 1 7 5 0 0
20130623 3 2 5 3 0 0
20130623 4 1 5 3 0 0
20130623 5 5 9 1 4 6
20130623 6 1 3 9 1 3
20130623 7 1 3 2 0 0
20130623 8 2 4 9 2 4
20130623 9 1 7 2 1 5
20130623 10 9 1 2 6 1
20130727 1 1 4 3 0 0
20130727 2 1 3 2 0 0
20130727 3 1 3 2 0 0
20130727 4 5 3 6 0 0
20130727 5 7 4 1 0 0
20130727 6 5 1 9 4 1
20130727 7 3 5 7 3 4
20130727 8 9 2 8 6 2
20130727 9 7 1 3 5 1
20130727 10 3 4 7 3 4
20130728 1 1 5 3 0 0
20130728 2 2 1 5 0 0
20130728 3 2 3 4 0 0
20130728 4 7 1 5 0 0
20130728 5 1 3 7 0 0
20130728 6 9 1 7 6 1
20130728 7 3 1 6 3 1
20130728 8 3 2 5 3 2
20130728 9 3 1 7 3 1
20130728 10 2 5 9 2 4
20130729 1 1 4 5 0 0
20130729 2 4 5 1 0 0
20130729 3 5 1 3 0 0
20130729 4 3 1 7 0 0
20130729 5 5 1 8 4 1
20130729 6 2 7 5 2 5
20130729 7 2 7 1 0 0
20130729 8 7 9 1 5 6
20130729 9 7 9 1 5 6
20130729 10 2 3 5 2 3
20130810 1 5 4 7 0 0
20130810 2 3 1 4 0 0
20130810 3 4 1 7 0 0
20130810 4 1 2 7 0 0
20130810 5 3 5 2 0 0
20130810 6 4 1 2 0 0
20130810 7 7 5 3 0 0
20130810 8 3 7 5 3 5
20130810 9 3 5 7 3 4
20130810 10 1 5 2 1 4
20130810 11 6 3 7 5 3
20130810 12 8 3 4 6 3
20130811 1 1 5 2 0 0
20130811 2 4 6 1 0 0
20130811 3 5 2 7 0 0
20130811 4 2 6 3 0 0
20130811 5 1 3 7 0 0
20130811 6 7 5 6 0 0
20130811 7 7 1 3 0 0
20130811 8 9 2 4 6 2
20130811 9 1 6 4 1 5
20130811 10 5 2 9 4 2
20130811 11 1 3 9 1 3
20130811 12 1 7 8 1 5
20130812 1 4 7 3 0 0
20130812 2 1 2 6 0 0
20130812 3 6 1 7 0 0
20130812 4 7 3 4 0 0
20130812 5 1 3 2 0 0
20130812 6 1 4 7 1 4
20130812 7 5 2 7 4 2
20130812 8 7 3 5 0 0
20130812 9 5 7 9 4 5
20130812 10 2 3 9 2 3
20130812 11 5 7 6 0 0
20130812 12 2 7 3 2 5
20130819 1 3 2 1 3 2
20130819 2 2 3 7 2 3
20130819 3 2 5 6 2 4
20130819 4 9 2 4 6 2
20130819 5 2 5 1 2 4
20130819 6 7 3 2 5 3
20130819 7 7 1 9 5 1
20130819 8 7 3 9 5 3
20130819 9 5 3 4 4 3
20130819 10 1 3 9 1 3
20130819 11 5 2 7 4 2
20130820 1 8 1 5 6 1
20130820 2 8 9 1 6 6
20130820 3 7 8 1 5 6
20130820 4 1 5 9 1 4
20130820 5 1 3 8 1 3
20130820 6 5 3 2 4 3
20130820 7 1 5 9 1 4
20130820 8 9 5 1 6 4
20130820 9 1 9 2 1 6
20130820 10 1 3 9 1 3
20130820 11 5 7 1 4 5
20130821 1 7 2 9 5 2
20130821 2 3 7 4 3 5
20130821 3 1 7 9 1 5
20130821 4 2 1 5 2 1
20130821 5 9 5 1 6 4
20130821 6 4 3 2 4 3
20130821 7 3 5 2 3 4
20130821 8 3 2 6 3 2
20130821 9 3 7 1 3 5
20130821 10 1 9 3 1 6
20130821 11 1 5 9 1 4
20130921 1 2 8 6 2 6
20130921 2 7 1 5 5 1
20130921 3 3 7 1 3 5
20130921 4 9 3 1 6 3
20130921 5 2 7 1 2 5
20130921 6 5 9 1 4 6
20130921 7 1 9 4 1 6
20130921 8 7 1 9 5 1
20130921 9 6 5 2 5 4
20130921 10 9 3 2 6 3
20130921 11 9 2 5 6 2
20130922 1 3 6 4 3 5
20130922 2 1 5 4 1 4
20130922 3 1 5 9 1 4
20130922 4 9 7 3 6 5
20130922 5 1 7 5 1 5
20130922 6 3 5 1 3 4
20130922 7 1 5 3 1 4
20130922 8 3 9 7 3 6
20130922 9 7 5 1 5 4
20130922 10 2 1 7 2 1
20130922 11 1 2 8 1 2
20130922 12 5 3 2 4 3
20130923 1 3 2 5 3 2
20130923 2 5 9 2 4 6
20130923 3 3 9 2 3 6
20130923 4 2 4 8 2 4
20130923 5 5 1 7 4 1
20130923 6 7 1 5 5 1
20130923 7 1 8 9 1 6
20130923 8 4 5 7 4 4
20130923 9 1 3 9 1 3
20130923 10 2 7 5 2 5
20130923 11 8 5 7 6 4
20130924 1 5 1 7 4 1
20130924 2 7 1 2 5 1
20130924 3 7 3 5 5 3
20130924 4 9 8 6 6 6
20130924 5 6 1 2 5 1
20130924 6 7 3 9 5 3
20130924 7 6 4 7 5 4
20130924 8 2 5 7 2 4
20130924 9 9 1 2 6 1
20130924 10 2 4 1 2 4
20130924 11 2 9 4 2 6
20131002 1 7 5 2 5 4
20131002 2 5 2 1 4 2
20131002 3 7 5 9 5 4
20131002 4 7 4 9 5 4
20131002 5 1 9 3 1 6
20131002 6 9 5 6 6 4
20131002 7 7 5 1 5 4
20131002 8 5 7 4 4 5
20131002 9 5 2 6 4 2
20131002 10 2 9 3 2 6
20131002 11 8 6 4 6 5
20131003 1 1 3 4 1 3
20131003 2 4 6 5 4 5
20131003 3 5 7 1 4 5
20131003 4 5 4 1 4 4
20131003 5 1 3 7 1 3
20131003 6 9 7 2 6 5
20131003 7 2 5 7 2 4
20131003 8 3 2 6 3 2
20131003 9 7 1 8 5 1
20131003 10 2 7 3 2 5
20131003 11 1 4 8 1 4
20131004 1 1 7 5 1 5
20131004 2 3 5 4 3 4
20131004 3 3 8 5 3 6
20131004 4 1 8 3 1 6
20131004 5 2 9 1 2 6
20131004 6 7 5 4 6 5
20131004 7 2 9 5 2 6
20131004 8 9 3 5 6 3
20131004 9 6 9 1 5 6
20131004 10 7 3 1 5 3
20131004 11 1 5 9 1 4
20131016 1 7 1 2 0 0
20131016 2 6 2 3 0 0
20131016 3 6 7 3 0 0
20131016 4 5 1 3 0 0
20131016 5 5 2 7 0 0
20131016 6 7 1 9 5 1
20131016 7 5 7 2 4 5
20131016 8 1 5 2 1 4
20131016 9 9 4 5 6 4
20131016 10 4 8 3 4 6
20131017 1 1 3 4 0 0
20131017 2 1 2 3 0 0
20131017 3 2 5 1 0 0
20131017 4 6 1 5 0 0
20131017 5 3 2 4 0 0
20131017 6 5 4 3 4 4
20131017 7 3 1 7 3 1
20131017 8 8 1 7 6 1
20131017 9 7 4 1 5 4
20131017 10 1 7 4 1 5
20131018 1 2 6 4 0 0
20131018 2 1 3 2 0 0
20131018 3 5 3 1 0 0
20131018 4 6 2 4 0 0
20131018 5 9 1 4 6 1
20131018 6 5 7 1 4 5
20131018 7 6 3 5 0 0
20131018 8 1 7 3 1 5
20131018 9 9 5 3 6 4
20131018 10 7 4 2 5 4
20131029 1 7 5 4 0 0
20131029 2 4 5 2 0 0
20131029 3 5 1 7 0 0
20131029 4 2 7 3 0 0
20131029 5 3 1 7 0 0
20131029 6 9 1 2 6 1
20131029 7 1 7 9 1 5
20131029 8 7 5 1 5 4
20131029 9 5 2 8 4 2
20131029 10 5 2 9 4 2
20131030 1 4 7 2 0 0
20131030 2 3 4 1 0 0
20131030 3 7 2 4 0 0
20131030 4 1 7 5 0 0
20131030 5 3 5 7 0 0
20131030 6 3 4 1 3 4
20131030 7 2 1 3 2 1
20131030 8 9 7 2 6 5
20131030 9 5 8 2 4 6
20131030 10 8 2 1 6 2
20131031 1 1 3 4 0 0
20131031 2 1 4 3 0 0
20131031 3 7 5 4 0 0
20131031 4 7 5 2 0 0
20131031 5 1 6 3 1 5
20131031 6 5 1 8 4 1
20131031 7 4 3 1 0 0
20131031 8 9 2 1 6 2
20131031 9 1 9 3 1 6
20131031 10 1 5 3 1 4
20131125 1 9 7 4 6 5
20131125 2 5 3 6 4 3
20131125 3 5 3 9 4 3
20131125 4 5 1 7 4 1
20131125 5 8 2 9 6 2
20131125 6 2 4 1 2 4
20131125 7 2 7 4 2 5
20131125 8 8 2 9 6 2
20131125 9 5 2 4 4 2
20131125 10 1 8 2 1 6
20131125 11 9 3 2 6 3
20131126 1 3 7 9 3 5
20131126 2 1 9 5 1 6
20131126 3 1 7 9 1 5
20131126 4 1 5 4 1 4
20131126 5 5 7 1 4 5
20131126 6 3 1 5 3 1
20131126 7 9 6 1 6 5
20131126 8 5 1 4 4 1
20131126 9 2 9 7 2 6
20131126 10 5 3 4 4 3
20131126 11 9 2 7 6 2
20131127 1 3 1 5 3 1
20131127 2 1 9 5 1 6
20131127 3 7 9 3 5 6
20131127 4 7 5 2 5 4
20131127 5 7 3 5 5 3
20131127 6 5 7 1 4 5
20131127 7 5 3 1 4 3
20131127 8 5 2 9 4 2
20131127 9 1 6 4 1 5
20131127 10 7 4 1 5 4
20131127 11 5 3 1 4 3
20131202 1 7 1 4 5 1
20131202 2 8 2 1 6 2
20131202 3 5 1 9 4 1
20131202 4 9 1 7 6 1
20131202 5 3 7 1 3 5
20131202 6 7 1 5 5 1
20131202 7 7 5 2 5 4
20131202 8 9 5 2 6 4
20131202 9 1 2 3 1 2
20131202 10 5 1 9 4 1
20131202 11 1 2 7 1 2
20131203 1 1 3 9 1 3
20131203 2 5 1 7 4 1
20131203 3 2 7 1 2 5
20131203 4 9 8 3 6 6
20131203 5 9 1 5 6 1
20131203 6 5 7 9 4 5
20131203 7 5 2 3 4 2
20131203 8 9 1 4 6 1
20131203 9 3 7 8 3 5
20131203 10 7 9 2 5 6
20131203 11 9 2 5 6 2
20131204 1 1 5 7 1 4
20131204 2 1 8 2 1 6
20131204 3 3 7 6 3 5
20131204 4 1 9 8 1 6
20131204 5 1 7 5 1 5
20131204 6 4 2 1 4 2
20131204 7 9 2 5 6 2
20131204 8 2 7 1 2 5
20131204 9 7 4 1 5 4
20131204 10 3 7 9 3 5
20131204 11 3 4 9 3 4
20131224 1 5 2 6 0 0
20131224 2 5 1 3 0 0
20131224 3 7 1 5 0 0
20131224 4 3 5 1 0 0
20131224 5 4 5 7 0 0
20131224 6 7 2 1 5 2
20131224 7 1 5 9 1 4
20131224 8 1 3 7 1 3
20131224 9 1 9 8 1 6
20131224 10 1 7 5 1 5
20131225 1 1 7 2 0 0
20131225 2 3 2 6 0 0
20131225 3 7 5 6 0 0
20131225 4 5 4 1 0 0
20131225 5 3 5 2 0 0
20131225 6 9 3 5 6 3
20131225 7 9 5 7 6 4
20131225 8 4 1 5 4 1
20131225 9 2 6 7 2 5
20131225 10 2 1 3 2 1
20131226 1 4 2 5 0 0
20131226 2 5 4 1 0 0
20131226 3 4 5 3 0 0
20131226 4 1 2 3 0 0
20131226 5 2 9 6 2 6
20131226 6 2 5 6 2 4
20131226 7 3 2 1 0 0
20131226 8 5 1 8 4 1
20131226 9 7 2 3 5 2
20131226 10 1 3 5 1 3
20140122 1 1 2 3 0 0
20140122 2 7 3 1 0 0
20140122 3 5 7 4 0 0
20140122 4 3 1 2 0 0
20140122 5 3 5 7 0 0
20140122 6 5 1 2 4 1
20140122 7 2 7 9 2 5
20140122 8 1 8 9 1 6
20140122 9 7 1 9 5 1
20140122 10 1 9 5 1 6
20140123 1 7 4 3 0 0
20140123 2 4 3 1 0 0
20140123 3 1 3 7 0 0
20140123 4 1 4 5 0 0
20140123 5 2 7 1 0 0
20140123 6 5 2 7 4 2
20140123 7 5 3 1 4 3
20140123 8 5 1 8 4 1
20140123 9 5 7 2 4 5
20140123 10 2 9 3 2 6
20140124 1 6 2 3 0 0
20140124 2 6 2 3 0 0
20140124 3 2 4 6 0 0
20140124 4 1 4 2 0 0
20140124 5 7 2 9 5 2
20140124 6 3 9 7 3 6
20140124 7 5 3 2 0 0
20140124 8 7 1 2 5 1
20140124 9 2 1 4 2 1
20140124 10 2 1 3 2 1
20140204 1 5 2 1 4 2
20140204 2 9 2 8 6 2
20140204 3 1 2 3 1 2
20140204 4 1 9 5 1 6
20140204 5 7 1 2 5 1
20140204 6 5 9 3 4 6
20140204 7 7 3 5 5 3
20140204 8 5 9 1 4 6
20140204 9 7 1 9 5 1
20140204 10 7 5 1 5 4
20140204 11 7 2 8 5 2
20140205 1 9 8 5 6 6
20140205 2 3 4 9 3 4
20140205 3 5 7 1 4 5
20140205 4 2 1 7 2 1
20140205 5 2 7 6 2 5
20140205 6 1 5 2 1 4
20140205 7 9 6 7 6 5
20140205 8 2 1 5 2 1
20140205 9 6 9 7 5 6
20140205 10 7 2 1 5 2
20140205 11 1 4 2 1 4
20140206 1 2 4 5 2 4
20140206 2 5 9 1 4 6
20140206 3 8 7 5 6 5
20140206 4 5 9 3 4 6
20140206 5 1 5 9 1 4
20140206 6 3 7 1 3 6
20140206 7 9 6 3 6 5
20140206 8 3 8 9 3 6
20140206 9 7 8 9 5 6
20140206 10 5 1 2 4 1
20140206 11 1 7 5 1 5
20140225 1 1 4 7 0 0
20140225 2 2 7 1 0 0
20140225 3 3 5 1 0 0
20140225 4 5 1 4 0 0
20140225 5 7 2 1 0 0
20140225 6 9 3 1 6 3
20140225 7 3 1 9 3 1
20140225 8 1 5 9 1 4
20140225 9 1 5 8 1 4
20140225 10 4 2 8 4 2
20140226 1 2 4 1 0 0
20140226 2 2 4 3 0 0
20140226 3 2 3 6 0 0
20140226 4 4 7 1 0 0
20140226 5 7 5 4 0 0
20140226 6 1 3 8 1 3
20140226 7 9 5 2 6 4
20140226 8 2 8 4 2 6
20140226 9 9 1 4 6 1
20140226 10 1 2 4 1 2
20140227 1 1 7 4 0 0
20140227 2 1 4 2 0 0
20140227 3 5 7 4 0 0
20140227 4 1 2 7 0 0
20140227 5 9 7 5 6 5
20140227 6 7 1 9 5 1
20140227 7 7 4 3 0 0
20140227 8 2 5 4 2 4
20140227 9 9 3 4 6 3
20140227 10 7 5 1 5 4
20140420 1 3 5 7 0 0
20140420 2 4 2 1 0 0
20140420 3 7 1 3 0 0
20140420 4 1 4 5 0 0
20140420 5 5 1 6 0 0
20140420 6 3 4 9 3 4
20140420 7 1 9 7 1 6
20140420 8 2 6 5 2 5
20140420 9 1 6 2 1 5
20140420 10 9 4 1 6 4
20140421 1 5 1 4 0 0
20140421 2 1 4 7 0 0
20140421 3 7 2 3 0 0
20140421 4 2 5 4 0 0
20140421 5 3 7 1 0 0
20140421 6 3 2 8 3 2
20140421 7 7 2 1 5 2
20140421 8 7 2 1 5 2
20140421 9 3 1 5 3 1
20140421 10 3 9 4 3 6
20140422 1 3 5 4 0 0
20140422 2 7 1 2 0 0
20140422 3 1 7 2 0 0
20140422 4 7 5 4 0 0
20140422 5 6 1 5 5 1
20140422 6 9 4 7 6 4
20140422 7 1 2 3 0 0
20140422 8 3 9 2 3 6
20140422 9 4 8 1 4 6
20140422 10 1 3 8 1 3
20140430 1 2 5 7 2 4
20140430 2 3 2 9 3 2
20140430 3 1 9 7 1 6
20140430 4 1 5 7 1 4
20140430 5 3 1 2 3 1
20140430 6 1 9 4 1 6
20140430 7 7 4 1 5 4
20140430 8 2 5 7 2 4
20140430 9 5 3 6 4 3
20140430 10 9 7 4 6 5
20140430 11 9 8 2 6 6
20140501 1 2 4 8 2 4
20140501 2 2 8 1 2 6
20140501 3 7 5 2 5 4
20140501 4 3 9 1 3 6
20140501 5 3 8 5 3 6
20140501 6 3 7 5 3 5
20140501 7 8 3 5 6 3
20140501 8 1 2 7 1 2
20140501 9 2 7 1 2 5
20140501 10 9 1 6 6 1
20140501 11 9 6 8 6 5
20140502 1 1 7 4 1 5
20140502 2 2 3 4 2 3
20140502 3 7 2 9 5 2
20140502 4 9 5 1 6 4
20140502 5 7 1 6 5 1
20140502 6 1 4 3 1 4
20140502 7 5 9 1 4 6
20140502 8 1 8 6 1 6
20140502 9 1 5 8 1 4
20140502 10 2 4 5 2 4
20140502 11 3 5 1 3 4
20140503 1 5 2 1 0 0
20140503 2 3 5 2 0 0
20140503 3 7 1 3 0 0
20140503 4 1 5 2 0 0
20140503 5 4 1 5 0 0
20140503 6 6 4 3 0 0
20140503 7 3 5 6 0 0
20140503 8 1 2 3 1 2
20140503 9 3 1 8 3 1
20140503 10 9 8 3 6 6
20140503 11 9 4 7 6 4
20140503 12 2 9 1 2 6
20140504 1 7 2 4 0 0
20140504 2 2 5 7 0 0
20140504 3 6 4 7 0 0
20140504 4 2 5 7 0 0
20140504 5 2 7 5 0 0
20140504 6 4 7 6 0 0
20140504 7 4 3 2 0 0
20140504 8 7 1 5 5 1
20140504 9 2 4 9 2 4
20140504 10 5 7 2 4 5
20140504 11 3 2 5 3 2
20140504 12 5 1 2 4 1
20140505 1 5 3 7 0 0
20140505 2 1 7 3 0 0
20140505 3 6 5 4 0 0
20140505 4 4 7 2 0 0
20140505 5 5 4 3 0 0
20140505 6 5 3 4 4 3
20140505 7 1 9 5 1 6
20140505 8 1 2 3 0 0
20140505 9 2 7 6 2 5
20140505 10 8 2 5 6 2
20140505 11 1 7 3 0 0
20140505 12 5 6 4 4 5
20140626 1 5 7 1 0 0
20140626 2 4 5 7 0 0
20140626 3 5 3 1 0 0
20140626 4 1 3 5 0 0
20140626 5 2 7 3 0 0
20140626 6 1 6 4 0 0
20140626 7 5 1 3 0 0
20140626 8 1 9 4 1 6
20140626 9 3 5 7 3 4
20140626 10 3 5 8 3 4
20140626 11 2 1 5 2 1
20140626 12 9 2 8 6 2
20140627 1 7 4 3 0 0
20140627 2 7 4 1 0 0
20140627 3 4 2 3 0 0
20140627 4 2 4 7 0 0
20140627 5 4 1 3 0 0
20140627 6 6 7 1 0 0
20140627 7 7 1 4 0 0
20140627 8 5 2 3 4 2
20140627 9 9 7 5 6 5
20140627 10 9 7 2 6 5
20140627 11 3 5 1 3 4
20140627 12 5 2 1 4 2
20140628 1 7 2 5 0 0
20140628 2 2 1 7 0 0
20140628 3 4 3 1 0 0
20140628 4 4 1 7 0 0
20140628 5 3 1 6 0 0
20140628 6 7 3 9 5 3
20140628 7 3 4 2 3 4
20140628 8 3 5 7 0 0
20140628 9 1 4 2 1 4
20140628 10 2 1 5 2 1
20140628 11 1 5 3 0 0
20140628 12 7 8 2 5 6
20140707 1 7 3 8 5 3
20140707 2 9 1 2 6 1
20140707 3 1 3 4 1 3
20140707 4 1 2 9 1 2
20140707 5 1 7 2 1 5
20140707 6 7 8 1 5 6
20140707 7 9 5 3 6 4
20140707 8 7 1 3 5 1
20140707 9 5 1 4 4 1
20140707 10 3 6 5 3 5
20140707 11 7 2 3 5 2
20140708 1 2 1 9 2 1
20140708 2 3 1 2 3 1
20140708 3 1 9 8 1 6
20140708 4 7 6 2 5 5
20140708 5 1 9 5 1 6
20140708 6 9 7 2 6 5
20140708 7 2 7 5 2 5
20140708 8 1 8 3 1 6
20140708 9 5 3 2 4 3
20140708 10 3 2 1 3 2
20140708 11 5 7 1 4 5
20140709 1 2 7 4 2 5
20140709 2 6 7 8 5 5
20140709 3 1 3 5 1 3
20140709 4 9 3 5 6 3
20140709 5 4 2 6 4 2
20140709 6 3 7 1 3 5
20140709 7 2 5 9 2 4
20140709 8 2 7 5 2 5
20140709 9 2 8 3 2 6
20140709 10 5 1 7 4 1
20140709 11 5 1 7 4 1
20140714 1 4 2 1 0 0
20140714 2 7 6 1 0 0
20140714 3 4 5 7 0 0
20140714 4 1 5 3 0 0
20140714 5 5 1 3 0 0
20140714 6 3 2 5 3 2
20140714 7 2 1 9 2 1
20140714 8 3 8 1 3 6
20140714 9 1 9 5 1 6
20140714 10 9 5 4 6 4
20140715 1 7 3 4 0 0
20140715 2 3 2 5 0 0
20140715 3 5 2 3 0 0
20140715 4 1 6 5 0 0
20140715 5 4 1 6 0 0
20140715 6 3 9 6 3 6
20140715 7 9 4 5 6 4
20140715 8 1 5 7 1 4
20140715 9 7 3 2 5 3
20140715 10 1 5 2 1 4
20140716 1 5 6 1 0 0
20140716 2 2 5 7 0 0
20140716 3 3 4 2 0 0
20140716 4 4 5 3 0 0
20140716 5 1 9 5 1 6
20140716 6 9 7 3 6 5
20140716 7 2 7 3 0 0
20140716 8 2 1 9 2 1
20140716 9 1 7 3 1 5
20140716 10 4 9 7 4 6
20140731 1 1 2 4 1 2
20140731 2 9 3 7 6 3
20140731 3 1 3 9 1 3
20140731 4 3 7 8 3 5
20140731 5 3 9 4 3 6
20140731 6 3 5 7 3 4
20140731 7 7 9 3 5 6
20140731 8 5 3 7 4 3
20140731 9 7 3 1 5 3
20140731 10 5 1 7 4 1
20140731 11 3 9 7 3 6
20140731 12 1 5 6 1 4
20140801 1 3 5 7 3 4
20140801 2 7 2 5 5 2
20140801 3 8 1 9 6 1
20140801 4 2 7 8 2 5
20140801 5 5 9 4 4 6
20140801 6 3 4 5 3 4
20140801 7 1 9 3 1 6
20140801 8 1 2 4 1 2
20140801 9 1 9 4 1 6
20140801 10 5 2 7 4 2
20140801 11 9 7 3 6 5
20140801 12 2 3 4 2 3
20140802 1 5 2 1 5 2
20140802 2 9 2 3 6 2
20140802 3 3 5 6 3 4
20140802 4 9 3 7 6 3
20140802 5 9 3 4 6 3
20140802 6 2 5 3 2 4
20140802 7 2 7 9 2 5
20140802 8 2 9 1 2 6
20140802 9 1 7 9 1 5
20140802 10 7 3 2 5 3
20140802 11 1 5 2 1 4
20140802 12 7 1 4 5 1
20140803 1 7 2 8 5 2
20140803 2 9 2 7 6 2
20140803 3 1 9 3 1 6
20140803 4 7 3 1 5 3
20140803 5 2 1 3 2 1
20140803 6 1 7 4 1 5
20140803 7 7 1 2 5 1
20140803 8 1 6 7 1 5
20140803 9 3 2 6 3 2
20140803 10 5 6 2 4 5
20140803 11 6 4 9 5 4
20140803 12 7 1 2 5 1
20140819 1 1 3 7 0 0
20140819 2 2 7 1 0 0
20140819 3 5 1 2 0 0
20140819 4 3 5 2 0 0
20140819 5 1 4 7 0 0
20140819 6 2 1 9 2 1
20140819 7 3 5 4 3 4
20140819 8 7 5 1 5 4
20140819 9 5 7 9 4 5
20140819 10 4 2 1 4 2
20140820 1 5 7 1 0 0
20140820 2 2 7 5 0 0
20140820 3 4 2 1 0 0
20140820 4 2 5 4 0 0
20140820 5 5 7 2 0 0
20140820 6 2 5 3 2 4
20140820 7 9 3 5 6 3
20140820 8 9 5 1 6 4
20140820 9 9 7 8 6 5
20140820 10 7 3 1 5 3
20140821 1 2 1 5 0 0
20140821 2 1 7 4 0 0
20140821 3 5 6 3 0 0
20140821 4 5 7 1 0 0
20140821 5 7 3 1 5 3
20140821 6 9 7 1 6 5
20140821 7 4 3 7 0 0
20140821 8 6 9 1 5 6
20140821 9 1 6 7 1 5
20140821 10 5 2 4 4 2
20140908 1 9 3 7 6 3
20140908 2 7 1 5 5 1
20140908 3 9 1 7 6 1
20140908 4 3 9 1 3 6
20140908 5 9 1 3 6 1
20140908 6 1 2 5 1 2
20140908 7 3 5 6 3 4
20140908 8 9 1 5 6 1
20140908 9 3 5 9 3 4
20140908 10 1 3 6 1 3
20140908 11 7 4 5 5 4
20140909 1 1 3 2 1 3
20140909 2 1 9 4 1 6
20140909 3 1 2 9 1 2
20140909 4 1 7 3 1 5
20140909 5 7 4 2 5 4
20140909 6 3 7 2 3 5
20140909 7 3 7 6 3 5
20140909 8 1 6 4 1 5
20140909 9 3 9 7 3 6
20140909 10 7 5 8 5 4
20140909 11 1 7 9 1 5
20140910 1 4 6 2 4 5
20140910 2 1 5 7 1 4
20140910 3 3 4 6 3 4
20140910 4 9 2 3 6 2
20140910 5 9 7 5 6 5
20140910 6 1 5 3 1 4
20140910 7 1 5 9 1 4
20140910 8 7 2 3 5 2
20140910 9 1 7 3 1 5
20140910 10 4 1 2 4 1
20140910 11 7 2 4 5 2
20141023 1 2 5 1 0 0
20141023 2 3 7 2 0 0
20141023 3 1 3 7 0 0
20141023 4 4 7 5 0 0
20141023 5 5 1 4 0 0
20141023 6 9 3 7 6 3
20141023 7 2 5 7 2 4
20141023 8 1 7 9 1 5
20141023 9 5 7 1 4 5
20141023 10 7 1 8 5 1
20141024 1 4 1 2 0 0
20141024 2 1 3 6 0 0
20141024 3 5 7 2 0 0
20141024 4 3 5 4 0 0
20141024 5 5 2 3 0 0
20141024 6 5 7 1 4 5
20141024 7 7 1 8 5 1
20141024 8 1 7 2 1 5
20141024 9 5 2 6 4 2
20141024 10 9 1 6 6 1
20141025 1 1 3 6 0 0
20141025 2 2 5 7 0 0
20141025 3 2 1 7 0 0
20141025 4 5 2 1 0 0
20141025 5 3 6 4 3 5
20141025 6 7 4 6 5 4
20141025 7 1 3 5 0 0
20141025 8 9 4 5 6 4
20141025 9 2 1 6 2 1
20141025 10 5 4 1 4 4
20141203 1 3 1 7 0 0
20141203 2 7 3 5 0 0
20141203 3 2 5 3 0 0
20141203 4 1 5 6 0 0
20141203 5 4 2 3 0 0
20141203 6 1 7 5 1 5
20141203 7 3 7 9 3 5
20141203 8 2 1 5 2 1
20141203 9 1 7 3 1 5
20141203 10 1 6 9 1 5
20141204 1 7 3 5 0 0
20141204 2 4 7 1 0 0
20141204 3 5 6 2 0 0
20141204 4 5 6 7 0 0
20141204 5 3 5 7 0 0
20141204 6 3 5 7 3 4
20141204 7 1 7 8 1 5
20141204 8 1 6 2 1 5
20141204 9 9 2 8 6 2
20141204 10 7 2 9 0 0
20141205 1 5 1 2 0 0
20141205 2 1 2 3 0 0
20141205 3 7 1 4 0 0
20141205 4 7 2 5 0 0
20141205 5 3 2 8 3 2
20141205 6 9 1 5 6 1
20141205 7 5 3 1 0 0
20141205 8 9 5 1 6 4
20141205 9 1 5 2 1 4
20141205 10 1 5 4 1 4
20141217 1 3 7 2 3 5
20141217 2 2 1 3 2 1
20141217 3 9 5 1 6 4
20141217 4 9 4 7 6 4
20141217 5 2 7 5 2 5
20141217 6 6 7 1 0 0
20141217 7 5 7 6 0 0
20141217 8 7 2 8 5 2
20141217 9 3 9 5 3 6
20141217 10 1 5 9 1 4
20141217 11 7 2 5 5 2
20141217 12 5 1 7 4 1
20141218 1 2 6 9 2 5
20141218 2 2 6 1 2 5
20141218 3 2 9 4 2 6
20141218 4 5 6 8 4 5
20141218 5 7 5 6 5 4
20141218 6 1 2 7 0 0
20141218 7 6 3 1 0 0
20141218 8 5 8 2 4 6
20141218 9 9 7 4 6 5
20141218 10 1 3 8 1 3
20141218 11 3 1 4 3 1
20141218 12 9 6 2 6 5
20141219 1 5 6 7 4 5
20141219 2 7 5 3 5 4
20141219 3 7 9 8 5 6
20141219 4 9 2 7 6 2
20141219 5 3 1 5 0 0
20141219 6 4 1 3 4 1
20141219 7 1 4 6 1 4
20141219 8 2 7 5 2 5
20141219 9 2 5 7 2 4
20141219 10 3 5 2 3 4
20141219 11 1 2 4 0 0
20141219 12 9 3 5 6 3
20150102 1 7 3 1 0 0
20150102 2 7 3 4 0 0
20150102 3 2 6 3 0 0
20150102 4 4 2 1 0 0
20150102 5 1 2 4 0 0
20150102 6 5 2 8 4 2
20150102 7 3 7 1 3 5
20150102 8 2 6 4 2 5
20150102 9 5 2 9 4 2
20150102 10 7 9 6 5 6
20150103 1 2 1 5 0 0
20150103 2 4 5 2 0 0
20150103 3 7 3 2 0 0
20150103 4 7 4 1 0 0
20150103 5 5 2 1 0 0
20150103 6 1 7 8 1 6
20150103 7 2 5 3 2 5
20150103 8 2 9 1 2 6
20150103 9 4 7 5 4 5
20150103 10 1 5 7 1 4
20150104 1 4 1 5 0 0
20150104 2 2 5 7 0 0
20150104 3 3 4 2 0 0
20150104 4 1 3 4 0 0
20150104 5 4 6 5 4 6
20150104 6 7 5 4 6 5
20150104 7 6 7 5 0 0
20150104 8 9 3 4 6 3
20150104 9 1 8 2 1 6
20150104 10 9 2 1 6 2
20150119 1 3 9 4 3 6
20150119 2 1 7 9 1 5
20150119 3 3 5 4 3 4
20150119 4 2 9 7 2 6
20150119 5 7 3 6 5 3
20150119 6 3 6 5 3 5
20150119 7 5 9 7 4 6
20150119 8 2 1 9 2 1
20150119 9 3 1 2 3 1
20150119 10 7 8 1 5 6
20150119 11 7 9 1 5 6
20150120 1 1 3 6 1 3
20150120 2 1 2 9 1 2
20150120 3 2 1 8 2 1
20150120 4 1 4 9 1 4
20150120 5 5 1 2 4 1
20150120 6 7 1 5 5 1
20150120 7 1 5 7 1 5
20150120 8 3 5 1 3 5
20150120 9 1 4 9 1 4
20150120 10 3 8 4 3 6
20150120 11 1 5 7 1 4
20150121 1 1 7 2 1 5
20150121 2 8 1 6 6 1
20150121 3 9 2 7 6 2
20150121 4 8 4 9 6 4
20150121 5 7 1 5 5 1
20150121 6 7 3 2 6 3
20150121 7 1 8 5 1 6
20150121 8 2 1 8 2 1
20150121 9 9 4 7 6 4
20150121 10 7 2 4 5 2
20150121 11 9 1 3 6 1
20150218 1 1 3 7 1 3
20150218 2 8 1 9 6 1
20150218 3 9 1 3 6 1
20150218 4 3 5 4 3 4
20150218 5 7 5 9 5 4
20150218 6 5 4 2 4 4
20150218 7 7 3 4 5 3
20150218 8 5 1 7 4 1
20150218 9 5 9 4 4 6
20150218 10 1 7 8 1 5
20150218 11 5 3 8 4 3
20150219 1 2 8 1 2 6
20150219 2 1 7 4 1 5
20150219 3 2 9 8 2 6
20150219 4 3 1 7 3 1
20150219 5 5 2 8 4 2
20150219 6 8 9 7 6 6
20150219 7 5 8 1 4 6
20150219 8 8 5 4 6 4
20150219 9 8 9 4 6 6
20150219 10 5 1 2 4 1
20150219 11 3 5 8 3 4
20150220 1 6 5 1 5 4
20150220 2 9 3 5 6 3
20150220 3 1 5 2 1 4
20150220 4 9 5 2 6 4
20150220 5 9 2 3 6 2
20150220 6 2 5 3 2 5
20150220 7 2 8 5 2 6
20150220 8 1 9 7 1 6
20150220 9 3 1 9 3 1
20150220 10 3 5 8 3 4
20150220 11 8 3 5 6 3
20150222 1 7 1 5 0 0
20150222 2 4 1 7 0 0
20150222 3 3 1 5 0 0
20150222 4 4 5 1 0 0
20150222 5 4 1 7 0 0
20150222 6 3 2 7 0 0
20150222 7 5 1 4 0 0
20150222 8 7 8 2 5 6
20150222 9 7 3 5 5 3
20150222 10 9 3 1 6 3
20150222 11 5 1 8 4 1
20150222 12 2 8 9 2 6
20150223 1 7 1 3 0 0
20150223 2 3 5 6 0 0
20150223 3 2 4 6 0 0
20150223 4 2 1 5 0 0
20150223 5 5 1 3 0 0
20150223 6 7 5 1 0 0
20150223 7 2 1 6 0 0
20150223 8 2 7 3 2 5
20150223 9 7 8 2 5 6
20150223 10 3 1 7 3 1
20150223 11 9 5 4 6 4
20150223 12 7 2 1 5 2
20150224 1 1 5 3 0 0
20150224 2 3 5 7 0 0
20150224 3 3 1 4 0 0
20150224 4 3 5 7 0 0
20150224 5 2 1 4 0 0
20150224 6 1 2 9 1 2
20150224 7 4 6 9 4 5
20150224 8 3 5 2 0 0
20150224 9 4 8 2 4 6
20150224 10 1 7 4 1 5
20150224 11 6 4 5 0 0
20150224 12 2 1 8 2 1
20150311 1 1 3 7 1 3
20150311 2 2 7 5 2 5
20150311 3 9 4 5 6 4
20150311 4 2 9 7 2 6
20150311 5 1 7 2 1 5
20150311 6 3 6 8 3 5
20150311 7 1 9 5 1 6
20150311 8 7 1 3 5 1
20150311 9 3 5 7 3 4
20150311 10 6 1 5 5 1
20150311 11 7 1 3 5 1
20150312 1 5 9 1 4 6
20150312 2 1 3 7 1 3
20150312 3 3 5 4 3 4
20150312 4 1 9 3 1 6
20150312 5 4 7 2 4 5
20150312 6 9 2 4 6 2
20150312 7 5 9 2 4 6
20150312 8 5 1 2 4 1
20150312 9 4 5 3 4 4
20150312 10 3 2 7 3 2
20150312 11 7 6 1 5 5
20150313 1 7 1 2 5 1
20150313 2 5 7 3 4 5
20150313 3 5 2 1 4 2
20150313 4 2 9 5 2 6
20150313 5 4 3 2 4 3
20150313 6 3 7 1 3 5
20150313 7 3 5 7 3 4
20150313 8 1 8 2 1 6
20150313 9 7 9 5 5 6
20150313 10 9 8 2 6 6
20150313 11 4 1 2 4 1
20150417 1 3 1 7 0 0
20150417 2 7 2 1 0 0
20150417 3 3 5 2 0 0
20150417 4 7 6 5 0 0
20150417 5 1 2 4 0 0
20150417 6 2 1 3 0 0
20150417 7 7 1 3 0 0
20150417 8 7 1 3 5 1
20150417 9 5 6 3 4 5
20150417 10 2 9 7 2 6
20150417 11 0 0 0 4 5
20150417 12 2 5 1 2 4
20150418 1 7 1 5 0 0
20150418 2 5 4 2 0 0
20150418 3 4 1 2 0 0
20150418 4 1 2 5 0 0
20150418 5 5 2 7 0 0
20150418 6 6 1 7 0 0
20150418 7 4 7 1 0 0
20150418 8 7 1 2 5 1
20150418 9 1 7 3 1 5
20150418 10 5 1 7 4 1
20150418 11 5 7 4 4 5
20150418 12 1 5 7 1 4
20150419 1 1 3 5 0 0
20150419 2 5 7 6 0 0
20150419 3 7 1 5 0 0
20150419 4 7 3 4 0 0
20150419 5 6 7 1 0 0
20150419 6 3 7 9 3 5
20150419 7 2 9 4 2 6
20150419 8 7 1 3 0 0
20150419 9 7 9 2 5 6
20150419 10 1 7 9 1 5
20150419 11 3 2 7 0 0
20150419 12 4 5 6 4 4
20150527 1 1 7 3 1 5
20150527 2 1 5 2 1 4
20150527 3 9 1 7 6 1
20150527 4 5 1 2 4 1
20150527 5 7 3 9 5 3
20150527 6 5 1 8 4 1
20150527 7 2 8 9 2 6
20150527 8 1 2 3 1 2
20150527 9 1 3 9 1 3
20150527 10 1 5 9 1 4
20150527 11 5 9 4 4 6
20150528 1 1 2 7 1 2
20150528 2 3 9 7 3 6
20150528 3 7 1 9 5 1
20150528 4 4 2 9 4 2
20150528 5 1 2 5 1 2
20150528 6 1 7 5 1 5
20150528 7 5 9 1 4 6
20150528 8 5 7 8 4 5
20150528 9 2 3 8 2 3
20150528 10 9 4 7 6 4
20150528 11 1 4 8 1 4
20150529 1 2 3 7 2 3
20150529 2 9 1 5 6 1
20150529 3 7 1 6 5 1
20150529 4 2 1 4 2 1
20150529 5 8 1 7 6 1
20150529 6 1 5 8 1 4
20150529 7 3 9 2 3 6
20150529 8 7 1 3 5 1
20150529 9 1 5 3 1 4
20150529 10 9 1 5 6 1
20150529 11 3 7 9 3 5
20150603 1 1 4 3 0 0
20150603 2 3 5 2 0 0
20150603 3 4 3 1 0 0
20150603 4 5 3 6 0 0
20150603 5 2 3 1 0 0
20150603 6 2 7 1 2 5
20150603 7 3 7 2 3 5
20150603 8 3 5 1 3 4
20150603 9 9 1 4 6 1
20150603 10 3 1 5 3 1
20150604 1 1 6 3 0 0
20150604 2 1 7 4 0 0
20150604 3 5 7 3 0 0
20150604 4 1 3 4 0 0
20150604 5 4 2 6 0 0
20150604 6 2 1 4 2 1
20150604 7 1 7 2 1 5
20150604 8 3 2 4 3 2
20150604 9 2 4 7 2 4
20150604 10 1 9 2 1 6
20150605 1 3 5 2 0 0
20150605 2 1 7 3 0 0
20150605 3 4 2 7 0 0
20150605 4 1 7 4 0 0
20150605 5 2 5 8 2 4
20150605 6 9 3 1 6 3
20150605 7 3 5 6 0 0
20150605 8 8 2 5 6 2
20150605 9 5 1 3 4 1
20150605 10 1 3 5 1 3
20150706 1 9 3 2 6 3
20150706 2 7 5 9 5 4
20150706 3 7 2 4 5 2
20150706 4 9 1 3 6 1
20150706 5 1 7 9 1 5
20150706 6 4 1 8 4 1
20150706 7 5 1 7 4 1
20150706 8 9 7 6 6 5
20150706 9 9 5 2 6 4
20150706 10 9 1 2 6 1
20150706 11 1 4 3 1 4
20150707 1 2 8 7 2 6
20150707 2 7 1 3 5 1
20150707 3 4 3 6 4 3
20150707 4 5 3 1 4 3
20150707 5 9 3 4 6 3
20150707 6 5 2 1 4 2
20150707 7 1 2 4 1 2
20150707 8 8 9 7 6 6
20150707 9 9 3 8 6 3
20150707 10 4 2 6 4 2
20150707 11 7 9 8 5 6
20150708 1 2 5 9 2 4
20150708 2 1 8 3 1 6
20150708 3 2 9 7 2 6
20150708 4 3 5 7 3 4
20150708 5 9 1 2 6 1
20150708 6 3 9 5 3 6
20150708 7 2 9 7 2 6
20150708 8 3 7 8 3 5
20150708 9 1 2 9 1 2
20150708 10 5 3 7 4 3
20150708 11 1 7 9 1 5
