20111229 1 2 7 1 2 5
20111229 2 1 9 3 1 6
20111229 3 5 3 7 4 3
20111229 4 1 9 3 1 6
20111229 5 1 7 3 1 5
20111229 6 3 7 2 3 5
20111229 7 4 5 3 4 4
20111229 8 1 8 4 1 6
20111229 9 1 3 9 1 3
20111229 10 9 3 6 6 3
20111229 11 9 1 8 6 1
20111229 12 3 9 4 3 6
20111230 1 7 1 2 5 1
20111230 2 5 3 9 4 3
20111230 3 3 2 8 3 2
20111230 4 2 9 4 2 6
20111230 5 3 2 4 3 2
20111230 6 3 9 4 3 6
20111230 7 5 2 7 4 2
20111230 8 7 5 4 5 4
20111230 9 2 4 5 2 4
20111230 10 1 9 7 1 6
20111230 11 3 7 4 3 5
20111230 12 9 3 5 6 3
20111231 1 1 9 3 1 6
20111231 2 9 2 7 6 2
20111231 3 2 9 3 2 6
20111231 4 8 3 7 6 3
20111231 5 9 3 7 6 3
20111231 6 9 7 3 6 5
20111231 7 4 7 3 4 5
20111231 8 2 5 3 2 4
20111231 9 2 5 3 2 4
20111231 10 5 3 9 4 3
20111231 11 9 1 5 6 1
20111231 12 4 7 3 4 5
20120108 1 5 1 3 4 1
20120108 2 5 8 1 4 6
20120108 3 2 5 3 2 4
20120108 4 1 7 8 1 5
20120108 5 3 5 6 3 4
20120108 6 9 2 4 6 2
20120108 7 3 5 9 3 4
20120108 8 1 2 7 1 2
20120108 9 9 5 1 6 4
20120108 10 3 8 2 3 6
20120108 11 4 7 5 4 5
20120109 1 2 9 5 2 6
20120109 2 4 6 2 4 5
20120109 3 9 8 2 6 6
20120109 4 8 7 2 6 5
20120109 5 5 6 2 4 5
20120109 6 3 5 9 3 4
20120109 7 2 7 8 2 5
20120109 8 3 2 5 3 2
20120109 9 1 7 5 1 5
20120109 10 5 7 1 4 5
20120109 11 2 7 9 2 5
20120110 1 5 1 4 4 1
20120110 2 7 1 9 5 1
20120110 3 7 1 5 5 1
20120110 4 9 3 6 6 3
20120110 5 1 8 7 1 6
20120110 6 5 2 7 4 2
20120110 7 3 8 4 3 6
20120110 8 1 7 9 1 5
20120110 9 2 5 8 2 4
20120110 10 4 1 3 4 1
20120110 11 3 1 2 3 1
20120111 1 2 7 9 2 5
20120111 2 5 1 7 4 1
20120111 3 5 6 9 4 5
20120111 4 9 7 4 6 5
20120111 5 3 5 7 3 4
20120111 6 3 2 7 3 2
20120111 7 3 6 5 3 5
20120111 8 1 8 5 1 6
20120111 9 2 5 8 2 4
20120111 10 2 7 5 2 5
20120111 11 5 3 4 4 3
20120118 1 2 3 7 0 0
20120118 2 1 4 5 0 0
20120118 3 4 7 1 0 0
20120118 4 4 2 5 0 0
20120118 5 5 1 4 0 0
20120118 6 2 3 9 2 3
20120118 7 7 9 1 5 6
20120118 8 8 7 4 6 5
20120118 9 2 1 8 2 1
20120118 10 7 2 5 5 2
20120118 11 3 4 8 3 4
20120119 1 3 7 4 0 0
20120119 2 4 5 1 0 0
20120119 3 3 2 4 0 0
20120119 4 7 4 2 0 0
20120119 5 1 7 5 0 0
20120119 6 5 1 6 4 1
20120119 7 7 8 6 5 6
20120119 8 1 5 9 1 4
20120119 9 1 9 3 1 6
20120119 10 7 1 2 5 1
20120119 11 1 9 5 1 6
20120120 1 3 1 4 0 0
20120120 2 4 3 6 0 0
20120120 3 3 4 2 0 0
20120120 4 1 6 3 0 0
20120120 5 2 6 3 0 0
20120120 6 1 7 2 1 5
20120120 7 5 2 4 4 2
20120120 8 7 4 5 5 4
20120120 9 2 1 6 2 1
20120120 10 7 1 2 5 1
20120120 11 2 8 5 2 6
20120123 1 4 2 1 0 0
20120123 2 2 4 7 0 0
20120123 3 4 7 2 0 0
20120123 4 3 5 7 0 0
20120123 5 2 1 3 0 0
20120123 6 2 5 3 2 4
20120123 7 6 1 2 5 1
20120123 8 1 5 8 1 4
20120123 9 9 7 2 6 5
20120123 10 3 7 1 3 5
20120123 11 3 4 1 3 4
20120124 1 2 6 1 0 0
20120124 2 3 4 6 0 0
20120124 3 5 6 2 0 0
20120124 4 5 1 3 0 0
20120124 5 1 4 3 0 0
20120124 6 5 4 7 4 4
20120124 7 8 1 9 6 1
20120124 8 3 4 8 3 4
20120124 9 7 5 6 5 4
20120124 10 9 1 4 6 1
20120124 11 1 7 5 1 5
20120125 1 4 7 3 0 0
20120125 2 6 3 4 0 0
20120125 3 7 2 5 0 0
20120125 4 2 3 4 0 0
20120125 5 5 1 2 0 0
20120125 6 5 2 6 4 2
20120125 7 5 3 1 4 3
20120125 8 2 7 5 2 5
20120125 9 1 3 9 1 3
20120125 10 3 9 8 3 6
20120125 11 5 2 3 4 2
20120215 1 2 1 6 2 1
20120215 2 7 1 8 5 1
20120215 3 2 7 5 2 5
20120215 4 2 7 1 2 5
20120215 5 9 2 1 6 2
20120215 6 6 4 5 5 4
20120215 7 9 4 2 6 4
20120215 8 7 3 8 5 3
20120215 9 7 2 5 5 2
20120215 10 9 1 5 6 1
20120215 11 5 2 7 4 2
20120215 12 7 6 3 5 5
20120216 1 4 5 3 4 4
20120216 2 1 6 5 1 5
20120216 3 5 3 2 4 3
20120216 4 9 1 7 6 1
20120216 5 1 5 4 1 4
20120216 6 5 1 3 4 1
20120216 7 1 9 3 1 6
20120216 8 1 7 9 1 5
20120216 9 1 3 5 1 3
20120216 10 7 3 8 5 3
20120216 11 5 2 9 4 2
20120216 12 2 9 1 2 6
20120217 1 1 4 5 1 4
20120217 2 3 5 8 3 4
20120217 3 5 6 9 4 5
20120217 4 8 3 5 6 3
20120217 5 7 8 1 5 6
20120217 6 5 7 6 4 5
20120217 7 6 5 7 5 4
20120217 8 2 7 8 2 5
20120217 9 9 7 5 6 5
20120217 10 7 1 4 5 1
20120217 11 3 9 7 3 6
20120217 12 1 2 6 1 2
20120219 1 2 1 7 0 0
20120219 2 4 5 1 0 0
20120219 3 7 3 5 0 0
20120219 4 4 5 7 0 0
20120219 5 1 4 7 0 0
20120219 6 9 3 6 6 3
20120219 7 2 7 3 2 5
20120219 8 7 9 2 5 6
20120219 9 2 7 3 2 5
20120219 10 3 1 6 3 1
20120219 11 1 6 2 1 5
20120220 1 7 3 5 0 0
20120220 2 5 2 1 0 0
20120220 3 3 1 6 0 0
20120220 4 3 1 5 0 0
20120220 5 2 3 7 0 0
20120220 6 1 7 8 1 5
20120220 7 7 5 2 5 4
20120220 8 3 9 6 3 6
20120220 9 5 9 3 4 6
20120220 10 3 1 7 3 1
20120220 11 5 2 9 4 2
20120221 1 1 4 5 0 0
20120221 2 3 7 1 0 0
20120221 3 5 4 2 0 0
20120221 4 2 5 4 0 0
20120221 5 3 5 6 0 0
20120221 6 7 1 9 5 1
20120221 7 7 5 3 5 4
20120221 8 5 3 4 4 3
20120221 9 5 2 1 4 2
20120221 10 8 7 1 6 5
20120221 11 3 6 4 3 5
20120308 1 3 7 5 0 0
20120308 2 5 3 4 0 0
20120308 3 2 7 3 0 0
20120308 4 7 3 4 0 0
20120308 5 1 5 7 0 0
20120308 6 7 3 1 5 3
20120308 7 1 3 9 1 3
20120308 8 1 8 4 1 6
20120308 9 9 1 5 6 1
20120308 10 9 3 1 6 3
20120308 11 2 4 7 2 4
20120309 1 4 7 3 0 0
20120309 2 6 3 4 0 0
20120309 3 3 5 7 0 0
20120309 4 4 5 3 0 0
20120309 5 5 7 2 0 0
20120309 6 5 3 7 4 3
20120309 7 2 5 1 2 4
20120309 8 9 4 2 6 4
20120309 9 3 7 1 3 5
20120309 10 2 7 9 2 5
20120309 11 2 7 9 2 5
20120310 1 2 7 5 0 0
20120310 2 1 4 2 0 0
20120310 3 2 7 6 0 0
20120310 4 4 7 5 0 0
20120310 5 1 6 3 0 0
20120310 6 4 2 7 4 2
20120310 7 9 5 4 6 4
20120310 8 2 9 5 2 6
20120310 9 2 3 7 2 3
20120310 10 1 2 6 1 2
20120310 11 3 8 2 3 6
20120321 1 9 7 2 6 5
20120321 2 3 9 5 3 6
20120321 3 1 2 3 1 2
20120321 4 7 2 4 5 2
20120321 5 5 1 4 4 1
20120321 6 3 7 5 3 5
20120321 7 3 9 5 3 6
20120321 8 4 2 7 4 2
20120321 9 7 4 9 5 4
20120321 10 2 9 6 2 6
20120321 11 9 1 4 6 1
20120321 12 4 7 3 4 5
20120322 1 3 7 8 3 5
20120322 2 8 5 9 6 4
20120322 3 1 9 3 1 6
20120322 4 2 5 4 2 4
20120322 5 6 4 3 5 4
20120322 6 3 1 5 3 1
20120322 7 7 1 9 5 1
20120322 8 5 2 1 4 2
20120322 9 5 7 2 4 5
20120322 10 7 4 9 5 4
20120322 11 9 2 1 6 2
20120322 12 5 1 9 4 1
20120323 1 5 3 1 4 3
20120323 2 5 3 4 4 3
20120323 3 7 5 1 5 4
20120323 4 2 1 7 2 1
20120323 5 2 7 4 2 5
20120323 6 7 1 9 5 1
20120323 7 7 9 2 5 6
20120323 8 4 2 8 4 2
20120323 9 4 7 9 4 5
20120323 10 2 7 1 2 5
20120323 11 7 8 3 5 6
20120323 12 8 1 3 6 1
20120424 1 2 7 3 2 5
20120424 2 2 5 9 2 4
20120424 3 9 3 2 6 3
20120424 4 2 7 9 2 5
20120424 5 2 6 9 2 5
20120424 6 7 8 9 5 6
20120424 7 4 1 2 4 1
20120424 8 4 7 5 4 5
20120424 9 5 1 3 4 1
20120424 10 5 4 3 4 4
20120424 11 3 7 1 3 5
20120424 12 9 2 7 6 2
20120425 1 3 5 7 3 4
20120425 2 9 1 5 6 1
20120425 3 5 9 7 4 6
20120425 4 8 2 4 6 2
20120425 5 2 8 5 2 6
20120425 6 9 1 3 6 1
20120425 7 9 1 3 6 1
20120425 8 9 2 5 6 2
20120425 9 9 2 3 6 2
20120425 10 2 5 3 2 4
20120425 11 7 3 6 5 3
20120425 12 5 3 7 4 3
20120426 1 2 7 5 2 5
20120426 2 6 3 5 5 3
20120426 3 5 7 1 4 5
20120426 4 2 9 5 2 6
20120426 5 1 5 3 1 4
20120426 6 7 1 9 5 1
20120426 7 7 2 1 5 2
20120426 8 3 2 7 3 2
20120426 9 9 7 6 6 5
20120426 10 9 3 7 6 3
20120426 11 4 1 6 4 1
20120426 12 3 9 7 3 6
20120610 1 4 1 7 0 0
20120610 2 2 4 1 0 0
20120610 3 5 7 1 0 0
20120610 4 3 5 1 0 0
20120610 5 2 7 1 0 0
20120610 6 2 6 8 2 5
20120610 7 5 6 7 4 5
20120610 8 7 4 5 5 4
20120610 9 3 5 4 3 4
20120610 10 4 7 1 4 5
20120610 11 2 9 6 2 6
20120611 1 7 2 3 0 0
20120611 2 5 3 2 0 0
20120611 3 2 3 7 0 0
20120611 4 4 1 5 0 0
20120611 5 3 5 4 0 0
20120611 6 1 2 3 1 2
20120611 7 1 5 3 1 4
20120611 8 2 1 3 2 1
20120611 9 1 2 8 1 2
20120611 10 7 3 9 5 3
20120611 11 2 5 3 2 4
20120612 1 2 5 3 0 0
20120612 2 5 1 2 0 0
20120612 3 4 6 7 0 0
20120612 4 3 7 6 0 0
20120612 5 6 7 1 0 0
20120612 6 7 5 2 5 4
20120612 7 2 5 9 2 4
20120612 8 9 4 1 6 4
20120612 9 2 4 7 2 4
20120612 10 6 2 4 5 2
20120612 11 9 2 3 6 2
20120621 1 7 4 5 0 0
20120621 2 7 2 5 0 0
20120621 3 5 2 3 0 0
20120621 4 7 2 1 0 0
20120621 5 1 4 2 0 0
20120621 6 7 2 9 5 2
20120621 7 7 1 3 5 1
20120621 8 5 1 7 4 1
20120621 9 2 7 9 2 5
20120621 10 9 2 3 6 2
20120621 11 3 5 4 3 4
20120622 1 7 4 2 0 0
20120622 2 2 5 1 0 0
20120622 3 1 3 2 0 0
20120622 4 3 1 7 0 0
20120622 5 2 4 1 0 0
20120622 6 5 2 7 4 2
20120622 7 9 2 5 6 2
20120622 8 2 4 7 2 4
20120622 9 2 9 5 2 6
20120622 10 5 7 2 4 5
20120622 11 1 5 7 1 4
20120623 1 3 1 5 0 0
20120623 2 1 5 3 0 0
20120623 3 7 4 5 0 0
20120623 4 1 5 6 0 0
20120623 5 7 1 2 0 0
20120623 6 2 3 7 2 3
20120623 7 3 6 2 3 5
20120623 8 9 6 2 6 5
20120623 9 9 2 3 6 2
20120623 10 7 1 5 5 1
20120623 11 1 3 4 1 3
20120717 1 1 8 5 1 6
20120717 2 7 2 6 5 2
20120717 3 3 1 8 3 1
20120717 4 8 9 2 6 6
20120717 5 1 5 7 1 4
20120717 6 7 5 3 5 4
20120717 7 1 9 4 1 6
20120717 8 3 8 6 3 6
20120717 9 7 2 4 5 2
20120717 10 1 9 3 1 6
20120717 11 2 4 3 2 4
20120718 1 8 9 1 6 6
20120718 2 3 1 2 3 1
20120718 3 9 8 1 6 6
20120718 4 6 9 4 5 6
20120718 5 3 6 5 3 5
20120718 6 3 7 1 3 5
20120718 7 5 3 7 5 3
20120718 8 9 2 3 6 2
20120718 9 5 8 6 4 6
20120718 10 3 9 1 3 6
20120718 11 9 2 5 6 2
20120719 1 9 8 7 6 6
20120719 2 3 8 2 3 6
20120719 3 1 3 2 1 3
20120719 4 5 4 2 4 4
20120719 5 3 5 6 3 4
20120719 6 5 1 4 5 1
20120719 7 2 7 3 2 5
20120719 8 8 2 1 6 2
20120719 9 3 4 9 3 4
20120719 10 9 1 3 6 1
20120719 11 5 8 1 4 6
20120801 1 9 8 1 6 6
20120801 2 2 5 7 2 4
20120801 3 7 2 9 5 2
20120801 4 2 3 9 2 3
20120801 5 3 7 9 3 5
20120801 6 3 5 6 3 4
20120801 7 4 8 9 4 6
20120801 8 9 1 4 6 1
20120801 9 3 9 1 3 6
20120801 10 1 9 3 1 6
20120801 11 5 6 4 4 5
20120802 1 7 9 3 5 6
20120802 2 4 1 8 4 1
20120802 3 2 3 6 2 3
20120802 4 9 3 5 6 3
20120802 5 5 6 2 4 5
20120802 6 7 1 5 5 1
20120802 7 1 9 5 1 6
20120802 8 1 3 2 1 3
20120802 9 5 1 2 4 1
20120802 10 8 5 7 6 4
20120802 11 7 5 1 5 4
20120803 1 4 1 6 4 1
20120803 2 2 5 7 2 5
20120803 3 3 4 2 3 4
20120803 4 9 2 4 6 2
20120803 5 1 6 7 1 5
20120803 6 7 3 6 5 3
20120803 7 7 3 2 5 3
20120803 8 2 4 7 2 4
20120803 9 6 4 5 5 4
20120803 10 1 2 9 1 2
20120803 11 2 9 7 2 6
20120817 1 1 2 9 1 2
20120817 2 7 9 1 5 6
20120817 3 3 7 4 3 5
20120817 4 7 2 1 5 2
20120817 5 8 3 1 6 3
20120817 6 1 9 7 1 6
20120817 7 3 5 1 3 4
20120817 8 3 7 4 3 5
20120817 9 4 2 3 4 2
20120817 10 3 9 2 3 6
20120817 11 5 9 3 4 6
20120818 1 9 5 2 6 4
20120818 2 1 2 9 1 2
20120818 3 3 8 2 3 6
20120818 4 8 9 3 6 6
20120818 5 7 5 4 5 4
20120818 6 5 1 3 4 1
20120818 7 1 8 2 1 6
20120818 8 3 9 2 3 6
20120818 9 5 8 2 4 6
20120818 10 6 3 2 5 3
20120818 11 1 7 2 1 5
20120819 1 4 3 9 4 3
20120819 2 9 5 2 6 4
20120819 3 2 5 9 2 4
20120819 4 7 9 5 5 6
20120819 5 1 7 2 1 5
20120819 6 5 8 1 4 6
20120819 7 1 9 2 1 6
20120819 8 1 7 6 1 5
20120819 9 7 4 2 5 4
20120819 10 3 1 9 3 1
20120819 11 2 9 1 2 6
20120822 1 2 5 1 0 0
20120822 2 3 1 4 0 0
20120822 3 5 1 7 0 0
20120822 4 3 7 2 0 0
20120822 5 4 1 5 0 0
20120822 6 2 5 7 2 4
20120822 7 3 7 1 3 5
20120822 8 8 9 2 6 6
20120822 9 2 9 7 2 6
20120822 10 1 7 5 1 5
20120822 11 8 2 6 6 2
20120823 1 3 7 2 0 0
20120823 2 5 7 4 0 0
20120823 3 5 3 1 0 0
20120823 4 2 1 4 0 0
20120823 5 1 5 4 0 0
20120823 6 7 9 3 5 6
20120823 7 1 8 4 1 6
20120823 8 3 7 2 3 5
20120823 9 7 9 8 5 6
20120823 10 1 4 2 1 4
20120823 11 6 9 7 5 6
20120824 1 2 1 6 0 0
20120824 2 3 5 2 0 0
20120824 3 1 4 7 0 0
20120824 4 5 3 7 0 0
20120824 5 1 7 6 0 0
20120824 6 2 7 9 2 5
20120824 7 3 5 7 3 4
20120824 8 3 5 9 3 4
20120824 9 5 3 1 4 3
20120824 10 5 2 7 4 2
20120824 11 8 3 6 6 3
20120903 1 3 1 7 0 0
20120903 2 5 3 1 0 0
20120903 3 1 4 2 0 0
20120903 4 4 3 1 0 0
20120903 5 5 1 4 0 0
20120903 6 9 1 5 6 1
20120903 7 7 1 9 5 1
20120903 8 9 1 3 6 1
20120903 9 9 8 4 6 6
20120903 10 3 9 7 3 6
20120903 11 2 7 1 2 5
20120904 1 4 2 5 0 0
20120904 2 4 7 1 0 0
20120904 3 1 2 5 0 0
20120904 4 3 2 7 0 0
20120904 5 3 5 2 0 0
20120904 6 4 1 2 4 1
20120904 7 5 1 2 5 1
20120904 8 4 1 3 4 1
20120904 9 3 5 1 3 4
20120904 10 7 2 3 5 2
20120904 11 9 1 7 6 1
20120905 1 7 4 2 0 0
20120905 2 6 3 4 0 0
20120905 3 4 3 6 0 0
20120905 4 2 5 7 0 0
20120905 5 1 4 6 0 0
20120905 6 2 3 7 2 3
20120905 7 2 1 9 2 1
20120905 8 5 1 9 4 1
20120905 9 9 4 5 6 4
20120905 10 1 5 8 1 4
20120905 11 5 8 2 4 6
20121104 1 1 2 4 0 0
20121104 2 4 7 2 0 0
20121104 3 5 3 1 0 0
20121104 4 2 5 3 0 0
20121104 5 1 7 3 0 0
20121104 6 2 9 1 2 6
20121104 7 3 2 6 3 2
20121104 8 7 2 9 5 2
20121104 9 7 2 4 5 2
20121104 10 9 3 2 6 3
20121104 11 5 8 6 4 6
20121105 1 3 1 6 0 0
20121105 2 7 1 2 0 0
20121105 3 5 1 4 0 0
20121105 4 3 4 6 0 0
20121105 5 1 4 5 0 0
20121105 6 2 1 4 2 1
20121105 7 4 3 8 4 3
20121105 8 2 3 4 2 3
20121105 9 3 9 5 3 6
20121105 10 6 7 3 5 5
20121105 11 8 9 3 6 6
20121106 1 3 2 5 0 0
20121106 2 7 1 5 0 0
20121106 3 3 2 7 0 0
20121106 4 1 4 3 0 0
20121106 5 7 5 4 0 0
20121106 6 5 1 8 4 1
20121106 7 1 9 6 1 6
20121106 8 9 7 3 6 5
20121106 9 7 3 9 5 3
20121106 10 3 2 7 3 2
20121106 11 6 1 9 5 1
20121115 1 7 3 5 0 0
20121115 2 2 1 7 0 0
20121115 3 5 2 4 0 0
20121115 4 3 2 4 0 0
20121115 5 1 4 5 0 0
20121115 6 7 9 1 5 6
20121115 7 6 7 2 5 5
20121115 8 7 2 5 5 2
20121115 9 2 7 1 2 5
20121115 10 7 3 2 5 3
20121115 11 9 5 7 6 4
20121116 1 3 1 2 0 0
20121116 2 5 7 1 0 0
20121116 3 4 3 7 0 0
20121116 4 7 5 3 0 0
20121116 5 3 1 4 0 0
20121116 6 9 3 2 6 3
20121116 7 1 7 5 1 5
20121116 8 5 3 1 4 3
20121116 9 5 9 7 4 6
20121116 10 2 9 1 2 6
20121116 11 2 7 4 2 5
20121117 1 4 5 1 0 0
20121117 2 1 2 5 0 0
20121117 3 2 1 3 0 0
20121117 4 4 6 2 0 0
20121117 5 2 7 3 0 0
20121117 6 8 7 5 6 5
20121117 7 1 7 3 1 5
20121117 8 9 2 3 6 2
20121117 9 9 3 5 6 3
20121117 10 4 1 7 4 1
20121117 11 1 2 9 1 2
20121124 1 5 4 1 0 0
20121124 2 2 5 7 0 0
20121124 3 4 5 2 0 0
20121124 4 7 2 3 0 0
20121124 5 1 3 7 0 0
20121124 6 4 2 9 4 2
20121124 7 2 7 1 2 5
20121124 8 7 4 1 5 4
20121124 9 9 2 5 6 2
20121124 10 2 5 4 2 4
20121124 11 8 2 5 6 2
20121125 1 4 5 1 0 0
20121125 2 5 1 6 0 0
20121125 3 4 5 7 0 0
20121125 4 3 7 2 0 0
20121125 5 7 4 1 0 0
20121125 6 5 2 4 4 2
20121125 7 7 5 9 5 4
20121125 8 4 7 1 4 5
20121125 9 5 9 2 4 6
20121125 10 7 1 9 5 1
20121125 11 5 1 3 4 1
20121126 1 7 2 5 0 0
20121126 2 1 5 2 0 0
20121126 3 5 7 4 0 0
20121126 4 4 5 1 0 0
20121126 5 2 3 7 0 0
20121126 6 5 3 1 4 3
20121126 7 7 4 3 5 4
20121126 8 3 9 1 3 6
20121126 9 9 3 7 6 3
20121126 10 9 4 5 6 4
20121126 11 5 2 1 4 2
20121203 1 7 3 4 0 0
20121203 2 2 7 1 0 0
20121203 3 2 7 3 0 0
20121203 4 4 3 7 0 0
20121203 5 3 5 1 0 0
20121203 6 2 7 4 2 5
20121203 7 1 9 4 1 6
20121203 8 5 7 9 4 5
20121203 9 9 7 8 6 5
20121203 10 7 9 3 5 6
20121203 11 5 1 7 4 1
20121204 1 3 1 5 0 0
20121204 2 1 4 7 0 0
20121204 3 7 5 1 0 0
20121204 4 3 7 4 0 0
20121204 5 7 4 1 0 0
20121204 6 5 1 7 4 1
20121204 7 6 2 5 5 2
20121204 8 7 3 9 5 3
20121204 9 5 9 2 4 6
20121204 10 5 8 9 4 6
20121204 11 7 1 3 5 1
20121205 1 7 3 5 0 0
20121205 2 2 7 1 0 0
20121205 3 5 3 7 0 0
20121205 4 4 3 1 0 0
20121205 5 5 4 3 0 0
20121205 6 9 5 7 6 4
20121205 7 3 8 2 3 6
20121205 8 7 1 4 5 1
20121205 9 7 6 3 5 5
20121205 10 5 7 1 4 5
20121205 11 1 5 7 1 4
20121225 1 7 4 6 5 4
20121225 2 4 3 1 4 3
20121225 3 3 1 9 3 1
20121225 4 5 1 7 4 1
20121225 5 5 1 6 4 1
20121225 6 2 8 9 2 6
20121225 7 3 8 1 3 6
20121225 8 8 2 7 6 2
20121225 9 7 5 9 5 4
20121225 10 9 3 1 6 3
20121225 11 4 9 5 4 6
20121226 1 7 3 9 5 3
20121226 2 9 4 2 6 4
20121226 3 7 1 5 5 1
20121226 4 7 5 2 5 4
20121226 5 9 2 7 6 2
20121226 6 5 1 7 4 1
20121226 7 1 2 9 1 2
20121226 8 7 9 3 5 6
20121226 9 7 2 9 5 2
20121226 10 1 7 5 1 5
20121226 11 8 2 9 6 2
20121227 1 2 7 5 2 5
20121227 2 3 1 8 3 1
20121227 3 3 1 7 3 1
20121227 4 7 5 3 5 4
20121227 5 9 1 3 6 1
20121227 6 3 8 4 3 6
20121227 7 9 1 4 6 1
20121227 8 2 1 9 2 1
20121227 9 2 7 9 2 5
20121227 10 9 7 1 6 5
20121227 11 9 7 2 6 5
20130112 1 9 3 1 6 3
20130112 2 7 1 3 5 1
20130112 3 3 7 4 3 5
20130112 4 7 3 5 5 3
20130112 5 9 5 2 6 4
20130112 6 1 7 3 1 5
20130112 7 9 5 1 6 4
20130112 8 7 1 9 5 1
20130112 9 5 1 9 4 1
20130112 10 2 9 5 2 6
20130112 11 1 3 5 1 3
20130113 1 3 2 1 3 2
20130113 2 5 2 7 4 2
20130113 3 9 3 6 6 3
20130113 4 3 5 2 3 4
20130113 5 7 8 3 5 6
20130113 6 5 2 9 4 2
20130113 7 5 2 9 4 2
20130113 8 1 6 4 1 5
20130113 9 5 9 2 4 6
20130113 10 3 6 4 3 5
20130113 11 1 6 2 1 5
20130114 1 1 2 7 1 2
20130114 2 2 9 8 2 6
20130114 3 6 5 3 5 4
20130114 4 1 3 7 1 3
20130114 5 9 2 5 6 2
20130114 6 2 5 1 2 4
20130114 7 4 1 3 4 1
20130114 8 3 9 5 3 6
20130114 9 7 1 9 5 1
20130114 10 5 1 4 4 1
20130114 11 2 1 7 2 1
20130115 1 6 2 3 5 2
20130115 2 2 9 8 2 6
20130115 3 7 1 5 5 1
20130115 4 7 2 1 5 2
20130115 5 5 7 3 4 5
20130115 6 1 3 5 1 3
20130115 7 2 5 7 2 4
20130115 8 2 3 8 2 3
20130115 9 3 7 4 3 5
20130115 10 2 4 1 2 4
20130115 11 2 6 1 2 5
20130123 1 3 4 7 0 0
20130123 2 4 7 5 0 0
20130123 3 3 6 4 0 0
20130123 4 2 5 3 0 0
20130123 5 5 1 3 0 0
20130123 6 6 1 8 5 1
20130123 7 1 8 4 1 6
20130123 8 8 5 9 6 4
20130123 9 3 9 2 3 6
20130123 10 1 7 9 1 5
20130123 11 5 3 7 4 3
20130124 1 6 2 3 0 0
20130124 2 4 5 1 0 0
20130124 3 3 7 1 0 0
20130124 4 2 4 6 0 0
20130124 5 5 1 4 0 0
20130124 6 7 5 1 5 4
20130124 7 9 3 2 6 3
20130124 8 5 1 6 4 1
20130124 9 2 9 5 2 6
20130124 10 9 2 3 6 2
20130124 11 2 1 9 2 1
20130125 1 6 1 4 0 0
20130125 2 2 1 3 0 0
20130125 3 1 6 3 0 0
20130125 4 6 1 4 0 0
20130125 5 3 6 2 0 0
20130125 6 7 2 3 5 2
20130125 7 5 2 1 4 2
20130125 8 3 1 8 3 1
20130125 9 9 5 2 6 4
20130125 10 6 1 9 5 1
20130125 11 6 2 3 5 2
20130205 1 1 3 5 0 0
20130205 2 4 7 2 0 0
20130205 3 3 7 2 0 0
20130205 4 1 7 4 0 0
20130205 5 5 4 7 0 0
20130205 6 5 7 2 4 5
20130205 7 5 3 4 4 3
20130205 8 2 5 7 2 4
20130205 9 9 3 4 6 3
20130205 10 1 7 3 1 5
20130205 11 9 5 8 6 4
20130206 1 3 7 1 0 0
20130206 2 1 5 2 0 0
20130206 3 2 4 5 0 0
20130206 4 3 4 6 0 0
20130206 5 5 3 7 0 0
20130206 6 3 5 1 3 4
20130206 7 8 5 7 6 4
20130206 8 2 9 1 2 6
20130206 9 0 0 0 5 6
20130206 10 3 2 9 3 2
20130206 11 2 5 6 2 4
20130207 1 4 1 3 0 0
20130207 2 4 3 1 0 0
20130207 3 2 4 5 0 0
20130207 4 2 5 1 0 0
20130207 5 7 3 4 0 0
20130207 6 5 2 3 4 2
20130207 7 5 1 3 4 1
20130207 8 9 2 3 6 2
20130207 9 9 7 1 6 5
20130207 10 3 1 2 3 1
20130207 11 3 5 9 3 4
20130212 1 2 4 7 0 0
20130212 2 5 1 7 0 0
20130212 3 2 4 1 0 0
20130212 4 4 2 5 0 0
20130212 5 3 1 7 0 0
20130212 6 2 9 4 2 6
20130212 7 3 1 7 3 1
20130212 8 3 2 9 3 2
20130212 9 2 9 1 2 6
20130212 10 5 1 9 4 1
20130212 11 6 4 2 5 4
20130213 1 3 5 2 0 0
20130213 2 5 1 3 0 0
20130213 3 2 4 6 0 0
20130213 4 2 3 6 0 0
20130213 5 1 3 5 0 0
20130213 6 9 3 4 6 3
20130213 7 5 2 3 4 2
20130213 8 6 4 9 5 4
20130213 9 7 2 5 5 2
20130213 10 1 3 5 1 3
20130213 11 3 8 2 3 6
20130214 1 2 3 1 0 0
20130214 2 7 1 4 0 0
20130214 3 3 6 2 0 0
20130214 4 4 1 7 0 0
20130214 5 3 1 5 0 0
20130214 6 3 5 2 3 5
20130214 7 7 3 5 6 3
20130214 8 1 3 9 1 3
20130214 9 3 5 7 3 4
20130214 10 7 3 9 5 3
20130214 11 7 2 4 5 2
20130303 1 4 3 1 0 0
20130303 2 5 7 2 0 0
20130303 3 6 4 2 0 0
20130303 4 3 7 4 0 0
20130303 5 4 3 1 0 0
20130303 6 2 9 3 2 6
20130303 7 3 5 2 3 4
20130303 8 1 2 7 1 2
20130303 9 3 1 9 3 1
20130303 10 9 3 5 6 3
20130303 11 6 1 9 5 1
20130304 1 4 6 7 0 0
20130304 2 7 3 4 0 0
20130304 3 1 4 7 0 0
20130304 4 5 3 4 0 0
20130304 5 1 4 2 0 0
20130304 6 3 1 5 3 1
20130304 7 2 5 6 2 4
20130304 8 1 9 5 1 6
20130304 9 2 3 1 2 3
20130304 10 4 9 1 4 6
20130304 11 5 7 9 4 5
20130305 1 4 3 2 0 0
20130305 2 5 7 2 0 0
20130305 3 3 5 7 0 0
20130305 4 2 7 3 0 0
20130305 5 1 4 2 0 0
20130305 6 2 3 7 2 3
20130305 7 2 5 9 2 4
20130305 8 3 8 2 3 6
20130305 9 9 7 1 6 5
20130305 10 5 1 2 4 1
20130305 11 1 5 8 1 4
20130311 1 2 9 7 2 6
20130311 2 1 5 8 1 4
20130311 3 7 9 1 5 6
20130311 4 1 8 7 1 6
20130311 5 7 2 3 5 2
20130311 6 9 3 7 6 3
20130311 7 4 7 5 4 5
20130311 8 7 5 3 5 4
20130311 9 2 9 8 2 6
20130311 10 2 7 1 2 5
20130311 11 5 4 3 4 4
20130312 1 1 8 5 1 6
20130312 2 3 2 8 3 2
20130312 3 7 2 9 5 2
20130312 4 9 4 8 6 4
20130312 5 7 5 2 5 4
20130312 6 7 3 4 5 3
20130312 7 2 7 9 2 5
20130312 8 3 1 2 3 1
20130312 9 6 2 4 5 2
20130312 10 2 5 1 2 4
20130312 11 9 6 4 6 5
20130313 1 7 3 8 5 3
20130313 2 8 1 9 6 1
20130313 3 7 5 1 5 4
20130313 4 1 6 9 1 5
20130313 5 5 1 3 4 1
20130313 6 5 2 8 4 2
20130313 7 4 2 3 4 2
20130313 8 2 8 3 2 6
20130313 9 5 7 4 4 5
20130313 10 3 5 7 3 4
20130313 11 1 7 3 1 5
20130413 1 1 7 3 0 0
20130413 2 7 4 1 0 0
20130413 3 2 4 5 0 0
20130413 4 3 5 7 0 0
20130413 5 7 1 4 0 0
20130413 6 9 2 6 6 2
20130413 7 3 7 2 3 5
20130413 8 4 2 5 4 2
20130413 9 7 2 8 5 2
20130413 10 6 2 3 5 2
20130414 1 2 5 1 0 0
20130414 2 3 4 1 0 0
20130414 3 7 4 2 0 0
20130414 4 3 1 7 0 0
20130414 5 7 2 4 0 0
20130414 6 2 9 4 2 6
20130414 7 3 9 5 3 6
20130414 8 7 3 2 5 3
20130414 9 5 1 3 4 1
20130414 10 3 7 1 3 5
20130415 1 1 3 4 0 0
20130415 2 1 5 2 0 0
20130415 3 7 1 3 0 0
20130415 4 3 1 2 0 0
20130415 5 7 2 3 5 2
20130415 6 9 3 5 6 3
20130415 7 2 7 3 0 0
20130415 8 4 8 9 4 6
20130415 9 2 3 9 2 3
20130415 10 8 2 3 6 2
20130422 1 9 5 3 6 4
20130422 2 7 5 9 5 4
20130422 3 3 2 5 3 2
20130422 4 2 5 9 2 4
20130422 5 5 1 2 4 1
20130422 6 2 8 3 2 6
20130422 7 7 3 5 5 3
20130422 8 5 1 6 4 1
20130422 9 1 5 9 1 4
20130422 10 7 1 5 5 1
20130422 11 2 9 3 2 6
20130423 1 9 2 1 6 2
20130423 2 2 9 7 2 6
20130423 3 5 7 4 4 5
20130423 4 2 7 1 2 5
20130423 5 2 7 3 2 5
20130423 6 9 2 4 6 2
20130423 7 5 7 8 5 6
20130423 8 7 5 2 6 5
20130423 9 7 4 1 5 4
20130423 10 1 2 3 1 2
20130423 11 9 3 1 6 3
20130424 1 7 1 9 5 1
20130424 2 9 4 2 6 4
20130424 3 3 5 1 3 4
20130424 4 7 2 4 5 2
20130424 5 6 7 3 5 5
20130424 6 4 2 8 4 2
20130424 7 9 5 1 6 4
20130424 8 5 1 4 4 1
20130424 9 3 4 5 3 4
20130424 10 2 8 5 2 6
20130424 11 1 3 7 1 3
20130515 1 1 2 7 0 0
20130515 2 4 1 3 0 0
20130515 3 7 3 5 0 0
20130515 4 2 1 5 0 0
20130515 5 1 5 7 0 0
20130515 6 3 9 1 3 6
20130515 7 7 3 9 5 3
20130515 8 2 6 1 2 5
20130515 9 5 9 3 4 6
20130515 10 2 5 3 2 4
20130516 1 2 5 7 0 0
20130516 2 5 1 4 0 0
20130516 3 3 6 2 0 0
20130516 4 4 6 5 0 0
20130516 5 1 5 3 0 0
20130516 6 9 2 5 6 2
20130516 7 7 1 4 5 1
20130516 8 1 5 2 1 4
20130516 9 7 3 8 5 3
20130516 10 5 1 2 4 1
20130517 1 3 2 1 0 0
20130517 2 7 4 1 0 0
20130517 3 5 2 7 0 0
20130517 4 2 1 7 0 0
20130517 5 5 7 9 4 5
20130517 6 5 1 9 4 1
20130517 7 3 7 2 0 0
20130517 8 1 7 2 1 5
20130517 9 8 9 3 6 6
20130517 10 9 3 2 6 3
20130531 1 7 2 4 0 0
20130531 2 3 5 2 0 0
20130531 3 4 1 3 0 0
20130531 4 2 4 6 0 0
20130531 5 5 1 7 0 0
20130531 6 3 5 7 0 0
20130531 7 6 4 5 0 0
20130531 8 9 2 5 6 2
20130531 9 5 6 4 4 5
20130531 10 1 7 6 1 5
20130531 11 2 7 8 2 5
20130531 12 4 9 5 4 6
20130601 1 1 5 4 0 0
20130601 2 1 3 2 0 0
20130601 3 4 7 1 0 0
20130601 4 5 7 1 0 0
20130601 5 4 1 3 0 0
20130601 6 1 5 3 0 0
20130601 7 4 3 2 0 0
20130601 8 7 3 6 6 3
20130601 9 2 9 5 2 6
20130601 10 2 3 5 2 3
20130601 11 2 5 7 2 4
20130601 12 5 1 7 4 1
20130602 1 5 3 1 0 0
20130602 2 5 4 2 0 0
20130602 3 2 5 4 0 0
20130602 4 1 7 2 0 0
20130602 5 9 2 5 6 2
20130602 6 9 2 4 6 2
20130602 7 4 2 3 0 0
20130602 8 2 5 3 0 0
20130602 9 1 7 2 0 0
20130602 10 3 4 9 3 4
20130602 11 7 2 4 5 2
20130602 12 7 1 3 5 1
20130619 1 2 5 3 2 4
20130619 2 2 7 9 2 5
20130619 3 5 1 3 4 1
20130619 4 9 3 2 6 3
20130619 5 1 5 6 1 4
20130619 6 3 7 6 3 5
20130619 7 7 4 5 5 4
20130619 8 2 3 1 2 3
20130619 9 5 9 2 4 6
20130619 10 7 1 5 5 1
20130619 11 9 7 5 6 5
20130620 1 1 4 3 1 4
20130620 2 6 2 5 5 2
20130620 3 7 3 5 5 3
20130620 4 9 2 5 6 2
20130620 5 9 1 5 6 1
20130620 6 3 5 9 3 4
20130620 7 1 4 6 1 4
20130620 8 5 2 4 5 2
20130620 9 2 3 7 2 3
20130620 10 7 2 5 5 2
20130620 11 1 7 3 1 5
20130621 1 1 3 8 1 3
20130621 2 3 4 7 3 4
20130621 3 7 3 2 5 3
20130621 4 4 5 1 4 4
20130621 5 6 3 5 5 3
20130621 6 5 8 9 4 6
20130621 7 9 3 8 6 3
20130621 8 2 6 5 2 5
20130621 9 3 5 6 3 4
20130621 10 5 2 3 4 2
20130621 11 3 1 9 3 1
20130707 1 5 1 7 0 0
20130707 2 5 3 1 0 0
20130707 3 1 5 2 0 0
20130707 4 3 7 5 0 0
20130707 5 1 4 5 0 0
20130707 6 1 9 3 1 6
20130707 7 7 3 2 5 3
20130707 8 7 2 3 5 2
20130707 9 5 3 7 4 3
20130707 10 2 9 8 2 6
20130708 1 2 4 1 0 0
20130708 2 3 7 1 0 0
20130708 3 2 1 4 0 0
20130708 4 2 7 1 0 0
20130708 5 4 6 3 0 0
20130708 6 9 4 3 6 4
20130708 7 3 4 5 3 4
20130708 8 5 9 4 4 6
20130708 9 9 3 1 6 3
20130708 10 1 7 5 1 5
20130709 1 2 1 3 0 0
20130709 2 5 1 7 0 0
20130709 3 1 2 7 0 0
20130709 4 5 1 2 0 0
20130709 5 5 9 1 4 6
20130709 6 4 8 9 4 6
20130709 7 5 7 4 0 0
20130709 8 8 1 6 6 1
20130709 9 2 4 7 2 4
20130709 10 5 7 3 4 5
20130802 1 7 2 9 5 2
20130802 2 3 7 5 3 5
20130802 3 5 3 2 4 3
20130802 4 9 2 7 6 2
20130802 5 3 7 6 3 5
20130802 6 4 9 2 4 6
20130802 7 9 1 3 6 1
20130802 8 3 2 5 3 2
20130802 9 6 5 9 5 4
20130802 10 5 1 9 4 1
20130802 11 2 6 4 2 5
20130803 1 4 1 8 4 1
20130803 2 8 2 6 6 2
20130803 3 2 9 4 2 6
20130803 4 2 5 7 2 4
20130803 5 2 1 4 2 1
20130803 6 2 1 7 2 1
20130803 7 8 2 5 6 2
20130803 8 9 5 2 6 4
20130803 9 2 8 7 2 6
20130803 10 3 4 9 3 4
20130803 11 1 5 9 1 4
20130804 1 5 9 3 4 6
20130804 2 7 9 1 5 6
20130804 3 4 2 5 4 2
20130804 4 7 2 5 5 2
20130804 5 9 3 4 6 3
20130804 6 2 9 5 2 6
20130804 7 5 9 3 4 6
20130804 8 1 4 9 1 4
20130804 9 9 7 5 6 5
20130804 10 5 9 6 4 6
20130804 11 5 1 2 4 1
20130822 1 1 4 7 0 0
20130822 2 3 7 1 0 0
20130822 3 2 1 3 0 0
20130822 4 7 1 3 0 0
20130822 5 4 7 1 0 0
20130822 6 2 1 4 0 0
20130822 7 3 7 1 3 5
20130822 8 7 3 5 5 3
20130822 9 9 3 5 6 3
20130822 10 9 4 5 6 4
20130823 1 2 4 1 0 0
20130823 2 5 7 2 0 0
20130823 3 4 3 2 0 0
20130823 4 5 2 4 0 0
20130823 5 3 5 2 0 0
20130823 6 7 8 5 5 6
20130823 7 8 2 1 6 2
20130823 8 1 2 5 1 2
20130823 9 3 2 5 3 2
20130823 10 1 2 9 1 2
20130824 1 1 3 7 0 0
20130824 2 1 4 5 0 0
20130824 3 2 5 4 0 0
20130824 4 3 2 6 0 0
20130824 5 3 7 9 3 5
20130824 6 3 8 5 3 6
20130824 7 3 6 1 0 0
20130824 8 1 2 4 1 2
20130824 9 2 9 7 2 6
20130824 10 1 7 3 1 5
20130917 1 9 1 5 6 1
20130917 2 5 7 3 4 5
20130917 3 1 9 2 1 6
20130917 4 5 1 6 4 1
20130917 5 1 5 7 1 4
20130917 6 9 4 3 6 4
20130917 7 7 9 5 5 6
20130917 8 6 9 5 5 6
20130917 9 9 3 5 6 3
20130917 10 7 3 5 5 3
20130917 11 1 3 5 1 3
20130918 1 5 6 9 4 5
20130918 2 2 4 6 2 4
20130918 3 3 7 5 3 5
20130918 4 7 8 1 5 6
20130918 5 7 2 4 5 2
20130918 6 1 5 8 1 4
20130918 7 3 4 9 3 4
20130918 8 3 9 1 3 6
20130918 9 4 7 3 4 5
20130918 10 2 7 5 2 5
20130918 11 7 1 5 5 1
20130919 1 3 9 2 3 6
20130919 2 9 2 3 6 2
20130919 3 9 1 6 6 1
20130919 4 1 4 5 1 4
20130919 5 3 1 9 3 1
20130919 6 7 9 2 5 6
20130919 7 7 4 9 5 4
20130919 8 9 5 1 6 4
20130919 9 1 5 7 1 4
20130919 10 1 5 9 1 4
20130919 11 8 1 7 6 1
20131002 1 5 4 7 0 0
20131002 2 4 3 5 0 0
20131002 3 3 7 2 0 0
20131002 4 4 2 3 0 0
20131002 5 7 1 4 0 0
20131002 6 5 2 9 4 2
20131002 7 3 7 5 3 5
20131002 8 9 2 7 6 2
20131002 9 1 5 8 1 4
20131002 10 3 7 5 3 5
20131003 1 5 7 3 0 0
20131003 2 2 1 5 0 0
20131003 3 7 6 4 0 0
20131003 4 4 1 3 0 0
20131003 5 1 3 4 0 0
20131003 6 2 9 1 2 6
20131003 7 4 2 7 4 2
20131003 8 7 3 2 5 3
20131003 9 3 1 2 3 1
20131003 10 9 2 1 6 2
20131004 1 4 7 5 0 0
20131004 2 4 3 1 0 0
20131004 3 2 5 1 0 0
20131004 4 4 7 2 0 0
20131004 5 3 9 2 3 6
20131004 6 3 9 6 3 6
20131004 7 7 3 4 0 0
20131004 8 3 7 2 3 5
20131004 9 1 9 2 1 6
20131004 10 8 7 9 6 5
20131101 1 1 7 4 0 0
20131101 2 2 5 1 0 0
20131101 3 3 5 7 0 0
20131101 4 5 3 2 0 0
20131101 5 1 4 5 0 0
20131101 6 9 3 1 6 3
20131101 7 7 5 2 5 4
20131101 8 2 5 1 2 4
20131101 9 5 9 6 4 6
20131101 10 1 2 3 1 2
20131102 1 4 2 3 0 0
20131102 2 3 4 5 0 0
20131102 3 4 1 7 0 0
20131102 4 5 7 1 0 0
20131102 5 7 1 5 0 0
20131102 6 2 9 3 2 6
20131102 7 1 7 9 1 5
20131102 8 7 2 3 5 2
20131102 9 1 2 7 1 2
20131102 10 5 9 1 4 6
20131103 1 7 2 1 0 0
20131103 2 2 5 6 0 0
20131103 3 2 7 6 0 0
20131103 4 7 5 2 0 0
20131103 5 7 5 9 5 4
20131103 6 2 3 5 2 3
20131103 7 7 2 4 0 0
20131103 8 5 2 9 4 2
20131103 9 1 7 5 1 5
20131103 10 1 7 3 1 5
20131106 1 2 4 1 0 0
20131106 2 2 5 7 0 0
20131106 3 5 3 7 0 0
20131106 4 3 7 4 0 0
20131106 5 4 7 1 0 0
20131106 6 5 9 1 4 6
20131106 7 4 5 7 4 4
20131106 8 7 3 4 5 3
20131106 9 3 9 4 3 6
20131106 10 2 9 1 2 6
20131107 1 3 7 2 0 0
20131107 2 2 5 4 0 0
20131107 3 3 1 5 0 0
20131107 4 4 7 1 0 0
20131107 5 3 5 6 0 0
20131107 6 3 7 5 3 5
20131107 7 1 7 8 1 5
20131107 8 5 1 3 4 1
20131107 9 7 1 9 5 1
20131107 10 7 1 9 5 1
20131108 1 4 2 3 0 0
20131108 2 1 7 4 0 0
20131108 3 5 3 1 0 0
20131108 4 3 5 6 0 0
20131108 5 1 2 5 0 0
20131108 6 9 5 3 6 4
20131108 7 2 1 4 0 0
20131108 8 3 5 2 3 4
20131108 9 1 9 5 1 6
20131108 10 2 9 7 2 6
20131225 1 3 2 4 3 2
20131225 2 9 1 2 6 1
20131225 3 3 1 9 3 1
20131225 4 1 5 9 1 4
20131225 5 7 5 3 5 4
20131225 6 2 1 4 2 1
20131225 7 2 9 3 2 6
20131225 8 9 3 8 6 3
20131225 9 4 3 7 4 3
20131225 10 1 8 5 1 6
20131225 11 5 1 2 4 1
20131226 1 1 3 7 1 3
20131226 2 4 1 9 4 1
20131226 3 1 2 7 1 2
20131226 4 6 9 3 5 6
20131226 5 2 3 5 2 3
20131226 6 9 2 1 6 2
20131226 7 5 7 2 4 5
20131226 8 2 7 3 2 5
20131226 9 5 2 1 4 2
20131226 10 3 9 2 3 6
20131226 11 5 1 2 4 1
20131227 1 2 3 5 2 3
20131227 2 3 5 2 3 4
20131227 3 2 5 9 2 4
20131227 4 5 7 9 4 5
20131227 5 9 3 7 6 3
20131227 6 5 2 9 4 2
20131227 7 2 5 7 2 4
20131227 8 8 1 2 6 1
20131227 9 4 2 6 4 2
20131227 10 7 2 3 5 2
20131227 11 1 2 3 1 2
20131229 1 4 7 3 0 0
20131229 2 3 5 4 0 0
20131229 3 2 5 7 0 0
20131229 4 7 2 1 0 0
20131229 5 5 1 4 0 0
20131229 6 9 3 7 6 3
20131229 7 1 5 3 1 4
20131229 8 7 2 3 5 2
20131229 9 7 9 2 5 6
20131229 10 4 5 7 4 4
20131230 1 7 3 6 0 0
20131230 2 5 7 3 0 0
20131230 3 5 3 2 0 0
20131230 4 2 5 7 0 0
20131230 5 2 4 3 0 0
20131230 6 9 5 3 6 4
20131230 7 3 7 2 3 5
20131230 8 5 1 9 4 1
20131230 9 2 3 7 2 3
20131230 10 2 1 9 2 1
20131231 1 4 3 5 0 0
20131231 2 3 6 5 0 0
20131231 3 7 2 4 0 0
20131231 4 2 1 6 0 0
20131231 5 1 8 2 1 6
20131231 6 9 5 2 6 4
20131231 7 2 1 3 0 0
20131231 8 2 9 5 2 6
20131231 9 5 8 9 4 6
20131231 10 2 9 6 2 6
20140111 1 3 9 4 3 6
20140111 2 9 2 3 6 2
20140111 3 4 1 2 4 1
20140111 4 6 2 3 5 2
20140111 5 1 2 5 1 2
20140111 6 5 1 9 4 1
20140111 7 2 9 5 2 6
20140111 8 5 1 9 4 1
20140111 9 7 2 8 5 2
20140111 10 1 7 8 1 5
20140111 11 7 9 2 5 6
20140112 1 7 1 4 5 1
20140112 2 3 8 2 3 6
20140112 3 3 9 4 3 6
20140112 4 4 9 1 4 6
20140112 5 1 7 2 1 5
20140112 6 1 7 2 1 5
20140112 7 7 9 5 5 6
20140112 8 2 5 9 2 4
20140112 9 2 3 5 2 3
20140112 10 3 2 9 3 2
20140112 11 1 9 4 1 6
20140113 1 1 4 8 1 4
20140113 2 2 5 8 2 4
20140113 3 3 4 1 3 4
20140113 4 9 5 2 6 4
20140113 5 3 7 1 3 5
20140113 6 3 5 7 3 4
20140113 7 7 1 2 5 1
20140113 8 5 1 7 4 1
20140113 9 1 5 2 1 4
20140113 10 2 9 5 2 6
20140113 11 1 5 3 1 4
20140114 1 9 1 4 6 1
20140114 2 7 1 3 5 1
20140114 3 5 4 1 4 4
20140114 4 3 9 7 3 6
20140114 5 5 2 9 4 2
20140114 6 9 3 5 6 3
20140114 7 7 2 6 5 2
20140114 8 5 4 1 4 4
20140114 9 1 9 7 1 6
20140114 10 1 6 5 1 5
20140114 11 7 2 9 5 2
20140212 1 5 2 3 4 2
20140212 2 7 5 2 5 4
20140212 3 1 6 9 1 5
20140212 4 5 1 9 4 1
20140212 5 1 3 6 1 3
20140212 6 2 9 6 2 6
20140212 7 7 9 6 5 6
20140212 8 2 1 5 2 1
20140212 9 9 3 6 6 3
20140212 10 5 6 2 4 5
20140212 11 8 7 1 6 5
20140213 1 6 9 5 5 6
20140213 2 5 3 9 4 3
20140213 3 3 7 9 3 5
20140213 4 5 2 9 4 2
20140213 5 7 3 2 5 3
20140213 6 1 5 9 1 4
20140213 7 1 4 7 1 4
20140213 8 5 3 4 4 3
20140213 9 3 7 2 3 5
20140213 10 1 7 2 1 5
20140213 11 1 9 5 1 6
20140215 1 7 2 5 5 2
20140215 2 1 9 8 1 6
20140215 3 3 5 7 3 4
20140215 4 3 9 1 3 6
20140215 5 9 6 7 6 5
20140215 6 1 5 3 1 5
20140215 7 2 4 6 2 4
20140215 8 7 6 3 5 5
20140215 9 7 8 9 5 6
20140215 10 2 4 7 2 4
20140215 11 6 8 1 5 6
20140219 1 6 2 3 0 0
20140219 2 2 3 7 0 0
20140219 3 3 4 7 0 0
20140219 4 5 3 7 0 0
20140219 5 7 4 6 0 0
20140219 6 5 7 3 4 5
20140219 7 1 5 3 1 4
20140219 8 7 3 9 5 3
20140219 9 9 3 6 6 3
20140219 10 6 7 1 5 5
20140220 1 5 4 3 0 0
20140220 2 3 4 5 0 0
20140220 3 5 4 6 0 0
20140220 4 4 3 2 0 0
20140220 5 4 1 6 0 0
20140220 6 9 1 5 6 1
20140220 7 8 2 1 6 2
20140220 8 8 3 7 6 3
20140220 9 2 3 1 2 3
20140220 10 2 4 6 2 4
20140221 1 5 7 3 0 0
20140221 2 1 6 7 0 0
20140221 3 7 5 3 0 0
20140221 4 7 1 4 0 0
20140221 5 4 8 1 4 6
20140221 6 3 4 2 3 4
20140221 7 4 3 1 0 0
20140221 8 7 2 1 5 2
20140221 9 2 7 6 2 5
20140221 10 9 4 5 6 4
20140304 1 7 8 2 5 6
20140304 2 1 7 8 1 5
20140304 3 9 3 2 6 3
20140304 4 3 7 4 3 5
20140304 5 7 3 5 5 3
20140304 6 1 8 7 1 6
20140304 7 5 7 3 4 5
20140304 8 5 3 4 4 3
20140304 9 7 5 3 5 4
20140304 10 9 3 7 6 3
20140304 11 5 3 1 4 3
20140305 1 2 4 5 2 4
20140305 2 2 1 6 2 1
20140305 3 9 2 7 6 2
20140305 4 1 9 3 1 6
20140305 5 9 5 2 6 4
20140305 6 1 9 7 1 6
20140305 7 4 3 2 4 3
20140305 8 3 6 2 3 5
20140305 9 4 5 9 4 4
20140305 10 9 3 1 6 3
20140305 11 3 4 5 3 4
20140306 1 9 3 2 6 3
20140306 2 3 4 2 3 4
20140306 3 1 2 7 1 2
20140306 4 5 1 9 4 1
20140306 5 3 5 6 3 4
20140306 6 6 2 7 5 2
20140306 7 7 1 5 5 1
20140306 8 7 4 3 5 4
20140306 9 5 2 3 4 2
20140306 10 2 5 4 2 4
20140306 11 5 4 3 4 4
20140315 1 4 2 3 0 0
20140315 2 2 7 1 0 0
20140315 3 2 5 4 0 0
20140315 4 1 5 6 0 0
20140315 5 5 3 1 0 0
20140315 6 4 7 3 0 0
20140315 7 5 6 7 0 0
20140315 8 2 4 8 2 4
20140315 9 2 5 9 2 4
20140315 10 1 2 9 1 2
20140315 11 9 3 1 6 3
20140315 12 3 9 1 3 6
20140316 1 4 3 1 0 0
20140316 2 3 2 5 0 0
20140316 3 7 4 5 0 0
20140316 4 2 5 4 0 0
20140316 5 4 5 1 0 0
20140316 6 1 2 3 0 0
20140316 7 3 1 7 0 0
20140316 8 7 3 2 5 3
20140316 9 2 7 1 2 5
20140316 10 3 2 5 3 2
20140316 11 1 8 5 1 6
20140316 12 1 5 3 1 4
20140317 1 5 6 4 0 0
20140317 2 3 5 2 0 0
20140317 3 6 1 4 0 0
20140317 4 7 2 4 0 0
20140317 5 1 9 5 1 6
20140317 6 6 9 7 5 6
20140317 7 9 6 4 6 5
20140317 8 9 1 5 6 1
20140317 9 1 2 7 0 0
20140317 10 5 6 1 0 0
20140317 11 2 7 3 0 0
20140317 12 2 9 8 2 6
20140423 1 9 5 2 6 4
20140423 2 1 5 9 1 4
20140423 3 3 9 1 3 6
20140423 4 3 7 4 3 5
20140423 5 1 2 3 1 2
20140423 6 7 2 5 5 2
20140423 7 7 9 2 5 6
20140423 8 2 9 3 2 6
20140423 9 2 7 8 2 5
20140423 10 5 1 2 4 1
20140423 11 1 7 2 1 5
20140424 1 5 2 3 4 2
20140424 2 1 5 6 1 4
20140424 3 2 7 5 2 5
20140424 4 9 2 3 6 2
20140424 5 9 5 4 6 4
20140424 6 1 8 2 1 6
20140424 7 1 5 3 1 4
20140424 8 1 9 5 1 6
20140424 9 3 2 1 3 2
20140424 10 5 7 1 4 5
20140424 11 2 1 4 2 1
20140425 1 6 5 8 5 4
20140425 2 1 7 2 1 5
20140425 3 2 3 9 2 3
20140425 4 3 5 2 3 4
20140425 5 1 9 3 1 6
20140425 6 9 5 3 6 4
20140425 7 5 9 4 4 6
20140425 8 9 5 2 6 4
20140425 9 2 3 1 2 3
20140425 10 9 5 1 6 4
20140425 11 3 4 9 3 4
20140512 1 1 4 9 1 4
20140512 2 7 3 6 5 3
20140512 3 2 9 3 2 6
20140512 4 7 1 9 5 1
20140512 5 3 9 7 3 6
20140512 6 1 5 6 1 4
20140512 7 9 2 5 6 2
20140512 8 1 2 4 1 2
20140512 9 7 8 9 5 6
20140512 10 3 1 5 3 1
20140512 11 7 2 5 5 2
20140513 1 7 2 1 5 2
20140513 2 1 5 3 1 4
20140513 3 4 9 3 4 6
20140513 4 1 9 7 1 6
20140513 5 9 2 7 6 2
20140513 6 2 3 5 2 3
20140513 7 9 1 5 6 1
20140513 8 1 3 4 1 3
20140513 9 3 7 4 3 5
20140513 10 5 9 4 4 6
20140513 11 7 1 2 5 1
20140514 1 2 5 4 2 4
20140514 2 7 3 9 5 3
20140514 3 5 2 1 4 2
20140514 4 2 9 5 2 6
20140514 5 5 1 7 4 1
20140514 6 8 5 3 6 4
20140514 7 7 6 3 5 5
20140514 8 1 2 5 1 2
20140514 9 7 1 2 5 1
20140514 10 9 2 7 6 2
20140514 11 7 3 8 5 3
20140521 1 7 1 4 0 0
20140521 2 3 1 2 0 0
20140521 3 2 5 7 0 0
20140521 4 3 1 6 0 0
20140521 5 5 1 7 0 0
20140521 6 3 9 2 3 6
20140521 7 9 2 3 6 2
20140521 8 6 9 7 5 6
20140521 9 5 1 2 4 1
20140521 10 2 8 4 2 6
20140522 1 3 1 4 0 0
20140522 2 7 1 2 0 0
20140522 3 7 4 2 0 0
20140522 4 3 4 2 0 0
20140522 5 2 7 6 0 0
20140522 6 7 9 8 5 6
20140522 7 5 7 9 4 5
20140522 8 3 1 9 3 1
20140522 9 9 1 5 6 1
20140522 10 1 5 3 1 4
20140523 1 7 1 4 0 0
20140523 2 5 4 1 0 0
20140523 3 2 5 3 0 0
20140523 4 5 6 4 0 0
20140523 5 2 6 5 2 5
20140523 6 3 7 1 3 5
20140523 7 1 5 7 0 0
20140523 8 5 6 9 4 5
20140523 9 2 7 8 2 5
20140523 10 2 4 9 2 4
20140704 1 1 2 7 0 0
20140704 2 4 7 5 0 0
20140704 3 3 7 4 0 0
20140704 4 1 6 7 0 0
20140704 5 4 3 1 0 0
20140704 6 3 6 5 0 0
20140704 7 2 6 7 0 0
20140704 8 2 4 9 2 4
20140704 9 8 2 1 6 2
20140704 10 9 1 7 6 1
20140704 11 3 4 1 3 4
20140704 12 7 5 3 5 4
20140705 1 7 4 3 0 0
20140705 2 4 2 7 0 0
20140705 3 4 7 2 0 0
20140705 4 2 3 7 0 0
20140705 5 3 4 5 0 0
20140705 6 5 1 4 0 0
20140705 7 3 2 1 0 0
20140705 8 9 3 7 6 3
20140705 9 9 7 6 6 5
20140705 10 1 5 3 1 4
20140705 11 5 1 2 4 1
20140705 12 9 1 7 6 1
20140706 1 7 4 3 0 0
20140706 2 6 1 7 0 0
20140706 3 3 5 2 0 0
20140706 4 4 2 5 0 0
20140706 5 2 7 8 2 5
20140706 6 4 9 6 4 6
20140706 7 3 9 6 3 6
20140706 8 3 7 5 3 5
20140706 9 2 5 3 0 0
20140706 10 1 5 7 0 0
20140706 11 7 3 4 0 0
20140706 12 8 1 7 6 1
20140804 1 7 2 5 0 0
20140804 2 2 5 3 0 0
20140804 3 7 3 2 0 0
20140804 4 1 5 7 0 0
20140804 5 4 5 1 0 0
20140804 6 5 3 7 4 3
20140804 7 4 7 2 4 5
20140804 8 0 0 0 3 6
20140804 9 1 5 4 1 4
20140804 10 8 2 1 6 2
20140805 1 4 1 7 0 0
20140805 2 3 1 7 0 0
20140805 3 5 4 7 0 0
20140805 4 2 5 1 0 0
20140805 5 7 1 4 0 0
20140805 6 7 2 9 5 2
20140805 7 9 2 7 6 2
20140805 8 2 1 9 2 1
20140805 9 1 8 4 1 6
20140805 10 7 5 1 5 4
20140806 1 4 7 3 0 0
20140806 2 1 2 5 0 0
20140806 3 7 3 5 0 0
20140806 4 7 4 2 0 0
20140806 5 9 1 4 6 1
20140806 6 7 5 3 5 4
20140806 7 2 5 6 0 0
20140806 8 2 3 4 2 3
20140806 9 1 7 3 1 5
20140806 10 7 2 5 5 2
20140919 1 7 2 5 0 0
20140919 2 4 3 1 0 0
20140919 3 1 3 5 0 0
20140919 4 4 1 7 0 0
20140919 5 5 4 1 0 0
20140919 6 1 4 6 0 0
20140919 7 3 1 2 0 0
20140919 8 9 3 7 6 3
20140919 9 2 9 4 2 6
20140919 10 9 5 1 6 4
20140919 11 1 7 8 1 5
20140919 12 7 3 9 5 3
20140920 1 1 5 7 0 0
20140920 2 4 6 1 0 0
20140920 3 4 5 2 0 0
20140920 4 1 5 7 0 0
20140920 5 2 4 5 0 0
20140920 6 7 3 5 0 0
20140920 7 6 5 3 0 0
20140920 8 4 3 5 4 3
20140920 9 8 3 9 6 3
20140920 10 7 3 5 5 3
20140920 11 7 2 9 5 2
20140920 12 7 9 2 5 6
20140921 1 3 7 2 0 0
20140921 2 1 2 3 0 0
20140921 3 5 1 7 0 0
20140921 4 7 3 2 0 0
20140921 5 7 1 2 5 1
20140921 6 2 8 5 2 6
20140921 7 2 5 9 2 4
20140921 8 2 7 9 2 5
20140921 9 6 4 1 0 0
20140921 10 1 5 6 0 0
20140921 11 4 3 7 0 0
20140921 12 2 3 1 2 3
20140924 1 3 5 8 3 4
20140924 2 3 5 1 3 4
20140924 3 5 3 9 4 3
20140924 4 4 9 7 4 6
20140924 5 7 9 1 5 6
20140924 6 5 1 6 4 1
20140924 7 5 3 9 4 3
20140924 8 7 8 9 5 6
20140924 9 5 4 6 4 4
20140924 10 3 5 9 3 4
20140924 11 5 2 8 4 2
20140925 1 9 3 5 6 3
20140925 2 1 5 8 1 4
20140925 3 1 9 7 1 6
20140925 4 8 6 3 6 5
20140925 5 7 5 2 5 4
20140925 6 9 7 2 6 5
20140925 7 9 1 6 6 1
20140925 8 9 2 7 6 2
20140925 9 5 9 3 4 6
20140925 10 5 4 3 4 4
20140925 11 1 7 3 1 5
20140926 1 3 2 5 3 2
20140926 2 3 9 6 3 6
20140926 3 5 2 7 4 2
20140926 4 2 8 7 2 6
20140926 5 3 7 5 3 5
20140926 6 5 1 7 4 1
20140926 7 5 4 7 4 4
20140926 8 1 6 9 1 5
20140926 9 2 1 8 2 1
20140926 10 1 7 8 1 5
20140926 11 1 8 9 1 6
20141004 1 5 1 7 0 0
20141004 2 2 7 3 0 0
20141004 3 2 7 1 0 0
20141004 4 4 2 6 0 0
20141004 5 5 1 2 0 0
20141004 6 3 7 4 0 0
20141004 7 6 3 1 0 0
20141004 8 9 5 2 6 4
20141004 9 2 1 3 2 1
20141004 10 1 2 3 1 2
20141004 11 1 5 7 1 4
20141004 12 3 6 8 3 5
20141005 1 7 4 2 0 0
20141005 2 2 5 3 0 0
20141005 3 4 1 5 0 0
20141005 4 2 3 7 0 0
20141005 5 5 3 1 0 0
20141005 6 5 7 3 0 0
20141005 7 4 3 7 0 0
20141005 8 3 9 8 3 6
20141005 9 9 1 4 6 1
20141005 10 5 9 4 4 6
20141005 11 1 2 7 1 2
20141005 12 1 7 5 1 5
20141006 1 7 5 3 0 0
20141006 2 1 3 7 0 0
20141006 3 4 2 7 0 0
20141006 4 2 4 3 0 0
20141006 5 3 9 4 3 6
20141006 6 5 3 1 4 3
20141006 7 2 1 4 2 1
20141006 8 2 3 9 2 3
20141006 9 5 3 1 0 0
20141006 10 3 2 1 0 0
20141006 11 2 1 7 0 0
20141006 12 5 2 7 4 2
20141104 1 3 1 7 3 1
20141104 2 7 9 6 5 6
20141104 3 7 1 2 5 1
20141104 4 2 6 5 2 5
20141104 5 9 1 3 6 1
20141104 6 8 1 2 6 1
20141104 7 1 4 7 1 4
20141104 8 2 7 3 2 5
20141104 9 2 9 7 2 6
20141104 10 5 1 2 4 1
20141104 11 5 3 2 4 3
20141105 1 4 1 2 4 1
20141105 2 5 7 9 4 5
20141105 3 5 9 8 4 6
20141105 4 9 7 4 6 5
20141105 5 7 2 1 5 2
20141105 6 5 3 7 4 3
20141105 7 7 2 5 5 2
20141105 8 4 7 3 4 5
20141105 9 1 6 4 1 5
20141105 10 9 5 3 6 4
20141105 11 1 5 9 1 4
20141106 1 3 4 9 3 4
20141106 2 7 3 9 5 3
20141106 3 1 7 3 1 5
20141106 4 2 3 7 2 3
20141106 5 7 3 9 5 3
20141106 6 1 2 6 1 2
20141106 7 1 4 2 1 4
20141106 8 4 1 3 4 1
20141106 9 9 3 6 6 3
20141106 10 8 3 5 6 3
20141106 11 1 3 9 1 3
20141117 1 2 5 3 0 0
20141117 2 2 3 5 0 0
20141117 3 5 2 4 0 0
20141117 4 5 3 4 0 0
20141117 5 2 7 3 0 0
20141117 6 3 7 8 3 5
20141117 7 1 5 4 1 4
20141117 8 2 9 7 2 6
20141117 9 3 9 5 3 6
20141117 10 1 6 5 1 5
20141118 1 2 7 1 0 0
20141118 2 1 7 4 0 0
20141118 3 4 2 6 0 0
20141118 4 7 3 5 0 0
20141118 5 4 2 6 0 0
20141118 6 5 7 6 4 5
20141118 7 9 5 2 6 4
20141118 8 5 1 9 4 1
20141118 9 9 2 7 6 2
20141118 10 5 7 9 4 5
20141119 1 7 3 2 0 0
20141119 2 5 3 1 0 0
20141119 3 5 2 4 0 0
20141119 4 6 4 7 0 0
20141119 5 3 7 5 3 5
20141119 6 7 3 5 5 3
20141119 7 4 2 7 0 0
20141119 8 1 3 5 1 3
20141119 9 9 5 3 6 4
20141119 10 1 3 9 1 3
20141212 1 3 4 2 0 0
20141212 2 2 7 3 0 0
20141212 3 3 5 1 0 0
20141212 4 4 7 3 0 0
20141212 5 5 4 7 0 0
20141212 6 8 7 5 6 5
20141212 7 9 5 7 6 4
20141212 8 9 2 7 6 2
20141212 9 7 5 4 5 4
20141212 10 5 6 3 4 5
20141213 1 5 3 2 0 0
20141213 2 4 3 5 0 0
20141213 3 5 2 4 0 0
20141213 4 3 5 2 0 0
20141213 5 1 5 4 0 0
20141213 6 3 8 2 3 6
20141213 7 5 1 9 4 1
20141213 8 1 5 7 1 4
20141213 9 4 9 5 4 6
20141213 10 7 9 1 5 6
20141214 1 3 2 4 0 0
20141214 2 1 3 5 0 0
20141214 3 7 4 5 0 0
20141214 4 3 7 6 0 0
20141214 5 6 8 5 5 6
20141214 6 7 2 6 5 2
20141214 7 5 3 6 0 0
20141214 8 1 7 3 1 5
20141214 9 8 3 4 6 3
20141214 10 2 7 1 2 5
20141225 1 3 5 6 0 0
20141225 2 3 2 4 0 0
20141225 3 3 7 2 0 0
20141225 4 4 2 7 0 0
20141225 5 2 5 7 0 0
20141225 6 4 1 9 4 1
20141225 7 1 3 7 1 3
20141225 8 1 9 7 1 6
20141225 9 9 3 2 6 3
20141225 10 7 3 2 5 3
20141226 1 3 7 1 0 0
20141226 2 1 7 4 0 0
20141226 3 5 6 4 0 0
20141226 4 4 1 3 0 0
20141226 5 1 7 4 0 0
20141226 6 7 2 5 5 2
20141226 7 3 1 9 3 1
20141226 8 0 0 0 4 3
20141226 9 7 2 5 5 2
20141226 10 9 3 7 6 3
20141227 1 4 7 5 0 0
20141227 2 3 6 7 0 0
20141227 3 7 4 2 0 0
20141227 4 7 2 3 0 0
20141227 5 2 4 7 2 4
20141227 6 9 7 4 6 5
20141227 7 5 1 4 0 0
20141227 8 9 3 2 6 3
20141227 9 9 3 2 6 3
20141227 10 2 7 4 2 5
20150110 1 2 1 5 2 1
20150110 2 9 1 4 6 1
20150110 3 7 1 2 5 1
20150110 4 1 6 7 1 5
20150110 5 9 5 1 6 4
20150110 6 3 6 9 3 5
20150110 7 3 9 4 3 6
20150110 8 9 5 7 6 4
20150110 9 5 3 8 4 3
20150110 10 9 2 5 6 2
20150110 11 3 9 7 3 6
20150110 12 5 7 3 4 5
20150111 1 4 7 2 4 5
20150111 2 8 2 9 6 2
20150111 3 4 9 2 4 6
20150111 4 3 5 4 3 4
20150111 5 1 9 8 1 6
20150111 6 5 1 3 4 1
20150111 7 9 3 7 6 3
20150111 8 4 3 5 4 3
20150111 9 9 1 5 6 1
20150111 10 6 5 9 5 4
20150111 11 1 7 3 1 5
20150111 12 1 2 8 1 2
20150112 1 8 2 1 6 2
20150112 2 7 2 3 6 2
20150112 3 1 8 2 1 6
20150112 4 7 2 5 5 2
20150112 5 9 3 2 6 3
20150112 6 5 3 6 4 3
20150112 7 3 4 9 3 4
20150112 8 3 2 7 3 2
20150112 9 1 3 8 1 3
20150112 10 6 8 9 5 6
20150112 11 8 7 2 6 5
20150112 12 1 2 7 1 2
20150113 1 3 2 7 3 2
20150113 2 9 3 1 6 3
20150113 3 2 7 9 2 5
20150113 4 4 9 1 4 6
20150113 5 9 3 4 6 3
20150113 6 5 1 2 4 1
20150113 7 9 3 5 6 3
20150113 8 2 4 3 2 4
20150113 9 8 9 3 6 6
20150113 10 5 1 8 4 1
20150113 11 1 4 5 1 4
20150209 1 9 1 3 6 1
20150209 2 5 7 1 4 5
20150209 3 9 3 5 6 3
20150209 4 7 4 3 5 4
20150209 5 5 3 1 4 3
20150209 6 6 4 1 5 4
20150209 7 2 8 9 2 6
20150209 8 8 1 5 6 1
20150209 9 1 5 7 1 4
20150209 10 1 3 8 1 3
20150209 11 5 4 1 4 4
20150210 1 9 1 7 6 1
20150210 2 1 2 7 1 2
20150210 3 4 2 8 4 2
20150210 4 7 1 5 5 1
20150210 5 2 4 3 2 4
20150210 6 3 7 2 3 5
20150210 7 5 9 2 4 6
20150210 8 7 1 4 5 1
20150210 9 5 7 1 4 5
20150210 10 1 2 8 1 2
20150210 11 7 4 3 5 4
20150211 1 9 7 5 6 5
20150211 2 1 4 8 1 4
20150211 3 9 8 3 6 6
20150211 4 9 7 1 6 5
20150211 5 9 3 4 6 3
20150211 6 9 2 5 6 2
20150211 7 2 3 1 2 3
20150211 8 1 4 5 1 4
20150211 9 5 1 8 4 1
20150211 10 5 2 7 4 2
20150211 11 1 5 8 1 4
20150304 1 7 1 6 5 1
20150304 2 3 5 1 3 4
20150304 3 5 3 2 4 3
20150304 4 6 5 2 5 4
20150304 5 1 5 9 1 4
20150304 6 7 2 9 5 2
20150304 7 3 5 9 3 4
20150304 8 2 3 8 2 3
20150304 9 7 3 1 5 3
20150304 10 5 1 2 4 1
20150304 11 1 2 6 1 2
20150305 1 5 7 3 4 5
20150305 2 6 5 3 5 4
20150305 3 2 4 5 2 4
20150305 4 9 3 2 6 3
20150305 5 9 3 2 6 3
20150305 6 2 9 1 2 6
20150305 7 2 9 7 2 6
20150305 8 9 2 7 6 2
20150305 9 1 2 5 1 2
20150305 10 1 5 7 1 4
20150305 11 2 1 9 2 1
20150306 1 4 7 3 4 5
20150306 2 4 2 8 4 2
20150306 3 3 7 5 3 5
20150306 4 5 8 3 4 6
20150306 5 5 1 7 4 1
20150306 6 3 1 4 3 1
20150306 7 5 2 4 5 2
20150306 8 3 9 7 3 6
20150306 9 9 1 8 6 1
20150306 10 3 9 8 3 6
20150306 11 7 6 5 5 5
20150314 1 1 3 2 0 0
20150314 2 2 5 4 0 0
20150314 3 1 5 3 0 0
20150314 4 5 3 2 0 0
20150314 5 5 1 2 0 0
20150314 6 9 1 7 6 1
20150314 7 1 2 5 1 2
20150314 8 3 2 5 3 2
20150314 9 7 5 1 5 4
20150314 10 3 2 9 3 2
20150315 1 4 1 3 0 0
20150315 2 4 5 6 0 0
20150315 3 5 4 3 0 0
20150315 4 4 1 5 0 0
20150315 5 7 3 1 0 0
20150315 6 1 9 5 1 6
20150315 7 8 3 9 6 3
20150315 8 7 8 3 5 6
20150315 9 7 9 3 5 6
20150315 10 7 3 9 5 3
20150316 1 6 5 3 0 0
20150316 2 1 7 5 0 0
20150316 3 3 4 2 0 0
20150316 4 1 5 7 0 0
20150316 5 7 3 1 5 3
20150316 6 2 7 1 2 5
20150316 7 1 3 7 0 0
20150316 8 5 2 4 4 2
20150316 9 9 7 6 6 5
20150316 10 9 1 6 6 1
20150410 1 3 5 7 0 0
20150410 2 3 5 7 0 0
20150410 3 4 2 3 0 0
20150410 4 7 1 4 0 0
20150410 5 1 3 7 0 0
20150410 6 3 6 2 0 0
20150410 7 4 1 6 0 0
20150410 8 3 1 5 3 1
20150410 9 7 5 1 5 4
20150410 10 1 8 5 1 6
20150410 11 5 7 9 4 5
20150410 12 6 8 9 5 6
20150411 1 7 1 5 0 0
20150411 2 1 3 7 0 0
20150411 3 7 4 2 0 0
20150411 4 7 3 4 0 0
20150411 5 7 4 1 0 0
20150411 6 5 2 3 0 0
20150411 7 6 4 5 0 0
20150411 8 2 9 7 2 6
20150411 9 3 9 1 3 6
20150411 10 2 3 9 2 3
20150411 11 5 4 3 4 4
20150411 12 9 2 1 6 2
20150412 1 2 4 5 0 0
20150412 2 2 4 6 0 0
20150412 3 7 4 6 0 0
20150412 4 3 2 4 0 0
20150412 5 2 3 9 2 3
20150412 6 9 1 4 6 1
20150412 7 9 5 7 6 4
20150412 8 7 1 4 5 1
20150412 9 7 1 4 0 0
20150412 10 1 5 2 0 0
20150412 11 1 2 7 0 0
20150412 12 9 2 6 6 2
20150513 1 3 1 9 3 1
20150513 2 4 5 8 4 4
20150513 3 3 7 5 3 5
20150513 4 7 9 2 5 6
20150513 5 5 2 1 4 2
20150513 6 6 5 3 5 4
20150513 7 3 1 9 3 1
20150513 8 2 5 9 2 4
20150513 9 3 9 5 3 6
20150513 10 7 1 9 5 1
20150513 11 7 5 1 5 4
20150514 1 7 9 5 5 6
20150514 2 9 1 6 6 1
20150514 3 2 1 8 2 1
20150514 4 2 9 4 2 6
20150514 5 1 9 2 1 6
20150514 6 5 1 2 4 1
20150514 7 5 9 7 4 6
20150514 8 2 9 8 2 6
20150514 9 3 5 7 3 4
20150514 10 6 5 1 5 4
20150514 11 5 9 3 4 6
20150515 1 8 4 2 6 4
20150515 2 3 9 5 3 6
20150515 3 5 7 8 4 5
20150515 4 2 7 5 2 5
20150515 5 9 1 5 6 1
20150515 6 3 2 7 3 2
20150515 7 3 1 7 3 1
20150515 8 7 9 2 5 6
20150515 9 3 7 1 3 5
20150515 10 4 1 7 4 1
20150515 11 4 3 9 4 3
20150522 1 4 3 5 0 0
20150522 2 1 2 4 0 0
20150522 3 4 3 5 0 0
20150522 4 2 5 3 0 0
20150522 5 1 5 6 0 0
20150522 6 5 7 6 0 0
20150522 7 6 3 7 0 0
20150522 8 2 7 5 2 5
20150522 9 9 5 3 6 4
20150522 10 7 1 9 0 0
20150522 11 7 2 9 5 2
20150522 12 7 1 4 5 1
20150523 1 3 1 5 0 0
20150523 2 7 5 3 0 0
20150523 3 5 7 1 0 0
20150523 4 4 1 5 0 0
20150523 5 1 3 6 0 0
20150523 6 4 1 2 0 0
20150523 7 3 7 2 0 0
20150523 8 9 4 5 6 4
20150523 9 5 3 1 4 3
20150523 10 3 7 2 3 5
20150523 11 5 1 2 4 1
20150523 12 3 5 1 3 4
20150524 1 7 2 1 0 0
20150524 2 3 7 1 0 0
20150524 3 4 1 5 0 0
20150524 4 1 5 7 0 0
20150524 5 2 9 5 2 6
20150524 6 2 1 4 2 1
20150524 7 9 5 2 6 4
20150524 8 2 9 5 2 6
20150524 9 6 5 3 0 0
20150524 10 7 3 4 0 0
20150524 11 2 5 6 0 0
20150524 12 2 4 8 2 4
20150624 1 1 5 7 1 4
20150624 2 9 7 5 6 5
20150624 3 2 7 4 2 5
20150624 4 7 4 9 5 4
20150624 5 1 7 9 1 5
20150624 6 2 7 3 2 5
20150624 7 7 2 1 5 2
20150624 8 7 3 9 5 3
20150624 9 2 1 3 2 1
20150624 10 5 4 2 4 4
20150624 11 1 5 2 1 4
20150625 1 5 3 1 4 3
20150625 2 7 1 2 5 1
20150625 3 3 9 5 3 6
20150625 4 7 1 6 5 1
20150625 5 9 2 3 6 2
20150625 6 3 5 2 3 4
20150625 7 8 7 9 6 5
20150625 8 4 6 9 4 5
20150625 9 5 7 8 4 5
20150625 10 7 9 3 5 6
20150625 11 3 2 4 3 2
20150626 1 3 2 9 3 2
20150626 2 5 7 3 4 5
20150626 3 9 2 4 6 2
20150626 4 3 8 5 3 6
20150626 5 1 7 8 1 5
20150626 6 3 9 5 3 6
20150626 7 7 6 3 5 5
20150626 8 7 8 2 5 6
20150626 9 8 3 4 6 3
20150626 10 3 5 7 3 4
20150626 11 7 1 3 5 1
20150721 1 7 4 2 0 0
20150721 2 5 3 4 0 0
20150721 3 5 3 4 0 0
20150721 4 4 1 7 0 0
20150721 5 5 4 1 0 0
20150721 6 3 2 5 3 2
20150721 7 3 7 5 3 5
20150721 8 5 1 8 4 1
20150721 9 9 7 2 6 5
20150721 10 7 1 2 5 1
20150722 1 3 7 4 0 0
20150722 2 4 7 3 0 0
20150722 3 7 3 5 0 0
20150722 4 3 4 7 0 0
20150722 5 4 5 1 0 0
20150722 6 4 3 7 4 3
20150722 7 3 9 4 3 6
20150722 8 3 5 7 3 4
20150722 9 5 2 9 4 2
20150722 10 2 7 5 2 5
