20111210 1 2 5 8 2 4
20111210 2 3 9 5 3 6
20111210 3 3 7 9 3 5
20111210 4 4 3 1 4 3
20111210 5 7 2 1 5 2
20111210 6 9 4 2 6 4
20111210 7 3 4 9 3 4
20111210 8 4 9 1 4 6
20111210 9 1 4 6 1 4
20111210 10 5 1 7 4 1
20111210 11 5 1 7 4 1
20111210 12 9 1 6 6 1
20111211 1 3 1 9 3 1
20111211 2 7 2 3 5 2
20111211 3 1 7 2 1 5
20111211 4 9 1 3 6 1
20111211 5 3 7 9 3 5
20111211 6 3 9 4 3 6
20111211 7 3 4 5 3 4
20111211 8 2 5 1 2 4
20111211 9 2 5 9 2 4
20111211 10 1 9 5 1 6
20111211 11 1 4 9 1 4
20111211 12 7 4 2 5 4
20111212 1 9 3 7 6 3
20111212 2 9 3 5 6 3
20111212 3 3 6 2 3 5
20111212 4 6 2 7 5 2
20111212 5 1 9 3 1 6
20111212 6 9 3 4 6 3
20111212 7 9 7 4 6 5
20111212 8 2 1 6 2 1
20111212 9 1 7 3 1 5
20111212 10 9 1 5 6 1
20111212 11 5 1 9 4 1
20111212 12 3 9 2 3 6
20111219 1 5 1 2 4 1
20111219 2 9 6 3 6 5
20111219 3 7 2 3 5 2
20111219 4 1 9 7 1 6
20111219 5 5 9 1 4 6
20111219 6 2 9 8 2 6
20111219 7 3 2 7 3 2
20111219 8 3 1 2 3 1
20111219 9 2 3 9 2 3
20111219 10 2 9 4 2 6
20111219 11 7 1 4 5 1
20111219 12 7 2 5 5 2
20111220 1 1 7 3 1 5
20111220 2 7 9 1 5 6
20111220 3 1 3 7 1 3
20111220 4 2 7 3 2 5
20111220 5 1 2 3 1 2
20111220 6 3 7 2 3 5
20111220 7 9 2 3 6 2
20111220 8 9 2 8 6 2
20111220 9 3 4 7 3 4
20111220 10 6 7 3 5 5
20111220 11 3 2 9 3 2
20111220 12 6 4 2 5 4
20111221 1 1 9 7 1 6
20111221 2 7 2 4 5 2
20111221 3 3 9 2 3 6
20111221 4 7 3 5 5 3
20111221 5 3 1 6 3 1
20111221 6 1 3 7 1 3
20111221 7 1 7 3 1 5
20111221 8 7 2 5 5 2
20111221 9 9 1 3 6 1
20111221 10 5 2 1 4 2
20111221 11 1 2 8 1 2
20111221 12 5 7 1 4 5
20111225 1 2 7 5 2 5
20111225 2 5 2 1 4 2
20111225 3 7 1 2 5 1
20111225 4 3 9 1 3 6
20111225 5 5 1 3 4 1
20111225 6 9 1 5 6 1
20111225 7 1 7 2 1 5
20111225 8 6 1 9 5 1
20111225 9 3 5 1 3 4
20111225 10 5 2 4 4 2
20111225 11 4 5 6 4 4
20111225 12 9 2 3 6 2
20111226 1 3 9 4 3 6
20111226 2 7 4 3 5 4
20111226 3 1 2 9 1 2
20111226 4 3 9 4 3 6
20111226 5 3 4 9 3 4
20111226 6 5 2 9 4 2
20111226 7 3 7 1 3 5
20111226 8 7 9 3 5 6
20111226 9 4 2 3 4 2
20111226 10 7 3 4 5 3
20111226 11 9 1 2 6 1
20111226 12 1 5 4 1 4
20111227 1 2 3 1 2 3
20111227 2 3 9 4 3 6
20111227 3 3 7 9 3 5
20111227 4 2 5 3 2 4
20111227 5 5 1 6 4 1
20111227 6 3 9 1 3 6
20111227 7 3 2 5 3 2
20111227 8 4 2 9 4 2
20111227 9 2 5 3 2 4
20111227 10 7 2 3 5 2
20111227 11 2 1 7 2 1
20111227 12 8 2 5 6 2
20120101 1 9 7 5 6 5
20120101 2 7 5 2 5 4
20120101 3 7 2 6 5 2
20120101 4 9 2 5 6 2
20120101 5 7 1 9 5 1
20120101 6 1 8 3 1 6
20120101 7 2 5 9 2 4
20120101 8 3 4 1 3 4
20120101 9 2 7 1 2 5
20120101 10 7 1 4 5 1
20120101 11 2 7 6 2 5
20120101 12 5 3 8 4 3
20120102 1 5 7 3 4 5
20120102 2 5 3 7 4 3
20120102 3 4 5 6 4 4
20120102 4 2 7 1 2 5
20120102 5 3 9 1 3 6
20120102 6 9 3 7 6 3
20120102 7 1 7 3 1 5
20120102 8 5 9 8 4 6
20120102 9 4 1 3 4 1
20120102 10 1 5 9 1 4
20120102 11 2 4 1 2 4
20120102 12 1 3 9 1 3
20120103 1 7 1 9 5 1
20120103 2 1 9 4 1 6
20120103 3 1 9 2 1 6
20120103 4 2 5 1 2 4
20120103 5 2 7 5 2 5
20120103 6 3 1 4 3 1
20120103 7 2 8 9 2 6
20120103 8 7 8 4 5 6
20120103 9 2 9 7 2 6
20120103 10 1 2 6 1 2
20120103 11 2 9 3 2 6
20120103 12 1 7 9 1 5
20120131 1 2 4 3 0 0
20120131 2 4 2 5 0 0
20120131 3 2 7 1 0 0
20120131 4 3 2 5 0 0
20120131 5 1 5 3 0 0
20120131 6 1 5 2 1 4
20120131 7 9 5 1 6 4
20120131 8 7 2 9 5 2
20120131 9 8 1 3 6 1
20120131 10 3 6 7 3 5
20120131 11 9 1 5 6 1
20120201 1 5 3 1 0 0
20120201 2 7 4 1 0 0
20120201 3 5 3 6 0 0
20120201 4 1 4 2 0 0
20120201 5 1 3 4 0 0
20120201 6 2 4 9 2 4
20120201 7 9 5 1 6 4
20120201 8 2 9 1 2 6
20120201 9 1 5 7 1 4
20120201 10 5 6 1 4 5
20120201 11 9 7 3 6 5
20120202 1 7 1 2 0 0
20120202 2 1 5 4 0 0
20120202 3 3 5 7 0 0
20120202 4 4 6 1 0 0
20120202 5 3 4 1 0 0
20120202 6 1 9 5 1 6
20120202 7 5 1 9 4 1
20120202 8 4 9 3 4 6
20120202 9 2 5 4 2 4
20120202 10 1 7 2 1 5
20120202 11 2 7 5 2 5
20120205 1 2 4 3 0 0
20120205 2 2 5 1 0 0
20120205 3 2 5 1 0 0
20120205 4 4 3 6 0 0
20120205 5 3 7 6 0 0
20120205 6 7 2 5 5 2
20120205 7 5 3 1 4 3
20120205 8 5 3 1 4 3
20120205 9 7 4 1 5 4
20120205 10 9 5 1 6 4
20120205 11 5 7 9 4 5
20120206 1 7 1 2 0 0
20120206 2 3 1 7 0 0
20120206 3 4 2 6 0 0
20120206 4 1 7 3 0 0
20120206 5 1 7 5 0 0
20120206 6 2 9 8 2 6
20120206 7 9 1 5 6 1
20120206 8 3 7 5 3 5
20120206 9 3 7 4 3 5
20120206 10 4 3 5 4 3
20120206 11 7 1 3 5 1
20120207 1 4 5 7 0 0
20120207 2 2 3 1 0 0
20120207 3 7 2 5 0 0
20120207 4 2 7 4 0 0
20120207 5 1 3 4 0 0
20120207 6 9 3 6 6 3
20120207 7 5 1 8 4 1
20120207 8 5 3 2 4 3
20120207 9 2 3 5 2 3
20120207 10 3 5 1 3 4
20120207 11 8 2 1 6 2
20120225 1 7 3 5 5 3
20120225 2 9 7 3 6 5
20120225 3 8 5 9 6 4
20120225 4 2 5 8 2 4
20120225 5 3 1 7 3 1
20120225 6 3 1 9 3 1
20120225 7 2 5 7 2 4
20120225 8 1 2 8 1 2
20120225 9 5 2 7 4 2
20120225 10 3 5 4 3 4
20120225 11 2 5 9 2 4
20120225 12 1 4 5 1 4
20120226 1 2 6 9 2 5
20120226 2 9 2 1 6 2
20120226 3 1 4 3 1 4
20120226 4 5 9 7 4 6
20120226 5 3 2 5 3 2
20120226 6 3 9 4 3 6
20120226 7 3 9 1 3 6
20120226 8 7 4 8 5 4
20120226 9 3 2 9 3 2
20120226 10 8 3 9 6 3
20120226 11 5 2 7 4 2
20120226 12 4 2 7 4 2
20120227 1 4 3 1 4 3
20120227 2 4 5 2 4 4
20120227 3 5 2 3 4 2
20120227 4 9 1 4 6 1
20120227 5 5 1 2 4 1
20120227 6 8 9 6 6 6
20120227 7 1 9 5 1 6
20120227 8 3 6 8 3 5
20120227 9 1 5 9 1 4
20120227 10 2 6 7 2 5
20120227 11 9 3 8 6 3
20120227 12 9 1 4 6 1
20120328 1 7 1 4 0 0
20120328 2 3 4 7 0 0
20120328 3 2 7 4 0 0
20120328 4 4 1 7 0 0
20120328 5 5 1 3 0 0
20120328 6 7 3 9 5 3
20120328 7 1 9 2 1 6
20120328 8 9 3 5 6 3
20120328 9 3 9 7 3 6
20120328 10 1 5 9 1 4
20120328 11 3 4 5 3 4
20120329 1 2 7 6 0 0
20120329 2 5 2 3 0 0
20120329 3 2 4 1 0 0
20120329 4 3 4 2 0 0
20120329 5 2 3 5 0 0
20120329 6 3 9 1 3 6
20120329 7 7 2 8 5 2
20120329 8 2 9 5 2 6
20120329 9 1 3 9 1 3
20120329 10 1 9 5 1 6
20120329 11 2 1 4 2 1
20120330 1 7 4 3 0 0
20120330 2 1 4 3 0 0
20120330 3 5 2 4 0 0
20120330 4 5 4 2 0 0
20120330 5 3 5 2 0 0
20120330 6 2 9 1 2 6
20120330 7 7 9 2 5 6
20120330 8 1 9 5 1 6
20120330 9 4 2 8 4 2
20120330 10 1 9 5 1 6
20120330 11 3 7 5 3 5
20120409 1 9 1 3 6 1
20120409 2 7 3 1 5 3
20120409 3 9 5 3 6 4
20120409 4 1 5 7 1 4
20120409 5 1 7 3 1 5
20120409 6 2 5 8 2 4
20120409 7 1 9 3 1 6
20120409 8 7 4 9 5 4
20120409 9 3 7 1 3 5
20120409 10 1 7 3 1 5
20120409 11 1 5 2 1 4
20120409 12 2 7 6 2 5
20120410 1 3 9 1 3 6
20120410 2 5 4 8 4 4
20120410 3 2 7 1 2 5
20120410 4 1 5 7 1 4
20120410 5 8 1 5 6 1
20120410 6 1 9 3 1 6
20120410 7 3 1 2 3 1
20120410 8 7 1 4 5 1
20120410 9 7 6 5 5 5
20120410 10 5 7 2 4 5
20120410 11 5 1 4 4 1
20120410 12 7 9 5 5 6
20120411 1 7 8 5 5 6
20120411 2 2 1 9 2 1
20120411 3 4 2 9 4 2
20120411 4 1 3 7 1 3
20120411 5 1 3 7 1 3
20120411 6 1 7 8 1 5
20120411 7 4 7 8 4 5
20120411 8 2 3 4 2 3
20120411 9 2 5 4 2 4
20120411 10 2 3 5 2 3
20120411 11 3 4 5 3 4
20120411 12 1 5 9 1 4
20120415 1 5 1 6 0 0
20120415 2 7 1 5 0 0
20120415 3 2 1 5 0 0
20120415 4 2 7 5 0 0
20120415 5 4 1 6 0 0
20120415 6 2 1 7 2 1
20120415 7 3 7 4 3 5
20120415 8 2 5 7 2 4
20120415 9 2 9 7 2 6
20120415 10 7 5 4 5 4
20120415 11 8 2 3 6 2
20120416 1 5 2 6 0 0
20120416 2 5 7 1 0 0
20120416 3 3 6 4 0 0
20120416 4 2 5 1 0 0
20120416 5 5 1 7 0 0
20120416 6 5 3 7 4 3
20120416 7 2 6 5 2 5
20120416 8 8 1 9 6 1
20120416 9 5 1 2 4 1
20120416 10 1 3 6 1 3
20120416 11 9 4 7 6 4
20120417 1 4 3 7 0 0
20120417 2 4 7 2 0 0
20120417 3 5 1 6 0 0
20120417 4 1 5 6 0 0
20120417 5 5 1 7 0 0
20120417 6 2 5 3 2 4
20120417 7 8 5 9 6 4
20120417 8 5 2 7 4 2
20120417 9 5 3 1 4 3
20120417 10 1 7 2 1 5
20120417 11 5 1 9 4 1
20120504 1 3 5 2 0 0
20120504 2 2 4 1 0 0
20120504 3 1 2 4 0 0
20120504 4 7 3 6 0 0
20120504 5 4 1 3 0 0
20120504 6 1 9 5 1 6
20120504 7 1 2 8 1 2
20120504 8 3 7 5 3 5
20120504 9 7 9 1 5 6
20120504 10 5 9 3 4 6
20120504 11 9 4 2 6 4
20120505 1 5 1 3 0 0
20120505 2 2 1 5 0 0
20120505 3 1 6 3 0 0
20120505 4 5 4 2 0 0
20120505 5 4 1 2 0 0
20120505 6 3 6 9 3 5
20120505 7 4 9 1 4 6
20120505 8 2 3 9 2 3
20120505 9 1 5 9 1 4
20120505 10 5 3 4 4 3
20120505 11 3 5 1 3 4
20120506 1 5 3 1 0 0
20120506 2 5 2 7 0 0
20120506 3 5 3 1 0 0
20120506 4 3 5 2 0 0
20120506 5 4 1 2 0 0
20120506 6 3 7 5 3 5
20120506 7 5 3 9 4 3
20120506 8 1 7 4 1 5
20120506 9 4 9 3 4 6
20120506 10 1 7 9 1 5
20120506 11 2 7 3 2 5
20120514 1 2 7 1 0 0
20120514 2 3 5 7 0 0
20120514 3 7 2 1 0 0
20120514 4 2 1 4 0 0
20120514 5 1 3 7 0 0
20120514 6 2 7 3 2 5
20120514 7 9 5 7 6 4
20120514 8 3 5 1 3 4
20120514 9 5 3 9 4 3
20120514 10 7 1 4 5 1
20120514 11 9 5 6 6 4
20120515 1 3 2 7 0 0
20120515 2 7 3 2 0 0
20120515 3 4 5 3 0 0
20120515 4 5 2 7 0 0
20120515 5 7 1 2 0 0
20120515 6 3 9 2 3 6
20120515 7 3 9 1 3 6
20120515 8 9 1 2 6 1
20120515 9 5 7 8 4 5
20120515 10 3 7 2 3 5
20120515 11 4 2 9 4 2
20120516 1 4 2 5 0 0
20120516 2 4 3 1 0 0
20120516 3 7 3 4 0 0
20120516 4 4 7 1 0 0
20120516 5 5 4 2 0 0
20120516 6 1 4 2 1 4
20120516 7 2 4 3 2 4
20120516 8 1 7 9 1 5
20120516 9 3 7 2 3 5
20120516 10 1 5 7 1 4
20120516 11 3 5 2 3 4
20120605 1 5 7 2 0 0
20120605 2 7 3 2 0 0
20120605 3 1 5 2 0 0
20120605 4 7 5 1 0 0
20120605 5 5 2 7 0 0
20120605 6 3 9 1 3 6
20120605 7 9 2 4 6 2
20120605 8 5 3 9 4 3
20120605 9 7 9 1 5 6
20120605 10 5 1 3 4 1
20120605 11 1 2 3 1 2
20120606 1 4 2 3 0 0
20120606 2 1 7 3 0 0
20120606 3 2 7 3 0 0
20120606 4 3 2 1 0 0
20120606 5 4 2 3 0 0
20120606 6 7 2 4 5 2
20120606 7 2 6 7 2 5
20120606 8 7 8 2 5 6
20120606 9 2 9 4 2 6
20120606 10 2 3 1 2 3
20120606 11 1 4 5 1 4
20120607 1 2 1 7 0 0
20120607 2 5 6 4 0 0
20120607 3 7 4 3 0 0
20120607 4 5 1 2 0 0
20120607 5 1 5 4 0 0
20120607 6 3 2 9 3 2
20120607 7 5 1 7 4 1
20120607 8 1 7 4 1 5
20120607 9 1 2 7 1 2
20120607 10 9 3 2 6 3
20120607 11 5 4 2 4 4
20120709 1 1 7 4 1 5
20120709 2 7 5 3 5 4
20120709 3 2 7 9 2 5
20120709 4 7 3 9 5 3
20120709 5 7 2 3 5 2
20120709 6 3 1 6 3 1
20120709 7 9 5 7 6 4
20120709 8 7 3 1 5 3
20120709 9 9 2 8 6 2
20120709 10 1 5 4 1 4
20120709 11 1 3 4 1 3
20120710 1 2 7 3 2 5
20120710 2 5 3 1 4 3
20120710 3 5 7 9 4 5
20120710 4 2 7 5 2 5
20120710 5 9 4 3 6 4
20120710 6 2 7 5 2 5
20120710 7 4 5 1 4 4
20120710 8 2 5 4 2 4
20120710 9 3 9 6 3 6
20120710 10 9 1 3 6 1
20120710 11 3 5 1 3 4
20120711 1 7 3 2 5 3
20120711 2 1 6 3 1 5
20120711 3 4 1 5 4 1
20120711 4 1 5 8 1 4
20120711 5 9 8 1 6 6
20120711 6 2 9 6 2 6
20120711 7 6 7 3 5 5
20120711 8 2 4 7 2 4
20120711 9 2 7 5 2 5
20120711 10 7 5 3 5 4
20120711 11 1 3 2 1 3
20120725 1 5 6 2 0 0
20120725 2 2 3 1 0 0
20120725 3 3 4 1 0 0
20120725 4 7 2 4 0 0
20120725 5 1 7 3 0 0
20120725 6 1 5 9 1 4
20120725 7 7 9 2 5 6
20120725 8 3 7 5 3 5
20120725 9 5 3 1 4 3
20120725 10 2 9 3 2 6
20120725 11 2 4 9 2 4
20120726 1 2 4 1 0 0
20120726 2 3 5 7 0 0
20120726 3 5 3 7 0 0
20120726 4 3 2 4 0 0
20120726 5 3 5 7 0 0
20120726 6 4 5 3 4 4
20120726 7 3 7 5 3 5
20120726 8 2 3 5 2 3
20120726 9 6 1 2 5 1
20120726 10 7 3 8 5 3
20120726 11 1 9 6 1 6
20120727 1 1 7 2 0 0
20120727 2 3 7 6 0 0
20120727 3 3 7 6 0 0
20120727 4 4 1 2 0 0
20120727 5 1 5 4 0 0
20120727 6 1 9 2 1 6
20120727 7 3 7 9 3 5
20120727 8 1 3 9 1 3
20120727 9 9 7 1 6 5
20120727 10 2 9 8 2 6
20120727 11 1 2 9 1 2
20120813 1 1 2 9 1 2
20120813 2 5 7 2 4 5
20120813 3 3 5 4 3 4
20120813 4 9 1 7 6 1
20120813 5 5 7 3 4 5
20120813 6 9 4 5 6 4
20120813 7 4 2 3 4 2
20120813 8 1 7 4 1 5
20120813 9 5 7 1 4 5
20120813 10 5 9 3 4 6
20120813 11 7 9 2 5 6
20120814 1 4 1 8 4 1
20120814 2 3 2 8 3 2
20120814 3 7 8 9 5 6
20120814 4 2 4 1 2 4
20120814 5 2 9 3 2 6
20120814 6 1 7 9 1 5
20120814 7 5 9 8 4 6
20120814 8 2 7 9 2 5
20120814 9 2 4 5 2 4
20120814 10 3 1 8 3 1
20120814 11 2 7 9 2 5
20120815 1 3 7 2 3 5
20120815 2 4 9 2 4 6
20120815 3 7 9 3 5 6
20120815 4 2 1 9 2 1
20120815 5 1 9 4 1 6
20120815 6 1 7 3 1 5
20120815 7 4 9 2 4 6
20120815 8 1 2 5 1 2
20120815 9 5 3 1 4 3
20120815 10 7 3 5 5 3
20120815 11 9 2 8 6 2
20120924 1 1 2 4 0 0
20120924 2 5 1 3 0 0
20120924 3 3 4 5 0 0
20120924 4 4 5 7 0 0
20120924 5 5 7 2 0 0
20120924 6 9 2 3 6 2
20120924 7 2 5 1 2 4
20120924 8 2 9 3 2 6
20120924 9 6 1 4 5 1
20120924 10 1 2 7 1 2
20120924 11 9 7 1 6 5
20120925 1 2 1 7 0 0
20120925 2 7 5 2 0 0
20120925 3 4 7 1 0 0
20120925 4 5 3 4 0 0
20120925 5 3 1 5 0 0
20120925 6 3 2 7 3 2
20120925 7 2 7 5 2 5
20120925 8 7 5 3 5 4
20120925 9 3 5 7 3 4
20120925 10 7 3 9 5 3
20120925 11 9 4 1 6 4
20120926 1 7 4 2 0 0
20120926 2 2 3 5 0 0
20120926 3 1 7 3 0 0
20120926 4 2 6 7 0 0
20120926 5 3 5 1 0 0
20120926 6 9 5 2 6 4
20120926 7 1 3 2 1 3
20120926 8 1 9 2 1 6
20120926 9 1 3 9 1 3
20120926 10 1 3 2 1 3
20120926 11 1 7 5 1 5
20121001 1 1 4 7 0 0
20121001 2 2 3 5 0 0
20121001 3 4 3 5 0 0
20121001 4 4 1 5 0 0
20121001 5 5 7 4 0 0
20121001 6 1 3 5 1 3
20121001 7 5 1 9 4 1
20121001 8 8 3 9 6 3
20121001 9 8 7 5 6 5
20121001 10 1 3 6 1 3
20121001 11 9 1 4 6 1
20121002 1 5 7 1 0 0
20121002 2 5 1 4 0 0
20121002 3 4 2 7 0 0
20121002 4 2 7 4 0 0
20121002 5 5 3 4 0 0
20121002 6 1 5 8 1 4
20121002 7 1 3 2 1 3
20121002 8 7 5 4 5 4
20121002 9 3 8 1 3 6
20121002 10 3 9 4 3 6
20121002 11 5 1 9 4 1
20121003 1 5 2 1 0 0
20121003 2 1 2 5 0 0
20121003 3 5 3 7 0 0
20121003 4 5 2 6 0 0
20121003 5 6 1 5 0 0
20121003 6 2 5 7 2 4
20121003 7 2 5 7 2 4
20121003 8 5 3 8 4 3
20121003 9 9 5 7 6 4
20121003 10 5 1 3 4 1
20121003 11 5 6 8 4 5
20121006 1 2 9 7 2 6
20121006 2 2 8 9 2 6
20121006 3 9 7 1 6 5
20121006 4 9 2 7 6 2
20121006 5 8 9 4 6 6
20121006 6 4 1 3 4 1
20121006 7 1 8 2 1 6
20121006 8 5 9 8 4 6
20121006 9 9 5 1 6 4
20121006 10 5 8 2 4 6
20121006 11 8 6 1 6 5
20121007 1 1 3 2 1 3
20121007 2 7 8 3 5 6
20121007 3 7 1 4 5 1
20121007 4 5 2 8 4 2
20121007 5 7 1 6 5 1
20121007 6 5 7 4 4 5
20121007 7 2 9 5 2 6
20121007 8 2 8 1 2 6
20121007 9 4 9 1 4 6
20121007 10 7 1 3 5 1
20121007 11 5 1 9 4 1
20121008 1 2 9 7 2 6
20121008 2 5 2 1 4 2
20121008 3 9 5 2 6 4
20121008 4 2 1 5 2 1
20121008 5 9 5 2 6 4
20121008 6 5 9 3 4 6
20121008 7 3 2 7 3 2
20121008 8 2 9 7 2 6
20121008 9 2 3 7 2 3
20121008 10 2 9 5 2 6
20121008 11 1 5 4 1 4
20121009 1 1 5 2 1 4
20121009 2 7 3 9 5 3
20121009 3 1 4 6 1 4
20121009 4 1 7 4 1 5
20121009 5 9 1 2 6 1
20121009 6 1 7 9 1 5
20121009 7 1 7 6 1 5
20121009 8 9 5 3 6 4
20121009 9 5 9 7 4 6
20121009 10 3 4 9 3 4
20121009 11 2 9 1 2 6
20121121 1 2 3 7 2 3
20121121 2 1 3 5 1 3
20121121 3 7 9 3 5 6
20121121 4 7 5 1 5 4
20121121 5 1 9 7 1 6
20121121 6 7 5 8 5 4
20121121 7 3 5 7 3 4
20121121 8 3 7 9 3 5
20121121 9 1 3 2 1 3
20121121 10 4 5 3 4 4
20121121 11 6 2 4 5 2
20121122 1 2 7 3 2 5
20121122 2 5 1 9 4 1
20121122 3 7 8 3 5 6
20121122 4 3 7 1 3 5
20121122 5 1 3 9 1 3
20121122 6 5 9 4 4 6
20121122 7 5 3 1 4 3
20121122 8 5 9 1 4 6
20121122 9 2 1 3 2 1
20121122 10 5 3 2 4 3
20121122 11 1 5 3 1 4
20121123 1 2 3 7 2 3
20121123 2 3 7 1 3 5
20121123 3 3 1 7 3 1
20121123 4 9 3 4 6 3
20121123 5 8 2 5 6 2
20121123 6 3 9 6 3 6
20121123 7 5 1 4 4 1
20121123 8 9 1 3 6 1
20121123 9 5 8 4 4 6
20121123 10 2 7 3 2 5
20121123 11 2 6 5 2 5
20121213 1 7 1 4 0 0
20121213 2 1 2 4 0 0
20121213 3 3 5 4 0 0
20121213 4 4 1 2 0 0
20121213 5 1 5 6 0 0
20121213 6 9 1 7 6 1
20121213 7 3 7 1 3 5
20121213 8 2 5 8 2 4
20121213 9 7 1 2 5 1
20121213 10 7 5 1 5 4
20121213 11 7 5 4 5 4
20121214 1 4 3 5 0 0
20121214 2 5 4 3 0 0
20121214 3 2 3 7 0 0
20121214 4 3 5 1 0 0
20121214 5 1 5 7 0 0
20121214 6 9 3 7 6 3
20121214 7 7 8 2 5 6
20121214 8 5 1 9 4 1
20121214 9 5 1 2 4 1
20121214 10 3 9 1 3 6
20121214 11 1 5 9 1 4
20121215 1 3 6 1 0 0
20121215 2 3 4 2 0 0
20121215 3 3 1 2 0 0
20121215 4 4 1 7 0 0
20121215 5 4 2 1 0 0
20121215 6 3 9 5 3 6
20121215 7 8 1 3 6 1
20121215 8 7 2 9 5 2
20121215 9 9 2 7 6 2
20121215 10 1 5 9 1 4
20121215 11 7 2 4 5 2
20121230 1 7 1 4 0 0
20121230 2 1 7 4 0 0
20121230 3 3 1 5 0 0
20121230 4 2 4 7 0 0
20121230 5 5 1 7 0 0
20121230 6 1 7 5 1 5
20121230 7 5 2 8 4 2
20121230 8 7 5 1 5 4
20121230 9 9 3 1 6 3
20121230 10 7 9 8 5 6
20121230 11 2 8 5 2 6
20121231 1 5 4 1 0 0
20121231 2 1 3 4 0 0
20121231 3 5 2 3 0 0
20121231 4 7 2 3 0 0
20121231 5 1 2 4 0 0
20121231 6 2 1 7 2 1
20121231 7 1 7 3 1 5
20121231 8 9 6 3 6 5
20121231 9 3 2 9 3 2
20121231 10 4 2 3 4 2
20121231 11 1 5 2 1 4
20130101 1 4 5 6 0 0
20130101 2 5 2 3 0 0
20130101 3 1 3 7 0 0
20130101 4 7 2 5 0 0
20130101 5 4 5 3 0 0
20130101 6 4 5 3 4 4
20130101 7 6 5 9 5 4
20130101 8 7 3 8 5 3
20130101 9 7 5 2 5 4
20130101 10 2 5 3 2 4
20130101 11 1 3 9 1 3
20130102 1 7 8 5 5 6
20130102 2 5 3 2 4 3
20130102 3 2 9 5 2 6
20130102 4 7 3 5 5 3
20130102 5 1 3 7 1 3
20130102 6 2 7 8 2 5
20130102 7 6 5 2 5 4
20130102 8 7 4 8 5 4
20130102 9 1 9 5 1 6
20130102 10 7 3 8 5 3
20130102 11 9 3 2 6 3
20130103 1 4 6 8 4 5
20130103 2 8 2 3 6 2
20130103 3 2 8 7 2 6
20130103 4 7 1 3 5 1
20130103 5 1 5 8 1 4
20130103 6 2 3 8 2 3
20130103 7 7 1 8 5 1
20130103 8 9 4 7 6 4
20130103 9 4 5 3 4 4
20130103 10 1 7 9 1 5
20130103 11 5 9 1 4 6
20130104 1 1 3 7 1 3
20130104 2 1 6 4 1 5
20130104 3 3 4 2 3 4
20130104 4 1 5 9 1 4
20130104 5 5 3 2 4 3
20130104 6 1 3 9 1 3
20130104 7 1 9 2 1 6
20130104 8 5 3 2 4 3
20130104 9 1 3 5 1 3
20130104 10 7 2 4 5 2
20130104 11 2 4 1 2 4
20130117 1 1 5 3 0 0
20130117 2 5 4 7 0 0
20130117 3 7 3 1 0 0
20130117 4 3 5 2 0 0
20130117 5 5 2 7 0 0
20130117 6 7 1 3 5 1
20130117 7 9 3 7 6 3
20130117 8 7 5 6 5 4
20130117 9 1 3 9 1 3
20130117 10 5 9 6 4 6
20130117 11 8 2 5 6 2
20130118 1 5 7 3 0 0
20130118 2 5 3 1 0 0
20130118 3 4 3 7 0 0
20130118 4 2 1 4 0 0
20130118 5 2 3 5 0 0
20130118 6 3 2 5 3 2
20130118 7 1 9 4 1 6
20130118 8 7 4 3 5 4
20130118 9 7 1 2 5 1
20130118 10 2 5 7 2 4
20130118 11 5 9 1 4 6
20130119 1 7 5 1 0 0
20130119 2 1 6 4 0 0
20130119 3 4 2 1 0 0
20130119 4 1 6 2 0 0
20130119 5 7 1 2 0 0
20130119 6 2 3 8 2 3
20130119 7 9 6 3 6 5
20130119 8 4 7 1 4 5
20130119 9 5 3 1 4 3
20130119 10 1 8 7 1 6
20130119 11 6 1 7 5 1
20130202 1 6 2 7 0 0
20130202 2 3 7 4 0 0
20130202 3 2 1 4 0 0
20130202 4 2 5 7 0 0
20130202 5 2 7 4 0 0
20130202 6 3 5 1 0 0
20130202 7 6 2 1 0 0
20130202 8 3 5 2 3 4
20130202 9 8 7 1 6 5
20130202 10 3 5 9 3 4
20130202 11 5 1 2 4 1
20130202 12 7 9 6 5 6
20130203 1 5 7 3 0 0
20130203 2 7 3 2 0 0
20130203 3 1 7 2 0 0
20130203 4 1 2 6 0 0
20130203 5 1 3 5 0 0
20130203 6 6 4 1 0 0
20130203 7 5 3 4 0 0
20130203 8 6 2 9 5 2
20130203 9 9 3 2 6 3
20130203 10 1 5 9 1 4
20130203 11 3 8 4 3 6
20130203 12 5 3 1 4 3
20130204 1 3 1 4 0 0
20130204 2 5 3 1 0 0
20130204 3 7 4 2 0 0
20130204 4 3 7 5 0 0
20130204 5 3 2 7 0 0
20130204 6 6 7 1 0 0
20130204 7 3 2 5 3 2
20130204 8 9 2 5 6 2
20130204 9 7 5 2 5 4
20130204 10 3 5 9 3 4
20130204 11 1 5 7 0 0
20130204 12 4 7 2 4 5
20130220 1 4 7 1 4 5
20130220 2 5 3 7 4 3
20130220 3 3 5 9 3 4
20130220 4 4 3 9 4 3
20130220 5 7 4 1 5 4
20130220 6 2 5 3 2 4
20130220 7 1 4 7 1 4
20130220 8 7 5 1 5 4
20130220 9 1 7 9 1 5
20130220 10 7 5 4 5 4
20130220 11 9 6 8 6 5
20130221 1 3 5 2 3 4
20130221 2 5 2 7 4 2
20130221 3 3 5 2 3 4
20130221 4 1 8 5 1 6
20130221 5 1 8 9 1 6
20130221 6 3 9 7 3 6
20130221 7 5 1 2 4 1
20130221 8 1 6 7 1 5
20130221 9 1 3 4 1 3
20130221 10 5 3 9 4 3
20130221 11 5 2 3 4 2
20130222 1 3 1 8 3 1
20130222 2 7 2 9 5 2
20130222 3 9 3 6 6 3
20130222 4 3 9 4 3 6
20130222 5 8 1 7 6 1
20130222 6 3 7 5 3 5
20130222 7 3 1 4 3 1
20130222 8 5 6 7 4 5
20130222 9 5 9 2 4 6
20130222 10 3 9 7 3 6
20130222 11 2 8 5 2 6
20130329 1 2 3 4 2 3
20130329 2 5 1 2 4 1
20130329 3 9 7 2 6 5
20130329 4 7 3 1 5 3
20130329 5 1 5 7 1 4
20130329 6 4 9 1 4 6
20130329 7 9 7 5 6 5
20130329 8 1 2 9 1 2
20130329 9 5 1 3 4 1
20130329 10 1 7 4 1 5
20130329 11 2 3 5 2 3
20130330 1 1 2 7 1 2
20130330 2 4 7 5 4 5
20130330 3 7 3 9 5 3
20130330 4 2 3 1 2 3
20130330 5 7 4 3 5 4
20130330 6 1 5 6 1 4
20130330 7 2 7 9 2 5
20130330 8 9 5 2 6 4
20130330 9 1 9 6 1 6
20130330 10 5 3 8 4 3
20130330 11 5 1 9 4 1
20130331 1 9 4 3 6 4
20130331 2 5 1 9 4 1
20130331 3 3 9 1 3 6
20130331 4 1 2 9 1 2
20130331 5 2 8 3 2 6
20130331 6 2 4 1 2 4
20130331 7 7 3 5 6 3
20130331 8 7 5 1 5 4
20130331 9 5 2 9 4 2
20130331 10 2 7 9 2 5
20130331 11 4 1 2 4 1
20130401 1 3 5 1 3 4
20130401 2 9 1 7 6 1
20130401 3 2 9 3 2 6
20130401 4 7 5 2 5 4
20130401 5 5 8 1 4 6
20130401 6 8 7 4 6 5
20130401 7 7 5 9 5 4
20130401 8 1 2 9 1 2
20130401 9 3 1 9 3 1
20130401 10 7 1 4 5 1
20130401 11 5 1 9 4 1
20130402 1 5 2 4 4 2
20130402 2 3 9 1 3 6
20130402 3 2 8 4 2 6
20130402 4 1 7 9 1 5
20130402 5 9 4 3 6 4
20130402 6 5 1 2 4 1
20130402 7 1 4 9 1 4
20130402 8 2 5 9 2 4
20130402 9 2 5 9 2 4
20130402 10 2 7 9 2 5
20130402 11 1 2 4 1 2
20130403 1 3 2 5 3 2
20130403 2 5 1 7 4 1
20130403 3 1 8 9 1 6
20130403 4 5 1 2 4 1
20130403 5 5 9 6 4 6
20130403 6 7 5 1 5 4
20130403 7 8 4 1 6 4
20130403 8 2 4 8 2 4
20130403 9 1 2 4 1 2
20130403 10 3 7 2 3 5
20130403 11 3 1 4 3 1
20130416 1 3 1 2 0 0
20130416 2 7 2 3 0 0
20130416 3 4 3 2 0 0
20130416 4 4 5 3 0 0
20130416 5 2 4 7 0 0
20130416 6 7 4 2 5 4
20130416 7 2 1 8 2 1
20130416 8 7 1 3 5 1
20130416 9 3 7 8 3 5
20130416 10 2 8 3 2 6
20130417 1 5 4 1 0 0
20130417 2 3 7 1 0 0
20130417 3 7 5 1 0 0
20130417 4 2 5 1 0 0
20130417 5 4 2 7 0 0
20130417 6 3 5 6 3 4
20130417 7 5 1 8 4 1
20130417 8 7 8 3 5 6
20130417 9 9 2 8 6 2
20130417 10 1 5 9 1 4
20130418 1 3 4 1 0 0
20130418 2 1 7 2 0 0
20130418 3 7 3 2 0 0
20130418 4 7 2 4 0 0
20130418 5 5 1 9 4 1
20130418 6 9 5 6 6 4
20130418 7 3 4 2 0 0
20130418 8 2 7 9 2 5
20130418 9 1 3 9 1 3
20130418 10 3 6 2 3 5
20130503 1 1 4 5 0 0
20130503 2 2 7 1 0 0
20130503 3 3 2 5 0 0
20130503 4 4 3 1 0 0
20130503 5 5 1 2 0 0
20130503 6 9 2 5 6 2
20130503 7 4 2 3 4 2
20130503 8 5 2 9 4 2
20130503 9 9 1 3 6 1
20130503 10 4 7 1 4 5
20130504 1 1 5 2 0 0
20130504 2 2 4 6 0 0
20130504 3 3 1 2 0 0
20130504 4 7 1 4 0 0
20130504 5 4 2 3 0 0
20130504 6 2 1 6 2 1
20130504 7 7 4 8 5 4
20130504 8 2 9 8 2 6
20130504 9 1 3 7 1 3
20130504 10 4 3 1 4 3
20130505 1 3 7 4 0 0
20130505 2 3 5 4 0 0
20130505 3 2 5 3 0 0
20130505 4 2 1 5 0 0
20130505 5 1 5 9 1 4
20130505 6 4 9 7 4 6
20130505 7 1 3 2 0 0
20130505 8 2 6 3 2 5
20130505 9 3 7 1 3 5
20130505 10 3 2 1 3 2
20130518 1 2 1 3 2 1
20130518 2 9 1 3 6 1
20130518 3 1 3 9 1 3
20130518 4 4 2 6 4 2
20130518 5 1 4 9 1 4
20130518 6 1 6 7 1 5
20130518 7 9 2 7 6 2
20130518 8 8 2 1 6 2
20130518 9 3 9 7 3 6
20130518 10 4 6 8 4 5
20130518 11 7 2 5 5 2
20130519 1 2 4 8 2 4
20130519 2 3 6 2 3 5
20130519 3 5 3 1 4 3
20130519 4 7 8 9 5 6
20130519 5 4 2 9 4 2
20130519 6 3 2 8 3 2
20130519 7 2 1 8 2 1
20130519 8 1 5 9 1 4
20130519 9 9 2 3 6 2
20130519 10 9 1 7 6 1
20130519 11 3 7 5 3 5
20130613 1 9 3 5 6 3
20130613 2 7 1 4 5 1
20130613 3 2 9 5 2 6
20130613 4 1 9 7 1 6
20130613 5 1 3 6 1 3
20130613 6 7 9 2 5 6
20130613 7 5 1 4 4 1
20130613 8 5 2 6 4 2
20130613 9 3 7 1 3 5
20130613 10 3 9 2 3 6
20130613 11 2 9 4 2 6
20130613 12 9 5 7 6 4
20130614 1 9 7 2 6 5
20130614 2 7 2 9 5 2
20130614 3 7 2 4 5 2
20130614 4 7 2 9 5 2
20130614 5 1 2 4 1 2
20130614 6 3 5 2 3 4
20130614 7 5 9 6 4 6
20130614 8 1 2 9 1 2
20130614 9 8 2 3 6 2
20130614 10 7 9 4 5 6
20130614 11 1 5 2 1 4
20130614 12 7 6 5 5 5
20130615 1 3 1 7 3 1
20130615 2 3 2 9 3 2
20130615 3 9 2 6 6 2
20130615 4 8 7 4 6 5
20130615 5 5 3 8 4 3
20130615 6 5 7 6 4 5
20130615 7 3 1 4 3 1
20130615 8 4 6 2 4 5
20130615 9 5 6 3 4 5
20130615 10 7 1 2 5 1
20130615 11 5 1 4 4 1
20130615 12 2 9 6 2 6
20130616 1 2 1 5 2 1
20130616 2 7 8 3 5 6
20130616 3 4 6 9 4 5
20130616 4 4 5 1 4 4
20130616 5 5 9 2 4 6
20130616 6 3 6 4 3 5
20130616 7 9 1 5 6 1
20130616 8 6 4 5 5 4
20130616 9 3 7 4 3 5
20130616 10 4 5 6 4 4
20130616 11 2 9 7 2 6
20130718 1 2 7 5 0 0
20130718 2 7 1 4 0 0
20130718 3 1 4 6 0 0
20130718 4 5 7 3 0 0
20130718 5 5 1 4 0 0
20130718 6 6 7 5 0 0
20130718 7 1 5 6 0 0
20130718 8 2 5 3 2 4
20130718 9 2 4 7 2 4
20130718 10 9 1 7 6 1
20130718 11 5 1 7 4 1
20130718 12 3 1 8 3 1
20130719 1 5 1 2 0 0
20130719 2 3 2 7 0 0
20130719 3 5 1 2 0 0
20130719 4 3 7 4 0 0
20130719 5 5 3 4 0 0
20130719 6 3 4 2 0 0
20130719 7 2 5 6 0 0
20130719 8 7 1 2 5 1
20130719 9 5 8 2 4 6
20130719 10 9 2 1 6 2
20130719 11 5 1 3 4 1
20130719 12 3 9 8 3 6
20130720 1 1 3 5 0 0
20130720 2 1 7 4 0 0
20130720 3 4 3 6 0 0
20130720 4 7 5 1 0 0
20130720 5 1 7 3 1 5
20130720 6 3 5 2 3 4
20130720 7 9 8 1 6 6
20130720 8 1 7 4 1 5
20130720 9 5 2 1 0 0
20130720 10 7 1 4 0 0
20130720 11 4 6 2 0 0
20130720 12 9 4 1 6 4
20130723 1 1 3 7 0 0
20130723 2 4 5 3 0 0
20130723 3 7 3 5 0 0
20130723 4 3 2 1 0 0
20130723 5 1 4 2 0 0
20130723 6 3 7 6 3 5
20130723 7 9 1 7 6 1
20130723 8 5 6 3 4 5
20130723 9 3 9 8 3 6
20130723 10 7 9 4 5 6
20130724 1 3 7 6 0 0
20130724 2 3 4 1 0 0
20130724 3 7 3 6 0 0
20130724 4 4 5 2 0 0
20130724 5 1 6 4 0 0
20130724 6 2 5 7 2 4
20130724 7 9 1 5 6 1
20130724 8 2 3 7 2 3
20130724 9 5 3 1 4 3
20130724 10 9 1 7 6 1
20130725 1 4 5 1 0 0
20130725 2 7 3 4 0 0
20130725 3 2 5 3 0 0
20130725 4 7 1 5 0 0
20130725 5 1 6 5 1 5
20130725 6 1 3 2 1 3
20130725 7 3 7 2 0 0
20130725 8 5 1 3 4 1
20130725 9 7 3 2 5 3
20130725 10 3 4 7 3 4
20130729 1 7 3 9 5 3
20130729 2 5 3 1 4 3
20130729 3 9 3 5 6 3
20130729 4 3 2 7 3 2
20130729 5 5 1 4 4 1
20130729 6 2 8 4 2 6
20130729 7 9 5 1 6 4
20130729 8 2 3 9 2 3
20130729 9 4 7 2 4 5
20130729 10 5 1 6 4 1
20130729 11 2 7 8 2 5
20130730 1 7 5 8 5 4
20130730 2 2 3 7 2 3
20130730 3 1 8 4 1 6
20130730 4 2 3 7 2 3
20130730 5 9 4 8 6 4
20130730 6 9 3 1 6 3
20130730 7 9 6 8 6 5
20130730 8 3 9 8 3 6
20130730 9 6 4 8 5 4
20130730 10 3 9 1 3 6
20130730 11 9 2 4 6 2
20130731 1 2 9 4 2 6
20130731 2 8 5 7 6 4
20130731 3 5 1 7 4 1
20130731 4 7 1 4 5 1
20130731 5 2 5 6 2 4
20130731 6 7 6 1 5 5
20130731 7 9 4 5 6 4
20130731 8 7 9 3 5 6
20130731 9 3 5 2 3 4
20130731 10 4 1 9 4 1
20130731 11 9 3 2 6 3
20130904 1 7 5 2 5 4
20130904 2 2 9 7 2 6
20130904 3 9 1 4 6 1
20130904 4 5 3 9 4 3
20130904 5 5 1 7 4 1
20130904 6 3 1 8 3 1
20130904 7 7 3 6 5 3
20130904 8 2 9 7 2 6
20130904 9 2 3 5 2 3
20130904 10 1 5 3 1 4
20130904 11 2 7 1 2 5
20130905 1 7 4 1 5 4
20130905 2 7 2 9 5 2
20130905 3 2 5 9 2 4
20130905 4 9 2 3 6 2
20130905 5 9 5 2 6 4
20130905 6 7 1 2 5 1
20130905 7 5 2 1 5 2
20130905 8 5 2 9 4 2
20130905 9 6 2 9 5 2
20130905 10 9 2 1 6 2
20130905 11 5 1 8 4 1
20130906 1 3 4 1 3 4
20130906 2 7 2 5 5 2
20130906 3 1 7 3 1 5
20130906 4 5 1 2 4 1
20130906 5 9 1 6 6 1
20130906 6 3 5 7 3 5
20130906 7 3 5 2 3 5
20130906 8 3 9 6 3 6
20130906 9 3 4 5 3 4
20130906 10 9 4 3 6 4
20130906 11 1 6 7 1 5
20130925 1 2 7 1 0 0
20130925 2 7 3 2 0 0
20130925 3 1 2 7 0 0
20130925 4 4 1 7 0 0
20130925 5 7 2 1 0 0
20130925 6 7 3 9 5 3
20130925 7 1 7 9 1 5
20130925 8 7 2 9 5 2
20130925 9 7 5 3 5 4
20130925 10 8 2 7 6 2
20130926 1 4 2 7 0 0
20130926 2 5 1 4 0 0
20130926 3 7 5 4 0 0
20130926 4 1 3 7 0 0
20130926 5 1 5 2 0 0
20130926 6 9 7 3 6 5
20130926 7 7 3 2 5 3
20130926 8 7 1 8 5 1
20130926 9 5 1 3 4 1
20130926 10 9 2 3 6 2
20130927 1 1 4 2 0 0
20130927 2 1 7 4 0 0
20130927 3 3 5 6 0 0
20130927 4 3 7 5 0 0
20130927 5 5 9 6 4 6
20130927 6 4 6 7 4 5
20130927 7 4 7 2 0 0
20130927 8 9 2 1 6 2
20130927 9 5 3 7 4 3
20130927 10 7 2 1 5 2
20131009 1 5 3 2 4 3
20131009 2 3 5 2 3 4
20131009 3 3 5 4 3 4
20131009 4 5 7 1 4 5
20131009 5 7 9 1 5 6
20131009 6 8 1 4 6 1
20131009 7 2 1 8 2 1
20131009 8 1 9 4 1 6
20131009 9 3 5 8 3 4
20131009 10 4 7 1 4 5
20131009 11 5 2 6 4 2
20131010 1 5 3 8 4 3
20131010 2 5 2 1 4 2
20131010 3 1 3 8 1 3
20131010 4 1 4 5 1 4
20131010 5 2 9 5 2 6
20131010 6 1 6 9 1 5
20131010 7 5 2 8 4 2
20131010 8 5 6 1 4 5
20131010 9 6 5 1 5 4
20131010 10 2 1 9 2 1
20131010 11 1 5 2 1 4
20131011 1 5 2 4 4 2
20131011 2 5 1 7 4 1
20131011 3 5 2 8 4 2
20131011 4 1 3 7 1 3
20131011 5 1 5 7 1 4
20131011 6 2 5 4 2 4
20131011 7 7 3 6 5 3
20131011 8 1 5 2 1 4
20131011 9 9 2 3 6 2
20131011 10 2 9 6 2 6
20131011 11 7 1 9 5 1
20131024 1 5 3 7 0 0
20131024 2 2 3 7 0 0
20131024 3 3 5 7 0 0
20131024 4 4 5 1 0 0
20131024 5 1 3 5 0 0
20131024 6 7 8 2 5 6
20131024 7 1 9 2 1 6
20131024 8 2 5 9 2 4
20131024 9 5 1 7 4 1
20131024 10 9 7 4 6 5
20131025 1 5 2 7 0 0
20131025 2 4 1 5 0 0
20131025 3 3 1 4 0 0
20131025 4 7 2 4 0 0
20131025 5 1 4 6 0 0
20131025 6 8 3 5 6 3
20131025 7 2 9 3 2 6
20131025 8 3 2 9 3 2
20131025 9 9 3 2 6 3
20131025 10 1 5 2 1 4
20131026 1 1 2 7 0 0
20131026 2 3 2 7 0 0
20131026 3 5 2 7 0 0
20131026 4 7 1 5 0 0
20131026 5 7 2 9 5 2
20131026 6 7 8 1 5 6
20131026 7 4 5 3 0 0
20131026 8 9 2 3 6 2
20131026 9 2 3 1 2 3
20131026 10 7 8 5 5 6
20131125 1 1 4 3 0 0
20131125 2 5 6 1 0 0
20131125 3 4 1 7 0 0
20131125 4 2 4 5 0 0
20131125 5 1 2 7 0 0
20131125 6 5 1 9 4 1
20131125 7 3 5 1 3 4
20131125 8 7 3 8 5 3
20131125 9 1 5 7 1 4
20131125 10 7 1 5 5 1
20131126 1 7 1 2 0 0
20131126 2 2 4 5 0 0
20131126 3 5 3 2 0 0
20131126 4 7 1 5 0 0
20131126 5 2 4 1 0 0
20131126 6 5 7 9 4 5
20131126 7 3 9 1 3 6
20131126 8 8 2 5 6 2
20131126 9 1 8 5 1 6
20131126 10 7 1 3 5 1
20131127 1 3 4 2 0 0
20131127 2 4 5 3 0 0
20131127 3 6 7 3 0 0
20131127 4 4 7 1 0 0
20131127 5 3 9 7 3 6
20131127 6 4 1 7 4 1
20131127 7 1 5 6 0 0
20131127 8 3 9 7 3 6
20131127 9 4 1 7 4 1
20131127 10 3 8 1 3 6
20131212 1 5 2 6 0 0
20131212 2 5 4 3 0 0
20131212 3 1 4 5 0 0
20131212 4 7 1 4 0 0
20131212 5 3 4 5 0 0
20131212 6 6 4 5 0 0
20131212 7 1 2 3 0 0
20131212 8 9 1 7 6 1
20131212 9 7 4 9 5 4
20131212 10 7 9 3 5 6
20131212 11 4 9 1 4 6
20131212 12 2 7 3 2 5
20131213 1 1 3 5 0 0
20131213 2 5 1 3 0 0
20131213 3 7 2 1 0 0
20131213 4 3 1 5 0 0
20131213 5 4 1 2 0 0
20131213 6 2 3 1 0 0
20131213 7 4 1 3 0 0
20131213 8 9 3 1 6 3
20131213 9 5 7 9 4 5
20131213 10 9 7 2 6 5
20131213 11 5 7 8 4 5
20131213 12 3 9 7 3 6
20131214 1 4 7 3 0 0
20131214 2 5 1 4 0 0
20131214 3 7 4 1 0 0
20131214 4 1 2 6 0 0
20131214 5 1 2 3 1 2
20131214 6 8 7 2 6 5
20131214 7 9 6 5 6 5
20131214 8 5 1 7 4 1
20131214 9 1 5 7 0 0
20131214 10 5 3 2 0 0
20131214 11 1 2 7 0 0
20131214 12 1 3 6 1 3
20131217 1 2 5 1 2 4
20131217 2 3 5 6 3 4
20131217 3 9 5 1 6 4
20131217 4 5 9 3 4 6
20131217 5 5 9 3 4 6
20131217 6 5 7 2 4 5
20131217 7 5 3 9 4 3
20131217 8 5 1 2 4 1
20131217 9 7 3 8 5 3
20131217 10 1 4 7 1 4
20131217 11 2 3 7 2 3
20131218 1 1 3 9 1 3
20131218 2 2 3 7 2 3
20131218 3 3 2 7 3 2
20131218 4 4 9 3 4 6
20131218 5 7 9 3 5 6
20131218 6 2 7 1 2 5
20131218 7 7 1 9 5 1
20131218 8 3 4 2 3 4
20131218 9 1 9 5 1 6
20131218 10 2 7 9 2 5
20131218 11 5 2 4 4 2
20131219 1 2 7 1 2 5
20131219 2 2 9 5 2 6
20131219 3 2 5 9 2 4
20131219 4 3 7 4 3 5
20131219 5 9 1 5 6 1
20131219 6 1 7 2 1 5
20131219 7 9 2 7 6 2
20131219 8 2 5 3 2 4
20131219 9 7 8 6 5 6
20131219 10 9 2 5 6 2
20131219 11 1 9 8 1 6
20140101 1 9 1 4 6 1
20140101 2 9 2 7 6 2
20140101 3 5 9 1 4 6
20140101 4 2 7 1 2 5
20140101 5 3 2 7 3 2
20140101 6 4 5 8 4 4
20140101 7 2 4 3 2 4
20140101 8 3 9 1 3 6
20140101 9 3 9 1 3 6
20140101 10 1 2 6 1 2
20140101 11 2 7 9 2 5
20140102 1 7 2 6 5 2
20140102 2 1 7 5 1 5
20140102 3 9 4 1 6 4
20140102 4 9 7 2 6 5
20140102 5 3 7 2 3 5
20140102 6 2 7 1 2 5
20140102 7 2 5 1 2 5
20140102 8 3 6 1 3 5
20140102 9 1 9 7 1 6
20140102 10 3 5 7 3 4
20140102 11 4 5 8 4 4
20140103 1 2 1 9 2 1
20140103 2 4 6 5 4 5
20140103 3 3 9 5 3 6
20140103 4 8 4 1 6 4
20140103 5 5 3 7 4 3
20140103 6 4 3 5 4 3
20140103 7 2 8 1 2 6
20140103 8 2 6 1 2 5
20140103 9 2 8 9 2 6
20140103 10 1 3 7 1 3
20140103 11 1 5 9 1 4
20140104 1 2 5 1 0 0
20140104 2 1 5 3 0 0
20140104 3 4 3 2 0 0
20140104 4 4 7 1 0 0
20140104 5 7 3 2 0 0
20140104 6 4 2 1 0 0
20140104 7 6 5 4 0 0
20140104 8 3 5 7 3 4
20140104 9 7 3 9 5 3
20140104 10 2 6 8 2 5
20140104 11 9 1 2 6 1
20140104 12 7 9 4 5 6
20140105 1 5 2 7 0 0
20140105 2 3 6 1 0 0
20140105 3 5 2 7 0 0
20140105 4 7 2 4 0 0
20140105 5 1 5 2 0 0
20140105 6 5 6 2 0 0
20140105 7 3 4 1 0 0
20140105 8 8 2 5 6 2
20140105 9 5 4 1 4 4
20140105 10 5 1 6 4 1
20140105 11 7 3 5 5 3
20140105 12 9 5 1 6 4
20140106 1 7 3 2 0 0
20140106 2 1 5 7 0 0
20140106 3 7 5 6 0 0
20140106 4 1 6 3 0 0
20140106 5 9 1 7 6 1
20140106 6 3 5 2 3 4
20140106 7 4 3 5 4 3
20140106 8 3 1 8 3 1
20140106 9 3 1 5 0 0
20140106 10 2 4 7 0 0
20140106 11 5 4 3 0 0
20140106 12 3 2 7 3 2
20140128 1 3 5 2 0 0
20140128 2 6 2 5 0 0
20140128 3 5 2 1 0 0
20140128 4 7 1 4 0 0
20140128 5 1 4 6 0 0
20140128 6 3 5 7 3 4
20140128 7 9 2 1 6 2
20140128 8 9 3 7 6 3
20140128 9 2 8 7 2 6
20140128 10 7 4 5 5 4
20140129 1 4 7 1 0 0
20140129 2 5 2 1 0 0
20140129 3 4 7 5 0 0
20140129 4 4 5 3 0 0
20140129 5 3 5 1 0 0
20140129 6 7 2 1 5 2
20140129 7 4 7 2 4 5
20140129 8 2 4 7 2 4
20140129 9 5 6 7 4 5
20140129 10 3 4 5 3 4
20140130 1 3 2 5 0 0
20140130 2 5 1 7 0 0
20140130 3 3 2 7 0 0
20140130 4 5 7 3 0 0
20140130 5 5 3 6 4 3
20140130 6 1 7 9 1 5
20140130 7 3 5 1 0 0
20140130 8 1 7 5 1 5
20140130 9 3 7 1 3 5
20140130 10 1 2 4 1 2
20140325 1 5 6 4 4 5
20140325 2 2 5 7 2 4
20140325 3 3 7 2 3 5
20140325 4 9 7 5 6 5
20140325 5 1 7 4 1 5
20140325 6 7 6 8 5 5
20140325 7 3 5 2 3 4
20140325 8 5 3 4 4 3
20140325 9 2 5 1 2 4
20140325 10 1 6 5 1 5
20140325 11 5 7 9 4 5
20140326 1 3 9 1 3 6
20140326 2 9 7 3 6 5
20140326 3 2 9 3 2 6
20140326 4 3 7 2 3 5
20140326 5 5 3 8 4 3
20140326 6 1 5 8 1 4
20140326 7 2 8 4 2 6
20140326 8 6 3 1 5 3
20140326 9 7 4 3 5 4
20140326 10 1 5 2 1 4
20140326 11 9 1 7 6 1
20140327 1 7 1 9 5 1
20140327 2 8 1 2 6 1
20140327 3 3 1 5 3 1
20140327 4 5 3 6 4 3
20140327 5 2 9 1 2 6
20140327 6 3 8 5 3 6
20140327 7 5 1 4 4 1
20140327 8 4 5 3 4 4
20140327 9 2 8 1 2 6
20140327 10 3 7 8 3 5
20140327 11 7 3 1 5 3
20140329 1 3 5 1 0 0
20140329 2 1 5 4 0 0
20140329 3 5 2 7 0 0
20140329 4 2 3 5 0 0
20140329 5 4 7 2 0 0
20140329 6 3 7 8 3 5
20140329 7 1 9 3 1 6
20140329 8 1 3 7 1 3
20140329 9 5 2 1 4 2
20140329 10 5 1 8 4 1
20140330 1 1 3 4 0 0
20140330 2 3 2 7 0 0
20140330 3 4 3 2 0 0
20140330 4 7 1 2 0 0
20140330 5 5 1 4 0 0
20140330 6 6 5 7 5 4
20140330 7 3 4 8 3 4
20140330 8 6 9 3 5 6
20140330 9 2 8 4 2 6
20140330 10 7 5 1 5 4
20140331 1 6 5 1 0 0
20140331 2 3 7 4 0 0
20140331 3 5 4 7 0 0
20140331 4 5 7 4 0 0
20140331 5 4 2 8 4 2
20140331 6 3 7 5 3 5
20140331 7 7 1 5 0 0
20140331 8 7 2 4 5 2
20140331 9 9 1 4 6 1
20140331 10 6 9 2 5 6
20140401 1 7 3 5 5 3
20140401 2 2 7 3 2 5
20140401 3 2 1 5 2 1
20140401 4 5 7 4 4 5
20140401 5 9 3 2 6 3
20140401 6 9 1 4 6 1
20140401 7 9 1 2 6 1
20140401 8 9 3 1 6 3
20140401 9 1 6 9 1 5
20140401 10 2 7 9 2 5
20140401 11 4 7 2 4 5
20140402 1 5 9 1 4 6
20140402 2 1 7 9 1 5
20140402 3 3 1 9 3 1
20140402 4 5 3 2 4 3
20140402 5 5 1 7 4 1
20140402 6 2 5 3 2 4
20140402 7 5 1 4 4 1
20140402 8 2 7 8 2 5
20140402 9 9 1 5 6 1
20140402 10 3 2 5 3 2
20140402 11 1 7 2 1 5
20140403 1 9 7 2 6 5
20140403 2 5 2 9 4 2
20140403 3 5 2 6 4 2
20140403 4 9 4 1 6 4
20140403 5 7 6 8 5 5
20140403 6 4 8 5 4 6
20140403 7 5 9 3 4 6
20140403 8 9 8 5 6 6
20140403 9 6 5 8 5 4
20140403 10 1 9 3 1 6
20140403 11 1 5 9 1 4
20140516 1 4 3 5 0 0
20140516 2 7 3 1 0 0
20140516 3 4 7 3 0 0
20140516 4 5 1 3 0 0
20140516 5 7 3 4 0 0
20140516 6 6 3 2 0 0
20140516 7 3 4 5 0 0
20140516 8 1 6 3 1 5
20140516 9 2 7 4 2 5
20140516 10 9 2 3 6 2
20140516 11 1 9 2 1 6
20140516 12 2 3 5 2 3
20140517 1 1 3 7 0 0
20140517 2 4 5 2 0 0
20140517 3 5 2 1 0 0
20140517 4 3 1 5 0 0
20140517 5 1 5 2 0 0
20140517 6 5 7 1 0 0
20140517 7 6 2 3 0 0
20140517 8 1 7 4 1 5
20140517 9 7 5 1 5 4
20140517 10 9 7 1 6 5
20140517 11 4 3 1 4 3
20140517 12 7 1 5 5 1
20140518 1 3 7 6 0 0
20140518 2 7 3 2 0 0
20140518 3 1 4 7 0 0
20140518 4 1 7 6 0 0
20140518 5 5 2 7 4 2
20140518 6 5 1 3 4 1
20140518 7 3 4 7 3 4
20140518 8 4 9 8 4 6
20140518 9 7 4 5 0 0
20140518 10 1 5 6 0 0
20140518 11 7 5 3 0 0
20140518 12 9 4 1 6 4
20140531 1 1 4 3 0 0
20140531 2 4 2 5 0 0
20140531 3 2 4 7 0 0
20140531 4 3 5 1 0 0
20140531 5 1 5 4 0 0
20140531 6 7 3 8 5 3
20140531 7 2 7 4 2 5
20140531 8 3 5 9 3 4
20140531 9 9 5 3 6 4
20140531 10 9 2 3 6 2
20140601 1 7 4 1 0 0
20140601 2 3 7 6 0 0
20140601 3 2 7 1 0 0
20140601 4 4 7 3 0 0
20140601 5 7 1 2 0 0
20140601 6 3 1 9 3 1
20140601 7 5 3 8 4 3
20140601 8 4 1 3 4 1
20140601 9 5 9 3 4 6
20140601 10 1 5 9 1 4
20140602 1 1 4 5 0 0
20140602 2 4 5 2 0 0
20140602 3 5 4 1 0 0
20140602 4 7 3 5 0 0
20140602 5 3 7 2 3 5
20140602 6 7 1 9 5 1
20140602 7 7 1 3 0 0
20140602 8 9 1 2 6 1
20140602 9 5 9 3 4 6
20140602 10 7 9 3 5 6
20140630 1 4 7 3 0 0
20140630 2 2 7 1 0 0
20140630 3 3 4 1 0 0
20140630 4 3 1 5 0 0
20140630 5 1 5 7 0 0
20140630 6 2 3 5 2 3
20140630 7 9 5 3 6 4
20140630 8 9 2 4 6 2
20140630 9 5 7 1 4 5
20140630 10 3 4 5 3 4
20140701 1 6 3 2 0 0
20140701 2 7 3 1 0 0
20140701 3 7 6 1 0 0
20140701 4 4 1 2 0 0
20140701 5 5 2 3 0 0
20140701 6 5 7 3 4 5
20140701 7 2 4 3 2 4
20140701 8 9 6 8 6 5
20140701 9 7 9 2 5 6
20140701 10 5 1 7 4 1
20140702 1 1 4 3 0 0
20140702 2 7 2 3 0 0
20140702 3 3 5 4 0 0
20140702 4 1 5 7 0 0
20140702 5 7 9 5 5 6
20140702 6 4 3 5 4 3
20140702 7 3 1 7 0 0
20140702 8 1 7 2 1 5
20140702 9 8 2 5 6 2
20140702 10 1 7 9 1 5
20140723 1 9 2 1 6 2
20140723 2 9 3 4 6 3
20140723 3 5 1 4 4 1
20140723 4 7 5 2 5 4
20140723 5 3 5 1 3 4
20140723 6 3 1 2 3 1
20140723 7 5 3 7 4 3
20140723 8 3 2 9 3 2
20140723 9 7 5 1 5 4
20140723 10 3 5 8 3 4
20140723 11 4 3 9 4 3
20140724 1 4 1 9 4 1
20140724 2 5 3 4 4 3
20140724 3 6 4 1 5 4
20140724 4 9 2 8 6 2
20140724 5 1 7 3 1 5
20140724 6 7 1 5 5 1
20140724 7 9 3 7 6 3
20140724 8 9 3 1 6 3
20140724 9 5 2 9 4 2
20140724 10 1 2 4 1 2
20140724 11 2 3 4 2 3
20140725 1 7 3 1 5 3
20140725 2 4 9 7 4 6
20140725 3 2 6 8 2 5
20140725 4 9 2 5 6 2
20140725 5 1 3 4 1 3
20140725 6 2 8 4 2 6
20140725 7 1 5 8 1 4
20140725 8 2 3 1 2 3
20140725 9 7 5 1 5 4
20140725 10 5 2 7 4 2
20140725 11 7 2 4 5 2
20140811 1 5 9 6 4 6
20140811 2 2 8 6 2 6
20140811 3 1 9 7 1 6
20140811 4 7 9 5 5 6
20140811 5 3 9 2 3 6
20140811 6 1 4 7 1 4
20140811 7 5 9 7 4 6
20140811 8 9 1 3 6 1
20140811 9 2 1 9 2 1
20140811 10 2 7 8 2 5
20140811 11 8 5 1 6 4
20140812 1 2 9 4 2 6
20140812 2 1 7 2 1 5
20140812 3 6 2 1 5 2
20140812 4 8 1 4 6 1
20140812 5 1 6 5 1 5
20140812 6 1 5 6 1 4
20140812 7 3 6 8 3 5
20140812 8 2 9 3 2 6
20140812 9 8 2 3 6 2
20140812 10 1 3 2 1 3
20140812 11 2 3 5 2 3
20140813 1 9 8 7 6 6
20140813 2 1 8 9 1 6
20140813 3 1 9 4 1 6
20140813 4 9 4 2 6 4
20140813 5 2 8 9 2 6
20140813 6 2 8 5 2 6
20140813 7 1 5 8 1 4
20140813 8 7 2 9 5 2
20140813 9 2 3 8 2 3
20140813 10 1 5 7 1 4
20140813 11 4 1 2 4 1
20140818 1 5 3 2 0 0
20140818 2 4 3 1 0 0
20140818 3 3 1 2 0 0
20140818 4 4 1 6 0 0
20140818 5 5 3 4 0 0
20140818 6 5 7 1 4 5
20140818 7 9 2 1 6 2
20140818 8 1 2 3 1 2
20140818 9 5 3 1 4 3
20140818 10 2 9 7 2 6
20140819 1 3 7 1 0 0
20140819 2 3 7 4 0 0
20140819 3 5 1 3 0 0
20140819 4 5 2 1 0 0
20140819 5 1 7 3 0 0
20140819 6 9 8 5 6 6
20140819 7 1 5 6 1 4
20140819 8 5 1 7 4 1
20140819 9 3 9 2 3 6
20140819 10 7 1 4 5 1
20140820 1 7 2 4 0 0
20140820 2 2 1 7 0 0
20140820 3 2 4 3 0 0
20140820 4 1 4 3 0 0
20140820 5 3 1 4 3 1
20140820 6 3 8 2 3 6
20140820 7 2 7 3 0 0
20140820 8 5 2 3 4 2
20140820 9 1 3 5 1 3
20140820 10 5 7 6 4 5
20140823 1 5 3 6 0 0
20140823 2 4 2 5 0 0
20140823 3 2 5 7 0 0
20140823 4 2 1 4 0 0
20140823 5 7 5 1 0 0
20140823 6 2 7 5 2 5
20140823 7 1 5 8 1 4
20140823 8 1 5 4 1 4
20140823 9 5 2 7 4 2
20140823 10 5 3 8 4 3
20140824 1 3 2 4 0 0
20140824 2 7 2 4 0 0
20140824 3 7 4 5 0 0
20140824 4 1 4 2 0 0
20140824 5 5 4 2 0 0
20140824 6 5 3 2 4 3
20140824 7 5 8 7 4 6
20140824 8 3 9 2 3 6
20140824 9 9 2 5 6 2
20140824 10 7 5 1 5 4
20140825 1 4 3 5 0 0
20140825 2 5 1 7 0 0
20140825 3 2 3 7 0 0
20140825 4 2 4 3 0 0
20140825 5 2 6 5 2 5
20140825 6 4 2 7 4 2
20140825 7 4 2 7 0 0
20140825 8 9 2 1 6 2
20140825 9 3 9 1 3 6
20140825 10 9 1 4 6 1
20140901 1 7 1 5 5 1
20140901 2 9 5 8 6 4
20140901 3 2 8 5 2 6
20140901 4 3 7 5 3 5
20140901 5 7 1 5 5 1
20140901 6 2 3 8 2 3
20140901 7 2 3 9 2 3
20140901 8 7 5 2 5 4
20140901 9 2 3 9 2 3
20140901 10 5 1 3 4 1
20140901 11 1 5 7 1 4
20140902 1 3 9 5 3 6
20140902 2 2 5 8 2 4
20140902 3 5 3 2 4 3
20140902 4 7 4 1 5 4
20140902 5 7 3 9 5 3
20140902 6 8 5 4 6 4
20140902 7 3 7 8 3 5
20140902 8 7 9 1 5 6
20140902 9 5 1 4 4 1
20140902 10 2 3 1 2 3
20140902 11 5 7 9 4 5
20140903 1 5 9 2 4 6
20140903 2 1 4 9 1 4
20140903 3 9 2 4 6 2
20140903 4 9 5 7 6 4
20140903 5 1 5 7 1 4
20140903 6 3 5 9 3 4
20140903 7 7 1 8 5 1
20140903 8 1 6 5 1 5
20140903 9 3 6 7 3 5
20140903 10 9 2 5 6 2
20140903 11 4 9 1 4 6
20141022 1 9 3 5 6 3
20141022 2 1 7 2 1 5
20141022 3 3 2 1 3 2
20141022 4 5 2 7 4 2
20141022 5 7 1 5 5 1
20141022 6 9 1 4 6 1
20141022 7 3 1 7 3 1
20141022 8 5 3 1 4 3
20141022 9 1 3 5 1 3
20141022 10 1 8 3 1 6
20141022 11 3 9 1 3 6
20141023 1 6 5 9 5 4
20141023 2 3 9 1 3 6
20141023 3 3 5 8 3 4
20141023 4 4 6 7 4 5
20141023 5 1 5 3 1 4
20141023 6 7 1 9 5 1
20141023 7 2 1 9 2 1
20141023 8 7 9 1 5 6
20141023 9 3 2 7 3 2
20141023 10 9 1 7 6 1
20141023 11 1 7 2 1 5
20141024 1 7 1 8 5 1
20141024 2 6 4 5 5 4
20141024 3 3 5 1 3 4
20141024 4 1 7 5 1 5
20141024 5 1 9 4 1 6
20141024 6 2 8 4 2 6
20141024 7 1 7 2 1 5
20141024 8 9 4 2 6 4
20141024 9 3 5 1 3 4
20141024 10 9 5 4 6 4
20141024 11 2 1 8 2 1
20141107 1 7 5 2 0 0
20141107 2 4 2 3 0 0
20141107 3 3 7 6 0 0
20141107 4 1 7 4 0 0
20141107 5 4 1 5 0 0
20141107 6 1 7 5 1 5
20141107 7 9 2 5 6 2
20141107 8 2 7 8 2 5
20141107 9 7 1 8 5 1
20141107 10 2 4 1 2 4
20141108 1 4 3 5 0 0
20141108 2 5 4 1 0 0
20141108 3 4 7 3 0 0
20141108 4 7 3 2 0 0
20141108 5 4 5 3 0 0
20141108 6 1 6 5 1 5
20141108 7 3 9 6 3 6
20141108 8 7 6 5 5 5
20141108 9 7 1 2 5 1
20141108 10 5 2 9 4 2
20141109 1 5 1 4 0 0
20141109 2 2 4 3 0 0
20141109 3 3 5 2 0 0
20141109 4 5 2 7 0 0
20141109 5 9 2 5 6 2
20141109 6 2 8 1 2 6
20141109 7 4 1 7 0 0
20141109 8 9 6 3 6 5
20141109 9 6 5 2 5 4
20141109 10 2 1 9 2 1
20141129 1 1 9 2 1 6
20141129 2 1 5 7 1 4
20141129 3 5 3 9 4 3
20141129 4 3 5 4 3 4
20141129 5 4 2 1 4 2
20141129 6 7 3 9 5 3
20141129 7 5 2 9 4 2
20141129 8 2 7 3 2 5
20141129 9 1 5 3 1 4
20141129 10 7 9 3 5 6
20141129 11 1 5 7 1 4
20141129 12 7 1 3 5 1
20141130 1 2 5 1 2 4
20141130 2 5 7 2 4 5
20141130 3 2 9 3 2 6
20141130 4 9 1 4 6 1
20141130 5 9 2 3 6 2
20141130 6 1 7 2 1 5
20141130 7 1 3 6 1 3
20141130 8 9 3 5 6 3
20141130 9 3 5 9 3 4
20141130 10 4 7 1 4 5
20141130 11 1 7 3 1 5
20141130 12 1 9 4 1 6
20141201 1 3 6 5 3 5
20141201 2 2 9 4 2 6
20141201 3 9 2 4 6 2
20141201 4 3 7 4 3 5
20141201 5 7 8 3 5 6
20141201 6 5 1 8 4 1
20141201 7 3 7 5 3 5
20141201 8 3 5 2 3 4
20141201 9 9 4 7 6 4
20141201 10 8 1 7 6 1
20141201 11 1 8 6 1 6
20141201 12 9 1 5 6 1
20141202 1 8 5 7 6 4
20141202 2 3 4 9 3 4
20141202 3 2 4 3 2 4
20141202 4 3 2 9 3 2
20141202 5 2 9 3 2 6
20141202 6 1 7 9 1 5
20141202 7 5 2 3 4 2
20141202 8 1 5 7 1 4
20141202 9 3 1 7 3 1
20141202 10 2 7 5 2 5
20141202 11 3 7 9 3 5
20141228 1 1 7 5 1 5
20141228 2 7 3 8 5 3
20141228 3 1 9 5 1 6
20141228 4 2 7 3 2 5
20141228 5 9 2 5 6 2
20141228 6 5 9 3 4 6
20141228 7 5 9 7 4 6
20141228 8 1 3 9 1 3
20141228 9 9 7 2 6 5
20141228 10 2 7 9 2 5
20141228 11 6 3 1 0 0
20141229 1 9 3 7 6 3
20141229 2 3 9 7 3 6
20141229 3 2 9 5 2 6
20141229 4 1 5 9 1 4
20141229 5 1 5 6 1 4
20141229 6 3 7 1 3 5
20141229 7 7 3 8 5 3
20141229 8 7 1 5 5 1
20141229 9 2 9 3 2 6
20141229 10 1 5 2 1 4
20141229 11 7 1 6 5 1
20141230 1 2 9 5 2 6
20141230 2 5 8 3 4 6
20141230 3 2 7 5 2 5
20141230 4 7 2 6 5 2
20141230 5 2 5 6 2 4
20141230 6 9 2 3 6 2
20141230 7 7 8 5 5 6
20141230 8 8 7 3 6 5
20141230 9 2 4 3 2 4
20141230 10 5 8 1 4 6
20141230 11 2 5 1 2 4
20150118 1 3 7 6 0 0
20150118 2 5 2 3 0 0
20150118 3 1 4 2 0 0
20150118 4 7 3 1 0 0
20150118 5 4 1 3 0 0
20150118 6 3 5 1 3 4
20150118 7 3 2 9 3 2
20150118 8 3 9 4 3 6
20150118 9 7 1 3 5 1
20150118 10 6 9 7 5 6
20150119 1 4 1 2 0 0
20150119 2 5 6 4 0 0
20150119 3 1 3 6 0 0
20150119 4 2 3 5 0 0
20150119 5 4 3 7 0 0
20150119 6 9 5 3 6 4
20150119 7 1 7 2 1 5
20150119 8 7 1 8 5 1
20150119 9 2 9 1 2 6
20150119 10 7 1 9 5 1
20150120 1 1 3 5 0 0
20150120 2 7 1 4 0 0
20150120 3 2 6 1 0 0
20150120 4 5 1 7 0 0
20150120 5 2 1 6 2 1
20150120 6 9 5 7 6 4
20150120 7 1 3 6 0 0
20150120 8 9 3 5 6 3
20150120 9 9 4 5 6 4
20150120 10 4 3 8 4 3
20150126 1 9 2 1 6 2
20150126 2 3 1 5 3 1
20150126 3 1 9 7 1 6
20150126 4 5 7 6 4 5
20150126 5 2 9 5 2 6
20150126 6 4 1 5 0 0
20150126 7 6 3 4 0 0
20150126 8 2 4 7 2 4
20150126 9 7 2 3 5 2
20150126 10 2 9 3 2 6
20150126 11 9 1 3 6 1
20150126 12 3 5 1 3 4
20150127 1 2 1 7 2 1
20150127 2 9 3 5 6 3
20150127 3 3 9 8 3 6
20150127 4 5 3 7 4 3
20150127 5 9 2 3 6 2
20150127 6 4 6 5 0 0
20150127 7 2 6 3 0 0
20150127 8 4 1 3 4 1
20150127 9 7 1 5 5 1
20150127 10 2 7 9 2 5
20150127 11 7 2 3 5 2
20150127 12 1 4 5 1 4
20150128 1 1 6 4 1 5
20150128 2 7 1 9 5 1
20150128 3 4 8 9 4 6
20150128 4 2 8 5 2 6
20150128 5 5 4 7 0 0
20150128 6 9 7 6 6 5
20150128 7 2 3 8 2 3
20150128 8 1 5 9 1 4
20150128 9 2 7 1 2 5
20150128 10 3 6 1 0 0
20150128 11 3 5 9 3 4
20150128 12 1 7 2 1 5
20150226 1 1 5 3 0 0
20150226 2 4 1 3 0 0
20150226 3 4 3 1 0 0
20150226 4 2 1 6 0 0
20150226 5 1 2 4 0 0
20150226 6 9 3 2 6 3
20150226 7 5 1 8 4 1
20150226 8 7 1 4 5 1
20150226 9 5 7 1 4 5
20150226 10 2 3 5 2 3
20150227 1 7 1 4 0 0
20150227 2 5 4 3 0 0
20150227 3 2 3 5 0 0
20150227 4 3 7 2 0 0
20150227 5 4 3 7 0 0
20150227 6 1 9 4 1 6
20150227 7 3 7 9 3 5
20150227 8 3 1 7 3 1
20150227 9 2 4 1 2 4
20150227 10 5 1 3 4 1
20150228 1 5 2 7 0 0
20150228 2 5 1 4 0 0
20150228 3 7 2 3 0 0
20150228 4 3 5 1 0 0
20150228 5 4 1 3 4 1
20150228 6 3 7 5 3 5
20150228 7 2 5 1 0 0
20150228 8 3 5 1 3 4
20150228 9 1 5 6 1 4
20150228 10 3 2 8 3 2
20150401 1 4 2 5 0 0
20150401 2 4 2 3 0 0
20150401 3 7 5 3 0 0
20150401 4 3 5 2 0 0
20150401 5 1 3 5 0 0
20150401 6 7 2 5 5 2
20150401 7 5 2 1 4 2
20150401 8 3 4 5 3 4
20150401 9 3 1 9 3 1
20150401 10 9 2 5 6 2
20150402 1 7 5 1 0 0
20150402 2 4 6 1 0 0
20150402 3 1 2 5 0 0
20150402 4 2 6 1 0 0
20150402 5 5 2 6 0 0
20150402 6 3 2 6 3 2
20150402 7 7 9 1 5 6
20150402 8 2 4 5 2 4
20150402 9 5 1 3 4 1
20150402 10 1 2 3 1 2
20150403 1 3 4 5 0 0
20150403 2 2 7 3 0 0
20150403 3 2 1 5 0 0
20150403 4 1 3 4 0 0
20150403 5 5 1 3 4 1
20150403 6 7 9 1 5 6
20150403 7 4 5 3 0 0
20150403 8 8 5 9 6 4
20150403 9 8 6 3 6 5
20150403 10 9 5 1 6 4
20150423 1 3 1 7 3 1
20150423 2 5 7 3 4 5
20150423 3 2 7 1 2 5
20150423 4 9 2 7 6 2
20150423 5 7 2 4 5 2
20150423 6 7 4 1 5 4
20150423 7 2 5 7 2 4
20150423 8 9 7 1 6 5
20150423 9 1 3 4 1 3
20150423 10 2 7 1 2 5
20150423 11 3 2 5 3 2
20150424 1 1 9 2 1 6
20150424 2 9 7 3 6 5
20150424 3 5 6 1 4 5
20150424 4 5 1 6 4 1
20150424 5 3 5 9 3 4
20150424 6 9 7 4 6 5
20150424 7 2 1 7 2 1
20150424 8 3 9 1 3 6
20150424 9 7 3 4 5 3
20150424 10 2 1 5 2 1
20150424 11 7 2 5 5 2
20150425 1 3 5 9 3 4
20150425 2 5 9 1 4 6
20150425 3 2 3 1 2 3
20150425 4 5 2 4 4 2
20150425 5 7 5 1 5 4
20150425 6 1 2 8 1 2
20150425 7 6 7 4 5 5
20150425 8 1 7 4 1 5
20150425 9 3 5 2 3 4
20150425 10 1 5 3 1 4
20150425 11 3 2 1 3 2
20150430 1 7 5 6 0 0
20150430 2 3 1 5 0 0
20150430 3 4 1 5 0 0
20150430 4 5 7 3 0 0
20150430 5 1 4 2 0 0
20150430 6 7 3 1 5 3
20150430 7 9 5 7 6 4
20150430 8 3 9 5 3 6
20150430 9 5 2 9 4 2
20150430 10 8 9 2 6 6
20150501 1 4 3 1 0 0
20150501 2 1 7 5 0 0
20150501 3 5 3 7 0 0
20150501 4 4 1 7 0 0
20150501 5 3 1 7 0 0
20150501 6 7 4 1 5 4
20150501 7 1 5 7 1 4
20150501 8 4 1 7 4 1
20150501 9 7 1 5 5 1
20150501 10 9 3 1 6 3
20150502 1 5 1 2 0 0
20150502 2 1 4 5 0 0
20150502 3 7 4 3 0 0
20150502 4 2 3 4 0 0
20150502 5 3 7 5 3 5
20150502 6 8 3 5 6 3
20150502 7 4 1 2 0 0
20150502 8 2 7 3 2 5
20150502 9 5 3 9 4 3
20150502 10 1 3 4 1 3
20150618 1 5 2 1 4 2
20150618 2 9 5 1 6 4
20150618 3 4 8 6 4 6
20150618 4 4 2 3 4 2
20150618 5 1 7 8 1 5
20150618 6 8 1 2 6 1
20150618 7 9 7 1 6 5
20150618 8 5 2 3 4 2
20150618 9 1 6 8 1 5
20150618 10 3 9 4 3 6
20150618 11 6 2 7 5 2
20150618 12 1 7 3 1 5
20150619 1 7 1 8 5 1
20150619 2 8 6 2 6 5
20150619 3 6 9 1 5 6
20150619 4 1 4 2 1 4
20150619 5 5 3 9 4 3
20150619 6 9 5 3 6 4
20150619 7 6 7 4 5 5
20150619 8 7 2 6 5 2
20150619 9 5 2 4 4 2
20150619 10 3 7 4 3 5
20150619 11 1 2 8 1 2
20150619 12 8 1 2 6 1
20150620 1 2 6 1 2 5
20150620 2 4 3 6 4 3
20150620 3 7 2 8 5 2
20150620 4 3 1 2 3 1
20150620 5 7 6 9 5 5
20150620 6 4 9 3 4 6
20150620 7 1 2 7 1 2
20150620 8 4 3 8 4 3
20150620 9 5 7 9 4 5
20150620 10 1 3 7 1 3
20150620 11 5 9 6 4 6
20150620 12 7 3 1 5 3
20150621 1 3 9 6 3 6
20150621 2 5 2 3 4 2
20150621 3 5 4 7 4 4
20150621 4 9 5 6 6 4
20150621 5 2 5 1 2 4
20150621 6 9 1 2 6 1
20150621 7 5 7 3 4 5
20150621 8 7 6 8 5 5
20150621 9 2 5 6 0 0
20150621 10 2 6 8 2 5
20150621 11 7 5 1 5 4
20150621 12 1 7 4 1 5
20150711 1 5 7 3 0 0
20150711 2 7 6 3 0 0
20150711 3 4 2 5 0 0
20150711 4 7 1 6 0 0
20150711 5 3 6 4 0 0
20150711 6 1 7 8 1 5
20150711 7 2 5 3 2 4
20150711 8 9 3 7 6 3
20150711 9 1 7 3 1 5
20150711 10 7 3 1 5 3
20150712 1 2 4 5 0 0
20150712 2 3 6 4 0 0
20150712 3 5 3 4 0 0
20150712 4 1 5 3 0 0
20150712 5 1 5 4 0 0
20150712 6 9 3 4 6 3
20150712 7 7 9 3 5 6
20150712 8 2 9 1 2 6
20150712 9 6 5 7 5 4
20150712 10 1 5 4 1 4
20150713 1 2 4 6 0 0
20150713 2 1 4 5 0 0
20150713 3 1 3 4 0 0
20150713 4 1 4 5 0 0
20150713 5 5 7 2 4 5
20150713 6 5 3 9 4 3
20150713 7 1 3 5 0 0
20150713 8 9 7 1 6 5
20150713 9 9 1 2 6 1
20150713 10 1 6 2 1 5
