20111219 1 3 1 7 3 1
20111219 2 7 5 2 5 4
20111219 3 5 1 8 4 1
20111219 4 7 9 2 5 6
20111219 5 1 7 5 1 5
20111219 6 2 9 4 2 6
20111219 7 3 9 1 3 6
20111219 8 2 7 1 2 5
20111219 9 5 1 3 4 1
20111219 10 1 7 2 1 5
20111219 11 5 2 3 4 2
20111219 12 3 6 2 3 5
20111220 1 7 1 4 5 1
20111220 2 2 7 3 2 5
20111220 3 1 5 7 1 4
20111220 4 1 2 5 1 2
20111220 5 7 2 4 5 2
20111220 6 1 5 2 1 4
20111220 7 3 4 7 3 4
20111220 8 5 3 7 4 3
20111220 9 3 1 5 3 1
20111220 10 7 3 5 5 3
20111220 11 3 5 2 3 4
20111220 12 9 5 2 6 4
20111221 1 2 5 8 2 4
20111221 2 2 7 9 2 5
20111221 3 9 3 4 6 3
20111221 4 2 3 7 2 3
20111221 5 1 8 9 1 6
20111221 6 5 3 1 4 3
20111221 7 5 7 2 4 5
20111221 8 9 3 7 6 3
20111221 9 3 7 4 3 5
20111221 10 3 8 5 3 6
20111221 11 2 8 5 2 6
20111221 12 9 2 6 6 2
20120118 1 1 7 2 1 5
20120118 2 5 7 6 4 5
20120118 3 1 9 7 1 6
20120118 4 3 2 5 3 2
20120118 5 9 3 7 6 3
20120118 6 5 8 1 4 6
20120118 7 2 3 9 2 3
20120118 8 7 5 1 5 4
20120118 9 2 9 3 2 6
20120118 10 2 3 1 2 3
20120118 11 1 5 9 1 4
20120118 12 5 7 9 4 5
20120119 1 3 7 4 3 5
20120119 2 2 1 7 2 1
20120119 3 1 3 9 1 3
20120119 4 5 1 7 4 1
20120119 5 7 1 9 5 1
20120119 6 2 3 1 2 3
20120119 7 2 9 1 2 6
20120119 8 7 1 8 5 1
20120119 9 7 6 9 5 5
20120119 10 9 8 1 6 6
20120119 11 1 5 2 1 4
20120119 12 1 2 5 1 2
20120120 1 2 5 8 2 4
20120120 2 7 6 9 5 5
20120120 3 5 7 3 4 5
20120120 4 9 5 8 6 4
20120120 5 7 1 8 5 1
20120120 6 9 7 2 6 5
20120120 7 9 2 8 6 2
20120120 8 3 1 2 3 1
20120120 9 1 4 8 1 4
20120120 10 9 1 5 6 1
20120120 11 2 3 4 2 3
20120120 12 7 1 8 5 1
20120127 1 4 7 5 0 0
20120127 2 3 7 4 0 0
20120127 3 3 6 5 0 0
20120127 4 7 2 6 0 0
20120127 5 1 4 5 0 0
20120127 6 2 1 9 2 1
20120127 7 0 0 0 5 4
20120127 8 1 9 5 1 6
20120127 9 3 2 5 3 2
20120127 10 5 3 2 4 3
20120127 11 5 2 7 4 2
20120128 1 5 7 1 0 0
20120128 2 1 5 2 0 0
20120128 3 2 4 7 0 0
20120128 4 1 7 5 0 0
20120128 5 2 6 3 0 0
20120128 6 7 2 1 5 2
20120128 7 2 9 5 2 6
20120128 8 7 9 8 5 6
20120128 9 1 4 2 1 4
20120128 10 1 4 8 1 4
20120128 11 7 9 1 5 6
20120129 1 1 7 3 0 0
20120129 2 7 3 5 0 0
20120129 3 1 7 4 0 0
20120129 4 5 4 6 0 0
20120129 5 1 5 3 1 4
20120129 6 3 7 4 3 5
20120129 7 5 8 3 4 6
20120129 8 1 6 4 1 5
20120129 9 9 7 6 6 5
20120129 10 5 2 7 0 0
20120129 11 1 9 3 1 6
20120217 1 1 7 3 0 0
20120217 2 2 1 3 0 0
20120217 3 5 1 4 0 0
20120217 4 7 4 2 0 0
20120217 5 5 4 1 0 0
20120217 6 2 9 5 2 6
20120217 7 5 1 2 4 1
20120217 8 5 3 8 4 3
20120217 9 1 5 3 1 4
20120217 10 9 1 3 6 1
20120217 11 1 8 7 1 6
20120218 1 3 7 6 0 0
20120218 2 2 7 1 0 0
20120218 3 5 1 4 0 0
20120218 4 1 2 4 0 0
20120218 5 2 5 4 0 0
20120218 6 3 5 4 3 4
20120218 7 5 7 4 4 5
20120218 8 3 7 2 3 5
20120218 9 5 9 3 4 6
20120218 10 3 7 2 3 5
20120218 11 9 2 7 6 2
20120219 1 5 2 4 0 0
20120219 2 2 4 6 0 0
20120219 3 2 4 3 0 0
20120219 4 1 3 7 0 0
20120219 5 5 2 1 4 2
20120219 6 7 8 5 5 6
20120219 7 3 2 7 3 2
20120219 8 7 9 3 5 6
20120219 9 1 5 9 1 4
20120219 10 3 1 5 0 0
20120219 11 3 9 4 3 6
20120225 1 1 5 2 1 4
20120225 2 1 7 5 1 5
20120225 3 9 5 1 6 4
20120225 4 3 5 9 3 4
20120225 5 8 7 1 6 5
20120225 6 6 5 2 5 4
20120225 7 9 6 2 6 5
20120225 8 4 2 9 4 2
20120225 9 1 5 9 1 4
20120225 10 4 5 8 4 4
20120225 11 3 7 1 3 5
20120225 12 4 1 7 4 1
20120226 1 7 1 5 5 1
20120226 2 5 7 4 4 5
20120226 3 2 5 1 2 4
20120226 4 5 7 2 4 5
20120226 5 7 9 2 5 6
20120226 6 1 3 5 1 3
20120226 7 6 2 7 5 2
20120226 8 7 4 1 5 4
20120226 9 2 9 1 2 6
20120226 10 9 4 2 6 4
20120226 11 7 1 5 5 1
20120226 12 2 9 1 2 6
20120227 1 3 5 1 3 4
20120227 2 7 1 4 5 1
20120227 3 9 5 3 6 4
20120227 4 2 7 1 2 5
20120227 5 3 9 4 3 6
20120227 6 3 4 7 3 4
20120227 7 9 3 2 6 3
20120227 8 8 1 4 6 1
20120227 9 9 7 8 6 5
20120227 10 5 1 4 4 1
20120227 11 1 7 4 1 5
20120227 12 1 6 2 1 5
20120317 1 3 6 1 3 5
20120317 2 7 1 3 5 1
20120317 3 3 2 4 3 2
20120317 4 5 7 2 4 5
20120317 5 7 2 4 5 2
20120317 6 9 2 5 6 2
20120317 7 1 7 9 1 5
20120317 8 3 8 9 3 6
20120317 9 5 2 6 4 2
20120317 10 2 5 8 2 4
20120317 11 2 7 5 2 5
20120318 1 2 7 1 2 5
20120318 2 1 9 7 1 6
20120318 3 7 4 5 5 4
20120318 4 1 3 5 1 3
20120318 5 3 1 5 3 1
20120318 6 1 9 3 1 6
20120318 7 2 9 4 2 6
20120318 8 2 4 6 2 4
20120318 9 1 5 8 1 4
20120318 10 1 2 9 1 2
20120318 11 9 7 8 6 5
20120318 12 7 6 2 5 5
20120319 1 1 9 4 1 6
20120319 2 5 7 9 4 5
20120319 3 5 9 2 4 6
20120319 4 3 5 2 3 4
20120319 5 9 7 1 6 5
20120319 6 5 7 3 4 5
20120319 7 2 7 9 2 5
20120319 8 4 8 5 4 6
20120319 9 3 4 9 3 4
20120319 10 8 3 4 6 3
20120319 11 2 3 5 2 3
20120320 1 2 9 7 2 6
20120320 2 6 9 8 5 6
20120320 3 5 2 9 4 2
20120320 4 6 4 2 5 4
20120320 5 8 1 9 6 1
20120320 6 2 4 5 2 4
20120320 7 5 9 1 4 6
20120320 8 1 8 7 1 6
20120320 9 9 1 5 6 1
20120320 10 9 2 3 6 2
20120320 11 1 2 5 1 2
20120409 1 7 5 1 5 4
20120409 2 5 9 3 4 6
20120409 3 1 9 7 1 6
20120409 4 8 5 3 6 4
20120409 5 2 9 1 2 6
20120409 6 2 8 5 2 6
20120409 7 9 7 1 6 5
20120409 8 7 2 5 5 2
20120409 9 1 7 4 1 5
20120409 10 2 5 3 2 4
20120409 11 1 9 3 1 6
20120409 12 2 9 1 2 6
20120410 1 2 7 1 2 5
20120410 2 3 2 9 3 2
20120410 3 2 7 3 2 5
20120410 4 3 9 2 3 6
20120410 5 1 3 6 1 3
20120410 6 3 5 1 3 4
20120410 7 3 5 2 3 4
20120410 8 1 4 2 1 4
20120410 9 2 9 8 2 6
20120410 10 4 7 3 4 5
20120410 11 1 3 2 1 3
20120410 12 1 5 2 1 4
20120411 1 1 6 8 1 5
20120411 2 5 2 9 4 2
20120411 3 9 2 1 6 2
20120411 4 9 1 3 6 1
20120411 5 5 4 7 4 4
20120411 6 9 4 7 6 4
20120411 7 6 7 3 5 5
20120411 8 7 8 6 5 6
20120411 9 3 9 2 3 6
20120411 10 1 5 7 1 4
20120411 11 5 2 9 4 2
20120411 12 9 5 3 6 4
20120501 1 1 5 2 1 4
20120501 2 3 9 4 3 6
20120501 3 7 2 4 5 2
20120501 4 9 7 2 6 5
20120501 5 9 2 5 6 2
20120501 6 5 4 3 4 4
20120501 7 3 2 4 3 2
20120501 8 2 8 4 2 6
20120501 9 7 2 4 5 2
20120501 10 5 3 2 4 3
20120501 11 3 7 8 3 5
20120501 12 2 7 3 2 5
20120502 1 3 1 8 3 1
20120502 2 5 2 9 4 2
20120502 3 3 2 6 3 2
20120502 4 9 2 1 6 2
20120502 5 3 9 5 3 6
20120502 6 7 8 2 5 6
20120502 7 7 2 3 5 2
20120502 8 2 9 1 2 6
20120502 9 2 7 4 2 5
20120502 10 5 2 4 4 2
20120502 11 2 5 7 2 4
20120502 12 3 7 5 3 5
20120503 1 7 3 9 5 3
20120503 2 8 2 7 6 2
20120503 3 5 2 4 4 2
20120503 4 3 2 7 3 2
20120503 5 9 1 5 6 1
20120503 6 5 4 3 4 4
20120503 7 2 4 1 2 4
20120503 8 7 5 1 5 4
20120503 9 4 1 8 4 1
20120503 10 2 7 4 2 5
20120503 11 1 9 2 1 6
20120503 12 7 2 3 5 2
20120514 1 1 7 2 0 0
20120514 2 2 3 5 0 0
20120514 3 3 5 2 0 0
20120514 4 3 5 1 0 0
20120514 5 1 3 5 0 0
20120514 6 5 3 2 4 3
20120514 7 7 4 2 5 4
20120514 8 3 5 7 3 4
20120514 9 9 2 1 6 2
20120514 10 5 3 7 4 3
20120514 11 6 3 9 5 3
20120515 1 7 4 5 0 0
20120515 2 2 4 7 0 0
20120515 3 7 1 2 0 0
20120515 4 1 5 7 0 0
20120515 5 1 2 3 0 0
20120515 6 3 9 4 3 6
20120515 7 4 7 3 4 5
20120515 8 5 3 1 4 3
20120515 9 8 5 7 6 4
20120515 10 3 8 1 3 6
20120515 11 1 2 4 1 2
20120516 1 1 3 5 0 0
20120516 2 1 7 3 0 0
20120516 3 2 4 5 0 0
20120516 4 2 1 3 0 0
20120516 5 2 9 1 2 6
20120516 6 7 3 6 5 3
20120516 7 9 3 7 6 3
20120516 8 7 1 4 5 1
20120516 9 5 2 3 4 2
20120516 10 2 4 6 0 0
20120516 11 3 2 9 3 2
20120611 1 2 4 3 0 0
20120611 2 6 7 2 0 0
20120611 3 7 6 5 0 0
20120611 4 5 1 4 0 0
20120611 5 1 7 4 0 0
20120611 6 4 7 2 4 5
20120611 7 3 9 7 3 6
20120611 8 8 5 2 6 4
20120611 9 5 2 7 4 2
20120611 10 1 2 3 1 2
20120611 11 6 9 3 5 6
20120612 1 5 7 1 0 0
20120612 2 1 7 2 0 0
20120612 3 1 4 2 0 0
20120612 4 1 7 2 0 0
20120612 5 4 2 6 0 0
20120612 6 1 8 4 1 6
20120612 7 7 3 4 5 3
20120612 8 7 8 2 5 6
20120612 9 2 8 7 2 6
20120612 10 5 2 1 4 2
20120612 11 1 5 3 1 4
20120613 1 2 3 1 0 0
20120613 2 1 7 3 0 0
20120613 3 4 7 5 0 0
20120613 4 5 1 2 0 0
20120613 5 9 5 1 6 4
20120613 6 7 5 4 5 4
20120613 7 8 7 9 6 5
20120613 8 3 9 1 3 6
20120613 9 9 1 3 6 1
20120613 10 2 7 5 0 0
20120613 11 6 3 8 5 3
20120626 1 9 2 8 6 2
20120626 2 9 3 5 6 3
20120626 3 9 1 2 6 1
20120626 4 3 9 1 3 6
20120626 5 2 3 9 2 3
20120626 6 6 7 9 5 5
20120626 7 1 5 9 1 4
20120626 8 7 5 1 5 4
20120626 9 3 5 1 3 4
20120626 10 6 9 4 5 6
20120626 11 1 3 9 1 3
20120626 12 9 8 1 6 6
20120627 1 1 2 8 1 2
20120627 2 5 6 1 4 5
20120627 3 3 2 9 3 2
20120627 4 2 6 5 2 5
20120627 5 2 9 1 2 6
20120627 6 1 7 4 1 5
20120627 7 7 2 9 5 2
20120627 8 2 8 5 2 6
20120627 9 7 1 9 5 1
20120627 10 7 4 5 5 4
20120627 11 9 1 7 6 1
20120627 12 7 1 5 5 1
20120628 1 3 9 4 3 6
20120628 2 1 4 9 1 4
20120628 3 5 4 9 4 4
20120628 4 3 5 1 3 4
20120628 5 3 1 5 3 1
20120628 6 7 9 2 5 6
20120628 7 1 9 7 1 6
20120628 8 2 7 4 2 5
20120628 9 3 4 2 3 4
20120628 10 3 7 5 3 5
20120628 11 1 5 9 1 4
20120628 12 7 5 2 5 4
20120709 1 1 2 5 0 0
20120709 2 7 6 2 0 0
20120709 3 3 5 4 0 0
20120709 4 3 2 6 0 0
20120709 5 2 4 5 0 0
20120709 6 2 6 8 2 5
20120709 7 5 9 2 4 6
20120709 8 1 9 2 1 6
20120709 9 5 1 2 4 1
20120709 10 2 7 4 2 5
20120709 11 4 9 1 4 6
20120710 1 5 4 7 0 0
20120710 2 5 1 4 0 0
20120710 3 5 3 7 0 0
20120710 4 4 3 1 0 0
20120710 5 5 1 2 0 0
20120710 6 3 4 5 3 4
20120710 7 1 2 9 1 2
20120710 8 7 5 6 5 4
20120710 9 5 6 1 4 5
20120710 10 1 7 9 1 5
20120710 11 1 3 2 1 3
20120711 1 1 6 3 0 0
20120711 2 2 4 3 0 0
20120711 3 7 3 2 0 0
20120711 4 3 5 7 0 0
20120711 5 2 9 6 2 6
20120711 6 1 3 2 1 3
20120711 7 1 4 5 1 4
20120711 8 5 1 9 4 1
20120711 9 2 7 6 2 5
20120711 10 7 2 1 0 0
20120711 11 9 5 2 6 4
20120727 1 1 5 3 0 0
20120727 2 1 7 3 0 0
20120727 3 3 5 4 0 0
20120727 4 7 2 5 0 0
20120727 5 1 7 4 0 0
20120727 6 7 3 1 5 3
20120727 7 9 1 7 6 1
20120727 8 2 5 3 2 4
20120727 9 5 2 7 4 2
20120727 10 2 8 1 2 6
20120727 11 1 7 3 1 5
20120728 1 7 5 1 0 0
20120728 2 3 2 1 0 0
20120728 3 5 3 2 0 0
20120728 4 7 4 1 0 0
20120728 5 3 7 5 0 0
20120728 6 1 7 3 1 5
20120728 7 2 7 6 2 5
20120728 8 2 9 8 2 6
20120728 9 9 5 2 6 4
20120728 10 3 1 2 3 1
20120728 11 7 2 3 5 2
20120729 1 6 3 4 0 0
20120729 2 4 1 2 0 0
20120729 3 3 5 7 0 0
20120729 4 4 3 5 0 0
20120729 5 9 3 8 6 3
20120729 6 9 2 5 6 2
20120729 7 1 6 3 1 5
20120729 8 6 1 5 5 1
20120729 9 7 9 4 5 6
20120729 10 3 2 6 0 0
20120729 11 3 1 9 3 1
20120918 1 7 6 8 5 5
20120918 2 4 5 2 4 4
20120918 3 9 2 5 6 2
20120918 4 9 1 7 6 1
20120918 5 8 7 3 6 5
20120918 6 6 4 3 5 4
20120918 7 3 1 9 3 1
20120918 8 4 1 7 4 1
20120918 9 3 4 7 3 4
20120918 10 5 2 8 4 2
20120918 11 1 7 9 1 5
20120919 1 7 1 9 5 1
20120919 2 9 2 7 6 2
20120919 3 3 9 4 3 6
20120919 4 9 5 2 6 4
20120919 5 2 9 3 2 6
20120919 6 7 2 3 5 2
20120919 7 4 7 3 4 5
20120919 8 9 3 2 6 3
20120919 9 5 7 1 4 5
20120919 10 5 2 7 4 2
20120919 11 1 8 7 1 6
20120920 1 5 3 9 4 3
20120920 2 5 2 1 4 2
20120920 3 3 2 9 3 2
20120920 4 3 2 4 3 2
20120920 5 5 1 7 4 1
20120920 6 2 7 9 2 5
20120920 7 2 9 3 2 6
20120920 8 3 5 2 3 4
20120920 9 5 3 9 4 3
20120920 10 5 6 7 4 5
20120920 11 5 6 4 4 5
20121010 1 1 5 2 0 0
20121010 2 3 7 4 0 0
20121010 3 2 7 1 0 0
20121010 4 7 4 2 0 0
20121010 5 3 5 1 0 0
20121010 6 2 9 8 2 6
20121010 7 2 5 7 2 4
20121010 8 3 2 1 3 2
20121010 9 1 7 4 1 5
20121010 10 1 5 2 1 4
20121010 11 2 5 1 2 4
20121011 1 1 4 3 0 0
20121011 2 4 7 2 0 0
20121011 3 1 2 3 0 0
20121011 4 3 1 6 0 0
20121011 5 5 1 7 0 0
20121011 6 1 9 7 1 6
20121011 7 7 4 2 5 4
20121011 8 5 1 2 4 1
20121011 9 2 5 7 2 4
20121011 10 1 5 7 1 4
20121011 11 2 3 7 2 3
20121012 1 7 3 5 0 0
20121012 2 3 5 1 0 0
20121012 3 7 1 3 0 0
20121012 4 5 2 1 0 0
20121012 5 1 7 3 1 5
20121012 6 5 1 4 4 1
20121012 7 6 5 1 5 4
20121012 8 9 1 7 6 1
20121012 9 3 7 9 3 5
20121012 10 2 7 6 0 0
20121012 11 3 1 5 3 1
20121021 1 1 7 5 0 0
20121021 2 3 7 5 0 0
20121021 3 7 5 3 0 0
20121021 4 4 3 1 0 0
20121021 5 7 2 3 0 0
20121021 6 2 5 7 2 4
20121021 7 7 8 3 5 6
20121021 8 2 9 1 2 6
20121021 9 7 3 4 5 3
20121021 10 3 5 7 3 4
20121021 11 2 1 9 2 1
20121022 1 5 4 1 0 0
20121022 2 3 1 7 0 0
20121022 3 2 1 5 0 0
20121022 4 7 4 5 0 0
20121022 5 2 5 3 0 0
20121022 6 5 9 3 4 6
20121022 7 3 5 4 3 4
20121022 8 2 5 3 2 4
20121022 9 9 5 1 6 4
20121022 10 1 8 6 1 6
20121022 11 1 3 2 1 3
20121023 1 2 4 3 0 0
20121023 2 5 4 6 0 0
20121023 3 7 5 4 0 0
20121023 4 4 1 2 0 0
20121023 5 7 6 9 5 5
20121023 6 9 4 1 6 4
20121023 7 7 4 5 5 4
20121023 8 9 6 1 6 5
20121023 9 2 4 7 2 4
20121023 10 2 3 1 0 0
20121023 11 1 5 9 1 4
20121116 1 1 7 3 0 0
20121116 2 7 5 2 0 0
20121116 3 3 1 7 0 0
20121116 4 3 5 2 0 0
20121116 5 2 7 6 0 0
20121116 6 5 3 9 4 3
20121116 7 2 1 5 2 1
20121116 8 5 2 9 4 2
20121116 9 9 1 2 6 1
20121116 10 1 7 9 1 5
20121116 11 3 1 4 3 1
20121117 1 2 1 4 0 0
20121117 2 1 3 5 0 0
20121117 3 1 3 2 0 0
20121117 4 1 2 5 0 0
20121117 5 1 2 3 0 0
20121117 6 1 7 8 1 5
20121117 7 1 9 6 1 6
20121117 8 5 1 7 4 1
20121117 9 7 3 1 5 3
20121117 10 1 4 3 1 4
20121117 11 9 5 2 6 4
20121118 1 7 1 5 0 0
20121118 2 4 1 3 0 0
20121118 3 2 1 7 0 0
20121118 4 1 3 2 0 0
20121118 5 2 8 9 2 6
20121118 6 1 5 2 1 4
20121118 7 1 3 5 1 3
20121118 8 7 4 6 5 4
20121118 9 9 1 7 6 1
20121118 10 2 1 5 0 0
20121118 11 9 7 1 6 5
20121121 1 7 2 5 0 0
20121121 2 3 7 1 0 0
20121121 3 7 4 2 0 0
20121121 4 5 3 4 0 0
20121121 5 3 2 7 0 0
20121121 6 2 7 9 2 5
20121121 7 1 7 5 1 5
20121121 8 2 7 5 2 5
20121121 9 7 1 8 5 1
20121121 10 1 3 7 1 3
20121121 11 3 6 2 3 5
20121122 1 1 3 7 0 0
20121122 2 3 1 5 0 0
20121122 3 1 3 7 0 0
20121122 4 3 7 6 0 0
20121122 5 2 6 5 0 0
20121122 6 5 3 1 4 3
20121122 7 7 9 2 5 6
20121122 8 3 1 7 3 1
20121122 9 7 3 1 5 3
20121122 10 2 3 7 2 3
20121122 11 7 3 2 5 3
20121123 1 2 4 1 0 0
20121123 2 3 7 1 0 0
20121123 3 7 5 3 0 0
20121123 4 3 1 5 0 0
20121123 5 3 7 9 3 5
20121123 6 9 4 2 6 4
20121123 7 3 2 1 3 2
20121123 8 1 7 9 1 5
20121123 9 5 7 3 4 5
20121123 10 3 1 7 0 0
20121123 11 5 3 4 4 3
20121211 1 1 7 3 0 0
20121211 2 4 5 2 0 0
20121211 3 1 3 7 0 0
20121211 4 3 1 4 0 0
20121211 5 2 4 7 0 0
20121211 6 2 3 1 2 3
20121211 7 7 2 3 5 2
20121211 8 1 2 3 1 2
20121211 9 2 1 5 2 1
20121211 10 1 9 5 1 6
20121211 11 1 4 7 1 4
20121212 1 1 4 6 0 0
20121212 2 7 5 2 0 0
20121212 3 3 1 5 0 0
20121212 4 7 2 3 0 0
20121212 5 3 7 1 0 0
20121212 6 1 4 3 1 4
20121212 7 1 2 4 1 2
20121212 8 6 2 5 5 2
20121212 9 1 4 5 1 4
20121212 10 3 2 4 3 2
20121212 11 2 1 3 2 1
20121213 1 2 4 5 0 0
20121213 2 1 3 4 0 0
20121213 3 5 6 4 0 0
20121213 4 4 1 3 0 0
20121213 5 1 2 4 1 2
20121213 6 2 8 3 2 6
20121213 7 2 5 4 2 4
20121213 8 5 7 1 4 5
20121213 9 7 5 4 5 4
20121213 10 1 4 6 0 0
20121213 11 8 6 5 6 5
20121218 1 1 5 7 0 0
20121218 2 2 4 5 0 0
20121218 3 5 1 3 0 0
20121218 4 5 4 2 0 0
20121218 5 3 2 4 0 0
20121218 6 7 1 3 5 1
20121218 7 2 9 5 2 6
20121218 8 7 1 3 5 1
20121218 9 4 2 5 4 2
20121218 10 3 1 9 3 1
20121218 11 2 6 7 2 5
20121219 1 3 2 7 0 0
20121219 2 3 5 4 0 0
20121219 3 7 5 1 0 0
20121219 4 7 3 2 0 0
20121219 5 2 7 5 0 0
20121219 6 3 9 8 3 6
20121219 7 3 2 7 3 2
20121219 8 5 7 6 4 5
20121219 9 1 9 4 1 6
20121219 10 2 5 1 2 4
20121219 11 5 3 8 4 3
20121220 1 2 5 7 0 0
20121220 2 4 7 5 0 0
20121220 3 5 3 7 0 0
20121220 4 6 1 5 0 0
20121220 5 4 1 3 4 1
20121220 6 7 1 5 5 1
20121220 7 7 5 4 5 4
20121220 8 5 1 7 4 1
20121220 9 7 8 2 5 6
20121220 10 5 1 3 0 0
20121220 11 3 9 5 3 6
20130101 1 9 1 5 6 1
20130101 2 7 3 1 5 3
20130101 3 1 9 5 1 6
20130101 4 1 4 7 1 4
20130101 5 7 4 1 5 4
20130101 6 9 2 6 6 2
20130101 7 1 9 5 1 6
20130101 8 9 5 1 6 4
20130101 9 7 1 2 5 1
20130101 10 5 2 1 4 2
20130101 11 1 8 2 1 6
20130102 1 4 3 5 4 3
20130102 2 7 1 9 5 1
20130102 3 9 1 6 6 1
20130102 4 6 1 9 5 1
20130102 5 4 2 1 4 2
20130102 6 2 9 7 2 6
20130102 7 5 3 4 4 3
20130102 8 1 3 7 1 3
20130102 9 2 9 3 2 6
20130102 10 2 4 3 2 4
20130102 11 1 7 8 1 5
20130103 1 7 1 5 5 1
20130103 2 2 9 4 2 6
20130103 3 9 3 2 6 3
20130103 4 1 8 4 1 6
20130103 5 3 8 5 3 6
20130103 6 1 2 6 1 2
20130103 7 1 8 9 1 6
20130103 8 5 3 9 4 3
20130103 9 6 4 3 5 4
20130103 10 1 5 7 1 4
20130103 11 3 4 6 3 4
20130213 1 1 7 5 1 5
20130213 2 9 3 8 6 3
20130213 3 3 9 7 3 6
20130213 4 1 3 6 1 3
20130213 5 5 2 8 4 2
20130213 6 3 4 7 3 4
20130213 7 7 3 1 5 3
20130213 8 5 1 4 4 1
20130213 9 9 2 8 6 2
20130213 10 9 2 5 6 2
20130213 11 2 6 7 2 5
20130214 1 3 9 2 3 6
20130214 2 3 1 9 3 1
20130214 3 1 4 3 1 4
20130214 4 1 2 7 1 2
20130214 5 9 2 5 6 2
20130214 6 2 1 5 2 1
20130214 7 6 5 4 5 4
20130214 8 2 8 1 2 6
20130214 9 1 9 3 1 6
20130214 10 1 9 8 1 6
20130214 11 7 2 3 5 2
20130215 1 2 5 9 2 4
20130215 2 5 1 7 4 1
20130215 3 5 8 7 4 6
20130215 4 5 6 8 4 5
20130215 5 3 5 7 3 4
20130215 6 9 7 1 6 5
20130215 7 1 3 2 1 3
20130215 8 3 6 2 3 5
20130215 9 5 1 4 4 1
20130215 10 3 6 4 3 5
20130215 11 3 4 8 3 4
20130228 1 1 3 7 1 3
20130228 2 2 4 3 2 4
20130228 3 1 7 4 1 5
20130228 4 9 6 4 6 5
20130228 5 2 4 5 2 4
20130228 6 2 3 7 2 3
20130228 7 8 3 9 6 3
20130228 8 2 5 9 2 4
20130228 9 3 5 2 3 4
20130228 10 5 7 9 4 5
20130228 11 5 2 9 4 2
20130301 1 9 7 2 6 5
20130301 2 1 4 5 1 4
20130301 3 1 8 4 1 6
20130301 4 9 7 3 6 5
20130301 5 3 2 1 3 2
20130301 6 9 2 7 6 2
20130301 7 8 9 6 6 6
20130301 8 1 5 3 1 4
20130301 9 9 1 5 6 1
20130301 10 1 5 7 1 4
20130301 11 2 3 4 2 3
20130302 1 7 5 3 5 4
20130302 2 2 3 6 2 3
20130302 3 1 2 5 1 2
20130302 4 2 5 3 2 4
20130302 5 4 7 2 4 5
20130302 6 4 1 9 4 1
20130302 7 5 9 1 4 6
20130302 8 5 2 9 4 2
20130302 9 9 2 5 6 2
20130302 10 9 3 5 6 3
20130302 11 1 3 6 1 3
20130303 1 9 7 1 6 5
20130303 2 7 5 1 5 4
20130303 3 9 1 3 6 1
20130303 4 3 7 9 3 5
20130303 5 3 8 6 3 6
20130303 6 2 5 8 2 4
20130303 7 9 2 3 6 2
20130303 8 1 7 4 1 5
20130303 9 3 7 2 3 5
20130303 10 3 2 9 3 2
20130303 11 1 3 8 1 3
20130311 1 7 2 4 5 2
20130311 2 9 2 3 6 2
20130311 3 7 1 5 5 1
20130311 4 5 2 7 4 2
20130311 5 3 1 2 3 1
20130311 6 9 3 7 6 3
20130311 7 3 9 6 3 6
20130311 8 2 5 3 2 4
20130311 9 8 5 2 6 4
20130311 10 2 5 7 2 4
20130311 11 3 4 2 3 4
20130312 1 7 9 3 5 6
20130312 2 1 3 5 1 3
20130312 3 2 5 7 2 4
20130312 4 1 7 8 1 5
20130312 5 3 8 1 3 6
20130312 6 1 9 7 1 6
20130312 7 3 7 8 3 5
20130312 8 3 8 2 3 6
20130312 9 5 3 2 4 3
20130312 10 7 3 5 5 3
20130312 11 2 1 3 2 1
20130313 1 9 8 5 6 6
20130313 2 8 3 1 6 3
20130313 3 7 5 1 5 4
20130313 4 7 4 1 5 4
20130313 5 1 7 2 1 5
20130313 6 3 4 1 3 4
20130313 7 7 3 8 5 3
20130313 8 7 4 8 5 4
20130313 9 2 3 4 2 3
20130313 10 2 6 4 2 5
20130313 11 9 4 7 6 4
20130318 1 3 7 5 0 0
20130318 2 3 7 6 0 0
20130318 3 7 2 5 0 0
20130318 4 1 5 3 0 0
20130318 5 4 1 5 0 0
20130318 6 2 7 9 2 5
20130318 7 1 9 2 1 6
20130318 8 2 3 6 2 3
20130318 9 7 6 3 5 5
20130318 10 5 9 1 4 6
20130318 11 1 4 6 1 4
20130319 1 7 3 1 0 0
20130319 2 5 7 2 0 0
20130319 3 1 5 3 0 0
20130319 4 2 5 7 0 0
20130319 5 7 2 5 0 0
20130319 6 5 7 3 4 5
20130319 7 9 3 6 6 3
20130319 8 3 5 4 3 4
20130319 9 7 3 2 5 3
20130319 10 2 9 5 2 6
20130319 11 3 1 9 3 1
20130320 1 5 4 1 0 0
20130320 2 1 4 7 0 0
20130320 3 2 3 1 0 0
20130320 4 1 2 6 0 0
20130320 5 1 3 8 1 3
20130320 6 5 6 7 4 5
20130320 7 5 1 2 4 1
20130320 8 1 7 3 1 5
20130320 9 2 7 4 2 5
20130320 10 2 5 3 0 0
20130320 11 9 1 7 6 1
20130401 1 2 5 7 0 0
20130401 2 2 3 1 0 0
20130401 3 1 4 7 0 0
20130401 4 7 5 1 0 0
20130401 5 3 5 1 0 0
20130401 6 2 1 9 2 1
20130401 7 5 2 1 4 2
20130401 8 4 3 8 4 3
20130401 9 1 7 3 1 5
20130401 10 2 8 7 2 6
20130402 1 7 3 1 0 0
20130402 2 5 1 3 0 0
20130402 3 1 4 7 0 0
20130402 4 4 1 2 0 0
20130402 5 1 3 6 0 0
20130402 6 9 1 7 6 1
20130402 7 9 4 3 6 4
20130402 8 2 7 5 2 5
20130402 9 1 2 6 1 2
20130402 10 2 7 8 2 5
20130403 1 5 3 4 0 0
20130403 2 7 4 3 0 0
20130403 3 7 2 1 0 0
20130403 4 2 1 4 0 0
20130403 5 1 7 2 1 5
20130403 6 3 7 5 3 5
20130403 7 1 2 5 1 2
20130403 8 1 9 2 1 6
20130403 9 5 1 4 0 0
20130403 10 1 5 2 1 4
20130430 1 5 2 3 4 2
20130430 2 7 8 3 5 6
20130430 3 3 1 7 3 1
20130430 4 1 7 8 1 5
20130430 5 5 9 2 4 6
20130430 6 9 7 2 6 5
20130430 7 6 7 9 5 5
20130430 8 1 2 7 1 2
20130430 9 5 1 3 4 1
20130430 10 5 3 4 4 3
20130430 11 3 1 4 3 1
20130501 1 5 9 2 4 6
20130501 2 7 3 4 5 3
20130501 3 7 5 4 5 4
20130501 4 4 1 9 4 1
20130501 5 3 7 8 3 5
20130501 6 5 2 1 4 2
20130501 7 5 2 1 4 2
20130501 8 4 1 2 4 1
20130501 9 1 8 5 1 6
20130501 10 4 7 2 4 5
20130501 11 3 5 1 3 4
20130502 1 3 7 2 3 5
20130502 2 5 3 1 4 3
20130502 3 2 1 4 2 1
20130502 4 1 7 3 1 5
20130502 5 9 3 7 6 3
20130502 6 2 5 3 2 5
20130502 7 1 2 4 1 2
20130502 8 6 9 4 5 6
20130502 9 9 5 7 6 4
20130502 10 1 5 3 1 4
20130502 11 3 7 4 3 5
20130511 1 1 7 3 0 0
20130511 2 4 1 7 0 0
20130511 3 1 4 3 0 0
20130511 4 2 3 6 0 0
20130511 5 5 1 4 0 0
20130511 6 5 1 3 4 1
20130511 7 3 9 7 3 6
20130511 8 1 7 9 1 5
20130511 9 5 2 6 4 2
20130511 10 5 7 2 4 5
20130512 1 7 4 2 0 0
20130512 2 2 7 4 0 0
20130512 3 7 2 3 0 0
20130512 4 7 2 1 0 0
20130512 5 1 6 2 0 0
20130512 6 7 3 8 5 3
20130512 7 8 9 4 6 6
20130512 8 7 5 9 5 4
20130512 9 4 5 7 4 4
20130512 10 2 7 3 2 5
20130513 1 7 5 1 0 0
20130513 2 1 7 5 0 0
20130513 3 5 3 1 0 0
20130513 4 1 4 3 0 0
20130513 5 4 9 7 4 6
20130513 6 9 6 4 6 5
20130513 7 6 2 1 5 2
20130513 8 3 8 4 3 6
20130513 9 3 2 1 0 0
20130513 10 5 1 6 4 1
20130625 1 7 4 1 5 4
20130625 2 1 7 4 1 5
20130625 3 3 9 1 3 6
20130625 4 1 2 9 1 2
20130625 5 7 1 9 5 1
20130625 6 1 4 9 1 4
20130625 7 4 2 9 4 2
20130625 8 1 9 4 1 6
20130625 9 5 7 2 4 5
20130625 10 3 5 7 3 4
20130625 11 3 4 6 3 4
20130626 1 3 6 7 3 5
20130626 2 9 1 2 6 1
20130626 3 5 1 8 4 1
20130626 4 1 8 4 1 6
20130626 5 3 1 9 3 1
20130626 6 9 3 1 6 3
20130626 7 7 2 4 6 2
20130626 8 9 3 2 6 3
20130626 9 9 1 7 6 1
20130626 10 2 7 8 2 5
20130626 11 2 1 5 2 1
20130627 1 3 2 7 3 2
20130627 2 1 9 5 1 6
20130627 3 1 5 2 1 4
20130627 4 9 3 8 6 3
20130627 5 3 5 8 3 4
20130627 6 4 8 7 4 6
20130627 7 1 9 4 1 6
20130627 8 9 2 7 6 2
20130627 9 2 6 4 2 5
20130627 10 1 9 2 1 6
20130627 11 1 3 6 1 3
20130729 1 5 3 9 4 3
20130729 2 5 9 1 4 6
20130729 3 1 5 4 1 4
20130729 4 2 3 9 2 3
20130729 5 7 1 3 5 1
20130729 6 3 9 1 3 6
20130729 7 2 5 4 2 4
20130729 8 3 7 4 3 5
20130729 9 1 3 5 1 3
20130729 10 5 1 2 4 1
20130729 11 3 7 5 3 5
20130730 1 2 5 6 2 4
20130730 2 1 9 3 1 6
20130730 3 3 7 1 3 5
20130730 4 5 3 2 4 3
20130730 5 2 1 9 2 1
20130730 6 2 1 3 2 1
20130730 7 5 3 1 5 3
20130730 8 7 2 4 5 2
20130730 9 1 4 7 1 4
20130730 10 9 3 4 6 3
20130730 11 5 7 2 4 5
20130731 1 5 6 3 4 5
20130731 2 4 1 9 4 1
20130731 3 2 7 9 2 5
20130731 4 3 4 8 3 4
20130731 5 3 8 7 3 6
20130731 6 5 9 8 4 6
20130731 7 5 1 4 4 1
20130731 8 3 1 7 3 1
20130731 9 3 4 7 3 4
20130731 10 9 4 1 6 4
20130731 11 7 3 1 5 3
20130809 1 1 7 6 0 0
20130809 2 3 4 2 0 0
20130809 3 1 3 7 0 0
20130809 4 1 7 3 0 0
20130809 5 7 1 3 0 0
20130809 6 3 5 6 0 0
20130809 7 2 1 3 0 0
20130809 8 9 2 1 6 2
20130809 9 8 2 5 6 2
20130809 10 5 1 2 4 1
20130809 11 2 1 7 2 1
20130809 12 7 6 4 5 5
20130810 1 1 4 2 0 0
20130810 2 5 1 4 0 0
20130810 3 2 5 4 0 0
20130810 4 2 6 3 0 0
20130810 5 5 3 2 0 0
20130810 6 6 7 5 0 0
20130810 7 2 6 3 0 0
20130810 8 9 3 2 6 3
20130810 9 2 8 1 2 6
20130810 10 1 8 7 1 6
20130810 11 8 7 9 6 5
20130810 12 1 2 7 1 2
20130811 1 7 1 5 0 0
20130811 2 7 1 4 0 0
20130811 3 3 7 1 0 0
20130811 4 4 1 3 0 0
20130811 5 4 5 6 4 4
20130811 6 2 8 1 2 6
20130811 7 9 3 7 6 3
20130811 8 2 4 5 2 4
20130811 9 4 6 5 0 0
20130811 10 5 7 3 0 0
20130811 11 5 2 1 0 0
20130811 12 5 1 3 4 1
20130908 1 1 5 3 1 4
20130908 2 9 7 2 6 5
20130908 3 2 1 5 2 1
20130908 4 5 2 8 4 2
20130908 5 9 1 7 6 1
20130908 6 4 2 7 4 2
20130908 7 7 3 8 5 3
20130908 8 4 3 1 4 3
20130908 9 8 5 2 6 4
20130908 10 1 7 9 1 5
20130908 11 3 4 1 3 4
20130909 1 8 1 7 6 1
20130909 2 9 5 1 6 4
20130909 3 6 2 7 5 2
20130909 4 7 2 1 5 2
20130909 5 2 8 7 2 6
20130909 6 7 9 5 5 6
20130909 7 7 9 2 5 6
20130909 8 4 3 9 4 3
20130909 9 5 7 2 4 5
20130909 10 7 1 3 5 1
20130909 11 1 9 7 1 6
20130910 1 1 3 5 1 3
20130910 2 9 2 5 6 2
20130910 3 3 1 5 3 1
20130910 4 9 1 5 6 1
20130910 5 6 9 4 5 6
20130910 6 5 8 1 4 6
20130910 7 7 3 5 5 3
20130910 8 2 7 9 2 5
20130910 9 1 5 7 1 4
20130910 10 4 5 3 4 4
20130910 11 5 2 7 4 2
20130928 1 4 6 7 0 0
20130928 2 1 2 7 0 0
20130928 3 4 1 3 0 0
20130928 4 3 4 6 0 0
20130928 5 1 7 3 0 0
20130928 6 9 1 7 6 1
20130928 7 1 5 9 1 4
20130928 8 7 9 8 5 6
20130928 9 5 1 2 4 1
20130928 10 3 4 2 3 4
20130929 1 2 5 7 0 0
20130929 2 6 5 2 0 0
20130929 3 3 6 4 0 0
20130929 4 1 7 3 0 0
20130929 5 7 5 2 5 4
20130929 6 7 3 1 5 3
20130929 7 2 9 5 2 6
20130929 8 2 1 9 2 1
20130929 9 2 7 5 0 0
20130929 10 2 1 3 2 1
20131009 1 1 7 5 1 5
20131009 2 2 5 8 2 4
20131009 3 5 8 1 4 6
20131009 4 2 5 7 2 4
20131009 5 9 2 7 6 2
20131009 6 5 9 6 4 6
20131009 7 1 5 7 1 4
20131009 8 9 4 7 6 4
20131009 9 1 7 6 1 5
20131009 10 2 5 4 2 4
20131009 11 6 8 3 5 6
20131010 1 2 9 5 2 6
20131010 2 5 7 2 4 5
20131010 3 9 5 8 6 4
20131010 4 3 2 7 3 2
20131010 5 2 3 5 2 3
20131010 6 5 9 3 4 6
20131010 7 9 5 3 6 4
20131010 8 3 2 7 3 2
20131010 9 2 7 3 2 5
20131010 10 2 9 1 2 6
20131010 11 3 1 7 3 1
20131011 1 7 9 1 5 6
20131011 2 6 7 3 5 5
20131011 3 5 1 7 4 1
20131011 4 3 9 7 3 6
20131011 5 2 6 5 2 5
20131011 6 3 5 9 3 4
20131011 7 3 1 8 3 1
20131011 8 5 7 2 4 5
20131011 9 9 5 2 6 4
20131011 10 3 4 7 3 4
20131011 11 2 5 3 2 4
20131106 1 1 4 2 0 0
20131106 2 5 1 7 0 0
20131106 3 2 5 6 0 0
20131106 4 1 7 6 0 0
20131106 5 4 3 6 0 0
20131106 6 1 2 5 1 2
20131106 7 5 3 2 4 3
20131106 8 1 3 7 1 3
20131106 9 5 2 7 4 2
20131106 10 4 2 1 4 2
20131107 1 4 3 5 0 0
20131107 2 7 3 5 0 0
20131107 3 7 1 2 0 0
20131107 4 6 3 1 0 0
20131107 5 1 7 4 0 0
20131107 6 8 7 3 6 5
20131107 7 1 5 8 1 4
20131107 8 2 5 1 2 4
20131107 9 9 7 4 6 5
20131107 10 7 2 9 5 2
20131108 1 7 1 2 0 0
20131108 2 5 1 6 0 0
20131108 3 2 3 1 0 0
20131108 4 3 5 2 0 0
20131108 5 2 3 1 2 3
20131108 6 2 5 8 2 4
20131108 7 7 9 4 5 6
20131108 8 7 5 2 5 4
20131108 9 5 3 7 0 0
20131108 10 2 1 6 2 1
20131119 1 7 1 9 5 1
20131119 2 5 8 3 4 6
20131119 3 9 2 3 6 2
20131119 4 2 7 1 2 5
20131119 5 7 3 4 5 3
20131119 6 7 1 3 5 1
20131119 7 6 3 1 5 3
20131119 8 4 1 3 4 1
20131119 9 1 9 3 1 6
20131119 10 3 1 5 3 1
20131119 11 4 6 8 4 5
20131120 1 5 3 9 4 3
20131120 2 1 5 2 1 4
20131120 3 7 1 2 5 1
20131120 4 1 7 3 1 5
20131120 5 2 7 9 2 5
20131120 6 1 5 8 1 4
20131120 7 3 9 7 3 6
20131120 8 2 6 4 2 5
20131120 9 2 5 8 2 4
20131120 10 1 4 2 1 4
20131120 11 1 3 9 1 3
20131121 1 7 3 1 5 3
20131121 2 3 5 7 3 4
20131121 3 3 4 6 3 4
20131121 4 1 9 7 1 6
20131121 5 3 1 9 3 1
20131121 6 2 5 7 2 4
20131121 7 5 7 8 4 5
20131121 8 9 1 2 6 1
20131121 9 2 7 5 2 5
20131121 10 6 2 4 5 2
20131121 11 9 3 1 6 3
20131210 1 1 7 3 0 0
20131210 2 2 6 4 0 0
20131210 3 3 4 1 0 0
20131210 4 4 7 2 0 0
20131210 5 7 3 2 0 0
20131210 6 9 2 4 6 2
20131210 7 9 2 7 6 2
20131210 8 1 9 7 1 6
20131210 9 1 9 2 1 6
20131210 10 7 9 3 5 6
20131211 1 5 2 1 0 0
20131211 2 2 5 4 0 0
20131211 3 2 5 7 0 0
20131211 4 2 3 5 0 0
20131211 5 3 2 1 0 0
20131211 6 4 9 5 4 6
20131211 7 2 3 8 2 3
20131211 8 2 7 9 2 5
20131211 9 3 1 2 3 1
20131211 10 7 9 2 5 6
20131212 1 7 2 1 0 0
20131212 2 3 7 2 0 0
20131212 3 5 3 7 0 0
20131212 4 3 6 2 0 0
20131212 5 9 8 5 6 6
20131212 6 1 2 7 1 2
20131212 7 2 9 4 2 6
20131212 8 8 2 7 6 2
20131212 9 7 5 6 0 0
20131212 10 2 5 6 2 4
20140108 1 1 9 7 1 6
20140108 2 5 3 6 4 3
20140108 3 2 1 6 2 1
20140108 4 9 1 2 6 1
20140108 5 5 3 9 4 3
20140108 6 3 7 1 3 5
20140108 7 1 9 2 1 6
20140108 8 3 5 2 3 4
20140108 9 1 9 5 1 6
20140108 10 1 2 5 1 2
20140108 11 2 6 3 2 5
20140109 1 3 5 8 3 4
20140109 2 9 8 2 6 6
20140109 3 5 7 2 4 5
20140109 4 1 5 3 1 4
20140109 5 9 2 8 6 2
20140109 6 3 1 2 3 1
20140109 7 5 3 7 4 3
20140109 8 3 6 5 3 5
20140109 9 5 7 2 4 5
20140109 10 7 9 2 5 6
20140109 11 1 9 7 1 6
20140110 1 7 1 2 5 1
20140110 2 9 5 1 6 4
20140110 3 8 3 9 6 3
20140110 4 9 2 7 6 2
20140110 5 7 5 9 5 4
20140110 6 3 4 8 3 4
20140110 7 1 4 8 1 4
20140110 8 3 9 7 3 6
20140110 9 5 2 6 4 2
20140110 10 7 1 2 5 1
20140110 11 2 5 6 2 4
20140123 1 3 5 1 0 0
20140123 2 4 2 3 0 0
20140123 3 7 5 3 0 0
20140123 4 7 3 5 0 0
20140123 5 1 5 3 0 0
20140123 6 5 4 2 0 0
20140123 7 1 2 4 0 0
20140123 8 1 5 9 1 4
20140123 9 6 9 3 5 6
20140123 10 2 5 7 2 4
20140123 11 2 7 3 2 5
20140123 12 9 7 5 6 5
20140124 1 1 3 4 0 0
20140124 2 3 7 5 0 0
20140124 3 1 4 2 0 0
20140124 4 4 2 5 0 0
20140124 5 5 1 7 0 0
20140124 6 3 2 1 0 0
20140124 7 2 7 1 0 0
20140124 8 7 3 2 5 3
20140124 9 9 1 8 6 1
20140124 10 1 9 2 1 6
20140124 11 2 7 5 2 5
20140124 12 3 2 1 3 2
20140125 1 3 6 1 0 0
20140125 2 1 7 6 0 0
20140125 3 4 5 7 0 0
20140125 4 7 5 1 0 0
20140125 5 1 9 8 1 6
20140125 6 2 7 6 2 5
20140125 7 9 8 1 6 6
20140125 8 2 3 9 2 3
20140125 9 6 5 2 0 0
20140125 10 5 3 7 0 0
20140125 11 2 6 7 0 0
20140125 12 2 9 7 2 6
20140219 1 2 1 7 0 0
20140219 2 7 2 3 0 0
20140219 3 5 7 2 0 0
20140219 4 5 4 1 0 0
20140219 5 3 5 4 0 0
20140219 6 4 2 5 4 2
20140219 7 1 3 7 1 3
20140219 8 5 1 2 4 1
20140219 9 3 1 9 3 1
20140219 10 7 8 6 5 6
20140220 1 2 4 6 0 0
20140220 2 3 4 5 0 0
20140220 3 7 1 6 0 0
20140220 4 6 5 1 0 0
20140220 5 1 4 6 0 0
20140220 6 1 3 4 1 3
20140220 7 7 6 2 5 5
20140220 8 2 7 1 2 5
20140220 9 1 3 2 1 3
20140220 10 1 3 4 1 3
20140221 1 1 4 7 0 0
20140221 2 2 1 7 0 0
20140221 3 4 3 7 0 0
20140221 4 5 2 7 0 0
20140221 5 2 6 8 2 5
20140221 6 6 9 8 5 6
20140221 7 3 9 5 3 6
20140221 8 2 4 3 2 4
20140221 9 5 7 4 0 0
20140221 10 5 2 9 4 2
20140228 1 2 9 5 2 6
20140228 2 1 3 2 1 3
20140228 3 9 1 5 6 1
20140228 4 5 1 2 4 1
20140228 5 9 4 3 6 4
20140228 6 5 9 1 4 6
20140228 7 2 9 1 2 6
20140228 8 3 2 9 3 2
20140228 9 3 8 1 3 6
20140228 10 2 5 1 2 4
20140228 11 5 2 1 4 2
20140301 1 2 5 3 2 5
20140301 2 1 5 2 1 5
20140301 3 5 1 9 4 1
20140301 4 7 1 2 5 1
20140301 5 9 1 5 6 1
20140301 6 1 2 7 1 2
20140301 7 9 3 2 6 3
20140301 8 7 8 4 5 6
20140301 9 1 7 4 1 5
20140301 10 2 6 8 2 5
20140301 11 1 3 5 1 3
20140302 1 1 5 4 1 5
20140302 2 4 7 1 4 6
20140302 3 7 2 1 6 2
20140302 4 1 7 8 1 5
20140302 5 3 6 1 3 5
20140302 6 2 3 9 2 3
20140302 7 5 9 1 4 6
20140302 8 3 5 7 3 4
20140302 9 7 3 4 5 3
20140302 10 3 5 2 3 4
20140302 11 5 9 6 4 6
20140303 1 1 2 4 1 2
20140303 2 2 4 8 2 4
20140303 3 4 6 7 4 5
20140303 4 7 2 9 5 2
20140303 5 9 3 7 6 3
20140303 6 2 9 4 2 6
20140303 7 3 9 4 3 6
20140303 8 7 1 3 5 1
20140303 9 6 7 2 5 5
20140303 10 3 1 8 3 1
20140303 11 1 9 7 1 6
20140315 1 3 2 4 0 0
20140315 2 4 2 3 0 0
20140315 3 3 2 4 0 0
20140315 4 1 2 7 0 0
20140315 5 7 1 5 0 0
20140315 6 5 1 3 4 1
20140315 7 1 9 4 1 6
20140315 8 1 3 5 1 3
20140315 9 3 1 2 3 1
20140315 10 4 2 8 4 2
20140316 1 4 7 3 0 0
20140316 2 1 7 4 0 0
20140316 3 3 4 2 0 0
20140316 4 7 1 4 0 0
20140316 5 7 1 2 0 0
20140316 6 2 3 6 2 3
20140316 7 3 1 5 3 1
20140316 8 9 6 1 6 5
20140316 9 2 7 3 2 5
20140316 10 1 7 2 1 5
20140317 1 7 4 2 0 0
20140317 2 1 3 7 0 0
20140317 3 7 4 6 0 0
20140317 4 4 2 7 0 0
20140317 5 2 6 4 2 5
20140317 6 2 3 4 2 3
20140317 7 5 2 9 4 2
20140317 8 7 5 3 5 4
20140317 9 3 6 1 0 0
20140317 10 2 9 5 2 6
20140325 1 3 2 1 0 0
20140325 2 2 7 4 0 0
20140325 3 2 5 1 0 0
20140325 4 3 1 6 0 0
20140325 5 2 7 1 0 0
20140325 6 7 1 3 5 1
20140325 7 4 2 9 4 2
20140325 8 2 9 1 2 6
20140325 9 1 9 5 1 6
20140325 10 9 2 1 6 2
20140326 1 6 3 4 0 0
20140326 2 3 7 1 0 0
20140326 3 7 1 5 0 0
20140326 4 1 3 5 0 0
20140326 5 5 2 4 0 0
20140326 6 5 2 9 4 2
20140326 7 7 2 5 5 2
20140326 8 5 9 7 4 6
20140326 9 5 2 3 4 2
20140326 10 7 2 1 5 2
20140327 1 5 7 3 0 0
20140327 2 5 3 1 0 0
20140327 3 2 4 6 0 0
20140327 4 5 6 3 0 0
20140327 5 3 5 7 3 4
20140327 6 3 5 7 3 4
20140327 7 5 1 7 4 1
20140327 8 2 5 9 2 4
20140327 9 7 3 1 0 0
20140327 10 4 3 2 4 3
20140402 1 7 5 1 5 4
20140402 2 3 5 9 3 4
20140402 3 5 9 3 4 6
20140402 4 9 7 5 6 5
20140402 5 5 2 1 4 2
20140402 6 3 8 6 3 6
20140402 7 9 8 1 6 6
20140402 8 5 2 7 4 2
20140402 9 7 5 3 5 4
20140402 10 3 9 7 3 6
20140402 11 9 5 3 6 4
20140403 1 3 5 4 3 4
20140403 2 1 7 9 1 5
20140403 3 2 9 6 2 6
20140403 4 1 7 2 1 5
20140403 5 2 7 9 2 5
20140403 6 8 9 1 6 6
20140403 7 2 5 9 2 4
20140403 8 7 3 2 5 3
20140403 9 2 7 4 2 5
20140403 10 1 5 9 1 4
20140403 11 9 8 3 6 6
20140404 1 9 5 7 6 4
20140404 2 2 5 4 2 4
20140404 3 7 5 9 5 4
20140404 4 2 7 9 2 5
20140404 5 3 1 7 3 1
20140404 6 3 7 2 3 5
20140404 7 9 8 6 6 6
20140404 8 6 1 2 5 1
20140404 9 1 7 9 1 5
20140404 10 6 7 1 5 5
20140404 11 5 7 2 4 5
20140416 1 1 5 7 0 0
20140416 2 2 3 5 0 0
20140416 3 2 7 1 0 0
20140416 4 4 3 2 0 0
20140416 5 4 7 2 0 0
20140416 6 3 6 4 3 5
20140416 7 3 2 6 3 2
20140416 8 2 1 4 2 1
20140416 9 1 2 4 1 2
20140416 10 2 5 7 2 4
20140417 1 3 2 5 0 0
20140417 2 4 5 1 0 0
20140417 3 1 6 5 0 0
20140417 4 2 5 1 0 0
20140417 5 3 1 5 0 0
20140417 6 2 5 6 2 4
20140417 7 5 2 7 4 2
20140417 8 1 9 2 1 6
20140417 9 1 3 7 1 3
20140417 10 3 5 4 3 4
20140418 1 1 4 5 0 0
20140418 2 1 7 5 0 0
20140418 3 1 5 2 0 0
20140418 4 4 3 5 0 0
20140418 5 2 1 5 2 1
20140418 6 5 1 9 4 1
20140418 7 7 5 2 5 4
20140418 8 3 7 2 3 5
20140418 9 4 2 3 0 0
20140418 10 1 8 3 1 6
20140510 1 1 7 2 0 0
20140510 2 7 4 3 0 0
20140510 3 5 4 7 0 0
20140510 4 1 4 2 0 0
20140510 5 3 7 4 0 0
20140510 6 2 5 4 2 4
20140510 7 9 2 4 6 2
20140510 8 5 3 1 4 3
20140510 9 1 9 4 1 6
20140510 10 6 9 1 5 6
20140511 1 7 1 4 0 0
20140511 2 3 7 4 0 0
20140511 3 1 7 3 0 0
20140511 4 3 5 4 0 0
20140511 5 7 2 3 0 0
20140511 6 9 3 2 6 3
20140511 7 3 5 7 3 4
20140511 8 9 1 7 6 1
20140511 9 9 1 5 6 1
20140511 10 2 9 7 2 6
20140512 1 4 7 2 0 0
20140512 2 3 7 4 0 0
20140512 3 5 2 1 0 0
20140512 4 7 3 4 0 0
20140512 5 1 5 9 1 4
20140512 6 3 9 1 3 6
20140512 7 3 5 1 3 4
20140512 8 5 7 1 4 5
20140512 9 3 2 1 0 0
20140512 10 5 9 3 4 6
20140602 1 4 1 7 0 0
20140602 2 5 2 7 0 0
20140602 3 5 3 1 0 0
20140602 4 2 4 7 0 0
20140602 5 4 2 7 0 0
20140602 6 2 8 1 2 6
20140602 7 3 8 2 3 6
20140602 8 1 2 8 1 2
20140602 9 1 9 4 1 6
20140602 10 5 2 4 4 2
20140603 1 2 5 6 0 0
20140603 2 2 4 5 0 0
20140603 3 2 7 3 0 0
20140603 4 2 5 3 0 0
20140603 5 3 5 6 0 0
20140603 6 1 9 6 1 6
20140603 7 7 2 3 5 2
20140603 8 3 7 5 3 5
20140603 9 6 1 2 5 1
20140603 10 4 3 2 4 3
20140604 1 5 3 2 0 0
20140604 2 3 4 7 0 0
20140604 3 6 3 4 0 0
20140604 4 5 6 4 0 0
20140604 5 1 5 7 1 4
20140604 6 7 4 1 5 4
20140604 7 3 9 1 3 6
20140604 8 1 3 8 1 3
20140604 9 5 3 2 0 0
20140604 10 7 3 2 5 3
20140707 1 5 2 9 4 2
20140707 2 2 7 3 2 5
20140707 3 1 4 7 1 4
20140707 4 3 4 8 3 4
20140707 5 3 1 9 3 1
20140707 6 2 5 7 2 4
20140707 7 1 5 3 1 4
20140707 8 5 3 1 4 3
20140707 9 9 3 4 6 3
20140707 10 5 7 1 4 5
20140707 11 3 1 9 3 1
20140708 1 7 1 9 5 1
20140708 2 1 9 2 1 6
20140708 3 3 8 4 3 6
20140708 4 1 3 9 1 3
20140708 5 1 9 2 1 6
20140708 6 1 5 7 1 4
20140708 7 9 3 2 6 3
20140708 8 1 5 7 1 4
20140708 9 9 4 1 6 4
20140708 10 5 7 2 4 5
20140708 11 5 3 8 4 3
20140709 1 1 9 2 1 6
20140709 2 3 1 4 3 1
20140709 3 1 9 7 1 6
20140709 4 1 7 5 1 5
20140709 5 2 5 7 2 4
20140709 6 7 1 5 6 1
20140709 7 1 4 3 1 4
20140709 8 5 6 3 4 5
20140709 9 9 6 2 6 5
20140709 10 1 6 5 1 5
20140709 11 2 4 1 2 4
20140722 1 5 3 2 0 0
20140722 2 3 6 7 0 0
20140722 3 1 5 6 0 0
20140722 4 4 2 3 0 0
20140722 5 2 1 5 0 0
20140722 6 1 9 7 1 6
20140722 7 5 2 9 4 2
20140722 8 1 9 7 1 6
20140722 9 3 7 6 3 5
20140722 10 3 1 9 3 1
20140723 1 4 2 1 0 0
20140723 2 3 4 6 0 0
20140723 3 2 7 3 0 0
20140723 4 5 2 1 0 0
20140723 5 1 7 5 0 0
20140723 6 4 7 3 4 5
20140723 7 4 1 3 4 1
20140723 8 5 3 6 4 3
20140723 9 3 1 2 3 1
20140723 10 2 7 1 2 5
20140724 1 2 1 5 0 0
20140724 2 5 3 1 0 0
20140724 3 3 1 2 0 0
20140724 4 2 5 4 0 0
20140724 5 3 5 2 3 4
20140724 6 4 3 9 4 3
20140724 7 5 1 2 4 1
20140724 8 4 6 7 4 5
20140724 9 7 3 5 0 0
20140724 10 9 8 4 6 6
20140807 1 1 2 9 1 2
20140807 2 1 3 7 1 3
20140807 3 1 7 3 1 5
20140807 4 7 3 5 5 3
20140807 5 5 2 9 4 2
20140807 6 3 7 2 0 0
20140807 7 5 1 2 0 0
20140807 8 7 9 3 5 6
20140807 9 5 3 8 4 3
20140807 10 1 5 7 1 4
20140807 11 7 1 4 5 1
20140807 12 2 1 3 2 1
20140808 1 2 6 9 2 5
20140808 2 6 1 9 5 1
20140808 3 5 3 9 4 3
20140808 4 2 7 6 2 5
20140808 5 3 4 7 3 4
20140808 6 7 4 1 0 0
20140808 7 7 2 3 0 0
20140808 8 5 9 3 4 6
20140808 9 9 1 2 6 1
20140808 10 1 7 9 1 5
20140808 11 7 6 1 5 5
20140808 12 2 3 9 2 3
20140809 1 9 6 1 6 5
20140809 2 1 2 5 1 2
20140809 3 1 4 6 1 4
20140809 4 7 8 3 5 6
20140809 5 2 3 7 0 0
20140809 6 1 5 2 1 4
20140809 7 5 9 7 4 6
20140809 8 2 7 1 2 5
20140809 9 4 1 5 0 0
20140809 10 2 3 5 2 3
20140809 11 2 3 9 2 3
20140809 12 5 3 6 4 3
20140919 1 1 7 2 0 0
20140919 2 1 2 6 0 0
20140919 3 1 6 7 0 0
20140919 4 2 4 7 0 0
20140919 5 3 5 2 0 0
20140919 6 2 1 3 0 0
20140919 7 6 4 1 0 0
20140919 8 1 9 8 1 6
20140919 9 3 5 8 3 4
20140919 10 2 7 9 2 5
20140919 11 9 7 2 6 5
20140919 12 7 3 2 5 3
20140920 1 1 2 6 0 0
20140920 2 5 7 2 0 0
20140920 3 2 6 5 0 0
20140920 4 2 4 7 0 0
20140920 5 2 5 4 0 0
20140920 6 4 3 6 0 0
20140920 7 3 5 6 0 0
20140920 8 3 1 5 3 1
20140920 9 9 2 3 6 2
20140920 10 4 2 5 4 2
20140920 11 7 1 2 5 1
20140920 12 7 3 1 5 3
20140921 1 3 4 5 0 0
20140921 2 2 4 5 0 0
20140921 3 7 1 3 0 0
20140921 4 3 1 2 0 0
20140921 5 2 5 7 2 4
20140921 6 5 2 4 4 2
20140921 7 2 9 1 2 6
20140921 8 7 1 6 5 1
20140921 9 3 1 2 0 0
20140921 10 3 7 2 0 0
20140921 11 3 4 1 0 0
20140921 12 4 1 5 4 1
20141015 1 1 6 2 1 5
20141015 2 2 9 4 2 6
20141015 3 3 7 2 3 5
20141015 4 3 9 5 3 6
20141015 5 5 3 2 4 3
20141015 6 3 7 8 3 5
20141015 7 5 1 6 4 1
20141015 8 2 3 5 2 3
20141015 9 2 5 9 2 4
20141015 10 3 4 1 3 4
20141015 11 2 7 5 2 5
20141016 1 3 8 5 3 6
20141016 2 5 1 7 4 1
20141016 3 1 2 5 1 2
20141016 4 1 9 2 1 6
20141016 5 3 8 5 3 6
20141016 6 2 3 5 2 3
20141016 7 4 9 8 4 6
20141016 8 3 7 2 3 5
20141016 9 1 5 9 1 4
20141016 10 1 9 5 1 6
20141016 11 5 3 2 4 3
20141017 1 5 1 9 4 1
20141017 2 1 4 6 1 4
20141017 3 1 5 7 1 4
20141017 4 3 9 8 3 6
20141017 5 5 3 4 4 3
20141017 6 7 2 1 5 2
20141017 7 4 7 2 4 5
20141017 8 4 3 6 4 3
20141017 9 3 7 1 3 5
20141017 10 2 9 5 2 6
20141017 11 5 2 3 4 2
20141022 1 1 6 4 0 0
20141022 2 1 5 3 0 0
20141022 3 2 3 5 0 0
20141022 4 3 4 2 0 0
20141022 5 4 3 2 0 0
20141022 6 3 7 9 3 5
20141022 7 7 1 3 5 1
20141022 8 2 5 9 2 4
20141022 9 2 1 7 2 1
20141022 10 1 2 6 1 2
20141023 1 7 2 5 0 0
20141023 2 7 2 1 0 0
20141023 3 3 1 5 0 0
20141023 4 1 2 3 0 0
20141023 5 6 1 4 0 0
20141023 6 4 2 5 4 2
20141023 7 1 5 2 1 4
20141023 8 9 2 4 6 2
20141023 9 3 9 1 3 6
20141023 10 2 1 5 2 1
20141024 1 7 1 2 0 0
20141024 2 7 2 6 0 0
20141024 3 1 7 3 0 0
20141024 4 6 2 7 0 0
20141024 5 2 1 9 2 1
20141024 6 6 3 7 5 3
20141024 7 7 1 5 5 1
20141024 8 3 9 5 3 6
20141024 9 4 7 2 0 0
20141024 10 1 9 3 1 6
20141125 1 1 4 3 0 0
20141125 2 5 4 2 0 0
20141125 3 4 5 1 0 0
20141125 4 2 7 4 0 0
20141125 5 3 5 1 0 0
20141125 6 2 1 9 2 1
20141125 7 3 7 1 3 5
20141125 8 1 5 7 1 4
20141125 9 9 5 3 6 4
20141125 10 2 7 5 2 5
20141126 1 2 7 1 0 0
20141126 2 5 1 3 0 0
20141126 3 5 1 2 0 0
20141126 4 1 4 2 0 0
20141126 5 7 5 2 0 0
20141126 6 9 1 7 6 1
20141126 7 3 7 5 3 5
20141126 8 1 2 7 1 2
20141126 9 3 2 9 3 2
20141126 10 3 2 9 3 2
20141127 1 5 2 1 0 0
20141127 2 2 7 1 0 0
20141127 3 5 7 3 0 0
20141127 4 3 5 1 0 0
20141127 5 1 5 3 1 4
20141127 6 1 7 8 1 5
20141127 7 1 3 9 1 3
20141127 8 5 4 8 4 4
20141127 9 1 7 2 0 0
20141127 10 3 7 8 3 5
20141210 1 1 5 3 1 4
20141210 2 8 2 9 6 2
20141210 3 1 5 9 1 4
20141210 4 3 9 7 3 6
20141210 5 2 5 6 2 4
20141210 6 9 6 3 6 5
20141210 7 2 7 5 2 5
20141210 8 1 9 2 1 6
20141210 9 9 8 2 6 6
20141210 10 2 1 5 2 1
20141210 11 3 7 5 3 5
20141211 1 1 5 9 1 4
20141211 2 6 9 1 5 6
20141211 3 7 3 2 5 3
20141211 4 1 8 9 1 6
20141211 5 1 5 7 1 4
20141211 6 1 9 2 1 6
20141211 7 4 9 5 4 6
20141211 8 2 1 9 2 1
20141211 9 7 3 4 5 3
20141211 10 2 5 4 2 4
20141211 11 9 1 5 6 1
20141212 1 3 7 9 3 5
20141212 2 7 4 8 5 4
20141212 3 9 7 2 6 5
20141212 4 3 4 9 3 4
20141212 5 5 3 8 4 3
20141212 6 7 3 5 6 3
20141212 7 2 5 3 2 5
20141212 8 1 6 2 1 5
20141212 9 1 7 3 1 5
20141212 10 1 6 5 1 5
20141212 11 1 7 5 1 5
20141217 1 7 1 5 0 0
20141217 2 1 5 4 0 0
20141217 3 7 1 3 0 0
20141217 4 1 4 3 0 0
20141217 5 2 7 5 0 0
20141217 6 1 5 3 1 4
20141217 7 1 7 5 1 5
20141217 8 3 7 5 3 5
20141217 9 7 2 1 5 2
20141217 10 2 4 7 2 4
20141218 1 3 4 7 0 0
20141218 2 3 7 4 0 0
20141218 3 1 3 4 0 0
20141218 4 3 1 2 0 0
20141218 5 5 4 1 0 0
20141218 6 5 3 2 4 3
20141218 7 2 7 1 2 5
20141218 8 5 4 2 4 4
20141218 9 5 9 2 4 6
20141218 10 5 7 1 4 5
20141219 1 7 4 1 0 0
20141219 2 1 4 2 0 0
20141219 3 3 2 5 0 0
20141219 4 6 2 4 0 0
20141219 5 5 1 7 4 1
20141219 6 5 2 7 4 2
20141219 7 1 2 7 1 2
20141219 8 6 2 4 5 2
20141219 9 4 3 1 0 0
20141219 10 1 6 5 1 5
20150104 1 1 5 3 1 4
20150104 2 7 2 5 5 2
20150104 3 5 7 2 4 5
20150104 4 1 9 3 1 6
20150104 5 9 4 8 6 4
20150104 6 6 3 1 0 0
20150104 7 4 1 3 0 0
20150104 8 4 3 1 4 3
20150104 9 4 9 2 4 6
20150104 10 1 4 7 1 4
20150104 11 7 6 3 5 5
20150104 12 2 8 1 2 6
20150105 1 9 7 4 6 5
20150105 2 9 3 1 6 3
20150105 3 2 1 7 2 1
20150105 4 9 5 2 6 4
20150105 5 2 5 1 2 4
20150105 6 2 7 3 0 0
20150105 7 1 7 6 0 0
20150105 8 1 5 6 1 5
20150105 9 3 9 7 3 6
20150105 10 4 9 5 4 6
20150105 11 2 5 3 2 4
20150105 12 3 5 9 3 4
20150106 1 7 3 9 5 3
20150106 2 9 7 2 6 5
20150106 3 4 7 6 4 5
20150106 4 3 1 7 3 1
20150106 5 5 1 6 0 0
20150106 6 9 3 4 6 3
20150106 7 5 9 7 4 6
20150106 8 8 3 6 6 3
20150106 9 7 1 4 0 0
20150106 10 2 7 9 2 5
20150106 11 3 4 5 3 4
20150106 12 7 9 4 5 6
20150218 1 7 3 1 0 0
20150218 2 7 2 4 0 0
20150218 3 3 2 5 0 0
20150218 4 4 2 7 0 0
20150218 5 3 2 5 0 0
20150218 6 1 2 7 1 2
20150218 7 3 7 2 3 5
20150218 8 7 4 1 5 4
20150218 9 3 1 9 3 1
20150218 10 5 3 8 4 3
20150219 1 1 3 7 0 0
20150219 2 3 1 5 0 0
20150219 3 2 7 1 0 0
20150219 4 5 2 3 0 0
20150219 5 3 1 7 0 0
20150219 6 3 1 6 3 1
20150219 7 1 5 3 1 4
20150219 8 3 4 1 3 4
20150219 9 1 3 5 1 3
20150219 10 3 2 5 3 2
20150220 1 3 7 2 0 0
20150220 2 1 2 4 0 0
20150220 3 2 7 4 0 0
20150220 4 7 2 1 0 0
20150220 5 9 7 3 6 5
20150220 6 1 5 9 1 4
20150220 7 7 2 1 5 2
20150220 8 1 8 7 1 6
20150220 9 4 1 6 0 0
20150220 10 7 1 9 5 1
20150228 1 1 7 3 1 5
20150228 2 3 2 5 3 2
20150228 3 3 9 4 3 6
20150228 4 1 3 4 1 3
20150228 5 4 7 2 4 5
20150228 6 5 9 1 4 6
20150228 7 1 8 5 1 6
20150228 8 9 3 6 6 3
20150228 9 9 1 4 6 1
20150228 10 2 3 7 2 3
20150228 11 3 1 4 3 1
20150228 12 7 1 4 5 1
20150301 1 3 5 8 3 4
20150301 2 2 5 7 2 4
20150301 3 9 2 7 6 2
20150301 4 1 7 5 1 5
20150301 5 3 1 6 3 1
20150301 6 1 5 4 1 4
20150301 7 7 1 9 5 1
20150301 8 1 2 7 1 2
20150301 9 1 9 3 1 6
20150301 10 1 9 5 1 6
20150301 11 2 1 7 2 1
20150301 12 1 9 5 1 6
20150302 1 7 5 3 5 4
20150302 2 9 6 7 6 5
20150302 3 4 7 8 4 5
20150302 4 6 5 2 5 4
20150302 5 9 1 3 6 1
20150302 6 1 4 3 1 4
20150302 7 5 1 3 4 1
20150302 8 2 8 9 2 6
20150302 9 1 5 7 1 4
20150302 10 2 9 6 2 6
20150302 11 2 1 3 2 1
20150302 12 7 1 4 5 1
20150303 1 7 2 6 5 2
20150303 2 1 8 9 1 6
20150303 3 2 5 9 2 4
20150303 4 7 3 4 5 3
20150303 5 3 2 8 3 2
20150303 6 5 1 4 4 1
20150303 7 1 7 8 1 5
20150303 8 5 7 9 4 5
20150303 9 1 5 7 1 4
20150303 10 5 2 9 4 2
20150303 11 1 9 5 1 6
20150406 1 1 5 7 0 0
20150406 2 4 1 3 0 0
20150406 3 7 5 2 0 0
20150406 4 5 1 2 0 0
20150406 5 3 2 7 0 0
20150406 6 3 8 2 3 6
20150406 7 1 4 8 1 4
20150406 8 3 5 7 3 4
20150406 9 3 7 5 3 5
20150406 10 2 7 8 2 5
20150407 1 7 1 4 0 0
20150407 2 1 7 4 0 0
20150407 3 5 2 7 0 0
20150407 4 4 5 6 0 0
20150407 5 1 2 3 0 0
20150407 6 4 1 5 4 1
20150407 7 4 9 8 4 6
20150407 8 5 3 4 4 3
20150407 9 5 1 9 4 1
20150407 10 5 7 3 4 5
20150408 1 2 7 4 0 0
20150408 2 2 3 5 0 0
20150408 3 1 2 4 0 0
20150408 4 2 1 5 0 0
20150408 5 6 1 4 5 1
20150408 6 4 2 1 4 2
20150408 7 1 9 5 1 6
20150408 8 2 3 9 2 3
20150408 9 2 3 1 0 0
20150408 10 2 1 9 2 1
20150413 1 1 7 4 1 5
20150413 2 2 9 7 2 6
20150413 3 2 3 7 2 3
20150413 4 7 1 9 5 1
20150413 5 5 4 7 4 4
20150413 6 3 2 4 3 2
20150413 7 2 1 7 2 1
20150413 8 3 7 2 3 5
20150413 9 5 3 9 4 3
20150413 10 5 3 8 4 3
20150413 11 7 1 9 5 1
20150414 1 9 2 1 6 2
20150414 2 5 3 9 4 3
20150414 3 5 1 9 4 1
20150414 4 7 2 8 5 2
20150414 5 1 2 6 1 2
20150414 6 2 3 8 2 3
20150414 7 1 3 7 1 3
20150414 8 2 5 9 2 4
20150414 9 1 9 2 1 6
20150414 10 5 1 9 4 1
20150414 11 2 7 3 2 5
20150415 1 3 1 4 3 1
20150415 2 3 9 7 3 6
20150415 3 1 3 7 1 3
20150415 4 7 1 8 5 1
20150415 5 9 1 6 6 1
20150415 6 1 7 9 1 5
20150415 7 6 5 9 5 4
20150415 8 1 2 5 1 2
20150415 9 3 7 1 3 5
20150415 10 2 9 7 2 6
20150415 11 8 1 3 6 1
20150610 1 1 2 5 1 2
20150610 2 3 5 9 3 4
20150610 3 9 2 1 6 2
20150610 4 5 1 2 4 1
20150610 5 3 8 2 3 6
20150610 6 9 7 4 6 5
20150610 7 9 2 6 6 2
20150610 8 1 7 4 1 5
20150610 9 1 7 9 1 5
20150610 10 1 5 7 1 4
20150610 11 3 8 6 3 6
20150611 1 1 5 7 1 4
20150611 2 4 7 2 4 5
20150611 3 3 8 4 3 6
20150611 4 3 2 8 3 2
20150611 5 1 5 7 1 4
20150611 6 9 3 7 6 3
20150611 7 2 7 9 2 5
20150611 8 7 8 2 5 6
20150611 9 1 4 9 1 4
20150611 10 1 7 3 1 5
20150611 11 1 5 3 1 4
20150612 1 5 9 6 4 6
20150612 2 2 1 9 2 1
20150612 3 1 7 5 1 5
20150612 4 7 3 8 5 3
20150612 5 4 7 3 4 5
20150612 6 5 3 6 4 3
20150612 7 1 7 5 1 5
20150612 8 1 9 5 1 6
20150612 9 7 2 1 5 2
20150612 10 9 2 1 6 2
20150612 11 5 8 4 4 6
20150625 1 4 2 3 0 0
20150625 2 5 7 2 0 0
20150625 3 1 7 3 0 0
20150625 4 4 1 3 0 0
20150625 5 5 1 3 0 0
20150625 6 7 1 2 0 0
20150625 7 3 4 1 0 0
20150625 8 1 7 8 1 5
20150625 9 6 7 5 5 5
20150625 10 1 7 5 1 5
20150625 11 3 5 1 3 4
20150625 12 3 5 4 3 4
20150626 1 2 4 1 0 0
20150626 2 5 2 1 0 0
20150626 3 1 2 5 0 0
20150626 4 7 1 4 0 0
20150626 5 4 5 2 0 0
20150626 6 1 6 2 0 0
20150626 7 3 2 7 0 0
20150626 8 2 4 7 2 4
20150626 9 7 3 5 5 3
20150626 10 1 3 4 1 3
20150626 11 2 3 4 2 3
20150626 12 4 1 7 4 1
20150627 1 7 2 1 0 0
20150627 2 4 2 6 0 0
20150627 3 3 6 4 0 0
20150627 4 1 6 7 0 0
20150627 5 1 2 7 1 2
20150627 6 5 2 3 4 2
20150627 7 3 4 9 3 4
20150627 8 7 3 6 5 3
20150627 9 3 1 5 0 0
20150627 10 4 6 1 0 0
20150627 11 7 4 2 0 0
20150627 12 1 4 3 1 4
