20120118 1 1 4 6 0 0
20120118 2 3 7 5 0 0
20120118 3 4 1 7 0 0
20120118 4 1 3 2 0 0
20120118 5 5 3 7 0 0
20120118 6 1 5 9 1 4
20120118 7 5 2 7 4 2
20120118 8 8 2 7 6 2
20120118 9 3 1 9 3 1
20120118 10 5 2 9 4 2
20120118 11 5 7 1 4 5
20120119 1 7 4 1 0 0
20120119 2 3 6 4 0 0
20120119 3 3 2 6 0 0
20120119 4 1 7 4 0 0
20120119 5 3 7 1 0 0
20120119 6 8 2 5 6 2
20120119 7 9 7 2 6 5
20120119 8 1 7 4 1 5
20120119 9 2 6 1 2 5
20120119 10 1 9 3 1 6
20120119 11 5 7 1 4 5
20120120 1 3 5 2 0 0
20120120 2 3 2 4 0 0
20120120 3 3 1 7 0 0
20120120 4 1 3 5 0 0
20120120 5 3 2 5 3 2
20120120 6 5 3 2 4 3
20120120 7 5 7 6 4 5
20120120 8 6 2 3 5 2
20120120 9 2 7 9 2 5
20120120 10 3 4 5 0 0
20120120 11 3 2 7 3 2
20120130 1 4 3 5 4 3
20120130 2 9 1 3 6 1
20120130 3 7 2 3 5 2
20120130 4 3 1 5 3 1
20120130 5 3 7 6 3 5
20120130 6 8 4 2 6 4
20120130 7 2 9 5 2 6
20120130 8 2 5 3 2 4
20120130 9 1 7 9 1 5
20120130 10 5 1 4 4 1
20120130 11 2 1 9 2 1
20120130 12 4 9 3 4 6
20120131 1 5 3 2 4 3
20120131 2 3 7 8 3 5
20120131 3 2 7 1 2 5
20120131 4 3 7 8 3 5
20120131 5 7 2 3 5 2
20120131 6 9 6 4 6 5
20120131 7 1 4 2 1 4
20120131 8 1 2 4 1 2
20120131 9 1 7 8 1 5
20120131 10 9 4 5 6 4
20120131 11 9 2 4 6 2
20120131 12 1 7 4 1 5
20120201 1 1 2 3 1 2
20120201 2 2 7 4 2 5
20120201 3 2 7 9 2 5
20120201 4 5 1 2 4 1
20120201 5 9 1 4 6 1
20120201 6 9 6 2 6 5
20120201 7 2 4 9 2 4
20120201 8 2 7 5 2 5
20120201 9 9 3 5 6 3
20120201 10 3 2 7 3 2
20120201 11 2 1 6 2 1
20120201 12 3 4 5 3 4
20120314 1 5 3 2 0 0
20120314 2 5 1 3 0 0
20120314 3 1 5 2 0 0
20120314 4 5 1 3 0 0
20120314 5 3 1 7 0 0
20120314 6 9 7 1 6 5
20120314 7 3 9 7 3 6
20120314 8 4 6 3 4 5
20120314 9 2 7 3 2 5
20120314 10 1 5 3 1 4
20120314 11 2 3 9 2 3
20120315 1 7 4 3 0 0
20120315 2 1 3 5 0 0
20120315 3 5 3 2 0 0
20120315 4 4 7 6 0 0
20120315 5 1 5 3 0 0
20120315 6 5 3 2 0 0
20120315 7 5 2 7 4 2
20120315 8 8 1 7 6 1
20120315 9 3 2 5 3 2
20120315 10 1 5 7 1 4
20120315 11 5 2 1 4 2
20120316 1 1 7 5 0 0
20120316 2 2 4 7 0 0
20120316 3 1 5 6 0 0
20120316 4 1 4 7 0 0
20120316 5 3 1 9 3 1
20120316 6 7 2 9 5 2
20120316 7 1 7 9 1 5
20120316 8 7 5 3 5 4
20120316 9 3 5 1 3 4
20120316 10 2 1 6 0 0
20120316 11 7 1 9 5 1
20120328 1 3 5 1 3 4
20120328 2 7 3 9 5 3
20120328 3 3 8 9 3 6
20120328 4 1 4 3 1 4
20120328 5 6 1 9 5 1
20120328 6 2 3 9 2 3
20120328 7 3 7 5 3 5
20120328 8 8 1 3 6 1
20120328 9 1 2 7 1 2
20120328 10 4 3 7 4 3
20120328 11 1 7 2 1 5
20120328 12 9 1 8 6 1
20120329 1 7 4 3 5 4
20120329 2 1 3 7 1 3
20120329 3 2 1 9 2 1
20120329 4 3 7 1 3 5
20120329 5 5 9 4 4 6
20120329 6 3 7 4 3 5
20120329 7 1 2 3 1 2
20120329 8 2 1 9 2 1
20120329 9 7 4 1 5 4
20120329 10 1 7 9 1 5
20120329 11 8 1 9 6 1
20120329 12 3 2 9 3 2
20120330 1 9 3 7 6 3
20120330 2 5 3 6 4 3
20120330 3 9 2 7 6 2
20120330 4 7 1 4 5 1
20120330 5 6 9 1 5 6
20120330 6 1 5 4 1 5
20120330 7 3 7 4 3 6
20120330 8 1 6 2 1 5
20120330 9 3 1 2 3 1
20120330 10 1 2 9 1 2
20120330 11 3 7 8 3 5
20120330 12 8 3 2 6 3
20120403 1 3 8 9 3 6
20120403 2 3 9 5 3 6
20120403 3 2 9 7 2 6
20120403 4 9 2 5 6 2
20120403 5 5 7 3 4 5
20120403 6 7 1 9 5 1
20120403 7 2 5 9 2 4
20120403 8 1 9 8 1 6
20120403 9 9 7 3 6 5
20120403 10 2 5 1 2 4
20120403 11 7 1 2 5 1
20120403 12 9 5 4 6 4
20120404 1 3 6 9 3 5
20120404 2 5 7 9 4 5
20120404 3 5 7 1 4 5
20120404 4 2 3 4 2 3
20120404 5 7 3 9 5 3
20120404 6 7 3 1 5 3
20120404 7 3 6 1 3 5
20120404 8 5 2 9 4 2
20120404 9 4 6 8 4 5
20120404 10 2 1 6 2 1
20120404 11 3 5 7 3 4
20120404 12 9 5 1 6 4
20120405 1 1 3 5 1 3
20120405 2 5 9 6 4 6
20120405 3 2 3 4 2 3
20120405 4 2 9 1 2 6
20120405 5 7 1 8 5 1
20120405 6 7 3 5 6 3
20120405 7 3 1 2 3 1
20120405 8 2 5 3 2 4
20120405 9 3 7 9 3 5
20120405 10 5 1 6 4 1
20120405 11 2 1 9 2 1
20120405 12 3 1 4 3 1
20120416 1 5 1 4 0 0
20120416 2 3 7 2 0 0
20120416 3 1 3 7 0 0
20120416 4 4 1 5 0 0
20120416 5 4 7 1 0 0
20120416 6 5 7 1 4 5
20120416 7 6 7 1 5 5
20120416 8 1 2 7 1 2
20120416 9 3 5 1 3 4
20120416 10 1 9 4 1 6
20120416 11 9 2 1 6 2
20120417 1 3 2 7 0 0
20120417 2 7 2 4 0 0
20120417 3 1 3 7 0 0
20120417 4 5 7 3 0 0
20120417 5 4 5 7 0 0
20120417 6 2 9 3 2 6
20120417 7 2 9 3 2 6
20120417 8 7 3 9 5 3
20120417 9 5 7 1 4 5
20120417 10 3 1 6 3 1
20120417 11 3 9 1 3 6
20120418 1 4 3 2 0 0
20120418 2 2 7 1 0 0
20120418 3 6 4 2 0 0
20120418 4 3 5 2 0 0
20120418 5 3 5 8 3 4
20120418 6 7 3 2 5 3
20120418 7 3 5 7 3 4
20120418 8 9 2 1 6 2
20120418 9 3 2 1 3 2
20120418 10 7 1 5 0 0
20120418 11 7 4 8 5 4
20120509 1 2 5 7 2 4
20120509 2 1 5 2 1 4
20120509 3 5 1 8 4 1
20120509 4 2 9 3 2 6
20120509 5 6 3 9 5 3
20120509 6 5 7 8 4 5
20120509 7 2 9 7 2 6
20120509 8 1 3 2 1 3
20120509 9 1 3 7 1 3
20120509 10 5 1 2 4 1
20120509 11 2 9 4 2 6
20120509 12 9 2 7 6 2
20120510 1 1 5 4 1 4
20120510 2 5 9 2 4 6
20120510 3 3 9 1 3 6
20120510 4 9 3 5 6 3
20120510 5 2 5 9 2 4
20120510 6 8 3 7 6 3
20120510 7 3 8 1 3 6
20120510 8 8 2 3 6 2
20120510 9 1 2 4 1 2
20120510 10 8 3 2 6 3
20120510 11 7 5 9 5 4
20120510 12 2 7 3 2 5
20120511 1 5 9 3 4 6
20120511 2 7 5 2 5 4
20120511 3 5 1 2 4 1
20120511 4 1 9 7 1 6
20120511 5 2 7 3 2 5
20120511 6 5 7 9 4 5
20120511 7 4 9 7 4 6
20120511 8 2 3 4 2 3
20120511 9 5 2 9 4 2
20120511 10 2 4 9 2 4
20120511 11 3 1 4 3 1
20120511 12 3 2 1 3 2
20120526 1 2 4 1 0 0
20120526 2 5 2 4 0 0
20120526 3 7 4 2 0 0
20120526 4 6 5 3 0 0
20120526 5 1 5 2 0 0
20120526 6 2 1 7 2 1
20120526 7 1 3 2 1 3
20120526 8 9 2 5 6 2
20120526 9 1 9 5 1 6
20120526 10 4 9 6 4 6
20120526 11 7 8 4 5 6
20120527 1 3 2 7 0 0
20120527 2 6 2 4 0 0
20120527 3 3 7 4 0 0
20120527 4 3 1 4 0 0
20120527 5 3 7 1 0 0
20120527 6 7 4 3 5 4
20120527 7 7 2 9 5 2
20120527 8 3 9 6 3 6
20120527 9 3 4 1 3 4
20120527 10 9 2 3 6 2
20120527 11 7 1 4 5 1
20120528 1 3 5 4 0 0
20120528 2 7 3 4 0 0
20120528 3 5 2 1 0 0
20120528 4 2 6 4 0 0
20120528 5 5 7 2 4 5
20120528 6 9 1 5 6 1
20120528 7 1 5 3 1 4
20120528 8 9 3 4 6 3
20120528 9 3 4 1 3 4
20120528 10 7 3 5 0 0
20120528 11 7 3 1 5 3
20120607 1 5 2 1 0 0
20120607 2 3 1 7 0 0
20120607 3 1 5 3 0 0
20120607 4 3 4 1 0 0
20120607 5 1 7 2 0 0
20120607 6 7 5 9 5 4
20120607 7 9 1 5 6 1
20120607 8 3 4 8 3 4
20120607 9 9 1 7 6 1
20120607 10 7 1 2 5 1
20120607 11 7 3 4 5 3
20120608 1 5 1 7 0 0
20120608 2 5 2 1 0 0
20120608 3 2 7 1 0 0
20120608 4 2 7 1 0 0
20120608 5 3 5 1 0 0
20120608 6 5 1 4 4 1
20120608 7 4 3 1 4 3
20120608 8 3 7 5 3 5
20120608 9 1 7 9 1 5
20120608 10 5 2 9 4 2
20120608 11 1 9 2 1 6
20120609 1 7 2 3 0 0
20120609 2 4 3 5 0 0
20120609 3 2 7 5 0 0
20120609 4 5 2 7 0 0
20120609 5 5 2 7 4 2
20120609 6 3 8 7 3 6
20120609 7 1 7 3 1 5
20120609 8 1 9 7 1 6
20120609 9 7 2 1 5 2
20120609 10 5 4 2 0 0
20120609 11 3 9 2 3 6
20120709 1 1 3 2 0 0
20120709 2 7 3 2 0 0
20120709 3 3 5 7 0 0
20120709 4 5 7 4 0 0
20120709 5 2 5 7 0 0
20120709 6 2 5 3 2 4
20120709 7 5 1 7 4 1
20120709 8 9 2 5 6 2
20120709 9 1 7 4 1 5
20120709 10 5 1 9 4 1
20120709 11 1 8 9 1 6
20120710 1 2 5 6 0 0
20120710 2 3 1 6 0 0
20120710 3 1 2 5 0 0
20120710 4 7 4 3 0 0
20120710 5 3 2 4 0 0
20120710 6 7 9 2 5 6
20120710 7 8 7 9 6 5
20120710 8 1 7 8 1 5
20120710 9 3 2 7 3 2
20120710 10 1 2 7 1 2
20120710 11 6 1 3 5 1
20120711 1 7 2 5 0 0
20120711 2 4 2 7 0 0
20120711 3 1 4 2 0 0
20120711 4 2 4 5 0 0
20120711 5 2 4 1 2 4
20120711 6 1 6 3 1 5
20120711 7 3 8 2 3 6
20120711 8 2 9 7 2 6
20120711 9 7 4 3 5 4
20120711 10 2 1 3 0 0
20120711 11 3 5 2 3 4
20120801 1 2 7 5 2 5
20120801 2 5 1 9 4 1
20120801 3 7 1 4 5 1
20120801 4 2 9 1 2 6
20120801 5 1 3 8 1 3
20120801 6 2 4 7 2 4
20120801 7 9 2 3 6 2
20120801 8 9 1 4 6 1
20120801 9 2 1 5 2 1
20120801 10 5 2 1 4 2
20120801 11 1 5 7 1 4
20120802 1 5 1 3 4 1
20120802 2 3 2 4 3 2
20120802 3 3 1 7 3 1
20120802 4 7 8 3 5 6
20120802 5 9 3 1 6 3
20120802 6 3 7 1 3 5
20120802 7 8 1 3 6 1
20120802 8 8 2 3 6 2
20120802 9 2 3 4 2 3
20120802 10 2 1 6 2 1
20120802 11 7 2 3 5 2
20120803 1 4 6 3 4 5
20120803 2 1 9 8 1 6
20120803 3 3 1 5 3 1
20120803 4 7 1 5 5 1
20120803 5 1 7 5 1 5
20120803 6 3 5 7 3 4
20120803 7 3 1 4 3 1
20120803 8 7 1 5 5 1
20120803 9 5 3 2 4 3
20120803 10 1 5 2 1 4
20120803 11 3 9 2 3 6
20120823 1 7 3 6 0 0
20120823 2 5 1 7 0 0
20120823 3 3 5 7 0 0
20120823 4 1 5 7 0 0
20120823 5 3 2 5 0 0
20120823 6 8 1 5 6 1
20120823 7 5 7 1 4 5
20120823 8 4 9 1 4 6
20120823 9 5 9 1 4 6
20120823 10 1 3 5 1 3
20120823 11 7 1 5 5 1
20120824 1 2 3 1 0 0
20120824 2 7 1 4 0 0
20120824 3 2 5 3 0 0
20120824 4 1 4 6 0 0
20120824 5 1 4 2 0 0
20120824 6 2 9 1 2 6
20120824 7 5 3 1 4 3
20120824 8 7 2 5 5 2
20120824 9 3 1 2 0 0
20120824 10 3 2 5 3 2
20120824 11 2 1 9 2 1
20120825 1 4 2 5 0 0
20120825 2 2 7 5 0 0
20120825 3 1 7 5 0 0
20120825 4 7 5 6 0 0
20120825 5 1 5 3 1 4
20120825 6 9 3 8 6 3
20120825 7 4 9 7 4 6
20120825 8 4 9 2 4 6
20120825 9 3 6 7 3 5
20120825 10 2 4 7 0 0
20120825 11 9 3 5 6 3
20120903 1 5 1 2 0 0
20120903 2 2 4 6 0 0
20120903 3 2 1 7 0 0
20120903 4 5 3 7 0 0
20120903 5 1 3 5 0 0
20120903 6 3 4 2 3 4
20120903 7 5 1 2 4 1
20120903 8 2 7 8 2 5
20120903 9 5 9 2 4 6
20120903 10 5 7 8 4 5
20120903 11 5 7 3 4 5
20120904 1 1 2 7 0 0
20120904 2 5 2 6 0 0
20120904 3 3 5 4 0 0
20120904 4 7 1 5 0 0
20120904 5 3 2 7 0 0
20120904 6 2 5 1 2 4
20120904 7 1 7 8 1 5
20120904 8 9 6 5 6 5
20120904 9 5 3 8 4 3
20120904 10 2 1 4 2 1
20120904 11 3 5 7 3 4
20120905 1 5 1 3 0 0
20120905 2 2 5 1 0 0
20120905 3 2 3 4 0 0
20120905 4 4 3 1 0 0
20120905 5 2 1 9 2 1
20120905 6 5 9 6 4 6
20120905 7 2 7 4 2 5
20120905 8 2 8 4 2 6
20120905 9 5 4 7 4 4
20120905 10 3 5 2 0 0
20120905 11 7 1 4 5 1
20120922 1 2 9 4 2 6
20120922 2 8 7 1 6 5
20120922 3 3 1 8 3 1
20120922 4 2 9 5 2 6
20120922 5 7 9 1 5 6
20120922 6 9 2 4 6 2
20120922 7 3 9 6 3 6
20120922 8 5 1 4 4 1
20120922 9 2 7 4 2 5
20120922 10 9 7 2 6 5
20120922 11 2 9 3 2 6
20120923 1 3 7 9 3 5
20120923 2 5 7 1 4 5
20120923 3 7 2 8 5 2
20120923 4 5 2 4 4 2
20120923 5 2 7 1 2 5
20120923 6 3 2 1 3 2
20120923 7 5 2 4 4 2
20120923 8 7 1 5 5 1
20120923 9 1 7 2 1 5
20120923 10 1 9 8 1 6
20120923 11 1 9 8 1 6
20120924 1 9 1 8 6 1
20120924 2 9 8 5 6 6
20120924 3 5 7 3 4 5
20120924 4 1 9 8 1 6
20120924 5 5 2 6 4 2
20120924 6 7 1 2 5 1
20120924 7 3 2 4 3 2
20120924 8 7 2 9 5 2
20120924 9 2 5 1 2 4
20120924 10 3 2 1 3 2
20120924 11 2 9 4 2 6
20120925 1 3 1 2 3 1
20120925 2 9 7 4 6 5
20120925 3 9 1 5 6 1
20120925 4 6 7 2 5 5
20120925 5 5 3 9 4 3
20120925 6 2 5 7 2 4
20120925 7 8 2 7 6 2
20120925 8 4 6 1 4 5
20120925 9 5 2 8 4 2
20120925 10 9 3 5 6 3
20120925 11 9 3 2 6 3
20121013 1 5 3 2 0 0
20121013 2 7 2 5 0 0
20121013 3 7 1 4 0 0
20121013 4 3 7 5 0 0
20121013 5 3 2 1 0 0
20121013 6 3 8 9 3 6
20121013 7 9 4 1 6 4
20121013 8 5 1 9 4 1
20121013 9 3 5 7 3 4
20121013 10 3 5 4 3 4
20121013 11 2 3 4 2 3
20121014 1 7 2 5 0 0
20121014 2 1 5 7 0 0
20121014 3 2 4 5 0 0
20121014 4 5 3 1 0 0
20121014 5 7 1 6 0 0
20121014 6 1 7 9 1 5
20121014 7 3 6 5 0 0
20121014 8 2 1 7 2 1
20121014 9 1 9 4 1 6
20121014 10 5 2 7 4 2
20121014 11 5 1 8 4 1
20121015 1 2 5 1 0 0
20121015 2 7 5 3 0 0
20121015 3 3 4 5 0 0
20121015 4 2 5 7 0 0
20121015 5 5 6 1 4 5
20121015 6 2 4 9 2 4
20121015 7 9 7 8 6 5
20121015 8 1 3 8 1 3
20121015 9 9 3 7 6 3
20121015 10 3 4 2 0 0
20121015 11 2 7 5 2 5
20121029 1 3 2 4 0 0
20121029 2 5 3 1 0 0
20121029 3 5 2 1 0 0
20121029 4 3 1 6 0 0
20121029 5 1 4 3 0 0
20121029 6 2 9 7 2 6
20121029 7 3 1 4 0 0
20121029 8 9 3 6 6 3
20121029 9 7 1 5 5 1
20121029 10 7 1 3 5 1
20121029 11 7 3 2 5 3
20121030 1 2 5 7 0 0
20121030 2 2 3 5 0 0
20121030 3 3 1 5 0 0
20121030 4 1 5 2 0 0
20121030 5 7 2 4 0 0
20121030 6 7 3 8 5 3
20121030 7 7 3 4 5 3
20121030 8 3 5 8 3 4
20121030 9 9 2 3 6 2
20121030 10 2 7 9 2 5
20121030 11 1 9 4 1 6
20121031 1 2 5 7 0 0
20121031 2 5 2 6 0 0
20121031 3 3 1 5 0 0
20121031 4 2 4 6 0 0
20121031 5 2 9 3 2 6
20121031 6 5 1 9 4 1
20121031 7 1 7 4 1 5
20121031 8 1 3 9 1 3
20121031 9 1 5 2 1 4
20121031 10 3 7 1 0 0
20121031 11 3 5 9 3 4
20121105 1 5 1 3 0 0
20121105 2 7 1 3 0 0
20121105 3 3 1 7 0 0
20121105 4 1 3 4 0 0
20121105 5 2 4 1 0 0
20121105 6 2 6 7 2 5
20121105 7 2 1 5 2 1
20121105 8 4 3 2 4 3
20121105 9 2 9 5 2 6
20121105 10 5 2 7 4 2
20121105 11 6 5 2 5 4
20121106 1 2 5 1 0 0
20121106 2 4 3 1 0 0
20121106 3 3 7 4 0 0
20121106 4 3 5 6 0 0
20121106 5 2 7 1 0 0
20121106 6 5 3 6 4 3
20121106 7 5 8 2 4 6
20121106 8 2 3 7 2 3
20121106 9 1 7 4 1 5
20121106 10 1 2 3 1 2
20121106 11 5 3 2 4 3
20121107 1 2 7 4 0 0
20121107 2 1 5 4 0 0
20121107 3 3 1 6 0 0
20121107 4 5 2 7 0 0
20121107 5 7 9 2 5 6
20121107 6 3 4 6 3 4
20121107 7 1 3 2 1 3
20121107 8 1 7 5 1 5
20121107 9 5 1 2 4 1
20121107 10 1 2 7 0 0
20121107 11 1 9 3 1 6
20121113 1 9 5 3 6 4
20121113 2 1 9 7 1 6
20121113 3 9 5 1 6 4
20121113 4 7 2 4 5 2
20121113 5 3 7 9 3 5
20121113 6 4 5 6 4 4
20121113 7 7 1 3 5 1
20121113 8 1 7 2 1 5
20121113 9 5 1 8 4 1
20121113 10 3 9 1 3 6
20121113 11 1 8 7 1 6
20121114 1 9 3 7 6 3
20121114 2 7 9 4 5 6
20121114 3 7 5 1 5 4
20121114 4 7 4 9 5 4
20121114 5 5 4 9 4 4
20121114 6 7 1 9 5 1
20121114 7 1 5 3 1 5
20121114 8 5 4 8 4 4
20121114 9 7 8 5 5 6
20121114 10 3 2 7 3 2
20121114 11 3 1 9 3 1
20121115 1 9 7 3 6 5
20121115 2 7 3 9 5 3
20121115 3 3 1 7 3 1
20121115 4 5 1 3 4 1
20121115 5 3 1 7 3 1
20121115 6 2 8 4 2 6
20121115 7 7 3 4 5 3
20121115 8 2 3 4 2 3
20121115 9 3 8 2 3 6
20121115 10 9 3 6 6 3
20121115 11 5 3 1 4 3
20121203 1 3 1 5 0 0
20121203 2 1 2 7 0 0
20121203 3 7 3 2 0 0
20121203 4 7 2 5 0 0
20121203 5 5 2 3 0 0
20121203 6 5 2 1 4 2
20121203 7 1 6 5 1 5
20121203 8 5 1 3 4 1
20121203 9 1 5 7 1 4
20121203 10 9 3 4 6 3
20121203 11 1 7 8 1 5
20121204 1 2 3 5 0 0
20121204 2 3 1 5 0 0
20121204 3 1 7 3 0 0
20121204 4 5 2 3 0 0
20121204 5 7 3 2 0 0
20121204 6 9 1 6 6 1
20121204 7 2 9 7 2 6
20121204 8 7 2 9 5 2
20121204 9 5 9 4 4 6
20121204 10 1 7 5 1 5
20121204 11 3 2 1 3 2
20121205 1 5 1 2 0 0
20121205 2 3 1 4 0 0
20121205 3 1 5 6 0 0
20121205 4 5 7 2 0 0
20121205 5 3 2 9 3 2
20121205 6 4 1 3 4 1
20121205 7 1 3 2 1 3
20121205 8 2 3 9 2 3
20121205 9 7 1 4 0 0
20121205 10 2 1 6 0 0
20121205 11 2 8 7 2 6
20130104 1 2 7 1 0 0
20130104 2 1 4 5 0 0
20130104 3 5 3 1 0 0
20130104 4 2 1 7 0 0
20130104 5 3 4 7 0 0
20130104 6 7 2 8 5 2
20130104 7 9 1 4 6 1
20130104 8 8 7 2 6 5
20130104 9 7 1 4 5 1
20130104 10 1 3 5 1 3
20130104 11 5 1 6 4 1
20130105 1 2 7 4 0 0
20130105 2 5 1 2 0 0
20130105 3 5 2 1 0 0
20130105 4 7 3 5 0 0
20130105 5 7 1 4 0 0
20130105 6 7 1 3 5 1
20130105 7 2 5 7 2 4
20130105 8 9 2 5 6 2
20130105 9 7 2 6 5 2
20130105 10 1 5 3 1 4
20130105 11 1 2 6 1 2
20130106 1 5 4 2 0 0
20130106 2 1 2 4 0 0
20130106 3 5 1 3 0 0
20130106 4 4 7 2 0 0
20130106 5 7 1 8 5 1
20130106 6 2 9 1 2 6
20130106 7 2 5 9 2 4
20130106 8 2 4 8 2 4
20130106 9 5 3 1 4 3
20130106 10 2 5 3 0 0
20130106 11 3 2 9 3 2
20130109 1 9 1 2 6 1
20130109 2 5 7 9 4 5
20130109 3 2 9 3 2 6
20130109 4 3 7 1 3 5
20130109 5 2 9 5 2 6
20130109 6 1 5 2 1 4
20130109 7 9 7 5 6 5
20130109 8 7 2 8 5 2
20130109 9 7 5 8 5 4
20130109 10 5 4 1 4 4
20130109 11 5 8 3 4 6
20130110 1 2 5 9 2 4
20130110 2 6 9 7 5 6
20130110 3 9 5 1 6 4
20130110 4 8 3 7 6 3
20130110 5 3 7 2 3 5
20130110 6 7 1 8 5 1
20130110 7 8 7 3 6 5
20130110 8 2 1 7 2 1
20130110 9 2 7 4 2 5
20130110 10 1 6 3 1 5
20130110 11 9 1 3 6 1
20130111 1 2 9 4 2 6
20130111 2 7 1 5 5 1
20130111 3 5 9 2 4 6
20130111 4 3 9 2 3 6
20130111 5 1 9 5 1 6
20130111 6 8 1 9 6 1
20130111 7 3 4 2 3 4
20130111 8 8 2 7 6 2
20130111 9 1 7 9 1 5
20130111 10 1 5 4 1 4
20130111 11 3 7 2 3 5
20130215 1 4 3 1 0 0
20130215 2 1 3 4 0 0
20130215 3 4 7 6 0 0
20130215 4 2 4 1 0 0
20130215 5 7 3 2 6 3
20130215 6 1 9 4 0 0
20130215 7 6 1 5 5 1
20130215 8 1 4 6 1 4
20130215 9 1 7 5 1 5
20130215 10 6 4 3 0 0
20130215 11 8 6 2 6 5
20130325 1 3 9 8 3 6
20130325 2 1 9 5 1 6
20130325 3 9 6 5 6 5
20130325 4 3 5 1 3 4
20130325 5 7 3 2 5 3
20130325 6 5 1 3 4 1
20130325 7 9 8 5 6 6
20130325 8 3 2 7 3 2
20130325 9 3 7 1 3 5
20130325 10 5 1 7 4 1
20130325 11 2 4 9 2 4
20130326 1 6 1 9 5 1
20130326 2 2 3 4 2 3
20130326 3 9 5 7 6 4
20130326 4 1 5 7 1 4
20130326 5 1 3 7 1 3
20130326 6 7 1 3 5 1
20130326 7 5 3 4 4 3
20130326 8 1 7 3 1 5
20130326 9 7 1 2 5 1
20130326 10 3 7 1 3 5
20130326 11 1 5 7 1 4
20130327 1 7 3 1 5 3
20130327 2 2 3 7 2 3
20130327 3 3 5 1 3 4
20130327 4 2 5 1 2 4
20130327 5 8 9 1 6 6
20130327 6 1 7 4 1 6
20130327 7 2 4 1 2 4
20130327 8 2 6 5 2 5
20130327 9 6 7 3 5 5
20130327 10 5 9 2 4 6
20130327 11 2 6 3 2 5
20130401 1 7 1 4 5 1
20130401 2 5 2 7 4 2
20130401 3 9 5 2 6 4
20130401 4 9 5 3 6 4
20130401 5 1 7 2 1 5
20130401 6 6 7 2 5 5
20130401 7 2 4 7 2 4
20130401 8 9 2 5 6 2
20130401 9 3 9 5 3 6
20130401 10 7 3 1 5 3
20130401 11 6 1 9 5 1
20130402 1 7 5 2 5 4
20130402 2 7 1 5 5 1
20130402 3 5 6 2 4 5
20130402 4 9 4 5 6 4
20130402 5 1 3 2 1 3
20130402 6 2 5 3 2 4
20130402 7 8 1 2 6 1
20130402 8 9 3 5 6 3
20130402 9 3 1 8 3 1
20130402 10 7 8 5 5 6
20130402 11 9 1 7 6 1
20130403 1 9 3 5 6 3
20130403 2 5 1 4 4 1
20130403 3 1 3 5 1 3
20130403 4 1 9 2 1 6
20130403 5 3 7 9 3 5
20130403 6 5 2 8 4 2
20130403 7 5 6 3 4 5
20130403 8 9 6 2 6 5
20130403 9 5 7 2 4 5
20130403 10 1 2 3 1 2
20130403 11 2 3 9 2 3
20130424 1 7 4 3 0 0
20130424 2 2 7 1 0 0
20130424 3 3 7 1 0 0
20130424 4 2 7 6 0 0
20130424 5 1 5 2 0 0
20130424 6 3 2 7 3 2
20130424 7 7 1 3 5 1
20130424 8 5 2 3 4 2
20130424 9 9 3 4 6 3
20130424 10 7 2 1 5 2
20130425 1 1 3 2 0 0
20130425 2 5 2 4 0 0
20130425 3 7 4 5 0 0
20130425 4 2 1 5 0 0
20130425 5 7 2 4 0 0
20130425 6 2 5 9 2 4
20130425 7 1 2 9 1 2
20130425 8 7 1 9 5 1
20130425 9 1 9 2 1 6
20130425 10 1 2 4 1 2
20130426 1 1 5 7 0 0
20130426 2 1 6 2 0 0
20130426 3 2 3 4 0 0
20130426 4 7 5 2 0 0
20130426 5 9 2 1 6 2
20130426 6 1 2 7 1 2
20130426 7 6 4 7 5 4
20130426 8 2 1 9 2 1
20130426 9 5 4 7 0 0
20130426 10 1 5 4 1 4
20130518 1 5 2 3 0 0
20130518 2 5 1 3 0 0
20130518 3 7 1 2 0 0
20130518 4 7 1 4 0 0
20130518 5 5 3 4 0 0
20130518 6 9 2 1 6 2
20130518 7 8 3 9 6 3
20130518 8 2 4 1 2 4
20130518 9 7 3 8 5 3
20130518 10 3 7 9 3 5
20130519 1 5 2 4 0 0
20130519 2 3 2 6 0 0
20130519 3 2 4 7 0 0
20130519 4 2 6 4 0 0
20130519 5 1 7 4 0 0
20130519 6 9 2 1 6 2
20130519 7 3 5 6 3 4
20130519 8 5 2 7 4 2
20130519 9 7 2 9 5 2
20130519 10 1 7 5 1 5
20130520 1 1 4 3 0 0
20130520 2 2 3 4 0 0
20130520 3 6 5 3 0 0
20130520 4 4 1 3 0 0
20130520 5 5 9 6 4 6
20130520 6 5 7 1 4 5
20130520 7 3 2 9 3 2
20130520 8 3 5 7 3 4
20130520 9 7 3 2 0 0
20130520 10 2 7 8 2 5
20130531 1 2 5 7 0 0
20130531 2 2 7 6 0 0
20130531 3 3 1 4 0 0
20130531 4 5 2 6 0 0
20130531 5 3 1 4 0 0
20130531 6 9 5 2 6 4
20130531 7 9 3 5 6 3
20130531 8 7 3 1 5 3
20130531 9 5 1 9 4 1
20130531 10 7 4 3 5 4
20130601 1 7 3 4 0 0
20130601 2 2 7 5 0 0
20130601 3 2 7 3 0 0
20130601 4 3 1 5 0 0
20130601 5 3 5 1 0 0
20130601 6 3 6 7 3 5
20130601 7 3 8 1 3 6
20130601 8 1 9 4 1 6
20130601 9 2 1 3 2 1
20130601 10 3 5 9 3 4
20130602 1 5 1 4 0 0
20130602 2 1 2 5 0 0
20130602 3 4 1 2 0 0
20130602 4 3 7 2 0 0
20130602 5 5 9 3 4 6
20130602 6 2 4 3 2 4
20130602 7 2 5 3 2 4
20130602 8 1 5 2 1 4
20130602 9 2 4 5 0 0
20130602 10 5 9 3 4 6
20130607 1 5 6 1 0 0
20130607 2 1 7 4 0 0
20130607 3 5 2 7 0 0
20130607 4 3 7 1 0 0
20130607 5 7 5 1 0 0
20130607 6 2 9 3 2 6
20130607 7 7 2 1 5 2
20130607 8 1 5 4 1 4
20130607 9 3 9 5 3 6
20130607 10 8 7 2 6 5
20130608 1 5 6 4 0 0
20130608 2 5 1 7 0 0
20130608 3 3 4 1 0 0
20130608 4 5 7 2 0 0
20130608 5 1 3 7 0 0
20130608 6 4 7 8 4 5
20130608 7 3 4 2 3 4
20130608 8 3 7 1 3 5
20130608 9 9 3 7 6 3
20130608 10 5 7 1 4 5
20130609 1 3 4 5 0 0
20130609 2 5 1 4 0 0
20130609 3 6 2 3 0 0
20130609 4 7 4 1 0 0
20130609 5 2 7 1 2 5
20130609 6 1 3 5 1 3
20130609 7 2 1 3 2 1
20130609 8 5 1 7 4 1
20130609 9 2 3 4 0 0
20130609 10 9 2 4 6 2
20130701 1 2 9 3 2 6
20130701 2 1 4 2 1 4
20130701 3 7 1 3 5 1
20130701 4 1 3 7 1 3
20130701 5 5 1 9 4 1
20130701 6 3 2 9 3 2
20130701 7 2 9 5 2 6
20130701 8 1 3 6 1 3
20130701 9 7 2 3 5 2
20130701 10 7 1 5 5 1
20130701 11 9 3 4 6 3
20130702 1 7 9 8 5 6
20130702 2 1 6 9 1 5
20130702 3 4 1 2 4 1
20130702 4 5 2 1 4 2
20130702 5 2 7 4 2 5
20130702 6 9 6 7 6 5
20130702 7 2 8 1 2 6
20130702 8 7 2 6 5 2
20130702 9 5 7 1 4 5
20130702 10 5 1 2 4 1
20130702 11 1 8 3 1 6
20130703 1 2 9 1 2 6
20130703 2 7 5 3 5 4
20130703 3 8 5 3 6 4
20130703 4 8 3 9 6 3
20130703 5 2 5 9 2 4
20130703 6 8 3 1 6 3
20130703 7 1 7 5 1 5
20130703 8 4 1 2 4 1
20130703 9 2 5 7 2 4
20130703 10 2 1 5 2 1
20130703 11 2 7 4 2 5
20130709 1 7 3 6 0 0
20130709 2 5 2 3 0 0
20130709 3 3 5 4 0 0
20130709 4 5 1 3 0 0
20130709 5 7 1 3 0 0
20130709 6 1 7 5 1 5
20130709 7 8 3 7 6 3
20130709 8 3 7 5 3 5
20130709 9 1 7 9 1 5
20130709 10 3 2 9 3 2
20130710 1 3 7 1 0 0
20130710 2 4 2 1 0 0
20130710 3 1 3 2 0 0
20130710 4 4 7 2 0 0
20130710 5 7 2 3 0 0
20130710 6 1 4 2 1 4
20130710 7 5 3 9 4 3
20130710 8 5 9 1 4 6
20130710 9 5 1 2 4 1
20130710 10 1 5 2 1 4
20130711 1 3 2 4 0 0
20130711 2 4 2 3 0 0
20130711 3 4 7 2 0 0
20130711 4 7 4 1 0 0
20130711 5 4 1 3 0 0
20130711 6 4 1 2 4 1
20130711 7 5 3 1 4 3
20130711 8 1 7 4 1 5
20130711 9 7 5 2 5 4
20130711 10 7 2 6 5 2
20130814 1 5 7 6 0 0
20130814 2 5 1 3 0 0
20130814 3 7 5 1 0 0
20130814 4 1 2 4 0 0
20130814 5 3 1 6 0 0
20130814 6 1 7 2 1 5
20130814 7 5 1 2 4 1
20130814 8 3 7 8 3 5
20130814 9 5 9 3 4 6
20130814 10 1 6 4 1 5
20130815 1 3 4 5 0 0
20130815 2 7 1 4 0 0
20130815 3 1 2 7 0 0
20130815 4 4 3 1 0 0
20130815 5 5 3 4 0 0
20130815 6 2 9 7 2 6
20130815 7 7 2 6 5 2
20130815 8 1 5 2 1 4
20130815 9 2 9 4 2 6
20130815 10 1 7 5 1 5
20130816 1 1 5 3 0 0
20130816 2 2 5 1 0 0
20130816 3 7 4 1 0 0
20130816 4 7 1 3 0 0
20130816 5 2 4 3 0 0
20130816 6 3 4 6 3 4
20130816 7 2 5 6 2 4
20130816 8 3 1 7 3 1
20130816 9 1 5 6 1 4
20130816 10 1 5 4 1 4
20130828 1 4 3 7 4 3
20130828 2 5 7 9 4 5
20130828 3 1 7 5 1 5
20130828 4 9 2 7 6 2
20130828 5 8 1 5 6 1
20130828 6 2 1 3 0 0
20130828 7 2 1 5 0 0
20130828 8 5 2 9 4 2
20130828 9 1 3 7 1 3
20130828 10 5 9 7 4 6
20130828 11 3 9 4 3 6
20130828 12 1 5 3 1 4
20130829 1 4 2 9 4 2
20130829 2 6 4 9 5 4
20130829 3 2 7 3 2 5
20130829 4 5 1 3 4 1
20130829 5 5 2 9 4 2
20130829 6 2 4 1 0 0
20130829 7 3 7 2 0 0
20130829 8 6 2 3 5 2
20130829 9 4 1 7 4 1
20130829 10 2 4 7 2 4
20130829 11 5 2 9 4 2
20130829 12 5 3 9 4 3
20130830 1 7 1 9 5 1
20130830 2 9 5 6 6 4
20130830 3 3 7 6 3 5
20130830 4 2 9 5 2 6
20130830 5 5 1 7 0 0
20130830 6 5 3 7 4 3
20130830 7 2 4 1 2 4
20130830 8 6 2 3 5 2
20130830 9 4 6 1 0 0
20130830 10 7 1 4 5 1
20130830 11 1 5 8 1 4
20130830 12 7 2 5 5 2
20130919 1 3 7 1 0 0
20130919 2 7 4 5 0 0
20130919 3 7 3 2 0 0
20130919 4 2 7 3 0 0
20130919 5 1 3 7 0 0
20130919 6 5 3 7 4 3
20130919 7 5 2 1 4 2
20130919 8 3 5 1 3 4
20130919 9 5 7 1 4 5
20130919 10 9 1 2 6 1
20130920 1 5 4 1 0 0
20130920 2 3 5 1 0 0
20130920 3 5 1 2 0 0
20130920 4 1 4 5 0 0
20130920 5 4 1 3 0 0
20130920 6 5 2 4 4 2
20130920 7 2 8 1 2 6
20130920 8 6 1 2 5 1
20130920 9 2 7 9 2 5
20130920 10 1 7 2 1 5
20130921 1 2 7 5 0 0
20130921 2 3 1 2 0 0
20130921 3 5 1 3 0 0
20130921 4 7 2 5 0 0
20130921 5 7 5 2 0 0
20130921 6 7 8 9 5 6
20130921 7 3 2 1 3 2
20130921 8 1 9 2 1 6
20130921 9 8 3 2 6 3
20130921 10 5 3 1 4 3
20131005 1 9 2 7 6 2
20131005 2 3 8 5 3 6
20131005 3 3 7 1 3 5
20131005 4 2 3 4 2 3
20131005 5 2 5 1 2 4
20131005 6 5 2 9 4 2
20131005 7 9 5 7 6 4
20131005 8 2 4 5 2 4
20131005 9 5 7 2 4 5
20131005 10 3 7 1 3 5
20131005 11 2 7 9 2 5
20131006 1 3 7 8 3 6
20131006 2 1 7 4 1 6
20131006 3 1 7 3 1 6
20131006 4 3 1 6 3 1
20131006 5 3 1 2 3 1
20131006 6 9 8 4 6 6
20131006 7 7 3 6 5 3
20131006 8 1 2 7 1 2
20131006 9 7 2 9 5 2
20131006 10 8 3 5 6 3
20131006 11 1 3 7 1 3
20131007 1 9 4 7 6 4
20131007 2 3 7 9 3 5
20131007 3 3 9 6 3 6
20131007 4 3 7 5 3 5
20131007 5 2 8 3 2 6
20131007 6 4 3 1 4 3
20131007 7 7 9 5 5 6
20131007 8 9 5 1 6 4
20131007 9 1 2 9 1 2
20131007 10 2 1 3 2 1
20131007 11 8 5 2 6 4
20131008 1 5 8 7 4 6
20131008 2 7 6 1 5 5
20131008 3 9 4 6 6 4
20131008 4 5 2 3 4 2
20131008 5 7 2 1 5 2
20131008 6 7 5 9 5 4
20131008 7 1 7 8 1 5
20131008 8 3 7 6 3 5
20131008 9 1 2 7 1 2
20131008 10 3 9 5 3 6
20131008 11 3 2 1 3 2
20131022 1 7 9 3 5 6
20131022 2 9 2 5 6 2
20131022 3 3 7 8 3 5
20131022 4 7 4 3 5 4
20131022 5 5 2 7 4 2
20131022 6 8 1 4 6 1
20131022 7 1 8 7 1 6
20131022 8 9 5 2 6 4
20131022 9 6 2 9 5 2
20131022 10 1 9 5 1 6
20131022 11 9 2 4 6 2
20131023 1 5 7 4 4 5
20131023 2 7 3 2 5 3
20131023 3 5 1 3 4 1
20131023 4 3 7 4 3 5
20131023 5 2 5 1 2 4
20131023 6 5 2 1 4 2
20131023 7 2 9 3 2 6
20131023 8 9 1 3 6 1
20131023 9 3 6 1 3 5
20131023 10 8 3 9 6 3
20131023 11 1 2 9 1 2
20131024 1 3 8 5 3 6
20131024 2 4 3 6 4 3
20131024 3 2 7 1 2 5
20131024 4 1 7 2 1 5
20131024 5 3 8 4 3 6
20131024 6 3 5 1 3 5
20131024 7 3 1 7 3 1
20131024 8 1 4 5 1 4
20131024 9 1 7 8 1 5
20131024 10 1 8 4 1 6
20131024 11 1 7 3 1 5
20131106 1 1 5 9 1 4
20131106 2 7 3 2 5 3
20131106 3 9 2 3 6 2
20131106 4 3 7 1 3 5
20131106 5 7 1 4 5 1
20131106 6 2 7 6 2 5
20131106 7 3 5 2 3 4
20131106 8 9 1 4 6 1
20131106 9 2 1 5 2 1
20131106 10 2 9 7 2 6
20131106 11 2 4 6 2 4
20131107 1 2 3 9 2 3
20131107 2 9 4 7 6 4
20131107 3 1 5 8 1 4
20131107 4 2 3 9 2 3
20131107 5 2 5 3 2 4
20131107 6 3 1 6 3 1
20131107 7 3 2 7 3 2
20131107 8 9 2 3 6 2
20131107 9 3 9 5 3 6
20131107 10 3 5 8 3 4
20131107 11 5 3 2 4 3
20131108 1 8 3 2 6 3
20131108 2 3 7 1 3 5
20131108 3 4 1 3 4 1
20131108 4 5 2 7 4 2
20131108 5 7 2 4 5 2
20131108 6 5 2 3 4 2
20131108 7 2 5 8 2 4
20131108 8 5 1 9 4 1
20131108 9 5 3 2 4 3
20131108 10 1 7 2 1 5
20131108 11 5 7 3 4 5
20131115 1 5 7 2 0 0
20131115 2 2 4 1 0 0
20131115 3 7 1 5 0 0
20131115 4 3 5 4 0 0
20131115 5 1 7 4 0 0
20131115 6 2 7 1 0 0
20131115 7 7 3 4 0 0
20131115 8 9 2 7 6 2
20131115 9 2 9 5 2 6
20131115 10 2 9 3 2 6
20131115 11 3 5 2 3 4
20131115 12 7 3 4 5 3
20131116 1 4 1 3 0 0
20131116 2 7 1 5 0 0
20131116 3 2 3 4 0 0
20131116 4 7 4 1 0 0
20131116 5 3 7 5 0 0
20131116 6 3 7 6 0 0
20131116 7 1 6 2 0 0
20131116 8 3 4 9 3 4
20131116 9 4 2 9 4 2
20131116 10 5 2 4 4 2
20131116 11 1 7 9 1 5
20131116 12 1 5 2 1 4
20131117 1 3 4 2 0 0
20131117 2 1 7 3 0 0
20131117 3 4 2 5 0 0
20131117 4 2 6 3 0 0
20131117 5 5 6 3 0 0
20131117 6 2 9 7 2 6
20131117 7 4 3 2 4 3
20131117 8 5 4 3 4 4
20131117 9 4 3 9 4 3
20131117 10 2 5 1 0 0
20131117 11 2 9 3 2 6
20131117 12 5 3 2 0 0
20140111 1 5 1 7 0 0
20140111 2 2 1 4 0 0
20140111 3 7 1 4 0 0
20140111 4 5 2 7 0 0
20140111 5 3 6 5 0 0
20140111 6 3 5 1 3 4
20140111 7 9 3 2 6 3
20140111 8 2 6 9 2 5
20140111 9 9 1 5 6 1
20140111 10 1 7 9 1 5
20140112 1 1 5 3 0 0
20140112 2 2 3 7 0 0
20140112 3 1 3 6 0 0
20140112 4 6 1 4 0 0
20140112 5 5 4 7 0 0
20140112 6 4 1 2 4 1
20140112 7 6 8 2 5 6
20140112 8 5 3 1 4 3
20140112 9 5 1 3 4 1
20140112 10 1 7 5 1 5
20140113 1 1 4 2 0 0
20140113 2 2 5 1 0 0
20140113 3 4 7 2 0 0
20140113 4 2 5 4 0 0
20140113 5 3 1 5 3 1
20140113 6 9 2 4 6 2
20140113 7 6 2 7 5 2
20140113 8 2 7 6 2 5
20140113 9 5 4 1 0 0
20140113 10 9 1 8 6 1
20140128 1 6 8 7 5 6
20140128 2 5 2 3 4 2
20140128 3 6 1 2 5 1
20140128 4 5 4 7 4 4
20140128 5 4 2 1 4 2
20140128 6 1 5 2 1 4
20140128 7 1 7 4 1 5
20140128 8 7 4 8 5 4
20140128 9 3 9 5 3 6
20140128 10 7 3 2 5 3
20140128 11 2 7 1 2 5
20140129 1 2 4 6 2 4
20140129 2 9 4 2 6 4
20140129 3 4 9 2 4 6
20140129 4 4 5 7 4 4
20140129 5 7 1 3 5 1
20140129 6 9 1 8 6 1
20140129 7 9 3 7 6 3
20140129 8 7 1 3 5 1
20140129 9 7 1 3 5 1
20140129 10 5 1 9 4 1
20140129 11 3 7 1 3 5
20140130 1 1 2 7 1 2
20140130 2 9 3 1 6 3
20140130 3 1 3 7 1 3
20140130 4 4 3 6 4 3
20140130 5 2 6 5 2 5
20140130 6 4 1 3 4 1
20140130 7 9 1 2 6 1
20140130 8 7 3 1 5 3
20140130 9 5 1 9 4 1
20140130 10 1 9 5 1 6
20140130 11 7 8 3 5 6
20140212 1 2 4 5 0 0
20140212 2 5 3 7 0 0
20140212 3 1 3 5 0 0
20140212 4 7 2 3 0 0
20140212 5 1 5 2 0 0
20140212 6 7 8 3 5 6
20140212 7 3 7 2 3 5
20140212 8 9 2 5 6 2
20140212 9 3 9 7 3 6
20140212 10 2 1 7 2 1
20140213 1 4 1 5 0 0
20140213 2 1 4 6 0 0
20140213 3 7 1 3 0 0
20140213 4 4 2 5 0 0
20140213 5 5 7 4 0 0
20140213 6 7 8 5 5 6
20140213 7 5 4 7 4 4
20140213 8 7 9 1 5 6
20140213 9 2 1 7 2 1
20140213 10 6 2 5 5 2
20140214 1 3 5 2 0 0
20140214 2 5 2 1 0 0
20140214 3 7 1 2 0 0
20140214 4 1 4 3 0 0
20140214 5 5 2 4 4 2
20140214 6 9 3 5 6 3
20140214 7 8 7 2 6 5
20140214 8 5 7 3 4 5
20140214 9 4 1 7 0 0
20140214 10 3 9 8 3 6
20140324 1 2 9 7 2 6
20140324 2 9 1 5 6 1
20140324 3 5 1 8 4 1
20140324 4 9 8 2 6 6
20140324 5 7 1 2 5 1
20140324 6 4 2 1 4 2
20140324 7 3 4 5 3 4
20140324 8 1 7 8 1 5
20140324 9 3 2 9 3 2
20140324 10 7 4 5 5 4
20140324 11 6 1 3 5 1
20140325 1 2 5 1 2 4
20140325 2 5 3 1 4 3
20140325 3 8 2 7 6 2
20140325 4 4 2 6 4 2
20140325 5 5 9 2 4 6
20140325 6 6 9 2 5 6
20140325 7 7 3 1 5 3
20140325 8 1 2 4 1 2
20140325 9 1 4 9 1 4
20140325 10 4 6 1 4 5
20140325 11 7 5 1 5 4
20140326 1 1 7 2 1 5
20140326 2 9 3 6 6 3
20140326 3 2 5 1 2 4
20140326 4 1 7 3 1 5
20140326 5 2 9 7 2 6
20140326 6 5 3 9 4 3
20140326 7 7 4 2 5 4
20140326 8 4 1 2 4 1
20140326 9 1 9 4 1 6
20140326 10 5 8 9 4 6
20140326 11 9 3 1 6 3
20140402 1 3 2 4 0 0
20140402 2 1 3 7 0 0
20140402 3 2 7 1 0 0
20140402 4 7 2 3 0 0
20140402 5 2 7 3 0 0
20140402 6 3 5 7 3 4
20140402 7 9 2 1 6 2
20140402 8 7 9 2 5 6
20140402 9 2 7 5 2 5
20140402 10 1 2 8 1 2
20140403 1 1 5 4 0 0
20140403 2 5 6 7 0 0
20140403 3 3 2 7 0 0
20140403 4 3 2 5 0 0
20140403 5 1 3 5 0 0
20140403 6 5 7 3 4 5
20140403 7 8 9 7 6 6
20140403 8 3 1 5 3 1
20140403 9 7 3 1 5 3
20140403 10 7 3 1 5 3
20140404 1 5 2 7 0 0
20140404 2 1 3 2 0 0
20140404 3 3 6 2 0 0
20140404 4 1 3 2 0 0
20140404 5 3 1 5 0 0
20140404 6 1 5 7 1 4
20140404 7 8 6 2 6 5
20140404 8 6 8 1 5 6
20140404 9 5 8 9 4 6
20140404 10 3 5 9 3 4
20140409 1 1 3 7 1 3
20140409 2 7 2 3 5 2
20140409 3 9 1 4 6 1
20140409 4 1 2 6 1 2
20140409 5 9 6 3 6 5
20140409 6 1 4 3 1 4
20140409 7 9 2 4 6 2
20140409 8 1 8 9 1 6
20140409 9 9 5 2 6 4
20140409 10 2 7 3 2 5
20140409 11 4 1 9 4 1
20140410 1 4 2 7 4 2
20140410 2 7 3 6 5 3
20140410 3 4 2 6 4 2
20140410 4 2 1 5 2 1
20140410 5 3 1 2 3 1
20140410 6 1 5 4 1 4
20140410 7 4 1 9 4 1
20140410 8 7 2 8 5 2
20140410 9 7 5 1 5 4
20140410 10 7 1 2 5 1
20140410 11 5 8 3 4 6
20140411 1 5 7 9 4 5
20140411 2 6 4 5 5 4
20140411 3 2 8 9 2 6
20140411 4 2 4 6 2 4
20140411 5 3 7 1 3 5
20140411 6 6 3 5 5 3
20140411 7 7 2 3 6 2
20140411 8 7 1 9 5 1
20140411 9 9 1 3 6 1
20140411 10 5 2 1 4 2
20140411 11 1 2 3 1 2
20140626 1 5 2 4 0 0
20140626 2 4 2 3 0 0
20140626 3 7 2 5 0 0
20140626 4 2 1 4 0 0
20140626 5 7 4 3 0 0
20140626 6 7 1 3 5 1
20140626 7 7 2 5 5 2
20140626 8 5 3 7 4 3
20140626 9 3 1 6 3 1
20140626 10 6 4 3 5 4
20140627 1 3 4 1 0 0
20140627 2 1 5 3 0 0
20140627 3 5 7 3 0 0
20140627 4 1 5 4 0 0
20140627 5 3 4 1 0 0
20140627 6 1 8 7 1 6
20140627 7 7 1 3 5 1
20140627 8 2 7 5 2 5
20140627 9 3 2 5 3 2
20140627 10 1 5 7 1 4
20140628 1 3 5 6 0 0
20140628 2 2 3 5 0 0
20140628 3 4 6 3 0 0
20140628 4 2 1 7 0 0
20140628 5 4 6 5 0 0
20140628 6 5 3 2 4 3
20140628 7 3 5 7 3 4
20140628 8 1 2 3 1 2
20140628 9 2 7 3 2 5
20140628 10 5 2 3 4 2
20140722 1 2 8 3 2 6
20140722 2 2 7 9 2 5
20140722 3 8 9 1 6 6
20140722 4 5 3 7 4 3
20140722 5 7 1 2 5 1
20140722 6 9 2 7 6 2
20140722 7 1 9 5 1 6
20140722 8 4 1 8 4 1
20140722 9 2 7 1 2 5
20140722 10 7 3 5 5 3
20140722 11 9 3 8 6 3
20140723 1 5 4 7 4 4
20140723 2 7 1 8 5 1
20140723 3 5 3 1 4 3
20140723 4 1 4 5 1 4
20140723 5 5 7 9 4 5
20140723 6 5 1 2 4 1
20140723 7 7 1 5 5 1
20140723 8 3 4 1 3 4
20140723 9 7 5 2 5 4
20140723 10 5 2 3 4 2
20140723 11 5 3 9 4 3
20140724 1 2 7 9 2 5
20140724 2 2 3 4 2 3
20140724 3 5 7 1 4 5
20140724 4 1 6 3 1 5
20140724 5 7 2 3 5 2
20140724 6 2 1 5 2 1
20140724 7 9 4 2 6 4
20140724 8 3 5 9 3 4
20140724 9 4 2 7 4 2
20140724 10 2 4 5 2 4
20140724 11 1 2 7 1 2
20140814 1 3 4 2 0 0
20140814 2 2 7 1 0 0
20140814 3 3 1 2 0 0
20140814 4 2 3 4 0 0
20140814 5 3 7 4 0 0
20140814 6 1 4 5 1 4
20140814 7 7 2 9 5 2
20140814 8 7 5 2 5 4
20140814 9 5 2 7 4 2
20140814 10 6 5 7 5 4
20140815 1 1 7 3 0 0
20140815 2 3 2 1 0 0
20140815 3 2 6 3 0 0
20140815 4 1 6 5 0 0
20140815 5 1 5 3 0 0
20140815 6 7 6 8 5 5
20140815 7 8 2 5 6 2
20140815 8 1 5 8 1 4
20140815 9 9 5 2 6 4
20140815 10 5 1 9 4 1
20140816 1 5 6 2 0 0
20140816 2 5 4 6 0 0
20140816 3 2 7 3 0 0
20140816 4 3 4 7 0 0
20140816 5 4 1 5 0 0
20140816 6 7 5 4 5 4
20140816 7 9 6 1 6 5
20140816 8 9 2 1 6 2
20140816 9 4 3 2 4 3
20140816 10 4 2 5 4 2
20140908 1 7 2 8 5 2
20140908 2 9 1 8 6 1
20140908 3 3 8 2 3 6
20140908 4 1 7 5 1 5
20140908 5 9 2 7 6 2
20140908 6 2 4 8 2 4
20140908 7 2 5 9 2 4
20140908 8 9 4 3 6 4
20140908 9 3 4 1 3 4
20140908 10 7 2 9 5 2
20140908 11 9 4 6 6 4
20140909 1 4 1 2 4 1
20140909 2 1 4 6 1 4
20140909 3 7 8 2 5 6
20140909 4 2 7 1 2 5
20140909 5 3 7 9 3 5
20140909 6 6 2 4 5 2
20140909 7 7 4 1 5 4
20140909 8 7 5 3 5 4
20140909 9 9 1 7 6 1
20140909 10 3 7 8 3 5
20140909 11 5 1 7 4 1
20140910 1 9 7 2 6 5
20140910 2 7 8 4 5 6
20140910 3 9 1 6 6 1
20140910 4 3 5 2 3 4
20140910 5 7 9 4 5 6
20140910 6 5 1 6 4 1
20140910 7 2 5 6 2 4
20140910 8 7 1 9 5 1
20140910 9 9 7 5 6 5
20140910 10 2 6 7 2 5
20140910 11 3 5 4 3 4
20140927 1 2 7 1 0 0
20140927 2 4 3 5 0 0
20140927 3 3 4 2 0 0
20140927 4 2 1 7 0 0
20140927 5 5 2 4 0 0
20140927 6 3 1 5 0 0
20140927 7 7 2 3 0 0
20140927 8 7 4 1 5 4
20140927 9 1 7 2 1 5
20140927 10 7 3 5 5 3
20140927 11 9 1 2 6 1
20140927 12 5 1 7 4 1
20140928 1 4 7 1 0 0
20140928 2 1 7 3 0 0
20140928 3 2 4 7 0 0
20140928 4 3 7 1 0 0
20140928 5 5 2 7 0 0
20140928 6 5 7 4 0 0
20140928 7 2 6 3 0 0
20140928 8 7 1 3 5 1
20140928 9 1 5 2 1 4
20140928 10 2 7 9 2 5
20140928 11 8 3 1 6 3
20140928 12 9 1 2 6 1
20140929 1 2 1 4 0 0
20140929 2 2 7 5 0 0
20140929 3 1 5 7 0 0
20140929 4 2 7 4 0 0
20140929 5 1 3 4 0 0
20140929 6 9 1 2 6 1
20140929 7 2 7 9 2 5
20140929 8 2 8 4 2 6
20140929 9 1 7 4 1 5
20140929 10 1 5 3 0 0
20140929 11 7 2 4 0 0
20140929 12 5 1 6 4 1
20141002 1 1 5 6 1 4
20141002 2 7 3 1 5 3
20141002 3 2 3 5 2 3
20141002 4 7 3 5 5 3
20141002 5 1 4 7 1 4
20141002 6 9 1 4 6 1
20141002 7 1 9 3 1 6
20141002 8 9 5 1 6 4
20141002 9 3 4 6 3 4
20141002 10 9 1 3 6 1
20141002 11 6 7 8 5 5
20141003 1 3 5 7 3 4
20141003 2 5 3 8 4 3
20141003 3 3 8 7 3 6
20141003 4 9 1 3 6 1
20141003 5 1 7 5 1 5
20141003 6 5 8 2 4 6
20141003 7 8 1 7 6 1
20141003 8 2 3 8 2 3
20141003 9 3 5 9 3 4
20141003 10 2 9 5 2 6
20141003 11 7 5 2 5 4
20141004 1 8 9 7 6 6
20141004 2 5 9 3 4 6
20141004 3 2 9 1 2 6
20141004 4 5 2 3 4 2
20141004 5 3 1 5 3 1
20141004 6 5 1 3 4 1
20141004 7 2 5 8 2 4
20141004 8 3 7 2 3 5
20141004 9 4 3 5 4 3
20141004 10 1 4 3 1 4
20141004 11 1 3 7 1 3
20141025 1 6 8 7 5 6
20141025 2 9 7 4 6 5
20141025 3 8 7 9 6 5
20141025 4 8 3 7 6 3
20141025 5 1 7 2 1 5
20141025 6 9 3 1 6 3
20141025 7 1 5 9 1 4
20141025 8 4 8 3 4 6
20141025 9 5 1 7 4 1
20141025 10 9 1 6 6 1
20141025 11 2 3 5 2 3
20141025 12 2 1 8 2 1
20141026 1 3 9 4 3 6
20141026 2 1 7 5 1 5
20141026 3 5 1 7 4 1
20141026 4 9 3 2 6 3
20141026 5 2 9 5 2 6
20141026 6 3 5 1 3 4
20141026 7 1 3 9 1 3
20141026 8 3 7 1 3 5
20141026 9 2 7 1 2 5
20141026 10 1 7 2 1 5
20141026 11 7 2 9 5 2
20141026 12 2 8 1 2 6
20141027 1 5 3 2 5 3
20141027 2 1 8 6 1 6
20141027 3 1 9 2 1 6
20141027 4 1 4 3 1 4
20141027 5 1 9 3 1 6
20141027 6 1 5 6 1 4
20141027 7 1 5 2 1 4
20141027 8 5 8 2 4 6
20141027 9 3 1 2 3 1
20141027 10 9 3 1 6 3
20141027 11 3 8 7 3 6
20141027 12 3 1 5 3 1
20141028 1 7 5 2 5 4
20141028 2 4 2 1 4 2
20141028 3 2 7 1 2 5
20141028 4 3 7 8 3 5
20141028 5 7 9 2 5 6
20141028 6 5 1 9 4 1
20141028 7 7 3 5 5 3
20141028 8 1 3 2 1 3
20141028 9 1 2 5 0 0
20141028 10 7 1 2 5 1
20141028 11 5 1 9 4 1
20141028 12 5 9 7 4 6
20141125 1 2 1 7 2 1
20141125 2 1 9 7 1 6
20141125 3 6 2 7 5 2
20141125 4 5 9 4 4 6
20141125 5 1 3 8 1 3
20141125 6 1 2 8 1 2
20141125 7 3 4 5 3 4
20141125 8 3 6 9 3 5
20141125 9 2 7 4 2 5
20141125 10 9 2 7 6 2
20141125 11 8 9 3 6 6
20141126 1 9 2 7 6 2
20141126 2 1 2 5 1 2
20141126 3 2 7 1 2 5
20141126 4 7 6 1 5 5
20141126 5 3 1 4 3 1
20141126 6 1 9 3 1 6
20141126 7 5 1 2 5 1
20141126 8 1 7 2 1 5
20141126 9 1 3 7 1 3
20141126 10 2 3 6 2 3
20141126 11 1 5 3 1 4
20141127 1 1 3 4 1 3
20141127 2 7 1 2 5 1
20141127 3 3 5 2 3 4
20141127 4 1 5 3 1 4
20141127 5 1 7 2 1 5
20141127 6 2 1 6 2 1
20141127 7 5 7 4 4 5
20141127 8 5 2 3 4 2
20141127 9 9 7 1 6 5
20141127 10 7 9 4 5 6
20141127 11 4 7 9 4 5
20141206 1 5 3 2 0 0
20141206 2 1 5 7 0 0
20141206 3 2 3 4 0 0
20141206 4 4 2 3 0 0
20141206 5 7 5 1 0 0
20141206 6 3 9 8 3 6
20141206 7 5 1 9 4 1
20141206 8 5 7 2 4 5
20141206 9 2 9 3 2 6
20141206 10 4 7 1 4 5
20141207 1 5 4 3 0 0
20141207 2 3 1 4 0 0
20141207 3 3 4 1 0 0
20141207 4 3 7 4 0 0
20141207 5 3 1 7 0 0
20141207 6 3 4 5 3 4
20141207 7 7 9 4 5 6
20141207 8 7 9 5 5 6
20141207 9 5 6 4 4 5
20141207 10 3 2 9 3 2
20141208 1 1 7 3 0 0
20141208 2 7 3 5 0 0
20141208 3 3 6 2 0 0
20141208 4 4 1 3 0 0
20141208 5 3 1 9 3 1
20141208 6 3 8 9 3 6
20141208 7 1 5 9 1 4
20141208 8 1 9 5 1 6
20141208 9 5 3 6 0 0
20141208 10 3 7 2 3 5
20141220 1 4 7 3 0 0
20141220 2 5 1 4 0 0
20141220 3 7 3 2 0 0
20141220 4 5 1 4 0 0
20141220 5 4 7 2 0 0
20141220 6 3 5 2 3 4
20141220 7 9 5 2 6 4
20141220 8 2 6 3 2 5
20141220 9 9 7 1 6 5
20141220 10 9 7 1 6 5
20141221 1 7 3 5 0 0
20141221 2 2 5 3 0 0
20141221 3 4 5 6 0 0
20141221 4 3 5 2 0 0
20141221 5 2 4 5 0 0
20141221 6 2 9 3 2 6
20141221 7 3 7 1 3 5
20141221 8 1 9 7 1 6
20141221 9 2 8 4 2 6
20141221 10 3 1 5 3 1
20141222 1 5 2 3 0 0
20141222 2 3 5 7 0 0
20141222 3 2 1 5 0 0
20141222 4 7 3 1 0 0
20141222 5 3 7 9 3 5
20141222 6 2 5 9 2 4
20141222 7 1 2 4 1 2
20141222 8 3 9 1 3 6
20141222 9 1 5 4 0 0
20141222 10 2 5 1 2 4
20150209 1 9 3 7 6 3
20150209 2 7 1 4 5 1
20150209 3 1 9 3 1 6
20150209 4 7 2 3 5 2
20150209 5 3 5 2 3 4
20150209 6 5 3 1 0 0
20150209 7 7 3 2 0 0
20150209 8 3 9 6 3 6
20150209 9 9 2 7 6 2
20150209 10 9 7 3 6 5
20150209 11 9 1 7 6 1
20150209 12 7 1 5 5 1
20150210 1 9 2 4 6 2
20150210 2 4 9 2 4 6
20150210 3 1 5 3 1 4
20150210 4 3 6 7 3 5
20150210 5 3 5 2 3 4
20150210 6 4 5 6 0 0
20150210 7 2 5 7 0 0
20150210 8 5 7 3 5 6
20150210 9 3 7 4 3 5
20150210 10 1 8 6 1 6
20150210 11 3 4 7 3 4
20150210 12 2 9 5 2 6
20150211 1 3 4 8 3 4
20150211 2 3 9 2 3 6
20150211 3 1 3 9 1 3
20150211 4 3 6 1 3 5
20150211 5 3 4 2 0 0
20150211 6 5 7 3 4 5
20150211 7 1 9 5 1 6
20150211 8 3 8 1 3 6
20150211 9 3 2 6 0 0
20150211 10 7 5 2 5 4
20150211 11 2 6 8 2 5
20150211 12 5 1 3 4 1
20150225 1 5 1 4 0 0
20150225 2 4 7 3 0 0
20150225 3 7 6 3 0 0
20150225 4 4 3 7 0 0
20150225 5 7 4 2 0 0
20150225 6 3 1 5 3 1
20150225 7 9 3 1 6 3
20150225 8 2 5 3 2 4
20150225 9 7 3 9 5 3
20150225 10 9 2 6 6 2
20150226 1 7 4 3 0 0
20150226 2 2 5 7 0 0
20150226 3 1 2 5 0 0
20150226 4 6 3 1 0 0
20150226 5 3 1 4 0 0
20150226 6 2 9 5 0 0
20150226 7 7 8 5 5 6
20150226 8 4 1 3 4 1
20150226 9 2 1 4 2 1
20150226 10 2 5 1 2 4
20150227 1 5 1 7 0 0
20150227 2 7 2 4 0 0
20150227 3 1 7 6 0 0
20150227 4 7 3 1 0 0
20150227 5 9 7 3 6 5
20150227 6 5 3 2 4 3
20150227 7 3 7 5 3 5
20150227 8 1 5 7 1 4
20150227 9 5 2 7 0 0
20150227 10 7 4 1 5 4
20150314 1 5 7 1 0 0
20150314 2 2 3 7 0 0
20150314 3 4 2 1 0 0
20150314 4 7 4 1 0 0
20150314 5 1 7 5 0 0
20150314 6 3 8 5 3 6
20150314 7 2 1 6 2 1
20150314 8 9 7 2 6 5
20150314 9 9 2 5 6 2
20150314 10 5 3 2 4 3
20150315 1 2 3 7 0 0
20150315 2 5 3 2 0 0
20150315 3 3 2 5 0 0
20150315 4 5 4 6 0 0
20150315 5 3 2 7 0 0
20150315 6 1 4 9 1 4
20150315 7 3 4 2 3 4
20150315 8 2 5 7 2 4
20150315 9 1 2 9 1 2
20150315 10 2 5 4 2 4
20150316 1 1 7 3 0 0
20150316 2 4 1 5 0 0
20150316 3 6 5 3 0 0
20150316 4 3 5 1 0 0
20150316 5 8 2 7 6 2
20150316 6 7 6 1 5 5
20150316 7 7 8 6 5 6
20150316 8 7 3 9 5 3
20150316 9 1 6 3 0 0
20150316 10 9 4 8 6 4
20150323 1 7 3 9 5 3
20150323 2 1 5 7 1 4
20150323 3 5 3 9 4 3
20150323 4 5 2 3 4 2
20150323 5 7 9 3 5 6
20150323 6 3 2 5 3 2
20150323 7 2 1 3 2 1
20150323 8 9 3 4 6 3
20150323 9 8 4 3 6 4
20150323 10 1 9 4 1 6
20150323 11 1 5 4 1 4
20150324 1 7 8 2 5 6
20150324 2 5 7 6 4 5
20150324 3 1 7 3 1 5
20150324 4 2 5 7 2 4
20150324 5 9 7 3 6 5
20150324 6 7 5 1 5 4
20150324 7 5 7 2 4 5
20150324 8 4 1 7 4 1
20150324 9 1 7 5 1 5
20150324 10 2 7 5 2 5
20150324 11 5 2 3 4 2
20150325 1 7 3 9 5 3
20150325 2 3 9 5 3 6
20150325 3 3 1 7 3 1
20150325 4 7 8 1 5 6
20150325 5 7 1 6 5 1
20150325 6 2 1 3 2 1
20150325 7 3 9 4 3 6
20150325 8 8 5 3 6 4
20150325 9 5 1 3 4 1
20150325 10 9 5 3 6 4
20150325 11 2 9 4 2 6
20150409 1 7 3 1 0 0
20150409 2 3 2 4 0 0
20150409 3 1 4 5 0 0
20150409 4 3 5 6 0 0
20150409 5 3 1 7 0 0
20150409 6 1 9 5 1 6
20150409 7 7 3 6 5 3
20150409 8 3 5 2 3 4
20150409 9 9 4 5 6 4
20150409 10 5 2 9 4 2
20150410 1 5 2 3 0 0
20150410 2 7 2 5 0 0
20150410 3 7 2 5 0 0
20150410 4 7 3 5 0 0
20150410 5 1 2 6 0 0
20150410 6 2 5 9 2 4
20150410 7 9 2 5 6 2
20150410 8 2 7 1 2 5
20150410 9 2 7 9 2 5
20150410 10 1 3 2 1 3
20150411 1 5 3 1 0 0
20150411 2 5 3 7 0 0
20150411 3 3 5 4 0 0
20150411 4 7 2 1 0 0
20150411 5 6 2 1 0 0
20150411 6 4 8 2 4 6
20150411 7 9 3 1 6 3
20150411 8 5 2 7 4 2
20150411 9 8 1 6 6 1
20150411 10 3 7 4 3 5
20150426 1 2 8 7 2 6
20150426 2 5 1 2 4 1
20150426 3 3 4 6 3 4
20150426 4 1 7 3 1 5
20150426 5 2 4 5 2 4
20150426 6 3 1 6 3 1
20150426 7 1 7 2 1 5
20150426 8 1 7 5 1 5
20150426 9 5 6 9 4 5
20150426 10 2 9 5 2 6
20150426 11 4 2 1 4 2
20150426 12 9 4 2 6 4
20150427 1 5 2 7 4 2
20150427 2 3 2 7 3 2
20150427 3 5 3 1 4 3
20150427 4 3 7 9 3 5
20150427 5 1 2 5 1 2
20150427 6 9 4 7 6 4
20150427 7 5 8 2 4 6
20150427 8 7 5 3 5 4
20150427 9 1 7 4 1 5
20150427 10 7 9 2 5 6
20150427 11 4 3 1 4 3
20150427 12 9 5 4 6 4
20150428 1 5 8 2 4 6
20150428 2 5 1 4 4 1
20150428 3 5 6 7 4 5
20150428 4 3 4 6 3 4
20150428 5 9 5 6 6 4
20150428 6 1 9 2 1 6
20150428 7 9 2 3 6 2
20150428 8 9 4 7 6 4
20150428 9 2 9 1 2 6
20150428 10 7 5 1 5 4
20150428 11 5 7 8 4 5
20150428 12 7 8 6 5 6
20150429 1 4 6 3 4 5
20150429 2 7 5 1 5 4
20150429 3 8 2 9 6 2
20150429 4 4 5 8 4 4
20150429 5 9 1 5 6 1
20150429 6 1 5 3 1 4
20150429 7 2 5 9 2 4
20150429 8 5 1 9 4 1
20150429 9 3 6 1 3 5
20150429 10 3 7 8 3 5
20150429 11 1 3 2 1 3
20150516 1 4 2 5 0 0
20150516 2 4 7 5 0 0
20150516 3 7 2 4 0 0
20150516 4 7 1 4 0 0
20150516 5 1 3 5 0 0
20150516 6 1 3 5 1 3
20150516 7 3 7 5 3 5
20150516 8 2 8 7 2 6
20150516 9 9 2 5 6 2
20150516 10 5 3 7 4 3
20150517 1 3 1 2 0 0
20150517 2 3 2 6 0 0
20150517 3 7 1 3 0 0
20150517 4 3 7 5 0 0
20150517 5 5 6 3 0 0
20150517 6 2 1 7 2 1
20150517 7 5 1 7 4 1
20150517 8 5 2 3 4 2
20150517 9 1 2 4 1 2
20150517 10 6 2 8 5 2
20150518 1 5 2 3 0 0
20150518 2 2 1 7 0 0
20150518 3 5 1 2 0 0
20150518 4 4 1 3 0 0
20150518 5 2 5 1 0 0
20150518 6 2 8 4 2 6
20150518 7 5 2 3 5 2
20150518 8 5 7 1 4 5
20150518 9 9 2 7 6 2
20150518 10 3 2 7 3 2
20150714 1 9 7 4 6 5
20150714 2 9 4 3 6 4
20150714 3 2 9 7 2 6
20150714 4 2 3 8 2 3
20150714 5 1 3 8 1 3
20150714 6 6 4 3 5 4
20150714 7 9 3 7 6 3
20150714 8 9 1 4 6 1
20150714 9 4 6 8 4 5
20150714 10 7 2 9 5 2
20150714 11 9 3 8 6 3
20150715 1 1 2 5 1 2
20150715 2 2 3 5 2 3
20150715 3 9 1 6 6 1
20150715 4 3 9 2 3 6
20150715 5 2 3 1 2 3
20150715 6 1 5 4 1 4
20150715 7 4 1 5 4 1
20150715 8 3 1 7 3 1
20150715 9 7 5 4 5 4
20150715 10 5 9 2 4 6
20150715 11 5 7 9 4 5
20150716 1 8 3 2 6 3
20150716 2 1 5 8 1 5
20150716 3 7 9 1 5 6
20150716 4 7 4 3 5 4
20150716 5 8 5 9 6 4
20150716 6 2 8 6 2 6
20150716 7 3 9 7 3 6
20150716 8 4 7 9 4 5
20150716 9 3 2 4 3 2
20150716 10 1 9 5 1 6
20150716 11 2 7 5 2 5
20150721 1 7 3 5 5 3
20150721 2 9 1 8 6 1
20150721 3 1 9 5 1 6
20150721 4 5 4 7 4 4
20150721 5 1 7 8 1 5
20150721 6 2 8 6 2 6
20150721 7 1 3 2 1 3
20150721 8 2 5 6 2 4
20150721 9 5 2 9 4 2
20150721 10 7 1 8 5 1
20150721 11 6 4 2 5 4
20150722 1 1 8 4 1 6
20150722 2 6 1 4 5 1
20150722 3 9 6 2 6 5
20150722 4 2 6 5 2 5
20150722 5 4 3 5 4 3
20150722 6 3 8 2 3 6
20150722 7 5 8 1 4 6
20150722 8 5 7 9 4 5
20150722 9 3 1 8 3 1
20150722 10 7 2 5 5 2
20150722 11 2 5 3 2 4
