20120211 1 1 5 2 1 4
20120211 2 2 4 1 2 4
20120211 3 5 1 2 4 1
20120211 4 2 1 3 2 1
20120211 5 3 9 2 3 6
20120211 6 1 3 9 1 3
20120211 7 5 4 6 4 4
20120211 8 1 5 8 1 4
20120211 9 4 5 9 4 4
20120211 10 3 5 7 3 4
20120211 11 2 1 4 2 1
20120212 1 4 5 9 4 4
20120212 2 1 9 6 1 6
20120212 3 3 2 7 3 2
20120212 4 7 1 5 5 1
20120212 5 5 3 1 4 3
20120212 6 3 7 6 3 5
20120212 7 9 1 4 6 1
20120212 8 2 3 9 2 3
20120212 9 1 2 8 1 2
20120212 10 1 5 3 1 4
20120212 11 2 9 7 2 6
20120213 1 7 1 9 5 1
20120213 2 8 1 3 6 1
20120213 3 2 7 5 2 5
20120213 4 6 1 3 5 1
20120213 5 3 1 7 3 1
20120213 6 5 7 1 4 5
20120213 7 5 7 1 4 5
20120213 8 2 1 3 2 1
20120213 9 5 2 1 4 2
20120213 10 7 2 1 5 2
20120213 11 3 5 2 3 4
20120214 1 7 3 8 5 3
20120214 2 4 7 2 4 5
20120214 3 1 6 7 1 5
20120214 4 1 3 5 1 3
20120214 5 6 5 3 5 4
20120214 6 1 2 3 1 2
20120214 7 5 1 2 4 1
20120214 8 2 9 1 2 6
20120214 9 1 9 6 1 6
20120214 10 1 6 4 1 5
20120214 11 1 3 8 1 3
20120718 1 7 2 3 5 2
20120718 2 9 1 3 6 1
20120718 3 7 3 9 5 3
20120718 4 2 5 1 2 4
20120718 5 5 1 2 4 1
20120718 6 7 4 1 5 4
20120718 7 5 1 8 4 1
20120718 8 1 5 3 1 4
20120718 9 5 2 1 4 2
20120718 10 2 5 7 2 4
20120718 11 1 2 9 1 2
20120719 1 3 1 5 3 1
20120719 2 2 1 5 2 1
20120719 3 7 1 3 5 1
20120719 4 3 1 9 3 1
20120719 5 7 3 2 5 3
20120719 6 5 3 9 4 3
20120719 7 5 1 4 4 1
20120719 8 7 8 3 5 6
20120719 9 3 2 9 3 2
20120719 10 8 3 7 6 3
20120719 11 6 3 1 5 3
20120720 1 3 9 5 3 6
20120720 2 2 9 3 2 6
20120720 3 3 9 1 3 6
20120720 4 7 8 5 5 6
20120720 5 3 7 5 3 5
20120720 6 1 3 5 1 3
20120720 7 2 3 8 2 3
20120720 8 2 1 5 2 1
20120720 9 5 9 8 4 6
20120720 10 7 1 9 5 1
20120720 11 1 9 4 1 6
20121001 1 3 5 8 3 4
20121001 2 7 1 4 5 1
20121001 3 1 7 9 1 5
20121001 4 1 7 5 1 5
20121001 5 2 1 7 2 1
20121001 6 2 3 6 2 3
20121001 7 2 6 3 2 5
20121001 8 1 2 9 1 2
20121001 9 1 4 7 1 4
20121001 10 2 4 3 2 4
20121001 11 5 7 1 4 5
20121002 1 5 1 3 4 1
20121002 2 9 3 2 6 3
20121002 3 1 5 9 1 4
20121002 4 5 2 8 4 2
20121002 5 9 1 6 6 1
20121002 6 3 2 1 3 2
20121002 7 1 6 2 1 5
20121002 8 1 6 2 1 5
20121002 9 2 9 5 2 6
20121002 10 9 7 1 6 5
20121002 11 5 2 7 4 2
20121003 1 2 7 5 2 5
20121003 2 5 6 7 4 5
20121003 3 3 1 5 3 1
20121003 4 2 4 9 2 4
20121003 5 5 7 1 4 5
20121003 6 7 3 6 5 3
20121003 7 2 3 1 2 3
20121003 8 5 3 1 4 3
20121003 9 3 7 1 3 5
20121003 10 2 1 5 2 1
20121003 11 2 9 4 2 6
20121106 1 7 3 6 5 3
20121106 2 9 1 7 6 1
20121106 3 1 7 5 1 5
20121106 4 2 1 5 2 1
20121106 5 1 9 4 1 6
20121106 6 8 3 4 6 3
20121106 7 1 5 9 1 4
20121106 8 1 3 5 1 3
20121106 9 5 7 2 4 5
20121106 10 2 3 4 2 3
20121106 11 3 7 9 3 5
20121107 1 3 2 5 3 2
20121107 2 1 3 2 1 3
20121107 3 1 3 9 1 3
20121107 4 2 3 1 2 3
20121107 5 5 7 2 4 5
20121107 6 2 5 6 2 4
20121107 7 1 6 7 1 5
20121107 8 3 1 5 3 1
20121107 9 1 2 5 1 2
20121107 10 9 1 3 6 1
20121107 11 1 8 5 1 6
20121108 1 9 1 3 6 1
20121108 2 2 8 9 2 6
20121108 3 2 5 1 2 4
20121108 4 1 9 3 1 6
20121108 5 3 7 4 3 5
20121108 6 2 8 4 2 6
20121108 7 5 1 3 5 1
20121108 8 1 2 7 1 2
20121108 9 3 2 8 3 2
20121108 10 5 2 7 4 2
20121108 11 5 1 7 4 1
20121203 1 1 2 7 0 0
20121203 2 7 1 6 0 0
20121203 3 5 4 1 0 0
20121203 4 7 2 6 0 0
20121203 5 1 7 5 0 0
20121203 6 4 3 2 4 3
20121203 7 7 2 1 5 2
20121203 8 5 9 1 4 6
20121203 9 7 9 1 5 6
20121203 10 3 1 5 3 1
20121203 11 6 8 3 5 6
20121204 1 4 1 2 0 0
20121204 2 5 3 1 0 0
20121204 3 1 7 6 0 0
20121204 4 1 2 7 0 0
20121204 5 2 5 3 0 0
20121204 6 3 1 7 3 1
20121204 7 1 4 7 1 4
20121204 8 2 1 5 2 1
20121204 9 1 9 4 1 6
20121204 10 2 9 5 2 6
20121204 11 2 5 3 2 4
20121205 1 2 5 1 0 0
20121205 2 3 4 5 0 0
20121205 3 5 4 3 0 0
20121205 4 7 3 4 0 0
20121205 5 9 1 5 6 1
20121205 6 1 2 6 1 2
20121205 7 5 7 9 4 5
20121205 8 2 5 9 2 4
20121205 9 1 8 3 1 6
20121205 10 3 2 1 0 0
20121205 11 1 2 3 1 2
20121225 1 7 1 3 5 1
20121225 2 1 3 5 1 3
20121225 3 2 1 5 2 1
20121225 4 3 5 1 3 4
20121225 5 2 7 1 2 5
20121225 6 5 1 3 0 0
20121225 7 1 4 7 0 0
20121225 8 9 7 5 6 5
20121225 9 1 7 9 1 5
20121225 10 3 7 8 3 5
20121225 11 5 2 3 4 2
20121225 12 7 4 9 5 4
20121226 1 9 3 8 6 3
20121226 2 3 4 7 3 4
20121226 3 1 5 2 1 4
20121226 4 1 5 2 1 4
20121226 5 9 2 1 6 2
20121226 6 4 3 1 0 0
20121226 7 7 2 1 0 0
20121226 8 2 5 1 2 4
20121226 9 1 5 7 1 4
20121226 10 3 2 7 3 2
20121226 11 3 7 8 3 5
20121226 12 2 4 8 2 4
20121227 1 9 7 5 6 5
20121227 2 2 4 7 2 4
20121227 3 1 3 5 1 3
20121227 4 7 2 4 5 2
20121227 5 1 3 2 0 0
20121227 6 2 7 4 2 6
20121227 7 1 9 7 1 6
20121227 8 3 1 4 3 1
20121227 9 2 5 7 2 4
20121227 10 3 1 2 3 1
20121227 11 5 3 7 0 0
20121227 12 1 3 9 1 3
20130110 1 7 3 5 0 0
20130110 2 3 5 6 0 0
20130110 3 5 1 3 0 0
20130110 4 5 3 1 0 0
20130110 5 7 4 2 0 0
20130110 6 9 1 3 6 1
20130110 7 7 3 2 5 3
20130110 8 1 3 2 1 3
20130110 9 2 7 6 2 5
20130110 10 9 1 2 6 1
20130110 11 7 6 2 5 5
20130111 1 2 4 1 0 0
20130111 2 4 1 7 0 0
20130111 3 3 1 7 0 0
20130111 4 1 4 6 0 0
20130111 5 3 4 2 0 0
20130111 6 7 1 5 5 1
20130111 7 2 7 5 2 5
20130111 8 8 2 5 6 2
20130111 9 1 5 3 1 4
20130111 10 6 3 1 5 3
20130111 11 3 1 9 3 1
20130112 1 5 1 6 0 0
20130112 2 5 1 6 0 0
20130112 3 6 7 1 0 0
20130112 4 1 3 5 0 0
20130112 5 4 8 3 4 6
20130112 6 7 3 2 5 3
20130112 7 7 4 1 5 4
20130112 8 1 3 9 1 3
20130112 9 5 7 6 4 5
20130112 10 3 1 6 0 0
20130112 11 6 1 7 5 1
20130123 1 5 7 1 0 0
20130123 2 2 4 7 0 0
20130123 3 1 7 2 0 0
20130123 4 1 7 5 0 0
20130123 5 2 7 6 0 0
20130123 6 1 7 9 1 5
20130123 7 3 1 8 3 1
20130123 8 2 6 1 2 5
20130123 9 6 2 1 5 2
20130123 10 4 2 5 4 2
20130123 11 5 8 6 4 6
20130124 1 2 5 1 0 0
20130124 2 6 5 4 0 0
20130124 3 1 6 3 0 0
20130124 4 5 1 6 0 0
20130124 5 7 4 6 0 0
20130124 6 2 9 4 2 6
20130124 7 5 9 2 4 6
20130124 8 2 1 6 2 1
20130124 9 6 9 4 5 6
20130124 10 2 5 9 2 4
20130124 11 5 1 8 4 1
20130125 1 4 1 5 0 0
20130125 2 3 6 5 0 0
20130125 3 5 3 2 0 0
20130125 4 3 5 6 0 0
20130125 5 3 4 5 3 4
20130125 6 1 3 2 1 3
20130125 7 2 1 5 2 1
20130125 8 9 3 1 6 3
20130125 9 3 6 1 3 5
20130125 10 4 7 5 0 0
20130125 11 6 1 8 5 1
20130204 1 3 7 2 0 0
20130204 2 3 7 1 0 0
20130204 3 7 1 3 0 0
20130204 4 1 5 7 0 0
20130204 5 1 7 3 0 0
20130204 6 2 5 1 2 4
20130204 7 5 2 8 4 2
20130204 8 3 5 7 3 4
20130204 9 9 3 1 6 3
20130204 10 5 1 8 4 1
20130204 11 8 7 2 6 5
20130205 1 7 1 3 0 0
20130205 2 4 3 5 0 0
20130205 3 1 4 7 0 0
20130205 4 2 7 6 0 0
20130205 5 2 3 7 0 0
20130205 6 9 1 5 6 1
20130205 7 9 8 7 6 6
20130205 8 8 7 1 6 5
20130205 9 3 1 5 3 1
20130205 10 2 5 1 2 4
20130205 11 1 5 3 1 4
20130206 1 2 7 1 0 0
20130206 2 1 4 5 0 0
20130206 3 4 5 1 0 0
20130206 4 4 3 1 0 0
20130206 5 2 6 8 2 5
20130206 6 7 3 5 5 3
20130206 7 1 9 2 1 6
20130206 8 1 5 2 1 4
20130206 9 5 2 6 4 2
20130206 10 3 7 2 0 0
20130206 11 1 2 9 1 2
20130223 1 3 1 7 3 1
20130223 2 7 2 5 5 2
20130223 3 8 5 1 6 4
20130223 4 9 4 2 6 4
20130223 5 5 9 1 4 6
20130223 6 9 7 4 6 5
20130223 7 5 1 7 4 1
20130223 8 1 2 9 1 2
20130223 9 1 9 2 1 6
20130223 10 3 5 1 3 4
20130223 11 3 5 1 3 4
20130224 1 7 5 9 5 4
20130224 2 7 9 1 5 6
20130224 3 3 6 2 3 5
20130224 4 9 2 4 6 2
20130224 5 2 4 1 2 4
20130224 6 2 5 8 2 4
20130224 7 5 2 3 4 2
20130224 8 7 9 2 5 6
20130224 9 5 9 4 4 6
20130224 10 5 6 1 4 5
20130224 11 1 3 4 0 0
20130224 12 2 5 9 2 4
20130225 1 1 6 7 1 5
20130225 2 3 7 2 3 5
20130225 3 1 9 4 1 6
20130225 4 9 1 8 6 1
20130225 5 3 9 4 3 6
20130225 6 3 7 4 3 5
20130225 7 2 9 5 2 6
20130225 8 3 7 5 3 5
20130225 9 2 8 7 2 6
20130225 10 5 1 7 4 1
20130225 11 1 5 7 1 4
20130226 1 8 7 1 6 5
20130226 2 6 7 9 5 5
20130226 3 9 2 6 6 2
20130226 4 1 9 2 1 6
20130226 5 3 2 4 3 2
20130226 6 9 6 3 6 5
20130226 7 3 9 2 3 6
20130226 8 1 3 5 1 3
20130226 9 1 2 6 1 2
20130226 10 9 2 7 6 2
20130226 11 2 5 6 2 4
20130325 1 7 2 3 0 0
20130325 2 1 7 3 0 0
20130325 3 7 5 2 0 0
20130325 4 5 3 1 0 0
20130325 5 1 7 3 0 0
20130325 6 7 3 4 5 3
20130325 7 5 9 2 4 6
20130325 8 7 1 5 5 1
20130325 9 7 5 1 5 4
20130325 10 3 1 6 3 1
20130325 11 1 7 5 1 5
20130326 1 5 2 7 0 0
20130326 2 7 3 5 0 0
20130326 3 7 2 3 0 0
20130326 4 3 4 1 0 0
20130326 5 3 2 5 0 0
20130326 6 1 7 5 1 5
20130326 7 1 5 8 1 4
20130326 8 7 6 2 5 5
20130326 9 2 1 5 2 1
20130326 10 1 2 3 1 2
20130326 11 7 3 4 5 3
20130327 1 7 4 1 0 0
20130327 2 5 1 3 0 0
20130327 3 3 6 4 0 0
20130327 4 5 6 2 0 0
20130327 5 7 3 6 5 3
20130327 6 1 6 2 1 5
20130327 7 1 3 2 1 3
20130327 8 1 3 5 1 3
20130327 9 1 5 9 1 4
20130327 10 5 2 3 0 0
20130327 11 4 1 9 4 1
20130408 1 7 2 4 0 0
20130408 2 3 5 4 0 0
20130408 3 2 7 3 0 0
20130408 4 1 3 7 0 0
20130408 5 1 2 7 0 0
20130408 6 7 3 1 5 3
20130408 7 4 2 7 4 2
20130408 8 2 5 1 2 4
20130408 9 2 9 7 2 6
20130408 10 7 1 8 5 1
20130409 1 2 5 4 0 0
20130409 2 4 2 1 0 0
20130409 3 4 7 5 0 0
20130409 4 7 6 3 0 0
20130409 5 7 5 1 0 0
20130409 6 9 2 3 6 2
20130409 7 1 7 6 1 5
20130409 8 7 1 2 5 1
20130409 9 5 3 2 4 3
20130409 10 7 5 1 5 4
20130410 1 3 1 5 0 0
20130410 2 3 1 4 0 0
20130410 3 7 3 2 0 0
20130410 4 4 3 6 0 0
20130410 5 1 6 4 1 5
20130410 6 1 9 5 1 6
20130410 7 7 2 1 5 2
20130410 8 1 5 3 1 4
20130410 9 4 7 5 0 0
20130410 10 4 1 7 4 1
20130417 1 5 3 9 4 3
20130417 2 5 1 7 4 1
20130417 3 8 3 9 6 3
20130417 4 2 3 9 2 3
20130417 5 7 2 4 5 2
20130417 6 1 9 2 1 6
20130417 7 7 1 5 5 1
20130417 8 5 7 3 4 5
20130417 9 3 1 9 3 1
20130417 10 5 1 2 4 1
20130417 11 8 3 6 6 3
20130418 1 1 2 9 1 2
20130418 2 5 3 2 4 3
20130418 3 4 8 2 4 6
20130418 4 1 7 3 1 5
20130418 5 9 2 3 6 2
20130418 6 2 9 3 2 6
20130418 7 3 5 7 3 4
20130418 8 7 2 1 5 2
20130418 9 1 6 9 1 5
20130418 10 1 9 2 1 6
20130418 11 3 8 2 3 6
20130419 1 2 8 7 2 6
20130419 2 4 9 2 4 6
20130419 3 9 7 8 6 5
20130419 4 1 7 8 1 5
20130419 5 5 9 1 4 6
20130419 6 3 6 1 3 5
20130419 7 5 4 9 4 4
20130419 8 3 4 7 3 4
20130419 9 1 7 3 1 5
20130419 10 7 9 2 5 6
20130419 11 1 5 7 1 4
20130521 1 1 4 3 1 4
20130521 2 1 4 7 1 4
20130521 3 1 5 7 1 4
20130521 4 9 2 3 6 2
20130521 5 5 2 1 4 2
20130521 6 3 9 1 3 6
20130521 7 7 8 2 5 6
20130521 8 9 2 7 6 2
20130521 9 2 5 9 2 4
20130521 10 1 9 2 1 6
20130521 11 2 7 9 2 5
20130522 1 1 4 8 1 4
20130522 2 2 6 7 2 5
20130522 3 1 3 9 1 3
20130522 4 5 1 2 4 1
20130522 5 1 5 6 1 4
20130522 6 5 3 2 4 3
20130522 7 8 5 3 6 4
20130522 8 5 3 9 4 3
20130522 9 4 3 1 4 3
20130522 10 3 4 7 3 4
20130522 11 1 2 5 1 2
20130523 1 3 9 2 3 6
20130523 2 2 5 6 2 4
20130523 3 1 5 7 1 4
20130523 4 9 4 2 6 4
20130523 5 5 3 6 4 3
20130523 6 3 2 5 3 2
20130523 7 6 2 7 5 2
20130523 8 8 9 2 6 6
20130523 9 7 5 2 5 4
20130523 10 4 1 7 4 1
20130523 11 7 2 3 5 2
20130604 1 7 2 4 0 0
20130604 2 3 7 5 0 0
20130604 3 7 1 5 0 0
20130604 4 3 7 2 0 0
20130604 5 1 7 5 0 0
20130604 6 5 8 7 4 6
20130604 7 2 4 8 2 4
20130604 8 7 1 9 5 1
20130604 9 1 3 5 1 3
20130604 10 7 3 2 5 3
20130605 1 7 3 1 0 0
20130605 2 1 5 3 0 0
20130605 3 2 7 1 0 0
20130605 4 3 1 7 0 0
20130605 5 7 3 2 0 0
20130605 6 5 7 1 4 5
20130605 7 9 2 7 6 2
20130605 8 1 6 5 1 5
20130605 9 3 9 7 3 6
20130605 10 9 1 7 6 1
20130606 1 2 1 3 0 0
20130606 2 3 7 1 0 0
20130606 3 1 5 4 0 0
20130606 4 7 1 3 0 0
20130606 5 2 9 1 2 6
20130606 6 8 4 5 6 4
20130606 7 4 1 7 4 1
20130606 8 1 3 7 1 3
20130606 9 7 5 1 0 0
20130606 10 1 2 4 1 2
20130618 1 7 1 2 0 0
20130618 2 7 4 3 0 0
20130618 3 5 1 6 0 0
20130618 4 5 3 4 0 0
20130618 5 7 1 2 0 0
20130618 6 7 3 1 5 3
20130618 7 2 5 7 2 4
20130618 8 1 9 5 1 6
20130618 9 7 1 2 5 1
20130618 10 5 1 7 4 1
20130619 1 7 2 1 0 0
20130619 2 4 3 7 0 0
20130619 3 5 2 4 0 0
20130619 4 1 2 7 0 0
20130619 5 4 5 3 0 0
20130619 6 1 5 9 1 4
20130619 7 1 3 5 1 3
20130619 8 1 9 2 1 6
20130619 9 3 7 4 3 5
20130619 10 1 4 5 1 4
20130620 1 4 1 3 0 0
20130620 2 4 2 1 0 0
20130620 3 1 6 3 0 0
20130620 4 6 3 7 0 0
20130620 5 1 7 2 1 5
20130620 6 7 1 4 5 1
20130620 7 2 7 5 2 5
20130620 8 2 8 6 2 6
20130620 9 4 7 1 0 0
20130620 10 5 2 1 4 2
20130716 1 2 4 5 0 0
20130716 2 2 7 3 0 0
20130716 3 3 4 1 0 0
20130716 4 3 1 5 0 0
20130716 5 1 2 4 0 0
20130716 6 1 7 2 1 5
20130716 7 7 1 4 5 1
20130716 8 1 4 7 1 4
20130716 9 4 5 1 4 4
20130716 10 3 2 1 3 2
20130717 1 1 7 3 0 0
20130717 2 4 1 3 0 0
20130717 3 4 7 1 0 0
20130717 4 1 6 5 0 0
20130717 5 3 4 5 0 0
20130717 6 1 5 3 1 4
20130717 7 1 2 7 1 2
20130717 8 4 6 1 4 5
20130717 9 5 1 3 4 1
20130717 10 2 4 8 2 4
20130718 1 4 7 2 0 0
20130718 2 7 2 4 0 0
20130718 3 3 2 7 0 0
20130718 4 2 1 5 0 0
20130718 5 1 9 2 1 6
20130718 6 2 7 8 2 5
20130718 7 9 2 6 6 2
20130718 8 5 3 4 4 3
20130718 9 2 1 7 0 0
20130718 10 7 8 2 5 6
20130805 1 3 7 2 3 5
20130805 2 1 5 6 1 4
20130805 3 9 1 3 6 1
20130805 4 5 2 3 4 2
20130805 5 3 1 7 3 1
20130805 6 7 2 4 5 2
20130805 7 9 1 2 6 1
20130805 8 1 7 3 1 5
20130805 9 7 4 3 5 4
20130805 10 4 7 1 4 5
20130805 11 3 9 7 3 6
20130806 1 1 5 9 1 4
20130806 2 1 2 7 1 2
20130806 3 9 1 3 6 1
20130806 4 3 5 2 3 4
20130806 5 1 5 3 1 4
20130806 6 7 1 2 5 1
20130806 7 3 5 7 3 5
20130806 8 4 1 5 4 1
20130806 9 2 7 8 2 5
20130806 10 3 2 6 3 2
20130806 11 1 3 9 1 3
20130807 1 2 8 5 2 6
20130807 2 5 3 6 4 3
20130807 3 1 2 9 1 2
20130807 4 3 9 8 3 6
20130807 5 2 4 1 2 4
20130807 6 3 5 9 3 4
20130807 7 1 8 5 1 6
20130807 8 8 5 6 6 4
20130807 9 2 5 9 2 4
20130807 10 8 5 7 6 4
20130807 11 2 1 5 2 1
20130819 1 5 3 7 0 0
20130819 2 5 1 2 0 0
20130819 3 1 5 2 0 0
20130819 4 1 5 2 0 0
20130819 5 2 4 5 0 0
20130819 6 9 4 3 6 4
20130819 7 9 2 5 6 2
20130819 8 1 9 5 1 6
20130819 9 7 5 2 5 4
20130819 10 5 7 9 4 5
20130820 1 1 4 7 0 0
20130820 2 1 4 3 0 0
20130820 3 7 1 4 0 0
20130820 4 5 3 6 0 0
20130820 5 1 5 3 0 0
20130820 6 7 1 5 5 1
20130820 7 2 7 5 2 5
20130820 8 7 2 3 5 2
20130820 9 1 9 3 1 6
20130820 10 3 2 6 3 2
20130821 1 1 3 2 0 0
20130821 2 3 1 5 0 0
20130821 3 7 1 4 0 0
20130821 4 1 2 5 0 0
20130821 5 1 7 3 1 5
20130821 6 4 3 7 4 3
20130821 7 2 9 3 2 6
20130821 8 8 2 9 6 2
20130821 9 3 2 1 0 0
20130821 10 2 8 5 2 6
20130831 1 7 1 4 0 0
20130831 2 2 5 3 0 0
20130831 3 7 1 2 0 0
20130831 4 2 7 1 0 0
20130831 5 6 4 3 0 0
20130831 6 1 3 2 0 0
20130831 7 1 5 2 0 0
20130831 8 8 3 5 6 3
20130831 9 7 1 6 5 1
20130831 10 2 9 3 2 6
20130831 11 3 2 5 3 2
20130831 12 5 1 8 4 1
20130901 1 4 5 7 0 0
20130901 2 1 2 7 0 0
20130901 3 2 1 3 0 0
20130901 4 5 3 7 0 0
20130901 5 5 2 6 0 0
20130901 6 1 4 5 0 0
20130901 7 5 3 7 0 0
20130901 8 1 2 4 1 2
20130901 9 7 5 4 5 4
20130901 10 6 3 1 5 3
20130901 11 3 2 9 3 2
20130901 12 1 5 2 1 4
20130902 1 5 2 6 0 0
20130902 2 7 2 4 0 0
20130902 3 1 7 2 0 0
20130902 4 7 3 5 0 0
20130902 5 6 1 4 0 0
20130902 6 1 2 4 1 2
20130902 7 9 4 7 6 4
20130902 8 6 7 3 5 5
20130902 9 5 7 1 4 5
20130902 10 3 1 4 0 0
20130902 11 3 4 2 0 0
20130902 12 3 1 9 3 1
20130918 1 5 1 3 0 0
20130918 2 1 2 3 0 0
20130918 3 5 4 1 0 0
20130918 4 7 3 1 0 0
20130918 5 1 5 3 0 0
20130918 6 2 4 8 2 4
20130918 7 2 1 3 2 1
20130918 8 1 2 9 1 2
20130918 9 1 8 7 1 6
20130918 10 9 1 2 6 1
20130919 1 3 7 5 0 0
20130919 2 4 1 5 0 0
20130919 3 5 1 3 0 0
20130919 4 1 3 7 0 0
20130919 5 4 2 5 0 0
20130919 6 2 5 8 2 4
20130919 7 7 1 9 5 1
20130919 8 1 2 4 1 2
20130919 9 1 7 9 1 5
20130919 10 2 9 1 2 6
20130920 1 2 3 7 0 0
20130920 2 7 4 2 0 0
20130920 3 6 4 5 0 0
20130920 4 3 6 5 0 0
20130920 5 5 2 9 4 2
20130920 6 2 9 5 2 6
20130920 7 3 5 4 3 4
20130920 8 9 1 3 6 1
20130920 9 1 5 3 0 0
20130920 10 2 9 7 2 6
20131002 1 1 5 7 1 4
20131002 2 7 2 9 5 2
20131002 3 2 5 1 2 4
20131002 4 1 3 9 1 3
20131002 5 7 5 9 5 4
20131002 6 5 1 9 4 1
20131002 7 1 5 7 1 4
20131002 8 1 7 5 1 5
20131002 9 1 7 2 1 5
20131002 10 1 7 5 1 5
20131002 11 1 9 2 1 6
20131003 1 1 7 5 1 5
20131003 2 1 3 5 1 3
20131003 3 7 4 9 5 4
20131003 4 1 3 9 1 3
20131003 5 1 4 5 1 4
20131003 6 2 5 1 2 4
20131003 7 9 5 3 6 4
20131003 8 9 8 6 6 6
20131003 9 1 3 5 1 3
20131003 10 1 3 4 1 3
20131003 11 8 3 4 6 3
20131004 1 1 8 3 1 6
20131004 2 9 5 1 6 4
20131004 3 7 8 5 5 6
20131004 4 8 3 9 6 3
20131004 5 1 7 5 1 5
20131004 6 8 2 3 6 2
20131004 7 4 9 3 4 6
20131004 8 3 2 5 3 2
20131004 9 8 3 9 6 3
20131004 10 3 1 8 3 1
20131004 11 2 9 1 2 6
20131024 1 1 7 5 0 0
20131024 2 1 4 3 0 0
20131024 3 2 1 3 0 0
20131024 4 1 3 5 0 0
20131024 5 5 1 7 0 0
20131024 6 3 8 1 3 6
20131024 7 1 9 5 1 6
20131024 8 2 9 3 2 6
20131024 9 1 7 9 1 5
20131024 10 2 6 5 2 5
20131025 1 7 5 2 0 0
20131025 2 1 4 2 0 0
20131025 3 2 3 5 0 0
20131025 4 2 1 7 0 0
20131025 5 4 3 2 0 0
20131025 6 9 4 8 6 4
20131025 7 1 5 3 1 4
20131025 8 7 3 1 5 3
20131025 9 5 2 9 4 2
20131025 10 1 5 7 1 4
20131026 1 1 3 5 0 0
20131026 2 4 7 1 0 0
20131026 3 4 7 2 0 0
20131026 4 1 5 2 0 0
20131026 5 7 2 1 5 2
20131026 6 1 3 4 1 3
20131026 7 5 2 1 4 2
20131026 8 2 3 7 2 3
20131026 9 4 2 3 0 0
20131026 10 1 7 8 1 5
20131031 1 2 3 5 0 0
20131031 2 5 1 2 0 0
20131031 3 5 3 1 0 0
20131031 4 7 3 1 0 0
20131031 5 2 5 1 0 0
20131031 6 2 1 5 2 1
20131031 7 5 2 7 4 2
20131031 8 3 4 7 3 4
20131031 9 1 2 7 1 2
20131031 10 3 1 5 3 1
20131101 1 3 7 2 0 0
20131101 2 2 5 1 0 0
20131101 3 2 7 4 0 0
20131101 4 5 4 1 0 0
20131101 5 1 4 7 0 0
20131101 6 3 6 7 3 5
20131101 7 1 5 7 1 4
20131101 8 2 5 1 2 4
20131101 9 9 1 4 6 1
20131101 10 2 5 1 2 4
20131102 1 1 2 4 0 0
20131102 2 5 6 3 0 0
20131102 3 1 4 3 0 0
20131102 4 5 3 4 0 0
20131102 5 9 3 2 6 3
20131102 6 8 5 7 6 4
20131102 7 5 8 6 4 6
20131102 8 2 5 4 2 4
20131102 9 3 7 4 0 0
20131102 10 7 8 4 5 6
20131223 1 1 5 2 0 0
20131223 2 5 2 1 0 0
20131223 3 5 1 2 0 0
20131223 4 1 3 4 0 0
20131223 5 7 1 4 0 0
20131223 6 4 1 3 0 0
20131223 7 5 7 3 0 0
20131223 8 2 5 8 2 4
20131223 9 2 7 4 2 5
20131223 10 9 5 2 6 4
20131223 11 1 3 7 1 3
20131223 12 5 2 3 4 2
20131224 1 1 4 7 0 0
20131224 2 1 7 4 0 0
20131224 3 5 2 7 0 0
20131224 4 1 6 5 0 0
20131224 5 5 3 2 0 0
20131224 6 2 7 1 0 0
20131224 7 6 7 5 0 0
20131224 8 8 1 2 6 1
20131224 9 1 9 7 1 6
20131224 10 5 1 2 4 1
20131224 11 9 3 1 6 3
20131224 12 2 5 1 2 4
20131225 1 1 7 2 0 0
20131225 2 7 6 4 0 0
20131225 3 2 7 6 0 0
20131225 4 2 6 5 0 0
20131225 5 4 1 6 0 0
20131225 6 7 3 5 5 3
20131225 7 2 1 7 2 1
20131225 8 7 2 9 0 0
20131225 9 9 1 2 6 1
20131225 10 3 6 1 0 0
20131225 11 5 1 7 0 0
20131225 12 3 1 7 3 1
20131231 1 7 9 1 5 6
20131231 2 1 9 5 1 6
20131231 3 3 5 7 3 4
20131231 4 2 9 7 2 6
20131231 5 7 8 5 5 6
20131231 6 4 8 6 4 6
20131231 7 7 5 2 5 4
20131231 8 7 2 5 5 2
20131231 9 2 5 9 2 4
20131231 10 2 9 3 2 6
20131231 11 4 7 1 4 5
20140101 1 8 5 6 6 4
20140101 2 5 6 2 4 5
20140101 3 5 2 4 4 2
20140101 4 9 2 5 6 2
20140101 5 5 9 2 4 6
20140101 6 1 9 3 1 6
20140101 7 2 3 4 2 3
20140101 8 1 5 9 1 4
20140101 9 2 9 7 2 6
20140101 10 9 7 5 6 5
20140101 11 1 5 3 1 4
20140102 1 8 6 2 6 5
20140102 2 4 3 2 4 3
20140102 3 9 1 3 6 1
20140102 4 3 4 1 3 4
20140102 5 5 1 4 4 1
20140102 6 5 3 2 4 3
20140102 7 5 1 6 4 1
20140102 8 2 8 7 2 6
20140102 9 4 9 3 4 6
20140102 10 5 7 8 4 5
20140102 11 5 6 7 4 5
20140115 1 1 3 4 0 0
20140115 2 1 7 3 0 0
20140115 3 7 5 1 0 0
20140115 4 5 2 3 0 0
20140115 5 3 7 1 0 0
20140115 6 1 7 2 1 5
20140115 7 5 1 2 4 1
20140115 8 3 2 7 3 2
20140115 9 8 1 2 6 1
20140115 10 8 1 6 6 1
20140116 1 6 5 1 0 0
20140116 2 5 1 7 0 0
20140116 3 5 7 4 0 0
20140116 4 1 2 3 0 0
20140116 5 5 7 1 0 0
20140116 6 7 1 2 5 1
20140116 7 7 1 4 5 1
20140116 8 7 1 5 5 1
20140116 9 1 7 5 1 5
20140116 10 1 7 9 1 5
20140117 1 1 4 5 0 0
20140117 2 3 2 6 0 0
20140117 3 2 3 4 0 0
20140117 4 1 3 4 0 0
20140117 5 5 1 7 4 1
20140117 6 3 7 1 3 5
20140117 7 2 9 4 2 6
20140117 8 7 4 9 5 4
20140117 9 3 2 4 0 0
20140117 10 8 1 4 6 1
20140209 1 3 1 7 3 1
20140209 2 3 7 5 3 5
20140209 3 7 8 4 5 6
20140209 4 5 6 8 4 5
20140209 5 2 4 1 2 4
20140209 6 8 7 5 6 5
20140209 7 3 1 5 3 1
20140209 8 1 5 2 1 4
20140209 9 9 2 5 6 2
20140209 10 3 7 8 3 5
20140209 11 5 3 1 4 3
20140209 12 5 3 2 4 3
20140210 1 9 5 7 6 4
20140210 2 5 1 3 4 1
20140210 3 1 2 4 1 2
20140210 4 1 5 4 1 4
20140210 5 8 2 5 6 2
20140210 6 3 5 8 3 4
20140210 7 8 2 9 6 2
20140210 8 1 5 6 1 4
20140210 9 1 6 5 1 5
20140210 10 7 9 6 5 6
20140210 11 1 2 9 1 2
20140210 12 7 9 4 5 6
20140211 1 8 5 9 6 4
20140211 2 9 2 7 6 2
20140211 3 9 1 2 6 1
20140211 4 4 6 2 4 5
20140211 5 5 1 3 4 1
20140211 6 2 1 7 2 1
20140211 7 9 4 2 6 4
20140211 8 9 4 8 6 4
20140211 9 5 9 4 4 6
20140211 10 1 2 6 1 2
20140211 11 2 5 8 2 4
20140211 12 5 3 2 4 3
20140212 1 1 4 5 1 4
20140212 2 2 7 1 2 5
20140212 3 6 2 3 5 2
20140212 4 2 9 6 2 6
20140212 5 6 5 1 5 4
20140212 6 2 3 6 2 3
20140212 7 7 1 3 5 1
20140212 8 3 6 7 3 5
20140212 9 3 4 2 3 4
20140212 10 1 3 7 1 3
20140212 11 7 4 6 5 4
20140311 1 5 2 3 4 2
20140311 2 7 1 2 5 1
20140311 3 2 4 8 2 4
20140311 4 9 4 5 6 4
20140311 5 1 5 6 1 4
20140311 6 4 3 2 4 3
20140311 7 4 6 7 4 5
20140311 8 3 7 9 3 5
20140311 9 2 5 4 2 4
20140311 10 3 7 5 3 5
20140311 11 8 2 9 6 2
20140312 1 5 2 3 4 2
20140312 2 1 9 5 1 6
20140312 3 2 9 6 2 6
20140312 4 3 5 6 3 4
20140312 5 7 8 9 5 6
20140312 6 1 2 7 1 2
20140312 7 3 6 1 3 5
20140312 8 2 3 5 2 3
20140312 9 3 5 1 3 4
20140312 10 2 1 3 2 1
20140312 11 2 5 8 2 4
20140313 1 3 4 8 3 4
20140313 2 7 1 8 5 1
20140313 3 8 4 2 6 4
20140313 4 5 7 6 4 5
20140313 5 2 5 1 2 4
20140313 6 1 3 2 1 3
20140313 7 5 7 9 4 5
20140313 8 3 1 8 3 1
20140313 9 9 8 3 6 6
20140313 10 2 7 4 2 5
20140313 11 5 4 1 4 4
20140409 1 7 3 5 0 0
20140409 2 7 3 1 0 0
20140409 3 7 1 3 0 0
20140409 4 5 2 1 0 0
20140409 5 3 4 5 0 0
20140409 6 3 2 5 3 2
20140409 7 2 8 1 2 6
20140409 8 9 3 1 6 3
20140409 9 7 1 3 5 1
20140409 10 2 5 3 2 4
20140410 1 4 1 2 0 0
20140410 2 2 4 5 0 0
20140410 3 3 7 1 0 0
20140410 4 3 1 7 0 0
20140410 5 2 5 1 0 0
20140410 6 8 7 1 6 5
20140410 7 7 5 9 5 4
20140410 8 1 4 7 1 4
20140410 9 8 7 2 6 5
20140410 10 9 3 2 6 3
20140411 1 4 2 1 0 0
20140411 2 1 3 5 0 0
20140411 3 7 2 1 0 0
20140411 4 4 2 3 0 0
20140411 5 7 5 8 5 4
20140411 6 1 5 3 1 4
20140411 7 5 7 9 4 5
20140411 8 3 4 2 3 4
20140411 9 4 3 6 0 0
20140411 10 8 5 2 6 4
20140521 1 9 1 7 6 1
20140521 2 9 7 3 6 5
20140521 3 3 5 1 3 4
20140521 4 8 5 4 6 4
20140521 5 7 9 2 5 6
20140521 6 4 6 2 4 5
20140521 7 9 3 5 6 3
20140521 8 4 5 3 4 4
20140521 9 7 1 5 5 1
20140521 10 3 1 6 3 1
20140521 11 7 3 9 5 3
20140522 1 9 1 3 6 1
20140522 2 8 1 5 6 1
20140522 3 6 2 1 5 2
20140522 4 1 9 7 1 6
20140522 5 3 4 1 3 4
20140522 6 3 2 5 3 2
20140522 7 4 8 6 4 6
20140522 8 3 6 8 3 5
20140522 9 1 3 6 1 3
20140522 10 5 2 4 4 2
20140522 11 1 6 4 1 5
20140523 1 4 7 5 4 5
20140523 2 7 1 4 5 1
20140523 3 3 5 8 3 4
20140523 4 4 5 2 4 4
20140523 5 5 3 2 4 3
20140523 6 8 3 6 6 3
20140523 7 9 3 8 6 3
20140523 8 9 5 3 6 4
20140523 9 2 9 4 2 6
20140523 10 2 4 1 2 4
20140523 11 5 1 7 4 1
20140609 1 1 5 6 0 0
20140609 2 5 1 7 0 0
20140609 3 3 5 1 0 0
20140609 4 1 7 2 0 0
20140609 5 2 7 1 0 0
20140609 6 9 1 3 6 1
20140609 7 1 5 3 1 4
20140609 8 9 2 1 6 2
20140609 9 1 3 5 1 3
20140609 10 9 7 3 6 5
20140610 1 1 4 2 0 0
20140610 2 4 1 2 0 0
20140610 3 3 2 5 0 0
20140610 4 4 2 3 0 0
20140610 5 4 5 2 0 0
20140610 6 9 4 1 6 4
20140610 7 9 4 2 6 4
20140610 8 2 1 5 2 1
20140610 9 1 2 4 1 2
20140610 10 2 1 3 2 1
20140611 1 5 6 3 0 0
20140611 2 7 2 1 0 0
20140611 3 2 1 3 0 0
20140611 4 1 4 5 0 0
20140611 5 2 9 5 2 6
20140611 6 1 7 3 1 5
20140611 7 2 3 5 2 3
20140611 8 2 7 5 2 5
20140611 9 7 2 5 0 0
20140611 10 8 3 4 6 3
20140619 1 3 1 2 0 0
20140619 2 7 2 1 0 0
20140619 3 6 1 5 0 0
20140619 4 2 7 1 0 0
20140619 5 5 7 1 0 0
20140619 6 5 1 7 0 0
20140619 7 7 1 2 0 0
20140619 8 7 5 1 5 4
20140619 9 7 5 1 5 4
20140619 10 1 5 2 1 4
20140619 11 1 5 9 1 4
20140619 12 2 7 6 2 5
20140620 1 2 5 3 0 0
20140620 2 1 5 4 0 0
20140620 3 2 1 5 0 0
20140620 4 5 1 4 0 0
20140620 5 2 7 5 0 0
20140620 6 2 1 7 0 0
20140620 7 7 5 1 0 0
20140620 8 1 7 6 1 5
20140620 9 5 1 3 4 1
20140620 10 7 6 4 5 5
20140620 11 1 5 9 1 4
20140620 12 7 5 1 5 4
20140621 1 7 1 5 0 0
20140621 2 4 6 1 0 0
20140621 3 1 7 2 0 0
20140621 4 4 6 2 0 0
20140621 5 7 5 4 0 0
20140621 6 2 5 1 2 4
20140621 7 9 4 5 6 4
20140621 8 5 9 8 4 6
20140621 9 5 6 1 4 5
20140621 10 7 1 4 0 0
20140621 11 6 3 7 0 0
20140621 12 2 9 6 2 6
20140714 1 4 3 2 4 3
20140714 2 7 5 9 5 4
20140714 3 3 9 2 3 6
20140714 4 9 3 1 6 3
20140714 5 5 9 2 4 6
20140714 6 7 9 1 5 6
20140714 7 3 2 1 3 2
20140714 8 7 3 2 5 3
20140714 9 3 5 9 3 4
20140714 10 7 6 5 5 5
20140714 11 7 2 9 5 2
20140715 1 9 1 3 6 1
20140715 2 1 5 4 1 4
20140715 3 9 3 1 6 3
20140715 4 1 2 5 1 2
20140715 5 1 7 3 1 5
20140715 6 7 1 5 5 1
20140715 7 2 6 7 2 5
20140715 8 9 7 2 6 5
20140715 9 5 1 6 4 1
20140715 10 7 4 9 5 4
20140715 11 8 7 3 6 5
20140716 1 5 2 9 4 2
20140716 2 5 2 9 4 2
20140716 3 9 3 5 6 3
20140716 4 7 9 2 5 6
20140716 5 5 2 8 4 2
20140716 6 7 1 3 5 1
20140716 7 2 1 7 2 1
20140716 8 6 3 2 5 3
20140716 9 1 7 9 1 5
20140716 10 5 1 9 4 1
20140716 11 4 1 2 4 1
20140811 1 2 9 7 2 6
20140811 2 7 1 4 5 1
20140811 3 1 9 4 1 6
20140811 4 1 9 2 1 6
20140811 5 1 7 2 1 5
20140811 6 4 2 7 4 2
20140811 7 3 2 7 3 2
20140811 8 4 3 5 4 3
20140811 9 7 9 1 5 6
20140811 10 2 4 9 2 4
20140811 11 2 9 4 2 6
20140812 1 2 9 5 2 6
20140812 2 9 2 3 6 2
20140812 3 8 5 3 6 4
20140812 4 3 7 5 3 5
20140812 5 2 1 9 2 1
20140812 6 7 8 1 5 6
20140812 7 9 7 8 6 5
20140812 8 2 7 6 2 5
20140812 9 1 9 7 1 6
20140812 10 2 9 7 2 6
20140812 11 4 5 3 4 4
20140813 1 9 3 5 6 3
20140813 2 7 3 9 5 3
20140813 3 1 5 9 1 4
20140813 4 7 5 3 5 4
20140813 5 9 7 3 6 5
20140813 6 9 2 8 6 2
20140813 7 8 2 9 6 2
20140813 8 1 5 3 1 4
20140813 9 2 9 1 2 6
20140813 10 5 9 8 4 6
20140813 11 1 5 3 1 4
20140829 1 6 2 4 0 0
20140829 2 4 7 2 0 0
20140829 3 3 5 7 0 0
20140829 4 1 3 2 0 0
20140829 5 1 5 7 0 0
20140829 6 4 2 1 0 0
20140829 7 6 3 4 0 0
20140829 8 3 1 8 3 1
20140829 9 1 9 2 1 6
20140829 10 8 2 1 6 2
20140829 11 5 2 9 4 2
20140829 12 1 2 4 1 2
20140830 1 1 5 7 0 0
20140830 2 5 2 4 0 0
20140830 3 1 3 7 0 0
20140830 4 5 1 2 0 0
20140830 5 1 7 3 0 0
20140830 6 3 6 4 0 0
20140830 7 2 5 4 0 0
20140830 8 7 9 1 5 6
20140830 9 7 9 8 5 6
20140830 10 2 1 9 2 1
20140830 11 2 5 3 2 4
20140830 12 2 1 5 2 1
20140831 1 6 7 5 0 0
20140831 2 7 5 3 0 0
20140831 3 4 7 3 0 0
20140831 4 1 5 7 0 0
20140831 5 4 2 5 0 0
20140831 6 3 8 9 3 6
20140831 7 3 4 8 3 4
20140831 8 1 3 4 1 3
20140831 9 6 4 7 5 4
20140831 10 4 2 3 0 0
20140831 11 2 4 1 0 0
20140831 12 3 8 1 3 6
20140924 1 1 7 5 1 5
20140924 2 9 5 7 6 4
20140924 3 1 9 4 1 6
20140924 4 4 7 1 4 5
20140924 5 3 2 1 3 2
20140924 6 8 4 5 6 4
20140924 7 2 5 8 2 4
20140924 8 7 3 5 5 3
20140924 9 1 3 4 1 3
20140924 10 5 7 8 4 5
20140924 11 5 3 2 4 3
20140925 1 6 8 1 5 6
20140925 2 3 9 7 3 6
20140925 3 3 1 9 3 1
20140925 4 4 6 5 4 5
20140925 5 3 2 7 3 2
20140925 6 1 5 2 1 4
20140925 7 9 3 2 6 3
20140925 8 7 9 2 5 6
20140925 9 7 1 5 5 1
20140925 10 5 7 3 4 5
20140925 11 2 1 9 2 1
20140926 1 6 9 1 5 6
20140926 2 5 1 4 4 1
20140926 3 9 2 3 6 2
20140926 4 7 3 1 5 3
20140926 5 8 5 1 6 4
20140926 6 9 3 5 6 3
20140926 7 1 2 5 1 2
20140926 8 4 1 5 4 1
20140926 9 1 7 8 1 5
20140926 10 1 9 3 1 6
20140926 11 8 3 1 6 3
20141006 1 5 7 1 0 0
20141006 2 1 7 5 0 0
20141006 3 4 7 2 0 0
20141006 4 6 7 1 0 0
20141006 5 7 1 3 0 0
20141006 6 9 7 5 6 5
20141006 7 5 1 3 4 1
20141006 8 9 2 7 6 2
20141006 9 5 1 2 4 1
20141006 10 2 7 4 2 5
20141007 1 5 6 3 0 0
20141007 2 4 2 1 0 0
20141007 3 1 6 4 0 0
20141007 4 5 1 3 0 0
20141007 5 1 4 2 0 0
20141007 6 7 8 9 5 6
20141007 7 2 1 7 2 1
20141007 8 1 7 3 1 5
20141007 9 9 1 7 6 1
20141007 10 3 2 4 3 2
20141008 1 2 5 3 0 0
20141008 2 4 7 1 0 0
20141008 3 3 7 4 0 0
20141008 4 1 4 6 0 0
20141008 5 5 2 4 4 2
20141008 6 1 9 2 1 6
20141008 7 5 6 1 4 5
20141008 8 1 5 9 1 4
20141008 9 5 1 7 0 0
20141008 10 4 2 1 4 2
20141011 1 2 7 5 0 0
20141011 2 5 2 3 0 0
20141011 3 7 1 3 0 0
20141011 4 7 5 3 0 0
20141011 5 5 2 4 0 0
20141011 6 3 9 7 3 6
20141011 7 3 7 1 3 5
20141011 8 1 9 3 1 6
20141011 9 2 5 3 2 4
20141011 10 4 6 2 4 5
20141012 1 7 2 4 0 0
20141012 2 7 1 5 0 0
20141012 3 5 4 7 0 0
20141012 4 3 4 1 0 0
20141012 5 4 5 3 0 0
20141012 6 9 3 2 6 3
20141012 7 4 1 3 4 1
20141012 8 9 1 5 6 1
20141012 9 1 9 5 1 6
20141012 10 7 5 3 5 4
20141014 1 7 3 4 0 0
20141014 2 7 1 3 0 0
20141014 3 7 6 3 0 0
20141014 4 3 5 2 0 0
20141014 5 8 7 6 6 5
20141014 6 3 5 8 3 4
20141014 7 1 5 7 1 4
20141014 8 4 2 7 4 2
20141014 9 1 2 4 0 0
20141014 10 2 6 8 2 5
20141113 1 2 9 6 2 6
20141113 2 5 9 2 4 6
20141113 3 2 9 3 2 6
20141113 4 2 7 1 2 5
20141113 5 3 1 9 3 1
20141113 6 1 7 2 1 5
20141113 7 4 1 2 4 1
20141113 8 5 1 7 4 1
20141113 9 7 2 8 5 2
20141113 10 1 8 6 1 6
20141113 11 1 7 3 1 5
20141113 12 2 9 5 2 6
20141114 1 2 5 3 2 4
20141114 2 6 9 8 5 6
20141114 3 1 4 3 1 4
20141114 4 3 4 2 3 4
20141114 5 7 2 9 5 2
20141114 6 8 2 3 6 2
20141114 7 3 5 1 3 4
20141114 8 7 1 2 5 1
20141114 9 1 5 7 1 4
20141114 10 8 4 5 6 4
20141114 11 2 3 4 2 3
20141114 12 5 3 1 4 3
20141115 1 3 5 7 3 5
20141115 2 2 7 1 2 6
20141115 3 4 8 2 4 6
20141115 4 7 5 6 5 4
20141115 5 5 7 4 4 5
20141115 6 5 3 4 4 3
20141115 7 2 8 1 2 6
20141115 8 7 1 3 5 1
20141115 9 9 5 8 6 4
20141115 10 2 4 8 2 4
20141115 11 1 5 2 1 4
20141115 12 2 9 6 2 6
20141116 1 9 5 3 6 4
20141116 2 3 7 1 3 5
20141116 3 9 1 2 6 1
20141116 4 9 7 5 6 5
20141116 5 5 2 8 4 2
20141116 6 1 9 7 1 6
20141116 7 1 9 3 1 6
20141116 8 1 7 5 1 5
20141116 9 3 5 7 3 4
20141116 10 5 2 9 4 2
20141116 11 3 9 4 3 6
20141224 1 5 1 3 0 0
20141224 2 3 1 7 0 0
20141224 3 5 3 7 0 0
20141224 4 2 1 4 0 0
20141224 5 1 7 3 0 0
20141224 6 5 4 2 4 4
20141224 7 5 2 7 4 2
20141224 8 9 1 5 6 1
20141224 9 5 1 7 4 1
20141224 10 3 5 1 3 4
20141225 1 7 4 2 0 0
20141225 2 3 7 6 0 0
20141225 3 4 7 3 0 0
20141225 4 3 5 4 0 0
20141225 5 3 1 7 0 0
20141225 6 3 8 1 3 6
20141225 7 7 2 3 5 2
20141225 8 5 9 2 4 6
20141225 9 1 3 6 1 3
20141225 10 7 3 9 5 3
20141226 1 2 5 3 0 0
20141226 2 5 2 3 0 0
20141226 3 1 5 3 0 0
20141226 4 7 1 4 0 0
20141226 5 6 1 5 5 1
20141226 6 2 1 9 2 1
20141226 7 2 7 1 2 5
20141226 8 2 7 1 2 5
20141226 9 7 1 6 0 0
20141226 10 7 9 5 5 6
20150119 1 1 7 4 1 5
20150119 2 5 3 1 4 3
20150119 3 7 4 3 5 4
20150119 4 7 9 6 5 6
20150119 5 1 7 2 1 5
20150119 6 2 4 7 2 4
20150119 7 4 8 5 4 6
20150119 8 6 7 1 5 5
20150119 9 9 5 1 6 4
20150119 10 8 2 5 6 2
20150119 11 2 5 9 2 4
20150120 1 1 5 4 1 4
20150120 2 4 2 3 4 2
20150120 3 9 2 8 6 2
20150120 4 4 1 8 4 1
20150120 5 3 9 5 3 6
20150120 6 3 5 6 3 4
20150120 7 7 3 1 5 3
20150120 8 9 8 3 6 6
20150120 9 1 7 2 1 5
20150120 10 5 1 2 4 1
20150120 11 1 3 2 1 3
20150121 1 5 1 8 4 1
20150121 2 5 9 1 4 6
20150121 3 1 3 5 1 3
20150121 4 2 1 3 2 1
20150121 5 9 1 5 6 1
20150121 6 1 7 3 1 5
20150121 7 9 1 6 6 1
20150121 8 3 2 4 3 2
20150121 9 7 2 1 5 2
20150121 10 1 9 3 1 6
20150121 11 2 8 4 2 6
20150128 1 3 1 5 0 0
20150128 2 2 4 5 0 0
20150128 3 7 1 4 0 0
20150128 4 5 1 3 0 0
20150128 5 1 4 7 0 0
20150128 6 1 7 2 1 5
20150128 7 3 7 2 3 5
20150128 8 9 4 3 6 4
20150128 9 2 7 1 2 5
20150128 10 1 3 2 1 3
20150129 1 3 7 1 0 0
20150129 2 7 3 5 0 0
20150129 3 7 5 1 0 0
20150129 4 4 2 7 0 0
20150129 5 1 6 3 0 0
20150129 6 1 4 6 1 4
20150129 7 8 6 5 6 5
20150129 8 3 9 2 3 6
20150129 9 7 2 8 5 2
20150129 10 2 7 8 2 5
20150130 1 7 2 6 0 0
20150130 2 1 4 5 0 0
20150130 3 7 4 2 0 0
20150130 4 1 4 6 0 0
20150130 5 0 0 0 6 1
20150130 6 2 7 3 2 5
20150130 7 2 7 1 2 5
20150130 8 5 2 3 4 2
20150130 9 2 3 1 0 0
20150130 10 2 9 1 2 6
20150206 1 9 2 1 6 2
20150206 2 2 5 7 2 4
20150206 3 5 3 1 4 3
20150206 4 8 1 7 6 1
20150206 5 7 2 9 5 2
20150206 6 9 5 8 6 4
20150206 7 2 8 4 2 6
20150206 8 3 5 9 3 4
20150206 9 2 1 5 2 1
20150206 10 2 7 1 2 5
20150206 11 4 3 8 4 3
20150207 1 5 7 2 4 5
20150207 2 4 8 1 4 6
20150207 3 5 3 9 4 3
20150207 4 7 9 3 5 6
20150207 5 2 1 7 2 1
20150207 6 7 8 1 5 6
20150207 7 1 2 7 1 2
20150207 8 2 8 5 2 6
20150207 9 3 7 2 3 5
20150207 10 1 8 3 1 6
20150207 11 5 3 1 4 3
20150208 1 3 4 5 3 4
20150208 2 9 1 4 6 1
20150208 3 1 6 2 1 5
20150208 4 3 5 2 3 4
20150208 5 1 3 7 1 3
20150208 6 2 9 8 2 6
20150208 7 3 1 2 3 1
20150208 8 3 2 5 3 2
20150208 9 9 1 7 6 1
20150208 10 3 9 4 3 6
20150208 11 4 3 2 4 3
20150314 1 5 7 8 4 5
20150314 2 9 7 1 6 5
20150314 3 1 9 4 1 6
20150314 4 2 3 8 2 3
20150314 5 1 8 2 1 6
20150314 6 1 3 7 0 0
20150314 7 6 5 1 0 0
20150314 8 2 3 9 2 3
20150314 9 7 2 3 5 2
20150314 10 1 7 2 1 5
20150314 11 1 9 3 1 6
20150314 12 5 4 1 4 4
20150315 1 1 8 5 1 6
20150315 2 3 9 8 3 6
20150315 3 5 2 3 4 2
20150315 4 9 1 4 6 1
20150315 5 2 1 3 2 1
20150315 6 7 6 2 0 0
20150315 7 5 1 6 0 0
20150315 8 2 5 7 2 4
20150315 9 2 9 4 2 6
20150315 10 1 6 3 1 5
20150315 11 4 9 7 4 6
20150315 12 9 2 3 6 2
20150316 1 3 4 8 3 4
20150316 2 1 2 4 1 2
20150316 3 5 1 2 4 1
20150316 4 1 3 6 1 3
20150316 5 2 1 6 0 0
20150316 6 1 5 3 1 5
20150316 7 6 8 3 5 6
20150316 8 2 5 1 2 4
20150316 9 9 1 2 6 1
20150316 10 3 8 1 3 6
20150316 11 1 2 5 0 0
20150316 12 1 7 5 1 5
20150326 1 5 4 6 0 0
20150326 2 3 5 1 0 0
20150326 3 4 1 7 0 0
20150326 4 5 3 2 0 0
20150326 5 4 3 6 0 0
20150326 6 2 8 5 2 6
20150326 7 9 1 2 6 1
20150326 8 2 3 9 2 3
20150326 9 1 3 9 1 3
20150326 10 2 4 1 2 4
20150327 1 2 1 3 0 0
20150327 2 4 1 7 0 0
20150327 3 5 3 6 0 0
20150327 4 3 4 7 0 0
20150327 5 7 3 1 0 0
20150327 6 7 1 4 5 1
20150327 7 1 7 5 1 5
20150327 8 4 3 2 4 3
20150327 9 5 1 7 4 1
20150327 10 5 2 1 4 2
20150328 1 7 3 4 0 0
20150328 2 1 2 5 0 0
20150328 3 7 1 4 0 0
20150328 4 2 7 6 0 0
20150328 5 9 5 3 6 4
20150328 6 7 2 3 5 2
20150328 7 2 8 1 2 6
20150328 8 5 3 1 4 3
20150328 9 1 5 3 0 0
20150328 10 9 2 7 6 2
20150507 1 3 7 4 0 0
20150507 2 3 2 7 0 0
20150507 3 4 1 3 0 0
20150507 4 2 7 4 0 0
20150507 5 2 3 7 0 0
20150507 6 2 4 1 0 0
20150507 7 7 1 4 0 0
20150507 8 1 7 5 1 5
20150507 9 7 9 1 5 6
20150507 10 5 1 2 4 1
20150507 11 9 2 1 6 2
20150507 12 8 2 5 6 2
20150508 1 3 1 4 0 0
20150508 2 4 1 3 0 0
20150508 3 2 4 6 0 0
20150508 4 5 7 6 0 0
20150508 5 1 4 3 0 0
20150508 6 5 1 7 0 0
20150508 7 2 3 5 0 0
20150508 8 7 1 4 5 1
20150508 9 2 6 9 2 5
20150508 10 7 2 4 5 2
20150508 11 7 1 2 5 1
20150508 12 5 2 3 4 2
20150509 1 5 7 3 0 0
20150509 2 1 3 2 0 0
20150509 3 4 2 7 0 0
20150509 4 1 3 6 0 0
20150509 5 7 3 1 0 0
20150509 6 1 5 3 1 4
20150509 7 1 3 7 1 3
20150509 8 3 9 6 3 6
20150509 9 2 7 9 2 5
20150509 10 4 3 1 0 0
20150509 11 1 7 4 0 0
20150509 12 2 9 1 2 6
20150603 1 7 1 4 0 0
20150603 2 1 7 5 0 0
20150603 3 4 3 1 0 0
20150603 4 1 3 5 0 0
20150603 5 5 7 1 0 0
20150603 6 7 3 4 5 3
20150603 7 1 5 8 1 4
20150603 8 1 2 5 1 2
20150603 9 1 5 9 1 4
20150603 10 3 1 2 3 1
20150604 1 1 5 7 0 0
20150604 2 2 1 3 0 0
20150604 3 2 7 5 0 0
20150604 4 5 1 3 0 0
20150604 5 1 6 2 0 0
20150604 6 2 1 7 2 1
20150604 7 9 4 7 6 4
20150604 8 2 3 9 2 3
20150604 9 3 9 5 3 6
20150604 10 5 1 6 4 1
20150605 1 7 1 4 0 0
20150605 2 2 4 1 0 0
20150605 3 6 1 2 0 0
20150605 4 5 4 7 0 0
20150605 5 1 2 3 1 2
20150605 6 1 9 7 1 6
20150605 7 2 1 3 2 1
20150605 8 4 9 5 4 6
20150605 9 7 1 2 0 0
20150605 10 2 1 4 2 1
20150721 1 5 7 1 0 0
20150721 2 2 1 7 0 0
20150721 3 7 1 4 0 0
20150721 4 5 1 3 0 0
20150721 5 3 1 5 0 0
20150721 6 5 1 7 4 1
20150721 7 2 7 5 2 5
20150721 8 3 2 5 3 2
20150721 9 3 7 1 3 5
20150721 10 3 4 6 3 4
20150722 1 3 7 5 0 0
20150722 2 4 7 3 0 0
20150722 3 4 3 7 0 0
20150722 4 1 3 4 0 0
20150722 5 2 5 7 0 0
20150722 6 1 7 5 1 5
20150722 7 3 1 2 3 1
20150722 8 5 1 7 4 1
20150722 9 9 5 2 6 4
20150722 10 5 1 4 4 1
