20120305 1 5 8 3 4 6
20120305 2 7 3 2 5 3
20120305 3 2 3 5 2 3
20120305 4 7 3 1 5 3
20120305 5 2 7 9 2 5
20120305 6 2 8 7 2 6
20120305 7 5 3 1 4 3
20120305 8 5 2 1 4 2
20120305 9 7 3 9 5 3
20120305 10 5 7 2 4 5
20120305 11 3 7 2 3 5
20120305 12 6 1 2 5 1
20120306 1 5 1 9 4 1
20120306 2 7 9 6 5 6
20120306 3 1 8 4 1 6
20120306 4 1 2 3 1 2
20120306 5 7 5 1 5 4
20120306 6 9 7 8 6 5
20120306 7 4 5 1 4 4
20120306 8 9 1 3 6 1
20120306 9 1 9 3 1 6
20120306 10 1 7 5 1 5
20120306 11 5 6 3 4 5
20120306 12 8 6 5 6 5
20120307 1 7 3 4 5 3
20120307 2 1 2 4 1 2
20120307 3 7 8 2 5 6
20120307 4 6 8 9 5 6
20120307 5 1 6 2 1 5
20120307 6 5 4 6 4 4
20120307 7 2 1 6 2 1
20120307 8 9 2 8 6 2
20120307 9 5 1 8 4 1
20120307 10 9 4 8 6 4
20120307 11 1 7 3 1 5
20120307 12 3 2 5 3 2
