20120705 1 5 1 2 4 1
20120705 2 3 5 4 3 4
20120705 3 3 2 1 3 2
20120705 4 5 2 3 4 2
20120705 5 5 3 2 4 3
20120705 6 7 9 1 5 6
20120705 7 5 3 9 4 3
20120705 8 2 5 1 2 4
20120705 9 5 3 2 4 3
20120705 10 2 7 3 2 5
20120705 11 2 3 7 2 3
20120706 1 8 1 9 6 1
20120706 2 9 2 5 6 2
20120706 3 9 3 5 6 3
20120706 4 3 9 4 3 6
20120706 5 6 4 8 5 4
20120706 6 7 1 9 5 1
20120706 7 5 1 6 4 1
20120706 8 7 2 8 5 2
20120706 9 8 2 5 6 2
20120706 10 2 1 9 2 1
20120706 11 3 8 5 3 6
20120707 1 5 3 7 4 3
20120707 2 8 5 1 6 4
20120707 3 1 9 2 1 6
20120707 4 5 8 3 4 6
20120707 5 2 1 9 2 1
20120707 6 7 5 2 5 4
20120707 7 1 2 7 1 2
20120707 8 1 3 2 1 3
20120707 9 7 2 8 5 2
20120707 10 3 1 4 3 1
20120707 11 3 9 4 3 6
20120708 1 9 7 2 6 5
20120708 2 2 5 1 2 4
20120708 3 9 1 4 6 1
20120708 4 8 4 2 6 4
20120708 5 1 3 8 1 3
20120708 6 5 2 7 4 2
20120708 7 7 2 9 5 2
20120708 8 9 5 2 6 4
20120708 9 2 1 8 2 1
20120708 10 5 2 1 4 2
20120708 11 2 3 9 2 3
20120725 1 1 5 8 1 4
20120725 2 2 9 3 2 6
20120725 3 7 3 1 5 3
20120725 4 9 2 7 6 2
20120725 5 7 1 2 5 1
20120725 6 7 3 6 5 3
20120725 7 9 7 3 6 5
20120725 8 9 1 7 6 1
20120725 9 7 4 9 5 4
20120725 10 9 1 5 6 1
20120725 11 1 4 3 1 4
20120726 1 5 9 1 4 6
20120726 2 1 3 6 1 3
20120726 3 8 1 9 6 1
20120726 4 7 3 4 5 3
20120726 5 1 4 9 1 4
20120726 6 1 2 7 1 2
20120726 7 1 6 5 1 5
20120726 8 1 9 5 1 6
20120726 9 3 2 1 3 2
20120726 10 5 9 3 4 6
20120726 11 2 3 1 2 3
20120727 1 3 8 5 3 6
20120727 2 9 1 7 6 1
20120727 3 9 1 5 6 1
20120727 4 5 7 1 4 5
20120727 5 7 2 6 5 2
20120727 6 1 5 2 1 4
20120727 7 1 4 7 1 4
20120727 8 2 5 4 2 4
20120727 9 1 5 9 1 4
20120727 10 7 1 5 5 1
20120727 11 9 6 5 6 5
20120804 1 5 3 7 0 0
20120804 2 4 2 1 0 0
20120804 3 3 4 7 0 0
20120804 4 5 1 3 0 0
20120804 5 2 3 5 0 0
20120804 6 9 1 7 6 1
20120804 7 3 5 9 3 4
20120804 8 4 3 2 4 3
20120804 9 5 1 9 4 1
20120804 10 3 2 4 3 2
20120804 11 9 2 5 6 2
20120805 1 1 6 2 0 0
20120805 2 3 7 5 0 0
20120805 3 1 7 4 0 0
20120805 4 5 2 7 0 0
20120805 5 1 5 4 0 0
20120805 6 2 1 4 2 1
20120805 7 7 6 3 5 5
20120805 8 1 3 2 1 3
20120805 9 3 6 2 3 5
20120805 10 5 8 4 4 6
20120805 11 2 9 8 2 6
20120806 1 2 5 7 0 0
20120806 2 3 5 7 0 0
20120806 3 1 7 2 0 0
20120806 4 3 6 1 0 0
20120806 5 3 5 1 3 4
20120806 6 9 1 2 6 1
20120806 7 7 1 3 5 1
20120806 8 1 7 6 1 5
20120806 9 8 3 1 6 3
20120806 10 2 5 7 0 0
20120806 11 5 2 3 4 2
20120813 1 1 2 5 1 2
20120813 2 5 6 9 4 5
20120813 3 3 5 7 3 4
20120813 4 8 7 2 6 5
20120813 5 8 7 2 6 5
20120813 6 1 6 9 1 5
20120813 7 5 2 3 4 2
20120813 8 2 9 3 2 6
20120813 9 3 5 9 3 4
20120813 10 1 7 3 1 5
20120813 11 9 2 1 6 2
20120814 1 1 9 6 1 6
20120814 2 2 8 9 2 6
20120814 3 1 2 3 1 2
20120814 4 3 7 1 3 5
20120814 5 9 7 2 6 5
20120814 6 9 7 5 6 5
20120814 7 1 7 3 1 5
20120814 8 2 7 1 2 5
20120814 9 1 7 9 1 5
20120814 10 2 4 7 2 4
20120814 11 4 1 9 4 1
20120815 1 7 9 4 5 6
20120815 2 7 4 2 5 4
20120815 3 3 1 5 3 1
20120815 4 1 6 7 1 5
20120815 5 1 6 7 1 5
20120815 6 3 4 2 3 4
20120815 7 1 2 4 1 2
20120815 8 8 4 5 6 4
20120815 9 2 3 5 2 3
20120815 10 1 4 2 1 4
20120815 11 1 2 4 1 2
20120910 1 7 5 2 0 0
20120910 2 7 5 4 0 0
20120910 3 2 3 7 0 0
20120910 4 3 5 7 0 0
20120910 5 1 5 6 0 0
20120910 6 4 2 7 4 2
20120910 7 2 9 5 2 6
20120910 8 1 7 6 1 5
20120910 9 2 7 3 2 5
20120910 10 1 7 5 1 5
20120910 11 4 3 2 4 3
20120911 1 1 3 5 0 0
20120911 2 2 1 4 0 0
20120911 3 5 6 1 0 0
20120911 4 1 2 4 0 0
20120911 5 2 1 5 0 0
20120911 6 8 2 1 6 2
20120911 7 2 9 8 2 6
20120911 8 5 7 4 4 5
20120911 9 7 5 2 5 4
20120911 10 1 3 5 1 3
20120911 11 9 5 7 6 4
20120912 1 1 5 7 0 0
20120912 2 2 5 7 0 0
20120912 3 2 7 3 0 0
20120912 4 1 3 5 0 0
20120912 5 1 2 5 1 2
20120912 6 5 7 9 4 5
20120912 7 7 5 1 5 4
20120912 8 9 6 5 6 5
20120912 9 1 3 8 1 3
20120912 10 2 1 6 0 0
20120912 11 1 2 4 1 2
20121025 1 7 3 4 0 0
20121025 2 4 2 3 0 0
20121025 3 3 1 5 0 0
20121025 4 3 4 1 0 0
20121025 5 2 5 6 0 0
20121025 6 7 3 1 5 3
20121025 7 7 3 9 5 3
20121025 8 2 3 4 2 3
20121025 9 2 7 3 2 5
20121025 10 1 5 9 1 4
20121025 11 7 1 8 5 1
20121026 1 5 1 2 0 0
20121026 2 3 5 2 0 0
20121026 3 7 2 6 0 0
20121026 4 5 1 4 0 0
20121026 5 3 2 7 0 0
20121026 6 5 3 1 4 3
20121026 7 5 4 9 4 4
20121026 8 2 5 4 2 4
20121026 9 1 3 9 1 3
20121026 10 2 4 1 2 4
20121026 11 9 1 5 6 1
20121027 1 3 1 7 0 0
20121027 2 5 2 6 0 0
20121027 3 7 1 2 0 0
20121027 4 3 4 5 0 0
20121027 5 1 8 7 1 6
20121027 6 9 1 2 6 1
20121027 7 3 2 1 3 2
20121027 8 2 1 3 2 1
20121027 9 2 9 3 2 6
20121027 10 1 7 2 0 0
20121027 11 3 1 2 3 1
20121124 1 5 1 8 4 1
20121124 2 5 3 2 4 3
20121124 3 1 8 6 1 6
20121124 4 2 9 7 2 6
20121124 5 1 5 9 1 4
20121124 6 4 6 1 4 5
20121124 7 2 3 5 2 3
20121124 8 5 7 1 4 5
20121124 9 9 1 3 6 1
20121124 10 7 1 9 5 1
20121124 11 1 3 2 1 3
20121125 1 9 2 4 6 2
20121125 2 9 7 1 6 5
20121125 3 1 5 2 1 4
20121125 4 7 2 9 5 2
20121125 5 6 3 4 5 3
20121125 6 1 2 6 1 2
20121125 7 2 9 5 2 6
20121125 8 7 1 2 5 1
20121125 9 7 2 8 5 2
20121125 10 3 1 7 3 1
20121125 11 1 2 4 1 2
20121126 1 7 4 2 5 4
20121126 2 9 6 1 6 5
20121126 3 2 9 8 2 6
20121126 4 3 7 9 3 5
20121126 5 2 1 7 2 1
20121126 6 7 3 2 5 3
20121126 7 3 5 9 3 4
20121126 8 2 7 1 2 5
20121126 9 3 5 9 3 4
20121126 10 3 1 4 3 1
20121126 11 4 5 2 4 4
20121206 1 4 1 6 0 0
20121206 2 5 2 7 0 0
20121206 3 5 1 2 0 0
20121206 4 7 3 5 0 0
20121206 5 2 7 4 0 0
20121206 6 7 3 9 5 3
20121206 7 1 8 3 1 6
20121206 8 2 7 9 2 5
20121206 9 7 9 1 5 6
20121206 10 3 5 2 3 4
20121206 11 5 1 2 4 1
20121207 1 1 7 4 0 0
20121207 2 3 5 7 0 0
20121207 3 2 4 3 0 0
20121207 4 2 5 1 0 0
20121207 5 1 3 2 0 0
20121207 6 9 1 6 6 1
20121207 7 2 6 1 2 5
20121207 8 2 4 3 2 4
20121207 9 9 5 3 6 4
20121207 10 3 5 6 3 4
20121207 11 3 5 8 3 4
20121208 1 5 2 4 0 0
20121208 2 5 7 1 0 0
20121208 3 3 5 4 0 0
20121208 4 5 2 7 0 0
20121208 5 8 1 3 6 1
20121208 6 2 9 8 2 6
20121208 7 1 5 2 1 4
20121208 8 3 6 1 3 5
20121208 9 2 7 5 2 5
20121208 10 3 7 1 0 0
20121208 11 1 9 4 1 6
20130307 1 4 1 3 0 0
20130307 2 1 7 3 0 0
20130307 3 4 3 2 0 0
20130307 4 1 3 5 0 0
20130307 5 2 7 4 0 0
20130307 6 7 5 1 5 4
20130307 7 3 6 1 3 5
20130307 8 3 2 5 3 2
20130307 9 2 9 4 2 6
20130307 10 7 1 9 5 1
20130307 11 1 7 6 1 5
20130308 1 4 6 2 0 0
20130308 2 2 7 5 0 0
20130308 3 3 5 2 0 0
20130308 4 2 7 4 0 0
20130308 5 1 7 4 0 0
20130308 6 3 9 2 3 6
20130308 7 9 3 2 6 3
20130308 8 1 7 8 1 5
20130308 9 5 4 3 4 4
20130308 10 3 7 9 3 5
20130308 11 5 2 3 4 2
20130309 1 1 6 2 0 0
20130309 2 2 7 1 0 0
20130309 3 1 6 7 0 0
20130309 4 7 5 1 0 0
20130309 5 7 1 8 5 1
20130309 6 4 2 7 4 2
20130309 7 2 3 9 2 3
20130309 8 3 1 2 3 1
20130309 9 3 1 4 3 1
20130309 10 1 4 7 0 0
20130309 11 4 7 8 4 5
20130325 1 2 3 7 0 0
20130325 2 3 1 7 0 0
20130325 3 4 2 7 0 0
20130325 4 5 2 3 0 0
20130325 5 3 7 1 0 0
20130325 6 9 2 8 6 2
20130325 7 1 9 3 1 6
20130325 8 5 1 3 4 1
20130325 9 4 1 7 4 1
20130325 10 5 9 8 4 6
20130325 11 2 7 5 2 5
20130326 1 7 4 2 0 0
20130326 2 2 5 1 0 0
20130326 3 4 7 2 0 0
20130326 4 3 2 7 0 0
20130326 5 1 7 4 0 0
20130326 6 2 6 1 2 5
20130326 7 9 2 1 6 2
20130326 8 6 1 4 5 1
20130326 9 6 5 2 5 4
20130326 10 7 2 3 5 2
20130326 11 1 2 7 1 2
20130327 1 3 1 7 0 0
20130327 2 4 1 7 0 0
20130327 3 5 4 3 0 0
20130327 4 4 1 7 0 0
20130327 5 7 4 2 5 4
20130327 6 4 6 1 4 5
20130327 7 1 7 3 1 5
20130327 8 2 4 9 2 4
20130327 9 3 1 9 3 1
20130327 10 7 3 6 0 0
20130327 11 3 6 2 3 5
20130404 1 1 3 7 0 0
20130404 2 7 3 5 0 0
20130404 3 7 1 2 0 0
20130404 4 4 1 5 0 0
20130404 5 5 1 4 0 0
20130404 6 3 4 2 3 4
20130404 7 1 7 3 1 5
20130404 8 1 2 7 1 2
20130404 9 5 2 9 4 2
20130404 10 7 2 6 5 2
20130405 1 1 4 3 0 0
20130405 2 1 7 2 0 0
20130405 3 5 3 7 0 0
20130405 4 1 5 2 0 0
20130405 5 5 2 7 0 0
20130405 6 1 3 7 1 3
20130405 7 9 1 5 6 1
20130405 8 1 7 4 1 5
20130405 9 1 9 2 1 6
20130405 10 1 2 3 1 2
20130406 1 2 3 4 0 0
20130406 2 1 4 6 0 0
20130406 3 2 1 3 0 0
20130406 4 2 3 5 0 0
20130406 5 2 8 1 2 6
20130406 6 5 2 7 4 2
20130406 7 8 7 3 6 5
20130406 8 1 5 3 1 4
20130406 9 3 1 7 0 0
20130406 10 3 4 5 3 4
20130503 1 7 5 2 0 0
20130503 2 4 7 3 0 0
20130503 3 2 7 1 0 0
20130503 4 3 6 7 0 0
20130503 5 2 1 3 0 0
20130503 6 7 2 3 5 2
20130503 7 1 6 3 1 5
20130503 8 9 7 3 6 5
20130503 9 1 3 2 1 3
20130503 10 1 5 2 1 4
20130504 1 1 7 2 0 0
20130504 2 3 1 4 0 0
20130504 3 3 1 4 0 0
20130504 4 2 5 7 0 0
20130504 5 7 4 2 0 0
20130504 6 9 2 4 6 2
20130504 7 9 5 3 6 4
20130504 8 2 7 3 2 5
20130504 9 2 8 7 2 6
20130504 10 1 2 8 1 2
20130505 1 5 2 6 0 0
20130505 2 2 5 4 0 0
20130505 3 5 6 2 0 0
20130505 4 1 2 7 0 0
20130505 5 2 3 7 2 3
20130505 6 9 2 7 6 2
20130505 7 1 5 2 1 4
20130505 8 2 5 7 2 4
20130505 9 3 6 1 0 0
20130505 10 9 3 1 6 3
20130704 1 3 7 2 3 5
20130704 2 3 5 4 3 4
20130704 3 3 9 5 3 6
20130704 4 5 2 9 4 2
20130704 5 1 8 4 1 6
20130704 6 1 5 2 1 4
20130704 7 9 5 3 6 4
20130704 8 2 5 9 2 4
20130704 9 3 7 4 3 5
20130704 10 2 7 9 2 5
20130704 11 4 7 2 4 5
20130705 1 1 8 3 1 6
20130705 2 9 1 7 6 1
20130705 3 2 9 1 2 6
20130705 4 2 9 1 2 6
20130705 5 2 3 9 2 3
20130705 6 3 5 1 3 4
20130705 7 1 2 9 1 2
20130705 8 3 9 2 3 6
20130705 9 2 3 4 2 3
20130705 10 1 3 2 1 3
20130705 11 5 4 6 4 4
20130706 1 1 5 9 1 4
20130706 2 5 1 7 4 1
20130706 3 1 6 4 1 5
20130706 4 1 7 9 1 5
20130706 5 3 1 5 3 1
20130706 6 1 4 2 1 4
20130706 7 5 2 9 4 2
20130706 8 9 5 6 6 4
20130706 9 6 8 5 5 6
20130706 10 9 1 7 6 1
20130706 11 9 2 1 6 2
20130707 1 1 5 6 1 4
20130707 2 7 3 1 5 3
20130707 3 4 5 1 4 4
20130707 4 7 8 2 5 6
20130707 5 3 6 2 3 5
20130707 6 2 3 5 2 3
20130707 7 1 2 5 1 2
20130707 8 9 1 3 6 1
20130707 9 7 2 1 5 2
20130707 10 1 4 8 1 4
20130707 11 7 3 6 5 3
20130802 1 1 3 5 0 0
20130802 2 4 2 5 0 0
20130802 3 3 5 6 0 0
20130802 4 2 4 7 0 0
20130802 5 3 7 4 0 0
20130802 6 5 2 7 4 2
20130802 7 3 5 7 3 4
20130802 8 1 5 9 1 4
20130802 9 9 1 4 6 1
20130802 10 2 1 6 2 1
20130803 1 5 6 1 0 0
20130803 2 2 7 4 0 0
20130803 3 3 5 7 0 0
20130803 4 5 1 2 0 0
20130803 5 1 6 2 0 0
20130803 6 2 3 1 2 3
20130803 7 5 3 2 4 3
20130803 8 1 9 5 1 6
20130803 9 2 1 8 2 1
20130803 10 5 1 3 4 1
20130804 1 1 4 3 0 0
20130804 2 5 3 2 0 0
20130804 3 5 2 1 0 0
20130804 4 5 6 1 0 0
20130804 5 8 3 1 6 3
20130804 6 1 5 9 1 4
20130804 7 5 1 6 4 1
20130804 8 7 9 1 5 6
20130804 9 4 5 3 0 0
20130804 10 3 8 1 3 6
20130815 1 3 1 5 0 0
20130815 2 1 5 2 0 0
20130815 3 3 7 1 0 0
20130815 4 2 7 6 0 0
20130815 5 7 1 5 0 0
20130815 6 3 9 1 3 6
20130815 7 1 8 7 1 6
20130815 8 5 2 9 4 2
20130815 9 5 3 7 4 3
20130815 10 5 7 4 4 5
20130816 1 1 7 3 0 0
20130816 2 4 3 5 0 0
20130816 3 7 3 6 0 0
20130816 4 2 4 3 0 0
20130816 5 5 2 7 0 0
20130816 6 1 6 2 1 5
20130816 7 3 4 7 3 4
20130816 8 3 2 4 3 2
20130816 9 8 1 9 6 1
20130816 10 1 9 8 1 6
20130817 1 2 3 6 0 0
20130817 2 1 3 2 0 0
20130817 3 7 1 3 0 0
20130817 4 2 4 3 0 0
20130817 5 6 1 5 5 1
20130817 6 5 2 1 4 2
20130817 7 2 9 5 2 6
20130817 8 7 1 3 5 1
20130817 9 1 6 2 0 0
20130817 10 9 6 3 6 5
20130918 1 9 2 7 6 2
20130918 2 5 1 2 4 1
20130918 3 9 1 3 6 1
20130918 4 1 7 3 1 5
20130918 5 9 7 1 6 5
20130918 6 7 3 2 5 3
20130918 7 5 1 4 4 1
20130918 8 1 7 9 1 5
20130918 9 1 8 2 1 6
20130918 10 5 3 9 4 3
20130918 11 4 3 1 4 3
20130919 1 2 5 4 2 4
20130919 2 4 6 1 4 5
20130919 3 5 2 9 4 2
20130919 4 1 9 3 1 6
20130919 5 1 8 4 1 6
20130919 6 7 1 4 5 1
20130919 7 7 2 5 5 2
20130919 8 2 4 8 2 4
20130919 9 2 5 9 2 4
20130919 10 9 2 8 6 2
20130919 11 6 4 8 5 4
20130920 1 7 1 2 5 1
20130920 2 6 1 4 5 1
20130920 3 1 7 4 1 5
20130920 4 4 3 7 4 3
20130920 5 1 7 8 1 5
20130920 6 6 3 8 5 3
20130920 7 5 1 7 4 1
20130920 8 9 6 5 6 5
20130920 9 1 7 3 1 5
20130920 10 5 2 9 4 2
20130920 11 8 2 5 6 2
20131030 1 3 7 6 0 0
20131030 2 2 7 1 0 0
20131030 3 3 7 5 0 0
20131030 4 7 2 1 0 0
20131030 5 1 3 5 0 0
20131030 6 1 5 7 1 4
20131030 7 5 7 1 4 5
20131030 8 8 7 2 6 5
20131030 9 3 9 5 3 6
20131030 10 7 4 5 5 4
20131031 1 2 1 5 0 0
20131031 2 3 5 4 0 0
20131031 3 2 7 3 0 0
20131031 4 1 3 2 0 0
20131031 5 3 1 2 0 0
20131031 6 1 2 9 1 2
20131031 7 7 3 4 5 3
20131031 8 7 1 4 5 1
20131031 9 5 1 9 4 1
20131031 10 9 1 7 6 1
20131101 1 7 4 2 0 0
20131101 2 1 3 2 0 0
20131101 3 3 5 2 0 0
20131101 4 7 1 6 0 0
20131101 5 5 3 6 4 3
20131101 6 5 2 1 4 2
20131101 7 1 9 7 1 6
20131101 8 3 2 6 3 2
20131101 9 2 3 1 0 0
20131101 10 9 7 8 6 5
20131210 1 9 7 1 6 5
20131210 2 7 9 3 5 6
20131210 3 5 1 7 4 1
20131210 4 2 3 5 2 3
20131210 5 8 7 3 6 5
20131210 6 8 1 5 6 1
20131210 7 7 9 2 5 6
20131210 8 9 3 5 6 3
20131210 9 2 1 7 2 1
20131210 10 5 1 6 4 1
20131210 11 2 3 1 2 3
20131211 1 9 3 2 6 3
20131211 2 6 3 2 5 3
20131211 3 3 4 1 3 4
20131211 4 3 4 9 3 4
20131211 5 1 2 7 1 2
20131211 6 9 7 8 6 5
20131211 7 3 5 1 3 4
20131211 8 7 1 8 5 1
20131211 9 5 3 6 4 3
20131211 10 9 1 7 6 1
20131211 11 1 9 7 1 6
20131212 1 3 5 7 3 4
20131212 2 9 6 7 6 5
20131212 3 2 7 1 2 5
20131212 4 3 9 1 3 6
20131212 5 5 1 9 4 1
20131212 6 9 8 5 6 6
20131212 7 2 7 3 2 5
20131212 8 3 9 2 3 6
20131212 9 5 2 1 4 2
20131212 10 1 3 5 1 3
20131212 11 3 4 5 3 4
20140101 1 1 5 2 0 0
20140101 2 3 2 1 0 0
20140101 3 7 5 1 0 0
20140101 4 1 4 5 0 0
20140101 5 5 1 2 0 0
20140101 6 3 2 4 3 2
20140101 7 2 1 6 2 1
20140101 8 4 3 5 4 3
20140101 9 5 9 2 4 6
20140101 10 7 1 8 5 1
20140103 1 2 3 1 0 0
20140103 2 3 2 1 0 0
20140103 3 5 7 1 0 0
20140103 4 2 6 7 0 0
20140103 5 9 2 3 6 2
20140103 6 9 7 1 6 5
20140103 7 5 3 1 4 3
20140103 8 7 2 4 5 2
20140103 9 1 4 2 0 0
20140103 10 1 2 3 1 2
20140205 1 6 8 1 5 6
20140205 2 1 9 5 1 6
20140205 3 1 7 9 1 5
20140205 4 4 2 7 4 2
20140205 5 9 3 2 6 3
20140205 6 1 3 6 1 3
20140205 7 9 5 8 6 4
20140205 8 1 3 2 1 3
20140205 9 6 4 2 5 4
20140205 10 1 7 2 1 5
20140205 11 2 7 3 2 5
20140206 1 9 5 6 6 4
20140206 2 5 8 1 4 6
20140206 3 7 3 9 5 3
20140206 4 9 3 2 6 3
20140206 5 2 5 3 2 4
20140206 6 7 2 9 5 2
20140206 7 2 7 6 2 5
20140206 8 5 8 9 4 6
20140206 9 7 5 4 5 4
20140206 10 3 2 4 3 2
20140206 11 9 4 8 6 4
20140207 1 7 2 5 5 2
20140207 2 2 6 8 2 5
20140207 3 5 2 7 4 2
20140207 4 3 9 5 3 6
20140207 5 3 1 6 3 1
20140207 6 9 6 2 6 5
20140207 7 7 1 9 5 1
20140207 8 1 5 6 1 4
20140207 9 2 7 6 2 5
20140207 10 1 9 5 1 6
20140207 11 7 2 6 5 2
20140315 1 7 5 2 5 4
20140315 2 3 1 4 3 1
20140315 3 9 3 7 6 3
20140315 4 8 2 7 6 2
20140315 5 1 5 7 1 4
20140315 6 2 3 8 2 3
20140315 7 5 1 3 4 1
20140315 8 9 2 4 6 2
20140315 9 1 4 2 1 4
20140315 10 3 1 7 3 1
20140315 11 6 2 1 5 2
20140316 1 7 2 9 5 2
20140316 2 3 9 8 3 6
20140316 3 1 3 9 1 3
20140316 4 1 5 3 1 4
20140316 5 6 2 9 5 2
20140316 6 2 8 9 2 6
20140316 7 9 2 3 6 2
20140316 8 2 9 5 2 6
20140316 9 6 5 2 5 4
20140316 10 2 5 4 2 4
20140316 11 1 9 4 1 6
20140317 1 7 5 2 5 4
20140317 2 9 1 5 6 1
20140317 3 3 5 2 3 4
20140317 4 1 8 7 1 6
20140317 5 8 3 1 6 3
20140317 6 8 4 7 6 4
20140317 7 2 3 4 2 3
20140317 8 1 2 5 1 2
20140317 9 5 6 9 4 5
20140317 10 9 1 3 6 1
20140317 11 1 5 3 1 4
20140324 1 1 3 5 0 0
20140324 2 2 7 6 0 0
20140324 3 4 1 7 0 0
20140324 4 3 4 1 0 0
20140324 5 1 2 7 0 0
20140324 6 5 3 1 4 3
20140324 7 4 1 2 4 1
20140324 8 2 5 3 2 4
20140324 9 9 8 7 6 6
20140324 10 4 9 1 4 6
20140325 1 7 2 4 0 0
20140325 2 4 7 6 0 0
20140325 3 5 1 2 0 0
20140325 4 2 3 7 0 0
20140325 5 7 3 4 0 0
20140325 6 1 3 4 1 3
20140325 7 1 9 5 1 6
20140325 8 3 7 5 3 5
20140325 9 2 7 3 2 5
20140325 10 5 2 7 4 2
20140326 1 4 3 6 0 0
20140326 2 1 7 3 0 0
20140326 3 1 4 5 0 0
20140326 4 7 5 2 0 0
20140326 5 1 5 9 1 4
20140326 6 2 5 1 2 4
20140326 7 3 1 5 3 1
20140326 8 7 6 9 5 5
20140326 9 2 7 4 0 0
20140326 10 2 4 1 2 4
20140524 1 3 1 5 0 0
20140524 2 5 3 1 0 0
20140524 3 1 4 2 0 0
20140524 4 1 2 7 0 0
20140524 5 1 5 7 0 0
20140524 6 2 9 7 2 6
20140524 7 5 1 2 4 1
20140524 8 2 9 7 2 6
20140524 9 2 5 3 2 4
20140524 10 9 5 7 6 4
20140525 1 5 6 2 0 0
20140525 2 3 5 4 0 0
20140525 3 1 6 7 0 0
20140525 4 5 2 1 0 0
20140525 5 2 3 5 0 0
20140525 6 1 5 8 1 4
20140525 7 1 5 2 1 4
20140525 8 1 5 3 1 4
20140525 9 7 3 4 5 3
20140525 10 2 1 7 2 1
20140526 1 5 6 1 0 0
20140526 2 3 7 5 0 0
20140526 3 4 6 5 0 0
20140526 4 2 1 6 0 0
20140526 5 2 7 9 2 5
20140526 6 9 3 4 6 3
20140526 7 5 3 6 4 3
20140526 8 7 2 5 5 2
20140526 9 3 2 5 0 0
20140526 10 1 4 9 1 4
20140602 1 1 9 7 1 6
20140602 2 7 2 4 5 2
20140602 3 7 5 1 5 4
20140602 4 9 1 3 6 1
20140602 5 5 1 2 4 1
20140602 6 4 2 8 4 2
20140602 7 1 3 6 1 3
20140602 8 9 7 5 6 5
20140602 9 1 7 4 1 5
20140602 10 1 5 9 1 4
20140602 11 5 7 6 4 5
20140603 1 3 5 1 3 4
20140603 2 9 7 5 6 5
20140603 3 9 5 6 6 4
20140603 4 9 3 5 6 3
20140603 5 5 1 3 4 1
20140603 6 2 3 5 2 3
20140603 7 9 4 7 6 4
20140603 8 3 1 5 3 1
20140603 9 7 1 2 5 1
20140603 10 9 1 6 6 1
20140603 11 1 9 2 1 6
20140604 1 2 9 4 2 6
20140604 2 7 4 2 5 4
20140604 3 8 1 9 6 1
20140604 4 4 9 3 4 6
20140604 5 1 2 3 1 2
20140604 6 5 3 7 4 3
20140604 7 7 8 3 5 6
20140604 8 8 7 2 6 5
20140604 9 3 7 9 3 5
20140604 10 1 2 7 1 2
20140604 11 5 3 7 4 3
20140703 1 5 2 9 4 2
20140703 2 5 1 7 4 1
20140703 3 1 9 4 1 6
20140703 4 2 5 1 2 4
20140703 5 8 7 4 6 5
20140703 6 3 5 2 3 4
20140703 7 9 7 1 6 5
20140703 8 3 9 5 3 6
20140703 9 2 7 4 2 5
20140703 10 2 9 5 2 6
20140703 11 5 2 1 4 2
20140703 12 6 8 1 5 6
20140704 1 2 5 7 2 4
20140704 2 1 5 4 1 4
20140704 3 4 5 3 4 4
20140704 4 1 7 2 1 5
20140704 5 3 7 2 3 5
20140704 6 9 3 8 6 3
20140704 7 3 7 1 3 5
20140704 8 1 2 3 1 2
20140704 9 5 9 4 4 6
20140704 10 7 1 2 5 1
20140704 11 3 9 5 3 6
20140704 12 5 9 2 4 6
20140705 1 8 1 9 6 1
20140705 2 3 4 1 3 4
20140705 3 3 8 7 3 6
20140705 4 3 2 9 3 2
20140705 5 2 1 9 2 1
20140705 6 9 1 5 6 1
20140705 7 5 1 2 4 1
20140705 8 7 2 3 5 2
20140705 9 7 5 2 5 4
20140705 10 5 1 9 4 1
20140705 11 1 3 9 1 3
20140705 12 3 5 8 3 4
20140706 1 4 7 2 4 5
20140706 2 2 5 8 2 4
20140706 3 4 9 6 4 6
20140706 4 7 5 1 5 4
20140706 5 9 3 6 6 3
20140706 6 3 1 2 3 1
20140706 7 3 9 5 3 6
20140706 8 1 3 2 1 3
20140706 9 9 1 5 6 1
20140706 10 5 7 4 4 5
20140706 11 3 8 9 3 6
20140714 1 1 4 7 0 0
20140714 2 2 5 4 0 0
20140714 3 1 5 6 0 0
20140714 4 5 6 3 0 0
20140714 5 1 7 5 0 0
20140714 6 4 1 2 4 1
20140714 7 2 7 4 2 5
20140714 8 9 5 2 6 4
20140714 9 2 5 1 2 4
20140714 10 3 7 9 3 5
20140715 1 7 3 5 0 0
20140715 2 1 5 3 0 0
20140715 3 7 2 4 0 0
20140715 4 7 1 2 0 0
20140715 5 1 2 6 0 0
20140715 6 7 1 5 5 1
20140715 7 1 5 2 1 4
20140715 8 3 8 2 3 6
20140715 9 7 5 3 5 4
20140715 10 6 5 2 5 4
20140716 1 5 3 1 0 0
20140716 2 3 6 4 0 0
20140716 3 1 5 4 0 0
20140716 4 1 7 5 0 0
20140716 5 3 9 6 3 6
20140716 6 3 2 7 3 2
20140716 7 1 6 3 1 5
20140716 8 7 9 3 5 6
20140716 9 1 3 4 0 0
20140716 10 7 2 3 5 2
20140801 1 2 7 3 0 0
20140801 2 1 3 2 0 0
20140801 3 5 1 2 0 0
20140801 4 7 2 5 0 0
20140801 5 3 7 5 0 0
20140801 6 2 6 3 2 5
20140801 7 1 6 5 1 5
20140801 8 9 2 1 6 2
20140801 9 1 7 9 1 5
20140801 10 4 9 3 4 6
20140802 1 1 7 4 0 0
20140802 2 7 1 2 0 0
20140802 3 2 1 7 0 0
20140802 4 2 5 4 0 0
20140802 5 4 1 2 0 0
20140802 6 2 1 5 2 1
20140803 1 7 4 5 0 0
20140803 2 2 1 4 0 0
20140803 3 7 3 5 0 0
20140803 4 3 2 5 0 0
20140803 5 1 6 4 1 5
20140803 6 1 7 4 1 5
20140803 7 1 3 2 1 3
20140803 8 3 9 4 3 6
20140803 9 1 4 5 0 0
20140803 10 1 4 9 1 4
20140818 1 7 5 2 5 4
20140818 2 1 7 6 1 5
20140818 3 4 5 9 4 4
20140818 4 2 9 4 2 6
20140818 5 1 3 7 1 3
20140818 6 1 5 4 1 4
20140818 7 1 2 9 1 2
20140818 8 8 3 6 6 3
20140818 9 3 9 1 3 6
20140818 10 9 1 6 6 1
20140818 11 1 8 2 1 6
20140819 1 3 1 2 3 1
20140819 2 1 2 3 1 2
20140819 3 3 7 5 3 5
20140819 4 7 1 3 5 1
20140819 5 3 5 1 3 4
20140819 6 5 3 4 4 3
20140819 7 5 9 2 4 6
20140819 8 5 7 1 4 5
20140819 9 5 7 8 4 5
20140819 10 7 1 5 5 1
20140819 11 2 5 9 2 4
20140820 1 1 5 9 1 4
20140820 2 7 9 5 5 6
20140820 3 3 7 1 3 5
20140820 4 4 3 6 4 3
20140820 5 1 6 5 1 5
20140820 6 1 9 5 1 6
20140820 7 2 1 7 2 1
20140820 8 5 8 2 4 6
20140820 9 2 3 5 2 3
20140820 10 9 1 2 6 1
20140820 11 2 6 1 2 5
20140908 1 7 1 3 0 0
20140908 2 1 2 5 0 0
20140908 3 4 7 5 0 0
20140908 4 3 1 5 0 0
20140908 5 2 1 7 0 0
20140908 6 5 1 7 4 1
20140908 7 1 9 3 1 6
20140908 8 7 1 3 5 1
20140908 9 3 7 5 3 5
20140908 10 2 3 1 2 3
20140909 1 4 2 1 0 0
20140909 2 1 2 6 0 0
20140909 3 7 2 3 0 0
20140909 4 1 2 7 0 0
20140909 5 1 3 6 0 0
20140909 6 7 2 3 5 2
20140909 7 2 8 7 2 6
20140909 8 1 2 7 1 2
20140909 9 7 9 8 5 6
20140909 10 1 2 9 1 2
20140910 1 3 1 5 0 0
20140910 2 5 2 1 0 0
20140910 3 7 5 2 0 0
20140910 4 5 2 7 0 0
20140910 5 2 9 5 2 6
20140910 6 7 2 9 5 2
20140910 7 5 7 1 4 5
20140910 8 1 5 3 1 4
20140910 9 1 3 7 0 0
20140910 10 2 5 9 2 4
20141018 1 1 3 2 0 0
20141018 2 3 5 2 0 0
20141018 3 2 7 1 0 0
20141018 4 1 3 2 0 0
20141018 5 7 5 2 0 0
20141018 6 1 9 3 1 6
20141018 7 5 1 9 4 1
20141018 8 1 5 2 1 4
20141018 9 3 7 8 3 5
20141018 10 2 9 6 2 6
20141019 1 1 3 5 0 0
20141019 2 2 5 3 0 0
20141019 3 5 2 3 0 0
20141019 4 7 4 3 0 0
20141019 5 3 2 7 0 0
20141019 6 3 1 4 3 1
20141019 7 9 7 3 6 5
20141019 8 1 9 7 1 6
20141019 9 3 9 4 3 6
20141019 10 2 3 7 2 3
20141020 1 5 2 1 0 0
20141020 2 3 2 6 0 0
20141020 3 5 2 1 0 0
20141020 4 3 7 1 0 0
20141020 5 9 3 2 6 3
20141020 6 7 6 1 5 5
20141020 7 3 9 4 3 6
20141020 8 2 7 9 2 5
20141020 9 2 4 1 0 0
20141020 10 9 8 7 6 6
20141117 1 4 7 2 0 0
20141117 2 4 1 2 0 0
20141117 3 3 7 5 0 0
20141117 4 2 1 7 0 0
20141117 5 5 7 3 0 0
20141117 6 7 1 4 5 1
20141117 7 1 7 3 1 5
20141117 8 9 5 1 6 4
20141117 9 5 1 9 4 1
20141117 10 6 5 2 5 4
20141118 1 1 4 5 0 0
20141118 2 5 3 7 0 0
20141118 3 2 6 5 0 0
20141118 4 7 1 4 0 0
20141118 5 1 2 3 0 0
20141118 6 1 9 3 1 6
20141118 7 3 7 9 3 5
20141118 8 7 2 8 5 2
20141118 9 2 3 8 2 3
20141118 10 1 7 4 1 5
20141119 1 3 7 5 0 0
20141119 2 1 5 2 0 0
20141119 3 2 3 4 0 0
20141119 4 4 1 7 0 0
20141119 5 6 5 2 5 4
20141119 6 5 2 9 4 2
20141119 7 6 7 8 5 5
20141119 8 2 7 5 2 5
20141119 9 1 2 6 0 0
20141119 10 2 1 5 2 1
20141224 1 7 2 3 5 2
20141224 2 7 1 4 5 1
20141224 3 3 2 7 3 2
20141224 4 1 9 5 1 6
20141224 5 7 3 1 5 3
20141224 6 8 3 7 6 3
20141224 7 2 3 9 2 3
20141224 8 5 9 4 4 6
20141224 9 1 5 2 1 4
20141224 10 1 3 2 1 3
20141224 11 5 2 8 4 2
20141225 1 1 7 5 1 5
20141225 2 2 7 4 2 5
20141225 3 9 3 7 6 3
20141225 4 7 6 2 5 5
20141225 5 9 5 8 6 4
20141225 6 3 5 1 3 4
20141225 7 1 2 7 1 2
20141225 8 3 1 9 3 1
20141225 9 1 5 2 1 4
20141225 10 2 1 4 2 1
20141225 11 1 5 3 1 4
20141226 1 7 3 2 5 3
20141226 2 5 2 7 4 2
20141226 3 1 5 4 1 4
20141226 4 2 7 1 2 5
20141226 5 8 5 1 6 4
20141226 6 7 4 6 5 4
20141226 7 2 7 9 2 5
20141226 8 8 7 3 6 5
20141226 9 2 1 4 2 1
20141226 10 7 9 5 5 6
20141226 11 5 7 1 4 5
20150216 1 5 1 7 4 1
20150216 2 1 6 3 1 5
20150216 3 3 9 2 3 6
20150216 4 2 3 9 2 3
20150216 5 1 7 5 1 5
20150216 6 7 9 4 5 6
20150216 7 6 2 8 5 2
20150216 8 5 8 2 4 6
20150216 9 5 1 8 4 1
20150216 10 9 1 5 6 1
20150216 11 8 3 5 6 3
20150217 1 3 2 4 3 2
20150217 2 7 1 5 5 1
20150217 3 7 4 5 5 4
20150217 4 1 5 4 1 4
20150217 5 8 9 1 6 6
20150217 6 1 7 4 1 5
20150217 7 4 3 7 4 3
20150217 8 3 5 4 3 4
20150217 9 7 8 4 5 6
20150217 10 3 9 5 3 6
20150217 11 1 9 7 1 6
20150218 1 6 5 2 5 4
20150218 2 1 9 5 1 6
20150218 3 2 6 4 2 5
20150218 4 5 1 6 4 1
20150218 5 9 8 6 6 6
20150218 6 2 7 8 2 5
20150218 7 1 4 6 1 4
20150218 8 2 5 3 2 4
20150218 9 2 7 3 2 5
20150218 10 2 5 4 2 4
20150218 11 3 7 5 3 5
20150225 1 1 5 3 0 0
20150225 2 5 2 3 0 0
20150225 3 7 4 1 0 0
20150225 4 5 1 2 0 0
20150225 5 4 1 7 0 0
20150225 6 5 1 2 4 1
20150225 7 1 7 3 1 5
20150225 8 7 3 1 5 3
20150225 9 3 5 9 3 4
20150225 10 9 1 6 6 1
20150226 1 1 6 5 0 0
20150226 2 3 1 5 0 0
20150226 3 6 1 2 0 0
20150226 4 7 2 1 0 0
20150226 5 7 1 3 0 0
20150226 6 1 3 5 1 3
20150226 7 3 7 5 3 5
20150226 8 1 2 4 1 2
20150226 9 4 1 5 4 1
20150226 10 1 9 5 1 6
20150227 1 1 7 5 0 0
20150227 2 1 5 2 0 0
20150227 3 6 3 2 0 0
20150227 4 2 5 1 0 0
20150227 5 8 2 1 6 2
20150227 6 1 8 5 1 6
20150227 7 9 5 3 6 4
20150227 8 2 3 9 2 3
20150227 9 2 5 1 0 0
20150227 10 1 6 7 1 5
20150423 1 1 7 2 0 0
20150423 2 2 5 3 0 0
20150423 3 2 5 3 0 0
20150423 4 1 5 7 0 0
20150423 5 1 5 4 0 0
20150423 6 3 4 2 3 4
20150423 7 9 2 3 6 2
20150423 8 1 9 5 1 6
20150423 9 5 1 4 4 1
20150423 10 2 9 1 2 6
20150424 1 7 1 3 0 0
20150424 2 3 7 1 0 0
20150424 3 5 1 3 0 0
20150424 4 5 7 3 0 0
20150424 5 1 7 5 0 0
20150424 6 5 3 8 4 3
20150424 7 3 8 1 3 6
20150424 8 5 2 3 4 2
20150424 9 2 7 4 2 5
20150424 10 7 9 3 5 6
20150425 1 2 1 4 0 0
20150425 2 5 4 2 0 0
20150425 3 3 1 5 0 0
20150425 4 1 2 7 0 0
20150425 5 9 7 2 6 5
20150425 6 3 1 5 3 1
20150425 7 3 9 2 3 6
20150425 8 9 2 5 6 2
20150425 9 2 4 7 0 0
20150425 10 3 9 1 3 6
20150513 2 5 3 1 4 3
20150513 3 9 3 8 6 3
20150513 4 7 1 5 5 1
20150513 5 5 2 8 4 2
20150513 6 2 3 9 2 3
20150513 7 5 9 3 4 6
20150513 8 1 8 5 1 6
20150513 9 2 9 7 2 6
20150513 10 9 4 2 6 4
20150513 11 6 1 4 5 1
20150514 1 7 2 9 5 2
20150514 2 3 7 8 3 5
20150514 3 1 3 7 1 3
20150514 4 4 1 3 4 1
20150514 5 5 3 7 4 3
20150514 6 1 3 6 1 3
20150514 7 5 2 1 4 2
20150514 8 2 7 1 2 5
20150514 9 3 7 2 3 5
20150514 10 5 9 4 4 6
20150514 11 9 3 7 6 3
20150515 1 5 3 1 4 3
20150515 2 1 7 3 1 5
20150515 3 7 3 5 5 3
20150515 4 3 9 1 3 6
20150515 5 9 1 4 6 1
20150515 6 8 2 4 6 2
20150515 7 3 2 5 3 2
20150515 8 1 2 3 1 2
20150515 9 2 7 1 2 5
20150515 10 3 7 8 3 5
20150515 11 9 8 2 6 6
20150702 1 7 2 3 5 2
20150702 2 2 4 7 2 4
20150702 3 2 9 3 2 6
20150702 4 5 2 8 4 2
20150702 5 3 2 5 3 2
20150702 6 3 4 9 3 4
20150702 7 1 3 2 1 3
20150702 8 1 5 3 1 4
20150702 9 1 5 3 1 4
20150702 10 7 1 5 5 1
20150702 11 2 3 6 2 3
20150702 12 1 5 9 1 4
20150703 1 1 3 2 1 3
20150703 2 8 7 6 6 5
20150703 3 9 2 8 6 2
20150703 4 2 5 4 2 4
20150703 5 5 1 7 4 1
20150703 6 5 1 2 4 1
20150703 7 2 5 1 2 4
20150703 8 9 2 7 6 2
20150703 9 1 3 9 1 3
20150703 10 3 1 7 3 1
20150703 11 1 5 4 1 4
20150703 12 3 5 2 3 4
20150704 1 1 5 2 1 4
20150704 2 2 4 1 2 4
20150704 3 9 2 4 6 2
20150704 4 7 3 9 5 3
20150704 5 2 6 1 2 5
20150704 6 5 1 7 4 1
20150704 7 7 8 2 5 6
20150704 8 1 4 5 1 4
20150704 9 9 3 5 6 3
20150704 10 7 4 1 5 4
20150704 11 3 9 5 3 6
20150704 12 7 6 1 5 5
20150705 1 2 7 1 2 5
20150705 2 5 2 4 4 2
20150705 3 3 9 7 3 6
20150705 4 1 3 9 1 3
20150705 5 4 5 2 4 4
20150705 6 1 8 9 1 6
20150705 7 1 2 9 1 2
20150705 8 7 1 4 5 1
20150705 9 3 4 5 3 4
20150705 10 5 2 1 4 2
20150705 11 2 6 5 2 5
