20120203 1 4 7 3 4 5
20120203 2 9 5 3 6 4
20120203 3 7 1 8 5 1
20120203 4 4 5 9 4 4
20120203 5 2 3 1 2 3
20120203 6 3 1 6 3 1
20120203 7 1 7 5 1 5
20120203 8 7 1 2 5 1
20120203 9 3 2 7 3 2
20120203 10 6 2 5 5 2
20120203 11 1 8 2 1 6
20120204 1 1 9 4 1 6
20120204 2 2 3 7 2 3
20120204 3 2 7 3 2 5
20120204 4 7 5 1 5 4
20120204 5 5 1 2 4 1
20120204 6 1 7 2 1 5
20120204 7 2 8 1 2 6
20120204 8 5 2 9 4 2
20120204 9 7 2 8 5 2
20120204 10 7 1 8 5 1
20120204 11 1 6 8 1 5
20120205 1 5 3 1 4 3
20120205 2 4 3 5 4 3
20120205 3 2 5 4 2 4
20120205 4 7 1 3 5 1
20120205 5 6 5 2 5 4
20120205 6 8 9 6 6 6
20120205 7 8 3 5 6 3
20120205 8 3 1 4 3 1
20120205 9 1 3 7 1 3
20120205 10 1 3 9 1 3
20120205 11 2 6 9 2 5
20120215 1 3 2 5 0 0
20120215 2 1 7 3 0 0
20120215 3 7 1 3 0 0
20120215 4 5 3 7 0 0
20120215 5 3 1 4 0 0
20120215 6 3 9 5 3 6
20120215 7 7 2 9 5 2
20120215 8 1 9 5 1 6
20120215 9 1 2 9 1 2
20120215 10 9 1 7 6 1
20120215 11 6 3 7 5 3
20120216 1 1 5 7 0 0
20120216 2 3 2 1 0 0
20120216 3 2 1 3 0 0
20120216 4 1 2 6 0 0
20120216 5 7 3 6 0 0
20120216 6 2 4 1 2 4
20120216 7 5 9 3 4 6
20120216 8 1 2 9 1 2
20120216 9 1 4 5 1 4
20120216 10 9 7 4 6 5
20120216 11 2 3 4 2 3
20120217 1 1 3 2 0 0
20120217 2 5 3 2 0 0
20120217 3 1 3 2 0 0
20120217 4 2 4 3 0 0
20120217 5 1 6 7 0 0
20120217 6 7 8 9 5 6
20120217 7 1 6 9 1 5
20120217 8 3 2 1 3 2
20120217 9 1 7 6 1 5
20120217 10 1 7 6 1 5
20120217 11 7 3 5 5 3
20120222 1 1 5 9 1 4
20120222 2 5 1 2 4 1
20120222 3 2 1 3 2 1
20120222 4 3 4 7 3 4
20120222 5 2 5 4 2 4
20120222 6 3 9 5 3 6
20120222 7 2 1 5 2 1
20120222 8 1 9 2 1 6
20120222 9 7 1 4 5 1
20120222 10 2 3 7 2 3
20120222 11 3 7 5 3 5
20120222 12 7 2 1 5 2
20120223 1 1 5 3 1 4
20120223 2 5 6 4 4 5
20120223 3 1 7 9 1 5
20120223 4 8 2 1 6 2
20120223 5 1 3 2 1 3
20120223 6 7 1 2 5 1
20120223 7 6 8 7 5 6
20120223 8 3 5 1 3 4
20120223 9 9 4 6 6 4
20120223 10 5 1 6 4 1
20120223 11 2 1 5 2 1
20120223 12 1 9 7 1 6
20120224 1 3 2 7 3 2
20120224 2 3 9 4 3 6
20120224 3 5 7 9 4 5
20120224 4 3 8 5 3 6
20120224 5 5 1 7 4 1
20120224 6 1 2 9 1 2
20120224 7 2 6 1 2 5
20120224 8 1 5 9 1 4
20120224 9 9 3 7 6 3
20120224 10 7 5 9 5 4
20120224 11 1 9 8 1 6
20120224 12 1 9 3 1 6
20120307 1 7 5 4 0 0
20120307 2 1 4 6 0 0
20120307 3 7 1 4 0 0
20120307 4 2 7 3 0 0
20120307 5 1 2 5 0 0
20120307 6 7 4 2 5 4
20120307 7 1 3 7 1 3
20120307 8 5 3 1 4 3
20120307 9 5 9 1 4 6
20120307 10 7 1 9 5 1
20120307 11 7 5 9 5 4
20120308 1 3 4 5 0 0
20120308 2 7 5 1 0 0
20120308 3 5 1 2 0 0
20120308 4 7 3 2 0 0
20120308 5 3 7 1 0 0
20120308 6 7 1 5 5 1
20120308 7 1 5 9 1 4
20120308 8 5 1 2 4 1
20120308 9 3 1 7 3 1
20120308 10 4 3 8 4 3
20120308 11 7 5 9 5 4
20120309 1 3 2 5 0 0
20120309 2 7 1 4 0 0
20120309 3 7 4 3 0 0
20120309 4 5 1 6 0 0
20120309 5 4 6 3 0 0
20120309 6 5 1 8 4 1
20120309 7 9 2 1 6 2
20120309 8 7 9 1 5 6
20120309 9 5 2 1 4 2
20120309 10 9 3 2 6 3
20120309 11 2 9 3 2 6
20120328 1 9 2 5 6 2
20120328 2 7 1 8 5 1
20120328 3 9 5 1 6 4
20120328 4 1 9 7 1 6
20120328 5 7 1 3 5 1
20120328 6 1 2 3 1 2
20120328 7 1 7 2 1 5
20120328 8 1 2 9 1 2
20120328 9 9 7 3 6 5
20120328 10 1 5 8 1 4
20120328 11 5 3 4 4 3
20120328 12 1 9 5 1 6
20120329 1 1 7 3 1 5
20120329 2 4 1 9 4 1
20120329 3 2 8 4 2 6
20120329 4 9 3 5 6 3
20120329 5 2 5 7 2 4
20120329 6 3 8 1 3 6
20120329 7 9 7 5 6 5
20120329 8 5 9 1 4 6
20120329 9 1 8 4 1 6
20120329 10 7 2 3 5 2
20120329 11 2 7 5 2 5
20120329 12 9 5 8 6 4
20120330 1 1 8 4 1 6
20120330 2 2 1 3 2 1
20120330 3 1 3 6 1 3
20120330 4 1 7 3 1 5
20120330 5 9 2 5 6 2
20120330 6 3 4 1 3 4
20120330 7 5 1 2 4 1
20120330 8 4 1 6 4 1
20120330 9 7 2 1 5 2
20120330 10 1 9 3 1 6
20120330 11 9 5 3 6 4
20120330 12 8 3 1 6 3
20120412 1 8 7 3 6 5
20120412 2 2 9 6 2 6
20120412 3 9 7 3 6 5
20120412 4 7 1 4 5 1
20120412 5 1 5 8 1 4
20120412 6 3 5 9 3 4
20120412 7 1 7 2 1 5
20120412 8 9 1 7 6 1
20120412 9 3 8 6 3 6
20120412 10 6 9 5 5 6
20120412 11 1 5 7 1 4
20120413 1 1 5 3 1 4
20120413 2 5 2 8 4 2
20120413 3 9 2 5 6 2
20120413 4 2 6 5 2 5
20120413 5 2 5 3 2 4
20120413 6 1 7 3 1 5
20120413 7 1 9 3 1 6
20120413 8 2 8 9 2 6
20120413 9 7 4 3 5 4
20120413 10 2 1 3 2 1
20120413 11 3 8 1 3 6
20120414 1 4 1 5 4 1
20120414 2 6 4 3 5 4
20120414 3 1 9 5 1 6
20120414 4 7 1 4 5 1
20120414 5 1 3 9 1 3
20120414 6 2 5 3 2 4
20120414 7 7 4 5 5 4
20120414 8 1 3 9 1 3
20120414 9 1 7 9 1 5
20120414 10 1 9 5 1 6
20120414 11 2 9 4 2 6
20120415 1 8 5 9 6 4
20120415 2 3 9 8 3 6
20120415 3 7 3 9 5 3
20120415 4 1 5 9 1 4
20120415 5 7 9 4 5 6
20120415 6 2 1 4 2 1
20120415 7 2 7 5 2 5
20120415 8 2 5 7 2 4
20120415 9 5 2 1 4 2
20120415 10 7 5 3 5 4
20120415 11 3 1 6 3 1
20120424 1 1 3 4 0 0
20120424 2 2 4 7 0 0
20120424 3 5 4 1 0 0
20120424 4 4 2 5 0 0
20120424 5 1 5 3 0 0
20120424 6 6 4 7 5 4
20120424 7 6 1 5 5 1
20120424 8 5 2 8 4 2
20120424 9 9 3 2 6 3
20120424 10 2 5 7 2 4
20120424 11 2 5 6 2 4
20120425 1 1 5 2 0 0
20120425 2 2 3 1 0 0
20120425 3 3 4 7 0 0
20120425 4 2 3 5 0 0
20120425 5 1 3 2 0 0
20120425 6 7 8 1 5 6
20120425 7 9 3 1 6 3
20120425 8 4 1 5 4 1
20120425 9 5 9 2 4 6
20120425 10 2 7 5 2 5
20120425 11 6 9 2 5 6
20120426 1 1 7 2 0 0
20120426 2 7 1 2 0 0
20120426 3 7 1 5 0 0
20120426 4 7 3 5 0 0
20120426 5 1 5 6 0 0
20120426 6 3 7 9 3 5
20120426 7 5 1 7 4 1
20120426 8 3 7 4 3 5
20120426 9 2 3 9 2 3
20120426 10 7 1 4 5 1
20120426 11 2 9 8 2 6
20120503 1 5 3 1 0 0
20120503 2 1 5 2 0 0
20120503 3 7 1 3 0 0
20120503 4 4 1 7 0 0
20120503 5 7 4 2 0 0
20120503 6 3 7 9 3 5
20120503 7 1 7 5 1 5
20120503 8 1 5 7 1 4
20120503 9 2 7 1 2 5
20120503 10 1 7 5 1 5
20120503 11 1 4 7 1 4
20120504 1 1 2 3 0 0
20120504 2 5 6 1 0 0
20120504 3 2 3 1 0 0
20120504 4 1 4 2 0 0
20120504 5 4 1 6 0 0
20120504 6 5 7 9 4 5
20120504 7 5 3 1 4 3
20120504 8 1 7 9 1 5
20120504 9 8 9 7 6 6
20120504 10 7 8 2 5 6
20120504 11 6 3 5 5 3
20120505 1 1 3 4 0 0
20120505 2 1 4 6 0 0
20120505 3 1 3 6 0 0
20120505 4 1 5 4 0 0
20120505 5 1 3 6 0 0
20120505 6 2 7 3 2 5
20120505 7 9 1 4 6 1
20120505 8 7 5 9 5 4
20120505 9 2 1 5 2 1
20120505 10 3 9 6 3 6
20120505 11 7 2 5 5 2
20120523 1 3 2 9 3 2
20120523 2 2 3 4 2 3
20120523 3 1 4 3 1 4
20120523 4 3 1 2 3 1
20120523 5 5 7 6 4 5
20120523 6 3 8 6 3 6
20120523 7 3 9 7 3 6
20120523 8 7 2 9 5 2
20120523 9 7 5 1 5 4
20120523 10 1 8 7 1 6
20120523 11 5 1 3 4 1
20120523 12 1 5 9 1 4
20120524 1 9 1 6 6 1
20120524 2 2 1 7 2 1
20120524 3 3 5 9 3 4
20120524 4 9 2 1 6 2
20120524 5 4 3 9 4 3
20120524 6 4 9 5 4 6
20120524 7 1 5 2 1 4
20120524 8 9 2 3 6 2
20120524 9 1 7 5 1 5
20120524 10 1 5 3 1 4
20120524 11 1 7 3 1 5
20120524 12 2 7 3 2 5
20120525 1 2 7 9 2 5
20120525 2 3 1 7 3 1
20120525 3 2 7 5 2 5
20120525 4 6 2 5 5 2
20120525 5 1 5 8 1 4
20120525 6 8 9 5 6 6
20120525 7 6 2 9 5 2
20120525 8 5 2 3 4 2
20120525 9 7 1 2 5 1
20120525 10 1 2 5 1 2
20120525 11 1 5 6 1 4
20120525 12 2 9 3 2 6
20120621 1 5 2 3 0 0
20120621 2 7 2 4 0 0
20120621 3 3 1 2 0 0
20120621 4 7 1 5 0 0
20120621 5 1 4 5 0 0
20120621 6 5 1 8 4 1
20120621 7 9 1 3 6 1
20120621 8 1 5 9 1 4
20120621 9 3 5 6 3 4
20120621 10 7 5 2 5 4
20120621 11 6 1 5 5 1
20120622 1 7 4 2 0 0
20120622 2 3 5 1 0 0
20120622 3 3 1 7 0 0
20120622 4 1 5 4 0 0
20120622 5 2 4 3 0 0
20120622 6 9 7 8 6 5
20120622 7 2 9 3 2 6
20120622 8 9 7 2 6 5
20120622 9 2 9 7 2 6
20120622 10 2 7 1 2 5
20120622 11 7 1 3 5 1
20120623 1 1 4 7 0 0
20120623 2 1 2 5 0 0
20120623 3 3 6 1 0 0
20120623 4 3 5 4 0 0
20120623 5 3 1 6 0 0
20120623 6 9 2 7 6 2
20120623 7 1 5 6 1 4
20120623 8 7 2 9 5 2
20120623 9 5 1 7 4 1
20120623 10 2 5 3 2 4
20120623 11 2 8 1 2 6
20120626 1 2 5 1 0 0
20120626 2 5 1 3 0 0
20120626 3 1 5 2 0 0
20120626 4 1 5 7 0 0
20120626 5 1 2 4 0 0
20120626 6 3 7 9 3 5
20120626 7 5 3 9 4 3
20120626 8 5 1 2 4 1
20120626 9 1 7 9 1 5
20120626 10 7 4 5 5 4
20120626 11 8 1 7 6 1
20120627 1 7 3 1 0 0
20120627 2 1 3 7 0 0
20120627 3 1 7 4 0 0
20120627 4 5 3 1 0 0
20120627 5 2 1 4 0 0
20120627 6 3 9 1 3 6
20120627 7 2 3 5 2 3
20120627 8 2 5 6 2 4
20120627 9 1 7 5 1 5
20120627 10 2 4 5 2 4
20120627 11 9 1 7 6 1
20120628 1 1 7 5 0 0
20120628 2 3 7 4 0 0
20120628 3 1 6 2 0 0
20120628 4 4 2 6 0 0
20120628 5 5 2 4 0 0
20120628 6 2 7 8 2 5
20120628 7 9 2 7 6 2
20120628 8 7 3 1 5 3
20120628 9 2 7 3 2 5
20120628 10 7 1 5 5 1
20120628 11 1 3 4 1 3
20120717 1 7 5 2 0 0
20120717 2 4 2 7 0 0
20120717 3 4 5 7 0 0
20120717 4 7 5 6 0 0
20120717 5 2 4 6 0 0
20120717 6 9 3 6 6 3
20120717 7 1 5 2 1 4
20120717 8 1 7 4 1 5
20120717 9 3 5 2 3 4
20120717 10 5 9 2 4 6
20120717 11 9 8 6 6 6
20120718 1 4 1 3 0 0
20120718 2 2 3 5 0 0
20120718 3 5 3 2 0 0
20120718 4 1 3 4 0 0
20120718 5 3 7 1 0 0
20120718 6 9 3 2 6 3
20120718 7 1 7 5 1 5
20120718 8 2 5 7 2 4
20120718 9 2 9 3 2 6
20120718 10 1 5 3 1 4
20120718 11 5 3 1 4 3
20120719 1 3 2 5 0 0
20120719 2 2 6 1 0 0
20120719 3 3 1 6 0 0
20120719 4 3 1 5 0 0
20120719 5 3 2 7 3 2
20120719 6 7 3 8 5 3
20120719 7 5 2 3 4 2
20120719 8 5 1 7 4 1
20120719 9 3 5 2 3 4
20120719 10 1 2 7 0 0
20120719 11 2 9 3 2 6
20120820 1 2 3 8 2 3
20120820 2 5 1 2 4 1
20120820 3 5 3 2 4 3
20120820 4 8 1 6 6 1
20120820 5 8 6 7 6 5
20120820 6 1 4 2 1 4
20120820 7 7 2 1 5 2
20120820 8 1 2 7 1 2
20120820 9 2 7 5 2 5
20120820 10 1 9 4 1 6
20120820 11 7 5 8 5 4
20120821 1 3 1 5 3 1
20120821 2 3 9 8 3 6
20120821 3 5 7 3 4 5
20120821 4 2 4 9 2 4
20120821 5 3 2 8 3 2
20120821 6 7 9 3 5 6
20120821 7 7 3 5 5 3
20120821 8 4 2 7 4 2
20120821 9 7 2 1 5 2
20120821 10 9 7 1 6 5
20120821 11 1 3 7 1 3
20120822 1 3 5 7 3 4
20120822 2 2 5 7 2 4
20120822 3 2 5 7 2 4
20120822 4 9 7 3 6 5
20120822 5 2 7 3 2 5
20120822 6 5 2 7 4 2
20120822 7 7 1 9 5 1
20120822 8 1 8 4 1 6
20120822 9 7 2 1 5 2
20120822 10 6 4 3 5 4
20120822 11 7 4 3 5 4
20120919 1 1 5 7 0 0
20120919 2 3 7 1 0 0
20120919 3 1 2 3 0 0
20120919 4 3 7 2 0 0
20120919 5 1 2 4 0 0
20120919 6 1 2 7 1 2
20120919 7 9 3 7 6 3
20120919 8 9 7 4 6 5
20120919 9 7 1 5 5 1
20120919 10 1 8 4 1 6
20120919 11 6 9 7 5 6
20120920 1 1 5 3 0 0
20120920 2 5 1 2 0 0
20120920 3 5 4 2 0 0
20120920 4 1 3 2 0 0
20120920 5 2 1 5 0 0
20120920 6 3 1 8 3 1
20120920 7 1 7 3 1 5
20120920 8 2 5 1 2 4
20120920 9 2 5 3 2 4
20120920 10 2 9 1 2 6
20120920 11 7 1 9 5 1
20120921 1 4 6 2 0 0
20120921 2 4 7 6 0 0
20120921 3 2 3 7 0 0
20120921 4 2 4 1 0 0
20120921 5 7 9 3 5 6
20120921 6 2 3 4 2 3
20120921 7 9 1 5 6 1
20120921 8 3 7 2 3 5
20120921 9 1 3 5 1 3
20120921 10 2 4 1 0 0
20120921 11 8 2 5 6 2
20120926 1 9 3 5 6 3
20120926 2 9 2 1 6 2
20120926 3 3 2 5 3 2
20120926 4 7 2 1 5 2
20120926 5 1 9 4 1 6
20120926 6 3 5 8 3 4
20120926 7 9 3 2 6 3
20120926 8 5 1 3 4 1
20120926 9 5 2 3 4 2
20120926 10 2 9 1 2 6
20120926 11 5 6 1 4 5
20120927 1 2 7 1 2 5
20120927 2 5 8 3 4 6
20120927 3 9 2 1 6 2
20120927 4 5 1 7 4 1
20120927 5 8 7 3 6 5
20120927 6 7 2 1 5 2
20120927 7 5 3 7 4 3
20120927 8 1 7 9 1 5
20120927 9 3 4 8 3 4
20120927 10 5 1 7 4 1
20120927 11 9 3 1 6 3
20120928 1 5 3 9 4 3
20120928 2 5 2 4 4 2
20120928 3 3 5 8 3 4
20120928 4 2 4 5 2 4
20120928 5 2 5 6 2 4
20120928 6 3 7 1 3 6
20120928 7 1 4 7 1 4
20120928 8 2 5 7 2 4
20120928 9 2 5 4 2 4
20120928 10 5 2 8 4 2
20120928 11 2 3 5 2 3
20121010 1 1 5 3 1 4
20121010 2 7 3 2 5 3
20121010 3 7 1 5 5 1
20121010 4 7 9 1 5 6
20121010 5 7 9 2 5 6
20121010 6 9 2 3 6 2
20121010 7 1 9 5 1 6
20121010 8 3 2 4 3 2
20121010 9 1 8 5 1 6
20121010 10 2 1 4 2 1
20121010 11 1 6 2 1 5
20121011 1 1 5 3 1 4
20121011 2 1 2 7 1 2
20121011 3 9 7 2 6 5
20121011 4 3 7 8 3 5
20121011 5 4 1 9 4 1
20121011 6 1 7 8 1 5
20121011 7 1 5 3 1 4
20121011 8 3 7 9 3 5
20121011 9 1 5 3 1 4
20121011 10 1 3 2 1 3
20121011 11 9 1 3 6 1
20121012 1 7 8 3 5 6
20121012 2 9 4 2 6 4
20121012 3 3 5 8 3 4
20121012 4 5 2 7 4 2
20121012 5 5 4 9 4 4
20121012 6 7 3 9 5 3
20121012 7 3 9 1 3 6
20121012 8 4 1 7 4 1
20121012 9 1 7 4 1 5
20121012 10 9 1 4 6 1
20121012 11 5 9 2 4 6
20121101 1 1 2 4 0 0
20121101 2 2 4 5 0 0
20121101 3 1 7 4 0 0
20121101 4 5 4 3 0 0
20121101 5 3 7 2 0 0
20121101 6 1 5 9 1 4
20121101 7 9 2 1 6 2
20121101 8 3 2 9 3 2
20121101 9 3 1 9 3 1
20121101 10 9 1 4 6 1
20121101 11 1 4 9 1 4
20121102 1 5 2 7 0 0
20121102 2 2 3 7 0 0
20121102 3 1 3 6 0 0
20121102 4 1 2 3 0 0
20121102 5 1 5 3 0 0
20121102 6 5 1 3 4 1
20121102 7 1 9 5 1 6
20121102 8 5 4 8 4 4
20121102 9 1 7 2 1 5
20121102 10 3 8 5 3 6
20121102 11 5 1 3 4 1
20121103 1 4 7 6 0 0
20121103 2 7 1 3 0 0
20121103 3 1 3 5 0 0
20121103 4 1 6 2 0 0
20121103 5 2 7 8 2 5
20121103 6 7 5 3 5 4
20121103 7 9 4 6 6 4
20121103 8 2 8 6 2 6
20121103 9 7 3 5 5 3
20121103 10 4 2 3 0 0
20121103 11 9 2 5 6 2
20121113 1 5 1 4 0 0
20121113 2 5 3 1 0 0
20121113 3 4 1 2 0 0
20121113 4 3 7 4 0 0
20121113 5 1 3 7 0 0
20121113 6 7 1 3 5 1
20121113 7 5 1 3 4 1
20121113 8 9 5 1 6 4
20121113 9 3 5 2 3 4
20121113 10 1 9 4 1 6
20121113 11 3 9 2 3 6
20121114 1 4 2 1 0 0
20121114 2 3 1 2 0 0
20121114 3 5 4 1 0 0
20121114 4 5 1 7 0 0
20121114 5 1 3 5 0 0
20121114 6 4 2 9 4 2
20121114 7 2 7 1 2 5
20121114 8 5 6 2 4 5
20121114 9 3 9 5 3 6
20121114 10 2 1 3 2 1
20121114 11 2 1 5 2 1
20121115 1 1 5 2 0 0
20121115 2 5 3 2 0 0
20121115 3 1 2 3 0 0
20121115 4 1 3 4 0 0
20121115 5 7 9 3 5 6
20121115 6 2 7 1 2 5
20121115 7 2 7 1 2 5
20121115 8 4 3 9 4 3
20121115 9 1 3 5 1 3
20121115 10 1 3 7 0 0
20121115 11 9 3 2 6 3
20121218 1 1 7 9 1 5
20121218 2 3 1 6 3 1
20121218 3 3 9 1 3 6
20121218 4 1 7 5 1 5
20121218 5 7 3 1 5 3
20121218 6 7 1 8 5 1
20121218 7 1 9 2 1 6
20121218 8 2 7 3 2 5
20121218 9 2 1 9 2 1
20121218 10 2 8 1 2 6
20121218 11 1 5 4 1 4
20121219 1 2 1 3 2 1
20121219 2 2 7 8 2 5
20121219 3 5 7 9 4 5
20121219 4 4 1 9 4 1
20121219 5 3 7 9 3 5
20121219 6 1 7 2 1 5
20121219 7 1 9 4 1 6
20121219 8 4 1 8 4 1
20121219 9 3 4 2 3 4
20121219 10 1 9 5 1 6
20121219 11 3 4 6 3 4
20121220 1 7 5 2 5 4
20121220 2 5 3 2 4 3
20121220 3 1 4 9 1 4
20121220 4 3 9 5 3 6
20121220 5 1 9 3 1 6
20121220 6 3 6 1 3 5
20121220 7 2 7 3 2 5
20121220 8 2 3 5 2 3
20121220 9 3 1 7 3 1
20121220 10 1 3 5 1 3
20121220 11 7 3 2 5 3
20130101 1 3 4 5 0 0
20130101 2 5 4 2 0 0
20130101 3 5 1 2 0 0
20130101 4 4 5 7 0 0
20130101 5 7 3 1 0 0
20130101 6 9 1 4 6 1
20130101 7 1 5 3 1 4
20130101 8 1 9 3 1 6
20130101 9 5 1 7 4 1
20130101 10 7 1 5 5 1
20130101 11 1 9 4 1 6
20130102 1 1 5 3 0 0
20130102 2 4 3 5 0 0
20130102 3 2 7 4 0 0
20130102 4 3 1 6 0 0
20130102 5 4 7 2 0 0
20130102 6 1 4 3 1 4
20130102 7 2 4 9 2 4
20130102 8 1 4 5 1 4
20130102 9 9 3 7 6 3
20130102 10 3 1 8 3 1
20130102 11 3 8 5 3 6
20130103 1 3 1 6 0 0
20130103 2 4 6 1 0 0
20130103 3 1 7 6 0 0
20130103 4 5 6 3 0 0
20130103 5 8 5 4 6 5
20130103 6 1 2 5 1 2
20130103 7 2 1 8 2 1
20130103 8 1 7 2 1 5
20130103 9 1 2 6 1 2
20130103 10 3 6 5 0 0
20130103 11 7 3 9 5 3
20130123 1 3 1 7 3 1
20130123 2 2 5 6 2 4
20130123 3 5 2 8 4 2
20130123 4 5 1 7 4 1
20130123 5 5 1 7 4 1
20130123 6 7 6 5 5 5
20130123 7 1 9 2 1 6
20130123 8 1 4 3 1 4
20130123 9 4 5 6 4 4
20130123 10 9 1 5 6 1
20130123 11 1 8 2 1 6
20130124 1 4 8 2 4 6
20130124 2 1 9 3 1 6
20130124 3 5 1 7 4 1
20130124 4 1 9 5 1 6
20130124 5 7 2 8 5 2
20130124 6 7 1 5 5 1
20130124 7 5 1 4 4 1
20130124 8 7 1 5 5 1
20130124 9 7 2 3 5 2
20130124 10 1 7 9 1 5
20130124 11 2 1 3 2 1
20130125 1 3 5 4 3 4
20130125 2 1 3 7 1 3
20130125 3 8 2 9 6 2
20130125 4 2 4 3 2 4
20130125 5 2 1 5 2 1
20130125 6 7 3 2 5 3
20130125 7 7 3 5 5 3
20130125 8 3 4 9 3 4
20130125 9 1 9 2 1 6
20130125 10 9 4 3 6 4
20130125 11 7 4 1 5 4
20130204 1 3 9 6 3 6
20130204 2 3 1 2 3 1
20130204 3 2 6 9 2 5
20130204 4 7 1 5 5 1
20130204 5 3 6 1 3 5
20130204 6 1 6 8 1 5
20130204 7 3 1 9 3 1
20130204 8 5 2 3 4 2
20130204 9 2 7 4 2 5
20130204 10 1 5 4 1 4
20130204 11 7 8 2 5 6
20130205 1 7 3 6 5 3
20130205 2 5 1 6 4 1
20130205 3 9 7 6 6 5
20130205 4 9 2 4 6 2
20130205 5 5 2 9 4 2
20130205 6 5 9 2 4 6
20130205 7 3 1 5 3 1
20130205 8 1 5 7 1 4
20130205 9 7 1 2 5 1
20130205 10 5 8 2 4 6
20130205 11 1 5 6 1 4
20130206 1 7 9 5 5 6
20130206 2 8 6 7 6 5
20130206 3 9 1 6 6 1
20130206 4 2 1 5 2 1
20130206 5 5 1 9 4 1
20130206 6 4 5 6 4 4
20130206 7 1 9 7 1 6
20130206 8 5 8 3 4 6
20130206 9 7 8 2 5 6
20130206 10 2 4 1 2 4
20130206 11 1 4 9 1 4
20130220 1 1 4 5 0 0
20130220 2 3 7 6 0 0
20130220 3 5 1 3 0 0
20130220 4 5 1 3 0 0
20130220 5 5 4 7 0 0
20130220 6 3 5 4 3 4
20130220 7 3 5 8 3 4
20130220 8 5 2 9 4 2
20130220 9 1 8 7 1 6
20130220 10 5 1 7 4 1
20130220 11 2 4 7 2 4
20130221 1 7 1 6 0 0
20130221 2 2 5 4 0 0
20130221 3 4 2 3 0 0
20130221 4 5 4 1 0 0
20130221 5 7 4 1 0 0
20130221 6 3 6 9 3 5
20130221 7 5 1 3 4 1
20130221 8 1 3 9 1 3
20130221 9 7 6 1 5 5
20130221 10 3 2 5 3 2
20130221 11 5 3 7 4 3
20130222 1 2 4 5 0 0
20130222 2 5 1 3 0 0
20130222 3 4 3 7 0 0
20130222 4 4 2 7 0 0
20130222 5 8 1 5 6 1
20130222 6 7 3 8 5 3
20130222 7 7 1 8 5 1
20130222 8 2 1 4 2 1
20130222 9 3 5 2 3 4
20130222 10 6 7 1 0 0
20130222 11 3 2 5 3 2
20130312 1 2 3 7 0 0
20130312 2 4 2 1 0 0
20130312 3 6 1 5 0 0
20130312 4 3 5 1 0 0
20130312 5 3 1 4 0 0
20130312 6 8 7 3 6 5
20130312 7 5 2 1 4 2
20130312 8 1 7 9 1 5
20130312 9 7 3 9 5 3
20130312 10 1 9 2 1 6
20130312 11 7 2 3 5 2
20130313 1 3 2 7 0 0
20130313 2 5 3 1 0 0
20130313 3 3 7 5 0 0
20130313 4 6 4 5 0 0
20130313 5 1 2 5 0 0
20130313 6 2 1 4 2 1
20130313 7 5 3 9 4 3
20130313 8 7 1 3 5 1
20130313 9 5 9 2 4 6
20130313 10 3 8 6 3 6
20130313 11 7 4 3 5 4
20130314 1 7 4 3 0 0
20130314 2 4 2 7 0 0
20130314 3 7 1 4 0 0
20130314 4 1 4 2 0 0
20130314 5 1 7 8 1 5
20130314 6 1 5 4 1 4
20130314 7 9 7 4 6 5
20130314 8 6 7 3 5 5
20130314 9 1 4 2 1 4
20130314 10 4 7 1 0 0
20130314 11 9 6 1 6 5
20130423 1 9 5 1 6 4
20130423 2 1 9 4 1 6
20130423 3 9 2 3 6 2
20130423 4 5 3 1 4 3
20130423 5 7 3 1 5 3
20130423 6 5 1 6 4 1
20130423 7 5 1 2 4 1
20130423 8 1 7 2 1 5
20130423 9 9 2 4 6 2
20130423 10 1 5 7 1 4
20130423 11 3 4 1 3 4
20130424 1 6 2 8 5 2
20130424 2 9 3 2 6 3
20130424 3 2 7 3 2 5
20130424 4 3 7 2 3 5
20130424 5 5 9 8 4 6
20130424 6 7 3 2 5 3
20130424 7 7 9 1 5 6
20130424 8 9 3 8 6 3
20130424 9 5 8 6 4 6
20130424 10 7 1 5 5 1
20130424 11 3 1 9 3 1
20130425 1 5 1 7 4 1
20130425 2 1 9 7 1 6
20130425 3 5 7 1 4 5
20130425 4 2 3 9 2 3
20130425 5 3 7 2 3 5
20130425 6 3 2 4 3 2
20130425 7 5 3 4 4 3
20130425 8 8 5 4 6 4
20130425 9 1 9 3 1 6
20130425 10 2 4 1 2 4
20130425 11 2 1 9 2 1
20130515 1 2 3 1 0 0
20130515 2 3 1 5 0 0
20130515 3 2 5 4 0 0
20130515 4 1 3 4 0 0
20130515 5 1 7 2 0 0
20130515 6 9 4 1 6 4
20130515 7 5 2 3 4 2
20130515 8 1 2 3 1 2
20130515 9 3 1 8 3 1
20130515 10 5 1 2 4 1
20130516 1 4 2 3 0 0
20130516 2 1 3 4 0 0
20130516 3 7 2 3 0 0
20130516 4 7 3 1 0 0
20130516 5 2 7 3 0 0
20130516 6 7 9 1 5 6
20130516 7 5 3 1 4 3
20130516 8 1 7 9 1 5
20130516 9 1 2 4 1 2
20130516 10 7 3 5 5 3
20130517 1 3 1 2 0 0
20130517 2 2 3 5 0 0
20130517 3 1 2 5 0 0
20130517 4 1 5 4 0 0
20130517 5 3 7 8 3 5
20130517 6 7 5 2 5 4
20130517 7 1 9 4 1 6
20130517 8 2 9 1 2 6
20130517 9 1 7 4 0 0
20130517 10 1 9 3 1 6
20130619 1 5 1 3 4 1
20130619 2 9 3 2 6 3
20130619 3 7 2 4 5 2
20130619 4 9 1 3 6 1
20130619 5 5 1 3 4 1
20130619 6 1 4 5 1 4
20130619 7 7 1 2 5 1
20130619 8 3 7 2 3 5
20130619 9 3 8 5 3 6
20130619 10 5 1 8 4 1
20130619 11 2 1 9 2 1
20130620 1 7 3 9 5 3
20130620 2 2 7 5 2 5
20130620 3 4 1 8 4 1
20130620 4 1 5 9 1 4
20130620 5 1 9 2 1 6
20130620 6 1 9 5 1 6
20130620 7 2 5 4 2 5
20130620 8 2 1 7 2 1
20130620 9 5 2 7 4 2
20130620 10 9 1 7 6 1
20130620 11 5 6 8 4 5
20130621 1 7 5 2 5 4
20130621 2 3 9 5 3 6
20130621 3 7 2 5 5 2
20130621 4 9 1 5 6 1
20130621 5 9 4 2 6 4
20130621 6 4 2 7 4 2
20130621 7 1 3 4 1 3
20130621 8 7 5 3 5 4
20130621 9 1 2 5 1 2
20130621 10 1 2 7 1 2
20130621 11 2 7 4 2 5
20130628 1 1 5 7 0 0
20130628 2 4 2 7 0 0
20130628 3 1 5 7 0 0
20130628 4 4 2 5 0 0
20130628 5 3 1 2 0 0
20130628 6 5 9 6 4 6
20130628 7 7 3 1 5 3
20130628 8 1 2 3 0 0
20130628 9 1 7 4 0 0
20130628 10 1 9 2 1 6
20130628 11 2 1 7 2 1
20130628 12 6 1 8 5 1
20130629 1 4 5 3 0 0
20130629 2 5 1 4 0 0
20130629 3 3 1 5 0 0
20130629 4 2 1 6 0 0
20130629 5 7 4 3 0 0
20130629 6 5 3 4 4 3
20130629 7 1 6 4 1 5
20130629 8 2 3 5 0 0
20130629 9 2 4 3 0 0
20130629 10 1 5 2 1 4
20130629 11 4 9 3 4 6
20130629 12 3 7 5 3 5
20130630 1 2 1 4 0 0
20130630 2 1 2 6 0 0
20130630 3 3 7 5 0 0
20130630 4 3 2 1 0 0
20130630 5 3 7 1 3 5
20130630 6 5 4 6 4 4
20130630 7 3 9 6 3 6
20130630 8 6 3 8 5 3
20130630 9 1 7 6 0 0
20130630 10 4 7 5 0 0
20130630 11 3 1 2 0 0
20130630 12 8 7 5 6 5
20130725 1 7 2 9 5 2
20130725 2 2 9 4 2 6
20130725 3 7 3 1 5 3
20130725 4 1 5 3 1 4
20130725 5 4 7 9 4 5
20130725 6 4 6 2 4 5
20130725 7 9 1 7 6 1
20130725 8 4 1 5 4 1
20130725 9 3 9 4 3 6
20130725 10 7 2 9 5 2
20130726 1 2 1 3 2 1
20130726 2 6 3 1 5 3
20130726 3 1 5 6 1 5
20130726 4 3 1 7 3 1
20130726 5 1 3 7 1 3
20130726 6 7 1 4 5 1
20130726 7 1 5 3 1 4
20130726 8 3 7 1 3 5
20130726 9 2 9 3 2 6
20130726 10 8 3 9 6 3
20130726 11 2 7 3 2 5
20130727 1 8 5 1 6 5
20130727 2 1 6 7 1 5
20130727 3 7 2 3 6 2
20130727 4 3 9 7 3 6
20130727 5 7 1 2 5 1
20130727 6 2 3 8 2 3
20130727 7 5 3 1 4 3
20130727 8 1 5 2 1 4
20130727 9 3 4 7 3 4
20130727 10 3 6 5 3 5
20130727 11 9 3 4 6 3
20130728 1 3 7 5 3 5
20130728 2 5 7 6 4 5
20130728 3 9 5 1 6 4
20130728 4 1 9 2 1 6
20130728 5 7 1 5 5 1
20130728 6 1 7 3 1 5
20130728 7 7 5 9 5 4
20130728 8 3 5 6 3 4
20130728 9 3 7 4 3 5
20130728 10 2 7 9 2 5
20130728 11 7 3 5 5 3
20130824 1 1 2 5 0 0
20130824 2 1 4 5 0 0
20130824 3 2 7 3 0 0
20130824 4 1 4 2 0 0
20130824 5 2 6 4 0 0
20130824 6 3 1 9 3 1
20130824 7 4 2 9 4 2
20130824 8 1 9 4 1 6
20130824 9 5 7 1 4 5
20130824 10 4 1 3 4 1
20130825 1 7 1 5 0 0
20130825 2 3 1 7 0 0
20130825 3 2 3 5 0 0
20130825 4 2 5 3 0 0
20130825 5 1 3 5 0 0
20130825 6 3 9 1 3 6
20130825 7 7 2 4 5 2
20130825 8 2 1 8 2 1
20130825 9 7 1 9 5 1
20130825 10 7 1 5 5 1
20130826 1 5 3 2 0 0
20130826 2 3 7 5 0 0
20130826 3 7 1 2 0 0
20130826 4 3 1 7 0 0
20130826 5 7 4 5 5 4
20130826 6 5 1 7 4 1
20130826 7 4 2 3 4 2
20130826 8 9 4 7 6 4
20130826 9 3 1 7 0 0
20130826 10 1 7 3 1 5
20130904 1 9 3 1 6 3
20130904 2 3 1 7 3 1
20130904 3 2 5 6 2 4
20130904 4 1 7 8 1 5
20130904 5 3 5 2 3 4
20130904 6 2 5 7 2 4
20130904 7 7 2 9 5 2
20130904 8 9 3 6 6 3
20130904 9 7 5 1 5 4
20130904 10 1 5 8 1 4
20130904 11 2 5 6 2 4
20130905 1 1 5 2 1 4
20130905 2 3 6 1 3 5
20130905 3 2 9 1 2 6
20130905 4 7 5 3 5 4
20130905 5 7 1 2 5 1
20130905 6 1 7 5 1 5
20130905 7 3 2 1 0 0
20130905 8 5 1 3 0 0
20130905 9 1 3 4 1 3
20130905 10 9 2 5 6 2
20130905 11 1 8 3 1 6
20130906 1 5 2 1 4 2
20130906 2 3 9 4 3 6
20130906 3 3 5 7 3 4
20130906 4 5 3 2 4 3
20130906 5 7 5 9 5 4
20130906 6 6 4 5 0 0
20130906 7 4 1 2 0 0
20130906 8 1 9 6 1 6
20130906 9 1 2 7 1 2
20130906 10 1 7 5 1 5
20130906 11 1 2 5 1 2
20130925 1 1 3 7 0 0
20130925 2 1 5 7 0 0
20130925 3 4 2 3 0 0
20130925 4 7 3 6 0 0
20130925 5 1 3 7 0 0
20130925 6 3 6 4 3 5
20130925 7 7 5 3 5 4
20130925 8 1 5 9 1 4
20130925 9 4 2 9 4 2
20130925 10 8 7 2 6 5
20130926 1 5 1 4 0 0
20130926 2 1 5 6 0 0
20130926 3 3 4 1 0 0
20130926 4 5 3 2 0 0
20130926 5 5 1 7 0 0
20130926 6 7 1 3 5 1
20130926 7 7 5 8 5 4
20130926 8 2 1 9 2 1
20130926 9 3 7 9 3 5
20130926 10 1 7 5 1 5
20130927 1 1 6 3 0 0
20130927 2 2 6 1 0 0
20130927 3 2 7 3 0 0
20130927 4 1 2 7 0 0
20130927 5 2 9 6 2 6
20130927 6 1 9 2 1 6
20130927 7 5 7 3 4 5
20130927 8 7 2 8 5 2
20130927 9 2 4 1 0 0
20130927 10 6 8 1 5 6
20131010 1 3 7 1 0 0
20131010 2 1 7 2 0 0
20131010 3 3 7 4 0 0
20131010 4 3 7 2 0 0
20131010 5 5 1 3 0 0
20131010 6 1 2 7 1 2
20131010 7 9 1 6 6 1
20131010 8 1 5 6 1 4
20131010 9 9 1 5 6 1
20131010 10 6 4 1 5 4
20131011 1 5 3 6 0 0
20131011 2 7 3 2 0 0
20131011 3 5 1 6 0 0
20131011 4 1 7 5 0 0
20131011 5 3 1 5 0 0
20131011 6 1 5 2 1 4
20131011 7 3 9 4 3 6
20131011 8 3 5 7 3 4
20131011 9 7 9 2 5 6
20131011 10 2 3 5 2 3
20131012 1 5 3 6 0 0
20131012 2 5 2 1 0 0
20131012 3 5 7 1 0 0
20131012 4 1 3 7 0 0
20131012 5 5 1 7 4 1
20131012 6 9 7 2 6 5
20131012 7 4 9 7 4 6
20131012 8 5 1 9 4 1
20131012 9 1 7 2 0 0
20131012 10 1 5 7 1 4
20131106 1 1 3 5 0 0
20131106 2 1 5 3 0 0
20131106 3 2 5 3 0 0
20131106 4 3 1 2 0 0
20131106 5 4 2 7 0 0
20131106 6 5 3 2 4 3
20131106 7 7 3 1 5 3
20131106 8 7 2 3 5 2
20131106 9 1 5 9 1 4
20131106 10 5 3 1 4 3
20131107 1 4 2 1 0 0
20131107 2 1 3 4 0 0
20131107 3 3 4 1 0 0
20131107 4 2 7 1 0 0
20131107 5 5 1 7 0 0
20131107 6 5 2 9 4 2
20131107 7 3 5 9 3 4
20131107 8 7 1 8 5 1
20131107 9 3 2 1 3 2
20131107 10 9 2 5 6 2
20131108 1 5 7 4 0 0
20131108 2 1 5 2 0 0
20131108 3 7 5 4 0 0
20131108 4 7 3 6 0 0
20131108 5 9 5 1 6 4
20131108 6 5 2 4 4 2
20131108 7 9 1 5 6 1
20131108 8 1 9 4 1 6
20131108 9 1 5 4 0 0
20131108 10 5 7 1 4 5
20131113 1 7 1 5 0 0
20131113 2 7 1 3 0 0
20131113 3 5 3 7 0 0
20131113 4 1 7 2 0 0
20131113 5 1 5 6 0 0
20131113 6 7 3 1 5 3
20131113 7 2 9 5 2 6
20131113 8 7 5 1 5 4
20131113 9 5 9 1 4 6
20131113 10 7 1 2 5 1
20131114 1 4 5 7 0 0
20131114 2 1 3 5 0 0
20131114 3 3 1 5 0 0
20131114 4 5 2 7 0 0
20131114 5 3 2 7 0 0
20131114 6 7 1 3 5 1
20131114 7 2 1 8 2 1
20131114 8 5 3 7 4 3
20131114 9 3 5 7 3 4
20131114 10 9 2 3 6 2
20131115 1 1 2 7 0 0
20131115 2 1 3 7 0 0
20131115 3 1 4 5 0 0
20131115 4 2 4 5 0 0
20131115 5 7 2 5 5 2
20131115 6 1 5 9 1 4
20131115 7 3 7 1 3 5
20131115 8 7 9 5 5 6
20131115 9 3 1 4 0 0
20131115 10 1 5 9 1 4
20131122 1 5 7 2 4 5
20131122 2 2 7 9 2 5
20131122 3 5 7 9 4 5
20131122 4 1 7 6 1 5
20131122 5 2 7 9 2 5
20131122 6 1 2 6 0 0
20131122 7 2 4 1 0 0
20131122 8 1 5 4 1 4
20131122 9 7 1 9 5 1
20131122 10 3 4 9 3 4
20131122 11 9 2 3 6 2
20131122 12 5 2 7 4 2
20131123 1 5 7 4 4 5
20131123 2 2 4 5 2 4
20131123 3 2 3 7 2 3
20131123 4 5 8 9 4 6
20131123 5 1 7 3 1 5
20131123 6 2 5 3 0 0
20131123 7 1 2 5 0 0
20131123 8 6 3 9 5 3
20131123 9 1 6 5 1 5
20131123 10 3 2 8 3 2
20131123 11 1 5 9 1 4
20131123 12 1 7 8 1 5
20131124 1 5 1 7 4 1
20131124 2 5 2 9 4 2
20131124 3 2 5 7 2 4
20131124 4 1 5 3 1 4
20131124 5 3 1 2 0 0
20131124 6 7 9 1 5 6
20131124 7 2 9 7 2 6
20131124 8 1 7 4 1 5
20131124 9 1 7 9 1 5
20131124 10 3 5 1 3 4
20131124 11 2 7 4 0 0
20131124 12 6 1 5 5 1
20131217 1 8 3 5 6 3
20131217 2 7 3 9 5 3
20131217 3 9 2 7 6 2
20131217 4 7 2 8 5 2
20131217 5 3 2 5 3 2
20131217 6 2 3 7 2 3
20131217 7 1 8 2 1 6
20131217 8 8 7 2 6 5
20131217 9 9 1 2 6 1
20131217 10 7 1 9 5 1
20131217 11 2 3 1 2 3
20131218 1 3 1 2 3 1
20131218 2 1 7 9 1 5
20131218 3 9 1 6 6 1
20131218 4 2 5 3 2 4
20131218 5 3 2 7 3 2
20131218 6 3 1 8 3 1
20131218 7 1 5 2 1 4
20131218 8 2 7 4 2 5
20131218 9 9 1 3 6 1
20131218 10 2 5 1 2 4
20131218 11 7 4 9 5 4
20131219 1 1 8 6 1 6
20131219 2 1 2 5 1 2
20131219 3 7 1 5 5 1
20131219 4 7 1 9 5 1
20131219 5 1 7 4 1 5
20131219 6 1 2 5 1 2
20131219 7 1 7 2 1 5
20131219 8 3 7 5 3 5
20131219 9 1 5 2 1 4
20131219 10 5 6 1 4 5
20131219 11 3 5 2 3 4
20131224 1 1 5 3 1 4
20131224 2 9 5 2 6 4
20131224 3 2 8 3 2 6
20131224 4 7 1 2 5 1
20131224 5 1 5 9 1 4
20131224 6 4 2 9 4 2
20131224 7 1 9 3 1 6
20131224 8 2 9 8 2 6
20131224 9 2 5 1 2 4
20131224 10 2 1 7 2 1
20131224 11 1 5 3 1 4
20131225 1 5 2 7 4 2
20131225 2 9 5 3 6 4
20131225 3 5 1 2 4 1
20131225 4 5 3 2 4 3
20131225 5 5 3 2 4 3
20131225 6 7 1 9 5 1
20131225 7 5 3 1 4 3
20131225 8 2 7 3 2 5
20131225 9 4 2 6 4 2
20131225 10 1 5 4 1 4
20131225 11 3 8 9 3 6
20131226 1 1 2 3 1 2
20131226 2 1 3 7 1 3
20131226 3 5 2 3 4 2
20131226 4 1 3 2 1 3
20131226 5 1 2 7 1 2
20131226 6 1 3 5 1 3
20131226 7 5 3 2 4 3
20131226 8 1 3 7 1 3
20131226 9 7 3 1 5 3
20131226 10 6 7 2 5 5
20131226 11 9 3 2 6 3
20140108 1 1 3 7 0 0
20140108 2 1 2 3 0 0
20140108 3 5 3 2 0 0
20140108 4 4 2 3 0 0
20140108 5 3 7 2 0 0
20140108 6 5 1 7 4 1
20140108 7 2 4 1 2 4
20140108 8 5 1 2 4 1
20140108 9 7 2 4 5 2
20140108 10 1 7 3 1 5
20140109 1 2 1 4 0 0
20140109 2 4 3 6 0 0
20140109 3 4 2 3 0 0
20140109 4 2 4 1 0 0
20140109 5 3 5 7 0 0
20140109 6 9 3 5 6 3
20140109 7 7 2 3 5 2
20140109 8 9 2 7 6 2
20140109 9 3 1 7 3 1
20140109 10 2 9 1 2 6
20140110 1 1 7 6 0 0
20140110 2 7 5 6 0 0
20140110 3 1 2 5 0 0
20140110 4 1 4 5 0 0
20140110 5 5 3 1 4 3
20140110 6 9 3 2 6 3
20140110 7 2 7 3 2 5
20140110 8 4 2 6 4 2
20140110 9 6 3 7 0 0
20140110 10 3 8 5 3 6
20140212 1 1 5 6 1 4
20140212 2 5 3 8 4 3
20140212 3 3 1 4 3 1
20140212 4 2 9 4 2 6
20140212 5 9 2 5 6 2
20140212 6 7 1 5 5 1
20140212 7 4 7 1 4 5
20140212 8 7 1 2 5 1
20140212 9 9 1 2 6 1
20140212 10 1 7 4 1 5
20140212 11 9 7 5 6 5
20140213 1 1 3 5 1 3
20140213 2 1 2 9 1 2
20140213 3 3 9 2 3 6
20140213 4 1 7 5 1 5
20140213 5 5 1 7 4 1
20140213 6 1 3 5 1 3
20140213 7 8 9 5 6 6
20140213 8 7 9 1 5 6
20140213 9 1 7 3 1 5
20140213 10 5 8 3 4 6
20140213 11 2 3 6 2 3
20140214 1 1 4 3 1 4
20140214 2 4 3 8 4 3
20140214 3 6 7 2 5 5
20140214 4 7 5 3 5 4
20140214 5 7 9 4 5 6
20140214 6 7 4 1 5 4
20140214 7 1 3 5 1 3
20140214 8 4 7 2 4 5
20140214 9 1 7 8 1 5
20140214 10 4 5 1 4 4
20140214 11 3 4 5 3 4
20140219 1 1 7 2 0 0
20140219 2 3 5 7 0 0
20140219 3 2 1 5 0 0
20140219 4 1 3 7 0 0
20140219 5 1 7 2 0 0
20140219 6 4 1 7 4 1
20140219 7 5 2 7 4 2
20140219 8 3 7 5 3 5
20140219 9 1 9 5 1 6
20140219 10 7 1 6 5 1
20140220 1 5 2 1 0 0
20140220 2 7 2 1 0 0
20140220 3 4 3 5 0 0
20140220 4 1 6 7 0 0
20140220 5 3 5 1 0 0
20140220 6 1 7 3 1 5
20140220 7 1 2 7 1 2
20140220 8 7 1 4 5 1
20140220 9 5 1 4 4 1
20140220 10 2 8 5 2 6
20140221 1 5 1 3 0 0
20140221 2 1 2 4 0 0
20140221 3 7 1 3 0 0
20140221 4 2 5 1 0 0
20140221 5 4 1 7 4 1
20140221 6 9 5 3 6 4
20140221 7 3 8 2 3 6
20140221 8 3 8 7 3 6
20140221 9 2 3 6 0 0
20140221 10 9 5 2 6 4
20140310 1 2 4 7 0 0
20140310 2 1 5 3 0 0
20140310 3 3 1 2 0 0
20140310 4 7 3 4 0 0
20140310 5 1 3 2 0 0
20140310 6 5 1 3 4 1
20140310 7 9 3 7 6 3
20140310 8 1 8 5 1 6
20140310 9 7 5 1 5 4
20140310 10 3 9 5 3 6
20140311 1 1 4 2 0 0
20140311 2 7 4 2 0 0
20140311 3 0 0 0 0 0
20140311 4 7 4 2 0 0
20140311 5 4 2 1 0 0
20140311 6 9 2 8 6 2
20140311 7 3 7 9 3 5
20140311 8 1 5 9 1 4
20140311 9 2 3 5 2 3
20140311 10 1 2 3 1 2
20140312 1 4 1 7 0 0
20140312 2 5 1 4 0 0
20140312 3 3 7 4 0 0
20140312 4 2 1 7 0 0
20140312 5 5 7 2 4 5
20140312 6 5 3 8 4 3
20140312 7 2 1 6 2 1
20140312 8 5 2 1 4 2
20140312 9 4 5 2 0 0
20140312 10 1 9 7 1 6
20140412 1 9 1 4 6 1
20140412 2 4 3 9 4 3
20140412 3 1 5 4 1 4
20140412 4 5 3 1 4 3
20140412 5 3 9 6 3 6
20140412 6 1 3 2 1 3
20140412 7 2 4 3 2 4
20140412 8 1 5 8 1 4
20140412 9 9 1 8 6 1
20140412 10 5 3 2 4 3
20140412 11 2 3 7 2 3
20140412 12 1 5 2 1 4
20140413 1 2 4 7 2 4
20140413 2 5 2 7 4 2
20140413 3 4 3 9 4 3
20140413 4 5 8 1 4 6
20140413 5 1 5 9 1 4
20140413 6 3 6 5 3 5
20140413 7 1 7 5 1 5
20140413 8 9 2 3 6 2
20140413 9 5 2 1 4 2
20140413 10 5 3 9 4 3
20140413 11 3 9 2 3 6
20140413 12 8 7 3 6 5
20140414 1 7 9 5 5 6
20140414 2 7 3 9 5 3
20140414 3 3 9 2 3 6
20140414 4 9 4 3 6 4
20140414 5 4 9 3 4 6
20140414 6 2 3 8 2 3
20140414 7 1 7 9 1 5
20140414 8 3 2 5 3 2
20140414 9 1 3 2 1 3
20140414 10 5 9 1 4 6
20140414 11 2 3 1 2 3
20140414 12 1 4 6 1 4
20140415 1 8 2 7 6 2
20140415 2 1 4 5 1 4
20140415 3 9 7 5 6 5
20140415 4 7 5 1 5 4
20140415 5 6 9 7 5 6
20140415 6 3 1 7 3 1
20140415 7 5 2 1 4 2
20140415 8 1 2 7 1 2
20140415 9 2 7 4 2 5
20140415 10 8 7 2 6 5
20140415 11 7 2 1 5 2
20140423 1 1 3 5 0 0
20140423 2 1 5 2 0 0
20140423 3 5 1 7 0 0
20140423 4 5 2 1 0 0
20140423 5 7 1 2 0 0
20140423 6 3 9 8 3 6
20140423 7 9 2 6 6 2
20140423 8 3 9 1 3 6
20140423 9 1 5 9 1 4
20140423 10 3 2 8 3 2
20140424 1 4 3 1 0 0
20140424 2 1 4 5 0 0
20140424 3 2 1 5 0 0
20140424 4 4 7 2 0 0
20140424 5 1 4 2 0 0
20140424 6 7 2 9 5 2
20140424 7 3 1 7 3 1
20140424 8 4 3 1 4 3
20140424 9 1 8 4 1 6
20140424 10 9 4 7 6 4
20140425 1 1 7 4 0 0
20140425 2 7 3 4 0 0
20140425 3 2 3 5 0 0
20140425 4 1 3 2 0 0
20140425 5 1 9 8 1 6
20140425 6 1 3 5 1 3
20140425 7 3 1 5 3 1
20140425 8 1 2 7 1 2
20140425 9 3 7 4 0 0
20140425 10 2 1 3 2 1
20140503 1 5 2 7 0 0
20140503 2 2 3 5 0 0
20140503 3 3 7 1 0 0
20140503 4 2 1 3 0 0
20140503 5 5 1 2 0 0
20140503 6 3 5 2 3 4
20140503 7 9 3 1 6 3
20140503 8 2 1 4 2 1
20140503 9 2 5 1 2 4
20140503 10 8 1 2 6 1
20140504 1 1 3 4 0 0
20140504 2 2 7 1 0 0
20140504 3 1 2 3 0 0
20140504 4 3 2 6 0 0
20140504 5 3 1 7 0 0
20140504 6 5 3 7 4 3
20140504 7 1 7 2 1 5
20140504 8 5 6 9 4 5
20140504 9 7 3 4 5 3
20140504 10 9 2 1 6 2
20140505 1 5 4 7 0 0
20140505 2 1 3 5 0 0
20140505 3 2 5 4 0 0
20140505 4 5 4 3 0 0
20140505 5 7 9 3 5 6
20140505 6 5 1 3 4 1
20140505 7 3 7 5 3 5
20140505 8 9 1 3 6 1
20140505 9 1 7 6 0 0
20140505 10 1 3 4 1 3
20140514 1 7 1 9 5 1
20140514 2 2 3 7 2 3
20140514 3 2 9 5 2 6
20140514 4 3 1 7 3 1
20140514 5 5 1 3 4 1
20140514 6 7 8 3 5 6
20140514 7 2 1 9 2 1
20140514 8 9 3 6 6 3
20140514 9 9 3 5 6 3
20140514 10 3 1 9 3 1
20140514 11 2 4 7 2 4
20140515 1 3 4 7 3 4
20140515 2 9 1 4 6 1
20140515 3 4 3 7 4 3
20140515 4 2 7 8 2 5
20140515 5 4 2 9 4 2
20140515 6 1 9 7 1 6
20140515 7 5 2 3 4 2
20140515 8 1 9 2 1 6
20140515 9 5 2 1 4 2
20140515 10 5 9 1 4 6
20140515 11 5 1 9 4 1
20140516 1 9 2 1 6 2
20140516 2 2 1 4 2 1
20140516 3 9 5 7 6 4
20140516 4 7 2 6 5 2
20140516 5 9 2 1 6 2
20140516 6 2 4 8 2 4
20140516 7 9 3 8 6 3
20140516 8 9 2 3 6 2
20140516 9 1 2 4 1 2
20140516 10 3 2 4 3 2
20140516 11 1 3 2 1 3
20140616 1 2 5 1 0 0
20140616 2 1 5 6 0 0
20140616 3 1 2 4 0 0
20140616 4 1 5 2 0 0
20140616 5 2 1 5 0 0
20140616 6 7 3 9 5 3
20140616 7 3 2 4 3 2
20140616 8 2 8 1 2 6
20140616 9 1 7 2 1 5
20140616 10 5 9 4 4 6
20140617 1 6 4 7 0 0
20140617 2 2 1 3 0 0
20140617 3 2 4 1 0 0
20140617 4 7 3 1 0 0
20140617 5 1 4 7 0 0
20140617 6 2 3 1 2 3
20140617 7 9 5 6 6 4
20140617 8 6 4 2 5 4
20140617 9 7 2 6 5 2
20140617 10 1 4 3 1 4
20140618 1 7 6 2 0 0
20140618 2 1 4 3 0 0
20140618 3 7 4 5 0 0
20140618 4 2 7 3 0 0
20140618 5 2 3 5 2 3
20140618 6 5 2 9 4 2
20140618 7 7 4 8 5 4
20140618 8 3 5 4 3 4
20140618 9 4 2 3 0 0
20140618 10 2 3 8 2 3
20140726 1 1 4 2 0 0
20140726 2 6 7 4 0 0
20140726 3 2 5 1 0 0
20140726 4 2 5 4 0 0
20140726 5 5 7 1 0 0
20140726 6 9 2 1 6 2
20140726 7 7 2 9 5 2
20140726 8 2 1 5 0 0
20140726 9 5 2 3 0 0
20140726 10 1 5 8 1 4
20140726 11 1 9 2 1 6
20140726 12 9 1 7 6 1
20140727 1 3 7 5 0 0
20140727 2 3 6 2 0 0
20140727 3 5 1 4 0 0
20140727 4 4 3 6 0 0
20140727 5 1 6 4 0 0
20140727 6 9 5 6 6 4
20140727 7 1 9 7 1 6
20140727 8 4 6 7 0 0
20140727 9 4 1 6 0 0
20140727 10 1 7 4 1 5
20140727 11 5 3 8 4 3
20140727 12 9 3 7 6 3
20140728 1 4 5 2 0 0
20140728 2 4 2 3 0 0
20140728 3 2 1 7 0 0
20140728 4 4 2 5 0 0
20140728 5 3 7 5 3 5
20140728 6 5 9 2 4 6
20140728 7 7 5 9 5 4
20140728 8 5 4 2 4 4
20140728 9 3 6 7 0 0
20140728 10 1 3 7 0 0
20140728 11 2 3 7 0 0
20140728 12 9 4 5 6 4
20140825 1 1 9 3 1 6
20140825 2 2 8 9 2 6
20140825 3 1 9 2 1 6
20140825 4 3 7 1 3 5
20140825 5 7 1 4 5 1
20140825 6 9 1 8 6 1
20140825 7 1 9 3 1 6
20140825 8 9 1 3 6 1
20140825 9 1 3 5 1 3
20140825 10 2 5 1 2 4
20140825 11 9 7 1 6 5
20140826 1 2 9 1 2 6
20140826 2 7 2 9 5 2
20140826 3 1 4 3 1 4
20140826 4 5 1 2 4 1
20140826 5 1 7 3 1 5
20140826 6 1 9 2 1 6
20140826 7 1 6 3 1 6
20140826 8 2 5 3 2 5
20140826 9 1 5 7 1 4
20140826 10 3 7 4 3 5
20140826 11 1 3 9 1 3
20140827 1 3 7 9 3 5
20140827 2 3 5 1 3 4
20140827 3 7 1 3 5 1
20140827 4 9 6 2 6 5
20140827 5 1 9 6 1 6
20140827 6 1 4 6 1 4
20140827 7 4 8 7 4 6
20140827 8 1 5 9 1 4
20140827 9 3 5 9 3 4
20140827 10 9 4 3 6 4
20140827 11 3 1 4 3 1
20140902 1 7 2 1 5 2
20140902 2 2 7 4 2 5
20140902 3 1 7 3 1 5
20140902 4 7 2 6 5 2
20140902 5 7 3 2 5 3
20140902 6 7 8 2 5 6
20140902 7 1 7 6 1 5
20140902 8 1 5 7 1 4
20140902 9 1 4 8 1 4
20140902 10 3 8 1 3 6
20140902 11 1 6 4 1 5
20140903 1 8 5 9 6 4
20140903 2 1 3 4 1 3
20140903 3 2 1 7 2 1
20140903 4 7 1 6 5 1
20140903 5 1 7 3 1 5
20140903 6 6 7 5 5 5
20140903 7 5 9 2 4 6
20140903 8 1 8 2 1 6
20140903 9 2 1 7 2 1
20140903 10 2 7 5 2 5
20140903 11 3 2 8 3 2
20140904 1 7 9 1 5 6
20140904 2 5 1 8 4 1
20140904 3 9 5 3 6 4
20140904 4 5 8 1 4 6
20140904 5 2 3 7 2 3
20140904 6 5 3 2 4 3
20140904 7 9 7 8 6 5
20140904 8 9 1 2 6 1
20140904 9 8 2 1 6 2
20140904 10 7 5 8 5 4
20140904 11 3 4 5 3 4
20140924 1 1 4 6 0 0
20140924 2 4 7 5 0 0
20140924 3 2 3 7 0 0
20140924 4 6 4 1 0 0
20140924 5 1 4 2 0 0
20140924 6 7 9 1 5 6
20140924 7 9 3 7 6 3
20140924 8 9 1 6 6 1
20140924 9 2 7 5 2 5
20140924 10 5 3 7 4 3
20140925 1 3 1 5 0 0
20140925 2 1 5 3 0 0
20140925 3 5 3 4 0 0
20140925 4 7 3 5 0 0
20140925 5 1 5 6 0 0
20140925 6 1 5 3 1 4
20140925 7 1 5 9 1 4
20140925 8 5 1 8 4 1
20140925 9 2 8 5 2 6
20140925 10 7 3 1 5 3
20140926 1 5 2 1 0 0
20140926 2 1 7 4 0 0
20140926 3 4 1 2 0 0
20140926 4 2 7 1 0 0
20140926 5 1 2 7 1 2
20140926 6 3 2 1 3 2
20140926 7 2 8 6 2 6
20140926 8 2 3 1 2 3
20140926 9 2 5 3 0 0
20140926 10 8 5 9 6 4
20141008 1 1 5 6 1 4
20141008 2 7 3 8 5 3
20141008 3 9 1 7 6 1
20141008 4 5 7 2 4 5
20141008 5 6 5 3 5 4
20141008 6 7 3 2 5 3
20141008 7 2 7 5 2 5
20141008 8 3 8 5 3 6
20141008 9 2 9 3 2 6
20141008 10 1 3 5 1 3
20141008 11 8 5 1 6 4
20141009 1 1 9 5 1 6
20141009 2 2 5 3 2 4
20141009 3 2 7 3 2 5
20141009 4 2 7 1 2 5
20141009 5 9 4 2 6 4
20141009 6 1 7 4 1 5
20141009 7 5 9 7 4 6
20141009 8 5 7 2 4 5
20141009 9 1 2 5 1 2
20141009 10 5 8 6 4 6
20141009 11 3 5 7 3 4
20141010 1 9 4 3 6 4
20141010 2 3 1 2 3 1
20141010 3 1 8 6 1 6
20141010 4 3 7 8 3 5
20141010 5 3 5 2 3 4
20141010 6 1 5 2 1 4
20141010 7 2 5 9 2 4
20141010 8 2 5 6 2 4
20141010 9 7 1 3 5 1
20141010 10 2 9 7 2 6
20141010 11 1 9 4 1 6
20141127 1 1 7 5 0 0
20141127 2 2 1 7 0 0
20141127 3 1 7 2 0 0
20141127 4 3 1 5 0 0
20141127 5 3 2 4 0 0
20141127 6 1 2 5 1 2
20141127 7 2 9 3 2 6
20141127 8 1 4 5 0 0
20141127 9 1 5 7 0 0
20141127 10 1 7 9 1 5
20141127 11 3 1 4 3 1
20141127 12 9 1 4 6 1
20141128 1 3 4 5 0 0
20141128 2 3 5 1 0 0
20141128 3 1 2 4 0 0
20141128 4 3 4 5 0 0
20141128 5 1 4 2 0 0
20141128 6 4 2 3 4 2
20141128 7 7 1 8 5 1
20141128 8 5 3 4 0 0
20141128 9 7 3 1 0 0
20141128 10 5 6 2 4 5
20141128 11 1 9 2 1 6
20141128 12 9 5 3 6 4
20141129 1 1 4 5 0 0
20141129 2 5 1 2 0 0
20141129 3 4 1 3 0 0
20141129 4 2 5 1 0 0
20141129 5 4 9 1 4 6
20141129 6 1 4 2 1 4
20141129 7 7 2 5 5 2
20141129 8 5 1 4 4 1
20141129 9 4 3 1 0 0
20141129 10 1 6 4 0 0
20141129 11 2 3 6 0 0
20141129 12 1 4 9 1 4
20141203 1 2 1 9 2 1
20141203 2 3 9 1 3 6
20141203 3 1 7 2 1 5
20141203 4 5 3 8 4 3
20141203 5 7 2 5 5 2
20141203 6 4 8 2 4 6
20141203 7 7 3 1 5 3
20141203 8 2 1 8 2 1
20141203 9 9 3 8 6 3
20141203 10 1 9 3 1 6
20141203 11 5 1 7 4 1
20141204 1 4 7 9 4 5
20141204 2 5 2 9 4 2
20141204 3 1 4 3 1 4
20141204 4 1 6 7 1 5
20141204 5 3 1 5 3 1
20141204 6 7 5 3 5 4
20141204 7 3 8 2 3 6
20141204 8 5 1 8 4 1
20141204 9 1 8 5 1 6
20141204 10 3 9 1 3 6
20141204 11 7 2 9 5 2
20141205 1 5 3 7 4 3
20141205 2 1 2 4 1 2
20141205 3 5 2 3 4 2
20141205 4 1 9 6 1 6
20141205 5 1 3 7 1 3
20141205 6 1 5 7 1 4
20141205 7 7 1 9 5 1
20141205 8 9 1 7 6 1
20141205 9 1 6 5 1 5
20141205 10 5 3 2 4 3
20141205 11 1 5 8 1 4
20141210 1 1 3 7 0 0
20141210 2 3 5 1 0 0
20141210 3 1 7 2 0 0
20141210 4 2 3 1 0 0
20141210 5 2 1 5 0 0
20141210 6 4 9 8 4 6
20141210 7 9 1 2 6 1
20141210 8 1 8 4 1 6
20141210 9 2 1 5 2 1
20141210 10 3 7 5 3 5
20141211 1 3 4 1 0 0
20141211 2 2 3 1 0 0
20141211 3 7 3 4 0 0
20141211 4 5 1 7 0 0
20141211 5 1 3 5 0 0
20141211 6 1 7 2 1 5
20141211 7 2 1 9 2 1
20141211 8 1 5 9 1 4
20141211 9 1 7 2 1 5
20141211 10 5 1 2 4 1
20141212 1 4 5 2 0 0
20141212 2 1 7 5 0 0
20141212 3 1 7 2 0 0
20141212 4 2 3 4 0 0
20141212 5 9 2 4 6 2
20141212 6 9 3 5 6 3
20141212 7 3 2 4 3 2
20141212 8 5 6 2 4 5
20141212 9 3 7 4 0 0
20141212 10 1 9 8 1 6
20150101 1 5 1 7 0 0
20150101 2 1 7 5 0 0
20150101 3 5 1 3 0 0
20150101 4 7 1 5 0 0
20150101 5 1 5 3 0 0
20150101 6 4 2 3 4 2
20150101 7 7 1 6 5 1
20150101 8 3 9 2 3 6
20150101 9 5 1 2 4 1
20150101 10 3 7 9 3 5
20150102 1 3 7 5 0 0
20150102 2 6 7 3 0 0
20150102 3 2 3 6 0 0
20150102 4 2 3 5 0 0
20150102 5 5 4 1 0 0
20150102 6 7 8 9 5 6
20150102 7 2 1 7 2 1
20150102 8 9 4 5 6 4
20150102 9 5 3 8 4 3
20150102 10 2 7 3 2 5
20150103 1 3 7 4 0 0
20150103 2 3 1 6 0 0
20150103 3 2 5 4 0 0
20150103 4 2 4 3 0 0
20150103 5 5 4 7 5 4
20150103 6 2 4 6 2 4
20150103 7 5 9 1 4 6
20150103 8 7 2 9 5 2
20150103 9 4 5 3 0 0
20150103 10 7 3 2 5 3
20150110 1 1 5 3 0 0
20150110 2 3 2 1 0 0
20150110 3 1 7 2 0 0
20150110 4 7 2 1 0 0
20150110 5 7 3 4 0 0
20150110 6 3 1 4 0 0
20150110 7 1 2 7 0 0
20150111 1 5 4 1 0 0
20150111 2 5 2 1 0 0
20150111 3 7 3 5 0 0
20150111 4 1 3 4 0 0
20150111 5 3 4 1 0 0
20150111 6 1 3 4 0 0
20150111 7 2 7 4 0 0
20150112 1 1 5 2 0 0
20150112 2 5 2 4 0 0
20150112 3 4 5 1 0 0
20150112 4 4 2 5 0 0
20150112 5 7 2 5 0 0
20150112 6 3 7 1 0 0
20150112 7 3 7 6 0 0
20150124 1 1 5 2 0 0
20150124 2 7 1 2 0 0
20150124 3 5 2 1 0 0
20150124 4 5 1 4 0 0
20150124 5 3 1 4 0 0
20150124 6 2 1 3 0 0
20150124 7 1 2 6 0 0
20150125 1 4 7 2 0 0
20150125 2 5 2 7 0 0
20150125 3 5 2 3 0 0
20150125 4 7 4 1 0 0
20150125 5 1 5 2 0 0
20150125 6 6 1 2 0 0
20150125 7 2 3 4 0 0
20150126 1 1 3 2 0 0
20150126 2 2 3 5 0 0
20150126 3 1 6 2 0 0
20150126 4 3 5 1 0 0
20150126 5 2 3 7 0 0
20150126 6 1 7 3 0 0
20150126 7 2 4 1 0 0
20150203 1 2 1 3 0 0
20150203 2 2 3 1 0 0
20150203 3 1 5 7 0 0
20150203 4 3 5 1 0 0
20150203 5 2 5 1 0 0
20150203 6 7 3 1 0 0
20150203 7 1 7 6 0 0
20150204 1 1 3 5 0 0
20150204 2 5 6 2 0 0
20150204 3 1 7 2 0 0
20150204 4 1 5 7 0 0
20150204 5 4 7 2 0 0
20150204 6 1 6 4 0 0
20150204 7 2 7 5 0 0
20150205 1 5 7 1 0 0
20150205 2 4 2 7 0 0
20150205 3 3 1 5 0 0
20150205 4 5 2 6 0 0
20150205 5 1 2 7 0 0
20150205 6 4 1 6 0 0
20150205 7 3 6 2 0 0
20150211 1 3 1 4 0 0
20150211 2 7 2 1 0 0
20150211 3 7 1 5 0 0
20150211 4 5 4 7 0 0
20150211 5 1 2 4 0 0
20150211 6 2 3 6 0 0
20150211 7 1 3 4 0 0
20150212 1 4 7 1 0 0
20150212 2 1 7 3 0 0
20150212 3 7 1 6 0 0
20150212 4 1 3 7 0 0
20150212 5 4 2 1 0 0
20150212 6 2 3 7 0 0
20150212 7 3 2 7 0 0
20150213 1 3 1 6 0 0
20150213 2 5 3 6 0 0
20150213 3 5 3 2 0 0
20150213 4 7 1 5 0 0
20150213 5 4 5 1 0 0
20150213 6 2 7 1 0 0
20150213 7 4 2 1 0 0
20150304 1 2 9 7 2 6
20150304 2 7 5 4 5 4
20150304 3 2 3 4 2 3
20150304 4 2 1 6 2 1
20150304 5 1 7 2 1 5
20150304 6 4 9 2 4 6
20150304 7 9 2 5 6 2
20150304 8 2 9 3 2 6
20150304 9 2 7 1 2 5
20150304 10 9 1 5 6 1
20150304 11 2 4 8 2 4
20150305 1 1 3 5 1 3
20150305 2 2 7 5 2 5
20150305 3 9 5 8 6 4
20150305 4 2 1 3 2 1
20150305 5 1 3 7 1 3
20150305 6 9 3 4 6 3
20150305 7 9 7 1 6 5
20150305 8 1 7 9 1 5
20150305 9 5 2 9 4 2
20150305 10 2 7 5 2 5
20150305 11 5 1 9 4 1
20150306 1 6 5 4 5 4
20150306 2 7 8 2 5 6
20150306 3 1 7 6 1 5
20150306 4 1 2 7 1 2
20150306 5 6 5 9 5 4
20150306 6 2 5 4 2 4
20150306 7 3 9 5 3 6
20150306 8 3 5 4 3 4
20150306 9 5 2 4 4 2
20150306 10 2 9 6 2 6
20150306 11 1 8 7 1 6
20150402 1 1 2 9 1 2
20150402 2 9 2 5 6 2
20150402 3 3 7 6 3 5
20150402 4 2 4 9 2 4
20150402 5 9 5 4 6 4
20150402 6 5 2 1 4 2
20150402 7 2 3 1 2 3
20150402 8 1 9 7 1 6
20150402 9 1 2 7 1 2
20150402 10 5 6 2 4 5
20150402 11 7 1 5 5 1
20150402 12 1 2 3 1 2
20150403 1 7 9 4 5 6
20150403 2 5 2 6 4 2
20150403 3 8 5 4 6 4
20150403 4 1 7 4 1 5
20150403 5 7 1 2 5 1
20150403 6 5 7 2 4 5
20150403 7 3 7 2 3 5
20150403 8 7 3 4 5 3
20150403 9 2 4 9 2 4
20150403 10 5 4 3 4 4
20150403 11 2 7 5 2 5
20150403 12 4 1 5 4 1
20150404 1 3 6 5 3 5
20150404 2 6 5 7 5 4
20150404 3 8 3 7 6 3
20150404 4 9 3 4 6 3
20150404 5 2 7 9 2 5
20150404 6 2 1 3 2 1
20150404 7 9 3 6 6 3
20150404 8 2 1 5 2 1
20150404 9 8 5 2 6 4
20150404 10 1 3 9 1 3
20150404 11 2 9 5 2 6
20150404 12 5 2 6 4 2
20150405 1 5 4 9 4 4
20150405 2 3 1 2 3 1
20150405 3 6 5 4 5 4
20150405 4 9 3 8 6 3
20150405 5 7 1 9 5 1
20150405 6 8 4 6 6 4
20150405 7 5 3 9 4 3
20150405 8 2 6 4 2 5
20150405 9 2 5 3 2 4
20150405 10 7 2 8 5 2
20150405 11 7 8 3 5 6
20150501 1 1 5 9 1 4
20150501 2 1 9 4 1 6
20150501 3 2 9 5 2 6
20150501 4 5 1 9 4 1
20150501 5 1 8 9 1 6
20150501 6 3 4 7 3 4
20150501 7 5 3 1 4 3
20150501 8 5 1 9 4 1
20150501 9 2 3 5 2 3
20150501 10 7 4 1 5 4
20150501 11 5 2 1 4 2
20150502 1 9 7 1 6 5
20150502 2 1 4 2 1 4
20150502 3 4 2 8 4 2
20150502 4 3 7 5 3 5
20150502 5 9 3 6 6 3
20150502 6 9 2 5 6 2
20150502 7 9 7 2 6 5
20150502 8 7 3 2 5 3
20150502 9 2 9 1 2 6
20150502 10 3 1 7 3 1
20150502 11 3 1 9 3 1
20150503 1 7 8 1 5 6
20150503 2 2 1 9 2 1
20150503 3 1 7 8 1 5
20150503 4 1 6 5 1 5
20150503 5 1 3 9 1 3
20150503 6 7 3 1 5 3
20150503 7 3 5 8 3 4
20150503 8 3 9 2 3 6
20150503 9 7 3 1 5 3
20150503 10 9 2 1 6 2
20150503 11 8 6 4 6 5
20150518 1 5 3 4 0 0
20150518 2 4 3 7 0 0
20150518 3 7 5 2 0 0
20150518 4 5 3 7 0 0
20150518 5 5 7 2 0 0
20150518 6 3 1 5 0 0
20150518 7 2 6 4 0 0
20150519 1 7 3 2 0 0
20150519 2 5 3 2 0 0
20150519 3 4 5 1 0 0
20150519 4 5 1 3 0 0
20150519 5 3 1 7 0 0
20150519 6 1 7 2 0 0
20150519 7 2 7 5 0 0
20150520 1 3 1 4 0 0
20150520 2 4 1 3 0 0
20150520 3 1 2 3 0 0
20150520 4 7 1 5 0 0
20150520 5 7 2 4 0 0
20150520 6 3 4 6 0 0
20150520 7 3 5 6 0 0
20150523 1 1 5 2 0 0
20150523 2 5 1 3 0 0
20150523 3 1 5 6 0 0
20150523 4 7 1 2 0 0
20150523 5 2 1 5 0 0
20150523 6 5 1 2 0 0
20150523 7 1 7 4 0 0
20150524 1 7 3 2 0 0
20150524 2 3 6 5 0 0
20150524 3 5 7 3 0 0
20150524 4 7 6 3 0 0
20150524 5 2 4 5 0 0
20150524 6 5 3 6 0 0
20150524 7 1 4 2 0 0
20150525 1 7 2 4 0 0
20150525 2 1 4 7 0 0
20150525 3 7 4 1 0 0
20150525 4 3 7 5 0 0
20150525 5 2 1 3 0 0
20150525 6 5 2 7 0 0
20150525 7 2 5 1 0 0
20150527 1 4 2 7 4 2
20150527 2 1 7 8 1 5
20150527 3 5 1 4 4 1
20150527 4 1 2 3 1 2
20150527 5 1 5 2 1 4
20150527 6 1 3 7 1 3
20150527 7 7 9 5 5 6
20150527 8 2 1 3 2 1
20150527 9 3 7 8 3 5
20150527 10 5 1 7 4 1
20150527 11 1 9 5 1 6
20150528 1 1 2 5 1 2
20150528 2 4 3 2 4 3
20150528 3 7 2 8 5 2
20150528 4 4 9 1 4 6
20150528 5 1 9 3 1 6
20150528 6 1 5 2 1 4
20150528 7 2 7 4 2 5
20150528 8 2 9 7 2 6
20150528 9 9 2 7 6 2
20150528 10 3 5 4 3 4
20150528 11 9 2 5 6 2
20150529 1 2 6 5 2 5
20150529 2 3 6 1 3 5
20150529 3 7 1 9 5 1
20150529 4 1 7 2 1 5
20150529 5 7 5 6 5 4
20150529 6 9 5 1 6 4
20150529 7 1 6 3 1 5
20150529 8 7 8 4 5 6
20150529 9 2 3 5 2 3
20150529 10 3 5 6 3 4
20150529 11 1 5 4 1 4
20150623 1 1 5 7 1 4
20150623 2 2 7 5 2 5
20150623 3 7 3 5 5 3
20150623 4 1 2 8 1 2
20150623 5 1 5 4 1 4
20150623 6 3 9 5 3 6
20150623 7 3 7 1 3 5
20150623 8 2 9 3 2 6
20150623 9 7 9 5 5 6
20150623 10 9 2 8 6 2
20150623 11 3 6 5 3 5
20150624 1 7 9 2 5 6
20150624 2 2 1 9 2 1
20150624 3 1 3 2 1 3
20150624 4 5 3 7 4 3
20150624 5 8 7 3 6 5
20150624 6 1 5 7 1 4
20150624 7 3 8 1 3 6
20150624 8 1 5 2 1 5
20150624 9 1 5 9 1 4
20150624 10 5 1 4 4 1
20150624 11 4 2 7 4 2
20150625 1 3 6 5 3 5
20150625 2 7 8 3 5 6
20150625 3 8 6 5 6 5
20150625 4 9 2 7 6 2
20150625 5 7 1 9 5 1
20150625 6 4 3 1 4 3
20150625 7 7 2 5 6 2
20150625 8 2 3 4 2 3
20150625 9 3 7 1 3 5
20150625 10 7 1 9 5 1
20150625 11 2 9 5 2 6
20150711 1 2 1 5 0 0
20150711 2 3 2 7 0 0
20150711 3 1 6 5 0 0
20150711 4 6 3 5 0 0
20150711 5 2 1 3 0 0
20150711 6 2 4 7 0 0
20150711 7 5 1 4 0 0
20150712 1 7 1 4 0 0
20150712 2 2 4 3 0 0
20150712 3 4 2 7 0 0
20150712 4 7 1 5 0 0
20150712 5 7 1 3 0 0
20150712 6 3 2 6 0 0
20150712 7 2 1 3 0 0
20150713 1 3 1 4 0 0
20150713 2 4 5 6 0 0
20150713 3 3 7 6 0 0
20150713 4 4 1 2 0 0
20150713 5 7 1 3 0 0
20150713 6 7 6 1 0 0
20150713 7 3 7 5 0 0
