20120310 1 3 5 2 3 4
20120310 2 2 9 3 2 6
20120310 3 7 9 3 5 6
20120310 4 3 1 8 3 1
20120310 5 7 1 8 5 1
20120310 6 3 9 1 3 6
20120310 7 9 7 3 6 5
20120310 8 1 5 3 1 4
20120310 9 3 6 2 3 5
20120310 10 2 7 8 2 5
20120310 11 3 2 8 3 2
20120311 1 7 9 4 5 6
20120311 2 7 2 1 5 2
20120311 3 1 4 8 1 4
20120311 4 3 1 7 3 1
20120311 5 3 5 7 3 4
20120311 6 2 3 1 2 3
20120311 7 8 2 1 6 2
20120311 8 2 3 4 2 3
20120311 9 5 1 9 4 1
20120311 10 5 2 7 4 2
20120311 11 5 9 3 4 6
20120312 1 4 9 3 4 6
20120312 2 9 2 7 6 2
20120312 3 2 7 9 2 5
20120312 4 1 7 2 1 5
20120312 5 9 2 5 6 2
20120312 6 2 9 3 2 6
20120312 7 2 7 4 2 5
20120312 8 3 2 9 3 2
20120312 9 3 8 9 3 6
20120312 10 7 1 3 5 1
20120312 11 3 2 1 3 2
20120313 1 8 1 9 6 1
20120313 2 3 7 8 3 5
20120313 3 7 4 1 5 4
20120313 4 9 3 1 6 3
20120313 5 5 1 6 4 1
20120313 6 3 1 8 3 1
20120313 7 5 3 1 4 3
20120313 8 2 5 1 2 4
20120313 9 5 3 2 4 3
20120313 10 5 3 6 4 3
20120313 11 4 2 1 4 2
20120614 1 4 1 2 0 0
20120614 2 5 2 4 0 0
20120614 3 4 2 3 0 0
20120614 4 2 5 1 0 0
20120614 5 1 7 3 0 0
20120614 6 3 2 5 3 2
20120614 7 3 4 7 3 4
20120614 8 3 5 4 3 4
20120614 9 4 3 9 4 3
20120614 10 5 1 9 4 1
20120614 11 7 2 3 5 2
20120615 1 4 2 1 0 0
20120615 2 1 7 2 0 0
20120615 3 5 3 2 0 0
20120615 4 7 2 6 0 0
20120615 5 5 1 4 0 0
20120615 6 5 2 9 4 2
20120615 7 3 9 5 3 6
20120615 8 3 9 2 3 6
20120615 9 2 7 3 2 5
20120615 10 5 7 1 4 5
20120615 11 5 3 7 4 3
20120616 1 3 4 7 0 0
20120616 2 5 2 7 0 0
20120616 3 4 7 6 0 0
20120616 4 5 4 7 0 0
20120616 5 5 2 6 4 2
20120616 6 1 9 4 1 6
20120616 7 7 3 5 5 3
20120616 8 3 8 2 3 6
20120616 9 3 2 7 0 0
20120616 10 3 7 2 3 5
20120616 11 6 1 4 5 1
20120629 1 4 3 5 0 0
20120629 2 2 5 7 0 0
20120629 3 1 3 7 0 0
20120629 4 3 2 1 0 0
20120629 5 4 1 7 0 0
20120629 6 6 3 5 5 3
20120629 7 3 5 7 3 4
20120629 8 9 1 2 6 1
20120629 9 7 1 5 5 1
20120629 10 4 8 1 4 6
20120629 11 9 2 6 6 2
20120630 1 2 5 3 0 0
20120630 2 5 4 7 0 0
20120630 3 7 2 4 0 0
20120630 4 7 5 4 0 0
20120630 5 1 5 6 0 0
20120630 6 1 3 5 1 3
20120630 7 3 1 7 3 1
20120630 8 3 2 7 3 2
20120630 9 2 8 4 2 6
20120630 10 1 3 5 1 3
20120630 11 1 9 2 1 6
20120701 1 7 4 1 0 0
20120701 2 2 4 5 0 0
20120701 3 7 3 4 0 0
20120701 4 7 1 6 0 0
20120701 5 7 8 1 5 6
20120701 6 9 2 1 6 2
20120701 7 1 5 3 1 4
20120701 8 2 3 7 2 3
20120701 9 7 2 5 0 0
20120701 10 2 5 7 2 4
20120701 11 2 9 5 2 6
20120709 1 7 1 9 5 1
20120709 2 5 1 9 4 1
20120709 3 5 7 9 4 5
20120709 4 7 2 3 5 2
20120709 5 5 3 1 4 3
20120709 6 2 7 5 2 5
20120709 7 2 1 9 2 1
20120709 8 3 7 9 3 5
20120709 9 2 7 4 2 5
20120709 10 5 8 3 4 6
20120709 11 7 8 6 5 6
20120710 1 2 5 4 2 4
20120710 2 1 9 3 1 6
20120710 3 2 4 3 2 4
20120710 4 7 3 8 5 3
20120710 5 8 5 3 6 4
20120710 6 6 3 8 5 3
20120710 7 3 5 8 3 4
20120710 8 5 1 7 4 1
20120710 9 3 7 9 3 5
20120710 10 7 1 3 5 1
20120710 11 5 6 8 4 5
20120711 1 3 4 7 3 4
20120711 2 4 7 8 4 5
20120711 3 7 9 3 5 6
20120711 4 7 6 2 5 5
20120711 5 7 1 2 5 1
20120711 6 7 5 2 6 5
20120711 7 8 7 2 6 5
20120711 8 9 3 2 6 3
20120711 9 7 2 4 5 2
20120711 10 7 2 5 5 2
20120711 11 5 1 2 4 1
20120809 1 2 3 5 0 0
20120809 2 7 2 1 0 0
20120809 3 5 7 3 0 0
20120809 4 4 1 7 0 0
20120809 5 1 5 7 0 0
20120809 6 2 3 9 2 3
20120809 7 3 5 6 3 4
20120809 8 7 5 1 5 4
20120809 9 3 7 1 3 5
20120809 10 1 3 6 1 3
20120809 11 5 9 2 4 6
20120810 1 5 2 4 0 0
20120810 2 3 2 7 0 0
20120810 3 4 2 1 0 0
20120810 4 3 4 2 0 0
20120810 5 1 5 6 0 0
20120810 6 3 1 6 3 1
20120810 7 4 3 1 4 3
20120810 8 2 9 5 2 6
20120810 9 2 9 7 2 6
20120810 10 1 3 9 1 3
20120810 11 2 1 7 2 1
20120811 1 5 1 2 0 0
20120811 2 1 7 5 0 0
20120811 3 4 2 1 0 0
20120811 4 5 7 2 0 0
20120811 5 3 4 5 3 4
20120811 6 3 7 5 3 5
20120811 7 3 7 8 3 5
20120811 8 9 1 4 6 1
20120811 9 4 2 3 0 0
20120811 10 1 3 8 1 3
20120811 11 3 7 2 3 5
20120907 1 2 7 5 2 5
20120907 2 2 4 3 2 4
20120907 3 5 8 7 4 6
20120907 4 3 6 9 3 5
20120907 5 1 3 7 1 3
20120907 6 9 5 1 6 4
20120907 7 3 7 2 3 5
20120907 8 1 2 7 1 2
20120907 9 5 1 8 4 1
20120907 10 3 7 6 3 5
20120907 11 2 5 1 2 4
20120908 1 2 5 1 2 4
20120908 2 9 2 4 6 2
20120908 3 1 4 9 1 4
20120908 4 1 7 3 1 5
20120908 5 3 1 5 3 1
20120908 6 7 1 9 5 1
20120908 7 5 9 7 4 6
20120908 8 2 7 1 2 5
20120908 9 7 9 4 5 6
20120908 10 5 3 7 4 3
20120908 11 2 1 7 2 1
20120909 1 9 7 5 6 5
20120909 2 5 1 3 4 1
20120909 3 1 9 2 1 6
20120909 4 1 5 9 1 4
20120909 5 1 7 5 1 5
20120909 6 2 4 8 2 4
20120909 7 7 3 2 5 3
20120909 8 1 9 4 1 6
20120909 9 2 9 1 2 6
20120909 10 5 2 7 4 2
20120909 11 3 9 2 3 6
20120927 1 1 5 4 0 0
20120927 2 7 5 3 0 0
20120927 3 2 5 1 0 0
20120927 4 5 3 2 0 0
20120927 5 2 7 1 0 0
20120927 6 2 7 4 2 5
20120927 7 5 3 4 4 3
20120927 8 9 2 1 6 2
20120927 9 1 9 5 1 6
20120927 10 7 3 1 5 3
20120927 11 1 6 3 1 5
20120928 1 3 7 2 0 0
20120928 2 7 2 3 0 0
20120928 3 4 5 3 0 0
20120928 4 4 7 2 0 0
20120928 5 1 6 7 0 0
20120928 6 2 5 3 2 4
20120928 7 9 7 2 6 5
20120928 8 3 6 1 0 0
20120928 9 5 3 8 4 3
20120928 10 2 8 3 2 6
20120928 11 2 1 9 2 1
20120929 1 2 4 5 0 0
20120929 2 1 3 5 0 0
20120929 3 5 1 4 0 0
20120929 4 1 5 7 0 0
20120929 5 3 1 4 3 1
20120929 6 7 2 9 5 2
20120929 7 2 9 1 2 6
20120929 8 5 1 2 4 1
20120929 9 4 2 1 0 0
20120929 10 7 5 1 5 4
20120929 11 9 4 3 6 4
20121126 1 7 9 4 5 6
20121126 2 5 7 3 4 5
20121126 3 7 3 2 5 3
20121126 4 1 2 6 1 2
20121126 5 1 5 9 1 4
20121126 6 5 8 3 4 6
20121126 7 5 4 7 4 4
20121126 8 5 1 6 4 1
20121126 9 7 3 8 5 3
20121126 10 5 9 2 4 6
20121126 11 8 6 5 6 5
20121127 1 7 2 3 5 2
20121127 2 5 2 8 4 2
20121127 3 5 9 1 4 6
20121127 4 1 4 5 1 4
20121127 5 1 7 8 1 5
20121127 6 9 6 3 6 5
20121127 7 1 7 6 1 5
20121127 8 7 9 6 5 6
20121127 9 2 9 1 2 6
20121127 10 7 1 3 5 1
20121127 11 7 4 9 5 4
20121128 1 1 9 5 1 6
20121128 2 1 3 5 1 3
20121128 3 1 5 3 1 4
20121128 4 2 7 5 2 5
20121128 5 2 9 3 2 6
20121128 6 5 7 1 4 5
20121128 7 3 1 9 3 1
20121128 8 4 5 9 4 4
20121128 9 2 7 9 2 5
20121128 10 4 2 9 4 2
20121128 11 3 4 1 3 4
20121202 1 9 2 4 6 2
20121202 2 7 5 2 5 4
20121202 3 2 7 1 2 5
20121202 4 7 3 1 5 3
20121202 5 1 7 2 1 5
20121202 6 1 2 5 0 0
20121202 7 4 3 5 0 0
20121202 8 2 5 1 2 4
20121202 9 3 9 1 3 6
20121202 10 7 5 3 5 4
20121202 11 7 3 1 5 3
20121202 12 8 3 2 6 3
20121203 1 5 7 4 4 5
20121203 2 9 7 3 6 5
20121203 3 8 6 3 6 5
20121203 4 1 7 2 1 5
20121203 5 5 2 9 4 2
20121203 6 4 3 7 0 0
20121203 7 5 7 1 0 0
20121203 8 5 9 3 4 6
20121203 9 8 2 4 6 2
20121203 10 1 2 8 1 2
20121203 11 9 1 7 6 1
20121203 12 5 3 7 4 3
20121204 1 5 1 3 4 1
20121204 2 3 2 7 3 2
20121204 3 3 1 8 3 1
20121204 4 1 5 2 1 4
20121204 5 5 1 2 4 1
20121204 6 5 1 3 4 1
20121204 7 1 7 8 1 5
20121204 8 7 3 1 5 3
20121204 9 4 2 6 0 0
20121204 10 3 1 2 0 0
20121204 11 9 5 1 6 4
20121204 12 9 3 7 6 3
20121216 1 3 4 7 0 0
20121216 2 1 3 2 0 0
20121216 3 7 3 5 0 0
20121216 4 2 1 4 0 0
20121216 5 4 1 2 0 0
20121216 6 7 3 2 5 3
20121216 7 5 2 8 4 2
20121216 8 3 2 7 3 2
20121216 9 3 9 5 3 6
20121216 10 2 9 7 2 6
20121216 11 9 1 5 6 1
20121217 1 2 5 3 0 0
20121217 2 5 3 1 0 0
20121217 3 4 3 1 0 0
20121217 4 3 5 1 0 0
20121217 5 1 3 2 0 0
20121217 6 5 3 8 4 3
20121217 7 9 2 1 6 2
20121217 8 8 7 5 6 5
20121217 9 1 8 7 1 6
20121217 10 7 3 5 5 3
20121217 11 6 4 2 5 4
20121218 1 7 2 1 0 0
20121218 2 1 7 4 0 0
20121218 3 4 3 1 0 0
20121218 4 4 2 7 0 0
20121218 5 5 8 9 4 6
20121218 6 1 2 7 1 2
20121218 7 5 1 7 4 1
20121218 8 3 2 7 3 2
20121218 9 3 1 2 0 0
20121218 10 9 3 5 6 3
20121218 11 5 2 1 4 2
20121228 1 4 2 7 0 0
20121228 2 5 7 2 0 0
20121228 3 4 5 3 0 0
20121228 4 1 5 4 0 0
20121228 5 2 4 7 0 0
20121228 6 5 1 7 4 1
20121228 7 1 7 3 1 5
20121228 8 9 1 7 6 1
20121228 9 1 7 2 1 5
20121228 10 3 5 9 3 4
20121228 11 8 6 7 6 5
20121229 1 7 5 2 0 0
20121229 2 1 4 5 0 0
20121229 3 4 2 5 0 0
20121229 4 7 4 1 0 0
20121229 5 1 7 2 0 0
20121229 6 9 2 7 6 2
20121229 7 3 5 7 3 4
20121229 8 3 9 2 3 6
20121229 9 9 5 7 6 4
20121229 10 9 7 5 6 5
20121229 11 7 1 3 5 1
20121230 1 7 1 3 0 0
20121230 2 3 7 4 0 0
20121230 3 3 5 1 0 0
20121230 4 2 3 7 0 0
20121230 5 7 5 1 5 4
20121230 6 1 7 9 1 5
20121230 7 4 2 9 4 2
20121230 8 5 2 1 4 2
20121230 9 2 7 3 0 0
20121230 10 5 1 7 4 1
20121230 11 7 2 5 5 2
20130118 1 3 5 4 0 0
20130118 2 1 2 7 0 0
20130118 3 4 7 1 0 0
20130118 4 1 7 2 0 0
20130118 5 1 3 7 0 0
20130118 6 1 5 7 0 0
20130118 7 3 2 4 0 0
20130118 8 1 7 5 1 5
20130118 9 2 9 8 2 6
20130118 10 3 9 5 3 6
20130118 11 2 1 7 2 1
20130118 12 2 9 7 2 6
20130119 1 1 4 5 0 0
20130119 2 1 3 4 0 0
20130119 3 0 0 0 0 0
20130119 4 4 3 5 0 0
20130119 5 3 2 7 0 0
20130119 6 7 3 2 0 0
20130119 7 3 4 2 0 0
20130119 8 2 9 5 2 6
20130119 9 2 9 8 2 6
20130119 10 1 8 7 1 6
20130119 11 7 1 5 5 1
20130119 12 9 3 5 6 3
20130120 1 1 2 7 0 0
20130120 2 7 2 3 0 0
20130120 3 4 7 3 0 0
20130120 4 1 4 5 0 0
20130120 5 3 6 2 0 0
20130120 6 4 2 3 0 0
20130120 7 3 4 6 3 4
20130120 8 8 5 3 6 4
20130120 9 2 3 4 2 3
20130120 10 5 2 4 0 0
20130120 11 1 3 9 1 3
20130120 12 5 7 2 4 5
20130126 1 7 3 1 0 0
20130126 2 1 4 3 0 0
20130126 3 2 3 4 0 0
20130126 4 3 5 2 0 0
20130126 5 1 5 3 0 0
20130126 6 1 9 7 1 6
20130126 7 2 5 9 2 4
20130126 8 2 9 1 2 6
20130126 9 5 7 1 4 5
20130126 10 7 9 5 5 6
20130126 11 1 3 4 1 3
20130127 1 1 5 3 0 0
20130127 2 4 1 5 0 0
20130127 3 2 7 6 0 0
20130127 4 7 5 2 0 0
20130127 5 7 3 1 0 0
20130127 6 2 9 4 2 6
20130127 7 2 3 1 2 3
20130127 8 2 1 8 2 1
20130127 9 3 2 9 3 2
20130127 10 1 6 2 1 5
20130127 11 3 1 7 3 1
20130128 1 3 7 1 0 0
20130128 2 4 2 7 0 0
20130128 3 5 4 7 0 0
20130128 4 7 2 5 0 0
20130128 5 1 3 2 1 3
20130128 6 7 1 9 5 1
20130128 7 7 3 5 5 3
20130128 8 7 3 5 5 3
20130128 9 5 7 6 0 0
20130128 10 1 9 7 1 6
20130128 11 1 2 4 1 2
20130208 1 1 7 5 1 5
20130208 2 3 9 7 3 6
20130208 3 5 7 8 4 5
20130208 4 3 8 5 3 6
20130208 5 9 7 2 6 5
20130208 6 2 3 9 2 3
20130208 7 1 3 2 1 3
20130208 8 3 9 2 3 6
20130208 9 3 7 8 3 5
20130208 10 9 1 4 6 1
20130208 11 5 2 4 4 2
20130208 12 9 1 7 6 1
20130209 1 2 8 3 2 6
20130209 2 9 5 7 6 4
20130209 3 4 7 9 4 5
20130209 4 5 3 7 4 3
20130209 5 9 7 2 6 5
20130209 6 5 1 3 4 1
20130209 7 3 4 2 3 4
20130209 8 7 5 8 5 4
20130209 9 1 9 5 1 6
20130209 10 3 7 9 3 5
20130209 11 9 3 7 6 3
20130209 12 5 3 8 4 3
20130210 1 5 1 9 4 1
20130210 2 7 1 4 5 1
20130210 3 5 7 1 4 5
20130210 4 4 8 9 4 6
20130210 5 2 9 6 2 6
20130210 6 5 9 3 4 6
20130210 7 2 1 5 2 1
20130210 8 8 3 1 6 3
20130210 9 1 5 7 1 4
20130210 10 3 8 4 3 6
20130210 11 2 1 9 2 1
20130210 12 9 1 3 6 1
20130211 1 5 1 9 4 1
20130211 2 8 6 5 6 5
20130211 3 8 5 7 6 4
20130211 4 8 1 5 6 1
20130211 5 7 3 1 5 3
20130211 6 9 6 5 6 5
20130211 7 4 3 5 4 3
20130211 8 7 5 3 5 4
20130211 9 2 3 1 2 3
20130211 10 3 7 5 3 5
20130211 11 3 7 8 3 5
20130216 1 5 2 3 0 0
20130216 2 5 1 7 0 0
20130216 3 4 2 3 0 0
20130216 4 3 7 4 0 0
20130216 5 5 3 7 0 0
20130216 6 8 3 2 6 3
20130216 7 9 2 6 6 2
20130216 8 1 9 5 1 6
20130216 9 1 5 3 1 4
20130216 10 5 2 3 4 2
20130216 11 3 4 7 3 4
20130217 1 1 2 3 0 0
20130217 2 1 2 3 0 0
20130217 3 3 5 1 0 0
20130217 4 5 3 6 0 0
20130217 5 4 1 2 0 0
20130217 6 9 1 6 6 1
20130217 7 2 4 3 2 4
20130217 8 1 5 9 1 4
20130217 9 2 1 3 2 1
20130217 10 1 9 5 1 6
20130217 11 7 2 9 5 2
20130218 1 7 2 4 0 0
20130218 2 7 2 4 0 0
20130218 3 2 3 4 0 0
20130218 4 5 1 4 0 0
20130218 5 9 5 3 6 4
20130218 6 3 8 2 3 6
20130218 7 2 5 7 2 4
20130218 8 3 4 9 3 4
20130218 9 5 3 6 0 0
20130218 10 3 1 7 3 1
20130218 11 5 9 1 4 6
20130316 1 4 7 2 0 0
20130316 2 7 4 1 0 0
20130316 3 2 4 5 0 0
20130316 4 2 1 7 0 0
20130316 5 3 2 5 0 0
20130316 6 5 1 9 4 1
20130316 7 1 9 7 1 6
20130316 8 9 5 1 6 4
20130316 9 2 5 3 2 4
20130316 10 2 7 9 2 5
20130316 11 2 9 8 2 6
20130317 1 1 7 3 0 0
20130317 2 1 2 3 0 0
20130317 3 5 7 6 0 0
20130317 4 4 7 2 0 0
20130317 5 7 1 3 0 0
20130317 6 1 7 3 1 5
20130317 7 5 2 1 4 2
20130317 8 5 3 2 4 3
20130317 9 5 1 3 4 1
20130317 10 9 8 3 6 6
20130317 11 1 3 9 1 3
20130318 1 5 1 3 0 0
20130318 2 7 3 4 0 0
20130318 3 7 1 3 0 0
20130318 4 5 3 7 0 0
20130318 5 7 2 4 5 2
20130318 6 3 5 8 3 4
20130318 7 2 1 3 2 1
20130318 8 7 1 5 5 1
20130318 9 2 3 5 0 0
20130318 10 7 9 1 5 6
20130318 11 3 1 2 3 1
20130329 1 7 9 1 5 6
20130329 2 5 3 9 4 3
20130329 3 7 9 1 5 6
20130329 4 2 1 9 2 1
20130329 5 2 5 9 2 4
20130329 6 3 2 1 3 2
20130329 7 4 1 9 4 1
20130329 8 2 3 9 2 3
20130329 9 7 2 5 5 2
20130329 10 3 1 9 3 1
20130329 11 6 3 8 5 3
20130330 1 1 4 5 1 4
20130330 2 2 9 1 2 6
20130330 3 1 3 5 1 3
20130330 4 9 3 2 6 3
20130330 5 8 7 3 6 5
20130330 6 5 2 9 4 2
20130330 7 7 3 8 5 3
20130330 8 3 2 1 3 2
20130330 9 8 4 3 6 4
20130330 10 3 4 8 3 4
20130330 11 3 4 5 3 4
20130331 1 3 8 1 3 6
20130331 2 3 1 4 3 1
20130331 3 5 2 8 4 2
20130331 4 5 3 7 4 3
20130331 5 1 7 3 1 5
20130331 6 7 3 5 6 3
20130331 7 1 2 4 1 2
20130331 8 3 9 4 3 6
20130331 9 9 1 8 6 1
20130331 10 3 6 9 3 5
20130331 11 5 2 8 4 2
20130408 1 3 5 6 3 4
20130408 2 1 7 3 1 5
20130408 3 3 4 7 3 4
20130408 4 7 1 5 5 1
20130408 5 5 1 3 4 1
20130408 6 1 4 2 1 4
20130408 7 5 7 2 4 5
20130408 8 5 7 1 4 5
20130408 9 1 5 2 1 4
20130408 10 1 4 2 1 4
20130408 11 2 3 7 2 3
20130409 1 1 7 2 1 5
20130409 2 5 2 7 4 2
20130409 3 1 9 2 1 6
20130409 4 2 1 7 2 1
20130409 5 1 8 2 1 6
20130409 6 7 1 5 5 1
20130409 7 4 7 8 4 5
20130409 8 3 4 6 3 4
20130409 9 2 9 3 2 6
20130409 10 9 2 3 6 2
20130409 11 2 3 9 2 3
20130410 1 2 4 5 2 4
20130410 2 2 1 5 2 1
20130410 3 4 3 7 4 3
20130410 4 3 7 4 3 5
20130410 5 1 9 2 1 6
20130410 6 4 2 9 4 2
20130410 7 2 5 1 2 4
20130410 8 1 2 3 1 2
20130410 9 4 8 5 4 6
20130410 10 5 2 7 4 2
20130410 11 3 5 1 3 4
20130413 1 1 4 2 0 0
20130413 2 2 5 7 0 0
20130413 3 3 7 1 0 0
20130413 4 4 1 3 0 0
20130413 5 2 4 7 0 0
20130413 6 3 7 8 3 5
20130413 7 7 3 4 5 3
20130413 8 6 8 2 5 6
20130413 9 9 6 2 6 5
20130413 10 7 3 4 5 3
20130414 1 2 3 5 0 0
20130414 2 5 1 7 0 0
20130414 3 2 1 7 0 0
20130414 4 4 1 5 0 0
20130414 5 4 2 1 0 0
20130414 6 7 9 6 5 6
20130414 7 5 7 3 4 5
20130414 8 2 5 7 2 4
20130414 9 2 3 6 2 3
20130414 10 7 1 2 5 1
20130415 1 5 1 2 0 0
20130415 2 7 2 1 0 0
20130415 3 3 1 6 0 0
20130415 4 7 1 4 0 0
20130415 5 9 2 5 6 2
20130415 6 7 2 4 5 2
20130415 7 3 8 9 3 6
20130415 8 4 7 1 0 0
20130415 9 4 3 2 4 3
20130415 10 3 6 9 3 5
20130513 1 3 1 2 3 1
20130513 2 7 9 2 5 6
20130513 3 2 8 4 2 6
20130513 4 5 1 7 4 1
20130513 5 2 7 9 2 5
20130513 6 9 6 3 6 5
20130513 7 1 7 9 1 5
20130513 8 4 9 3 4 6
20130513 9 9 2 1 6 2
20130513 10 5 3 7 4 3
20130513 11 3 4 9 3 4
20130514 1 7 9 3 5 6
20130514 2 3 1 7 3 1
20130514 3 7 3 5 5 3
20130514 4 1 9 4 1 6
20130514 5 9 7 5 6 5
20130514 6 7 3 4 5 3
20130514 7 7 3 1 5 3
20130514 8 9 1 4 6 1
20130514 9 3 9 5 3 6
20130514 10 3 1 5 3 1
20130514 11 5 3 8 4 3
20130515 1 3 2 9 3 2
20130515 2 1 3 5 1 3
20130515 3 7 9 2 5 6
20130515 4 7 9 3 5 6
20130515 5 2 9 3 2 6
20130515 6 1 7 2 1 5
20130515 7 1 4 2 1 4
20130515 8 1 5 3 1 4
20130515 9 4 7 8 4 5
20130515 10 6 3 2 5 3
20130515 11 7 3 5 5 3
20130525 1 3 5 7 0 0
20130525 2 1 4 3 0 0
20130525 3 7 5 4 0 0
20130525 4 2 1 5 0 0
20130525 5 5 3 7 0 0
20130525 6 3 7 1 0 0
20130525 7 3 4 7 0 0
20130525 8 7 5 3 5 4
20130525 9 3 9 7 3 6
20130525 10 2 5 7 2 4
20130525 11 9 3 7 6 3
20130525 12 5 7 6 4 5
20130526 1 4 3 5 0 0
20130526 2 2 5 1 0 0
20130526 3 5 2 1 0 0
20130526 4 7 3 2 0 0
20130526 5 7 5 2 0 0
20130526 6 7 4 2 0 0
20130526 7 5 2 3 0 0
20130526 8 1 9 5 1 6
20130526 9 1 7 8 1 5
20130526 10 9 4 3 6 4
20130526 11 8 5 2 6 4
20130526 12 2 9 7 2 6
20130527 1 7 3 1 0 0
20130527 2 7 5 1 0 0
20130527 3 4 6 7 0 0
20130527 4 7 2 3 0 0
20130527 5 1 5 9 1 4
20130527 6 1 7 6 1 5
20130527 7 2 4 1 2 4
20130527 8 9 2 4 6 2
20130527 9 1 2 7 0 0
20130527 10 4 5 2 0 0
20130527 11 3 1 7 0 0
20130527 12 8 6 9 6 5
20130603 1 5 2 7 4 2
20130603 2 9 1 3 6 1
20130603 3 1 7 3 1 5
20130603 4 5 3 2 4 3
20130603 5 4 9 1 4 6
20130603 6 7 1 6 5 1
20130603 7 7 9 4 5 6
20130603 8 3 7 4 3 5
20130603 9 2 5 9 2 4
20130603 10 2 9 3 2 6
20130603 11 3 1 7 3 1
20130604 1 7 2 8 5 2
20130604 2 2 9 1 2 6
20130604 3 9 7 5 6 5
20130604 4 1 2 8 1 2
20130604 5 3 7 5 3 5
20130604 6 5 4 1 4 4
20130604 7 1 9 7 1 6
20130604 8 9 3 8 6 3
20130604 9 5 3 1 4 3
20130604 10 4 1 5 4 1
20130604 11 7 9 2 5 6
20130605 1 7 2 5 5 2
20130605 2 7 1 9 5 1
20130605 3 7 3 9 5 3
20130605 4 1 2 6 1 2
20130605 5 7 3 8 5 3
20130605 6 5 1 3 5 1
20130605 7 9 2 1 6 2
20130605 8 3 5 1 3 4
20130605 9 1 2 7 1 2
20130605 10 2 9 7 2 6
20130605 11 9 2 8 6 2
20130621 1 4 1 3 0 0
20130621 2 2 4 5 0 0
20130621 3 5 3 1 0 0
20130621 4 5 1 2 0 0
20130621 5 7 2 4 0 0
20130621 6 3 1 5 0 0
20130621 7 7 1 2 0 0
20130621 8 3 7 5 3 5
20130621 9 5 2 1 4 2
20130621 10 8 1 7 6 1
20130621 11 8 5 7 6 4
20130621 12 2 7 9 2 5
20130622 1 7 3 2 0 0
20130622 2 7 2 3 0 0
20130622 3 1 3 4 0 0
20130622 4 1 3 5 0 0
20130622 5 1 2 3 0 0
20130622 6 4 3 5 0 0
20130622 7 1 7 2 0 0
20130622 8 1 5 7 1 4
20130622 9 5 2 8 4 2
20130622 10 7 1 2 5 1
20130622 11 1 7 9 1 5
20130622 12 9 5 2 6 4
20130623 1 1 2 7 0 0
20130623 2 2 5 3 0 0
20130623 3 3 4 1 0 0
20130623 4 6 1 4 0 0
20130623 5 6 4 1 0 0
20130623 6 4 5 1 0 0
20130623 7 2 5 9 2 4
20130623 8 8 7 4 6 5
20130623 9 7 1 3 5 1
20130623 10 5 2 6 0 0
20130623 11 9 2 4 6 2
20130623 12 2 1 7 2 1
20130717 1 1 3 7 1 3
20130717 2 7 3 1 5 3
20130717 3 9 7 1 6 5
20130717 4 2 7 1 2 5
20130717 5 5 7 2 4 5
20130717 6 7 2 9 5 2
20130717 7 9 3 4 6 3
20130717 8 9 3 2 6 3
20130717 9 2 7 3 2 5
20130717 10 3 9 8 3 6
20130717 11 7 2 9 5 2
20130718 1 2 9 5 2 6
20130718 2 1 7 5 1 5
20130718 3 4 5 1 4 4
20130718 4 1 7 8 1 5
20130718 5 2 1 8 2 1
20130718 6 2 7 8 2 5
20130718 7 4 7 5 4 5
20130718 8 6 1 5 5 1
20130718 9 2 9 5 2 6
20130718 10 9 2 1 6 2
20130718 11 7 3 5 5 3
20130719 1 7 5 2 5 4
20130719 2 9 7 6 6 5
20130719 3 5 4 2 4 4
20130719 4 3 2 5 3 2
20130719 5 7 5 1 5 4
20130719 6 3 7 2 3 5
20130719 7 5 2 7 4 2
20130719 8 8 1 2 6 1
20130719 9 9 1 6 6 1
20130719 10 9 5 3 6 4
20130719 11 1 7 2 1 5
20130912 1 1 4 5 0 0
20130912 2 2 3 4 0 0
20130912 3 3 7 1 0 0
20130912 4 5 4 3 0 0
20130912 5 1 3 4 0 0
20130912 6 2 1 9 2 1
20130912 7 3 8 1 3 6
20130912 8 5 7 1 4 5
20130912 9 9 2 1 6 2
20130912 10 9 2 3 6 2
20130913 1 2 3 1 0 0
20130913 2 5 3 2 0 0
20130913 3 7 3 2 0 0
20130913 4 2 5 7 0 0
20130913 5 5 1 3 0 0
20130913 6 9 1 5 6 1
20130913 7 1 3 9 1 3
20130913 8 1 3 4 1 3
20130913 9 1 4 5 1 4
20130913 10 9 8 1 6 6
20130914 1 4 5 1 0 0
20130914 2 2 3 1 0 0
20130914 3 6 3 5 0 0
20130914 4 5 7 2 0 0
20130914 5 1 5 7 1 5
20130914 6 2 7 8 2 6
20130914 7 9 1 3 6 1
20130914 8 5 1 7 0 0
20130914 9 9 1 7 6 1
20130914 10 2 9 6 2 6
20131113 1 1 5 2 1 4
20131113 2 2 5 7 2 4
20131113 3 7 1 8 5 1
20131113 4 3 1 7 3 1
20131113 5 3 7 8 3 5
20131113 6 7 4 5 0 0
20131113 7 5 4 2 0 0
20131113 8 5 3 2 4 3
20131113 9 2 5 7 2 4
20131113 10 7 6 2 5 5
20131113 11 9 5 3 6 4
20131113 12 9 7 2 6 5
20131114 1 8 5 2 6 4
20131114 2 3 1 5 3 1
20131114 3 7 1 4 5 1
20131114 4 9 4 3 6 4
20131114 5 7 3 5 5 3
20131114 6 4 5 6 0 0
20131114 7 1 2 5 0 0
20131114 8 4 3 5 4 3
20131114 9 3 1 4 3 1
20131114 10 5 2 8 4 2
20131114 11 5 4 7 4 4
20131114 12 7 2 1 5 2
20131115 1 3 9 7 3 6
20131115 2 9 1 4 6 1
20131115 3 5 1 3 4 1
20131115 4 1 3 5 1 3
20131115 5 3 5 1 3 4
20131115 6 5 8 7 4 6
20131115 7 1 2 7 1 2
20131115 8 7 2 3 5 2
20131115 9 6 4 5 0 0
20131115 10 4 7 2 0 0
20131115 11 5 9 3 4 6
20131115 12 1 4 3 1 4
20131201 1 1 3 2 1 3
20131201 2 1 3 4 1 3
20131201 3 3 9 5 3 6
20131201 4 7 4 9 5 4
20131201 5 3 2 7 3 2
20131201 6 4 3 7 0 0
20131201 7 7 1 5 0 0
20131201 8 3 1 5 3 1
20131201 9 5 7 2 4 5
20131201 10 3 7 4 3 5
20131201 11 7 3 1 5 3
20131201 12 9 5 1 6 4
20131202 1 3 5 6 3 4
20131202 2 2 8 7 2 6
20131202 3 9 2 1 6 2
20131202 4 9 7 1 6 5
20131202 5 2 7 4 2 5
20131202 6 3 2 1 0 0
20131202 7 3 5 4 0 0
20131202 8 2 3 1 2 3
20131202 9 6 5 3 5 4
20131202 10 2 9 3 2 6
20131202 11 3 1 9 3 1
20131202 12 5 2 8 4 2
20131203 1 7 5 9 5 4
20131203 2 9 5 2 6 4
20131203 3 2 7 1 2 5
20131203 4 7 3 8 5 3
20131203 5 3 1 6 3 1
20131203 6 9 1 5 6 1
20131203 7 1 6 3 1 5
20131203 8 3 2 8 3 2
20131203 9 1 7 6 0 0
20131203 10 3 7 4 0 0
20131203 11 4 1 6 4 1
20131203 12 7 2 4 5 2
20131214 1 7 3 1 0 0
20131214 2 2 3 4 0 0
20131214 3 2 1 3 0 0
20131214 4 4 2 1 0 0
20131214 5 2 7 4 0 0
20131214 6 1 9 7 1 6
20131214 7 3 7 5 3 5
20131214 8 5 9 2 4 6
20131214 9 1 8 9 1 6
20131214 10 1 3 5 1 3
20131215 1 7 1 5 0 0
20131215 2 4 2 5 0 0
20131215 3 7 4 2 0 0
20131215 4 3 4 7 0 0
20131215 5 7 4 1 0 0
20131215 6 9 3 5 6 3
20131215 7 7 3 1 5 3
20131215 8 7 2 8 5 2
20131215 9 6 3 1 5 3
20131215 10 7 5 3 5 4
20131216 1 2 3 4 0 0
20131216 2 5 2 4 0 0
20131216 3 2 1 4 0 0
20131216 4 3 2 4 0 0
20131216 5 8 9 5 6 6
20131216 6 3 7 5 3 5
20131216 7 5 3 7 4 3
20131216 8 5 2 3 0 0
20131216 9 3 8 7 3 6
20131216 10 2 8 6 2 6
20131226 1 3 4 2 0 0
20131226 2 5 4 2 0 0
20131226 3 1 7 5 0 0
20131226 4 5 1 7 0 0
20131226 5 2 4 7 0 0
20131226 6 3 7 5 0 0
20131226 7 4 5 1 0 0
20131226 8 3 9 4 3 6
20131226 9 5 7 2 4 5
20131226 10 5 9 1 4 6
20131226 11 3 9 7 3 6
20131226 12 1 9 2 1 6
20131227 1 1 2 5 0 0
20131227 2 3 4 5 0 0
20131227 3 2 3 4 0 0
20131227 4 4 5 1 0 0
20131227 5 2 7 5 0 0
20131227 6 3 5 4 0 0
20131227 7 1 3 2 0 0
20131227 8 7 3 5 5 3
20131227 9 9 2 3 6 2
20131227 10 3 7 1 3 5
20131227 11 5 1 3 4 1
20131227 12 9 2 1 6 2
20131228 1 7 2 5 0 0
20131228 2 4 3 6 0 0
20131228 3 3 2 5 0 0
20131228 4 5 1 6 0 0
20131228 5 7 5 1 0 0
20131228 6 7 1 4 0 0
20131228 7 3 2 8 3 2
20131228 8 7 2 3 5 2
20131228 9 1 4 9 1 4
20131228 10 5 2 4 0 0
20131228 11 5 9 4 4 6
20131228 12 4 2 6 4 2
20140104 1 4 7 6 0 0
20140104 2 1 4 3 0 0
20140104 3 5 7 2 0 0
20140104 4 4 2 1 0 0
20140104 5 3 2 7 0 0
20140104 6 3 5 1 3 4
20140104 7 7 8 4 5 6
20140104 8 2 9 1 2 6
20140104 9 2 8 5 2 6
20140104 10 6 4 7 5 4
20140105 1 2 7 3 0 0
20140105 2 2 5 3 0 0
20140105 3 4 7 2 0 0
20140105 4 7 3 5 0 0
20140105 5 5 3 4 0 0
20140105 6 3 9 7 3 6
20140105 7 2 7 8 2 5
20140105 8 1 3 5 1 3
20140105 9 2 1 5 2 1
20140105 10 2 3 9 2 3
20140106 1 3 7 1 0 0
20140106 2 1 5 6 0 0
20140106 3 2 3 5 0 0
20140106 4 5 6 3 0 0
20140106 5 7 5 2 5 4
20140106 6 7 2 3 5 2
20140106 7 3 7 9 3 5
20140106 8 4 7 2 0 0
20140106 9 8 2 1 6 2
20140106 10 7 5 1 5 4
20140119 1 5 2 3 0 0
20140119 2 1 3 7 0 0
20140119 3 5 2 4 0 0
20140119 4 7 5 1 0 0
20140119 5 4 1 3 0 0
20140119 6 7 9 3 5 6
20140119 7 5 2 3 4 2
20140119 8 5 3 7 4 3
20140119 9 1 5 7 1 4
20140119 10 2 3 7 2 3
20140120 1 3 2 7 0 0
20140120 2 4 3 1 0 0
20140120 3 3 6 5 0 0
20140120 4 2 1 3 0 0
20140120 5 4 5 3 0 0
20140120 6 1 9 3 1 6
20140120 7 8 5 2 6 4
20140120 8 4 1 9 4 1
20140120 9 5 3 9 4 3
20140120 10 8 2 3 6 2
20140121 1 3 5 7 0 0
20140121 2 1 2 3 0 0
20140121 3 4 6 2 0 0
20140121 4 1 5 7 0 0
20140121 5 2 1 3 2 1
20140121 6 2 6 1 2 5
20140121 7 3 9 5 3 6
20140121 8 6 3 2 0 0
20140121 9 3 6 4 3 5
20140121 10 6 9 8 5 6
20140203 1 3 1 7 0 0
20140203 2 2 7 3 0 0
20140203 3 6 4 2 0 0
20140203 4 5 3 4 0 0
20140203 5 5 1 2 0 0
20140203 6 6 3 1 5 3
20140203 7 5 2 6 4 2
20140203 8 3 8 7 3 6
20140203 9 7 2 1 5 2
20140203 10 9 8 1 6 6
20140204 1 3 2 7 0 0
20140204 2 1 3 2 0 0
20140204 3 1 4 5 0 0
20140204 4 3 4 5 0 0
20140204 5 4 3 1 0 0
20140204 6 7 8 4 5 6
20140204 7 1 4 2 1 4
20140204 8 1 2 5 1 2
20140204 9 5 1 4 4 1
20140204 10 1 5 8 1 4
20140205 1 3 1 7 0 0
20140205 2 5 6 7 0 0
20140205 3 7 6 1 0 0
20140205 4 7 3 1 0 0
20140205 5 5 1 6 4 1
20140205 6 2 7 9 2 5
20140205 7 2 4 1 2 4
20140205 8 2 3 1 0 0
20140205 9 3 5 8 3 4
20140205 10 1 4 3 1 4
20140215 1 3 4 5 0 0
20140215 2 4 2 5 0 0
20140215 3 7 3 5 0 0
20140215 4 2 7 4 0 0
20140215 5 1 5 7 0 0
20140215 6 5 4 3 0 0
20140215 7 3 1 5 0 0
20140215 8 7 2 6 5 2
20140215 9 1 2 8 1 2
20140215 10 7 8 5 5 6
20140215 11 2 1 9 2 1
20140215 12 3 7 5 3 5
20140216 1 5 7 1 0 0
20140216 2 1 2 5 0 0
20140216 3 7 4 3 0 0
20140216 4 5 4 1 0 0
20140216 5 3 6 5 0 0
20140216 6 4 7 6 0 0
20140216 7 5 3 2 0 0
20140216 8 1 2 5 1 2
20140216 9 4 8 5 4 6
20140216 10 1 9 5 1 6
20140216 11 9 2 8 6 2
20140216 12 9 1 5 6 1
20140217 1 4 7 2 0 0
20140217 2 5 3 1 0 0
20140217 3 5 3 7 0 0
20140217 4 5 3 2 0 0
20140217 5 2 3 4 2 3
20140217 6 5 1 7 4 1
20140217 7 5 1 2 4 1
20140217 8 2 7 5 2 5
20140217 9 5 3 6 0 0
20140217 10 4 6 3 0 0
20140217 11 4 3 7 0 0
20140217 12 7 3 2 5 3
20140223 1 5 1 4 4 1
20140223 2 7 3 9 5 3
20140223 3 9 1 5 6 1
20140223 4 5 7 3 4 5
20140223 5 1 7 9 1 5
20140223 6 6 9 1 5 6
20140223 7 9 4 5 6 4
20140223 8 4 3 6 4 3
20140223 9 5 9 3 4 6
20140223 10 1 7 2 1 5
20140223 11 2 1 5 2 1
20140224 1 2 3 7 2 3
20140224 2 3 7 1 3 5
20140224 3 3 8 9 3 6
20140224 4 2 4 7 2 4
20140224 5 3 8 7 3 6
20140224 6 4 9 2 4 6
20140224 7 1 7 8 1 5
20140224 8 2 3 4 2 3
20140224 9 7 3 5 5 3
20140224 10 3 5 1 3 4
20140224 11 7 1 5 5 1
20140225 1 2 4 7 2 4
20140225 2 3 5 7 3 4
20140225 3 3 7 6 3 5
20140225 4 2 9 3 2 6
20140225 5 7 5 3 5 4
20140225 6 5 8 7 5 6
20140225 7 2 5 1 2 4
20140225 8 7 4 1 5 4
20140225 9 9 1 8 6 1
20140225 10 1 5 3 1 4
20140225 11 2 7 3 2 5
20140306 1 2 5 3 2 4
20140306 2 2 7 5 2 5
20140306 3 5 9 7 4 6
20140306 4 9 7 2 6 5
20140306 5 7 9 1 5 6
20140306 6 2 7 5 2 5
20140306 7 5 9 4 4 6
20140306 8 3 5 1 3 4
20140306 9 7 1 9 5 1
20140306 10 7 5 4 5 4
20140306 11 9 6 3 6 5
20140307 1 9 1 3 6 1
20140307 2 1 5 7 1 4
20140307 3 3 1 9 3 1
20140307 4 5 1 7 4 1
20140307 5 3 9 1 3 6
20140307 6 7 9 4 5 6
20140307 7 5 1 9 4 1
20140307 8 5 8 4 4 6
20140307 9 9 3 7 6 3
20140307 10 9 6 3 6 5
20140307 11 3 9 8 3 6
20140308 1 5 2 1 5 2
20140308 2 3 2 7 3 2
20140308 3 4 7 1 4 5
20140308 4 9 7 3 6 5
20140308 5 5 7 3 4 5
20140308 6 1 7 2 1 5
20140308 7 7 8 1 5 6
20140308 8 7 3 1 5 3
20140308 9 1 7 6 1 5
20140308 10 9 5 3 6 4
20140308 11 7 5 2 5 4
20140308 12 5 6 7 4 5
20140309 1 3 2 5 3 2
20140309 2 2 4 3 2 4
20140309 3 2 8 3 2 6
20140309 4 9 4 3 6 4
20140309 5 2 8 7 2 6
20140309 6 2 9 3 2 6
20140309 7 7 4 5 5 4
20140309 8 7 1 2 5 1
20140309 9 1 9 7 1 6
20140309 10 9 2 3 6 2
20140309 11 3 1 9 3 1
20140327 1 3 5 7 0 0
20140327 2 1 4 2 0 0
20140327 3 5 3 7 0 0
20140327 4 2 3 5 0 0
20140327 5 2 7 1 0 0
20140327 6 3 7 4 3 5
20140327 7 2 5 8 2 4
20140327 8 3 9 7 3 6
20140327 9 5 1 9 4 1
20140327 10 5 7 2 4 5
20140328 1 2 1 3 0 0
20140328 2 3 7 1 0 0
20140328 3 1 2 4 0 0
20140328 4 6 3 5 0 0
20140328 5 2 4 3 0 0
20140328 6 3 1 5 3 1
20140328 7 2 3 8 2 3
20140328 8 3 7 5 3 5
20140328 9 1 5 4 1 4
20140328 10 2 9 3 2 6
20140329 1 5 1 7 0 0
20140329 2 7 2 1 0 0
20140329 3 1 7 4 0 0
20140329 4 7 2 1 0 0
20140329 5 7 2 5 5 2
20140329 6 1 7 9 1 5
20140329 7 9 8 1 6 6
20140329 8 5 3 6 0 0
20140329 9 3 5 9 3 4
20140329 10 9 1 4 6 1
20140405 1 1 3 2 0 0
20140405 2 1 3 5 0 0
20140405 3 4 1 2 0 0
20140405 4 5 3 7 0 0
20140405 5 5 2 1 0 0
20140405 6 7 2 5 0 0
20140405 7 4 2 3 0 0
20140405 8 5 1 7 4 1
20140405 9 9 1 3 6 1
20140405 10 7 3 6 5 3
20140405 11 9 1 5 6 1
20140405 12 2 4 7 2 4
20140406 1 1 7 5 0 0
20140406 2 4 2 1 0 0
20140406 3 3 7 6 0 0
20140406 4 5 7 4 0 0
20140406 5 3 7 2 0 0
20140406 6 2 6 3 0 0
20140406 7 3 5 1 0 0
20140406 8 2 7 1 2 5
20140406 9 5 9 4 4 6
20140406 10 7 1 3 5 1
20140406 11 2 3 7 2 3
20140406 12 1 9 2 1 6
20140407 1 1 5 4 0 0
20140407 2 4 5 1 0 0
20140407 3 2 7 4 0 0
20140407 4 3 5 2 0 0
20140407 5 4 1 3 4 1
20140407 6 9 5 8 6 4
20140407 7 9 1 7 6 1
20140407 8 3 7 2 3 5
20140407 9 3 1 5 0 0
20140407 10 5 4 2 0 0
20140407 11 2 3 5 0 0
20140407 12 2 9 5 2 6
20140501 1 5 3 2 0 0
20140501 2 4 3 6 0 0
20140501 3 1 3 7 0 0
20140501 4 3 1 5 0 0
20140501 5 2 4 3 0 0
20140501 6 7 5 9 5 4
20140501 7 4 6 2 4 5
20140501 8 9 1 4 6 1
20140501 9 2 3 5 2 3
20140501 10 7 1 2 5 1
20140502 1 7 1 4 0 0
20140502 2 1 2 6 0 0
20140502 3 1 6 3 0 0
20140502 4 4 7 2 0 0
20140502 5 5 2 1 0 0
20140502 6 2 9 1 2 6
20140502 7 3 2 9 3 2
20140502 8 3 2 9 3 2
20140502 9 7 9 1 5 6
20140502 10 1 9 2 1 6
20140503 1 7 1 4 0 0
20140503 2 2 4 1 0 0
20140503 3 7 3 4 0 0
20140503 4 3 4 2 0 0
20140503 5 4 7 9 4 5
20140503 6 2 7 4 2 5
20140503 7 5 2 3 4 2
20140503 8 7 3 4 0 0
20140503 9 8 7 3 6 5
20140503 10 1 7 2 1 5
20140529 1 5 1 2 4 1
20140529 2 9 2 7 6 2
20140529 3 3 7 4 3 5
20140529 4 5 3 1 4 3
20140529 5 7 5 9 5 4
20140529 6 1 4 2 1 4
20140529 7 7 9 5 5 6
20140529 8 7 9 4 5 6
20140529 9 5 3 2 4 3
20140529 10 7 8 9 5 6
20140529 11 7 3 8 5 3
20140530 1 9 5 4 6 4
20140530 2 2 1 5 2 1
20140530 3 7 9 3 5 6
20140530 4 7 3 1 5 3
20140530 5 7 2 5 5 2
20140530 6 2 4 3 2 4
20140530 7 3 4 1 3 4
20140530 8 5 9 1 4 6
20140530 9 9 3 5 6 3
20140530 10 7 9 1 5 6
20140530 11 7 5 1 5 4
20140531 1 9 7 4 6 5
20140531 2 5 4 2 4 4
20140531 3 5 3 7 4 3
20140531 4 5 9 1 4 6
20140531 5 3 1 9 3 1
20140531 6 5 3 6 4 3
20140531 7 2 9 1 2 6
20140531 8 1 5 2 1 4
20140531 9 9 6 2 6 5
20140531 10 1 2 9 1 2
20140531 11 9 1 4 6 1
20140606 1 1 3 7 1 3
20140606 2 7 2 1 5 2
20140606 3 5 3 7 4 3
20140606 4 7 8 5 5 6
20140606 5 6 1 4 5 1
20140606 6 2 3 5 0 0
20140606 7 4 3 1 0 0
20140606 8 9 3 4 6 3
20140606 9 2 4 7 2 4
20140606 10 5 7 4 4 5
20140606 11 3 1 7 3 1
20140606 12 3 5 8 3 4
20140607 1 7 3 9 5 3
20140607 2 8 5 3 6 4
20140607 3 2 9 1 2 6
20140607 4 1 5 9 1 4
20140607 5 5 7 1 4 5
20140607 6 4 7 6 0 0
20140607 7 5 6 3 0 0
20140607 8 1 9 3 1 6
20140607 9 1 3 7 1 3
20140607 10 9 2 1 6 2
20140607 11 7 3 2 5 3
20140607 12 5 9 1 4 6
20140608 1 5 9 1 4 6
20140608 2 9 2 3 6 2
20140608 3 1 5 7 1 4
20140608 4 1 7 3 1 5
20140608 5 5 1 6 0 0
20140608 6 3 4 7 0 0
20140608 7 4 9 2 4 6
20140608 8 9 5 1 6 4
20140608 9 9 3 5 6 3
20140608 10 9 4 8 6 4
20140608 11 5 3 4 4 3
20140608 12 2 6 4 2 5
20140618 1 1 5 3 1 4
20140618 2 3 7 5 3 5
20140618 3 9 4 1 6 4
20140618 4 7 2 9 5 2
20140618 5 7 5 1 5 4
20140618 6 4 7 3 4 5
20140618 7 5 9 3 4 6
20140618 8 3 5 2 3 4
20140618 9 9 1 7 6 1
20140618 10 7 5 4 5 4
20140618 11 1 5 7 1 4
20140619 1 1 7 5 1 5
20140619 2 3 7 4 3 5
20140619 3 6 4 9 5 4
20140619 4 7 2 4 5 2
20140619 5 1 5 7 1 4
20140619 6 5 2 9 4 2
20140619 7 1 9 8 1 6
20140619 8 7 2 9 5 2
20140619 9 1 3 7 1 3
20140619 10 3 4 1 3 4
20140619 11 4 9 8 4 6
20140620 1 3 1 7 3 1
20140620 2 2 5 1 2 4
20140620 3 1 5 9 1 4
20140620 4 5 7 1 4 5
20140620 5 2 4 3 2 4
20140620 6 1 5 4 1 4
20140620 7 5 3 9 4 3
20140620 8 7 3 5 5 3
20140620 9 3 8 6 3 6
20140620 10 1 7 9 1 5
20140620 11 1 9 6 1 6
20140710 1 3 2 1 0 0
20140710 2 4 1 7 0 0
20140710 3 1 3 2 0 0
20140710 4 5 1 4 0 0
20140710 5 5 2 6 0 0
20140710 6 7 8 2 5 6
20140710 7 9 2 7 6 2
20140710 8 9 2 3 6 2
20140710 9 2 6 4 2 5
20140710 10 3 1 4 3 1
20140711 1 2 4 3 0 0
20140711 2 3 1 7 0 0
20140711 3 1 5 4 0 0
20140711 4 3 7 1 0 0
20140711 5 3 5 1 0 0
20140711 6 5 9 2 4 6
20140711 7 7 8 4 5 6
20140711 8 1 5 9 1 4
20140711 9 9 1 5 6 1
20140711 10 2 5 3 2 4
20140712 1 3 7 4 0 0
20140712 2 3 7 4 0 0
20140712 3 2 7 4 0 0
20140712 4 5 1 7 0 0
20140712 5 3 7 1 3 5
20140712 6 7 2 4 5 2
20140712 7 3 2 4 3 2
20140712 8 4 6 5 0 0
20140712 9 1 5 9 1 4
20140712 10 7 8 1 5 6
20140827 1 3 1 2 0 0
20140827 2 2 5 1 0 0
20140827 3 1 7 5 0 0
20140827 4 3 7 1 0 0
20140827 5 5 7 3 0 0
20140827 6 9 5 2 6 4
20140827 7 5 7 3 4 5
20140827 8 5 1 7 4 1
20140827 9 7 5 3 5 4
20140827 10 6 3 4 5 3
20140828 1 5 2 3 0 0
20140828 2 7 2 4 0 0
20140828 3 2 7 5 0 0
20140828 4 5 1 3 0 0
20140828 5 2 5 1 0 0
20140828 6 5 7 9 4 5
20140828 7 3 9 1 3 6
20140828 8 3 7 1 3 5
20140828 9 1 9 5 1 6
20140828 10 5 7 4 4 5
20140829 1 3 6 4 0 0
20140829 2 7 4 2 0 0
20140829 3 4 3 7 0 0
20140829 4 4 3 7 0 0
20140829 5 1 9 3 1 6
20140829 6 3 4 7 3 4
20140829 7 3 7 1 3 5
20140829 8 3 7 1 0 0
20140829 9 1 4 9 1 4
20140829 10 9 2 5 6 2
20141031 1 3 1 8 3 1
20141031 2 3 9 5 3 6
20141031 3 2 3 4 2 3
20141031 4 3 2 9 3 2
20141031 5 5 8 9 4 6
20141031 6 5 4 1 4 4
20141031 7 1 9 5 1 6
20141031 8 3 7 8 3 5
20141031 9 5 2 7 4 2
20141031 10 7 1 4 5 1
20141031 11 9 5 3 6 4
20141031 12 3 5 8 3 4
20141101 1 4 9 2 4 6
20141101 2 3 1 9 3 1
20141101 3 1 3 9 1 3
20141101 4 2 1 7 2 1
20141101 5 2 7 3 2 5
20141101 6 1 2 9 1 2
20141101 7 5 7 3 4 5
20141101 8 5 1 3 4 1
20141101 9 2 7 5 2 5
20141101 10 1 7 4 1 5
20141101 11 9 5 6 6 4
20141101 12 2 5 3 2 4
20141102 1 2 7 5 2 6
20141102 2 2 5 4 2 5
20141102 3 1 8 7 1 6
20141102 4 5 9 6 4 6
20141102 5 3 1 2 3 1
20141102 6 2 9 1 2 6
20141102 7 5 6 2 4 5
20141102 8 3 2 1 3 2
20141102 9 1 3 4 1 3
20141102 10 5 7 9 4 5
20141102 11 2 9 5 2 6
20141102 12 1 4 5 1 4
20141103 1 5 9 1 4 6
20141103 2 5 3 2 4 3
20141103 3 5 4 3 4 4
20141103 4 2 9 1 2 6
20141103 5 2 6 8 2 5
20141103 6 5 1 9 4 1
20141103 7 2 4 9 2 4
20141103 8 2 3 1 2 3
20141103 9 4 7 2 4 5
20141103 10 5 8 2 4 6
20141103 11 1 9 3 1 6
20141110 1 2 5 7 2 4
20141110 2 2 9 1 2 6
20141110 3 1 3 2 1 3
20141110 4 8 3 6 6 3
20141110 5 5 9 7 4 6
20141110 6 7 6 2 5 5
20141110 7 1 5 4 1 4
20141110 8 2 5 9 2 4
20141110 9 9 2 5 6 2
20141110 10 9 2 5 6 2
20141110 11 7 4 5 5 4
20141111 1 7 8 2 5 6
20141111 2 9 4 7 6 4
20141111 3 5 1 2 4 1
20141111 4 5 9 2 4 6
20141111 5 4 3 1 4 3
20141111 6 1 6 7 1 5
20141111 7 1 3 9 1 3
20141111 8 3 6 1 3 5
20141111 9 9 5 3 6 4
20141111 10 7 9 1 5 6
20141111 11 2 1 9 2 1
20141112 1 3 6 9 3 5
20141112 2 1 9 2 1 6
20141112 3 3 7 4 3 5
20141112 4 7 9 5 5 6
20141112 5 3 9 6 3 6
20141112 6 7 4 2 5 4
20141112 7 3 2 7 3 2
20141112 8 9 1 2 6 1
20141112 9 7 3 9 5 3
20141112 10 9 1 2 6 1
20141112 11 1 3 7 1 3
20141210 1 2 1 3 0 0
20141210 2 5 2 3 0 0
20141210 3 3 4 7 0 0
20141210 4 1 4 7 0 0
20141210 5 2 7 5 0 0
20141210 6 7 4 3 5 4
20141210 7 3 9 6 3 6
20141210 8 9 7 1 6 5
20141210 9 5 2 7 4 2
20141210 10 3 4 7 3 4
20141211 1 1 7 2 0 0
20141211 2 5 1 7 0 0
20141211 3 2 3 7 0 0
20141211 4 5 3 1 0 0
20141211 5 4 6 2 0 0
20141211 6 5 2 7 4 2
20141211 7 2 1 9 2 1
20141211 8 3 1 6 3 1
20141211 9 1 7 8 1 5
20141211 10 9 1 5 6 1
20141212 1 3 4 2 0 0
20141212 2 2 1 4 0 0
20141212 3 5 4 1 0 0
20141212 4 7 4 3 0 0
20141212 5 5 7 2 4 5
20141212 6 5 7 3 4 5
20141212 7 9 3 7 6 3
20141212 8 4 2 6 0 0
20141212 9 9 1 3 6 1
20141212 10 1 7 8 1 5
20141228 1 5 2 6 4 2
20141228 2 3 5 1 3 4
20141228 3 9 7 4 6 5
20141228 4 5 7 3 4 5
20141228 5 1 5 9 1 4
20141228 6 2 4 5 0 0
20141228 7 7 4 5 0 0
20141228 8 1 9 7 1 6
20141228 9 1 3 9 1 3
20141228 10 2 9 5 2 6
20141228 11 9 7 1 6 5
20141228 12 1 3 2 1 3
20141229 1 7 1 8 5 1
20141229 2 5 8 9 4 6
20141229 3 9 1 2 6 1
20141229 4 7 9 3 5 6
20141229 5 1 2 7 1 2
20141229 6 3 4 5 0 0
20141229 7 2 3 1 0 0
20141229 8 9 1 3 6 1
20141229 9 2 9 5 2 6
20141229 10 1 9 5 1 6
20141229 11 9 7 2 6 5
20141229 12 4 3 1 4 3
20141230 1 1 6 9 1 5
20141230 2 7 2 9 5 2
20141230 3 8 4 7 6 4
20141230 4 2 5 7 2 4
20141230 5 3 4 2 0 0
20141230 6 4 7 6 0 0
20141230 7 1 7 2 1 6
20141230 8 7 9 5 5 6
20141230 9 3 1 9 3 1
20141230 10 7 1 2 5 1
20141230 11 6 5 2 5 4
20141230 12 7 5 9 5 4
20150110 1 2 5 6 2 4
20150110 2 3 8 9 3 6
20150110 3 1 5 9 1 4
20150110 4 7 2 5 5 2
20150110 5 8 1 3 6 1
20150110 6 8 2 7 6 2
20150110 7 7 2 1 5 2
20150110 8 2 1 5 2 1
20150110 9 2 7 5 2 5
20150110 10 8 4 1 6 4
20150110 11 9 4 2 6 4
20150111 1 9 1 6 6 1
20150111 2 2 4 1 2 4
20150111 3 6 1 8 5 1
20150111 4 1 2 8 1 2
20150111 5 5 7 1 4 5
20150111 6 6 5 9 5 4
20150111 7 2 1 7 2 1
20150111 8 1 4 7 1 4
20150111 9 2 3 6 2 3
20150111 10 5 1 3 4 1
20150111 11 2 5 4 2 4
20150112 1 2 3 9 2 3
20150112 2 5 9 4 4 6
20150112 3 2 7 8 2 5
20150112 4 5 3 4 4 3
20150112 5 2 3 9 2 3
20150112 6 5 9 7 4 6
20150112 7 1 7 3 1 5
20150112 8 4 2 7 4 2
20150112 9 1 5 7 1 4
20150112 10 7 1 3 5 1
20150112 11 3 8 7 3 6
20150126 1 5 1 2 0 0
20150126 2 5 1 3 0 0
20150126 3 7 5 4 0 0
20150126 4 7 3 4 0 0
20150126 5 5 1 6 0 0
20150126 6 2 7 1 2 5
20150126 7 5 2 1 4 2
20150126 8 3 9 1 3 6
20150126 9 9 7 3 6 5
20150126 10 5 1 3 4 1
20150127 1 3 1 4 0 0
20150127 2 5 7 3 0 0
20150127 3 7 1 4 0 0
20150127 4 1 3 4 0 0
20150127 5 1 3 7 0 0
20150127 6 7 1 5 5 1
20150127 7 5 7 4 4 5
20150127 8 2 1 4 2 1
20150127 9 7 1 5 5 1
20150127 10 1 5 2 1 4
20150128 1 5 6 1 0 0
20150128 2 7 1 4 0 0
20150128 3 4 7 5 0 0
20150128 4 2 7 4 0 0
20150128 5 3 2 7 3 2
20150128 6 1 9 8 1 6
20150128 7 7 3 2 5 3
20150128 8 3 2 1 0 0
20150128 9 9 1 5 6 1
20150128 10 9 8 7 6 6
20150210 1 5 3 4 0 0
20150210 2 2 5 1 0 0
20150210 3 1 7 3 0 0
20150210 4 3 5 2 0 0
20150210 5 2 5 1 0 0
20150210 6 2 9 5 2 6
20150210 7 7 2 1 5 2
20150210 8 1 7 4 1 5
20150210 9 3 4 8 3 4
20150210 10 3 8 6 3 6
20150211 1 7 4 2 0 0
20150211 2 5 4 7 0 0
20150211 3 5 7 4 0 0
20150211 4 7 5 2 0 0
20150211 5 1 6 4 0 0
20150211 6 2 9 8 2 6
20150211 7 8 5 9 6 4
20150211 8 1 3 2 1 3
20150211 9 1 5 4 1 4
20150211 10 2 9 4 2 6
20150212 1 7 5 2 0 0
20150212 2 7 5 2 0 0
20150212 3 1 4 6 0 0
20150212 4 7 1 5 0 0
20150212 5 1 8 3 1 6
20150212 6 9 2 8 6 2
20150212 7 4 1 2 4 1
20150212 8 2 7 3 0 0
20150212 9 1 5 3 1 4
20150212 10 5 1 7 4 1
20150221 1 2 9 4 2 6
20150221 2 7 4 8 5 4
20150221 3 5 1 7 4 1
20150221 4 1 5 9 1 4
20150221 5 2 8 3 2 6
20150221 6 1 5 4 0 0
20150221 7 5 3 2 0 0
20150221 8 9 2 5 6 2
20150221 9 1 9 5 1 6
20150221 10 7 8 2 5 6
20150221 11 1 5 8 1 4
20150221 12 5 1 2 4 1
20150222 1 7 2 1 5 2
20150222 2 1 5 3 1 4
20150222 3 1 5 8 1 4
20150222 4 8 1 9 6 1
20150222 5 9 1 4 6 1
20150222 6 7 1 5 0 0
20150222 7 3 6 2 0 0
20150222 8 7 5 1 5 4
20150222 9 1 5 3 1 4
20150222 10 8 1 9 6 1
20150222 11 5 9 3 4 6
20150222 12 2 4 3 2 4
20150223 1 2 1 9 2 1
20150223 2 7 4 2 5 4
20150223 3 2 3 1 2 3
20150223 4 2 7 3 2 5
20150223 5 4 5 2 4 5
20150223 6 5 2 9 4 2
20150223 7 7 8 1 5 6
20150223 8 7 4 5 5 4
20150223 9 2 6 4 0 0
20150223 10 4 2 6 0 0
20150223 11 5 1 9 4 1
20150223 12 5 1 3 4 1
20150308 1 5 1 7 0 0
20150308 2 3 1 7 0 0
20150308 3 1 7 5 0 0
20150308 4 1 5 2 0 0
20150308 5 7 1 3 0 0
20150308 6 7 4 5 0 0
20150308 7 2 5 3 0 0
20150308 8 7 5 2 5 4
20150308 9 9 7 1 6 5
20150308 10 5 1 8 4 1
20150308 11 7 2 3 5 2
20150308 12 8 3 7 6 3
20150309 1 5 7 1 0 0
20150309 2 4 7 2 0 0
20150309 3 1 5 3 0 0
20150309 4 5 4 2 0 0
20150309 5 3 7 4 0 0
20150309 6 7 1 2 0 0
20150309 7 4 3 5 0 0
20150309 8 5 9 2 4 6
20150309 9 5 7 3 4 5
20150309 10 3 9 2 3 6
20150309 11 1 2 5 1 2
20150309 12 3 1 5 3 1
20150310 1 5 2 4 0 0
20150310 2 6 1 2 0 0
20150310 3 3 2 4 0 0
20150310 4 3 4 6 0 0
20150310 5 2 9 5 2 6
20150310 6 9 7 8 6 5
20150310 7 2 9 5 2 6
20150310 8 3 9 6 3 6
20150310 9 3 1 4 0 0
20150310 10 3 1 4 0 0
20150310 11 7 4 2 0 0
20150310 12 2 3 8 2 3
20150419 1 1 7 2 1 5
20150419 2 9 3 2 6 3
20150419 3 9 1 7 6 1
20150419 4 7 2 1 5 2
20150419 5 3 9 1 3 6
20150419 6 4 1 5 0 0
20150419 7 2 5 1 0 0
20150419 8 1 3 6 1 3
20150419 9 7 9 2 5 6
20150419 10 9 1 5 6 1
20150419 11 1 5 3 1 4
20150419 12 5 7 4 4 5
20150420 1 3 5 1 3 4
20150420 2 1 7 3 1 5
20150420 3 3 2 1 3 2
20150420 4 7 3 5 5 3
20150420 5 5 1 7 4 1
20150420 6 7 4 1 0 0
20150420 7 5 1 4 0 0
20150420 8 4 7 3 4 5
20150420 9 7 4 2 5 4
20150420 10 2 5 7 2 4
20150420 11 7 4 3 5 4
20150420 12 9 1 5 6 1
20150421 1 9 2 8 6 2
20150421 2 9 4 7 6 4
20150421 3 9 7 1 6 5
20150421 4 5 3 6 4 3
20150421 5 9 5 6 6 4
20150421 6 5 6 2 4 5
20150421 7 9 2 1 6 2
20150421 8 2 1 6 2 1
20150421 9 5 6 2 0 0
20150421 10 1 4 3 0 0
20150421 11 6 1 3 5 1
20150421 12 6 9 4 5 6
20150529 1 5 1 7 0 0
20150529 2 1 4 6 0 0
20150529 3 6 3 4 0 0
20150529 4 4 3 5 0 0
20150529 5 1 6 5 0 0
20150529 6 2 5 1 2 4
20150529 7 9 3 1 6 3
20150529 8 5 7 2 4 5
20150529 9 3 9 1 3 6
20150529 10 9 8 1 6 6
20150530 1 2 5 1 0 0
20150530 2 7 1 5 0 0
20150530 3 2 7 4 0 0
20150530 4 6 3 5 0 0
20150530 5 5 2 7 0 0
20150530 6 5 7 9 4 5
20150530 7 5 1 7 4 1
20150530 8 3 7 2 3 5
20150530 9 7 5 3 5 4
20150530 10 1 7 3 1 5
20150531 1 3 2 7 0 0
20150531 2 2 3 4 0 0
20150531 3 6 4 5 0 0
20150531 4 4 5 1 0 0
20150531 5 2 7 9 2 5
20150531 6 9 3 7 6 3
20150531 7 5 9 7 4 6
20150531 8 4 2 3 0 0
20150531 9 7 2 8 5 2
20150531 10 9 1 4 6 1
20150605 1 5 4 7 4 4
20150605 2 2 5 4 2 4
20150605 3 2 1 5 2 1
20150605 4 7 3 5 5 3
20150605 5 5 1 2 4 1
20150605 6 9 2 7 6 2
20150605 7 2 6 5 2 5
20150605 8 7 2 1 5 2
20150605 9 5 3 9 4 3
20150605 10 1 5 7 1 4
20150605 11 5 6 7 4 5
20150606 1 7 9 3 5 6
20150606 2 4 2 6 4 2
20150606 3 7 9 5 5 6
20150606 4 9 5 2 6 4
20150606 5 1 6 9 1 5
20150606 6 1 5 9 1 4
20150606 7 4 9 7 4 6
20150606 8 5 3 9 4 3
20150606 9 7 5 9 5 4
20150606 10 1 7 5 1 5
20150606 11 5 3 7 4 3
20150607 1 3 9 2 3 6
20150607 2 7 1 3 5 1
20150607 3 9 2 1 6 2
20150607 4 5 7 4 4 5
20150607 5 1 5 9 1 4
20150607 6 3 2 4 3 2
20150607 7 5 4 9 4 4
20150607 8 3 9 7 3 6
20150607 9 7 2 9 5 2
20150607 10 2 9 1 2 6
20150607 11 2 5 1 2 4
20150629 1 3 4 1 0 0
20150629 2 1 2 3 0 0
20150629 3 7 2 1 0 0
20150629 4 1 7 5 0 0
20150629 5 1 7 5 0 0
20150629 6 3 9 8 3 6
20150629 7 5 3 1 4 3
20150629 8 9 1 2 6 1
20150629 9 8 7 6 6 5
20150629 10 5 1 8 4 1
20150630 1 5 4 2 0 0
20150630 2 4 3 2 0 0
20150630 3 1 7 5 0 0
20150630 4 7 5 6 0 0
20150630 5 5 7 1 0 0
20150630 6 3 7 5 3 5
20150630 7 2 9 4 2 6
20150630 8 1 7 9 1 5
20150630 9 8 1 9 6 1
20150630 10 9 1 5 6 1
20150701 1 4 3 2 0 0
20150701 2 1 7 4 0 0
20150701 3 7 1 4 0 0
20150701 4 2 4 5 0 0
20150701 5 3 9 8 3 6
20150701 6 7 1 3 5 1
20150701 7 9 4 2 6 4
20150701 8 1 3 2 0 0
20150701 9 7 3 5 5 3
20150701 10 6 9 2 5 6
20150708 1 2 1 5 0 0
20150708 2 5 2 1 0 0
20150708 3 3 5 1 0 0
20150708 4 3 2 4 0 0
20150708 5 5 3 7 0 0
20150708 6 7 9 3 5 6
20150708 7 7 5 1 5 4
20150708 8 9 3 2 6 3
20150708 9 1 3 5 1 3
20150708 10 7 3 9 5 3
20150709 1 2 5 6 0 0
20150709 2 3 7 5 0 0
20150709 3 2 4 1 0 0
20150709 4 3 5 7 0 0
20150709 5 4 5 1 0 0
20150709 6 2 9 3 2 6
20150709 7 1 3 5 1 3
20150709 8 3 2 1 3 2
20150709 9 7 2 4 5 2
20150709 10 1 2 9 1 2
20150710 1 4 7 6 0 0
20150710 2 1 4 3 0 0
20150710 3 3 1 4 0 0
20150710 4 3 7 6 0 0
20150710 5 1 3 8 1 3
20150710 6 6 9 8 5 6
20150710 7 4 5 2 4 4
20150710 8 7 4 5 0 0
20150710 9 7 5 9 5 4
20150710 10 9 3 5 6 3
