20111210 1 7 2 9 5 2
20111210 2 9 3 2 6 3
20111210 3 9 1 4 6 1
20111210 4 1 7 8 1 5
20111210 5 2 5 1 2 4
20111210 6 5 3 1 4 3
20111210 7 7 9 5 5 6
20111210 8 1 7 5 1 5
20111210 9 9 3 1 6 3
20111210 10 7 3 2 5 3
20111210 11 1 3 5 1 3
20111210 12 7 4 8 5 4
20111211 1 8 4 7 6 4
20111211 2 7 2 3 5 2
20111211 3 1 5 9 1 4
20111211 4 5 3 9 4 3
20111211 5 9 2 7 6 2
20111211 6 1 5 3 1 4
20111211 7 2 9 8 2 6
20111211 8 7 1 2 5 1
20111211 9 3 5 1 3 4
20111211 10 4 8 7 4 6
20111211 11 1 7 3 1 5
20111211 12 1 7 5 1 5
20111212 1 5 2 9 4 2
20111212 2 9 2 3 6 2
20111212 3 9 4 3 6 4
20111212 4 3 1 5 3 1
20111212 5 1 2 9 1 2
20111212 6 7 6 8 5 5
20111212 7 4 3 5 4 3
20111212 8 9 1 3 6 1
20111212 9 5 8 3 4 6
20111212 10 7 2 6 5 2
20111212 11 9 1 8 6 1
20111212 12 1 4 2 1 4
20111226 1 9 1 6 6 1
20111226 2 2 7 6 2 5
20111226 3 3 7 5 3 5
20111226 4 2 9 7 2 6
20111226 5 7 9 2 5 6
20111226 6 9 2 4 6 2
20111226 7 5 1 3 4 1
20111226 8 1 2 5 1 2
20111226 9 2 5 4 2 4
20111226 10 5 1 7 4 1
20111226 11 5 2 1 4 2
20111226 12 3 7 1 3 5
20111227 1 1 6 2 1 5
20111227 2 3 7 4 3 5
20111227 3 7 1 2 5 1
20111227 4 1 5 3 1 4
20111227 5 9 8 2 6 6
20111227 6 1 3 7 1 3
20111227 7 1 2 4 1 2
20111227 8 1 7 6 1 5
20111227 9 5 3 8 4 3
20111227 10 3 7 9 3 5
20111227 11 5 3 8 4 3
20111227 12 9 1 7 6 1
20111228 1 7 8 1 5 6
20111228 2 3 5 7 3 4
20111228 3 4 1 5 4 1
20111228 4 9 3 1 6 3
20111228 5 2 9 6 2 6
20111228 6 4 7 3 4 5
20111228 7 1 7 5 1 5
20111228 8 1 5 3 1 4
20111228 9 2 7 9 2 5
20111228 10 2 4 1 2 4
20111228 11 6 8 9 5 6
20111228 12 1 9 7 1 6
20120118 1 1 7 2 1 5
20120118 2 7 1 2 5 1
20120118 3 2 9 1 2 6
20120118 4 3 1 6 3 1
20120118 5 7 3 4 5 3
20120118 6 4 1 7 4 1
20120118 7 2 5 1 2 4
20120118 8 5 2 7 4 2
20120118 9 6 3 1 5 3
20120118 10 2 7 9 2 5
20120118 11 1 9 2 1 6
20120118 12 3 5 9 3 4
20120119 1 9 3 5 6 3
20120119 2 2 5 7 2 4
20120119 3 3 9 2 3 6
20120119 4 5 3 7 4 3
20120119 5 2 5 1 2 4
20120119 6 5 2 1 4 2
20120119 7 1 3 7 1 3
20120119 8 2 5 1 2 4
20120119 9 6 8 1 5 6
20120119 10 9 2 3 6 2
20120119 11 2 1 9 2 1
20120119 12 1 3 9 1 3
20120120 1 9 7 3 6 5
20120120 2 2 5 8 2 4
20120120 3 1 4 5 1 4
20120120 4 3 7 5 3 5
20120120 5 3 5 8 3 4
20120120 6 1 3 4 1 3
20120120 7 1 3 7 1 3
20120120 8 7 6 2 5 5
20120120 9 2 1 7 2 1
20120120 10 1 4 6 1 4
20120120 11 7 2 9 5 2
20120120 12 4 3 5 4 3
20120129 1 1 2 6 0 0
20120129 2 2 4 5 0 0
20120129 3 7 2 1 0 0
20120129 4 5 4 1 0 0
20120129 5 3 5 1 0 0
20120129 6 4 1 8 4 1
20120129 7 9 2 5 6 2
20120129 8 9 1 4 6 1
20120129 9 4 7 3 4 5
20120129 10 7 2 3 5 2
20120129 11 3 1 8 3 1
20120130 1 3 6 4 0 0
20120130 2 2 4 7 0 0
20120130 3 1 6 3 0 0
20120130 4 2 7 4 0 0
20120130 5 4 5 1 0 0
20120130 6 1 3 4 1 3
20120130 7 1 8 4 1 6
20120130 8 4 9 2 4 6
20120130 9 3 2 1 3 2
20120130 10 9 1 5 6 1
20120130 11 9 4 7 6 4
20120131 1 7 4 2 0 0
20120131 2 2 3 4 0 0
20120131 3 6 3 1 0 0
20120131 4 5 1 3 0 0
20120131 5 2 5 9 2 4
20120131 6 1 5 9 1 4
20120131 7 3 1 6 3 1
20120131 8 1 2 9 1 2
20120131 9 5 2 7 4 2
20120131 10 3 4 5 0 0
20120131 11 3 9 7 3 6
20120211 1 4 5 2 0 0
20120211 2 3 7 5 0 0
20120211 3 2 5 7 0 0
20120211 4 1 4 5 0 0
20120211 5 2 4 7 0 0
20120211 6 1 5 3 1 4
20120211 7 1 9 5 1 6
20120211 8 3 9 5 3 6
20120211 9 2 3 9 2 3
20120211 10 1 9 7 1 6
20120211 11 2 8 1 2 6
20120212 1 7 1 2 0 0
20120212 2 5 2 4 0 0
20120212 3 2 4 1 0 0
20120212 4 3 4 2 0 0
20120212 5 3 1 2 0 0
20120212 6 2 8 7 2 6
20120212 7 5 1 2 4 1
20120212 8 2 9 1 2 6
20120212 9 2 9 7 2 6
20120212 10 2 5 9 2 4
20120212 11 3 6 8 3 5
20120213 1 3 1 5 0 0
20120213 2 2 4 1 0 0
20120213 3 7 3 4 0 0
20120213 4 3 4 7 0 0
20120213 5 4 7 3 4 5
20120213 6 3 5 6 3 4
20120213 7 2 9 3 2 6
20120213 8 5 3 1 4 3
20120213 9 3 6 1 3 5
20120213 10 5 3 4 0 0
20120213 11 1 6 4 1 5
20120218 1 8 3 5 6 3
20120218 2 9 3 7 6 3
20120218 3 7 1 2 5 1
20120218 4 1 5 7 1 4
20120218 5 1 2 3 1 2
20120218 6 2 6 3 2 5
20120218 7 4 2 9 4 2
20120218 8 9 5 1 6 4
20120218 9 9 2 1 6 2
20120218 10 5 1 7 4 1
20120218 11 1 3 6 1 3
20120219 1 9 2 1 6 2
20120219 2 1 8 7 1 6
20120219 3 9 1 3 6 1
20120219 4 7 9 5 5 6
20120219 5 7 2 1 5 2
20120219 6 3 1 4 3 1
20120219 7 3 1 7 3 1
20120219 8 9 1 5 6 1
20120219 9 3 4 9 3 4
20120219 10 1 7 3 1 5
20120219 11 5 3 1 4 3
20120220 1 3 8 4 3 6
20120220 2 2 7 9 2 5
20120220 3 1 9 6 1 6
20120220 4 2 6 7 2 5
20120220 5 7 4 3 5 4
20120220 6 1 3 4 1 3
20120220 7 3 9 1 3 6
20120220 8 1 2 7 1 2
20120220 9 5 3 4 4 3
20120220 10 9 2 7 6 2
20120220 11 3 1 7 3 1
20120221 1 5 8 4 5 6
20120221 2 3 5 1 3 4
20120221 3 7 1 5 5 1
20120221 4 1 7 5 1 5
20120221 5 5 7 1 4 5
20120221 6 3 4 8 3 4
20120221 7 1 9 7 1 6
20120221 8 9 1 8 6 1
20120221 9 3 5 7 3 4
20120221 10 7 1 5 5 1
20120221 11 1 4 7 1 4
20120328 1 6 3 9 5 3
20120328 2 3 1 2 3 1
20120328 3 9 5 3 6 4
20120328 4 4 5 9 4 4
20120328 5 9 3 1 6 3
20120328 6 9 2 5 6 2
20120328 7 2 5 6 2 4
20120328 8 5 3 7 4 3
20120328 9 3 9 2 3 6
20120328 10 2 9 5 2 6
20120328 11 3 7 1 3 5
20120328 12 2 7 1 2 5
20120329 1 5 3 9 4 3
20120329 2 1 7 5 1 5
20120329 3 7 1 9 5 1
20120329 4 2 7 3 2 5
20120329 5 2 8 1 2 6
20120329 6 2 3 7 2 3
20120329 7 6 1 3 5 1
20120329 8 7 3 8 5 3
20120329 9 1 6 3 1 5
20120329 10 3 1 4 3 1
20120329 11 3 1 2 3 1
20120329 12 2 9 1 2 6
20120330 1 1 5 9 1 4
20120330 2 5 2 7 4 2
20120330 3 2 8 1 2 6
20120330 4 2 3 7 2 3
20120330 5 2 9 3 2 6
20120330 6 8 2 3 6 2
20120330 7 1 9 4 1 6
20120330 8 1 9 7 1 6
20120330 9 5 1 9 4 1
20120330 10 3 9 1 3 6
20120330 11 3 1 9 3 1
20120330 12 9 7 1 6 5
20120416 1 7 3 5 5 3
20120416 2 1 8 2 1 6
20120416 3 2 5 9 2 4
20120416 4 3 1 7 3 1
20120416 5 1 7 2 1 5
20120416 6 9 1 3 6 1
20120416 7 8 1 4 6 1
20120416 8 2 9 1 2 6
20120416 9 3 7 5 3 5
20120416 10 1 7 4 1 5
20120416 11 5 8 3 4 6
20120416 12 9 1 7 6 1
20120417 1 5 1 2 4 1
20120417 2 2 7 8 2 5
20120417 3 3 6 1 3 5
20120417 4 5 1 3 4 1
20120417 5 2 1 5 2 1
20120417 6 9 5 2 6 4
20120417 7 3 9 7 3 6
20120417 8 9 3 1 6 3
20120417 9 9 2 5 6 2
20120417 10 3 1 2 3 1
20120417 11 2 1 9 2 1
20120417 12 2 7 6 2 5
20120418 1 9 1 5 6 1
20120418 2 3 9 4 3 6
20120418 3 2 9 7 2 6
20120418 4 2 5 7 2 4
20120418 5 1 7 4 1 5
20120418 6 2 7 9 2 5
20120418 7 5 4 1 4 4
20120418 8 9 1 2 6 1
20120418 9 9 2 8 6 2
20120418 10 3 9 8 3 6
20120418 11 6 7 2 5 5
20120418 12 5 1 7 4 1
20120423 1 2 4 3 0 0
20120423 2 6 2 1 0 0
20120423 3 5 7 3 0 0
20120423 4 3 7 1 0 0
20120423 5 1 3 6 0 0
20120423 6 9 2 7 6 2
20120423 7 9 3 6 6 3
20120423 8 7 1 4 5 1
20120423 9 1 2 5 1 2
20120423 10 1 7 5 1 5
20120423 11 2 4 7 2 4
20120424 1 2 7 5 0 0
20120424 2 1 7 6 0 0
20120424 3 3 7 5 0 0
20120424 4 1 7 5 0 0
20120424 5 3 7 1 0 0
20120424 6 3 1 9 3 1
20120424 7 3 5 9 3 4
20120424 8 5 9 6 4 6
20120424 9 2 9 5 2 6
20120424 10 2 3 5 2 3
20120424 11 3 9 7 3 6
20120425 1 1 5 7 0 0
20120425 2 2 5 4 0 0
20120425 3 5 1 4 0 0
20120425 4 7 2 5 0 0
20120425 5 9 7 1 6 5
20120425 6 3 7 4 3 5
20120425 7 2 9 4 2 6
20120425 8 5 2 7 4 2
20120425 9 7 2 1 5 2
20120425 10 2 5 7 0 0
20120425 11 1 9 3 1 6
20120524 1 5 2 1 0 0
20120524 2 5 2 3 0 0
20120524 3 3 5 2 0 0
20120524 4 1 7 4 0 0
20120524 5 2 3 4 0 0
20120524 6 1 7 3 1 5
20120524 7 3 1 5 3 1
20120524 8 5 2 4 4 2
20120524 9 3 9 2 3 6
20120524 10 1 3 9 1 3
20120524 11 9 5 3 6 4
20120525 1 2 4 1 0 0
20120525 2 7 5 2 0 0
20120525 3 7 2 3 0 0
20120525 4 2 7 4 0 0
20120525 5 1 4 7 0 0
20120525 6 3 1 5 3 1
20120525 7 2 7 5 2 5
20120525 8 4 3 9 4 3
20120525 9 3 2 1 3 2
20120525 10 1 5 7 1 4
20120525 11 9 3 2 6 3
20120526 1 2 4 3 0 0
20120526 2 2 7 3 0 0
20120526 3 3 4 7 0 0
20120526 4 4 2 6 0 0
20120526 5 9 4 2 6 4
20120526 6 5 3 1 4 3
20120526 7 1 7 2 1 5
20120526 8 7 3 5 5 3
20120526 9 1 7 3 1 5
20120526 10 1 3 5 0 0
20120526 11 9 5 8 6 4
20120618 1 1 5 2 1 4
20120618 2 1 3 9 1 3
20120618 3 3 9 7 3 6
20120618 4 7 1 3 5 1
20120618 5 2 7 9 2 5
20120618 6 7 5 2 5 4
20120618 7 9 3 1 6 3
20120618 8 1 3 5 1 3
20120618 9 3 4 8 3 4
20120618 10 5 9 2 4 6
20120618 11 3 1 2 3 1
20120618 12 2 5 7 2 4
20120619 1 7 3 5 5 3
20120619 2 7 2 5 5 2
20120619 3 7 3 2 5 3
20120619 4 3 8 7 3 6
20120619 5 9 1 7 6 1
20120619 6 5 1 7 4 1
20120619 7 3 9 7 3 6
20120619 8 6 1 7 5 1
20120619 9 3 4 7 3 4
20120619 10 4 1 5 4 1
20120619 11 7 3 9 5 3
20120619 12 3 1 9 3 1
20120620 1 7 1 3 6 1
20120620 2 1 8 5 1 6
20120620 3 8 3 1 6 3
20120620 4 1 9 2 1 6
20120620 5 1 4 3 1 4
20120620 6 3 1 6 3 1
20120620 7 2 3 7 2 3
20120620 8 3 9 2 3 6
20120620 9 8 7 2 6 5
20120620 10 2 5 4 2 4
20120620 11 4 3 8 4 3
20120620 12 1 5 3 1 4
20120628 1 5 3 6 0 0
20120628 2 7 1 4 0 0
20120628 3 7 2 4 0 0
20120628 4 7 4 5 0 0
20120628 5 3 1 6 0 0
20120628 6 9 2 3 6 2
20120628 7 4 2 3 4 2
20120628 8 9 7 8 6 5
20120628 9 5 1 2 4 1
20120628 10 1 7 9 1 5
20120628 11 5 2 8 4 2
20120629 1 3 7 1 0 0
20120629 2 7 3 1 0 0
20120629 3 2 7 1 0 0
20120629 4 1 4 5 0 0
20120629 5 7 3 4 0 0
20120629 6 3 5 4 3 4
20120629 7 1 7 2 1 5
20120629 8 6 4 1 5 4
20120629 9 1 7 9 1 5
20120629 10 7 1 2 5 1
20120629 11 5 1 8 4 1
20120630 1 2 3 1 0 0
20120630 2 5 2 4 0 0
20120630 3 3 1 2 0 0
20120630 4 3 7 2 0 0
20120630 5 9 2 4 6 2
20120630 6 3 5 4 3 4
20120630 7 2 5 6 2 4
20120630 8 2 5 1 2 4
20120630 9 9 3 5 6 3
20120630 10 1 7 3 0 0
20120630 11 3 8 1 3 6
20120721 1 6 1 5 5 1
20120721 2 9 2 8 6 2
20120721 3 7 5 1 5 4
20120721 4 4 2 7 4 2
20120721 5 9 1 7 6 1
20120721 6 5 1 6 4 1
20120721 7 3 1 4 3 1
20120721 8 7 3 5 5 3
20120721 9 1 2 9 1 2
20120721 10 2 9 1 2 6
20120721 11 1 9 6 1 6
20120722 1 5 2 1 4 2
20120722 2 2 8 9 2 6
20120722 3 3 8 2 3 6
20120722 4 3 7 1 3 5
20120722 5 5 2 3 4 2
20120722 6 1 9 2 1 6
20120722 7 2 6 5 2 5
20120722 8 7 5 2 5 4
20120722 9 9 2 1 6 2
20120722 10 2 7 9 2 5
20120722 11 1 9 5 1 6
20120723 1 7 8 9 5 6
20120723 2 4 2 3 4 2
20120723 3 1 3 9 1 3
20120723 4 2 6 1 2 5
20120723 5 2 9 7 2 6
20120723 6 7 4 3 5 4
20120723 7 9 3 7 6 3
20120723 8 3 2 6 3 2
20120723 9 3 9 5 3 6
20120723 10 2 8 7 2 6
20120723 11 5 8 2 4 6
20120724 1 5 9 7 4 6
20120724 2 3 2 5 3 2
20120724 3 4 1 2 4 1
20120724 4 1 8 7 1 6
20120724 5 2 9 4 2 6
20120724 6 9 3 7 6 3
20120724 7 8 9 4 6 6
20120724 8 7 1 2 5 1
20120724 9 9 1 5 6 1
20120724 10 5 4 1 4 4
20120724 11 9 8 1 6 6
20120819 1 3 1 5 0 0
20120819 2 2 5 7 0 0
20120819 3 5 1 2 0 0
20120819 4 5 1 3 0 0
20120819 5 5 2 3 0 0
20120819 6 3 2 8 3 2
20120819 7 1 5 7 1 4
20120819 8 3 9 5 3 6
20120819 9 7 2 3 5 2
20120819 10 9 1 5 6 1
20120819 11 9 7 2 6 5
20120820 1 7 4 2 0 0
20120820 2 1 7 2 0 0
20120820 3 2 4 5 0 0
20120820 4 2 4 5 0 0
20120820 5 1 5 2 0 0
20120820 6 5 2 3 4 2
20120820 7 5 2 9 4 2
20120820 8 2 3 5 2 3
20120820 9 7 2 5 5 2
20120820 10 1 3 2 1 3
20120820 11 7 3 6 5 3
20120821 1 2 5 4 0 0
20120821 2 5 2 4 0 0
20120821 3 1 2 6 0 0
20120821 4 3 2 5 0 0
20120821 5 3 4 7 3 4
20120821 6 9 3 8 6 3
20120821 7 1 7 3 1 5
20120821 8 9 3 2 6 3
20120821 9 8 2 1 6 2
20120821 10 7 2 4 0 0
20120821 11 3 9 2 3 6
20120920 1 7 5 4 0 0
20120920 2 1 7 2 0 0
20120920 3 5 2 3 0 0
20120920 4 4 1 2 0 0
20120920 5 2 4 7 0 0
20120920 6 7 5 1 5 4
20120920 7 7 1 5 5 1
20120920 8 1 7 3 1 5
20120920 9 2 5 8 2 4
20120920 10 3 2 7 3 2
20120920 11 5 8 2 4 6
20120921 1 5 1 3 0 0
20120921 2 3 5 7 0 0
20120921 3 3 7 5 0 0
20120921 4 3 5 2 0 0
20120921 5 3 5 2 0 0
20120921 6 2 5 9 2 4
20120921 7 2 6 3 2 5
20120921 8 9 2 3 6 2
20120921 9 6 1 7 5 1
20120921 10 1 9 5 1 6
20120921 11 7 2 5 5 2
20120922 1 7 5 2 0 0
20120922 2 7 1 3 0 0
20120922 3 7 4 1 0 0
20120922 4 3 5 4 0 0
20120922 5 7 1 5 0 0
20120922 6 2 4 7 2 4
20120922 7 9 1 2 6 1
20120922 8 3 9 5 3 6
20120922 9 5 1 7 4 1
20120922 10 7 5 2 0 0
20120922 11 5 3 7 4 3
20120927 1 5 3 7 0 0
20120927 2 1 7 3 0 0
20120927 3 6 5 1 0 0
20120927 4 3 7 4 0 0
20120927 5 4 1 2 0 0
20120927 6 3 9 1 3 6
20120927 7 2 5 7 2 4
20120927 8 9 5 7 6 4
20120927 9 9 3 2 6 3
20120927 10 5 4 1 4 4
20120927 11 3 7 8 3 5
20120928 1 7 5 2 0 0
20120928 2 4 1 2 0 0
20120928 3 3 5 4 0 0
20120928 4 2 1 4 0 0
20120928 5 7 4 3 0 0
20120928 6 9 7 4 6 5
20120928 7 7 5 2 5 4
20120928 8 1 3 2 1 3
20120928 9 9 5 1 6 4
20120928 10 6 2 9 5 2
20120928 11 3 7 5 3 5
20120929 1 7 1 2 0 0
20120929 2 7 1 3 0 0
20120929 3 4 2 6 0 0
20120929 4 4 5 7 0 0
20120929 5 2 7 5 2 5
20120929 6 1 9 7 1 6
20120929 7 7 8 3 5 6
20120929 8 9 2 7 6 2
20120929 9 2 5 7 2 4
20120929 10 3 2 7 0 0
20120929 11 8 1 3 6 1
20121003 1 7 1 4 5 1
20121003 2 2 7 5 2 5
20121003 3 2 7 1 2 5
20121003 4 3 9 1 3 6
20121003 5 3 5 8 3 4
20121003 6 2 3 4 2 3
20121003 7 9 2 3 6 2
20121003 8 9 4 8 6 4
20121003 9 1 9 2 1 6
20121003 10 1 2 3 1 2
20121003 11 8 3 1 6 3
20121004 1 9 3 2 6 3
20121004 2 1 2 5 1 2
20121004 3 3 9 1 3 6
20121004 4 1 2 7 1 2
20121004 5 3 5 2 3 4
20121004 6 7 1 8 5 1
20121004 7 3 2 5 3 2
20121004 8 4 9 1 4 6
20121004 9 4 5 8 4 4
20121004 10 9 2 3 6 2
20121004 11 2 9 3 2 6
20121005 1 7 5 1 5 4
20121005 2 7 5 1 5 4
20121005 3 2 1 5 2 1
20121005 4 5 9 3 4 6
20121005 5 5 1 3 4 1
20121005 6 1 5 2 1 4
20121005 7 7 3 9 5 3
20121005 8 7 1 3 5 1
20121005 9 6 9 1 5 6
20121005 10 1 7 8 1 5
20121005 11 1 5 3 1 4
20121106 1 7 2 1 5 2
20121106 2 3 9 7 3 6
20121106 3 7 3 5 5 3
20121106 4 9 2 7 6 2
20121106 5 1 7 5 1 5
20121106 6 4 2 6 4 2
20121106 7 3 2 7 3 2
20121106 8 7 3 5 5 3
20121106 9 4 7 3 4 5
20121106 10 3 2 7 3 2
20121106 11 2 9 7 2 6
20121107 1 2 3 4 2 3
20121107 2 9 1 2 6 1
20121107 3 5 9 1 4 6
20121107 4 2 9 5 2 6
20121107 5 7 1 9 5 1
20121107 6 3 9 7 3 6
20121107 7 2 3 1 2 3
20121107 8 5 3 4 4 3
20121107 9 3 2 7 3 2
20121107 10 3 1 8 3 1
20121107 11 1 2 3 1 2
20121108 1 5 2 8 4 2
20121108 2 3 9 7 3 6
20121108 3 3 9 1 3 6
20121108 4 5 1 3 4 1
20121108 5 1 5 9 1 4
20121108 6 1 9 4 1 6
20121108 7 6 7 5 5 5
20121108 8 2 5 9 2 4
20121108 9 5 3 9 4 3
20121108 10 1 9 4 1 6
20121108 11 4 2 3 4 2
20121205 1 2 9 1 2 6
20121205 2 9 7 5 6 5
20121205 3 1 4 3 1 4
20121205 4 9 1 6 6 1
20121205 5 5 1 7 4 1
20121205 6 8 2 3 6 2
20121205 7 5 3 7 4 3
20121205 8 3 2 7 3 2
20121205 9 3 7 1 3 5
20121205 10 8 3 2 6 3
20121205 11 5 3 7 4 3
20121206 1 1 3 8 1 3
20121206 2 2 7 1 2 5
20121206 3 6 5 2 5 4
20121206 4 7 2 8 5 2
20121206 5 9 3 7 6 3
20121206 6 3 4 7 3 4
20121206 7 1 4 3 1 4
20121206 8 1 9 2 1 6
20121206 9 9 6 2 6 5
20121206 10 9 3 1 6 3
20121206 11 7 3 1 5 3
20121207 1 2 1 9 2 1
20121207 2 9 3 7 6 3
20121207 3 7 3 2 5 3
20121207 4 2 5 7 2 4
20121207 5 9 3 2 6 3
20121207 6 8 5 7 6 5
20121207 7 9 3 6 6 3
20121207 8 7 2 1 5 2
20121207 9 3 4 9 3 4
20121207 10 1 5 6 1 4
20121207 11 2 1 9 2 1
20121231 1 2 4 1 0 0
20121231 2 3 2 4 0 0
20121231 3 5 2 3 0 0
20121231 4 1 5 3 0 0
20121231 5 2 3 4 0 0
20121231 6 7 2 1 5 2
20121231 7 5 9 1 4 6
20121231 8 8 1 9 6 1
20121231 9 1 2 9 1 2
20121231 10 3 9 7 3 6
20121231 11 4 6 5 4 5
20130101 1 1 3 7 0 0
20130101 2 1 4 2 0 0
20130101 3 7 5 1 0 0
20130101 4 7 3 1 0 0
20130101 5 7 2 1 0 0
20130101 6 4 1 9 4 1
20130101 7 5 2 9 4 2
20130101 8 9 5 2 6 4
20130101 9 3 5 2 3 4
20130101 10 9 6 2 6 5
20130101 11 9 7 3 6 5
20130102 1 3 5 6 0 0
20130102 2 7 4 2 0 0
20130102 3 4 2 7 0 0
20130102 4 2 4 7 0 0
20130102 5 1 2 4 1 2
20130102 6 9 5 1 6 4
20130102 7 1 3 5 1 3
20130102 8 1 7 5 1 5
20130102 9 9 2 3 6 2
20130102 10 3 2 4 0 0
20130102 11 3 7 8 3 5
20130109 1 4 3 2 4 3
20130109 2 1 9 6 1 6
20130109 3 2 3 5 2 3
20130109 4 5 1 9 4 1
20130109 5 3 1 5 3 1
20130109 6 1 7 5 1 5
20130109 7 3 7 5 3 5
20130109 8 1 9 7 1 6
20130109 9 1 2 9 1 2
20130109 10 1 9 7 1 6
20130109 11 9 5 2 6 4
20130110 1 7 8 1 5 6
20130110 2 2 5 3 2 4
20130110 3 1 9 3 1 6
20130110 4 4 7 1 4 5
20130110 5 9 5 2 6 4
20130110 6 5 2 9 4 2
20130110 7 5 2 3 4 2
20130110 8 7 9 1 5 6
20130110 9 9 1 3 6 1
20130110 10 9 2 7 6 2
20130110 11 1 9 7 1 6
20130111 1 1 5 7 1 4
20130111 2 8 3 9 6 3
20130111 3 2 9 1 2 6
20130111 4 1 2 5 1 2
20130111 5 8 2 3 6 2
20130111 6 3 6 5 3 5
20130111 7 9 2 3 6 2
20130111 8 5 2 8 4 2
20130111 9 3 5 9 3 4
20130111 10 2 9 5 2 6
20130111 11 7 9 1 5 6
20130131 1 5 3 7 0 0
20130131 2 4 3 1 0 0
20130131 3 2 1 7 0 0
20130131 4 7 5 1 0 0
20130131 5 5 1 2 0 0
20130131 6 8 3 1 6 3
20130131 7 1 7 9 1 5
20130131 8 2 9 1 2 6
20130131 9 1 2 9 1 2
20130131 10 3 5 1 3 4
20130131 11 8 4 1 6 4
20130201 1 5 2 4 0 0
20130201 2 2 7 5 0 0
20130201 3 5 1 7 0 0
20130201 4 5 2 1 0 0
20130201 5 2 4 3 0 0
20130201 6 9 1 7 6 1
20130201 7 2 6 9 2 5
20130201 8 9 2 5 6 2
20130201 9 1 7 9 1 5
20130201 10 7 1 2 5 1
20130201 11 4 7 2 4 5
20130202 1 5 3 4 0 0
20130202 2 5 4 7 0 0
20130202 3 4 2 7 0 0
20130202 4 6 2 5 0 0
20130202 5 4 7 8 4 5
20130202 6 7 9 1 5 6
20130202 7 7 3 2 5 3
20130202 8 2 5 1 2 4
20130202 9 1 9 6 1 6
20130202 10 4 2 1 0 0
20130202 11 9 3 8 6 3
20130207 1 5 2 7 0 0
20130207 2 4 3 2 0 0
20130207 3 4 2 3 0 0
20130207 4 4 2 7 0 0
20130207 5 3 5 1 0 0
20130207 6 2 6 1 2 5
20130207 7 1 7 3 1 5
20130207 8 2 7 9 2 5
20130207 9 3 9 5 3 6
20130207 10 2 7 4 2 5
20130207 11 8 3 7 6 3
20130208 1 2 5 7 0 0
20130208 2 3 5 2 0 0
20130208 3 3 1 5 0 0
20130208 4 1 2 5 0 0
20130208 5 5 6 3 0 0
20130208 6 2 4 3 2 4
20130208 7 3 1 5 3 1
20130208 8 2 6 3 2 5
20130208 9 5 9 1 4 6
20130208 10 9 1 7 6 1
20130208 11 9 1 7 6 1
20130209 1 7 5 3 0 0
20130209 2 3 2 5 0 0
20130209 3 6 2 7 0 0
20130209 4 1 7 5 0 0
20130209 5 5 8 2 4 6
20130209 6 7 3 5 5 3
20130209 7 1 9 2 1 6
20130209 8 7 1 9 5 1
20130209 9 2 5 7 2 4
20130209 10 7 4 2 0 0
20130209 11 1 8 6 1 6
20130213 1 1 3 7 0 0
20130213 2 3 2 6 0 0
20130213 3 4 7 1 0 0
20130213 4 1 4 5 0 0
20130213 5 2 3 5 0 0
20130213 6 5 3 6 4 3
20130213 7 2 7 5 2 5
20130213 8 9 2 1 6 2
20130213 9 7 1 9 5 1
20130213 10 3 9 7 3 6
20130213 11 1 5 3 1 4
20130214 1 1 4 7 0 0
20130214 2 3 7 1 0 0
20130214 3 1 2 3 0 0
20130214 4 1 5 7 0 0
20130214 5 5 7 4 0 0
20130214 6 5 2 6 4 2
20130214 7 2 9 1 2 6
20130214 8 2 5 3 2 4
20130214 9 3 7 5 3 5
20130214 10 2 9 1 2 6
20130214 11 9 2 5 6 2
20130215 1 2 3 4 0 0
20130215 2 2 4 1 0 0
20130215 3 4 5 3 0 0
20130215 4 1 5 3 0 0
20130215 5 1 3 5 1 3
20130215 6 3 6 9 3 5
20130215 7 7 2 1 5 2
20130215 8 5 3 9 4 3
20130215 9 1 8 3 1 6
20130215 10 3 2 1 0 0
20130215 11 3 7 1 3 5
20130304 1 9 5 7 6 4
20130304 2 2 5 9 2 4
20130304 3 3 4 2 3 4
20130304 4 2 3 9 2 3
20130304 5 7 1 3 5 1
20130304 6 1 5 4 1 4
20130304 7 7 1 8 5 1
20130304 8 8 4 7 6 4
20130304 9 7 1 6 5 1
20130304 10 2 9 5 2 6
20130304 11 5 1 7 4 1
20130305 1 5 2 8 4 2
20130305 2 1 3 9 1 3
20130305 3 9 8 6 6 6
20130305 4 2 8 5 2 6
20130305 5 2 8 5 2 6
20130305 6 4 1 2 4 1
20130305 7 1 4 3 1 4
20130305 8 5 1 9 4 1
20130305 9 5 7 2 4 5
20130305 10 1 7 2 1 5
20130305 11 2 5 7 2 4
20130306 1 7 1 3 5 1
20130306 2 6 4 1 5 4
20130306 3 5 2 4 4 2
20130306 4 9 2 6 6 2
20130306 5 8 9 2 6 6
20130306 6 9 1 2 6 1
20130306 7 1 2 8 1 2
20130306 8 3 4 5 3 4
20130306 9 3 9 8 3 6
20130306 10 9 2 1 6 2
20130306 11 2 9 7 2 6
20130310 1 3 7 1 0 0
20130310 2 3 1 2 0 0
20130310 3 2 5 1 0 0
20130310 4 3 1 7 0 0
20130310 5 2 7 6 0 0
20130310 6 4 3 5 4 3
20130310 7 7 1 3 5 1
20130310 8 3 5 1 3 4
20130310 9 3 7 5 3 5
20130310 10 4 3 1 4 3
20130310 11 5 3 6 4 3
20130311 1 6 2 4 0 0
20130311 2 2 1 5 0 0
20130311 3 3 7 5 0 0
20130311 4 7 1 5 0 0
20130311 5 7 5 2 0 0
20130311 6 1 8 5 1 6
20130311 7 4 1 7 4 1
20130311 8 6 1 4 5 1
20130311 9 5 1 4 4 1
20130311 10 8 3 5 6 3
20130311 11 3 9 7 3 6
20130312 1 1 2 3 0 0
20130312 2 7 1 3 0 0
20130312 3 6 4 2 0 0
20130312 4 5 4 1 0 0
20130312 5 7 8 9 5 6
20130312 6 5 6 2 4 5
20130312 7 7 1 5 5 1
20130312 8 4 1 6 4 1
20130312 9 3 1 4 3 1
20130312 10 1 2 5 0 0
20130312 11 3 4 9 3 4
20130404 1 2 9 3 2 6
20130404 2 1 9 7 1 6
20130404 3 4 3 9 4 3
20130404 4 1 7 9 1 5
20130404 5 7 3 1 5 3
20130404 6 2 9 8 2 6
20130404 7 5 3 8 4 3
20130404 8 7 1 4 5 1
20130404 9 7 1 5 5 1
20130404 10 2 5 1 2 4
20130404 11 3 1 9 3 1
20130405 1 5 3 8 4 3
20130405 2 1 5 8 1 4
20130405 3 7 8 5 5 6
20130405 4 6 3 5 5 3
20130405 5 1 4 7 1 4
20130405 6 3 2 5 3 2
20130405 7 2 9 1 2 6
20130405 8 3 7 2 3 5
20130405 9 1 3 7 1 3
20130405 10 9 1 5 6 1
20130405 11 3 9 4 3 6
20130406 1 4 6 1 4 5
20130406 2 1 7 5 1 5
20130406 3 5 7 6 4 5
20130406 4 3 5 7 3 4
20130406 5 3 5 7 3 4
20130406 6 3 9 2 3 6
20130406 7 1 4 2 1 4
20130406 8 1 4 7 1 4
20130406 9 9 5 4 6 4
20130406 10 7 1 4 5 1
20130406 11 4 1 3 4 1
20130410 1 5 4 3 0 0
20130410 2 4 7 2 0 0
20130410 3 1 5 4 0 0
20130410 4 4 1 3 0 0
20130410 5 2 4 1 0 0
20130410 6 1 9 3 1 6
20130410 7 3 1 9 3 1
20130410 8 1 7 9 1 5
20130410 9 3 9 7 3 6
20130410 10 5 3 8 4 3
20130411 1 1 7 3 0 0
20130411 2 2 7 5 0 0
20130411 3 3 7 1 0 0
20130411 4 7 3 5 0 0
20130411 5 3 2 1 0 0
20130411 6 8 3 9 6 3
20130411 7 8 2 1 6 2
20130411 8 5 7 3 4 5
20130411 9 9 1 2 6 1
20130411 10 9 7 2 6 5
20130412 1 7 4 1 0 0
20130412 2 2 7 5 0 0
20130412 3 1 6 4 0 0
20130412 4 1 3 6 0 0
20130412 5 9 2 7 6 2
20130412 6 7 4 9 5 4
20130412 7 5 6 3 4 5
20130412 8 5 2 4 4 2
20130412 9 1 3 2 0 0
20130412 10 2 1 5 2 1
20130503 1 7 2 4 0 0
20130503 2 1 7 5 0 0
20130503 3 3 2 7 0 0
20130503 4 1 4 5 0 0
20130503 5 5 2 3 0 0
20130503 6 3 1 7 3 1
20130503 7 3 9 1 3 6
20130503 8 9 3 5 6 3
20130503 9 5 7 9 4 5
20130503 10 3 2 9 3 2
20130504 1 5 1 4 0 0
20130504 2 5 2 1 0 0
20130504 3 5 3 6 0 0
20130504 4 2 4 7 0 0
20130504 5 7 2 4 0 0
20130504 6 2 9 4 2 6
20130504 7 2 6 1 2 5
20130504 8 4 1 2 4 1
20130504 9 1 8 2 1 6
20130504 10 2 3 4 2 3
20130505 1 2 7 1 0 0
20130505 2 1 3 5 0 0
20130505 3 4 2 5 0 0
20130505 4 2 5 7 0 0
20130505 5 3 7 1 3 5
20130505 6 1 5 2 1 4
20130505 7 3 1 6 3 1
20130505 8 5 3 9 4 3
20130505 9 4 1 7 0 0
20130505 10 2 9 5 2 6
20130513 1 2 7 5 2 5
20130513 2 2 1 7 2 1
20130513 3 3 2 1 3 2
20130513 4 3 9 2 3 6
20130513 5 3 7 1 3 5
20130513 6 1 5 2 1 4
20130513 7 6 2 1 5 2
20130513 8 3 1 5 3 1
20130513 9 1 5 4 1 4
20130513 10 9 2 3 6 2
20130513 11 2 4 1 2 4
20130514 1 5 1 3 4 1
20130514 2 3 1 5 3 1
20130514 3 6 3 7 5 3
20130514 4 5 2 7 4 2
20130514 5 7 2 8 5 2
20130514 6 1 7 8 1 5
20130514 7 1 3 2 1 3
20130514 8 2 6 3 2 5
20130514 9 3 9 5 3 6
20130514 10 3 5 4 3 4
20130514 11 2 9 7 2 6
20130515 1 8 7 5 6 5
20130515 2 2 9 5 2 6
20130515 3 9 1 4 6 1
20130515 4 9 3 7 6 3
20130515 5 7 3 4 5 3
20130515 6 5 2 1 4 2
20130515 7 5 2 1 4 2
20130515 8 9 2 5 6 2
20130515 9 5 2 7 4 2
20130515 10 1 5 3 1 4
20130515 11 1 7 3 1 5
20130604 1 7 3 5 0 0
20130604 2 1 3 7 0 0
20130604 3 2 4 7 0 0
20130604 4 1 2 5 0 0
20130604 5 4 2 7 0 0
20130604 6 4 1 7 4 1
20130604 7 4 5 1 4 4
20130604 8 5 3 9 4 3
20130604 9 2 7 1 2 5
20130604 10 2 3 1 2 3
20130605 1 3 7 4 0 0
20130605 2 3 4 1 0 0
20130605 3 4 3 2 0 0
20130605 4 3 5 7 0 0
20130605 5 7 5 2 0 0
20130605 6 9 5 2 6 4
20130605 7 3 9 4 3 6
20130605 8 3 5 8 3 4
20130605 9 7 2 5 5 2
20130605 10 3 7 2 3 5
20130606 1 5 3 1 0 0
20130606 2 2 6 5 0 0
20130606 3 2 1 4 0 0
20130606 4 3 4 1 0 0
20130606 5 5 7 1 4 5
20130606 6 7 9 1 5 6
20130606 7 7 4 2 5 4
20130606 8 9 4 3 6 4
20130606 9 3 1 4 0 0
20130606 10 4 9 5 4 6
20130610 1 4 5 2 0 0
20130610 2 4 1 3 0 0
20130610 3 7 1 6 0 0
20130610 4 4 5 2 0 0
20130610 5 5 3 1 0 0
20130610 6 7 9 1 5 6
20130610 7 1 3 5 1 3
20130610 8 2 9 7 2 6
20130610 9 3 9 2 3 6
20130610 10 1 9 2 1 6
20130611 1 7 5 1 0 0
20130611 2 5 7 3 0 0
20130611 3 3 7 4 0 0
20130611 4 1 5 2 0 0
20130611 5 7 2 5 0 0
20130611 6 5 7 4 4 5
20130611 7 2 3 7 2 3
20130611 8 1 8 4 1 6
20130611 9 5 9 3 4 6
20130611 10 2 5 9 2 4
20130612 1 3 1 2 0 0
20130612 2 2 3 7 0 0
20130612 3 1 4 7 0 0
20130612 4 2 5 7 0 0
20130612 5 2 9 1 2 6
20130612 6 1 3 5 1 3
20130612 7 6 2 7 5 2
20130612 8 3 9 5 3 6
20130612 9 2 7 5 0 0
20130612 10 2 5 8 2 4
20130622 1 5 7 2 4 5
20130622 2 6 2 5 5 2
20130622 3 9 2 3 6 2
20130622 4 7 3 9 5 3
20130622 5 1 9 4 1 6
20130622 6 2 5 3 2 4
20130622 7 3 2 7 3 2
20130622 8 9 5 2 6 4
20130622 9 3 1 9 3 1
20130622 10 1 9 5 1 6
20130622 11 5 3 6 4 3
20130622 12 7 3 9 5 3
20130623 1 7 3 2 5 3
20130623 2 4 1 9 4 1
20130623 3 9 2 1 6 2
20130623 4 5 7 1 4 5
20130623 5 1 9 7 1 6
20130623 6 2 9 3 2 6
20130623 7 1 5 3 1 4
20130623 8 5 7 2 4 5
20130623 9 5 3 6 4 3
20130623 10 1 7 9 1 5
20130623 11 2 7 9 2 5
20130623 12 2 5 8 2 4
20130624 1 8 3 7 6 3
20130624 2 8 7 5 6 5
20130624 3 1 9 2 1 6
20130624 4 5 7 3 4 5
20130624 5 1 7 5 1 5
20130624 6 3 8 4 3 6
20130624 7 2 5 9 2 4
20130624 8 1 2 8 1 2
20130624 9 5 8 6 4 6
20130624 10 9 6 2 6 5
20130624 11 5 9 4 4 6
20130625 1 1 7 5 1 6
20130625 2 7 2 4 6 2
20130625 3 1 6 4 1 5
20130625 4 3 2 4 3 2
20130625 5 7 8 3 5 6
20130625 6 7 5 3 5 4
20130625 7 7 3 2 5 3
20130625 8 1 9 4 1 6
20130625 9 2 4 9 2 4
20130625 10 7 1 5 5 1
20130625 11 7 3 8 5 3
20130907 1 3 5 7 0 0
20130907 2 2 4 1 0 0
20130907 3 4 1 5 0 0
20130907 4 3 7 1 0 0
20130907 5 5 3 2 0 0
20130907 6 9 7 3 6 5
20130907 7 1 9 6 1 6
20130907 8 5 3 1 4 3
20130907 9 2 5 8 2 4
20130907 10 8 5 6 6 4
20130908 1 5 3 1 0 0
20130908 2 1 5 2 0 0
20130908 3 4 5 6 0 0
20130908 4 3 5 6 0 0
20130908 5 2 1 3 0 0
20130908 6 2 9 1 2 6
20130908 7 1 7 5 1 5
20130908 8 2 8 5 2 6
20130908 9 3 1 8 3 1
20130908 10 3 8 1 3 6
20130909 1 1 5 3 0 0
20130909 2 7 4 3 0 0
20130909 3 2 3 5 0 0
20130909 4 5 1 4 0 0
20130909 5 7 3 8 5 3
20130909 6 7 3 5 5 3
20130909 7 2 7 1 2 5
20130909 8 3 9 4 3 6
20130909 9 3 4 5 0 0
20130909 10 1 3 2 1 3
20131017 1 7 1 4 0 0
20131017 2 5 3 2 0 0
20131017 3 2 1 4 0 0
20131017 4 3 7 2 0 0
20131017 5 2 5 3 0 0
20131017 6 9 4 1 6 4
20131017 7 9 3 2 6 3
20131017 8 9 5 1 6 4
20131017 9 5 1 6 4 1
20131017 10 3 1 6 3 1
20131018 1 7 3 1 0 0
20131018 2 7 2 1 0 0
20131018 3 3 5 1 0 0
20131018 4 4 2 7 0 0
20131018 5 7 4 2 0 0
20131018 6 4 7 2 4 5
20131018 7 2 8 5 2 6
20131018 8 9 7 3 6 5
20131018 9 1 5 9 1 4
20131018 10 2 9 8 2 6
20131019 1 7 4 5 0 0
20131019 2 5 3 7 0 0
20131019 3 4 6 3 0 0
20131019 4 1 2 5 0 0
20131019 5 2 9 5 2 6
20131019 6 1 7 2 1 5
20131019 7 5 9 3 4 6
20131019 8 2 7 8 2 5
20131019 9 4 5 2 0 0
20131019 10 9 3 5 6 3
20131027 1 7 2 1 0 0
20131027 2 3 7 1 0 0
20131027 3 5 3 7 0 0
20131027 4 1 7 5 0 0
20131027 5 3 4 2 0 0
20131027 6 1 5 9 1 4
20131027 7 9 1 5 6 1
20131027 8 2 3 9 2 3
20131027 9 3 7 1 3 5
20131027 10 1 4 2 1 4
20131028 1 2 4 7 0 0
20131028 2 5 1 4 0 0
20131028 3 7 5 2 0 0
20131028 4 7 4 2 0 0
20131028 5 1 7 2 0 0
20131028 6 3 9 5 3 6
20131028 7 3 9 7 3 6
20131028 8 7 6 3 5 5
20131028 9 2 9 4 2 6
20131028 10 2 9 7 2 6
20131029 1 5 1 7 0 0
20131029 2 5 7 1 0 0
20131029 3 7 2 5 0 0
20131029 4 3 4 2 0 0
20131029 5 7 1 5 5 1
20131029 6 3 6 8 3 5
20131029 7 9 1 6 6 1
20131029 8 9 3 1 6 3
20131029 9 1 7 3 0 0
20131029 10 3 2 4 3 2
20131217 1 2 8 6 2 6
20131217 2 3 5 2 3 4
20131217 3 3 2 1 3 2
20131217 4 3 2 5 3 2
20131217 5 9 5 1 6 4
20131217 6 3 2 5 3 2
20131217 7 1 5 7 1 4
20131217 8 1 9 3 1 6
20131217 9 3 5 7 3 4
20131217 10 7 2 8 5 2
20131217 11 3 1 2 3 1
20131218 1 3 7 2 3 5
20131218 2 3 9 2 3 6
20131218 3 7 3 1 5 3
20131218 4 7 9 3 5 6
20131218 5 1 9 7 1 6
20131218 6 1 5 9 1 4
20131218 7 1 8 9 1 6
20131218 8 2 5 7 2 4
20131218 9 8 7 2 6 5
20131218 10 2 7 9 2 5
20131218 11 1 6 7 1 5
20131219 1 1 5 7 1 4
20131219 2 3 7 2 3 5
20131219 3 7 1 2 5 1
20131219 4 3 8 7 3 6
20131219 5 3 7 8 3 5
20131219 6 3 5 6 3 4
20131219 7 9 5 7 6 4
20131219 8 3 5 7 3 4
20131219 9 8 6 9 6 5
20131219 10 4 3 2 4 3
20131219 11 3 5 7 3 4
20131223 1 7 1 4 5 1
20131223 2 2 1 9 2 1
20131223 3 1 5 8 1 4
20131223 4 2 7 5 2 5
20131223 5 3 9 7 3 6
20131223 6 2 7 1 2 5
20131223 7 2 4 3 2 4
20131223 8 1 9 4 1 6
20131223 9 7 3 1 5 3
20131223 10 7 2 5 5 2
20131223 11 2 6 3 2 5
20131224 1 2 9 1 2 6
20131224 2 3 7 8 3 5
20131224 3 8 7 3 6 5
20131224 4 9 5 3 6 4
20131224 5 2 9 3 2 6
20131224 6 5 1 3 4 1
20131224 7 9 7 2 6 5
20131224 8 7 3 5 5 3
20131224 9 9 3 1 6 3
20131224 10 5 7 2 4 5
20131224 11 1 2 7 1 2
20131225 1 1 7 3 1 5
20131225 2 3 9 2 3 6
20131225 3 3 4 7 3 4
20131225 4 3 9 1 3 6
20131225 5 5 1 9 4 1
20131225 6 5 4 7 4 4
20131225 7 2 5 3 2 4
20131225 8 8 2 5 6 2
20131225 9 3 5 6 3 4
20131225 10 8 3 1 6 3
20131225 11 1 9 3 1 6
20131229 1 1 3 2 0 0
20131229 2 4 7 1 0 0
20131229 3 1 4 2 0 0
20131229 4 2 7 5 0 0
20131229 5 7 4 5 0 0
20131229 6 9 2 1 6 2
20131229 7 1 4 5 1 4
20131229 8 3 5 1 3 4
20131229 9 2 7 4 2 5
20131229 10 9 3 4 6 3
20131230 1 7 2 5 0 0
20131230 2 4 5 2 0 0
20131230 3 1 3 2 0 0
20131230 4 5 6 4 0 0
20131230 5 4 1 6 0 0
20131230 6 4 7 3 4 5
20131230 7 1 4 3 1 4
20131230 8 3 7 8 3 5
20131230 9 9 2 1 6 2
20131230 10 1 5 9 1 4
20131231 1 5 1 2 0 0
20131231 2 5 3 4 0 0
20131231 3 3 7 4 0 0
20131231 4 5 1 7 0 0
20131231 5 2 9 1 2 6
20131231 6 7 1 5 5 1
20131231 7 7 2 9 5 2
20131231 8 9 1 4 6 1
20131231 9 4 2 5 0 0
20131231 10 6 5 3 5 4
20140110 1 4 3 2 0 0
20140110 2 5 2 4 0 0
20140110 3 2 4 5 0 0
20140110 4 3 4 2 0 0
20140110 5 2 3 7 0 0
20140110 6 6 2 5 5 2
20140110 7 9 3 7 6 3
20140110 8 5 1 2 4 1
20140110 9 7 2 1 5 2
20140110 10 9 3 5 6 3
20140111 1 3 1 4 0 0
20140111 2 1 4 6 0 0
20140111 3 3 4 2 0 0
20140111 4 4 2 7 0 0
20140111 5 3 4 7 0 0
20140111 6 3 4 5 3 4
20140111 7 4 2 7 4 2
20140111 8 8 2 6 6 2
20140111 9 3 9 1 3 6
20140111 10 6 2 7 5 2
20140112 1 4 2 3 0 0
20140112 2 7 1 5 0 0
20140112 3 1 5 2 0 0
20140112 4 1 5 3 0 0
20140112 5 1 9 6 1 6
20140112 6 2 9 7 2 6
20140112 7 2 9 1 2 6
20140112 8 1 7 2 1 5
20140112 9 1 2 3 0 0
20140112 10 9 7 4 6 5
20140116 1 3 2 7 0 0
20140116 2 4 1 5 0 0
20140116 3 1 5 4 0 0
20140116 4 4 2 7 0 0
20140116 5 3 5 7 0 0
20140116 6 8 7 1 6 5
20140116 7 2 9 4 2 6
20140116 8 2 4 9 2 4
20140116 9 3 4 1 3 4
20140116 10 3 9 6 3 6
20140117 1 4 2 6 0 0
20140117 2 3 6 7 0 0
20140117 3 5 3 7 0 0
20140117 4 5 2 7 0 0
20140117 5 7 2 4 0 0
20140117 6 2 6 7 2 5
20140117 7 3 5 2 3 4
20140117 8 5 7 1 4 5
20140117 9 3 9 4 3 6
20140117 10 1 5 2 1 4
20140118 1 6 5 4 0 0
20140118 2 1 5 3 0 0
20140118 3 3 6 5 0 0
20140118 4 4 3 2 0 0
20140118 5 2 9 4 2 6
20140118 6 7 5 9 5 4
20140118 7 1 6 5 1 5
20140118 8 2 3 9 2 3
20140118 9 2 1 6 0 0
20140118 10 1 3 5 1 3
20140126 1 5 3 6 0 0
20140126 2 2 5 7 0 0
20140126 3 7 1 4 0 0
20140126 4 2 5 7 0 0
20140126 5 3 1 2 0 0
20140126 6 7 8 4 5 6
20140126 7 7 5 9 5 4
20140126 8 3 2 7 3 2
20140126 9 2 3 5 2 3
20140126 10 7 1 9 5 1
20140127 1 2 7 1 0 0
20140127 2 5 2 4 0 0
20140127 3 2 5 4 0 0
20140127 4 4 2 7 0 0
20140127 5 2 7 4 0 0
20140127 6 5 3 7 4 3
20140127 7 9 2 5 6 2
20140127 8 3 5 2 3 4
20140127 9 1 9 8 1 6
20140127 10 5 2 9 4 2
20140128 1 2 6 1 0 0
20140128 2 3 7 5 0 0
20140128 3 3 7 5 0 0
20140128 4 2 7 5 0 0
20140128 5 1 8 5 1 6
20140128 6 5 3 1 4 3
20140128 7 3 2 7 3 2
20140128 8 8 9 4 6 6
20140128 9 4 3 6 0 0
20140128 10 3 5 2 3 4
20140219 1 3 1 9 3 1
20140219 2 3 8 7 3 6
20140219 3 3 7 5 3 5
20140219 4 7 2 9 5 2
20140219 5 3 7 8 3 5
20140219 6 1 2 7 1 2
20140219 7 1 9 7 1 6
20140219 8 7 4 6 5 4
20140219 9 2 3 5 2 3
20140219 10 8 6 9 6 5
20140219 11 1 8 3 1 6
20140220 1 7 2 8 5 2
20140220 2 7 4 1 5 4
20140220 3 9 3 7 6 3
20140220 4 9 3 5 6 3
20140220 5 5 1 9 4 1
20140220 6 5 2 1 4 2
20140220 7 5 8 2 4 6
20140220 8 5 2 9 4 2
20140220 9 9 3 5 6 3
20140220 10 4 1 7 4 1
20140220 11 1 9 3 1 6
20140221 1 8 4 1 6 4
20140221 2 2 7 4 2 5
20140221 3 2 8 9 2 6
20140221 4 2 5 7 2 4
20140221 5 3 9 7 3 6
20140221 6 3 2 5 3 2
20140221 7 8 2 5 6 2
20140221 8 2 1 5 2 1
20140221 9 1 3 7 1 3
20140221 10 4 9 1 4 6
20140221 11 2 8 5 2 6
20140301 1 9 2 3 6 2
20140301 2 1 4 3 1 4
20140301 3 1 8 5 1 6
20140301 4 3 5 4 3 4
20140301 5 3 5 7 3 4
20140301 6 7 5 8 5 4
20140301 7 5 1 4 4 1
20140301 8 7 1 5 5 1
20140301 9 7 9 4 5 6
20140301 10 1 3 7 1 3
20140301 11 7 2 5 5 2
20140302 1 8 1 4 6 1
20140302 2 9 1 5 6 1
20140302 3 6 2 7 5 2
20140302 4 3 9 5 3 6
20140302 5 1 9 5 1 6
20140302 6 2 9 3 2 6
20140302 7 3 1 5 3 1
20140302 8 3 2 1 3 2
20140302 9 7 5 8 5 4
20140302 10 9 6 1 6 5
20140302 11 9 2 1 6 2
20140303 1 8 3 1 6 3
20140303 2 7 3 1 5 3
20140303 3 5 1 2 4 1
20140303 4 3 1 7 3 1
20140303 5 4 1 8 4 1
20140303 6 9 2 6 6 2
20140303 7 1 8 7 1 6
20140303 8 7 3 9 5 3
20140303 9 4 1 9 4 1
20140303 10 1 9 7 1 6
20140303 11 2 9 1 2 6
20140315 1 1 4 5 0 0
20140315 2 7 2 4 0 0
20140315 3 2 1 7 0 0
20140315 4 7 5 1 0 0
20140315 5 2 5 1 0 0
20140315 6 2 9 7 2 6
20140315 7 9 2 1 6 2
20140315 8 5 7 1 4 5
20140315 9 2 7 1 2 5
20140315 10 2 4 9 2 4
20140316 1 3 7 1 0 0
20140316 2 4 5 7 0 0
20140316 3 3 7 1 0 0
20140316 4 1 5 7 0 0
20140316 5 5 3 4 0 0
20140316 6 3 8 2 3 6
20140316 7 2 9 5 2 6
20140316 8 4 3 9 4 3
20140316 9 1 5 7 1 4
20140316 10 8 3 9 6 3
20140317 1 1 7 2 0 0
20140317 2 7 5 4 0 0
20140317 3 5 6 1 0 0
20140317 4 1 5 3 0 0
20140317 5 7 4 1 5 4
20140317 6 1 5 9 1 4
20140317 7 1 9 4 1 6
20140317 8 9 3 8 6 3
20140317 9 3 7 2 0 0
20140317 10 8 2 5 6 2
20140402 1 2 7 3 2 5
20140402 2 1 3 9 1 3
20140402 3 9 1 3 6 1
20140402 4 3 9 5 3 6
20140402 5 2 7 8 2 5
20140402 6 6 2 1 5 2
20140402 7 1 8 4 1 6
20140402 8 2 1 7 2 1
20140402 9 7 2 5 5 2
20140402 10 3 5 7 3 4
20140402 11 1 5 2 1 4
20140403 1 6 5 9 5 4
20140403 2 4 1 2 4 1
20140403 3 3 9 2 3 6
20140403 4 3 4 1 3 4
20140403 5 2 5 3 2 4
20140403 6 2 9 3 2 6
20140403 7 7 9 1 5 6
20140403 8 9 5 8 6 4
20140403 9 9 3 4 6 3
20140403 10 2 1 8 2 1
20140403 11 9 3 5 6 3
20140404 1 7 4 3 5 4
20140404 2 1 5 2 1 4
20140404 3 5 2 1 4 2
20140404 4 5 6 2 4 5
20140404 5 1 3 9 1 3
20140404 6 3 5 2 3 4
20140404 7 2 9 3 2 6
20140404 8 5 3 4 4 3
20140404 9 9 3 1 6 3
20140404 10 3 1 9 3 1
20140404 11 2 1 4 2 1
20140413 1 3 2 4 3 2
20140413 2 1 9 5 1 6
20140413 3 3 7 1 3 5
20140413 4 8 2 9 6 2
20140413 5 5 8 7 4 6
20140413 6 3 7 1 3 5
20140413 7 2 6 4 2 5
20140413 8 3 5 2 3 4
20140413 9 9 2 5 6 2
20140413 10 1 3 9 1 3
20140413 11 2 9 6 2 6
20140414 1 3 2 7 3 2
20140414 2 1 7 9 1 5
20140414 3 2 7 1 2 5
20140414 4 1 5 7 1 4
20140414 5 5 8 2 4 6
20140414 6 3 7 4 3 5
20140414 7 1 7 2 1 5
20140414 8 2 7 1 2 5
20140414 9 9 5 1 6 4
20140414 10 2 6 9 2 5
20140414 11 5 1 7 4 1
20140415 1 3 9 7 3 6
20140415 2 7 3 9 5 3
20140415 3 2 9 3 2 6
20140415 4 7 2 3 5 2
20140415 5 1 7 9 1 5
20140415 6 4 6 2 4 5
20140415 7 5 9 1 4 6
20140415 8 2 3 5 2 3
20140415 9 5 3 4 4 3
20140415 10 3 7 2 3 5
20140415 11 2 8 6 2 6
20140609 1 1 9 3 1 6
20140609 2 2 7 5 2 5
20140609 3 1 2 5 1 2
20140609 4 2 7 1 2 5
20140609 5 9 2 7 6 2
20140609 6 7 3 5 5 3
20140609 7 2 8 1 2 6
20140609 8 5 6 3 4 5
20140609 9 5 9 1 4 6
20140609 10 2 9 7 2 6
20140609 11 9 2 3 6 2
20140610 1 7 3 1 5 3
20140610 2 5 1 2 4 1
20140610 3 5 1 2 4 1
20140610 4 3 5 7 3 4
20140610 5 1 7 3 1 5
20140610 6 2 7 9 2 5
20140610 7 9 3 2 6 3
20140610 8 3 6 9 3 5
20140610 9 7 2 8 5 2
20140610 10 7 1 8 5 1
20140610 11 8 5 3 6 4
20140611 1 2 4 1 2 4
20140611 2 7 4 2 6 4
20140611 3 9 5 3 6 4
20140611 4 6 3 2 5 3
20140611 5 2 9 6 2 6
20140611 6 4 7 2 4 5
20140611 7 5 2 3 4 2
20140611 8 1 8 6 1 6
20140611 9 7 5 8 5 4
20140611 10 5 3 2 4 3
20140611 11 4 5 6 4 4
20140621 1 9 5 3 6 4
20140621 2 9 1 5 6 1
20140621 3 2 7 8 2 5
20140621 4 3 7 8 3 5
20140621 5 1 9 2 1 6
20140621 6 4 6 2 4 5
20140621 7 9 5 3 6 4
20140621 8 1 9 7 1 6
20140621 9 1 5 9 1 4
20140621 10 1 3 7 1 3
20140621 11 7 3 9 5 3
20140621 12 3 2 9 3 2
20140622 1 1 2 3 1 2
20140622 2 5 8 9 4 6
20140622 3 7 2 3 5 2
20140622 4 9 1 7 6 1
20140622 5 3 1 7 3 1
20140622 6 3 7 1 3 5
20140622 7 1 5 2 1 4
20140622 8 2 5 9 2 4
20140622 9 6 1 9 5 1
20140622 10 9 7 4 6 5
20140622 11 2 9 7 2 6
20140622 12 9 3 8 6 3
20140623 1 9 1 7 6 1
20140623 2 9 2 3 6 2
20140623 3 3 7 5 3 5
20140623 4 3 1 7 3 1
20140623 5 8 7 9 6 5
20140623 6 9 1 7 6 1
20140623 7 5 9 2 4 6
20140623 8 3 8 1 3 6
20140623 9 2 6 8 2 5
20140623 10 3 2 7 3 2
20140623 11 2 1 5 2 1
20140623 12 9 6 5 6 5
20140624 1 1 9 7 1 6
20140624 2 1 2 4 1 2
20140624 3 9 7 3 6 5
20140624 4 2 9 1 2 6
20140624 5 7 2 1 5 2
20140624 6 4 6 5 4 5
20140624 7 1 3 7 1 3
20140624 8 2 3 7 2 3
20140624 9 5 6 1 4 5
20140624 10 3 2 7 3 2
20140624 11 1 4 9 1 4
20140624 12 1 7 9 1 5
20141101 1 2 1 4 0 0
20141101 2 3 1 7 0 0
20141101 3 5 2 1 0 0
20141101 4 1 4 7 0 0
20141101 5 1 3 4 0 0
20141101 6 9 3 2 6 3
20141101 7 2 5 9 2 4
20141101 8 7 3 2 5 3
20141101 9 3 1 7 3 1
20141101 10 2 5 6 2 4
20141102 1 2 4 5 0 0
20141102 2 7 2 3 0 0
20141102 3 4 2 1 0 0
20141102 4 2 7 5 0 0
20141102 5 5 3 4 0 0
20141102 6 6 8 4 5 6
20141102 7 7 1 5 5 1
20141102 8 7 1 3 5 1
20141102 9 4 3 5 4 3
20141102 10 5 1 9 4 1
20141103 1 4 3 7 0 0
20141103 2 3 2 4 0 0
20141103 3 7 1 2 0 0
20141103 4 5 1 2 0 0
20141103 5 3 5 8 3 4
20141103 6 9 2 7 6 2
20141103 7 8 7 5 6 5
20141103 8 3 1 6 3 1
20141103 9 2 1 3 0 0
20141103 10 7 3 1 5 3
20141107 1 3 1 2 0 0
20141107 2 2 1 5 0 0
20141107 3 3 5 1 0 0
20141107 4 1 7 3 0 0
20141107 5 2 5 4 0 0
20141107 6 5 1 6 4 1
20141107 7 1 7 8 1 5
20141107 8 1 7 8 1 5
20141107 9 2 8 6 2 6
20141107 10 1 7 3 1 5
20141108 1 5 3 1 0 0
20141108 2 5 2 7 0 0
20141108 3 1 3 6 0 0
20141108 4 3 5 2 0 0
20141108 5 1 4 7 0 0
20141108 6 3 5 4 3 4
20141108 7 5 1 2 4 1
20141108 8 5 2 4 4 2
20141108 9 3 4 9 3 4
20141108 10 1 9 7 1 6
20141109 1 4 2 3 0 0
20141109 2 5 7 1 0 0
20141109 3 3 5 1 0 0
20141109 4 7 5 6 0 0
20141109 5 3 7 1 3 5
20141109 6 9 7 2 6 5
20141109 7 1 7 5 1 5
20141109 8 2 1 3 2 1
20141109 9 2 5 3 0 0
20141109 10 2 7 5 2 5
20141113 1 7 2 4 0 0
20141113 2 1 4 2 0 0
20141113 3 4 7 2 0 0
20141113 4 7 5 2 0 0
20141113 5 3 1 4 0 0
20141113 6 1 2 3 1 2
20141113 7 2 1 5 2 1
20141113 8 9 5 2 6 4
20141113 9 3 7 9 3 5
20141113 10 5 8 2 4 6
20141114 1 3 6 2 0 0
20141114 2 3 7 2 0 0
20141114 3 5 1 4 0 0
20141114 4 1 7 2 0 0
20141114 5 1 4 2 0 0
20141114 6 8 9 1 6 6
20141114 7 9 7 4 6 5
20141114 8 1 3 2 1 3
20141114 9 1 3 2 1 3
20141114 10 3 9 4 3 6
20141115 1 3 7 5 0 0
20141115 2 1 5 7 0 0
20141115 3 7 4 1 0 0
20141115 4 3 5 1 0 0
20141115 5 9 5 1 6 4
20141115 6 5 1 8 4 1
20141115 7 5 9 1 4 6
20141115 8 9 3 1 6 3
20141115 9 4 7 1 0 0
20141115 10 2 4 9 2 4
20141208 1 3 5 1 0 0
20141208 2 1 5 2 0 0
20141208 3 7 1 5 0 0
20141208 4 5 2 4 0 0
20141208 5 3 7 1 0 0
20141208 6 2 5 9 2 4
20141208 7 1 7 5 1 5
20141208 8 1 3 9 1 3
20141208 9 7 1 8 5 1
20141208 10 1 2 4 1 2
20141209 1 4 5 6 0 0
20141209 2 5 1 4 0 0
20141209 3 2 6 1 0 0
20141209 4 1 2 5 0 0
20141209 5 2 4 5 0 0
20141209 6 3 2 9 3 2
20141209 7 3 7 9 3 5
20141209 8 2 5 7 2 4
20141209 9 3 5 9 3 4
20141209 10 2 5 7 2 4
20141210 1 1 5 2 0 0
20141210 2 3 5 7 0 0
20141210 3 5 4 6 0 0
20141210 4 4 1 2 0 0
20141210 5 9 3 8 6 3
20141210 6 1 9 2 1 6
20141210 7 2 1 5 2 1
20141210 8 2 3 5 2 3
20141210 9 5 3 1 0 0
20141210 10 2 5 7 2 4
20141215 1 1 5 2 1 4
20141215 2 5 3 9 4 3
20141215 3 2 7 3 2 5
20141215 4 3 1 5 3 1
20141215 5 2 1 3 2 1
20141215 6 1 7 3 1 5
20141215 7 1 9 7 1 6
20141215 8 2 1 7 2 1
20141215 9 3 7 4 3 5
20141215 10 4 3 1 4 3
20141215 11 1 4 8 1 4
20141216 1 3 1 7 3 1
20141216 2 1 5 4 1 4
20141216 3 8 3 5 6 3
20141216 4 9 5 7 6 4
20141216 5 5 8 4 4 6
20141216 6 1 8 9 1 6
20141216 7 4 2 9 4 2
20141216 8 9 1 7 6 1
20141216 9 1 7 9 1 5
20141216 10 7 5 2 5 4
20141216 11 5 2 7 4 2
20141217 1 2 8 3 2 6
20141217 2 1 9 5 1 6
20141217 3 2 5 7 2 4
20141217 4 1 9 2 1 6
20141217 5 9 1 5 6 1
20141217 6 9 3 4 6 3
20141217 7 9 7 1 6 5
20141217 8 5 2 4 4 2
20141217 9 3 5 9 3 4
20141217 10 1 5 2 1 4
20141217 11 2 3 5 2 3
20141231 1 5 9 2 4 6
20141231 2 9 5 2 6 4
20141231 3 2 6 9 2 5
20141231 4 1 5 9 1 4
20141231 5 7 9 1 5 6
20141231 6 9 5 8 6 4
20141231 7 7 2 1 5 2
20141231 8 3 7 8 3 5
20141231 9 5 9 1 4 6
20141231 10 7 3 9 5 3
20141231 11 7 5 2 5 4
20150101 1 1 5 9 1 4
20150101 2 8 9 5 6 6
20150101 3 3 7 9 3 5
20150101 4 6 1 5 5 1
20150101 5 3 1 4 3 1
20150101 6 7 4 2 5 4
20150101 7 2 5 7 2 4
20150101 8 3 4 7 3 4
20150101 9 7 1 4 5 1
20150101 10 2 3 8 2 3
20150101 11 3 5 7 3 4
20150102 1 3 5 8 3 4
20150102 2 3 1 2 3 1
20150102 3 7 1 2 5 1
20150102 4 1 4 9 1 4
20150102 5 9 7 6 6 5
20150102 6 9 4 1 6 4
20150102 7 7 3 1 5 3
20150102 8 9 7 3 6 5
20150102 9 3 7 8 3 5
20150102 10 1 5 8 1 4
20150102 11 1 3 2 1 3
20150106 1 7 2 1 0 0
20150106 2 5 2 3 0 0
20150106 3 7 5 2 0 0
20150106 4 1 3 7 0 0
20150106 5 2 3 7 0 0
20150106 6 3 9 7 3 6
20150106 7 3 1 9 3 1
20150106 8 1 7 9 1 5
20150106 9 1 7 8 1 5
20150106 10 9 2 5 6 2
20150107 1 7 1 5 0 0
20150107 2 2 5 7 0 0
20150107 3 3 5 7 0 0
20150107 4 5 1 7 0 0
20150107 5 1 4 2 0 0
20150107 6 1 5 2 1 4
20150107 7 7 4 3 5 4
20150107 8 9 7 6 6 5
20150107 9 9 3 2 6 3
20150107 10 7 1 4 5 1
20150108 1 5 1 4 0 0
20150108 2 1 4 7 0 0
20150108 3 4 1 3 0 0
20150108 4 5 1 6 0 0
20150108 5 1 9 2 1 6
20150108 6 2 5 7 2 4
20150108 7 2 1 7 2 1
20150108 8 1 8 4 1 6
20150108 9 3 2 6 0 0
20150108 10 1 5 3 1 4
20150131 1 7 3 2 0 0
20150131 2 2 6 1 0 0
20150131 3 3 5 4 0 0
20150131 4 1 7 3 0 0
20150131 5 3 5 4 0 0
20150131 6 7 2 4 5 2
20150131 7 7 3 2 5 3
20150131 8 9 4 7 6 4
20150131 9 8 1 2 6 1
20150131 10 9 5 7 6 4
20150201 1 3 4 7 0 0
20150201 2 5 7 2 0 0
20150201 3 6 3 4 0 0
20150201 4 7 5 1 0 0
20150201 5 5 4 2 0 0
20150201 6 7 4 3 5 4
20150201 7 1 7 9 1 5
20150201 8 7 1 9 5 1
20150201 9 6 2 1 5 2
20150201 10 1 2 3 1 2
20150202 1 1 5 2 0 0
20150202 2 4 3 1 0 0
20150202 3 2 4 7 0 0
20150202 4 2 7 1 0 0
20150202 5 3 5 6 3 4
20150202 6 2 7 5 2 5
20150202 7 7 4 9 5 4
20150202 8 3 6 4 3 5
20150202 9 7 3 5 0 0
20150202 10 1 4 5 1 4
20150223 1 2 5 3 0 0
20150223 2 2 5 6 0 0
20150223 3 3 5 4 0 0
20150223 4 1 6 3 0 0
20150223 5 1 5 3 0 0
20150223 6 5 9 2 4 6
20150223 7 2 7 4 2 5
20150223 8 1 9 2 1 6
20150223 9 1 7 9 1 5
20150223 10 7 3 8 5 3
20150224 1 1 4 7 0 0
20150224 2 3 5 6 0 0
20150224 3 7 3 1 0 0
20150224 4 4 1 2 0 0
20150224 5 6 2 1 0 0
20150224 6 4 9 6 4 6
20150224 7 5 1 7 4 1
20150224 8 7 3 2 5 3
20150224 9 5 2 3 4 2
20150224 10 3 7 1 3 5
20150225 1 1 6 4 0 0
20150225 2 1 7 4 0 0
20150225 3 3 5 4 0 0
20150225 4 5 1 6 0 0
20150225 5 1 7 4 1 5
20150225 6 2 3 5 2 3
20150225 7 9 1 7 6 1
20150225 8 2 5 1 2 4
20150225 9 2 5 4 0 0
20150225 10 9 3 1 6 3
20150301 1 2 7 3 0 0
20150301 2 5 2 4 0 0
20150301 3 1 4 7 0 0
20150301 4 1 3 7 0 0
20150301 5 2 4 5 0 0
20150301 6 5 1 2 4 1
20150301 7 1 7 3 1 5
20150301 8 5 1 3 4 1
20150301 9 5 2 3 4 2
20150301 10 3 7 8 3 5
20150302 1 4 3 5 0 0
20150302 2 6 2 4 0 0
20150302 3 2 1 5 0 0
20150302 4 4 3 2 0 0
20150302 5 5 7 2 0 0
20150302 6 2 9 4 2 6
20150302 7 7 9 3 5 6
20150302 8 3 4 7 3 4
20150302 9 9 1 5 6 1
20150302 10 5 7 8 4 5
20150303 1 1 4 7 0 0
20150303 2 1 3 5 0 0
20150303 3 5 3 7 0 0
20150303 4 2 6 4 0 0
20150303 5 6 3 7 5 3
20150303 6 5 9 1 4 6
20150303 7 8 9 6 6 6
20150303 8 3 9 5 3 6
20150303 9 2 1 7 0 0
20150303 10 2 4 3 2 4
20150309 1 2 5 7 0 0
20150309 2 2 3 7 0 0
20150309 3 4 7 2 0 0
20150309 4 7 4 2 0 0
20150309 5 1 5 3 0 0
20150309 6 3 9 7 3 6
20150309 7 2 9 1 2 6
20150309 8 7 1 5 5 1
20150309 9 1 2 3 1 2
20150309 10 3 6 4 3 5
20150310 1 1 3 2 0 0
20150310 2 3 5 4 0 0
20150310 3 4 1 7 0 0
20150310 4 5 7 1 0 0
20150310 5 2 4 3 0 0
20150310 6 7 5 1 5 4
20150310 7 9 7 3 6 5
20150310 8 9 2 3 6 2
20150310 9 6 8 4 5 6
20150310 10 7 2 5 5 2
20150311 1 5 2 1 0 0
20150311 2 4 1 5 0 0
20150311 3 6 1 4 0 0
20150311 4 7 1 6 0 0
20150311 5 3 2 1 3 2
20150311 6 5 9 1 4 6
20150311 7 3 9 7 3 6
20150311 8 2 3 1 2 3
20150311 9 4 5 2 0 0
20150311 10 1 9 5 1 6
20150326 1 5 1 7 4 1
20150326 2 7 4 3 5 4
20150326 3 9 7 1 6 5
20150326 4 7 1 2 5 1
20150326 5 7 2 5 5 2
20150326 6 7 1 4 5 1
20150326 7 2 5 9 2 4
20150326 8 4 2 3 4 2
20150326 9 3 2 1 3 2
20150326 10 2 9 5 2 6
20150326 11 4 8 3 4 6
20150327 1 9 7 1 6 5
20150327 2 7 2 8 5 2
20150327 3 7 3 1 5 3
20150327 4 1 3 9 1 3
20150327 5 4 8 1 4 6
20150327 6 7 1 2 5 1
20150327 7 3 9 8 3 6
20150327 8 2 7 6 2 5
20150327 9 1 5 3 1 4
20150327 10 3 5 1 3 4
20150327 11 3 4 2 3 4
20150328 1 3 8 2 3 6
20150328 2 8 6 7 6 5
20150328 3 2 4 1 2 4
20150328 4 6 5 1 5 4
20150328 5 9 3 7 6 3
20150328 6 3 1 4 3 1
20150328 7 8 2 5 6 2
20150328 8 8 4 5 6 4
20150328 9 7 3 4 5 3
20150328 10 2 9 3 2 6
20150328 11 7 4 6 5 4
20150404 1 1 7 5 0 0
20150404 2 5 7 2 0 0
20150404 3 2 3 1 0 0
20150404 4 7 1 2 0 0
20150404 5 1 5 2 0 0
20150404 6 5 2 8 4 2
20150404 7 5 2 4 4 2
20150404 8 1 2 3 1 2
20150404 9 2 5 1 2 4
20150404 10 3 9 4 3 6
20150405 1 4 1 7 0 0
20150405 2 1 3 5 0 0
20150405 3 5 3 1 0 0
20150405 4 3 4 7 0 0
20150405 5 3 5 2 0 0
20150405 6 1 5 8 1 4
20150405 7 9 3 2 6 3
20150405 8 3 2 1 3 2
20150405 9 3 1 7 3 1
20150405 10 2 9 7 2 6
20150406 1 7 5 1 0 0
20150406 2 3 4 2 0 0
20150406 3 7 3 4 0 0
20150406 4 5 3 6 0 0
20150406 5 2 5 7 2 5
20150406 6 1 7 2 1 5
20150406 7 5 9 1 4 6
20150406 8 2 3 7 2 3
20150406 9 2 4 5 0 0
20150406 10 9 7 2 6 5
20150412 1 3 2 5 0 0
20150412 2 4 3 7 0 0
20150412 3 7 4 1 0 0
20150412 4 4 2 3 0 0
20150412 5 3 7 2 0 0
20150412 6 9 2 7 6 2
20150412 7 5 7 9 4 5
20150412 8 9 7 1 6 5
20150412 9 9 5 3 6 4
20150412 10 7 1 6 5 1
20150413 1 7 3 6 0 0
20150413 2 3 7 1 0 0
20150413 3 7 2 1 0 0
20150413 4 2 7 3 0 0
20150413 5 3 5 2 0 0
20150413 6 6 3 9 5 3
20150413 7 5 1 8 4 1
20150413 8 2 1 3 2 1
20150413 9 7 1 2 5 1
20150413 10 1 2 5 1 2
20150414 1 5 1 4 0 0
20150414 2 5 4 7 0 0
20150414 3 1 6 7 0 0
20150414 4 1 7 4 0 0
20150414 5 3 7 9 3 5
20150414 6 2 5 9 2 4
20150414 7 7 2 1 5 2
20150414 8 1 4 2 1 4
20150414 9 5 7 4 0 0
20150414 10 2 5 6 2 4
20150420 1 1 7 5 1 5
20150420 2 1 9 7 1 6
20150420 3 2 7 4 2 5
20150420 4 9 3 7 6 3
20150420 5 3 2 7 3 2
20150420 6 3 5 4 3 4
20150420 7 3 7 9 3 5
20150420 8 2 9 3 2 6
20150420 9 3 9 2 3 6
20150420 10 2 3 5 2 3
20150420 11 3 9 6 3 6
20150421 1 3 8 5 3 6
20150421 2 2 5 6 2 4
20150421 3 3 2 1 3 2
20150421 4 2 9 7 2 6
20150421 5 3 7 2 3 5
20150421 6 2 9 7 2 6
20150421 7 2 9 1 2 6
20150421 8 7 1 3 5 1
20150421 9 9 3 1 6 3
20150421 10 1 2 8 1 2
20150421 11 2 6 9 2 5
20150422 1 3 1 6 3 1
20150422 2 9 7 8 6 5
20150422 3 2 4 8 2 4
20150422 4 1 2 9 1 2
20150422 5 1 7 6 1 5
20150422 6 3 2 1 3 2
20150422 7 5 7 3 4 5
20150422 8 3 9 1 3 6
20150422 9 9 1 4 6 1
20150422 10 7 2 6 5 2
20150422 11 3 9 5 3 6
20150501 1 4 2 3 0 0
20150501 2 6 5 1 0 0
20150501 3 5 3 7 0 0
20150501 4 5 1 7 0 0
20150501 5 1 4 7 0 0
20150501 6 7 3 8 5 3
20150501 7 3 1 4 3 1
20150501 8 2 4 5 2 4
20150501 9 5 1 7 4 1
20150501 10 9 5 4 6 4
20150502 1 4 1 7 0 0
20150502 2 7 1 4 0 0
20150502 3 1 5 3 0 0
20150502 4 1 2 4 0 0
20150502 5 5 3 1 0 0
20150502 6 7 3 9 5 3
20150502 7 5 1 6 4 1
20150502 8 5 7 3 4 5
20150502 9 5 2 7 4 2
20150502 10 4 1 7 4 1
20150503 1 4 2 6 0 0
20150503 2 5 2 1 0 0
20150503 3 4 2 5 0 0
20150503 4 2 1 6 0 0
20150503 5 2 6 3 2 5
20150503 6 7 3 5 5 3
20150503 7 9 3 4 6 3
20150503 8 5 3 2 4 3
20150503 9 1 2 6 0 0
20150503 10 1 3 7 1 3
20150622 1 2 1 5 2 1
20150622 2 7 1 2 5 1
20150622 3 2 4 9 2 4
20150622 4 7 2 1 5 2
20150622 5 5 1 4 4 1
20150622 6 1 7 2 1 5
20150622 7 9 4 5 6 4
20150622 8 3 5 8 3 4
20150622 9 2 1 7 2 1
20150622 10 7 1 9 5 1
20150622 11 7 9 5 5 6
20150623 1 5 3 9 4 3
20150623 2 5 9 4 4 6
20150623 3 3 2 9 3 2
20150623 4 2 5 7 2 4
20150623 5 3 1 5 3 1
20150623 6 9 7 3 6 5
20150623 7 3 5 2 3 5
20150623 8 5 6 1 4 5
20150623 9 5 9 1 4 6
20150623 10 5 3 9 4 3
20150623 11 2 3 9 2 3
20150624 1 3 9 5 3 6
20150624 2 2 1 7 2 1
20150624 3 4 1 3 4 1
20150624 4 3 5 2 3 4
20150624 5 1 3 7 1 3
20150624 6 7 1 9 5 1
20150624 7 5 1 6 4 1
20150624 8 2 6 8 2 5
20150624 9 8 9 1 6 6
20150624 10 9 3 4 6 3
20150624 11 4 9 2 4 6
