20120403 1 7 5 3 0 0
20120403 2 4 3 5 0 0
20120403 3 1 3 7 0 0
20120403 4 4 7 1 0 0
20120403 5 5 2 4 0 0
20120403 6 9 7 5 6 5
20120403 7 3 1 5 3 1
20120403 8 1 3 7 1 3
20120403 9 9 2 3 6 2
20120403 10 5 2 1 4 2
20120403 11 5 8 7 4 6
20120404 1 7 1 2 0 0
20120404 2 3 7 5 0 0
20120404 3 2 3 5 0 0
20120404 4 5 3 1 0 0
20120404 5 1 5 4 0 0
20120404 6 1 5 8 1 4
20120404 7 9 1 2 6 1
20120404 8 3 9 5 3 6
20120404 9 3 8 2 3 6
20120404 10 1 7 9 1 5
20120404 11 7 2 3 5 2
20120405 1 3 4 2 0 0
20120405 2 4 5 2 0 0
20120405 3 5 2 3 0 0
20120405 4 7 4 1 0 0
20120405 5 5 1 7 4 1
20120405 6 9 3 2 6 3
20120405 7 3 4 1 0 0
20120405 8 3 7 4 3 5
20120405 9 9 1 7 6 1
20120405 10 9 3 5 6 3
20120405 11 9 3 2 6 3
20120419 1 1 7 3 1 5
20120419 2 5 7 9 4 5
20120419 3 7 3 8 5 3
20120419 4 1 9 5 1 6
20120419 5 2 5 7 2 4
20120419 6 7 9 3 5 6
20120419 7 7 2 5 5 2
20120419 8 5 9 2 4 6
20120419 9 3 1 6 3 1
20120419 10 3 4 6 3 4
20120419 11 3 2 9 3 2
20120420 1 3 2 6 3 2
20120420 2 7 3 9 5 3
20120420 3 5 2 1 4 2
20120420 4 7 3 4 5 3
20120420 5 9 1 3 6 1
20120420 6 9 5 3 6 4
20120420 7 1 7 9 1 5
20120420 8 7 2 6 5 2
20120420 9 9 1 5 6 1
20120420 10 5 7 1 4 5
20120420 11 2 8 4 2 6
20120421 1 3 4 8 3 4
20120421 2 9 5 3 6 4
20120421 3 2 1 3 2 1
20120421 4 9 4 1 6 4
20120421 5 1 7 2 1 5
20120421 6 2 7 1 2 5
20120421 7 7 1 3 5 1
20120421 8 3 9 4 3 6
20120421 9 2 3 7 2 3
20120421 10 2 7 6 2 5
20120421 11 7 5 3 5 4
20120422 1 2 7 8 2 5
20120422 2 3 8 4 3 6
20120422 3 6 9 2 5 6
20120422 4 8 3 5 6 3
20120422 5 2 1 4 2 1
20120422 6 7 5 8 5 4
20120422 7 1 7 9 1 5
20120422 8 5 9 2 4 6
20120422 9 7 3 1 5 3
20120422 10 9 3 2 6 3
20120422 11 2 3 8 2 3
20120514 1 2 3 5 2 3
20120514 2 7 2 3 5 2
20120514 3 2 3 4 2 3
20120514 4 3 1 2 3 1
20120514 5 5 1 2 4 1
20120514 6 2 3 7 2 3
20120514 7 7 1 9 5 1
20120514 8 7 2 1 5 2
20120514 9 1 8 7 1 6
20120514 10 2 9 5 2 6
20120514 11 1 9 5 1 6
20120514 12 5 2 4 4 2
20120515 1 2 7 9 2 5
20120515 2 2 3 1 2 3
20120515 3 3 7 9 3 5
20120515 4 2 4 9 2 4
20120515 5 9 1 3 6 1
20120515 6 1 3 7 1 3
20120515 7 2 4 9 2 4
20120515 8 2 6 3 2 5
20120515 9 9 2 1 6 2
20120515 10 2 5 3 2 4
20120515 11 1 5 7 1 4
20120515 12 9 3 7 6 3
20120516 1 4 3 9 4 3
20120516 2 6 1 2 5 1
20120516 3 3 2 5 3 2
20120516 4 9 1 3 6 1
20120516 5 1 5 7 1 4
20120516 6 3 9 5 3 6
20120516 7 2 1 3 2 1
20120516 8 2 5 9 2 4
20120516 9 2 3 9 2 3
20120516 10 3 2 5 3 2
20120516 11 5 2 4 4 2
20120516 12 2 1 4 2 1
20120611 1 1 2 4 0 0
20120611 2 4 7 3 0 0
20120611 3 2 4 1 0 0
20120611 4 3 2 6 0 0
20120611 5 5 3 7 0 0
20120611 6 3 6 8 3 5
20120611 7 7 2 3 5 2
20120611 8 2 1 5 2 1
20120611 9 5 3 7 4 3
20120611 10 3 9 4 3 6
20120611 11 3 5 7 3 4
20120612 1 3 5 2 0 0
20120612 2 7 2 1 0 0
20120612 3 2 3 4 0 0
20120612 4 1 4 3 0 0
20120612 5 5 2 3 0 0
20120612 6 5 9 3 4 6
20120612 7 2 5 3 2 4
20120612 8 8 3 1 6 3
20120612 9 9 1 5 6 1
20120612 10 3 1 4 3 1
20120612 11 1 3 5 1 3
20120613 1 1 6 4 0 0
20120613 2 5 1 3 0 0
20120613 3 3 5 1 0 0
20120613 4 1 7 2 0 0
20120613 5 3 5 6 3 4
20120613 6 1 9 2 1 6
20120613 7 1 5 4 0 0
20120613 8 9 7 5 6 5
20120613 9 7 3 1 5 3
20120613 10 1 5 3 1 4
20120613 11 8 2 6 6 2
20120717 1 7 2 1 5 2
20120717 2 7 2 3 5 2
20120717 3 6 3 9 5 3
20120717 4 9 3 1 6 3
20120717 5 5 1 3 4 1
20120717 6 5 7 1 4 5
20120717 7 8 2 7 6 2
20120717 8 4 9 5 4 6
20120717 9 7 5 4 5 4
20120717 10 3 5 1 3 4
20120717 11 3 2 9 3 2
20120718 1 2 4 5 2 4
20120718 2 3 9 6 3 6
20120718 3 8 3 5 6 3
20120718 4 1 6 7 1 5
20120718 5 4 7 9 4 5
20120718 6 2 1 5 2 1
20120718 7 3 2 7 3 2
20120718 8 2 9 5 2 6
20120718 9 1 8 5 1 6
20120718 10 1 9 7 1 6
20120718 11 5 2 1 4 2
20120719 1 1 7 5 1 5
20120719 2 5 2 3 4 2
20120719 3 5 2 7 4 2
20120719 4 7 5 4 5 4
20120719 5 7 5 1 5 4
20120719 6 3 6 7 3 5
20120719 7 2 7 3 2 5
20120719 8 2 4 6 2 4
20120719 9 7 3 8 5 3
20120719 10 8 1 4 6 1
20120719 11 3 2 9 3 2
20120812 1 3 5 2 0 0
20120812 2 4 1 2 0 0
20120812 3 2 7 6 0 0
20120812 4 7 1 4 0 0
20120812 5 4 2 7 0 0
20120812 6 1 5 9 1 4
20120812 7 5 2 7 4 2
20120812 8 3 1 9 3 1
20120812 9 9 2 5 6 2
20120812 10 9 3 7 6 3
20120812 11 1 9 6 1 6
20120813 1 5 3 4 0 0
20120813 2 2 7 5 0 0
20120813 3 4 2 1 0 0
20120813 4 2 3 5 0 0
20120813 5 3 2 7 0 0
20120813 6 7 2 8 5 2
20120813 7 2 8 4 2 6
20120813 8 3 5 7 3 4
20120813 9 4 3 5 4 3
20120813 10 2 9 1 2 6
20120813 11 3 7 5 3 5
20120814 1 1 7 2 0 0
20120814 2 7 1 4 0 0
20120814 3 3 5 4 0 0
20120814 4 7 6 1 0 0
20120814 5 1 6 2 1 5
20120814 6 9 6 8 6 5
20120814 7 2 7 3 0 0
20120814 8 2 1 5 2 1
20120814 9 3 9 4 3 6
20120814 10 8 5 2 6 4
20120814 11 9 2 4 6 2
20120822 1 9 1 4 6 1
20120822 2 3 9 7 3 6
20120822 3 5 1 7 4 1
20120822 4 7 8 1 5 6
20120822 5 2 7 1 2 5
20120822 6 7 4 8 5 4
20120822 7 8 7 3 6 5
20120822 8 3 6 2 3 5
20120822 9 1 2 4 1 2
20120822 10 2 5 7 2 4
20120822 11 5 1 3 4 1
20120823 1 3 9 2 3 6
20120823 2 2 9 4 2 6
20120823 3 2 9 5 2 6
20120823 4 5 1 7 4 1
20120823 5 9 3 7 6 3
20120823 6 2 9 1 2 6
20120823 7 2 4 3 2 4
20120823 8 7 9 4 5 6
20120823 9 2 3 1 2 3
20120823 10 2 5 1 2 4
20120823 11 9 5 2 6 4
20120824 1 2 9 8 2 6
20120824 2 7 5 8 5 4
20120824 3 7 4 5 5 4
20120824 4 2 5 9 2 4
20120824 5 1 9 7 1 6
20120824 6 1 7 4 1 5
20120824 7 7 2 3 5 2
20120824 8 2 1 6 2 1
20120824 9 5 7 3 4 5
20120824 10 3 5 1 3 4
20120824 11 9 1 2 6 1
20120910 1 5 1 7 0 0
20120910 2 7 2 4 0 0
20120910 3 5 1 2 0 0
20120910 4 2 4 1 0 0
20120910 5 3 5 7 0 0
20120910 6 9 3 4 6 3
20120910 7 1 3 5 1 3
20120910 8 7 1 2 5 1
20120910 9 9 5 2 6 4
20120910 10 2 7 9 2 5
20120910 11 9 4 7 6 4
20120911 1 2 5 4 0 0
20120911 2 5 2 1 0 0
20120911 3 6 3 1 0 0
20120911 4 5 4 1 0 0
20120911 5 5 7 1 0 0
20120911 6 7 1 3 5 1
20120911 7 5 7 3 4 5
20120911 8 3 2 7 3 2
20120911 9 5 1 9 4 1
20120911 10 9 1 5 6 1
20120911 11 9 2 1 6 2
20120912 1 2 3 5 0 0
20120912 2 1 3 5 0 0
20120912 3 4 3 5 0 0
20120912 4 5 7 1 0 0
20120912 5 1 5 2 1 4
20120912 6 1 2 5 1 2
20120912 7 4 1 5 0 0
20120912 8 1 8 5 1 6
20120912 9 3 1 5 3 1
20120912 10 9 7 3 6 5
20120912 11 3 6 5 3 5
20121122 1 5 2 3 0 0
20121122 2 1 4 2 0 0
20121122 3 3 7 4 0 0
20121122 4 2 4 6 0 0
20121122 5 3 1 7 0 0
20121122 6 2 7 9 2 5
20121122 7 1 2 5 1 2
20121122 8 5 9 3 4 6
20121122 9 1 9 5 1 6
20121122 10 1 9 5 1 6
20121122 11 9 2 4 6 2
20121123 1 3 1 2 0 0
20121123 2 7 2 3 0 0
20121123 3 2 4 1 0 0
20121123 4 7 3 4 0 0
20121123 5 5 7 1 0 0
20121123 6 3 1 9 3 1
20121123 7 2 1 4 2 1
20121123 8 1 4 9 1 4
20121123 9 7 2 1 5 2
20121123 10 7 4 2 5 4
20121123 11 5 2 9 4 2
20121124 1 4 7 5 0 0
20121124 2 5 2 1 0 0
20121124 3 1 5 7 0 0
20121124 4 1 6 3 0 0
20121124 5 9 3 4 6 3
20121124 6 7 9 3 5 6
20121124 7 1 2 7 0 0
20121124 8 1 7 5 1 5
20121124 9 2 4 1 2 4
20121124 10 1 9 7 1 6
20121124 11 1 9 4 1 6
20121126 1 5 2 6 0 0
20121126 2 4 3 1 0 0
20121126 3 1 2 5 0 0
20121126 4 3 5 6 0 0
20121126 5 2 4 3 0 0
20121126 6 2 9 7 2 6
20121126 7 9 1 3 6 1
20121126 8 3 7 5 3 5
20121126 9 2 9 5 2 6
20121126 10 5 3 9 4 3
20121126 11 3 4 1 3 4
20121127 1 3 2 5 0 0
20121127 2 5 1 3 0 0
20121127 3 5 1 7 0 0
20121127 4 4 7 5 0 0
20121127 5 1 4 3 0 0
20121127 6 2 1 7 2 1
20121127 7 3 9 2 3 6
20121127 8 7 4 2 5 4
20121127 9 6 9 7 5 6
20121127 10 3 1 5 3 1
20121127 11 1 5 9 1 4
20121128 1 5 3 7 0 0
20121128 2 7 1 4 0 0
20121128 3 5 2 3 0 0
20121128 4 3 5 2 0 0
20121128 5 1 3 7 1 3
20121128 6 7 3 8 5 3
20121128 7 1 3 4 0 0
20121128 8 2 5 1 2 4
20121128 9 1 3 7 1 3
20121128 10 1 5 2 1 4
20121128 11 2 7 1 2 5
20121212 1 1 5 4 0 0
20121212 2 3 7 1 0 0
20121212 3 4 3 7 0 0
20121212 4 4 5 3 0 0
20121212 5 7 4 2 0 0
20121212 6 2 1 3 2 1
20121212 7 9 2 1 6 2
20121212 8 5 2 1 4 2
20121212 9 2 7 1 2 5
20121212 10 7 2 5 5 2
20121212 11 1 9 2 1 6
20121213 1 1 5 3 0 0
20121213 2 5 1 3 0 0
20121213 3 3 2 7 0 0
20121213 4 2 1 4 0 0
20121213 5 7 5 3 0 0
20121213 6 2 9 5 2 6
20121213 7 9 4 3 6 4
20121213 8 3 2 4 3 2
20121213 9 2 1 8 2 1
20121213 10 2 5 4 2 4
20121213 11 1 2 7 1 2
20121214 1 1 2 4 0 0
20121214 2 4 6 2 0 0
20121214 3 3 5 1 0 0
20121214 4 2 7 1 0 0
20121214 5 2 7 3 2 5
20121214 6 3 2 5 3 2
20121214 7 3 5 2 0 0
20121214 8 3 5 9 3 4
20121214 9 2 9 5 2 6
20121214 10 7 1 9 5 1
20121214 11 5 9 4 4 6
20121218 1 1 7 3 1 5
20121218 2 2 9 7 2 6
20121218 3 7 1 9 5 1
20121218 4 5 3 9 4 3
20121218 5 7 2 9 5 2
20121218 6 7 1 5 5 1
20121218 7 9 1 6 6 1
20121218 8 1 9 3 1 6
20121218 9 7 3 9 5 3
20121218 10 2 5 3 2 4
20121218 11 7 2 3 5 2
20121219 1 9 7 2 6 5
20121219 2 2 9 5 2 6
20121219 3 1 2 3 1 2
20121219 4 3 9 2 3 6
20121219 5 4 9 1 4 6
20121219 6 5 1 8 4 1
20121219 7 1 3 7 1 3
20121219 8 7 3 4 5 3
20121219 9 2 3 9 2 3
20121219 10 9 1 2 6 1
20121219 11 1 9 2 1 6
20121220 1 1 5 3 1 4
20121220 2 9 3 4 6 3
20121220 3 3 9 6 3 6
20121220 4 3 7 8 3 5
20121220 5 2 8 3 2 6
20121220 6 2 1 4 2 1
20121220 7 9 8 1 6 6
20121220 8 2 1 4 2 1
20121220 9 1 7 3 1 5
20121220 10 3 2 1 3 2
20121220 11 7 1 9 5 1
20130116 1 3 5 7 0 0
20130116 2 3 2 7 0 0
20130116 3 5 4 1 0 0
20130116 4 7 1 3 0 0
20130116 5 5 2 1 0 0
20130116 6 1 3 7 1 3
20130116 7 1 8 7 1 6
20130116 8 1 5 3 1 4
20130116 9 6 3 4 5 3
20130116 10 3 1 8 3 1
20130116 11 3 2 4 3 2
20130117 1 2 1 7 0 0
20130117 2 7 3 5 0 0
20130117 3 3 2 7 0 0
20130117 4 1 5 6 0 0
20130117 5 1 4 3 0 0
20130117 6 9 3 1 6 3
20130117 7 7 3 6 5 3
20130117 8 3 2 7 3 2
20130117 9 1 5 6 1 4
20130117 10 9 3 1 6 3
20130117 11 9 3 1 6 3
20130118 1 3 7 4 0 0
20130118 2 5 1 6 0 0
20130118 3 7 6 5 0 0
20130118 4 1 3 7 0 0
20130118 5 5 3 1 4 3
20130118 6 5 7 1 4 5
20130118 7 2 7 1 0 0
20130118 8 6 5 2 5 4
20130118 9 1 8 3 1 6
20130118 10 5 1 7 4 1
20130118 11 1 3 8 1 3
20130124 1 2 5 4 0 0
20130124 2 4 2 7 0 0
20130124 3 6 2 5 0 0
20130124 4 4 1 7 0 0
20130124 5 5 3 7 0 0
20130124 6 8 1 2 6 1
20130124 7 3 5 8 3 4
20130124 8 6 9 1 5 6
20130124 9 1 9 2 1 6
20130124 10 9 3 5 6 3
20130124 11 2 4 3 2 4
20130125 1 2 4 5 0 0
20130125 2 7 4 2 0 0
20130125 3 1 4 7 0 0
20130125 4 3 5 2 0 0
20130125 5 3 7 4 0 0
20130125 6 9 2 1 6 2
20130125 7 1 9 3 1 6
20130125 8 3 9 7 3 6
20130125 9 1 2 5 1 2
20130125 10 9 2 1 6 2
20130125 11 7 6 1 5 5
20130126 1 2 1 5 0 0
20130126 2 5 2 4 0 0
20130126 3 7 5 2 0 0
20130126 4 1 5 7 0 0
20130126 5 9 3 6 6 3
20130126 6 2 4 8 2 4
20130126 7 1 3 2 0 0
20130126 8 6 4 7 5 4
20130126 9 6 2 5 5 2
20130126 10 1 7 9 1 5
20130126 11 2 6 1 2 5
20130221 1 3 4 1 0 0
20130221 2 1 4 5 0 0
20130221 3 1 3 6 0 0
20130221 4 7 3 4 0 0
20130221 5 1 3 7 0 0
20130221 6 2 7 5 2 5
20130221 7 1 7 2 1 5
20130221 8 3 1 7 3 1
20130221 9 9 2 5 6 2
20130221 10 5 1 3 4 1
20130221 11 9 7 8 6 5
20130222 1 7 1 4 0 0
20130222 2 7 1 2 0 0
20130222 3 3 7 1 0 0
20130222 4 1 3 4 0 0
20130222 5 6 2 7 0 0
20130222 6 3 5 2 3 4
20130222 7 9 7 3 6 5
20130222 8 3 2 5 3 2
20130222 9 4 1 3 4 1
20130222 10 3 2 1 3 2
20130222 11 9 3 7 6 3
20130223 1 3 2 7 0 0
20130223 2 7 1 3 0 0
20130223 3 2 7 5 0 0
20130223 4 2 4 6 0 0
20130223 5 8 1 6 6 1
20130223 6 7 3 5 5 3
20130223 7 1 4 5 0 0
20130223 8 2 7 9 2 5
20130223 9 7 3 2 5 3
20130223 10 9 1 6 6 1
20130223 11 1 6 2 1 5
20130316 1 5 1 2 4 1
20130316 2 7 4 3 5 4
20130316 3 8 5 1 6 4
20130316 4 5 8 7 4 6
20130316 5 3 5 9 3 4
20130316 6 3 7 1 3 5
20130316 7 9 3 6 6 3
20130316 8 3 7 8 3 5
20130316 9 3 5 7 3 4
20130316 10 8 3 4 6 3
20130316 11 4 1 7 4 1
20130317 1 9 2 5 6 2
20130317 2 9 7 1 6 5
20130317 3 3 7 2 3 5
20130317 4 9 3 6 6 3
20130317 5 9 2 7 6 2
20130317 6 5 1 7 4 1
20130317 7 3 7 8 3 5
20130317 8 2 4 1 2 4
20130317 9 7 5 1 5 4
20130317 10 9 1 3 6 1
20130317 11 3 6 9 3 5
20130318 1 9 7 5 6 5
20130318 2 3 7 9 3 5
20130318 3 1 7 5 1 5
20130318 4 1 3 7 1 3
20130318 5 7 1 3 5 1
20130318 6 8 2 1 6 2
20130318 7 5 9 3 4 6
20130318 8 6 7 1 5 5
20130318 9 1 5 9 1 4
20130318 10 9 5 1 6 4
20130318 11 1 9 3 1 6
20130325 1 1 3 6 0 0
20130325 2 5 1 2 0 0
20130325 3 5 2 3 0 0
20130325 4 5 2 4 0 0
20130325 5 3 4 6 0 0
20130325 6 9 7 3 6 5
20130325 7 1 9 3 1 6
20130325 8 3 5 9 3 4
20130325 9 1 5 7 1 4
20130325 10 9 2 7 6 2
20130325 11 9 4 3 6 4
20130326 1 5 4 2 0 0
20130326 2 2 4 1 0 0
20130326 3 7 2 4 0 0
20130326 4 3 7 1 0 0
20130326 5 2 3 4 0 0
20130326 6 2 9 5 2 6
20130326 7 4 7 3 4 5
20130326 8 3 6 2 3 5
20130326 9 8 5 2 6 4
20130326 10 9 1 2 6 1
20130326 11 1 7 9 1 5
20130327 1 2 4 7 0 0
20130327 2 1 5 4 0 0
20130327 3 1 5 3 0 0
20130327 4 2 6 7 0 0
20130327 5 1 7 3 1 5
20130327 6 3 6 9 3 5
20130327 7 4 1 3 0 0
20130327 8 1 5 2 1 4
20130327 9 2 9 6 2 6
20130327 10 2 9 7 2 6
20130327 11 3 5 6 3 4
20130329 1 1 7 2 0 0
20130329 2 1 7 5 0 0
20130329 3 3 1 4 0 0
20130329 4 1 7 3 0 0
20130329 5 5 7 1 0 0
20130329 6 9 1 2 6 1
20130329 7 2 1 5 2 1
20130329 8 9 2 4 6 2
20130329 9 1 2 6 1 2
20130329 10 1 7 3 1 5
20130329 11 2 7 9 2 5
20130330 1 5 1 4 0 0
20130330 2 2 3 1 0 0
20130330 3 3 2 6 0 0
20130330 4 2 4 7 0 0
20130330 5 7 2 4 0 0
20130330 6 5 2 8 4 2
20130330 7 2 9 4 2 6
20130330 8 1 3 2 1 3
20130330 9 4 2 3 4 2
20130330 10 9 1 7 6 1
20130330 11 5 1 9 4 1
20130331 1 3 5 7 0 0
20130331 2 3 5 4 0 0
20130331 3 2 3 4 0 0
20130331 4 5 7 3 0 0
20130331 5 1 7 5 1 5
20130331 6 8 7 3 6 5
20130331 7 3 5 1 0 0
20130331 8 6 8 3 5 6
20130331 9 3 5 9 3 4
20130331 10 9 1 5 6 1
20130331 11 1 4 9 1 4
20130413 1 3 2 9 3 2
20130413 2 2 7 9 2 5
20130413 3 7 4 3 5 4
20130413 4 2 9 5 2 6
20130413 5 2 1 5 2 1
20130413 6 9 1 6 6 1
20130413 7 1 5 3 1 4
20130413 8 9 7 4 6 5
20130413 9 3 7 1 3 5
20130413 10 7 4 6 5 4
20130413 11 3 5 6 3 4
20130414 1 2 4 7 2 4
20130414 2 1 8 2 1 6
20130414 3 2 9 4 2 6
20130414 4 5 7 1 4 5
20130414 5 3 7 5 3 5
20130414 6 1 2 3 1 2
20130414 7 2 7 3 2 5
20130414 8 1 6 9 1 5
20130414 9 2 7 9 2 5
20130414 10 5 1 8 4 1
20130414 11 5 3 2 4 3
20130415 1 2 1 3 2 1
20130415 2 9 1 4 6 1
20130415 3 2 7 3 2 5
20130415 4 7 1 9 5 1
20130415 5 2 1 4 2 1
20130415 6 3 5 8 3 4
20130415 7 7 5 9 5 4
20130415 8 2 4 8 2 4
20130415 9 2 7 3 2 5
20130415 10 7 9 5 5 6
20130415 11 5 9 8 4 6
20130416 1 6 9 3 5 6
20130416 2 2 4 7 2 4
20130416 3 9 1 7 6 1
20130416 4 3 8 6 3 6
20130416 5 2 4 7 2 4
20130416 6 5 1 4 4 1
20130416 7 3 8 5 3 6
20130416 8 1 7 9 1 5
20130416 9 1 7 2 1 5
20130416 10 2 1 7 2 1
20130416 11 3 2 1 3 2
20130422 1 7 1 4 0 0
20130422 2 2 4 6 0 0
20130422 3 2 3 5 0 0
20130422 4 4 2 3 0 0
20130422 5 3 4 7 0 0
20130422 6 7 2 9 5 2
20130422 7 7 3 2 5 3
20130422 8 3 2 9 3 2
20130422 9 5 2 1 4 2
20130422 10 9 2 5 6 2
20130423 1 4 3 7 0 0
20130423 2 1 2 5 0 0
20130423 3 3 1 7 0 0
20130423 4 2 5 1 0 0
20130423 5 2 4 3 0 0
20130423 6 3 9 1 3 6
20130423 7 9 6 3 6 5
20130423 8 3 2 7 3 2
20130423 9 1 7 5 1 5
20130423 10 2 3 9 2 3
20130424 1 3 4 6 0 0
20130424 2 4 5 1 0 0
20130424 3 1 5 7 0 0
20130424 4 7 3 5 0 0
20130424 5 2 5 3 2 4
20130424 6 2 9 7 2 6
20130424 7 1 3 5 0 0
20130424 8 9 6 1 6 5
20130424 9 7 1 2 5 1
20130424 10 1 3 4 1 3
20130520 1 2 3 1 2 3
20130520 2 7 9 5 5 6
20130520 3 5 1 2 4 1
20130520 4 2 9 1 2 6
20130520 5 9 1 8 6 1
20130520 6 5 2 9 4 2
20130520 7 7 4 2 5 4
20130520 8 1 5 6 1 4
20130520 9 3 7 9 3 5
20130520 10 9 3 4 6 3
20130520 11 1 4 9 1 4
20130521 1 3 8 7 3 6
20130521 2 5 3 9 4 3
20130521 3 3 7 5 3 5
20130521 4 9 1 3 6 1
20130521 5 5 1 2 4 1
20130521 6 7 3 9 5 3
20130521 7 7 3 2 5 3
20130521 8 2 1 3 2 1
20130521 9 7 2 5 5 2
20130521 10 3 6 4 3 5
20130521 11 3 2 9 3 2
20130522 1 5 1 2 4 1
20130522 2 8 5 1 6 4
20130522 3 9 3 8 6 3
20130522 4 2 1 7 2 1
20130522 5 7 1 4 5 1
20130522 6 4 2 6 4 2
20130522 7 2 3 4 2 3
20130522 8 4 2 8 4 2
20130522 9 3 1 9 3 1
20130522 10 3 1 5 3 1
20130522 11 3 2 5 3 2
20130619 1 3 9 2 3 6
20130619 2 2 9 4 2 6
20130619 3 5 2 7 4 2
20130619 4 5 2 3 4 2
20130619 5 7 1 5 5 1
20130619 6 3 1 9 3 1
20130619 7 3 5 1 3 4
20130619 8 9 4 2 6 4
20130619 9 1 4 6 1 4
20130619 10 9 3 5 6 3
20130619 11 2 4 7 2 4
20130620 1 2 9 3 2 6
20130620 2 9 5 2 6 4
20130620 3 4 7 8 4 5
20130620 4 2 9 4 2 6
20130620 5 3 5 4 3 4
20130620 6 1 5 7 1 4
20130620 7 1 2 4 1 2
20130620 8 7 5 1 6 5
20130620 9 1 5 3 1 4
20130620 10 2 9 5 2 6
20130620 11 9 7 1 6 5
20130621 1 9 7 1 6 5
20130621 2 1 4 3 1 4
20130621 3 2 1 3 2 1
20130621 4 2 1 5 2 1
20130621 5 9 1 2 6 1
20130621 6 5 2 7 5 2
20130621 7 2 1 4 2 1
20130621 8 3 5 8 3 4
20130621 9 2 9 3 2 6
20130621 10 1 5 3 1 4
20130621 11 5 7 1 4 5
20130719 1 1 7 2 0 0
20130719 2 1 7 2 0 0
20130719 3 3 1 5 0 0
20130719 4 3 5 6 0 0
20130719 5 3 2 5 0 0
20130719 6 5 2 1 4 2
20130719 7 1 3 9 1 3
20130719 8 2 3 6 2 3
20130719 9 3 1 5 3 1
20130719 10 3 7 4 3 5
20130720 1 2 1 3 0 0
20130720 2 5 3 2 0 0
20130720 3 2 6 4 0 0
20130720 4 2 5 3 0 0
20130720 5 1 7 4 1 5
20130720 6 3 5 8 3 4
20130720 7 1 4 2 0 0
20130720 8 9 3 7 6 3
20130720 9 3 9 6 3 6
20130720 10 5 2 7 4 2
20130729 1 4 7 1 0 0
20130729 2 4 1 6 0 0
20130729 3 1 4 7 0 0
20130729 4 1 7 2 0 0
20130729 5 4 2 7 0 0
20130729 6 5 2 9 4 2
20130729 7 7 3 9 5 3
20130729 8 4 3 7 4 3
20130729 9 9 5 7 6 4
20130729 10 9 2 6 6 2
20130730 1 5 7 3 0 0
20130730 2 5 2 6 0 0
20130730 3 3 1 2 0 0
20130730 4 7 2 3 0 0
20130730 5 1 2 5 0 0
20130730 6 7 4 5 5 4
20130730 7 5 1 6 4 1
20130730 8 7 9 4 5 6
20130730 9 3 2 9 3 2
20130730 10 5 2 9 4 2
20130731 1 5 2 4 0 0
20130731 2 7 1 4 0 0
20130731 3 5 4 3 0 0
20130731 4 3 2 7 0 0
20130731 5 1 2 7 1 2
20130731 6 6 5 1 5 4
20130731 7 5 1 4 0 0
20130731 8 1 8 3 1 6
20130731 9 2 9 5 2 6
20130731 10 1 5 3 1 4
20130815 1 3 1 6 0 0
20130815 2 1 7 2 0 0
20130815 3 4 5 6 0 0
20130815 4 1 4 5 0 0
20130815 5 7 6 1 0 0
20130815 6 9 3 6 6 3
20130815 7 1 7 9 1 5
20130815 8 2 5 7 2 4
20130815 9 2 9 1 2 6
20130815 10 5 2 9 4 2
20130816 1 2 7 4 0 0
20130816 2 2 7 1 0 0
20130816 3 3 5 7 0 0
20130816 4 5 4 3 0 0
20130816 5 1 5 4 0 0
20130816 6 9 3 4 6 3
20130816 7 5 3 9 4 3
20130816 8 9 1 8 6 1
20130816 9 1 2 6 1 2
20130816 10 5 2 1 4 2
20130817 1 5 6 1 0 0
20130817 2 7 4 2 0 0
20130817 3 6 3 1 0 0
20130817 4 1 3 6 0 0
20130817 5 7 9 1 5 6
20130817 6 5 6 9 4 5
20130817 7 3 7 4 0 0
20130817 8 9 1 2 6 1
20130817 9 4 6 5 4 5
20130817 10 7 9 5 5 6
20130831 1 2 3 5 0 0
20130831 2 2 7 5 0 0
20130831 3 7 5 6 0 0
20130831 4 3 5 1 0 0
20130831 5 3 5 4 0 0
20130831 6 5 2 8 4 2
20130831 7 9 2 1 6 2
20130831 8 3 9 2 3 6
20130831 9 9 3 4 6 3
20130831 10 9 7 5 6 5
20130901 1 7 5 6 0 0
20130901 2 3 5 4 0 0
20130901 3 5 4 3 0 0
20130901 4 4 1 7 0 0
20130901 5 2 5 4 0 0
20130901 6 9 5 8 6 4
20130901 7 7 1 9 5 1
20130901 8 3 9 2 3 6
20130901 9 2 5 8 2 4
20130901 10 3 7 2 3 5
20130902 1 1 5 7 0 0
20130902 2 4 2 7 0 0
20130902 3 3 5 4 0 0
20130902 4 6 3 7 0 0
20130902 5 2 3 4 0 0
20130902 6 2 7 3 2 5
20130902 7 2 7 3 0 0
20130902 8 2 9 7 2 6
20130902 9 7 1 4 5 1
20130902 10 1 2 5 1 2
20130928 1 2 1 4 0 0
20130928 2 7 1 4 0 0
20130928 3 7 5 1 0 0
20130928 4 3 4 2 0 0
20130928 5 1 3 7 1 3
20130928 6 5 6 1 4 5
20130928 7 1 6 2 0 0
20130928 8 1 9 5 1 6
20130928 9 2 9 1 2 6
20130928 10 8 4 6 6 4
20131002 1 5 2 1 4 2
20131002 2 3 2 1 3 2
20131002 3 1 9 3 1 6
20131002 4 1 5 9 1 4
20131002 5 2 7 3 2 5
20131002 6 9 3 7 6 3
20131002 7 9 3 5 6 3
20131002 8 1 5 7 1 4
20131002 9 2 9 4 2 6
20131002 10 3 1 4 3 1
20131002 11 3 9 6 3 6
20131003 1 2 5 9 2 4
20131003 2 5 3 6 4 3
20131003 3 3 5 2 3 4
20131003 4 7 3 1 5 3
20131003 5 8 3 4 6 3
20131003 6 9 5 4 6 4
20131003 7 1 7 9 1 5
20131003 8 5 3 2 4 3
20131003 9 1 3 9 1 3
20131003 10 7 9 1 5 6
20131003 11 9 3 1 6 3
20131004 1 1 7 5 1 5
20131004 2 9 3 7 6 3
20131004 3 5 1 2 4 1
20131004 4 4 7 2 4 5
20131004 5 5 2 9 4 2
20131004 6 3 5 2 3 4
20131004 7 7 5 2 5 4
20131004 8 3 1 4 3 1
20131004 9 1 2 8 1 2
20131004 10 8 7 9 6 5
20131004 11 2 8 7 2 6
20131021 1 2 5 3 0 0
20131021 2 4 3 7 0 0
20131021 3 1 2 7 0 0
20131021 4 5 3 7 0 0
20131021 5 5 3 6 0 0
20131021 6 9 3 1 6 3
20131021 7 7 2 9 5 2
20131021 8 3 9 1 3 6
20131021 9 9 3 7 6 3
20131021 10 6 1 9 5 1
20131022 1 5 2 1 0 0
20131022 2 4 1 5 0 0
20131022 3 2 3 1 0 0
20131022 4 1 7 3 0 0
20131022 5 4 7 2 0 0
20131022 6 3 1 5 3 1
20131022 7 2 4 5 2 4
20131022 8 2 1 8 2 1
20131022 9 3 2 7 3 2
20131022 10 1 4 5 1 4
20131023 1 6 1 5 0 0
20131023 2 7 2 4 0 0
20131023 3 5 7 4 0 0
20131023 4 7 3 5 0 0
20131023 5 2 5 9 2 4
20131023 6 9 3 6 0 0
20131023 7 7 2 4 0 0
20131023 8 1 3 9 1 3
20131023 9 5 1 9 4 1
20131023 10 1 8 7 1 6
20131106 1 5 3 2 0 0
20131106 2 3 7 1 0 0
20131106 3 4 2 1 0 0
20131106 4 7 2 4 0 0
20131106 5 2 4 1 0 0
20131106 6 2 7 6 2 5
20131106 7 5 3 2 4 3
20131106 8 3 7 9 3 5
20131106 9 9 3 2 6 3
20131106 10 9 1 5 6 1
20131107 1 4 5 3 0 0
20131107 2 4 3 5 0 0
20131107 3 1 5 7 0 0
20131107 4 3 5 4 0 0
20131107 5 5 1 6 0 0
20131107 6 7 4 2 5 4
20131107 7 8 3 1 6 3
20131107 8 9 4 1 6 4
20131107 9 7 1 2 5 1
20131107 10 3 2 9 3 2
20131108 1 3 7 1 0 0
20131108 2 2 5 3 0 0
20131108 3 1 5 2 0 0
20131108 4 7 1 2 0 0
20131108 5 7 3 9 5 3
20131108 6 3 5 1 3 4
20131108 7 2 7 4 0 0
20131108 8 1 3 7 1 3
20131108 9 1 5 3 1 4
20131108 10 2 7 9 2 5
20131125 1 9 7 3 6 5
20131125 2 1 2 7 1 2
20131125 3 7 9 1 5 6
20131125 4 7 4 3 5 4
20131125 5 2 1 5 2 1
20131125 6 9 4 5 6 4
20131125 7 1 4 3 1 4
20131125 8 3 5 2 3 4
20131125 9 9 4 2 6 4
20131125 10 1 5 2 1 4
20131125 11 3 7 1 3 5
20131126 1 7 2 3 5 2
20131126 2 6 5 4 5 4
20131126 3 3 8 2 3 6
20131126 4 1 7 2 1 5
20131126 5 3 7 9 3 5
20131126 6 7 1 9 5 1
20131126 7 9 5 3 6 4
20131126 8 2 3 5 2 3
20131126 9 2 9 5 2 6
20131126 10 9 1 8 6 1
20131126 11 7 1 4 5 1
20131127 1 9 6 2 6 5
20131127 2 1 3 2 1 3
20131127 3 3 5 9 3 4
20131127 4 4 7 6 4 5
20131127 5 2 9 5 2 6
20131127 6 7 1 3 5 1
20131127 7 2 5 9 2 4
20131127 8 4 2 7 4 2
20131127 9 1 4 7 1 4
20131127 10 3 4 5 3 4
20131127 11 1 2 3 1 2
20131210 1 3 1 7 0 0
20131210 2 5 2 7 0 0
20131210 3 1 7 5 0 0
20131210 4 1 4 7 0 0
20131210 5 3 5 1 0 0
20131210 6 5 8 3 4 6
20131210 7 1 8 7 1 6
20131210 8 3 9 7 3 6
20131210 9 9 3 4 6 3
20131210 10 1 5 7 1 4
20131211 1 3 4 5 0 0
20131211 2 7 5 2 0 0
20131211 3 5 7 4 0 0
20131211 4 3 6 4 0 0
20131211 5 1 5 3 0 0
20131211 6 7 3 1 5 3
20131211 7 2 5 8 2 4
20131211 8 3 9 1 3 6
20131211 9 6 9 2 5 6
20131211 10 3 7 2 3 5
20131212 1 7 1 5 0 0
20131212 2 7 4 2 0 0
20131212 3 5 2 7 0 0
20131212 4 5 3 2 0 0
20131212 5 7 1 8 5 1
20131212 6 9 6 2 6 5
20131212 7 7 5 3 0 0
20131212 8 4 3 8 4 3
20131212 9 9 2 3 6 2
20131212 10 9 5 7 6 4
20140104 1 1 5 7 0 0
20140104 2 3 5 4 0 0
20140104 3 4 3 2 0 0
20140104 4 4 3 1 0 0
20140104 5 2 5 6 0 0
20140104 6 1 9 5 1 6
20140104 7 9 2 5 6 2
20140104 8 1 7 5 1 5
20140104 9 1 4 2 1 4
20140104 10 9 8 6 6 6
20140105 1 7 4 2 0 0
20140105 2 3 5 7 0 0
20140105 3 7 5 3 0 0
20140105 4 3 7 1 0 0
20140105 5 1 3 4 0 0
20140105 6 7 3 6 5 3
20140105 7 3 5 2 3 4
20140105 8 3 2 1 3 2
20140105 9 2 5 3 2 4
20140105 10 3 7 2 3 5
20140106 1 7 4 3 0 0
20140106 2 7 5 2 0 0
20140106 3 3 7 5 0 0
20140106 4 4 7 1 0 0
20140106 5 3 1 6 3 1
20140106 6 5 3 6 4 3
20140106 7 4 1 3 0 0
20140106 8 9 3 6 6 3
20140106 9 1 5 7 1 4
20140106 10 4 7 3 4 5
20140204 1 2 1 7 2 1
20140204 2 9 2 1 6 2
20140204 3 5 1 2 4 1
20140204 4 9 4 2 6 4
20140204 5 9 3 1 6 3
20140204 6 6 5 7 5 4
20140204 7 7 6 3 5 5
20140204 8 9 7 5 6 5
20140204 9 2 9 1 2 6
20140204 10 4 3 7 4 3
20140204 11 1 5 8 1 4
20140205 1 9 4 5 6 4
20140205 2 8 1 4 6 1
20140205 3 5 9 3 4 6
20140205 4 4 9 5 4 6
20140205 5 2 9 5 2 6
20140205 6 1 9 4 1 6
20140205 7 6 1 7 5 1
20140205 8 3 7 9 3 5
20140205 9 1 5 9 1 4
20140205 10 7 2 3 5 2
20140205 11 8 9 3 6 6
20140206 1 7 3 4 5 3
20140206 2 7 5 8 5 4
20140206 3 9 1 3 6 1
20140206 4 2 3 6 2 3
20140206 5 5 3 6 4 3
20140206 6 2 6 4 2 5
20140206 7 5 9 2 4 6
20140206 8 1 3 5 1 3
20140206 9 5 1 8 4 1
20140206 10 2 8 6 2 6
20140206 11 9 2 5 6 2
20140304 1 3 4 7 0 0
20140304 2 3 7 5 0 0
20140304 3 1 4 7 0 0
20140304 4 7 4 2 0 0
20140304 5 5 3 4 0 0
20140304 6 4 3 1 4 3
20140304 7 9 5 7 6 4
20140304 8 3 5 1 3 4
20140304 9 7 9 2 5 6
20140304 10 9 3 2 6 3
20140305 1 1 2 4 0 0
20140305 2 6 3 2 0 0
20140305 3 6 2 3 0 0
20140305 4 1 6 5 0 0
20140305 5 1 7 4 0 0
20140305 6 9 3 4 6 3
20140305 7 3 9 1 3 6
20140305 8 7 1 2 5 1
20140305 9 5 2 9 4 2
20140305 10 1 9 2 1 6
20140306 1 1 4 3 0 0
20140306 2 1 3 5 0 0
20140306 3 4 2 3 0 0
20140306 4 1 2 5 0 0
20140306 5 2 1 9 2 1
20140306 6 5 7 9 4 5
20140306 7 7 1 4 0 0
20140306 8 2 9 5 2 6
20140306 9 2 5 8 2 4
20140306 10 1 7 3 1 5
20140312 1 2 3 7 0 0
20140312 2 3 7 2 0 0
20140312 3 5 2 1 0 0
20140312 4 7 4 3 0 0
20140312 5 5 2 4 0 0
20140312 6 1 9 7 1 6
20140312 7 7 1 9 5 1
20140312 8 7 1 9 5 1
20140312 9 1 4 5 1 4
20140312 10 5 7 8 4 5
20140313 1 3 4 2 0 0
20140313 2 4 5 2 0 0
20140313 3 3 4 1 0 0
20140313 4 7 4 2 0 0
20140313 5 5 2 1 0 0
20140313 6 2 9 3 2 6
20140313 7 3 9 5 3 6
20140313 8 1 4 2 1 4
20140313 9 1 5 7 1 4
20140313 10 1 5 2 1 4
20140314 1 5 2 3 0 0
20140314 2 1 5 7 0 0
20140314 3 7 3 5 0 0
20140314 4 3 2 5 0 0
20140314 5 7 3 4 5 3
20140314 6 1 7 8 1 5
20140314 7 1 5 3 0 0
20140314 8 7 1 5 5 1
20140314 9 1 2 6 1 2
20140314 10 2 1 9 2 1
20140403 1 2 4 1 0 0
20140403 2 5 1 2 0 0
20140403 3 3 7 5 0 0
20140403 4 6 4 1 0 0
20140403 5 5 3 1 0 0
20140403 6 7 2 3 5 2
20140403 7 2 5 4 2 4
20140403 8 5 8 1 4 6
20140403 9 5 7 9 4 5
20140403 10 7 9 1 5 6
20140404 1 7 5 1 0 0
20140404 2 3 5 2 0 0
20140404 3 3 1 6 0 0
20140404 4 1 2 4 0 0
20140404 5 5 3 2 0 0
20140404 6 5 7 3 4 5
20140404 7 1 5 8 1 4
20140404 8 3 7 4 3 5
20140404 9 4 3 1 4 3
20140404 10 2 9 5 2 6
20140405 1 2 7 3 0 0
20140405 2 7 1 3 0 0
20140405 3 5 4 1 0 0
20140405 4 3 7 1 0 0
20140405 5 2 3 8 2 3
20140405 6 5 1 7 4 1
20140405 7 3 1 2 0 0
20140405 8 3 1 9 3 1
20140405 9 9 1 6 6 1
20140405 10 2 7 4 2 5
20140417 1 5 1 9 4 1
20140417 2 2 7 9 2 5
20140417 3 1 9 5 1 6
20140417 4 5 2 9 4 2
20140417 5 3 4 2 3 4
20140417 6 9 3 1 6 3
20140417 7 9 4 3 6 4
20140417 8 1 7 2 1 5
20140417 9 7 3 1 5 3
20140417 10 3 6 2 3 5
20140417 11 2 9 3 2 6
20140417 12 9 7 3 6 5
20140418 1 9 1 5 6 1
20140418 2 5 1 7 4 1
20140418 3 7 2 3 5 2
20140418 4 7 3 9 5 3
20140418 5 3 1 7 3 1
20140418 6 5 6 1 4 5
20140418 7 5 2 8 4 2
20140418 8 1 7 5 1 5
20140418 9 7 2 1 5 2
20140418 10 1 3 5 1 3
20140418 11 1 9 2 1 6
20140418 12 9 4 7 6 4
20140419 1 3 2 5 3 2
20140419 2 1 2 7 1 2
20140419 3 3 5 9 3 4
20140419 4 9 2 7 6 2
20140419 5 5 8 4 4 6
20140419 6 9 3 1 6 3
20140419 7 2 9 3 2 6
20140419 8 1 9 4 1 6
20140419 9 3 4 5 3 4
20140419 10 1 3 5 1 3
20140419 11 5 3 1 4 3
20140419 12 9 5 1 6 4
20140420 1 9 4 3 6 4
20140420 2 2 9 6 2 6
20140420 3 2 3 9 2 3
20140420 4 1 9 6 1 6
20140420 5 7 1 9 5 1
20140420 6 1 7 5 1 5
20140420 7 1 7 3 1 5
20140420 8 5 1 2 4 1
20140420 9 1 7 2 1 5
20140420 10 3 7 2 3 5
20140420 11 3 9 4 3 6
20140508 1 1 2 7 0 0
20140508 2 4 1 5 0 0
20140508 3 2 7 5 0 0
20140508 4 3 7 4 0 0
20140508 5 1 7 3 0 0
20140508 6 5 1 9 4 1
20140508 7 9 7 8 6 5
20140508 8 7 3 2 5 3
20140508 9 2 5 9 2 4
20140508 10 1 2 5 1 2
20140509 1 1 5 3 0 0
20140509 2 1 2 3 0 0
20140509 3 2 7 3 0 0
20140509 4 5 7 6 0 0
20140509 5 3 1 7 0 0
20140509 6 7 8 5 5 6
20140509 7 7 8 9 5 6
20140509 8 2 3 9 2 3
20140509 9 9 1 5 6 1
20140509 10 2 9 1 2 6
20140510 1 1 7 5 0 0
20140510 2 3 7 6 0 0
20140510 3 1 4 2 0 0
20140510 4 3 5 4 0 0
20140510 5 5 3 2 0 0
20140510 6 3 5 1 3 4
20140510 7 2 5 9 2 4
20140510 8 3 2 1 3 2
20140510 9 5 4 1 4 4
20140510 10 9 3 2 6 3
20140514 1 7 2 8 5 2
20140514 2 1 5 4 1 4
20140514 3 1 7 4 1 5
20140514 4 2 9 7 2 6
20140514 5 9 2 7 6 2
20140514 6 2 3 7 0 0
20140514 7 7 3 4 0 0
20140514 8 8 9 7 6 6
20140514 9 5 9 1 4 6
20140514 10 2 9 8 2 6
20140514 11 2 7 5 2 5
20140514 12 9 3 5 6 3
20140515 1 1 2 8 1 2
20140515 2 3 5 7 3 4
20140515 3 5 1 7 4 1
20140515 4 9 2 7 6 2
20140515 5 7 3 2 5 3
20140515 6 7 5 2 0 0
20140515 7 2 1 6 0 0
20140515 8 4 3 8 4 3
20140515 9 7 1 2 6 1
20140515 10 8 3 9 6 3
20140515 11 1 5 3 1 4
20140515 12 1 8 2 1 6
20140516 1 1 3 5 1 3
20140516 2 5 1 6 4 1
20140516 3 2 9 1 2 6
20140516 4 7 9 8 5 6
20140516 5 3 1 4 0 0
20140516 6 2 5 9 2 4
20140516 7 7 1 9 5 1
20140516 8 1 3 7 1 3
20140516 9 3 9 4 3 6
20140516 10 1 3 4 0 0
20140516 11 3 5 4 3 4
20140516 12 1 2 8 1 2
20140602 1 4 7 5 0 0
20140602 2 4 7 5 0 0
20140602 3 3 1 6 0 0
20140602 4 1 7 2 0 0
20140602 5 5 2 1 0 0
20140602 6 1 3 9 1 3
20140602 7 1 9 3 1 6
20140602 8 1 7 2 1 5
20140602 9 1 7 9 1 5
20140602 10 7 1 9 5 1
20140603 1 5 7 2 0 0
20140603 2 1 5 6 0 0
20140603 3 7 3 5 0 0
20140603 4 1 2 5 0 0
20140603 5 1 6 7 0 0
20140603 6 5 2 9 4 2
20140603 7 1 5 2 1 4
20140603 8 2 9 7 2 6
20140603 9 1 2 3 1 2
20140603 10 1 8 6 1 6
20140604 1 2 4 6 0 0
20140604 2 4 7 2 0 0
20140604 3 4 7 1 0 0
20140604 4 2 5 3 0 0
20140604 5 9 1 5 6 1
20140604 6 3 7 6 3 5
20140604 7 7 5 1 0 0
20140604 8 2 4 1 2 4
20140604 9 9 1 6 6 1
20140604 10 9 3 7 6 3
20140616 1 5 1 7 4 1
20140616 2 3 9 7 3 6
20140616 3 1 2 9 1 2
20140616 4 1 8 3 1 6
20140616 5 5 2 1 4 2
20140616 6 2 4 9 2 4
20140616 7 7 4 3 5 4
20140616 8 1 2 9 1 2
20140616 9 3 9 7 3 6
20140616 10 5 2 8 4 2
20140616 11 5 2 7 4 2
20140617 1 2 7 3 2 5
20140617 2 7 2 4 5 2
20140617 3 3 6 7 3 5
20140617 4 7 3 1 5 3
20140617 5 9 2 7 6 2
20140617 6 7 1 2 5 1
20140617 7 4 2 3 4 2
20140617 8 7 2 8 5 2
20140617 9 2 3 6 2 3
20140617 10 1 5 9 1 4
20140617 11 1 3 2 1 3
20140618 1 1 7 9 1 5
20140618 2 1 9 4 1 6
20140618 3 1 5 2 1 4
20140618 4 3 1 8 3 1
20140618 5 3 5 8 3 4
20140618 6 8 7 2 6 5
20140618 7 7 8 1 5 6
20140618 8 2 1 5 2 1
20140618 9 1 4 2 1 4
20140618 10 8 5 1 6 4
20140618 11 3 9 4 3 6
20140714 1 1 5 3 0 0
20140714 2 3 7 1 0 0
20140714 3 1 7 4 0 0
20140714 4 3 4 5 0 0
20140714 5 5 4 2 0 0
20140714 6 1 7 5 1 5
20140714 7 4 2 7 4 2
20140714 8 3 9 1 3 6
20140714 9 7 5 1 5 4
20140714 10 3 5 6 3 4
20140715 1 7 3 4 0 0
20140715 2 2 7 5 0 0
20140715 3 4 1 2 0 0
20140715 4 1 7 3 0 0
20140715 5 7 5 2 0 0
20140715 6 2 6 9 2 5
20140715 7 9 5 3 6 4
20140715 8 3 5 9 3 4
20140715 9 9 5 3 6 4
20140715 10 1 5 2 1 4
20140716 1 7 5 3 0 0
20140716 2 1 5 4 0 0
20140716 3 2 5 3 0 0
20140716 4 4 1 6 0 0
20140716 5 4 7 1 4 5
20140716 6 1 7 4 1 5
20140716 7 2 5 1 0 0
20140716 8 3 8 5 3 6
20140716 9 5 2 7 4 2
20140716 10 5 3 4 4 3
20140804 1 1 5 6 1 4
20140804 2 2 5 1 2 4
20140804 3 9 1 3 6 1
20140804 4 3 7 1 3 5
20140804 5 7 1 6 5 1
20140804 6 2 5 6 2 4
20140804 7 8 4 9 6 4
20140804 8 9 7 4 6 5
20140804 9 5 2 9 4 2
20140804 10 2 9 1 2 6
20140804 11 3 9 4 3 6
20140805 1 8 9 1 6 6
20140805 2 3 1 5 3 1
20140805 3 8 4 1 6 4
20140805 4 4 3 9 4 3
20140805 5 3 7 5 3 5
20140805 6 7 2 6 5 2
20140805 7 5 9 2 4 6
20140805 8 7 1 5 5 1
20140805 9 8 7 1 6 5
20140805 10 3 2 5 3 2
20140805 11 7 1 5 5 1
20140806 1 2 5 7 2 4
20140806 2 3 7 9 3 5
20140806 3 5 1 8 4 1
20140806 4 9 1 3 6 1
20140806 5 8 2 9 6 2
20140806 6 1 8 6 1 6
20140806 7 3 9 2 3 6
20140806 8 9 5 8 6 4
20140806 9 1 6 9 1 5
20140806 10 4 5 1 4 4
20140806 11 5 2 9 4 2
20140901 1 7 3 4 0 0
20140901 2 1 6 7 0 0
20140901 3 4 5 7 0 0
20140901 4 1 7 4 0 0
20140901 5 1 7 5 0 0
20140901 6 5 2 3 4 2
20140901 7 5 7 2 4 5
20140901 8 7 5 3 5 4
20140901 9 9 7 2 6 5
20140901 10 2 9 7 2 6
20140902 1 7 1 4 0 0
20140902 2 3 2 7 0 0
20140902 3 1 5 7 0 0
20140902 4 3 5 1 0 0
20140902 5 4 5 7 0 0
20140902 6 7 9 1 5 6
20140902 7 4 2 1 4 2
20140902 8 1 7 3 1 5
20140902 9 5 9 4 4 6
20140902 10 2 5 8 2 4
20140903 1 1 3 4 0 0
20140903 2 4 1 7 0 0
20140903 3 1 7 2 0 0
20140903 4 1 5 3 0 0
20140903 5 5 4 2 5 4
20140903 6 7 5 1 5 4
20140903 7 5 2 4 0 0
20140903 8 2 3 1 2 3
20140903 9 7 5 1 5 4
20140903 10 1 7 5 1 5
20141006 1 5 1 8 4 1
20141006 2 5 7 1 4 5
20141006 3 2 9 6 2 6
20141006 4 7 1 4 5 1
20141006 5 3 9 5 3 6
20141006 6 3 8 7 3 6
20141006 7 5 7 3 4 5
20141006 8 3 5 2 3 4
20141006 9 7 5 8 5 4
20141006 10 9 1 7 6 1
20141006 11 1 9 5 1 6
20141007 1 3 9 8 3 6
20141007 2 6 7 3 5 5
20141007 3 5 9 4 4 6
20141007 4 7 2 4 5 2
20141007 5 1 6 7 1 5
20141007 6 5 7 2 4 5
20141007 7 9 1 4 6 1
20141007 8 5 2 9 4 2
20141007 9 5 2 8 4 2
20141007 10 7 3 1 5 3
20141007 11 1 7 9 1 5
20141008 1 7 4 9 5 4
20141008 2 2 5 8 2 4
20141008 3 3 8 5 3 6
20141008 4 7 3 4 5 3
20141008 5 1 5 3 1 4
20141008 6 3 5 6 3 4
20141008 7 7 9 8 5 6
20141008 8 2 8 6 2 6
20141008 9 1 5 8 1 4
20141008 10 4 3 6 4 3
20141008 11 9 3 5 6 3
20141018 1 1 2 7 0 0
20141018 2 5 7 1 0 0
20141018 3 3 1 4 0 0
20141018 4 5 2 3 0 0
20141018 5 4 2 5 0 0
20141018 6 1 7 4 0 0
20141018 7 3 7 4 0 0
20141018 8 2 1 5 2 1
20141018 9 7 2 9 5 2
20141018 10 7 1 3 5 1
20141018 11 9 3 1 6 3
20141018 12 2 9 5 2 6
20141019 1 2 6 4 0 0
20141019 2 3 4 7 0 0
20141019 3 5 1 7 0 0
20141019 4 1 7 2 0 0
20141019 5 7 6 3 0 0
20141019 6 1 6 2 0 0
20141019 7 5 6 3 0 0
20141019 8 3 1 7 3 1
20141019 9 3 5 7 3 4
20141019 10 8 7 5 6 5
20141019 11 1 3 9 1 3
20141019 12 6 2 5 5 2
20141020 1 1 4 3 0 0
20141020 2 4 1 5 0 0
20141020 3 7 4 3 0 0
20141020 4 1 7 4 0 0
20141020 5 4 1 3 0 0
20141020 6 4 9 1 4 6
20141020 7 1 7 4 1 5
20141020 8 7 1 6 5 1
20141020 9 1 9 2 1 6
20141020 10 2 5 1 0 0
20141020 11 5 4 6 0 0
20141020 12 3 1 5 3 1
20141117 1 5 1 3 0 0
20141117 2 1 4 7 0 0
20141117 3 4 1 7 0 0
20141117 4 2 4 7 0 0
20141117 5 5 2 1 0 0
20141117 6 2 8 5 2 6
20141117 7 1 7 3 1 5
20141117 8 3 7 2 3 5
20141117 9 1 5 9 1 4
20141117 10 9 3 5 6 3
20141118 1 2 3 5 0 0
20141118 2 7 5 3 0 0
20141118 3 2 4 3 0 0
20141118 4 4 7 2 0 0
20141118 5 3 1 7 0 0
20141118 6 5 1 3 4 1
20141118 7 7 9 2 5 6
20141118 8 1 7 2 1 5
20141118 9 7 9 1 5 6
20141118 10 3 5 7 3 4
20141119 1 3 7 4 0 0
20141119 2 1 5 4 0 0
20141119 3 5 2 7 0 0
20141119 4 1 4 5 0 0
20141119 5 7 5 8 5 4
20141119 6 2 1 4 2 1
20141119 7 4 3 7 0 0
20141119 8 2 9 3 2 6
20141119 9 1 5 6 1 4
20141119 10 3 9 2 3 6
20150110 1 3 5 7 0 0
20150110 2 3 7 1 0 0
20150110 3 1 7 2 0 0
20150110 4 6 3 5 0 0
20150110 5 1 5 4 0 0
20150110 6 1 9 2 1 6
20150110 7 5 3 9 4 3
20150110 8 3 7 8 3 5
20150110 9 2 5 8 2 4
20150110 10 4 1 3 4 1
20150111 1 3 4 1 0 0
20150111 2 2 5 4 0 0
20150111 3 4 3 2 0 0
20150111 4 2 4 5 0 0
20150111 5 7 3 2 0 0
20150111 6 6 5 2 5 4
20150111 7 2 7 5 2 5
20150111 8 1 7 4 1 5
20150111 9 4 9 3 4 6
20150111 10 9 2 7 6 2
20150112 1 5 2 3 0 0
20150112 2 1 7 5 0 0
20150112 3 7 1 3 0 0
20150112 4 5 1 7 0 0
20150112 5 1 7 2 1 5
20150112 6 1 2 5 1 2
20150112 7 1 3 5 0 0
20150112 8 7 1 9 5 1
20150112 9 5 1 7 4 1
20150112 10 1 2 5 1 2
20150209 1 7 1 4 0 0
20150209 2 4 5 1 0 0
20150209 3 2 4 7 0 0
20150209 4 2 5 3 0 0
20150209 5 4 1 7 0 0
20150209 6 7 1 9 5 1
20150209 7 1 5 9 1 4
20150209 8 8 3 1 6 3
20150209 9 2 9 5 2 6
20150209 10 1 4 7 1 4
20150210 1 5 4 3 0 0
20150210 2 4 2 1 0 0
20150210 3 7 2 4 0 0
20150210 4 2 4 7 0 0
20150210 5 2 7 5 0 0
20150210 6 4 6 8 4 5
20150210 7 3 1 2 3 1
20150210 8 9 1 2 6 1
20150210 9 3 5 2 3 4
20150210 10 9 7 1 6 5
20150211 1 3 1 2 0 0
20150211 2 3 7 5 0 0
20150211 3 1 5 7 0 0
20150211 4 5 6 1 0 0
20150211 5 9 3 8 6 3
20150211 6 3 8 4 3 6
20150211 7 2 7 3 0 0
20150211 8 1 9 5 1 6
20150211 9 9 1 5 6 1
20150211 10 3 7 5 3 5
20150311 1 9 3 1 6 3
20150311 2 9 2 4 6 2
20150311 3 7 2 3 5 2
20150311 4 1 7 5 1 5
20150311 5 7 1 3 5 1
20150311 6 8 1 3 6 1
20150311 7 1 5 3 1 4
20150311 8 8 9 2 6 6
20150311 9 4 7 5 4 5
20150311 10 4 3 2 4 3
20150311 11 9 1 5 6 1
20150312 1 7 3 1 5 3
20150312 2 3 2 7 3 2
20150312 3 1 7 9 1 5
20150312 4 9 3 1 6 3
20150312 5 7 4 5 5 4
20150312 6 1 2 5 1 2
20150312 7 7 5 4 5 4
20150312 8 5 7 4 4 5
20150312 9 2 5 1 2 4
20150312 10 1 9 7 1 6
20150312 11 2 9 5 2 6
20150313 1 7 2 4 5 2
20150313 2 1 7 8 1 5
20150313 3 2 5 4 2 4
20150313 4 5 1 3 4 1
20150313 5 5 2 3 4 2
20150313 6 5 2 1 4 2
20150313 7 7 5 9 5 4
20150313 8 3 5 7 3 4
20150313 9 3 4 1 3 4
20150313 10 6 9 7 5 6
20150313 11 3 6 4 3 5
20150326 1 5 7 3 0 0
20150326 2 1 2 7 0 0
20150326 3 1 4 7 0 0
20150326 4 1 7 5 0 0
20150326 5 2 7 5 0 0
20150326 6 7 2 9 5 2
20150326 7 7 3 9 5 3
20150326 8 1 7 5 1 5
20150326 9 2 5 1 2 4
20150326 10 2 9 4 2 6
20150327 1 4 7 6 0 0
20150327 2 4 5 3 0 0
20150327 3 1 5 4 0 0
20150327 4 4 6 3 0 0
20150327 5 7 1 4 0 0
20150327 6 7 5 4 5 4
20150327 7 2 9 7 2 6
20150327 8 2 7 5 2 5
20150327 9 1 3 2 1 3
20150327 10 7 1 8 5 1
20150328 1 1 7 4 0 0
20150328 2 5 2 4 0 0
20150328 3 1 4 5 0 0
20150328 4 7 4 6 0 0
20150328 5 1 5 7 1 4
20150328 6 5 1 3 4 1
20150328 7 4 1 7 0 0
20150328 8 1 4 5 1 4
20150328 9 4 2 9 4 2
20150328 10 2 8 1 2 6
20150423 1 1 5 4 0 0
20150423 2 3 5 1 0 0
20150423 3 5 1 6 0 0
20150423 4 5 2 4 0 0
20150423 5 3 7 1 0 0
20150423 6 5 4 1 4 4
20150423 7 9 1 7 6 1
20150423 8 7 5 8 5 4
20150423 9 2 1 5 2 1
20150423 10 6 9 8 5 6
20150424 1 1 4 2 0 0
20150424 2 7 6 1 0 0
20150424 3 4 2 7 0 0
20150424 4 7 5 4 0 0
20150424 5 4 5 7 0 0
20150424 6 7 1 3 5 1
20150424 7 1 7 5 1 5
20150424 8 9 4 5 6 4
20150424 9 1 3 2 1 3
20150424 10 2 4 9 2 4
20150425 1 4 2 5 0 0
20150425 2 3 1 2 0 0
20150425 3 5 3 1 0 0
20150425 4 7 4 3 0 0
20150425 5 9 1 8 6 1
20150425 6 5 8 2 4 6
20150425 7 7 2 5 0 0
20150425 8 6 2 5 5 2
20150425 9 9 1 2 6 1
20150425 10 1 7 5 1 5
20150519 1 5 9 2 4 6
20150519 2 5 2 1 4 2
20150519 3 2 5 1 2 4
20150519 4 2 9 1 2 6
20150519 5 7 1 8 5 1
20150519 6 1 5 9 1 4
20150519 7 2 7 8 2 5
20150519 8 1 2 4 1 2
20150519 9 9 7 5 6 5
20150519 10 1 5 9 1 4
20150519 11 7 1 3 5 1
20150520 1 5 1 2 4 1
20150520 2 9 5 1 6 4
20150520 3 1 2 9 1 2
20150520 4 9 1 8 6 1
20150520 5 9 3 2 6 3
20150520 6 9 5 2 6 4
20150520 7 2 3 4 2 3
20150520 8 9 1 3 6 1
20150520 9 3 8 9 3 6
20150520 10 1 9 5 1 6
20150520 11 3 8 5 3 6
20150521 1 3 2 7 3 2
20150521 2 4 1 7 4 1
20150521 3 7 5 8 5 4
20150521 4 1 3 9 1 3
20150521 5 3 9 2 3 6
20150521 6 1 9 3 1 6
20150521 7 1 7 9 1 5
20150521 8 1 5 9 1 4
20150521 9 3 8 4 3 6
20150521 10 9 3 1 6 3
20150521 11 5 9 1 4 6
20150530 1 1 7 2 1 5
20150530 2 1 4 9 1 4
20150530 3 7 3 5 5 3
20150530 4 7 1 2 5 1
20150530 5 3 7 5 3 5
20150530 6 3 5 9 3 4
20150530 7 4 7 3 4 5
20150530 8 2 5 1 2 4
20150530 9 1 9 5 1 6
20150530 10 1 2 7 1 2
20150530 11 3 1 5 3 1
20150530 12 1 6 8 1 5
20150531 1 9 6 3 6 5
20150531 2 7 1 8 5 1
20150531 3 9 7 3 6 5
20150531 4 7 3 1 5 3
20150531 5 1 5 2 1 4
20150531 6 2 1 9 2 1
20150531 7 7 3 5 5 3
20150531 8 3 9 1 3 6
20150531 9 3 9 7 3 6
20150531 10 1 5 7 1 4
20150531 11 7 6 1 5 5
20150531 12 3 1 9 3 1
20150601 1 4 6 1 4 5
20150601 2 7 8 3 5 6
20150601 3 1 9 3 1 6
20150601 4 3 1 5 3 1
20150601 5 2 5 7 2 4
20150601 6 7 1 5 5 1
20150601 7 7 5 1 5 4
20150601 8 1 3 9 1 3
20150601 9 5 9 2 4 6
20150601 10 2 5 3 2 4
20150601 11 3 1 9 3 1
20150601 12 7 1 5 5 1
20150602 1 7 4 1 5 4
20150602 2 1 2 8 1 2
20150602 3 7 2 3 5 2
20150602 4 3 7 5 3 5
20150602 5 1 7 9 1 5
20150602 6 7 1 4 5 1
20150602 7 1 5 9 1 4
20150602 8 7 9 3 5 6
20150602 9 2 8 5 2 6
20150602 10 2 8 5 2 6
20150602 11 7 3 4 5 3
20150606 1 7 1 6 0 0
20150606 2 1 4 2 0 0
20150606 3 3 5 4 0 0
20150606 4 2 7 4 0 0
20150606 5 7 3 1 0 0
20150606 6 3 5 4 0 0
20150606 7 7 1 3 0 0
20150606 8 2 3 9 2 3
20150606 9 3 9 5 3 6
20150606 10 1 9 5 1 6
20150606 11 9 3 7 6 3
20150606 12 1 7 4 1 5
20150607 1 5 3 7 0 0
20150607 2 5 3 7 0 0
20150607 3 4 5 1 0 0
20150607 4 4 3 2 0 0
20150607 5 2 4 5 0 0
20150607 6 7 3 4 0 0
20150607 7 5 3 6 0 0
20150607 8 9 7 3 6 5
20150607 9 4 1 6 4 1
20150607 10 9 1 3 6 1
20150607 11 1 2 7 1 2
20150607 12 4 5 9 4 4
20150608 1 2 5 1 0 0
20150608 2 7 1 2 0 0
20150608 3 2 6 4 0 0
20150608 4 2 5 6 0 0
20150608 5 1 6 3 0 0
20150608 6 7 2 9 5 2
20150608 7 3 1 9 3 1
20150608 8 9 5 7 6 4
20150608 9 9 1 5 6 1
20150608 10 1 4 3 0 0
20150608 11 2 1 3 0 0
20150608 12 6 7 9 5 5
20150710 1 4 6 5 0 0
20150710 2 2 3 7 0 0
20150710 3 2 5 7 0 0
20150710 4 4 2 7 0 0
20150710 5 3 4 5 0 0
20150710 6 2 9 7 2 6
20150710 7 3 8 7 3 6
20150710 8 9 2 5 6 2
20150710 9 9 7 5 6 5
20150710 10 8 2 7 6 2
20150711 1 5 1 3 0 0
20150711 2 7 3 2 0 0
20150711 3 2 4 1 0 0
20150711 4 4 2 5 0 0
20150711 5 1 3 6 0 0
20150711 6 2 9 6 2 6
20150711 7 1 9 6 1 6
20150711 8 2 9 1 2 6
20150711 9 2 7 9 2 5
20150711 10 8 5 9 6 4
20150712 1 4 5 3 0 0
20150712 2 2 5 4 0 0
20150712 3 5 3 4 0 0
20150712 4 5 1 7 0 0
20150712 5 7 1 5 0 0
20150712 6 1 5 9 1 4
20150712 7 2 5 6 2 4
20150712 8 1 3 9 1 3
20150712 9 1 4 2 1 4
20150712 10 5 8 2 4 6
