20111222 1 1 7 5 1 5
20111222 2 1 4 7 1 4
20111222 3 4 2 1 4 2
20111222 4 4 8 6 4 6
20111222 5 5 2 4 4 2
20111222 6 2 1 9 2 1
20111222 7 3 1 4 3 1
20111222 8 9 7 1 6 5
20111222 9 5 3 8 4 3
20111222 10 3 1 6 3 1
20111222 11 3 1 8 3 1
20111223 1 3 1 2 3 1
20111223 2 2 7 3 2 5
20111223 3 2 4 3 2 4
20111223 4 1 2 8 1 2
20111223 5 3 5 9 3 4
20111223 6 2 5 3 2 4
20111223 7 1 5 9 1 4
20111223 8 5 7 8 4 5
20111223 9 7 2 3 5 2
20111223 10 1 6 4 1 5
20111223 11 1 3 5 1 3
20111223 12 5 9 1 4 6
20111224 1 2 4 6 2 4
20111224 2 7 2 3 5 2
20111224 3 6 3 2 5 3
20111224 4 5 2 3 4 2
20111224 5 1 2 9 1 2
20111224 6 7 3 9 5 3
20111224 7 7 2 3 5 2
20111224 8 6 4 3 5 4
20111224 9 6 9 3 5 6
20111224 10 3 2 9 3 2
20111224 11 5 6 8 4 5
20111224 12 7 1 9 5 1
20111225 1 1 4 6 1 4
20111225 2 1 3 7 1 3
20111225 3 4 3 1 4 3
20111225 4 3 9 6 3 6
20111225 5 3 6 7 3 5
20111225 6 5 3 7 4 3
20111225 7 2 5 7 2 4
20111225 8 7 2 4 5 2
20111225 9 2 7 3 2 5
20111225 10 5 1 7 4 1
20111225 11 1 7 3 1 5
20121004 1 5 7 4 0 0
20121004 2 3 5 2 0 0
20121004 3 4 1 3 0 0
20121004 4 3 4 2 0 0
20121004 5 5 7 2 0 0
20121004 6 9 2 1 6 2
20121004 7 5 9 3 0 0
20121004 8 5 2 1 4 2
20121004 9 7 2 6 5 2
20121004 10 1 5 2 1 4
20121004 11 7 3 4 5 3
20121005 1 7 2 5 0 0
20121005 2 4 1 7 0 0
20121005 3 5 4 3 0 0
20121005 4 1 7 5 0 0
20121005 5 7 2 3 0 0
20121005 6 1 6 8 1 5
20121005 7 2 7 1 2 5
20121005 8 5 1 2 4 1
20121005 9 1 7 3 1 5
20121005 10 3 2 1 3 2
20121005 11 2 6 1 2 5
20121006 1 2 7 3 0 0
20121006 2 3 7 5 0 0
20121006 3 5 2 3 0 0
20121006 4 5 2 1 0 0
20121006 5 5 9 3 4 6
20121006 6 7 3 9 0 0
20121006 7 1 5 7 0 0
20121006 8 2 4 9 2 4
20121006 9 7 2 1 5 2
20121006 10 3 5 1 3 4
20121006 11 2 4 9 2 4
20121010 1 3 5 2 0 0
20121010 2 4 2 3 0 0
20121010 3 3 2 7 0 0
20121010 4 7 1 3 0 0
20121010 5 5 2 3 0 0
20121010 6 8 5 2 6 4
20121010 7 1 9 7 1 6
20121010 8 2 8 5 2 6
20121010 9 3 9 2 3 6
20121010 10 1 5 2 1 4
20121010 11 7 2 4 5 2
20121011 1 2 3 5 0 0
20121011 2 3 5 7 0 0
20121011 3 3 5 2 0 0
20121011 4 3 5 6 0 0
20121011 5 2 7 4 0 0
20121011 6 9 7 2 0 0
20121011 7 3 7 1 3 5
20121011 8 2 7 4 2 5
20121011 9 9 1 7 6 1
20121011 10 4 2 9 4 2
20121011 11 1 7 9 1 5
20121012 1 7 1 5 0 0
20121012 2 3 4 2 0 0
20121012 3 4 1 7 0 0
20121012 4 3 7 5 0 0
20121012 5 1 2 5 1 2
20121012 6 3 9 2 3 6
20121012 7 5 2 7 0 0
20121012 8 3 5 7 3 4
20121012 9 3 5 8 0 0
20121012 10 5 1 8 4 1
20121012 11 5 9 1 4 6
20121023 1 2 1 5 0 0
20121023 2 5 1 2 0 0
20121023 3 2 4 3 0 0
20121023 4 4 1 5 0 0
20121023 5 7 3 1 0 0
20121023 6 9 2 7 6 2
20121023 7 1 9 3 1 6
20121023 8 3 5 1 3 4
20121023 9 9 2 3 6 2
20121023 10 9 3 1 6 3
20121023 11 3 4 7 3 4
20121024 1 4 5 2 0 0
20121024 2 1 4 3 0 0
20121024 3 1 3 6 0 0
20121024 4 7 5 2 0 0
20121024 5 3 4 1 0 0
20121024 6 1 5 8 1 4
20121024 7 5 2 7 4 2
20121024 8 6 9 3 5 6
20121024 9 9 3 1 6 3
20121024 10 1 7 9 1 5
20121024 11 2 9 4 2 6
20121025 1 4 3 5 0 0
20121025 2 5 2 7 0 0
20121025 3 4 2 3 0 0
20121025 4 3 2 7 0 0
20121025 5 7 4 2 5 4
20121025 6 5 2 3 4 2
20121025 7 7 2 1 0 0
20121025 8 2 7 3 2 5
20121025 9 7 3 5 5 3
20121025 10 7 1 9 5 1
20121025 11 9 1 5 6 1
20121108 1 7 4 5 0 0
20121108 2 1 7 3 0 0
20121108 3 5 4 2 0 0
20121108 4 2 4 1 0 0
20121108 5 5 7 4 0 0
20121108 6 9 3 2 6 3
20121108 7 1 5 7 1 4
20121108 8 5 7 3 4 5
20121108 9 2 4 3 2 4
20121108 10 7 9 1 5 6
20121108 11 3 5 8 3 4
20121109 1 1 7 4 0 0
20121109 2 7 3 4 0 0
20121109 3 4 3 1 0 0
20121109 4 7 1 3 0 0
20121109 5 7 4 3 0 0
20121109 6 7 2 4 5 2
20121109 7 7 9 2 5 6
20121109 8 7 2 1 5 2
20121109 9 2 7 5 2 5
20121109 10 9 2 7 6 2
20121109 11 5 9 3 4 6
20121110 1 3 5 7 0 0
20121110 2 1 4 7 0 0
20121110 3 1 3 5 0 0
20121110 4 1 3 4 0 0
20121110 5 8 2 3 6 2
20121110 6 5 3 2 4 3
20121110 7 3 4 1 0 0
20121110 8 6 3 1 5 3
20121110 9 2 1 9 2 1
20121110 10 2 5 7 2 4
20121110 11 9 8 1 6 6
20121208 1 1 7 2 1 5
20121208 2 9 3 6 6 3
20121208 3 3 7 4 3 5
20121208 4 9 1 2 6 1
20121208 5 5 3 6 4 3
20121208 6 7 2 1 5 2
20121208 7 9 1 4 6 1
20121208 8 5 7 2 4 5
20121208 9 3 2 4 3 2
20121208 10 5 1 9 4 1
20121208 11 3 8 7 3 6
20121209 1 7 2 3 5 2
20121209 2 7 3 2 5 3
20121209 3 5 3 7 4 3
20121209 4 9 8 1 6 6
20121209 5 5 9 2 4 6
20121209 6 3 9 4 3 6
20121209 7 1 3 7 1 3
20121209 8 9 6 2 6 5
20121209 9 3 1 5 3 1
20121209 10 1 7 8 1 5
20121209 11 1 8 2 1 6
20121210 1 7 6 3 5 5
20121210 2 9 3 4 6 3
20121210 3 7 9 3 5 6
20121210 4 1 7 5 1 5
20121210 5 2 8 5 2 6
20121210 6 4 8 2 4 6
20121210 7 3 5 2 3 4
20121210 8 7 1 3 5 1
20121210 9 4 7 6 4 5
20121210 10 5 3 2 4 3
20121210 11 7 9 1 5 6
20121211 1 2 9 6 2 6
20121211 2 1 5 3 1 4
20121211 3 1 5 6 1 4
20121211 4 1 6 2 1 5
20121211 5 4 1 9 4 1
20121211 6 9 3 6 6 3
20121211 7 2 3 8 2 3
20121211 8 2 9 7 2 6
20121211 9 2 7 9 2 5
20121211 10 1 5 7 1 4
20121211 11 9 5 1 6 4
20121226 1 2 4 7 0 0
20121226 2 2 7 4 0 0
20121226 3 7 1 6 0 0
20121226 4 2 4 6 0 0
20121226 5 3 5 2 0 0
20121226 6 5 9 7 4 6
20121226 7 1 5 7 1 4
20121226 8 5 3 1 4 3
20121226 9 7 4 2 5 4
20121226 10 3 9 1 3 6
20121226 11 7 3 5 5 3
20121227 1 1 5 4 0 0
20121227 2 1 3 6 0 0
20121227 3 4 1 3 0 0
20121227 4 2 5 7 0 0
20121227 5 5 3 2 0 0
20121227 6 9 1 6 6 1
20121227 7 1 4 7 1 4
20121227 8 7 9 3 5 6
20121227 9 5 1 9 4 1
20121227 10 2 3 7 2 3
20121227 11 1 7 5 1 5
20121228 1 6 3 1 0 0
20121228 2 5 1 4 0 0
20121228 3 1 5 4 0 0
20121228 4 1 5 7 0 0
20121228 5 7 3 9 5 3
20121228 6 3 9 6 3 6
20121228 7 7 3 2 0 0
20121228 8 5 3 9 4 3
20121228 9 7 5 2 5 4
20121228 10 9 1 6 6 1
20121228 11 7 1 2 5 1
20130102 1 7 1 2 5 1
20130102 2 9 1 7 6 1
20130102 3 9 4 3 6 4
20130102 4 9 2 6 6 2
20130102 5 7 6 1 5 5
20130102 6 7 3 4 5 3
20130102 7 9 2 1 6 2
20130102 8 3 8 9 3 6
20130102 9 5 3 1 4 3
20130102 10 7 9 5 5 6
20130102 11 3 2 5 3 2
20130103 1 7 8 3 5 6
20130103 2 8 2 6 6 2
20130103 3 1 7 3 1 5
20130103 4 1 2 3 1 2
20130103 5 9 3 7 6 3
20130103 6 2 9 3 2 6
20130103 7 5 2 1 4 2
20130103 8 9 2 6 6 2
20130103 9 1 2 7 1 2
20130103 10 5 1 9 4 1
20130103 11 7 1 4 5 1
20130104 1 3 2 5 3 2
20130104 2 5 7 3 4 5
20130104 3 5 3 2 4 3
20130104 4 3 5 1 3 4
20130104 5 5 3 9 4 3
20130104 6 7 4 3 5 4
20130104 7 8 1 4 6 1
20130104 8 4 2 3 4 2
20130104 9 2 5 1 2 4
20130104 10 1 5 6 1 4
20130104 11 5 1 2 4 1
20130110 1 5 7 1 0 0
20130110 2 7 1 3 0 0
20130110 3 4 3 2 0 0
20130110 4 7 4 5 0 0
20130110 5 2 4 7 0 0
20130110 6 2 9 5 2 6
20130110 7 5 7 2 4 5
20130110 8 2 5 3 2 4
20130110 9 5 3 7 4 3
20130110 10 2 9 7 2 6
20130110 11 8 6 9 6 5
20130111 1 5 1 6 0 0
20130111 2 3 5 1 0 0
20130111 3 7 3 6 0 0
20130111 4 5 1 2 0 0
20130111 5 4 1 3 0 0
20130111 6 6 2 5 5 2
20130111 7 4 1 6 4 1
20130111 8 3 8 2 3 6
20130111 9 1 5 7 1 4
20130111 10 7 2 3 5 2
20130111 11 7 3 1 5 3
20130112 1 7 5 3 0 0
20130112 2 4 1 7 0 0
20130112 3 5 7 3 0 0
20130112 4 2 5 6 0 0
20130112 5 5 9 3 4 6
20130112 6 9 1 5 6 1
20130112 7 2 1 7 0 0
20130112 8 3 5 2 3 4
20130112 9 1 3 8 1 3
20130112 10 4 1 7 0 0
20130112 11 2 4 3 2 4
20130215 1 1 7 2 0 0
20130215 2 5 7 2 0 0
20130215 3 3 5 4 0 0
20130215 4 5 1 3 0 0
20130215 5 3 5 1 0 0
20130215 6 2 6 3 2 5
20130215 7 7 9 1 5 6
20130215 8 6 1 2 5 1
20130215 9 6 1 4 5 1
20130215 10 2 9 7 2 6
20130215 11 2 7 5 2 5
20130216 1 7 3 5 0 0
20130216 2 1 4 7 0 0
20130216 3 7 1 4 0 0
20130216 4 3 7 4 0 0
20130216 5 9 7 5 0 0
20130216 6 9 5 1 6 4
20130216 7 9 1 2 6 1
20130216 8 5 3 9 4 3
20130216 9 2 9 7 2 6
20130216 10 6 5 7 0 0
20130216 11 3 7 2 3 5
20130305 1 7 4 3 0 0
20130305 2 3 4 1 0 0
20130305 3 1 7 5 0 0
20130305 4 2 3 4 0 0
20130305 5 3 6 2 0 0
20130305 6 1 8 2 1 6
20130305 7 7 9 3 5 6
20130305 8 3 7 6 3 5
20130305 9 2 9 3 2 6
20130305 10 3 6 8 3 5
20130305 11 2 3 8 2 3
20130306 1 1 3 4 0 0
20130306 2 1 5 7 0 0
20130306 3 1 5 2 0 0
20130306 4 2 7 4 0 0
20130306 5 7 1 4 0 0
20130306 6 2 1 9 2 1
20130306 7 1 3 9 1 3
20130306 8 3 2 1 3 2
20130306 9 7 4 3 5 4
20130306 10 2 1 7 2 1
20130306 11 2 7 8 2 5
20130307 1 7 4 6 0 0
20130307 2 4 7 3 0 0
20130307 3 1 3 7 0 0
20130307 4 1 7 6 0 0
20130307 5 2 7 1 2 5
20130307 6 1 2 8 1 2
20130307 7 1 8 9 1 6
20130307 8 2 5 3 2 4
20130307 9 5 1 9 4 1
20130307 10 7 1 5 0 0
20130307 11 7 1 9 5 1
20130402 1 5 7 3 0 0
20130402 2 2 4 3 0 0
20130402 3 3 5 1 0 0
20130402 4 4 1 2 0 0
20130402 5 3 7 5 0 0
20130402 6 5 1 7 4 1
20130402 7 7 2 4 5 2
20130402 8 9 2 5 6 2
20130402 9 7 2 4 5 2
20130402 10 7 2 8 5 2
20130403 1 5 2 4 0 0
20130403 2 3 5 4 0 0
20130403 3 1 5 7 0 0
20130403 4 5 1 2 0 0
20130403 5 7 2 1 0 0
20130403 6 9 2 3 6 2
20130403 7 9 7 1 6 5
20130403 8 2 1 3 2 1
20130403 9 2 1 9 2 1
20130403 10 2 5 1 2 4
20130404 1 7 1 2 0 0
20130404 2 5 2 1 0 0
20130404 3 3 5 2 0 0
20130404 4 5 3 1 0 0
20130404 5 7 1 3 5 1
20130404 6 9 3 1 6 3
20130404 7 3 9 2 3 6
20130404 8 5 1 7 4 1
20130404 9 3 4 1 0 0
20130404 10 7 4 8 5 4
20130418 1 5 1 2 0 0
20130418 2 7 3 2 0 0
20130418 3 1 4 2 0 0
20130418 4 1 4 7 0 0
20130418 5 7 2 5 0 0
20130418 6 9 2 5 6 2
20130418 7 1 7 3 1 5
20130418 8 7 1 2 5 1
20130418 9 1 3 4 1 3
20130418 10 3 8 6 3 6
20130419 1 4 7 2 0 0
20130419 2 5 7 4 0 0
20130419 3 1 5 6 0 0
20130419 4 1 3 7 0 0
20130419 5 2 6 4 0 0
20130419 6 9 3 6 6 3
20130419 7 7 9 3 5 6
20130419 8 2 9 7 2 6
20130419 9 2 5 6 2 4
20130419 10 9 7 2 6 5
20130420 1 3 7 4 0 0
20130420 2 2 4 1 0 0
20130420 3 6 4 2 0 0
20130420 4 1 5 7 0 0
20130420 5 1 7 8 1 5
20130420 6 6 3 9 5 3
20130420 7 2 9 5 2 6
20130420 8 4 2 6 4 2
20130420 9 3 2 4 0 0
20130420 10 5 7 3 4 5
20130430 1 3 7 5 0 0
20130430 2 2 5 7 0 0
20130430 3 3 4 2 0 0
20130430 4 7 5 3 0 0
20130430 5 3 4 5 0 0
20130430 6 2 9 7 2 6
20130430 7 7 1 2 5 1
20130430 8 1 9 5 1 6
20130430 9 1 5 3 1 4
20130430 10 6 9 2 5 6
20130501 1 7 2 3 0 0
20130501 2 4 1 7 0 0
20130501 3 5 2 3 0 0
20130501 4 1 5 2 0 0
20130501 5 3 7 2 0 0
20130501 6 9 2 3 6 2
20130501 7 9 7 8 6 5
20130501 8 2 1 6 2 1
20130501 9 2 3 5 2 3
20130501 10 5 7 3 4 5
20130502 1 4 5 1 0 0
20130502 2 3 2 5 0 0
20130502 3 6 5 1 0 0
20130502 4 5 4 2 0 0
20130502 5 7 9 2 5 6
20130502 6 2 1 3 2 1
20130502 7 7 2 9 5 2
20130502 8 8 1 3 6 1
20130502 9 4 7 1 0 0
20130502 10 1 9 2 1 6
20130515 1 2 5 3 0 0
20130515 2 2 5 3 0 0
20130515 3 4 5 3 0 0
20130515 4 4 3 7 0 0
20130515 5 4 2 6 0 0
20130515 6 2 9 5 2 6
20130515 7 9 4 2 0 0
20130515 8 2 9 3 2 6
20130515 9 2 7 5 2 5
20130515 10 4 7 2 4 5
20130516 1 3 2 5 0 0
20130516 2 5 2 3 0 0
20130516 3 3 5 1 0 0
20130516 4 3 4 1 0 0
20130516 5 4 2 7 0 0
20130516 6 4 1 6 4 1
20130516 7 3 9 4 3 6
20130516 8 2 3 9 2 3
20130516 9 5 3 1 4 3
20130516 10 1 9 5 1 6
20130517 1 5 2 1 0 0
20130517 2 1 4 2 0 0
20130517 3 5 3 1 0 0
20130517 4 2 4 1 0 0
20130517 5 7 1 4 5 1
20130517 6 2 7 1 2 5
20130517 7 7 9 3 5 6
20130517 8 5 1 3 4 1
20130517 9 3 6 4 0 0
20130517 10 2 9 5 2 6
20130603 1 1 5 4 0 0
20130603 2 4 5 2 0 0
20130603 3 5 1 2 0 0
20130603 4 3 7 1 0 0
20130603 5 5 1 4 0 0
20130603 6 1 9 3 1 6
20130603 7 3 7 6 3 5
20130603 8 9 1 3 6 1
20130603 9 1 9 4 1 6
20130603 10 3 5 9 3 4
20130604 1 5 4 1 0 0
20130604 2 7 4 2 0 0
20130604 3 3 7 2 0 0
20130604 4 4 2 5 0 0
20130604 5 2 3 7 0 0
20130604 6 7 2 5 5 2
20130604 7 1 7 5 1 5
20130604 8 7 9 1 5 6
20130604 9 3 7 9 3 5
20130604 10 7 3 1 5 3
20130605 1 5 2 4 0 0
20130605 2 5 2 4 0 0
20130605 3 5 1 4 0 0
20130605 4 4 5 7 0 0
20130605 5 1 5 7 1 4
20130605 6 7 5 9 5 4
20130605 7 1 8 5 1 6
20130605 8 1 3 2 1 3
20130605 9 1 4 7 0 0
20130605 10 2 5 1 2 4
20130704 1 1 2 4 0 0
20130704 2 2 4 7 0 0
20130704 3 1 3 2 0 0
20130704 4 3 5 7 0 0
20130704 5 1 2 7 0 0
20130704 6 5 7 2 4 5
20130704 7 2 1 5 2 1
20130704 8 2 3 4 2 3
20130704 9 7 2 3 5 2
20130704 10 9 1 8 6 1
20130705 1 7 1 3 0 0
20130705 2 1 5 4 0 0
20130705 3 5 4 3 0 0
20130705 4 4 1 2 0 0
20130705 5 5 4 2 0 0
20130705 6 7 4 9 5 4
20130705 7 7 3 2 5 3
20130705 8 7 2 9 5 2
20130705 9 2 9 4 2 6
20130705 10 7 2 1 5 2
20130706 1 1 6 4 0 0
20130706 2 5 2 4 0 0
20130706 3 1 5 3 0 0
20130706 4 4 1 5 0 0
20130706 5 4 2 3 4 2
20130706 6 9 1 7 6 1
20130706 7 3 1 5 3 1
20130706 8 1 9 5 1 6
20130706 9 6 1 2 0 0
20130706 10 9 1 2 6 1
20130710 1 2 1 3 0 0
20130710 2 3 2 5 0 0
20130710 3 7 3 6 0 0
20130710 4 4 5 3 0 0
20130710 5 2 7 1 0 0
20130710 6 2 5 3 2 4
20130710 7 5 2 4 4 2
20130710 8 5 1 6 4 1
20130710 9 7 1 9 5 1
20130710 10 5 3 6 4 3
20130711 1 3 5 1 0 0
20130711 2 7 5 1 0 0
20130711 3 7 1 5 0 0
20130711 4 7 4 5 0 0
20130711 5 6 5 3 5 4
20130711 6 9 3 7 6 3
20130711 7 1 2 9 1 2
20130711 8 3 4 8 0 0
20130711 9 1 3 2 0 0
20130711 10 9 7 5 6 5
20130808 1 2 7 4 0 0
20130808 2 3 7 6 0 0
20130808 3 3 2 7 0 0
20130808 4 2 1 5 0 0
20130808 5 1 3 5 0 0
20130808 6 3 7 2 0 0
20130808 7 5 2 1 4 2
20130808 8 1 2 9 1 2
20130808 9 2 3 8 0 0
20130808 10 7 2 1 5 2
20130809 1 3 5 2 0 0
20130809 2 1 2 5 0 0
20130809 3 3 7 5 0 0
20130809 4 1 6 2 0 0
20130809 5 5 3 2 0 0
20130809 6 4 1 3 4 1
20130809 7 2 4 3 2 4
20130809 8 2 7 3 2 5
20130809 9 9 2 3 6 2
20130809 10 3 5 1 3 4
20130810 1 4 1 2 0 0
20130810 2 5 1 4 0 0
20130810 3 4 7 1 0 0
20130810 4 5 4 3 0 0
20130810 5 1 7 5 1 5
20130810 6 1 2 9 1 2
20130810 7 9 8 4 6 6
20130810 8 2 6 4 2 5
20130810 9 2 3 4 0 0
20130810 10 9 2 4 6 2
20130904 1 7 2 4 5 2
20130904 2 7 1 3 5 1
20130904 3 5 3 7 4 3
20130904 4 1 7 5 1 5
20130904 5 3 5 2 3 4
20130904 6 8 5 9 6 4
20130904 7 7 2 9 5 2
20130904 8 1 7 4 1 5
20130904 9 4 9 2 4 6
20130904 10 3 1 5 3 1
20130904 11 1 9 7 1 6
20130905 1 8 2 9 6 2
20130905 2 4 9 7 4 6
20130905 3 9 1 5 6 1
20130905 4 5 9 1 4 6
20130905 5 5 3 1 4 3
20130905 6 9 5 1 6 4
20130905 7 7 2 4 6 2
20130905 8 1 5 3 1 5
20130905 9 6 4 5 5 4
20130905 10 2 4 3 2 4
20130905 11 1 7 8 1 5
20130906 1 3 1 4 3 1
20130906 2 5 2 7 4 2
20130906 3 3 5 1 3 4
20130906 4 1 4 5 1 4
20130906 5 1 9 7 1 6
20130906 6 5 7 2 5 6
20130906 7 1 5 4 1 5
20130906 8 1 5 3 1 4
20130906 9 1 9 4 1 6
20130906 10 1 6 4 1 5
20130906 11 1 2 3 1 2
20131205 1 7 4 2 0 0
20131205 2 3 1 5 0 0
20131205 3 1 7 6 0 0
20131205 4 5 2 7 0 0
20131205 5 4 2 7 0 0
20131205 6 0 0 0 5 6
20131205 7 1 7 9 1 5
20131205 8 7 2 8 5 2
20131205 9 8 2 1 6 2
20131205 10 3 9 4 3 6
20131206 1 5 2 4 0 0
20131206 2 1 5 3 0 0
20131206 3 7 1 4 0 0
20131206 4 7 2 4 0 0
20131206 5 5 2 4 0 0
20131206 6 9 5 1 6 4
20131206 7 9 7 1 6 5
20131206 8 2 3 1 2 3
20131206 9 5 2 8 4 2
20131206 10 3 1 7 3 1
20131207 1 2 7 4 0 0
20131207 2 6 3 4 0 0
20131207 3 1 3 4 0 0
20131207 4 3 5 2 0 0
20131207 5 8 5 7 6 4
20131207 6 3 2 5 3 2
20131207 7 2 8 3 2 6
20131207 8 9 4 1 6 4
20131207 9 2 1 4 0 0
20131207 10 3 4 9 3 4
20131213 1 5 1 2 4 1
20131213 2 2 5 4 2 4
20131213 3 1 5 8 1 4
20131213 4 5 3 6 4 3
20131213 5 4 5 2 4 4
20131213 6 9 2 5 6 2
20131213 7 7 2 5 5 2
20131213 8 1 9 3 1 6
20131213 9 5 4 1 4 4
20131213 10 5 2 7 4 2
20131213 11 7 2 9 5 2
20131214 1 1 8 2 1 6
20131214 2 1 7 9 1 5
20131214 3 6 8 3 5 6
20131214 4 6 9 5 5 6
20131214 5 2 7 5 2 5
20131214 6 7 1 9 5 1
20131214 7 7 5 9 5 4
20131214 8 2 1 5 2 1
20131214 9 2 7 1 2 5
20131214 10 2 9 5 2 6
20131214 11 9 1 6 6 1
20131215 1 5 3 1 4 3
20131215 2 2 3 5 2 3
20131215 3 2 1 5 2 1
20131215 4 5 9 1 4 6
20131215 5 9 7 5 6 5
20131215 6 2 3 4 2 3
20131215 7 3 1 4 3 1
20131215 8 2 7 9 2 5
20131215 9 3 2 4 3 2
20131215 10 1 3 7 1 3
20131215 11 1 7 9 1 5
20131216 1 7 3 2 5 3
20131216 2 3 2 5 3 2
20131216 3 3 7 4 3 5
20131216 4 2 7 1 2 5
20131216 5 2 8 1 2 6
20131216 6 8 5 1 6 4
20131216 7 7 8 5 5 6
20131216 8 5 1 4 4 1
20131216 9 9 6 2 6 5
20131216 10 2 6 9 2 5
20131216 11 5 1 8 4 1
20140213 1 5 4 1 0 0
20140213 2 1 7 4 0 0
20140213 3 1 5 2 0 0
20140213 4 2 5 4 0 0
20140213 5 1 6 5 0 0
20140213 6 7 9 2 5 6
20140213 7 3 7 9 3 5
20140213 8 7 1 9 5 1
20140213 9 3 9 2 3 6
20140213 10 1 3 4 1 3
20140214 1 5 2 4 0 0
20140214 2 1 3 7 0 0
20140214 3 7 5 3 0 0
20140214 4 5 1 4 0 0
20140214 5 2 3 4 0 0
20140214 6 9 3 5 6 3
20140214 7 5 2 8 4 2
20140214 8 2 7 8 2 5
20140214 9 1 5 7 1 4
20140214 10 7 1 3 5 1
20140215 1 1 4 3 0 0
20140215 2 5 3 4 0 0
20140215 3 7 4 3 0 0
20140215 4 3 6 1 0 0
20140215 5 9 1 4 6 1
20140215 6 3 6 5 3 5
20140215 7 8 3 6 6 3
20140215 8 9 7 1 6 5
20140215 9 4 2 6 0 0
20140215 10 1 9 4 1 6
20140220 1 4 1 7 0 0
20140220 2 1 3 6 0 0
20140220 3 1 5 2 0 0
20140220 4 2 5 1 0 0
20140220 5 3 4 5 0 0
20140220 6 1 5 9 1 4
20140220 7 7 2 1 0 0
20140220 8 2 4 9 2 4
20140220 9 5 2 3 4 2
20140220 10 5 6 7 4 5
20140221 1 5 3 1 0 0
20140221 2 7 2 1 0 0
20140221 3 7 5 3 0 0
20140221 4 3 5 2 0 0
20140221 5 4 1 3 0 0
20140221 6 2 8 5 2 6
20140221 7 4 5 7 4 4
20140221 8 4 7 9 4 5
20140221 9 1 3 9 1 3
20140221 10 5 1 6 4 1
20140222 1 4 7 6 0 0
20140222 2 2 5 7 0 0
20140222 3 2 1 7 0 0
20140222 4 7 2 3 0 0
20140222 5 1 3 7 1 3
20140222 6 9 2 7 6 2
20140222 7 2 7 3 2 5
20140222 8 2 1 4 2 1
20140222 9 2 1 5 0 0
20140222 10 1 4 5 1 4
20140228 1 1 4 3 0 0
20140228 2 2 5 7 0 0
20140228 3 4 3 5 0 0
20140228 4 1 5 2 0 0
20140228 5 5 3 1 0 0
20140228 6 1 3 4 1 3
20140228 7 7 1 3 5 1
20140228 8 1 9 7 1 6
20140228 9 1 7 5 1 5
20140228 10 8 4 5 6 4
20140301 1 4 3 1 0 0
20140301 2 7 3 6 0 0
20140301 3 2 1 6 0 0
20140301 4 1 5 6 0 0
20140301 5 7 2 4 0 0
20140301 6 9 4 8 6 4
20140301 7 5 2 1 4 2
20140301 8 5 1 7 4 1
20140301 9 1 9 2 1 6
20140301 10 1 4 5 1 4
20140302 1 5 6 1 0 0
20140302 2 1 2 7 0 0
20140302 3 2 7 3 0 0
20140302 4 2 5 6 0 0
20140302 5 3 1 4 3 1
20140302 6 9 3 5 6 3
20140302 7 5 2 7 4 2
20140302 8 1 4 7 1 4
20140302 9 3 2 7 0 0
20140302 10 3 2 5 3 2
20140315 1 7 9 1 5 6
20140315 2 7 2 8 5 2
20140315 3 9 2 5 6 2
20140315 4 2 5 1 2 4
20140315 5 2 7 6 2 5
20140315 6 3 6 1 3 5
20140315 7 5 3 4 4 3
20140315 8 7 1 2 5 1
20140315 9 2 7 5 2 5
20140315 10 5 2 1 4 2
20140315 11 3 2 7 3 2
20140316 1 9 1 4 6 1
20140316 2 5 8 1 4 6
20140316 3 4 7 1 4 5
20140316 4 7 1 4 5 1
20140316 5 9 2 5 6 2
20140316 6 2 5 8 2 4
20140316 7 5 2 3 4 2
20140316 8 1 9 7 1 6
20140316 9 9 7 1 6 5
20140316 10 2 4 7 2 4
20140316 11 7 1 4 5 1
20140317 1 9 2 1 6 2
20140317 2 4 1 6 4 1
20140317 3 7 3 6 5 3
20140317 4 1 2 9 1 2
20140317 5 3 4 9 3 4
20140317 6 2 7 4 2 5
20140317 7 9 7 5 6 5
20140317 8 3 1 4 3 1
20140317 9 2 7 1 2 5
20140317 10 3 7 1 3 5
20140317 11 3 7 6 3 5
20140328 1 1 4 2 0 0
20140328 2 1 7 2 0 0
20140328 3 2 4 1 0 0
20140328 4 3 1 5 0 0
20140328 5 4 1 2 0 0
20140328 6 3 6 9 3 5
20140328 7 7 1 4 5 1
20140328 8 5 2 7 4 2
20140328 9 9 5 2 6 4
20140328 10 2 9 5 2 6
20140329 1 6 4 7 0 0
20140329 2 7 1 5 0 0
20140329 3 5 3 2 0 0
20140329 4 5 1 7 0 0
20140329 5 1 4 5 0 0
20140329 6 8 4 5 6 4
20140329 7 7 1 2 5 1
20140329 8 3 5 7 3 4
20140329 9 7 1 3 5 1
20140329 10 7 1 9 5 1
20140330 1 5 7 3 0 0
20140330 2 5 1 7 0 0
20140330 3 2 6 4 0 0
20140330 4 6 2 1 0 0
20140330 5 1 7 2 1 5
20140330 6 5 7 8 4 5
20140330 7 5 1 2 4 1
20140330 8 5 2 1 4 2
20140330 9 5 1 3 0 0
20140330 10 3 1 7 3 1
20140423 1 2 7 6 0 0
20140423 2 5 2 4 0 0
20140423 3 4 2 7 0 0
20140423 4 5 4 3 0 0
20140423 5 1 4 5 0 0
20140423 6 2 5 1 2 4
20140423 7 3 7 2 3 5
20140423 8 7 1 5 5 1
20140423 9 3 8 4 3 6
20140423 10 9 5 3 6 4
20140424 1 4 7 1 0 0
20140424 2 2 4 3 0 0
20140424 3 7 4 5 0 0
20140424 4 5 1 7 0 0
20140424 5 7 1 5 0 0
20140424 6 2 9 3 2 6
20140424 7 1 3 9 1 3
20140424 8 5 1 3 4 1
20140424 9 5 3 2 4 3
20140424 10 9 4 7 6 4
20140425 1 5 2 4 0 0
20140425 2 3 5 2 0 0
20140425 3 1 7 5 0 0
20140425 4 7 3 4 0 0
20140425 5 7 3 5 5 3
20140425 6 3 1 4 3 1
20140425 7 5 9 1 4 6
20140425 8 9 2 3 6 2
20140425 9 3 1 5 0 0
20140425 10 7 2 4 5 2
20140502 1 1 7 2 0 0
20140502 2 3 1 4 0 0
20140502 3 5 2 3 0 0
20140502 4 1 6 4 0 0
20140502 5 5 2 4 0 0
20140502 6 9 2 4 6 2
20140502 7 2 4 7 2 4
20140502 8 2 5 9 2 4
20140502 9 9 1 5 6 1
20140502 10 9 6 1 6 5
20140503 1 1 5 3 0 0
20140503 2 5 1 7 0 0
20140503 3 2 5 7 0 0
20140503 4 2 1 7 0 0
20140503 5 7 5 3 0 0
20140503 6 3 5 8 3 4
20140503 7 1 7 6 1 5
20140503 8 5 2 6 4 2
20140503 9 3 2 7 3 2
20140503 10 3 5 9 3 4
20140504 1 4 3 7 0 0
20140504 2 5 3 1 0 0
20140504 3 5 3 7 0 0
20140504 4 4 3 6 0 0
20140504 5 3 7 4 3 5
20140504 6 3 5 2 3 4
20140504 7 3 9 6 3 6
20140504 8 5 3 7 4 3
20140504 9 5 3 1 0 0
20140504 10 2 5 8 2 4
20140529 1 1 7 4 0 0
20140529 2 3 5 2 0 0
20140529 3 3 4 5 0 0
20140529 4 2 4 1 0 0
20140529 5 4 3 1 0 0
20140529 6 5 4 6 0 0
20140529 7 7 1 3 0 0
20140529 8 9 5 3 6 4
20140529 9 5 3 2 4 3
20140529 10 9 3 6 6 3
20140529 11 1 6 9 1 5
20140529 12 6 7 8 5 5
20140530 1 1 2 7 0 0
20140530 2 7 4 2 0 0
20140530 3 7 3 5 0 0
20140530 4 4 1 5 0 0
20140530 5 3 7 1 0 0
20140530 6 3 7 2 0 0
20140530 7 4 3 2 0 0
20140530 8 7 2 1 5 2
20140530 9 5 4 7 4 4
20140530 10 3 5 9 3 4
20140530 11 7 1 5 5 1
20140530 12 2 1 7 2 1
20140531 1 7 1 4 0 0
20140531 2 7 2 3 0 0
20140531 3 2 7 1 0 0
20140531 4 7 3 5 0 0
20140531 5 1 2 5 0 0
20140531 6 7 1 2 5 1
20140531 7 3 1 7 3 1
20140531 8 8 5 7 6 4
20140531 9 1 7 4 1 5
20140531 10 3 1 7 0 0
20140531 11 2 3 1 0 0
20140531 12 1 3 9 1 3
20140625 1 6 7 1 0 0
20140625 2 2 1 5 0 0
20140625 3 5 3 4 0 0
20140625 4 2 5 4 0 0
20140625 5 1 7 4 0 0
20140625 6 2 5 1 2 4
20140625 7 7 1 2 5 1
20140625 8 1 7 9 1 5
20140625 9 1 5 7 1 4
20140625 10 8 2 1 6 2
20140626 1 7 2 1 0 0
20140626 2 7 2 3 0 0
20140626 3 7 1 6 0 0
20140626 4 4 2 7 0 0
20140626 5 5 2 6 0 0
20140626 6 6 1 3 5 1
20140626 7 2 1 7 2 1
20140626 8 2 7 5 2 5
20140626 9 3 6 9 3 5
20140626 10 1 2 7 1 2
20140627 1 5 3 2 0 0
20140627 2 5 4 7 0 0
20140627 3 3 4 6 0 0
20140627 4 7 4 1 0 0
20140627 5 9 2 5 6 2
20140627 6 0 0 0 5 6
20140627 7 2 8 1 2 6
20140627 8 1 5 4 1 4
20140627 9 2 1 3 0 0
20140627 10 2 7 9 2 5
20140723 1 7 2 6 0 0
20140723 2 5 1 3 0 0
20140723 3 3 1 5 0 0
20140723 4 4 2 6 0 0
20140723 5 5 3 4 0 0
20140723 6 5 1 3 4 1
20140723 7 4 3 6 4 3
20140723 8 7 9 3 5 6
20140723 9 9 1 5 6 1
20140723 10 3 5 1 3 4
20140724 1 7 2 4 0 0
20140724 2 4 2 7 0 0
20140724 3 4 3 7 0 0
20140724 4 1 4 5 0 0
20140724 5 1 7 4 0 0
20140724 6 3 1 9 3 1
20140724 7 3 2 5 0 0
20140724 8 5 3 8 4 3
20140724 9 1 9 2 1 6
20140724 10 9 2 3 6 2
20140725 1 4 7 3 0 0
20140725 2 4 1 6 0 0
20140725 3 2 1 7 0 0
20140725 4 3 7 4 0 0
20140725 5 3 6 9 3 5
20140725 6 5 1 7 4 1
20140725 7 2 5 7 2 4
20140725 8 2 9 1 2 6
20140725 9 3 5 4 0 0
20140725 10 4 2 7 4 2
20140818 1 1 3 5 1 3
20140818 2 9 7 5 6 5
20140818 3 9 1 4 6 1
20140818 4 6 7 5 5 5
20140818 5 9 2 3 6 2
20140818 6 4 7 8 4 5
20140818 7 3 1 5 3 1
20140818 8 9 1 3 6 1
20140818 9 7 3 1 5 3
20140818 10 1 9 7 1 6
20140818 11 9 1 3 6 1
20140819 1 3 5 9 3 4
20140819 2 6 7 8 5 5
20140819 3 8 2 1 6 2
20140819 4 5 2 8 4 2
20140819 5 2 1 7 2 1
20140819 6 1 2 6 1 2
20140819 7 3 6 4 3 5
20140819 8 5 9 3 4 6
20140819 9 7 3 5 5 3
20140819 10 9 1 7 6 1
20140819 11 5 1 3 4 1
20140820 1 7 2 9 5 2
20140820 2 2 4 5 2 4
20140820 3 9 2 8 6 2
20140820 4 4 5 7 4 4
20140820 5 3 4 9 3 4
20140820 6 3 9 6 3 6
20140820 7 2 9 1 2 6
20140820 8 2 3 8 2 3
20140820 9 3 4 7 3 4
20140820 10 6 2 5 5 2
20140820 11 2 4 8 2 4
20140825 1 3 1 7 0 0
20140825 2 3 2 7 0 0
20140825 3 7 4 5 0 0
20140825 4 3 5 7 0 0
20140825 5 7 2 4 0 0
20140825 6 2 9 7 2 6
20140825 7 9 1 7 6 1
20140825 8 7 1 9 5 1
20140825 9 9 2 7 6 2
20140825 10 3 1 9 3 1
20140826 1 2 5 4 0 0
20140826 2 5 7 2 0 0
20140826 3 4 3 7 0 0
20140826 4 1 7 6 0 0
20140826 5 7 2 5 0 0
20140826 6 9 8 2 6 6
20140826 7 4 5 1 4 4
20140826 8 9 2 5 6 2
20140826 9 3 1 2 3 1
20140826 10 7 1 3 5 1
20140827 1 7 2 1 0 0
20140827 2 4 1 7 0 0
20140827 3 1 5 7 0 0
20140827 4 7 3 4 0 0
20140827 5 3 8 4 3 6
20140827 6 1 9 7 1 6
20140827 7 1 7 3 1 5
20140827 8 2 5 8 2 4
20140827 9 4 5 1 0 0
20140827 10 1 6 9 1 5
20140908 1 1 2 5 0 0
20140908 2 5 2 4 0 0
20140908 3 1 4 2 0 0
20140908 4 3 2 7 0 0
20140908 5 4 2 3 0 0
20140908 6 9 7 2 6 5
20140908 7 3 7 5 3 5
20140908 8 2 3 1 2 3
20140908 9 1 4 7 1 4
20140908 10 3 8 1 3 6
20140909 1 5 1 4 0 0
20140909 2 3 1 7 0 0
20140909 3 7 1 6 0 0
20140909 4 1 6 2 0 0
20140909 5 1 4 6 0 0
20140909 6 3 4 2 3 4
20140909 7 3 6 8 3 5
20140909 8 8 3 5 6 3
20140909 9 9 3 2 6 3
20140909 10 7 3 2 5 3
20140910 1 1 7 2 0 0
20140910 2 1 7 3 0 0
20140910 3 3 7 4 0 0
20140910 4 3 6 1 0 0
20140910 5 9 1 7 6 1
20140910 6 3 8 5 3 6
20140910 7 9 2 8 6 2
20140910 8 9 7 3 6 5
20140910 9 3 1 2 0 0
20140910 10 8 1 3 6 1
20140925 1 1 5 3 0 0
20140925 2 1 5 7 0 0
20140925 3 2 5 3 0 0
20140925 4 5 4 2 0 0
20140925 5 7 1 5 0 0
20140925 6 2 5 3 0 0
20140925 7 7 1 3 0 0
20140925 8 5 7 8 4 5
20140925 9 3 7 2 3 5
20140925 10 3 7 9 3 5
20140925 11 1 7 9 1 5
20140925 12 1 5 7 1 4
20140926 1 2 7 5 0 0
20140926 2 4 7 1 0 0
20140926 3 7 1 5 0 0
20140926 4 3 5 4 0 0
20140926 5 5 1 2 0 0
20140926 6 5 6 1 0 0
20140926 7 4 2 6 0 0
20140926 8 5 3 9 4 3
20140926 9 2 7 1 2 5
20140926 10 5 9 7 4 6
20140926 11 3 7 9 3 5
20140926 12 7 3 9 5 3
20140927 1 3 5 2 0 0
20140927 2 1 4 7 0 0
20140927 3 1 4 3 0 0
20140927 4 2 7 4 0 0
20140927 5 2 3 5 0 0
20140927 6 3 2 6 3 2
20140927 7 3 2 9 3 2
20140927 8 2 1 3 2 1
20140927 9 9 1 8 6 1
20140927 10 5 1 7 0 0
20140927 11 2 7 4 0 0
20140927 12 6 1 5 5 1
20141002 1 1 2 4 0 0
20141002 2 3 4 2 0 0
20141002 3 7 2 5 0 0
20141002 4 5 3 1 0 0
20141002 5 2 4 3 0 0
20141002 6 5 3 7 4 3
20141002 7 3 9 5 3 6
20141002 8 2 4 7 2 4
20141002 9 7 5 3 5 4
20141002 10 1 2 4 1 2
20141003 1 3 7 5 0 0
20141003 2 2 4 5 0 0
20141003 3 2 5 4 0 0
20141003 4 1 7 6 0 0
20141003 5 3 5 7 0 0
20141003 6 5 3 8 4 3
20141003 7 5 9 4 4 6
20141003 8 9 3 1 6 3
20141003 9 2 1 5 2 1
20141003 10 7 5 1 5 4
20141004 1 2 4 1 0 0
20141004 2 2 5 3 0 0
20141004 3 7 5 2 0 0
20141004 4 3 7 2 0 0
20141004 5 1 7 2 1 5
20141004 6 3 5 9 3 4
20141004 7 9 2 8 6 2
20141004 8 1 7 3 1 5
20141004 9 1 7 5 0 0
20141004 10 2 8 7 2 6
20141022 1 9 5 3 6 4
20141022 2 3 1 2 3 1
20141022 3 2 7 1 2 5
20141022 4 5 7 9 4 5
20141022 5 7 1 5 5 1
20141022 6 3 8 1 3 6
20141022 7 1 5 7 1 4
20141022 8 9 7 2 6 5
20141022 9 3 1 9 3 1
20141022 10 3 7 9 3 5
20141022 11 1 5 7 1 4
20141023 1 9 4 3 6 4
20141023 2 1 5 9 1 4
20141023 3 9 7 8 6 5
20141023 4 5 1 7 4 1
20141023 5 3 6 5 3 5
20141023 6 1 9 5 1 6
20141023 7 9 1 8 6 1
20141023 8 5 3 1 4 3
20141023 9 1 4 5 1 4
20141023 10 7 1 8 5 1
20141023 11 1 9 4 1 6
20141024 1 1 7 2 1 5
20141024 2 5 7 3 4 5
20141024 3 7 3 9 5 3
20141024 4 5 1 6 4 1
20141024 5 9 3 1 6 3
20141024 6 7 9 1 5 6
20141024 7 5 7 9 4 5
20141024 8 1 5 3 1 4
20141024 9 3 9 2 3 6
20141024 10 2 4 7 2 4
20141024 11 1 9 2 1 6
20141128 1 3 7 5 0 0
20141128 2 4 5 6 0 0
20141128 3 3 2 5 0 0
20141128 4 1 5 4 0 0
20141128 5 3 7 2 0 0
20141128 6 2 5 7 0 0
20141128 7 7 4 6 0 0
20141128 8 2 7 5 2 5
20141128 9 7 1 5 5 1
20141128 10 9 2 5 6 2
20141128 11 1 5 7 1 4
20141128 12 8 1 9 6 1
20141129 1 5 1 2 0 0
20141129 2 1 5 4 0 0
20141129 3 5 4 3 0 0
20141129 4 5 2 3 0 0
20141129 5 5 3 4 0 0
20141129 6 7 3 1 0 0
20141129 7 4 2 3 0 0
20141129 8 5 1 9 0 0
20141129 9 5 8 9 4 6
20141129 10 1 2 8 1 2
20141129 11 3 4 1 3 4
20141129 12 1 2 3 1 2
20141130 1 1 4 7 0 0
20141130 2 3 4 7 0 0
20141130 3 6 2 7 0 0
20141130 4 1 7 3 0 0
20141130 5 7 6 1 0 0
20141130 6 2 4 3 2 4
20141130 7 5 8 2 4 6
20141130 8 9 1 2 6 1
20141130 9 1 5 6 1 4
20141130 10 1 3 4 0 0
20141130 11 3 7 4 0 0
20141130 12 4 2 5 4 2
20141205 1 1 7 3 0 0
20141205 2 7 3 1 0 0
20141205 3 4 5 2 0 0
20141205 4 7 5 3 0 0
20141205 5 5 4 7 0 0
20141205 6 7 3 5 5 3
20141205 7 1 7 4 1 5
20141205 8 2 9 8 2 6
20141205 9 1 7 3 1 5
20141205 10 1 7 8 1 5
20141206 1 4 5 2 0 0
20141206 2 1 4 7 0 0
20141206 3 5 3 7 0 0
20141206 4 1 6 3 0 0
20141206 5 1 4 5 0 0
20141206 6 3 5 9 3 4
20141206 7 4 8 3 4 6
20141206 8 2 4 7 2 4
20141206 9 1 5 9 1 4
20141206 10 1 7 2 1 5
20141207 1 1 4 5 0 0
20141207 2 3 4 5 0 0
20141207 3 3 2 7 0 0
20141207 4 2 1 6 0 0
20141207 5 8 4 1 6 4
20141207 6 2 9 7 2 6
20141207 7 5 2 3 4 2
20141207 8 9 7 5 6 5
20141207 9 7 1 5 0 0
20141207 10 1 5 2 1 4
20141220 1 9 1 7 6 1
20141220 2 9 2 3 6 2
20141220 3 5 1 7 4 1
20141220 4 7 2 8 5 2
20141220 5 2 9 5 2 6
20141220 6 5 9 2 4 6
20141220 7 1 3 8 1 3
20141220 8 7 9 1 5 6
20141220 9 5 1 3 4 1
20141220 10 3 5 8 3 4
20141220 11 2 1 8 2 1
20141220 12 5 2 9 4 2
20141221 1 3 2 7 3 2
20141221 2 4 2 7 4 2
20141221 3 2 1 4 2 1
20141221 4 1 5 7 1 4
20141221 5 9 2 3 6 2
20141221 6 9 1 5 6 1
20141221 7 1 3 6 1 3
20141221 8 1 7 9 1 5
20141221 9 1 9 4 1 6
20141221 10 3 5 2 3 4
20141221 11 3 2 1 3 2
20141221 12 1 7 3 1 5
20141222 1 1 4 3 1 4
20141222 2 2 7 6 2 6
20141222 3 8 3 2 6 3
20141222 4 1 5 4 1 4
20141222 5 1 5 4 1 4
20141222 6 5 1 9 4 1
20141222 7 1 7 2 1 5
20141222 8 5 4 2 4 4
20141222 9 7 9 1 5 6
20141222 10 2 9 8 2 6
20141222 11 2 1 3 2 1
20141222 12 5 1 7 4 1
20141223 1 2 9 3 2 6
20141223 2 1 5 3 1 4
20141223 3 9 3 2 6 3
20141223 4 3 8 7 3 6
20141223 5 1 3 7 1 3
20141223 6 5 9 2 4 6
20141223 7 7 9 2 5 6
20141223 8 5 2 1 4 2
20141223 9 4 3 5 4 3
20141223 10 2 1 6 2 1
20141223 11 7 5 2 5 4
20141223 12 2 3 9 2 3
20150104 1 1 7 4 0 0
20150104 2 4 1 7 0 0
20150104 3 1 6 5 0 0
20150104 4 1 5 6 0 0
20150104 5 5 2 7 0 0
20150104 6 5 2 7 4 2
20150104 7 3 1 4 3 1
20150104 8 7 1 9 5 1
20150104 9 9 1 3 6 1
20150104 10 6 3 9 5 3
20150105 1 2 7 4 0 0
20150105 2 1 6 5 0 0
20150105 3 4 7 1 0 0
20150105 4 1 6 5 0 0
20150105 5 4 7 5 0 0
20150105 6 3 9 1 3 6
20150105 7 3 5 1 3 4
20150105 8 2 9 5 2 6
20150105 9 9 2 5 6 2
20150105 10 1 2 5 1 2
20150106 1 6 5 7 0 0
20150106 2 5 3 6 0 0
20150106 3 5 2 4 0 0
20150106 4 1 5 4 0 0
20150106 5 1 7 6 1 5
20150106 6 9 7 8 6 5
20150106 7 4 3 2 4 3
20150106 8 3 8 7 3 6
20150106 9 7 1 6 0 0
20150106 10 6 7 1 5 5
20150128 1 4 1 7 0 0
20150128 2 7 5 2 0 0
20150128 3 3 7 5 0 0
20150128 4 3 1 6 0 0
20150128 5 1 3 2 0 0
20150128 6 3 7 9 3 5
20150128 7 2 8 1 2 6
20150128 8 1 4 6 1 4
20150128 9 1 5 9 1 4
20150128 10 4 7 3 4 5
20150129 1 1 7 3 0 0
20150129 2 7 4 3 0 0
20150129 3 2 7 5 0 0
20150129 4 4 6 5 0 0
20150129 5 1 5 6 0 0
20150129 6 9 2 1 6 2
20150129 7 9 5 2 6 4
20150129 8 9 2 1 6 2
20150129 9 5 3 1 4 3
20150129 10 9 5 1 6 4
20150130 1 5 3 2 0 0
20150130 2 5 1 7 0 0
20150130 3 2 3 1 0 0
20150130 4 7 5 6 0 0
20150130 5 1 7 2 1 6
20150130 6 7 2 4 5 2
20150130 7 2 8 9 2 6
20150130 8 1 4 8 1 4
20150130 9 5 2 4 0 0
20150130 10 7 3 1 5 3
20150216 1 2 7 5 0 0
20150216 2 1 5 4 0 0
20150216 3 2 7 6 0 0
20150216 4 5 7 2 0 0
20150216 5 1 4 3 0 0
20150216 6 9 1 3 6 1
20150216 7 2 7 1 2 5
20150216 8 7 3 6 5 3
20150216 9 2 9 5 2 6
20150216 10 5 3 6 4 3
20150217 1 1 7 4 0 0
20150217 2 7 1 4 0 0
20150217 3 1 4 6 0 0
20150217 4 7 1 4 0 0
20150217 5 4 5 3 0 0
20150217 6 5 2 9 4 2
20150217 7 8 2 6 6 2
20150217 8 8 1 7 6 1
20150217 9 1 7 2 1 5
20150217 10 2 1 5 2 1
20150218 1 7 6 2 0 0
20150218 2 3 2 7 0 0
20150218 3 5 4 3 0 0
20150218 4 1 6 5 0 0
20150218 5 1 7 3 1 5
20150218 6 6 8 5 5 6
20150218 7 7 6 3 5 5
20150218 8 5 1 7 4 1
20150218 9 5 1 6 0 0
20150218 10 5 1 7 4 1
20150304 1 1 5 3 0 0
20150304 2 4 1 6 0 0
20150304 3 7 5 1 0 0
20150304 4 7 4 1 0 0
20150304 5 2 4 3 0 0
20150304 6 7 1 5 5 1
20150304 7 5 6 7 4 5
20150304 8 5 6 2 4 5
20150304 9 5 8 1 4 6
20150304 10 8 3 1 6 3
20150305 1 7 1 2 0 0
20150305 2 4 5 1 0 0
20150305 3 5 3 7 0 0
20150305 4 5 4 1 0 0
20150305 5 7 1 4 0 0
20150305 6 9 7 2 6 5
20150305 7 1 4 7 1 4
20150305 8 2 3 7 2 3
20150305 9 2 3 5 2 3
20150305 10 1 9 3 1 6
20150306 1 7 2 5 0 0
20150306 2 1 4 5 0 0
20150306 3 7 4 2 0 0
20150306 4 4 7 1 0 0
20150306 5 2 9 8 2 6
20150306 6 2 9 5 2 6
20150306 7 2 1 5 2 1
20150306 8 3 2 7 3 2
20150306 9 1 3 7 0 0
20150306 10 3 5 7 3 4
20150507 1 2 1 6 0 0
20150507 2 2 1 5 0 0
20150507 3 7 3 2 0 0
20150507 4 5 2 4 0 0
20150507 5 4 3 5 0 0
20150507 6 7 3 9 5 3
20150507 7 1 7 4 1 5
20150507 8 1 3 9 1 3
20150507 9 3 1 2 3 1
20150507 10 3 9 4 3 6
20150508 1 5 7 4 0 0
20150508 2 2 4 1 0 0
20150508 3 7 5 4 0 0
20150508 4 1 5 4 0 0
20150508 5 4 1 7 0 0
20150508 6 2 6 4 2 5
20150508 7 3 5 2 3 4
20150508 8 7 9 3 5 6
20150508 9 3 9 7 3 6
20150508 10 2 7 1 2 5
20150509 1 3 7 4 0 0
20150509 2 7 2 3 0 0
20150509 3 4 1 3 0 0
20150509 4 2 7 4 0 0
20150509 5 1 9 5 1 6
20150509 6 3 5 6 3 4
20150509 7 7 2 4 5 2
20150509 8 2 1 4 2 1
20150509 9 2 3 1 0 0
20150509 10 4 9 1 4 6
20150613 1 4 1 3 0 0
20150613 2 2 5 3 0 0
20150613 3 2 7 5 0 0
20150613 4 3 7 4 0 0
20150613 5 2 4 5 0 0
20150613 6 5 1 2 4 1
20150613 7 8 5 2 6 4
20150613 8 5 9 4 4 6
20150613 9 3 9 7 3 6
20150613 10 1 9 4 1 6
20150614 1 1 4 5 0 0
20150614 2 5 2 1 0 0
20150614 3 3 4 7 0 0
20150614 4 4 1 2 0 0
20150614 5 1 4 3 0 0
20150614 6 9 4 6 6 4
20150614 7 7 1 2 5 1
20150614 8 7 9 1 5 6
20150614 9 1 7 5 1 5
20150614 10 2 5 8 2 4
20150615 1 7 3 1 0 0
20150615 2 3 5 4 0 0
20150615 3 2 3 5 0 0
20150615 4 5 4 2 0 0
20150615 5 3 2 5 3 2
20150615 6 7 4 5 5 4
20150615 7 8 3 2 6 3
20150615 8 7 4 2 5 4
20150615 9 1 4 2 0 0
20150615 10 9 5 2 6 4
20150703 1 2 7 4 0 0
20150703 2 4 1 2 0 0
20150703 3 2 1 4 0 0
20150703 4 4 7 1 0 0
20150703 5 5 7 3 0 0
20150703 6 9 7 1 6 5
20150703 7 2 1 7 2 1
20150703 8 8 2 9 6 2
20150703 9 5 2 9 4 2
20150703 10 2 8 4 2 6
20150704 1 1 3 7 0 0
20150704 2 2 5 4 0 0
20150704 3 4 2 5 0 0
20150704 4 1 5 3 0 0
20150704 5 2 7 4 0 0
20150704 6 9 8 6 6 6
20150704 7 4 9 5 4 6
20150704 8 3 5 1 3 4
20150704 9 9 4 7 6 4
20150704 10 2 5 7 2 4
20150705 1 5 3 2 0 0
20150705 2 2 5 7 0 0
20150705 3 4 1 7 0 0
20150705 4 3 7 1 0 0
20150705 5 7 1 3 6 1
20150705 6 2 7 4 2 5
20150705 7 4 7 3 4 5
20150705 8 9 7 2 6 5
20150705 9 1 3 2 0 0
20150705 10 8 1 9 6 1
