20120518 1 5 3 8 4 3
20120518 2 6 1 2 5 1
20120518 3 2 1 7 2 1
20120518 4 5 8 2 4 6
20120518 5 9 1 2 6 1
20120518 6 2 1 4 2 1
20120518 7 1 4 5 1 4
20120518 8 9 2 7 6 2
20120518 9 6 5 3 5 4
20120518 10 1 9 7 1 6
20120518 11 1 9 8 1 6
20120519 1 7 4 2 5 4
20120519 2 7 1 5 5 1
20120519 3 1 3 7 1 3
20120519 4 9 2 5 6 2
20120519 5 2 9 5 2 6
20120519 6 1 9 3 1 6
20120519 7 1 5 3 1 4
20120519 8 9 1 3 6 1
20120519 9 5 1 7 4 1
20120519 10 1 2 7 1 2
20120519 11 3 6 7 3 5
20120520 1 3 8 1 3 6
20120520 2 9 8 1 6 6
20120520 3 7 2 8 5 2
20120520 4 3 9 4 3 6
20120520 5 2 9 7 2 6
20120520 6 9 3 2 6 3
20120520 7 7 1 8 5 1
20120520 8 1 9 7 1 6
20120520 9 8 4 2 6 4
20120520 10 2 3 5 2 3
20120520 11 9 2 3 6 2
20120521 1 8 5 3 6 4
20120521 2 9 2 4 6 2
20120521 3 2 1 7 2 1
20120521 4 5 3 6 4 3
20120521 5 8 4 1 6 4
20120521 6 1 9 4 1 6
20120521 7 2 5 4 2 4
20120521 8 1 5 8 1 4
20120521 9 3 4 8 3 4
20120521 10 5 2 9 4 2
20120521 11 3 4 5 3 4
20121103 1 2 1 4 0 0
20121103 2 3 1 7 0 0
20121103 3 2 5 4 0 0
20121103 4 1 2 4 0 0
20121103 5 1 4 2 0 0
20121103 6 2 7 9 2 5
20121103 7 3 7 5 3 5
20121103 8 1 7 5 1 5
20121103 9 9 3 2 6 3
20121103 10 2 7 8 2 5
20121103 11 2 6 7 2 5
20121104 1 3 5 6 0 0
20121104 2 1 7 4 0 0
20121104 3 1 7 2 0 0
20121104 4 3 6 2 0 0
20121104 5 5 4 6 0 0
20121104 6 1 2 5 1 2
20121104 7 5 2 8 4 2
20121104 8 3 2 5 3 2
20121104 9 3 5 9 3 4
20121104 10 7 2 9 5 2
20121104 11 9 2 3 6 2
20121105 1 3 5 4 0 0
20121105 2 7 3 4 0 0
20121105 3 2 5 7 0 0
20121105 4 7 2 3 0 0
20121105 5 3 2 4 3 2
20121105 6 9 3 5 6 3
20121105 7 1 2 9 1 2
20121105 8 5 1 7 4 1
20121105 9 3 9 4 3 6
20121105 10 7 1 4 0 0
20121105 11 1 4 2 1 4
20121113 1 3 9 7 3 6
20121113 2 2 4 5 2 4
20121113 3 5 2 1 4 2
20121113 4 1 9 2 1 6
20121113 5 3 1 9 3 1
20121113 6 9 2 7 6 2
20121113 7 3 1 2 3 1
20121113 8 1 9 7 1 6
20121113 9 9 1 5 6 1
20121113 10 9 1 5 6 1
20121113 11 5 7 1 4 5
20121114 1 1 3 7 1 3
20121114 2 3 5 9 3 4
20121114 3 5 1 2 4 1
20121114 4 1 9 6 1 6
20121114 5 5 7 2 4 5
20121114 6 9 2 6 6 2
20121114 7 2 5 1 2 4
20121114 8 1 5 9 1 4
20121114 9 5 1 4 4 1
20121114 10 7 2 9 5 2
20121114 11 5 3 7 4 3
20121115 1 5 1 3 4 1
20121115 2 3 8 5 3 6
20121115 3 7 5 3 5 4
20121115 4 7 2 9 5 2
20121115 5 3 1 5 3 1
20121115 6 5 7 8 4 5
20121115 7 5 3 8 4 3
20121115 8 2 9 6 2 6
20121115 9 9 7 5 6 5
20121115 10 1 7 9 1 5
20121115 11 1 6 2 1 5
20130408 1 3 1 2 3 1
20130408 2 3 1 9 3 1
20130408 3 2 5 7 2 4
20130408 4 7 2 5 5 2
20130408 5 3 2 5 3 2
20130408 6 1 9 6 1 6
20130408 7 2 5 7 2 4
20130408 8 5 2 3 4 2
20130408 9 9 4 2 6 4
20130408 10 1 3 8 1 3
20130408 11 5 2 4 4 2
20130409 1 7 2 5 5 2
20130409 2 1 3 4 1 3
20130409 3 3 7 1 3 5
20130409 4 2 7 3 2 5
20130409 5 2 3 5 2 3
20130409 6 1 9 2 1 6
20130409 7 5 2 1 5 2
20130409 8 2 6 4 2 5
20130409 9 3 1 8 3 1
20130409 10 7 5 6 5 4
20130409 11 1 6 8 1 5
20130410 1 3 7 9 3 5
20130410 2 2 9 7 2 6
20130410 3 1 5 8 1 4
20130410 4 1 9 2 1 6
20130410 5 9 2 3 6 2
20130410 6 1 5 3 1 5
20130410 7 7 8 5 5 6
20130410 8 3 6 5 3 5
20130410 9 3 9 2 3 6
20130410 10 8 4 2 6 4
20130410 11 2 1 3 2 1
20130509 1 1 4 2 1 4
20130509 2 1 3 4 1 3
20130509 3 9 1 7 6 1
20130509 4 3 9 2 3 6
20130509 5 1 7 3 1 5
20130509 6 7 3 2 5 3
20130509 7 2 7 4 2 5
20130509 8 3 7 2 3 5
20130509 9 7 3 1 5 3
20130509 10 8 1 7 6 1
20130509 11 3 1 7 3 1
20130510 1 3 7 2 3 5
20130510 2 1 7 8 1 5
20130510 3 2 1 4 2 1
20130510 4 2 4 5 2 4
20130510 5 1 8 6 1 6
20130510 6 9 3 5 6 3
20130510 7 2 7 3 2 5
20130510 8 9 5 7 6 4
20130510 9 1 5 4 1 4
20130510 10 7 1 2 5 1
20130510 11 3 5 9 3 4
20130511 1 1 5 8 1 5
20130511 2 9 6 3 6 5
20130511 3 3 9 4 3 6
20130511 4 9 3 5 6 3
20130511 5 1 3 2 1 3
20130511 6 4 2 8 4 2
20130511 7 1 5 9 1 4
20130511 8 9 5 1 6 4
20130511 9 7 2 8 5 2
20130511 10 5 1 9 4 1
20130511 11 9 7 1 6 5
20130512 1 4 7 3 4 6
20130512 2 4 6 2 4 5
20130512 3 9 3 5 6 3
20130512 4 7 2 8 5 2
20130512 5 1 3 2 1 3
20130512 6 2 1 7 2 1
20130512 7 3 1 5 3 1
20130512 8 7 3 4 5 3
20130512 9 7 1 2 5 1
20130512 10 9 2 5 6 2
20130512 11 5 2 9 4 2
20130602 1 5 2 4 0 0
20130602 2 5 7 2 0 0
20130602 3 4 3 5 0 0
20130602 4 1 3 6 0 0
20130602 5 5 2 7 0 0
20130602 6 7 1 9 5 1
20130602 7 2 7 5 2 5
20130602 8 9 5 1 6 4
20130602 9 7 2 4 5 2
20130602 10 2 9 3 2 6
20130603 1 3 5 6 0 0
20130603 2 3 7 4 0 0
20130603 3 2 4 3 0 0
20130603 4 2 5 6 0 0
20130603 5 7 1 3 0 0
20130603 6 9 1 2 6 1
20130603 7 2 9 7 2 6
20130603 8 1 4 7 1 4
20130603 9 2 3 9 2 3
20130603 10 2 9 4 2 6
20130604 1 6 3 4 0 0
20130604 2 1 7 3 0 0
20130604 3 2 7 3 0 0
20130604 4 7 3 2 0 0
20130604 5 2 5 3 2 4
20130604 6 1 9 5 1 6
20130604 7 1 9 4 1 6
20130604 8 7 1 4 5 1
20130604 9 1 4 2 0 0
20130604 10 1 6 5 1 5
20130610 1 9 1 2 6 1
20130610 2 3 5 2 3 4
20130610 3 1 2 8 1 2
20130610 4 2 4 3 2 4
20130610 5 2 7 5 2 5
20130610 6 5 1 8 4 1
20130610 7 9 4 3 6 4
20130610 8 2 9 1 2 6
20130610 9 3 2 5 3 2
20130610 10 7 3 4 5 3
20130610 11 6 4 1 5 4
20130611 1 8 2 4 6 2
20130611 2 5 3 2 4 3
20130611 3 1 2 8 1 2
20130611 4 7 2 4 5 2
20130611 5 9 1 3 6 1
20130611 6 7 9 1 5 6
20130611 7 2 7 9 2 5
20130611 8 2 5 9 2 4
20130611 9 3 1 9 3 1
20130611 10 2 5 9 2 4
20130611 11 9 2 7 6 2
20130612 1 2 7 9 2 5
20130612 2 2 7 4 2 5
20130612 3 5 7 4 4 5
20130612 4 5 8 7 4 6
20130612 5 9 3 1 6 3
20130612 6 8 1 4 6 1
20130612 7 5 7 1 5 6
20130612 8 1 3 9 1 3
20130612 9 1 5 7 1 4
20130612 10 1 9 5 1 6
20130612 11 1 6 4 1 5
20130702 1 4 1 5 0 0
20130702 2 7 3 5 0 0
20130702 3 4 5 1 0 0
20130702 4 1 5 4 0 0
20130702 5 1 3 7 0 0
20130702 6 5 9 1 4 6
20130702 7 1 7 3 1 5
20130702 8 5 9 7 4 6
20130702 9 2 7 5 2 5
20130702 10 9 1 3 6 1
20130703 1 1 3 4 0 0
20130703 2 3 6 4 0 0
20130703 3 5 3 7 0 0
20130703 4 2 5 6 0 0
20130703 5 3 4 7 0 0
20130703 6 1 5 6 1 4
20130703 7 2 7 4 2 5
20130703 8 1 3 7 1 3
20130703 9 2 7 1 2 5
20130703 10 2 7 5 2 5
20130704 1 3 5 4 0 0
20130704 2 3 1 2 0 0
20130704 3 1 2 3 0 0
20130704 4 2 7 3 0 0
20130704 5 3 7 8 3 5
20130704 6 7 1 8 5 1
20130704 7 0 0 0 5 4
20130704 8 2 1 7 2 1
20130704 9 1 4 2 0 0
20130704 10 3 6 5 3 5
20130708 1 7 1 9 5 1
20130708 2 1 9 3 1 6
20130708 3 5 3 1 4 3
20130708 4 3 2 5 3 2
20130708 5 5 2 6 4 2
20130708 6 9 2 1 6 2
20130708 7 7 9 3 5 6
20130708 8 1 9 4 1 6
20130708 9 1 5 7 1 4
20130708 10 1 4 2 1 4
20130708 11 7 9 5 5 6
20130709 1 2 5 3 2 4
20130709 2 1 5 2 1 4
20130709 3 3 2 8 3 2
20130709 4 1 5 2 1 4
20130709 5 1 4 2 1 4
20130709 6 7 2 5 5 2
20130709 7 4 3 8 4 3
20130709 8 5 3 7 4 3
20130709 9 9 4 7 6 4
20130709 10 4 1 3 4 1
20130709 11 5 8 3 4 6
20130710 1 5 3 7 4 3
20130710 2 5 8 3 4 6
20130710 3 9 1 5 6 1
20130710 4 7 3 9 5 3
20130710 5 2 1 5 2 1
20130710 6 3 1 8 3 1
20130710 7 9 1 4 6 1
20130710 8 8 3 1 6 3
20130710 9 5 2 7 4 2
20130710 10 1 2 6 1 2
20130710 11 5 3 7 4 3
20130805 1 3 1 2 0 0
20130805 2 1 4 6 0 0
20130805 3 2 5 4 0 0
20130805 4 5 3 2 0 0
20130805 5 7 4 2 0 0
20130805 6 2 7 3 2 5
20130805 7 7 3 1 5 3
20130805 8 5 1 3 4 1
20130805 9 3 9 5 3 6
20130805 10 2 9 6 2 6
20130806 1 7 1 2 0 0
20130806 2 2 4 1 0 0
20130806 3 3 4 1 0 0
20130806 4 7 1 2 0 0
20130806 5 1 4 2 0 0
20130806 6 5 1 3 4 1
20130806 7 7 9 3 5 6
20130806 8 2 5 1 2 4
20130806 9 9 1 3 6 1
20130806 10 3 5 1 3 4
20130807 1 4 1 7 0 0
20130807 2 7 3 6 0 0
20130807 3 7 3 2 0 0
20130807 4 1 4 5 0 0
20130807 5 1 4 5 1 4
20130807 6 5 1 7 4 1
20130807 7 5 3 7 4 3
20130807 8 7 9 4 5 6
20130807 9 2 1 5 0 0
20130807 10 4 2 6 4 2
20130828 1 1 5 4 0 0
20130828 2 5 3 2 0 0
20130828 3 7 4 3 0 0
20130828 4 5 2 4 0 0
20130828 5 3 6 7 0 0
20130828 6 7 8 5 5 6
20130828 7 9 1 2 6 1
20130828 8 1 2 7 1 2
20130828 9 5 3 1 4 3
20130828 10 3 1 8 3 1
20130829 1 2 1 5 0 0
20130829 2 1 7 4 0 0
20130829 3 2 5 1 0 0
20130829 4 1 7 4 0 0
20130829 5 2 7 4 0 0
20130829 6 2 4 1 2 4
20130829 7 3 5 4 3 4
20130829 8 1 7 9 1 5
20130829 9 3 7 2 3 5
20130829 10 7 9 2 5 6
20130830 1 3 1 4 0 0
20130830 2 7 3 5 0 0
20130830 3 3 2 4 0 0
20130830 4 1 6 7 0 0
20130830 5 1 8 2 1 6
20130830 6 2 3 6 2 3
20130830 7 2 3 9 2 3
20130830 8 8 9 4 6 6
20130830 9 3 7 2 0 0
20130830 10 9 5 8 6 4
20130908 1 5 3 7 4 3
20130908 2 2 7 1 2 5
20130908 3 3 2 7 3 2
20130908 4 2 7 3 2 5
20130908 5 7 3 2 5 3
20130908 6 7 9 4 5 6
20130908 7 3 9 4 3 6
20130908 8 7 4 9 5 4
20130908 9 9 3 4 6 3
20130908 10 2 9 3 2 6
20130908 11 5 1 2 4 1
20130909 1 5 9 2 4 6
20130909 2 5 2 6 4 2
20130909 3 5 8 7 4 6
20130909 4 1 2 9 1 2
20130909 5 1 5 4 1 4
20130909 6 2 3 7 2 3
20130909 7 7 2 1 5 2
20130909 8 2 6 5 2 5
20130909 9 7 2 3 5 2
20130909 10 8 7 1 6 5
20130909 11 7 4 1 5 4
20130910 1 2 1 5 2 1
20130910 2 9 8 3 6 6
20130910 3 1 5 6 1 4
20130910 4 2 5 7 2 4
20130910 5 9 2 1 6 2
20130910 6 1 5 6 1 4
20130910 7 7 4 3 5 4
20130910 8 9 5 1 6 4
20130910 9 2 9 5 2 6
20130910 10 3 1 5 3 1
20130910 11 2 4 1 2 4
20130928 1 4 3 6 0 0
20130928 2 3 1 6 0 0
20130928 3 1 5 2 0 0
20130928 4 3 7 1 0 0
20130928 5 2 6 5 0 0
20130928 6 2 6 7 2 5
20130928 7 2 7 5 2 5
20130928 8 2 5 9 2 4
20130928 9 1 5 9 1 4
20130928 10 3 1 7 3 1
20130929 1 2 5 7 0 0
20130929 2 3 4 7 0 0
20130929 3 4 5 1 0 0
20130929 4 1 7 4 0 0
20130929 5 5 1 3 0 0
20130929 6 7 3 2 5 3
20130929 7 9 3 4 6 3
20130929 8 9 2 4 6 2
20130929 9 3 1 7 3 1
20130929 10 5 3 9 4 3
20130930 1 3 2 5 0 0
20130930 2 3 2 5 0 0
20130930 3 4 7 2 0 0
20130930 4 4 5 1 0 0
20130930 5 5 9 1 4 6
20130930 6 1 3 8 1 3
20130930 7 2 5 1 2 4
20130930 8 7 3 1 5 3
20130930 9 6 2 7 0 0
20130930 10 3 2 7 3 2
20131016 1 1 7 2 0 0
20131016 2 3 5 2 0 0
20131016 3 3 5 4 0 0
20131016 4 5 1 2 0 0
20131016 5 1 5 3 0 0
20131016 6 5 1 2 4 1
20131016 7 3 9 7 3 6
20131016 8 2 3 4 2 3
20131016 9 1 4 2 1 4
20131016 10 2 5 7 2 4
20131017 1 3 7 6 0 0
20131017 2 5 3 7 0 0
20131017 3 3 4 1 0 0
20131017 4 7 1 5 0 0
20131017 5 5 2 4 0 0
20131017 6 2 5 7 2 4
20131017 7 2 7 1 2 5
20131017 8 5 2 8 4 2
20131017 9 1 3 5 1 3
20131017 10 7 6 1 5 5
20131018 1 4 5 1 0 0
20131018 2 4 7 5 0 0
20131018 3 5 3 1 0 0
20131018 4 5 7 6 0 0
20131018 5 1 5 3 1 4
20131018 6 9 2 3 6 2
20131018 7 2 7 1 2 5
20131018 8 4 7 2 4 5
20131018 9 4 1 2 0 0
20131018 10 4 7 5 4 5
20131030 1 5 3 1 4 3
20131030 2 1 3 2 1 3
20131030 3 3 7 1 3 5
20131030 4 3 7 9 3 5
20131030 5 1 2 7 1 2
20131030 6 2 1 7 2 1
20131030 7 3 9 1 3 6
20131030 8 5 9 8 4 6
20131030 9 3 5 9 3 4
20131030 10 7 3 9 5 3
20131030 11 3 7 2 3 5
20131031 1 1 3 7 1 3
20131031 2 3 2 9 3 2
20131031 3 3 1 4 3 1
20131031 4 8 2 7 6 2
20131031 5 2 1 9 2 1
20131031 6 9 3 5 6 3
20131031 7 2 3 4 2 3
20131031 8 3 2 9 3 2
20131031 9 1 9 2 1 6
20131031 10 1 2 9 1 2
20131031 11 9 5 1 6 4
20131101 1 7 1 9 5 1
20131101 2 1 3 5 1 3
20131101 3 1 7 5 1 5
20131101 4 3 6 2 3 5
20131101 5 9 4 2 6 4
20131101 6 1 9 5 1 6
20131101 7 1 9 7 1 6
20131101 8 5 2 4 4 2
20131101 9 5 2 9 4 2
20131101 10 1 5 9 1 4
20131101 11 9 5 1 6 4
20131119 1 4 7 5 0 0
20131119 2 5 1 4 0 0
20131119 3 3 5 7 0 0
20131119 4 3 1 7 0 0
20131119 5 4 2 1 0 0
20131119 6 2 8 1 2 6
20131119 7 4 1 5 4 1
20131119 8 4 9 1 4 6
20131119 9 1 3 7 1 3
20131119 10 2 6 8 2 5
20131120 1 6 2 7 0 0
20131120 2 2 3 4 0 0
20131120 3 2 7 5 0 0
20131120 4 1 3 4 0 0
20131120 5 5 4 1 0 0
20131120 6 9 5 3 6 4
20131120 7 3 5 1 3 4
20131120 8 7 4 3 5 4
20131120 9 5 9 7 4 6
20131120 10 7 5 3 5 4
20131121 1 5 2 7 0 0
20131121 2 7 1 3 0 0
20131121 3 1 2 4 0 0
20131121 4 6 1 7 0 0
20131121 5 7 1 9 5 1
20131121 6 1 2 8 1 2
20131121 7 9 8 4 0 0
20131121 8 7 2 5 5 2
20131121 9 1 2 7 0 0
20131121 10 7 1 9 5 1
20131125 1 1 2 4 0 0
20131125 2 3 2 7 0 0
20131125 3 1 3 5 0 0
20131125 4 7 5 2 0 0
20131125 5 2 5 7 0 0
20131125 6 1 3 9 1 3
20131125 7 3 2 7 3 2
20131125 8 1 5 7 1 4
20131125 9 7 4 3 5 4
20131125 10 2 5 8 2 4
20131126 1 2 1 4 0 0
20131126 2 3 7 5 0 0
20131126 3 7 5 1 0 0
20131126 4 3 7 5 0 0
20131126 5 5 2 4 0 0
20131126 6 1 5 2 1 4
20131126 7 5 3 8 4 3
20131126 8 1 7 3 1 5
20131126 9 3 2 4 3 2
20131126 10 3 5 8 3 4
20131127 1 3 7 1 0 0
20131127 2 5 1 2 0 0
20131127 3 5 4 2 0 0
20131127 4 3 4 5 0 0
20131127 5 1 2 5 1 2
20131127 6 2 9 1 2 6
20131127 7 7 5 3 5 4
20131127 8 2 9 3 2 6
20131127 9 2 4 1 0 0
20131127 10 1 2 4 1 2
20131217 1 5 1 3 0 0
20131217 2 7 1 5 0 0
20131217 3 2 5 3 0 0
20131217 4 4 1 2 0 0
20131217 5 3 1 7 0 0
20131217 6 2 6 9 2 5
20131217 7 1 7 2 1 5
20131217 8 9 2 1 6 2
20131217 9 5 3 8 4 3
20131217 10 6 3 4 5 3
20131218 1 5 3 1 0 0
20131218 2 2 3 4 0 0
20131218 3 1 4 2 0 0
20131218 4 1 7 5 0 0
20131218 5 4 2 3 0 0
20131218 6 4 8 7 4 6
20131218 7 5 1 3 4 1
20131218 8 4 1 9 4 1
20131218 9 5 1 8 4 1
20131218 10 9 1 2 6 1
20131219 1 2 1 4 0 0
20131219 2 3 4 7 0 0
20131219 3 3 1 7 0 0
20131219 4 2 5 3 0 0
20131219 5 9 7 5 6 5
20131219 6 5 6 9 4 5
20131219 7 3 1 9 3 1
20131219 8 1 8 7 1 6
20131219 9 6 7 2 0 0
20131219 10 7 2 1 5 2
20131224 1 5 3 7 0 0
20131224 2 7 5 3 0 0
20131224 3 5 2 1 0 0
20131224 4 2 7 1 0 0
20131224 5 5 2 1 0 0
20131224 6 4 3 1 4 3
20131224 7 6 1 2 5 1
20131224 8 1 9 2 1 6
20131224 9 7 9 1 5 6
20131224 10 3 2 7 3 2
20131226 1 2 4 7 0 0
20131226 2 2 7 4 0 0
20131226 3 5 4 3 0 0
20131226 4 3 4 1 0 0
20131226 5 3 9 1 3 6
20131226 6 4 2 5 4 2
20131226 7 8 3 4 6 3
20131226 8 2 1 9 2 1
20131226 9 2 3 1 0 0
20131226 10 1 5 7 1 4
20140116 1 3 1 5 0 0
20140116 2 2 7 4 0 0
20140116 3 5 3 1 0 0
20140116 4 7 1 4 0 0
20140116 5 7 3 5 0 0
20140116 6 2 5 1 2 4
20140116 7 1 5 2 1 4
20140116 8 1 3 2 1 3
20140116 9 5 7 2 4 5
20140116 10 3 9 2 3 6
20140117 1 7 1 3 0 0
20140117 2 5 1 2 0 0
20140117 3 2 5 4 0 0
20140117 4 2 7 4 0 0
20140117 5 2 4 5 0 0
20140117 6 1 7 8 1 5
20140117 7 7 5 8 5 4
20140117 8 7 1 2 5 1
20140117 9 3 1 7 3 1
20140117 10 2 9 1 2 6
20140118 1 4 7 3 0 0
20140118 2 2 7 5 0 0
20140118 3 6 3 4 0 0
20140118 4 3 5 2 0 0
20140118 5 1 9 4 1 6
20140118 6 9 7 1 6 5
20140118 7 1 7 3 1 5
20140118 8 3 5 4 3 4
20140118 9 6 4 1 0 0
20140118 10 1 5 8 1 4
20140128 1 2 4 9 2 4
20140128 2 7 1 3 5 1
20140128 3 7 3 8 5 3
20140128 4 9 3 1 6 3
20140128 5 8 2 1 6 2
20140128 6 8 3 5 6 3
20140128 7 7 9 1 5 6
20140128 8 3 8 5 3 6
20140128 9 3 2 4 3 2
20140128 10 5 7 6 4 5
20140128 11 2 3 5 2 3
20140129 1 7 3 4 5 3
20140129 2 4 9 1 4 6
20140129 3 7 3 8 5 3
20140129 4 3 9 2 3 6
20140129 5 2 1 6 2 1
20140129 6 4 3 9 4 3
20140129 7 5 7 3 4 5
20140129 8 2 9 3 2 6
20140129 9 2 4 6 2 4
20140129 10 3 5 7 3 4
20140129 11 2 1 7 2 1
20140130 1 5 1 4 4 1
20140130 2 7 1 8 5 1
20140130 3 2 1 8 2 1
20140130 4 2 4 3 2 4
20140130 5 1 9 2 1 6
20140130 6 5 2 7 4 2
20140130 7 5 9 8 4 6
20140130 8 1 9 5 1 6
20140130 9 1 4 3 1 4
20140130 10 1 2 7 1 2
20140130 11 9 2 4 6 2
20140219 1 7 4 5 0 0
20140219 2 1 6 4 0 0
20140219 3 4 5 2 0 0
20140219 4 3 2 5 0 0
20140219 5 5 2 4 0 0
20140219 6 9 1 3 6 1
20140219 7 7 9 1 5 6
20140219 8 5 3 1 4 3
20140219 9 3 1 2 3 1
20140219 10 5 2 7 4 2
20140220 1 6 3 2 0 0
20140220 2 4 1 6 0 0
20140220 3 3 4 7 0 0
20140220 4 4 2 1 0 0
20140220 5 4 1 6 0 0
20140220 6 3 9 4 3 6
20140220 7 7 9 3 5 6
20140220 8 7 2 1 5 2
20140220 9 7 2 4 5 2
20140220 10 5 1 9 4 1
20140221 1 1 7 4 0 0
20140221 2 2 5 1 0 0
20140221 3 3 1 2 0 0
20140221 4 7 1 4 0 0
20140221 5 9 7 5 6 5
20140221 6 3 5 1 3 4
20140221 7 2 1 5 2 1
20140221 8 9 8 5 6 6
20140221 9 3 5 2 0 0
20140221 10 8 3 1 6 3
20140409 1 3 1 7 0 0
20140409 2 2 5 3 0 0
20140409 3 7 3 5 0 0
20140409 4 2 5 4 0 0
20140409 5 5 1 3 0 0
20140409 6 5 3 1 4 3
20140409 7 2 5 8 2 4
20140409 8 5 2 7 4 2
20140409 9 1 9 5 1 6
20140409 10 3 1 8 3 1
20140410 1 3 7 4 0 0
20140410 2 5 3 2 0 0
20140410 3 7 1 4 0 0
20140410 4 1 7 6 0 0
20140410 5 7 6 1 0 0
20140410 6 5 8 9 4 6
20140410 7 9 4 1 6 4
20140410 8 8 5 3 6 4
20140410 9 2 7 5 2 5
20140410 10 3 2 9 3 2
20140411 1 4 2 1 0 0
20140411 2 3 2 7 0 0
20140411 3 3 4 5 0 0
20140411 4 7 4 5 0 0
20140411 5 9 2 3 6 2
20140411 6 6 9 7 5 6
20140411 7 3 2 8 3 2
20140411 8 1 3 4 1 3
20140411 9 4 2 1 0 0
20140411 10 5 7 3 4 5
20140524 1 2 7 1 2 5
20140524 2 3 7 9 3 5
20140524 3 9 2 4 6 2
20140524 4 1 9 6 1 6
20140524 5 7 3 2 5 3
20140524 6 3 1 6 3 1
20140524 7 9 7 3 6 5
20140524 8 1 9 5 1 6
20140524 9 2 9 8 2 6
20140524 10 2 7 1 2 5
20140524 11 5 9 8 4 6
20140524 12 1 3 8 1 3
20140525 1 5 2 9 4 2
20140525 2 8 4 9 6 4
20140525 3 7 9 5 5 6
20140525 4 6 3 4 5 3
20140525 5 7 1 2 5 1
20140525 6 7 4 3 5 4
20140525 7 2 7 5 2 5
20140525 8 9 3 6 6 3
20140525 9 5 1 7 4 1
20140525 10 1 7 2 1 5
20140525 11 5 2 4 4 2
20140525 12 1 7 8 1 5
20140526 1 7 1 2 5 1
20140526 2 8 4 1 6 4
20140526 3 3 5 2 3 4
20140526 4 4 8 5 4 6
20140526 5 2 5 9 2 4
20140526 6 1 2 8 1 2
20140526 7 3 4 6 3 4
20140526 8 2 8 4 2 6
20140526 9 3 8 2 3 6
20140526 10 1 7 8 1 5
20140526 11 5 9 7 4 6
20140526 12 5 1 9 4 1
20140527 1 2 6 4 2 5
20140527 2 1 9 7 1 6
20140527 3 5 6 1 4 5
20140527 4 3 5 9 3 4
20140527 5 9 1 5 6 1
20140527 6 2 5 8 2 4
20140527 7 8 1 4 6 1
20140527 8 1 5 7 1 4
20140527 9 1 9 3 1 6
20140527 10 2 9 7 2 6
20140527 11 3 7 2 3 5
20140630 1 5 2 6 4 2
20140630 2 7 1 9 5 1
20140630 3 5 2 3 4 2
20140630 4 2 9 6 2 6
20140630 5 7 1 5 5 1
20140630 6 3 2 9 3 2
20140630 7 2 7 5 2 5
20140630 8 3 2 1 3 2
20140630 9 1 5 3 1 4
20140630 10 7 1 2 5 1
20140630 11 2 1 9 2 1
20140701 1 3 9 2 3 6
20140701 2 6 8 9 5 6
20140701 3 6 4 1 5 4
20140701 4 2 9 4 2 6
20140701 5 1 9 3 1 6
20140701 6 5 3 9 4 3
20140701 7 5 1 7 4 1
20140701 8 3 5 6 3 4
20140701 9 4 2 9 4 2
20140701 10 1 2 7 1 2
20140701 11 1 7 9 1 5
20140702 1 3 5 7 3 4
20140702 2 7 9 1 5 6
20140702 3 2 8 1 2 6
20140702 4 1 9 2 1 6
20140702 5 2 3 7 2 3
20140702 6 9 7 5 6 5
20140702 7 2 4 6 2 4
20140702 8 5 2 7 4 2
20140702 9 4 2 1 4 2
20140702 10 9 2 1 6 2
20140702 11 3 1 6 3 1
20140724 1 1 4 5 0 0
20140724 2 7 2 3 0 0
20140724 3 2 1 7 0 0
20140724 4 2 5 3 0 0
20140724 5 1 7 3 0 0
20140724 6 7 2 5 5 2
20140724 7 5 3 4 4 3
20140724 8 9 1 5 6 1
20140724 9 5 2 6 4 2
20140724 10 1 4 3 1 4
20140725 1 7 1 2 0 0
20140725 2 6 4 2 0 0
20140725 3 1 7 3 0 0
20140725 4 1 2 5 0 0
20140725 5 7 5 4 0 0
20140725 6 8 3 2 6 3
20140725 7 7 3 1 5 3
20140725 8 9 3 7 6 3
20140725 9 7 5 2 5 4
20140725 10 3 2 9 3 2
20140726 1 5 7 4 0 0
20140726 2 1 2 6 0 0
20140726 3 5 7 4 0 0
20140726 4 1 5 4 0 0
20140726 5 9 2 7 6 2
20140726 6 7 8 3 5 6
20140726 7 3 4 9 3 4
20140726 8 9 3 8 6 3
20140726 9 2 1 4 0 0
20140726 10 1 3 5 1 3
20140817 1 7 4 1 0 0
20140817 2 6 7 1 0 0
20140817 3 5 7 4 0 0
20140817 4 7 4 1 0 0
20140817 5 3 2 1 0 0
20140817 6 9 2 4 6 2
20140817 7 2 1 9 2 1
20140817 8 9 7 8 6 5
20140817 9 7 4 8 5 4
20140817 10 7 5 9 5 4
20140818 1 3 6 1 0 0
20140818 2 2 6 3 0 0
20140818 3 2 1 5 0 0
20140818 4 3 4 2 0 0
20140818 5 4 1 2 0 0
20140818 6 7 2 4 5 2
20140818 7 5 1 9 4 1
20140818 8 2 3 5 2 3
20140818 9 5 2 3 4 2
20140818 10 3 5 7 3 4
20140819 1 6 7 4 0 0
20140819 2 1 7 2 0 0
20140819 3 7 5 3 0 0
20140819 4 4 3 5 0 0
20140819 5 1 6 4 1 5
20140819 6 3 7 1 3 5
20140819 7 2 5 3 2 4
20140819 8 8 5 9 6 4
20140819 9 1 6 4 0 0
20140819 10 9 8 4 6 6
20140828 1 3 1 5 0 0
20140828 2 5 3 4 0 0
20140828 3 2 7 6 0 0
20140828 4 7 3 1 0 0
20140828 5 2 1 4 0 0
20140828 6 1 8 2 1 6
20140828 7 2 3 5 2 3
20140828 8 5 7 2 4 5
20140828 9 3 8 2 3 6
20140828 10 2 1 5 2 1
20140829 1 3 1 4 0 0
20140829 2 5 7 3 0 0
20140829 3 1 6 5 0 0
20140829 4 5 3 2 0 0
20140829 5 5 1 3 0 0
20140829 6 2 9 7 2 6
20140829 7 7 4 8 5 4
20140829 8 5 6 1 4 5
20140829 9 7 2 3 5 2
20140829 10 1 3 7 1 3
20140830 1 7 1 4 0 0
20140830 2 7 3 2 0 0
20140830 3 2 7 1 0 0
20140830 4 5 2 7 0 0
20140830 5 3 9 5 3 6
20140830 6 2 5 1 2 4
20140830 7 7 6 5 5 5
20140830 8 1 8 2 1 6
20140830 9 2 1 7 0 0
20140830 10 1 5 7 1 4
20140905 1 5 2 3 4 2
20140905 2 1 7 2 1 5
20140905 3 3 7 1 3 5
20140905 4 2 5 9 2 4
20140905 5 2 7 3 2 5
20140905 6 3 9 4 3 6
20140905 7 7 2 3 5 2
20140905 8 1 9 2 1 6
20140905 9 7 1 4 5 1
20140905 10 3 2 9 3 2
20140905 11 4 7 9 4 5
20140906 1 7 1 9 5 1
20140906 2 1 7 5 1 5
20140906 3 5 4 9 4 4
20140906 4 7 5 1 5 4
20140906 5 1 9 8 1 6
20140906 6 2 7 3 2 5
20140906 7 7 4 1 5 4
20140906 8 9 1 2 6 1
20140906 9 1 4 9 1 4
20140906 10 5 7 2 4 5
20140906 11 9 7 2 6 5
20140907 1 1 6 3 1 5
20140907 2 2 4 7 2 4
20140907 3 1 6 5 1 5
20140907 4 5 7 2 4 5
20140907 5 2 5 1 2 4
20140907 6 5 3 7 4 3
20140907 7 7 2 5 5 2
20140907 8 5 1 9 4 1
20140907 9 9 1 2 6 1
20140907 10 3 8 7 3 6
20140907 11 7 5 8 5 4
20140916 1 9 1 7 6 1
20140916 2 3 9 5 3 6
20140916 3 9 1 8 6 1
20140916 4 1 5 2 1 4
20140916 5 5 7 1 4 5
20140916 6 2 5 1 2 4
20140916 7 1 8 2 1 6
20140916 8 4 2 6 4 2
20140916 9 7 9 2 5 6
20140916 10 5 1 8 4 1
20140916 11 5 3 1 4 3
20140917 1 4 2 3 4 2
20140917 2 2 5 9 2 4
20140917 3 8 7 2 6 5
20140917 4 2 8 9 2 6
20140917 5 5 1 2 4 1
20140917 6 3 9 1 3 6
20140917 7 1 7 3 1 5
20140917 8 3 4 2 3 4
20140917 9 2 9 7 2 6
20140917 10 4 2 7 4 2
20140917 11 1 5 7 1 4
20140918 1 5 2 9 4 2
20140918 2 9 7 2 6 5
20140918 3 8 1 3 6 1
20140918 4 7 3 5 5 3
20140918 5 4 3 9 4 3
20140918 6 4 1 3 4 1
20140918 7 5 3 6 4 3
20140918 8 5 9 2 4 6
20140918 9 7 8 4 5 6
20140918 10 3 9 1 3 6
20140918 11 6 7 8 5 5
20140924 1 2 1 5 0 0
20140924 2 7 1 2 0 0
20140924 3 3 5 1 0 0
20140924 4 3 7 6 0 0
20140924 5 3 5 2 0 0
20140924 6 7 3 1 5 3
20140924 7 1 7 2 1 5
20140924 8 2 7 3 2 5
20140924 9 2 7 8 2 5
20140924 10 7 9 2 5 6
20140925 1 2 5 1 0 0
20140925 2 3 5 7 0 0
20140925 3 3 7 2 0 0
20140925 4 1 3 4 0 0
20140925 5 2 1 7 0 0
20140925 6 5 9 1 4 6
20140925 7 9 2 5 6 2
20140925 8 3 2 1 3 2
20140925 9 1 7 3 1 5
20140925 10 2 8 7 2 6
20140926 1 3 1 7 0 0
20140926 2 3 4 6 0 0
20140926 3 5 3 2 0 0
20140926 4 2 5 4 0 0
20140926 5 5 2 1 4 2
20140926 6 9 3 4 6 3
20140926 7 3 5 6 3 4
20140926 8 4 1 2 4 1
20140926 9 5 1 4 0 0
20140926 10 5 2 3 4 2
20141031 1 5 4 3 0 0
20141031 2 7 2 1 0 0
20141031 3 1 3 2 0 0
20141031 4 1 3 5 0 0
20141031 5 5 3 1 0 0
20141031 6 2 4 9 2 4
20141031 7 1 5 8 1 4
20141031 8 7 2 1 5 2
20141031 9 5 1 3 4 1
20141031 10 4 6 5 4 5
20141101 1 2 7 1 0 0
20141101 2 4 7 5 0 0
20141101 3 3 4 6 0 0
20141101 4 2 7 1 0 0
20141101 5 4 7 1 0 0
20141101 6 3 7 9 3 5
20141101 7 1 7 9 1 5
20141101 8 9 7 2 6 5
20141101 9 7 3 1 5 3
20141101 10 5 1 3 4 1
20141102 1 6 7 3 0 0
20141102 2 7 2 4 0 0
20141102 3 5 1 6 0 0
20141102 4 5 3 2 0 0
20141102 5 4 2 1 4 2
20141102 6 3 9 5 3 6
20141102 7 9 2 5 6 2
20141102 8 7 1 3 5 1
20141102 9 1 6 3 0 0
20141102 10 1 5 7 1 4
20141107 1 4 7 5 4 5
20141107 2 1 5 3 1 4
20141107 3 1 9 5 1 6
20141107 4 6 2 5 5 2
20141107 5 2 7 1 2 5
20141107 6 2 7 5 2 5
20141107 7 5 7 9 4 5
20141107 8 1 7 3 1 5
20141107 9 9 5 3 6 4
20141107 10 3 7 9 3 5
20141107 11 3 8 1 3 6
20141108 1 4 1 9 4 1
20141108 2 2 5 7 2 4
20141108 3 5 2 9 4 2
20141108 4 6 3 9 5 3
20141108 5 1 6 9 1 5
20141108 6 5 4 6 4 4
20141108 7 3 5 7 3 4
20141108 8 1 2 3 1 2
20141108 9 2 4 7 2 4
20141108 10 3 5 1 3 4
20141108 11 5 7 1 4 5
20141109 1 3 7 2 3 5
20141109 2 9 6 4 6 5
20141109 3 3 7 5 3 5
20141109 4 1 5 9 1 4
20141109 5 7 6 2 5 5
20141109 6 2 8 5 2 6
20141109 7 3 7 5 3 5
20141109 8 5 9 1 4 6
20141109 9 5 1 6 4 1
20141109 10 1 9 8 1 6
20141109 11 1 5 3 1 4
20141125 1 5 9 1 4 6
20141125 2 1 5 4 1 4
20141125 3 9 3 1 6 3
20141125 4 9 3 4 6 3
20141125 5 3 7 2 3 5
20141125 6 2 7 4 2 5
20141125 7 7 5 1 5 4
20141125 8 3 9 2 3 6
20141125 9 9 1 3 6 1
20141125 10 2 9 7 2 6
20141125 11 2 7 8 2 5
20141126 1 7 2 8 5 2
20141126 2 5 1 2 4 1
20141126 3 7 6 8 5 5
20141126 4 3 5 7 3 4
20141126 5 2 9 7 2 6
20141126 6 9 1 7 6 1
20141126 7 1 2 9 1 2
20141126 8 8 5 4 6 4
20141126 9 5 1 2 4 1
20141126 10 9 7 4 6 5
20141126 11 2 5 7 2 4
20141127 1 5 3 9 4 3
20141127 2 9 2 5 6 2
20141127 3 4 2 8 4 2
20141127 4 3 9 2 3 6
20141127 5 3 9 1 3 6
20141127 6 9 5 7 6 4
20141127 7 5 2 1 4 2
20141127 8 3 9 4 3 6
20141127 9 2 9 7 2 6
20141127 10 3 5 4 3 4
20141127 11 8 5 3 6 4
20141203 1 1 6 3 1 5
20141203 2 9 2 3 6 2
20141203 3 7 3 8 5 3
20141203 4 5 7 8 4 5
20141203 5 5 8 7 4 6
20141203 6 3 1 9 3 1
20141203 7 5 3 2 4 3
20141203 8 6 2 3 5 2
20141203 9 3 9 5 3 6
20141203 10 2 7 1 2 5
20141203 11 4 1 5 4 1
20141204 1 2 7 1 2 5
20141204 2 3 2 4 3 2
20141204 3 1 4 3 1 4
20141204 4 1 3 8 1 3
20141204 5 6 7 9 5 5
20141204 6 7 1 3 5 1
20141204 7 1 2 5 1 2
20141204 8 3 2 1 3 2
20141204 9 2 9 1 2 6
20141204 10 1 7 3 1 5
20141204 11 5 1 6 4 1
20141205 1 7 9 8 5 6
20141205 2 1 4 8 1 4
20141205 3 3 9 4 3 6
20141205 4 3 1 9 3 1
20141205 5 5 3 1 4 3
20141205 6 6 2 5 5 2
20141205 7 1 7 2 1 5
20141205 8 9 2 4 6 2
20141205 9 1 7 3 1 5
20141205 10 2 9 5 2 6
20141205 11 4 9 8 4 6
20141210 1 3 1 4 0 0
20141210 2 2 4 3 0 0
20141210 3 3 5 7 0 0
20141210 4 5 3 7 0 0
20141210 5 3 4 7 0 0
20141210 6 3 1 2 3 1
20141210 7 1 5 3 1 4
20141210 8 2 8 4 2 6
20141210 9 3 5 2 3 4
20141210 10 1 2 9 1 2
20141211 1 7 5 3 0 0
20141211 2 3 7 5 0 0
20141211 3 3 4 2 0 0
20141211 4 5 7 6 0 0
20141211 5 2 4 1 0 0
20141211 6 5 1 3 4 1
20141211 7 7 1 4 5 1
20141211 8 1 7 9 1 5
20141211 9 9 1 8 6 1
20141211 10 9 2 8 6 2
20141212 1 3 5 1 0 0
20141212 2 5 3 6 0 0
20141212 3 3 4 6 0 0
20141212 4 4 3 1 0 0
20141212 5 1 7 9 1 5
20141212 6 5 9 2 4 6
20141212 7 1 2 9 1 2
20141212 8 2 5 9 2 4
20141212 9 3 1 7 0 0
20141212 10 9 2 7 6 2
20150102 1 1 3 5 0 0
20150102 2 3 5 4 0 0
20150102 3 5 1 3 0 0
20150102 4 4 3 5 0 0
20150102 5 3 5 4 0 0
20150102 6 2 9 5 2 6
20150102 7 9 2 3 6 2
20150102 8 3 9 1 3 6
20150102 9 1 7 2 1 5
20150102 10 5 9 3 4 6
20150103 1 3 5 6 0 0
20150103 2 4 3 1 0 0
20150103 3 5 4 7 0 0
20150103 4 6 7 2 0 0
20150103 5 3 5 2 0 0
20150103 6 3 5 7 3 4
20150103 7 1 4 6 1 4
20150103 8 8 2 9 6 2
20150103 9 5 2 1 4 2
20150103 10 4 7 9 4 5
20150104 1 3 5 2 0 0
20150104 2 5 2 3 0 0
20150104 3 2 4 3 0 0
20150104 4 3 5 2 0 0
20150104 5 5 2 4 0 0
20150104 6 5 4 6 0 0
20150104 7 7 1 3 5 1
20150104 8 5 1 9 4 1
20150104 9 3 5 1 0 0
20150104 10 4 2 5 4 2
20150209 1 7 3 5 0 0
20150209 2 1 7 3 0 0
20150209 3 4 5 3 0 0
20150209 4 5 3 1 0 0
20150209 5 3 1 5 0 0
20150209 6 2 1 3 2 1
20150209 7 5 3 8 4 3
20150209 8 1 6 7 1 5
20150209 9 1 9 7 1 6
20150209 10 6 2 9 5 2
20150210 1 2 3 6 0 0
20150210 2 3 2 4 0 0
20150210 3 2 5 3 0 0
20150210 4 6 2 4 0 0
20150210 5 4 1 2 0 0
20150210 6 6 1 2 5 1
20150210 7 7 4 6 5 4
20150210 8 3 1 9 3 1
20150210 9 5 2 6 4 2
20150210 10 3 4 7 3 4
20150211 1 1 5 2 0 0
20150211 2 5 7 2 0 0
20150211 3 7 5 3 0 0
20150211 4 2 4 6 0 0
20150211 5 3 6 1 3 5
20150211 6 3 1 6 3 1
20150211 7 2 5 7 2 4
20150211 8 8 3 1 6 3
20150211 9 5 4 3 0 0
20150211 10 2 9 6 2 6
20150304 1 3 5 4 0 0
20150304 2 3 5 4 0 0
20150304 3 5 2 3 0 0
20150304 4 3 5 6 0 0
20150304 5 3 4 5 0 0
20150304 6 9 2 7 6 2
20150304 7 2 7 4 2 5
20150304 8 8 1 3 6 1
20150304 9 5 9 2 4 6
20150304 10 3 7 8 3 5
20150305 1 5 7 3 0 0
20150305 2 5 3 1 0 0
20150305 3 2 3 4 0 0
20150305 4 3 5 6 0 0
20150305 5 3 5 2 0 0
20150305 6 9 1 2 6 1
20150305 7 1 9 5 1 6
20150305 8 3 1 2 3 1
20150305 9 1 3 9 1 3
20150305 10 8 7 2 6 5
20150306 1 3 2 5 0 0
20150306 2 3 5 7 0 0
20150306 3 3 5 1 0 0
20150306 4 5 3 1 0 0
20150306 5 1 9 5 1 6
20150306 6 1 9 5 1 6
20150306 7 9 1 3 6 1
20150306 8 9 7 5 6 5
20150306 9 3 7 5 0 0
20150306 10 1 7 6 1 5
20150403 1 1 6 2 0 0
20150403 2 4 5 7 0 0
20150403 3 3 4 5 0 0
20150403 4 3 5 4 0 0
20150403 5 7 3 4 0 0
20150403 6 7 5 3 5 4
20150403 7 4 3 2 4 3
20150403 8 7 1 9 5 1
20150403 9 5 7 3 4 5
20150403 10 9 5 1 6 4
20150404 1 7 2 3 0 0
20150404 2 5 3 7 0 0
20150404 3 4 3 1 0 0
20150404 4 4 1 7 0 0
20150404 5 5 3 7 0 0
20150404 6 3 7 4 3 5
20150404 7 3 8 7 3 6
20150404 8 3 5 2 3 4
20150404 9 9 2 6 6 2
20150404 10 5 3 2 4 3
20150405 1 5 3 7 0 0
20150405 2 2 5 7 0 0
20150405 3 3 7 2 0 0
20150405 4 5 6 1 0 0
20150405 5 5 1 2 4 1
20150405 6 7 3 6 5 3
20150405 7 9 2 1 6 2
20150405 8 6 1 5 5 1
20150405 9 7 3 4 0 0
20150405 10 9 1 2 6 1
20150516 1 1 7 5 1 5
20150516 2 1 9 4 1 6
20150516 3 3 5 7 3 4
20150516 4 1 3 7 1 3
20150516 5 7 2 8 5 2
20150516 6 1 9 8 1 6
20150516 7 9 3 5 6 3
20150516 8 8 1 3 6 1
20150516 9 7 1 4 5 1
20150516 10 1 3 9 1 3
20150516 11 8 4 1 6 4
20150517 1 1 5 3 1 4
20150517 2 3 9 8 3 6
20150517 3 5 1 3 4 1
20150517 4 4 8 5 4 6
20150517 5 5 3 4 4 3
20150517 6 7 5 4 5 4
20150517 7 7 5 4 5 4
20150517 8 5 9 2 4 6
20150517 9 1 5 3 1 4
20150517 10 1 5 2 1 4
20150517 11 1 4 9 1 4
20150615 1 2 5 9 2 4
20150615 2 1 5 2 1 4
20150615 3 3 9 4 3 6
20150615 4 2 9 4 2 6
20150615 5 5 1 9 4 1
20150615 6 5 6 3 4 5
20150615 7 4 3 1 4 3
20150615 8 1 3 7 1 3
20150615 9 7 1 5 5 1
20150615 10 5 1 7 4 1
20150615 11 5 7 1 4 5
20150616 1 2 4 5 2 4
20150616 2 2 5 1 2 4
20150616 3 3 1 7 3 1
20150616 4 7 5 2 5 4
20150616 5 7 3 2 5 3
20150616 6 3 7 2 3 5
20150616 7 8 1 2 6 1
20150616 8 5 7 2 4 5
20150616 9 3 7 9 3 5
20150616 10 1 9 3 1 6
20150616 11 7 9 2 5 6
20150617 1 7 2 3 5 2
20150617 2 1 9 7 1 6
20150617 3 7 6 1 5 5
20150617 4 3 8 5 3 6
20150617 5 1 9 2 1 6
20150617 6 7 9 1 5 6
20150617 7 9 2 3 6 2
20150617 8 9 7 3 6 5
20150617 9 3 9 5 3 6
20150617 10 4 2 9 4 2
20150617 11 5 2 1 4 2
20150627 1 9 3 1 6 3
20150627 2 7 1 3 5 1
20150627 3 3 7 1 3 5
20150627 4 5 9 1 4 6
20150627 5 2 3 7 2 3
20150627 6 9 2 4 6 2
20150627 7 9 7 2 6 5
20150627 8 2 7 5 2 5
20150627 9 2 7 9 2 5
20150627 10 5 2 8 4 2
20150627 11 1 9 8 1 6
20150627 12 2 7 1 2 5
20150628 1 1 2 4 1 2
20150628 2 3 7 5 3 5
20150628 3 4 1 2 4 1
20150628 4 5 1 9 4 1
20150628 5 3 7 1 3 5
20150628 6 7 4 1 5 4
20150628 7 3 8 6 3 6
20150628 8 1 5 9 1 4
20150628 9 1 3 9 1 3
20150628 10 7 1 5 5 1
20150628 11 1 3 4 1 3
20150628 12 5 1 2 4 1
20150629 1 9 7 2 6 5
20150629 2 3 7 9 3 5
20150629 3 5 9 1 4 6
20150629 4 1 7 2 1 5
20150629 5 1 2 7 1 2
20150629 6 7 1 5 5 1
20150629 7 7 3 9 5 3
20150629 8 1 9 8 1 6
20150629 9 2 9 4 2 6
20150629 10 7 5 1 5 4
20150629 11 3 9 1 3 6
20150629 12 5 9 4 4 6
20150630 1 3 8 2 3 6
20150630 2 2 1 4 2 1
20150630 3 7 2 3 5 2
20150630 4 8 6 3 6 5
20150630 5 9 2 4 6 2
20150630 6 1 5 9 1 4
20150630 7 1 5 8 1 4
20150630 8 3 8 2 3 6
20150630 9 6 2 9 5 2
20150630 10 1 7 9 1 5
20150630 11 7 9 1 5 6
20150630 12 5 2 3 4 2
20150706 1 3 5 2 0 0
20150706 2 2 7 1 0 0
20150706 3 3 6 1 0 0
20150706 4 3 2 4 0 0
20150706 5 3 5 7 0 0
20150706 6 9 3 2 6 3
20150706 7 3 8 2 3 6
20150706 8 1 7 4 1 5
20150706 9 3 1 4 3 1
20150706 10 6 3 9 5 3
20150707 1 1 5 4 0 0
20150707 2 1 2 4 0 0
20150707 3 2 3 5 0 0
20150707 4 3 2 7 0 0
20150707 5 3 1 2 0 0
20150707 6 9 3 8 6 3
20150707 7 2 4 5 2 4
20150707 8 2 8 3 2 6
20150707 9 7 3 2 5 3
20150707 10 5 7 1 4 5
20150708 1 3 7 5 0 0
20150708 2 3 5 6 0 0
20150708 3 5 3 4 0 0
20150708 4 5 3 1 0 0
20150708 5 2 4 3 2 4
20150708 6 2 5 3 2 4
20150708 7 6 8 9 5 6
20150708 8 3 4 2 3 4
20150708 9 3 5 1 0 0
20150708 10 2 1 4 2 1
20150722 1 5 3 1 0 0
20150722 2 3 5 7 0 0
20150722 3 3 5 6 0 0
20150722 4 3 5 1 0 0
20150722 5 3 5 7 0 0
20150722 6 2 3 6 0 0
20150722 7 5 4 1 0 0
20150722 8 1 3 8 1 3
20150722 9 3 5 9 3 4
20150722 10 5 2 7 4 2
20150722 11 7 1 5 5 1
20150722 12 9 5 3 6 4
