20120228 1 9 5 2 6 4
20120228 2 3 7 6 3 5
20120228 3 2 9 1 2 6
20120228 4 7 8 3 5 6
20120228 5 2 9 4 2 6
20120228 6 3 7 9 3 5
20120228 7 3 1 9 3 1
20120228 8 3 8 2 3 6
20120228 9 3 6 4 3 5
20120228 10 3 1 6 3 1
20120228 11 9 2 1 6 2
20120229 1 1 9 4 1 6
20120229 2 3 5 9 3 4
20120229 3 4 3 5 4 3
20120229 4 9 4 2 6 4
20120229 5 1 5 7 1 4
20120229 6 1 9 7 1 6
20120229 7 3 9 6 3 6
20120229 8 7 9 4 5 6
20120229 9 7 3 9 5 3
20120229 10 5 4 7 4 4
20120229 11 5 1 3 4 1
20120301 1 1 7 9 1 5
20120301 2 9 2 8 6 2
20120301 3 4 7 1 4 5
20120301 4 2 9 6 2 6
20120301 5 6 9 1 5 6
20120301 6 9 6 5 6 5
20120301 7 7 2 1 5 2
20120301 8 2 7 9 2 5
20120301 9 2 9 5 2 6
20120301 10 2 9 1 2 6
20120301 11 2 9 1 2 6
20120302 1 1 4 9 1 4
20120302 2 1 9 6 1 6
20120302 3 4 5 9 4 4
20120302 4 5 2 1 4 2
20120302 5 1 8 7 1 6
20120302 6 5 4 8 4 4
20120302 7 2 3 4 2 3
20120302 8 1 9 3 1 6
20120302 9 2 8 4 2 6
20120302 10 9 4 3 6 4
20120302 11 7 1 5 5 1
20120303 1 1 5 3 1 4
20120303 2 9 7 5 6 5
20120303 3 7 6 5 5 5
20120303 4 3 6 1 3 5
20120303 5 7 5 1 5 4
20120303 6 5 8 9 4 6
20120303 7 7 2 9 5 2
20120303 8 1 4 2 1 4
20120303 9 7 1 2 5 1
20120303 10 4 6 5 4 5
20120303 11 4 5 7 4 4
20120304 1 3 4 9 3 4
20120304 2 3 9 1 3 6
20120304 3 2 8 3 2 6
20120304 4 4 8 2 4 6
20120304 5 5 7 1 4 5
20120304 6 1 9 2 1 6
20120304 7 6 8 1 5 6
20120304 8 5 3 7 4 3
20120304 9 1 7 9 1 5
20120304 10 1 4 5 1 4
20120304 11 9 1 5 6 1
20120321 1 5 1 7 4 1
20120321 2 9 1 6 6 1
20120321 3 7 5 9 5 4
20120321 4 9 5 1 6 4
20120321 5 3 7 2 3 5
20120321 6 3 1 7 3 1
20120321 7 3 7 6 3 5
20120321 8 1 2 9 1 2
20120321 9 1 2 9 1 2
20120321 10 9 3 7 6 3
20120321 11 5 1 3 4 1
20120321 12 9 2 3 6 2
20120322 1 2 7 1 2 5
20120322 2 1 9 7 1 6
20120322 3 7 1 9 5 1
20120322 4 3 9 2 3 6
20120322 5 7 1 9 5 1
20120322 6 1 9 2 1 6
20120322 7 7 9 5 5 6
20120322 8 1 8 9 1 6
20120322 9 5 1 7 4 1
20120322 10 9 2 4 6 2
20120322 11 1 9 4 1 6
20120322 12 6 9 1 5 6
20120323 1 5 9 1 4 6
20120323 2 5 1 4 4 1
20120323 3 9 2 7 6 2
20120323 4 1 9 4 1 6
20120323 5 3 2 8 3 2
20120323 6 2 9 5 2 6
20120323 7 1 5 9 1 4
20120323 8 1 7 5 1 5
20120323 9 2 3 9 2 3
20120323 10 1 4 9 1 4
20120323 11 1 5 9 1 4
20120323 12 3 2 1 3 2
20120409 1 1 7 2 0 0
20120409 2 3 7 5 0 0
20120409 3 5 7 1 0 0
20120409 4 1 5 3 0 0
20120409 5 1 3 5 0 0
20120409 6 5 3 7 4 3
20120409 7 7 2 1 5 2
20120409 8 1 5 2 1 4
20120409 9 3 6 4 3 5
20120409 10 2 7 9 2 5
20120409 11 1 5 3 1 4
20120410 1 2 6 7 0 0
20120410 2 1 5 2 0 0
20120410 3 2 4 3 0 0
20120410 4 7 3 1 0 0
20120410 5 1 3 7 0 0
20120410 6 5 3 8 4 3
20120410 7 7 2 4 5 2
20120410 8 9 4 8 6 4
20120410 9 7 8 5 5 6
20120410 10 3 2 9 3 2
20120410 11 3 7 9 3 5
20120411 1 3 1 2 0 0
20120411 2 1 4 5 0 0
20120411 3 2 1 4 0 0
20120411 4 1 4 5 0 0
20120411 5 1 7 3 1 5
20120411 6 3 8 7 3 6
20120411 7 2 7 1 2 5
20120411 8 3 5 2 3 4
20120411 9 3 8 5 3 6
20120411 10 1 2 5 0 0
20120411 11 7 2 5 5 2
20120501 1 6 3 9 5 3
20120501 2 1 9 2 1 6
20120501 3 2 7 3 2 5
20120501 4 2 3 7 2 3
20120501 5 7 1 2 5 1
20120501 6 5 1 7 4 1
20120501 7 2 7 5 2 5
20120501 8 5 1 8 4 1
20120501 9 7 9 5 5 6
20120501 10 2 9 5 2 6
20120501 11 1 9 2 1 6
20120501 12 2 8 5 2 6
20120502 1 5 2 3 4 2
20120502 2 1 7 3 1 5
20120502 3 3 4 1 3 4
20120502 4 3 5 1 3 4
20120502 5 7 2 9 5 2
20120502 6 1 4 2 1 4
20120502 7 2 8 7 2 6
20120502 8 7 1 9 5 1
20120502 9 1 4 3 1 4
20120502 10 9 2 1 6 2
20120502 11 2 5 1 2 4
20120502 12 9 1 3 6 1
20120503 1 3 1 8 3 1
20120503 2 5 2 8 4 2
20120503 3 9 1 4 6 1
20120503 4 7 2 1 5 2
20120503 5 1 9 4 1 6
20120503 6 3 1 8 3 1
20120503 7 9 3 1 6 3
20120503 8 3 7 5 3 5
20120503 9 5 7 3 4 5
20120503 10 3 4 9 3 4
20120503 11 8 2 4 6 2
20120503 12 3 7 2 3 5
20120509 1 7 1 4 0 0
20120509 2 1 7 3 0 0
20120509 3 4 1 3 0 0
20120509 4 1 4 5 0 0
20120509 5 1 7 4 0 0
20120509 6 4 9 5 4 6
20120509 7 8 4 7 6 4
20120509 8 6 9 2 5 6
20120509 9 5 7 3 4 5
20120509 10 1 7 2 1 5
20120509 11 7 5 9 5 4
20120510 1 4 2 5 0 0
20120510 2 1 4 6 0 0
20120510 3 7 1 4 0 0
20120510 4 1 4 2 0 0
20120510 5 7 1 5 0 0
20120510 6 2 7 5 2 5
20120510 7 3 9 5 3 6
20120510 8 2 1 3 2 1
20120510 9 2 1 3 2 1
20120510 10 3 5 7 3 4
20120510 11 3 4 7 3 4
20120511 1 4 1 3 0 0
20120511 2 1 6 3 0 0
20120511 3 6 3 2 0 0
20120511 4 4 2 7 0 0
20120511 5 5 7 2 4 5
20120511 6 9 2 5 6 2
20120511 7 2 9 6 2 6
20120511 8 4 2 9 4 2
20120511 9 7 8 9 5 6
20120511 10 4 1 5 0 0
20120511 11 3 7 2 3 5
20120531 1 1 7 4 0 0
20120531 2 1 7 4 0 0
20120531 3 5 4 1 0 0
20120531 4 1 7 5 0 0
20120531 5 5 2 1 0 0
20120531 6 4 3 7 4 3
20120531 7 3 7 1 3 5
20120531 8 2 5 8 2 4
20120531 9 7 9 3 5 6
20120531 10 9 2 4 6 2
20120531 11 5 7 1 4 5
20120601 1 1 7 3 0 0
20120601 2 7 4 2 0 0
20120601 3 1 4 6 0 0
20120601 4 1 7 4 0 0
20120601 5 7 1 5 0 0
20120601 6 1 6 7 1 5
20120601 7 2 7 3 2 5
20120601 8 6 9 1 5 6
20120601 9 5 1 3 4 1
20120601 10 1 9 6 1 6
20120601 11 1 9 2 1 6
20120602 1 1 5 3 0 0
20120602 2 1 4 5 0 0
20120602 3 5 1 3 0 0
20120602 4 7 1 4 0 0
20120602 5 9 7 1 6 5
20120602 6 1 4 9 1 4
20120602 7 9 1 3 6 1
20120602 8 5 7 1 4 5
20120602 9 2 5 6 2 4
20120602 10 1 2 7 0 0
20120602 11 7 9 5 5 6
20120611 1 7 5 3 0 0
20120611 2 4 2 3 0 0
20120611 3 1 7 4 0 0
20120611 4 1 5 4 0 0
20120611 5 1 7 5 0 0
20120611 6 9 2 8 6 2
20120611 7 2 7 3 2 5
20120611 8 3 7 1 3 5
20120611 9 2 1 9 2 1
20120611 10 3 2 9 3 2
20120611 11 6 2 7 5 2
20120612 1 7 5 4 0 0
20120612 2 4 2 1 0 0
20120612 3 2 4 1 0 0
20120612 4 1 2 5 0 0
20120612 5 1 6 7 0 0
20120612 6 2 5 8 2 4
20120612 7 1 5 8 1 4
20120612 8 3 9 2 3 6
20120612 9 5 7 8 4 5
20120612 10 2 5 9 2 4
20120612 11 1 5 6 1 4
20120613 1 1 4 3 0 0
20120613 2 5 1 7 0 0
20120613 3 1 5 7 0 0
20120613 4 4 1 6 0 0
20120613 5 2 9 8 2 6
20120613 6 2 9 3 2 6
20120613 7 7 3 2 5 3
20120613 8 4 3 6 4 3
20120613 9 7 8 2 5 6
20120613 10 5 1 3 0 0
20120613 11 8 9 3 6 6
20120709 1 5 9 3 4 6
20120709 2 7 1 3 5 1
20120709 3 1 9 2 1 6
20120709 4 1 5 2 1 4
20120709 5 7 3 9 5 3
20120709 6 4 9 1 4 6
20120709 7 8 5 9 6 4
20120709 8 9 2 3 6 2
20120709 9 7 5 3 5 4
20120709 10 9 3 6 6 3
20120709 11 7 4 6 5 4
20120710 1 9 3 1 6 3
20120710 2 4 3 9 4 3
20120710 3 7 9 2 5 6
20120710 4 1 7 2 1 5
20120710 5 9 3 1 6 3
20120710 6 1 5 2 1 4
20120710 7 4 9 3 4 6
20120710 8 9 1 3 6 1
20120710 9 9 8 1 6 6
20120710 10 3 5 9 3 4
20120710 11 1 3 6 1 3
20120711 1 3 6 4 3 5
20120711 2 3 7 2 3 5
20120711 3 5 7 3 4 5
20120711 4 2 3 4 2 3
20120711 5 2 7 3 2 5
20120711 6 5 1 7 4 1
20120711 7 3 2 5 3 2
20120711 8 7 9 3 5 6
20120711 9 5 2 9 4 2
20120711 10 8 2 9 6 2
20120711 11 1 9 5 1 6
20120802 1 1 2 5 0 0
20120802 2 1 3 2 0 0
20120802 3 1 5 4 0 0
20120802 4 1 7 3 0 0
20120802 5 1 3 4 0 0
20120802 6 4 7 3 4 5
20120802 7 9 3 1 6 3
20120802 8 2 7 5 2 5
20120802 9 7 9 4 5 6
20120802 10 9 2 7 6 2
20120802 11 5 3 8 4 3
20120803 1 5 1 4 0 0
20120803 2 2 4 7 0 0
20120803 3 1 5 7 0 0
20120803 4 5 1 4 0 0
20120803 5 1 7 2 0 0
20120803 6 4 2 7 4 2
20120803 7 3 7 5 3 5
20120803 8 5 3 7 4 3
20120803 9 3 5 6 3 4
20120803 10 7 2 3 5 2
20120803 11 3 9 4 3 6
20120804 1 4 2 6 0 0
20120804 2 1 5 2 0 0
20120804 3 3 5 6 0 0
20120804 4 1 5 2 0 0
20120804 5 7 3 1 5 3
20120804 6 9 1 2 6 1
20120804 7 1 7 3 1 5
20120804 8 1 3 7 1 3
20120804 9 7 5 2 5 4
20120804 10 3 2 7 0 0
20120804 11 2 9 1 2 6
20120813 1 1 9 4 1 6
20120813 2 7 9 5 5 6
20120813 3 2 5 7 2 4
20120813 4 2 6 5 2 5
20120813 5 2 7 5 2 5
20120813 6 5 4 7 4 4
20120813 7 2 9 3 2 6
20120813 8 1 2 7 1 2
20120813 9 1 8 6 1 6
20120813 10 1 5 2 1 4
20120813 11 7 1 3 5 1
20120814 1 7 2 1 5 2
20120814 2 2 9 7 2 6
20120814 3 1 9 2 1 6
20120814 4 5 3 7 4 3
20120814 5 7 1 3 5 1
20120814 6 9 3 1 6 3
20120814 7 9 1 7 6 1
20120814 8 6 1 8 5 1
20120814 9 1 3 9 1 3
20120814 10 5 2 1 4 2
20120814 11 2 5 3 2 4
20120815 1 8 1 3 6 1
20120815 2 1 7 8 1 5
20120815 3 7 3 5 5 3
20120815 4 3 1 4 3 1
20120815 5 3 5 1 3 4
20120815 6 7 1 6 5 1
20120815 7 5 9 1 4 6
20120815 8 9 3 5 6 3
20120815 9 1 2 5 1 2
20120815 10 5 8 2 4 6
20120815 11 7 2 9 5 2
20120831 1 4 1 2 0 0
20120831 2 1 5 4 0 0
20120831 3 1 7 3 0 0
20120831 4 1 5 4 0 0
20120831 5 5 1 7 0 0
20120831 6 3 1 6 3 1
20120831 7 6 2 1 5 2
20120831 8 3 5 7 3 4
20120831 9 5 1 2 4 1
20120831 10 7 2 5 5 2
20120831 11 2 4 9 2 4
20120901 1 7 1 2 0 0
20120901 2 5 1 7 0 0
20120901 3 2 3 4 0 0
20120901 4 1 3 4 0 0
20120901 5 5 3 1 0 0
20120901 6 7 3 5 5 3
20120901 7 3 5 8 3 4
20120901 8 7 8 6 5 6
20120901 9 2 3 8 2 3
20120901 10 7 3 1 5 3
20120901 11 7 4 3 5 4
20120902 1 2 1 7 0 0
20120902 2 1 2 4 0 0
20120902 3 3 1 5 0 0
20120902 4 1 3 5 0 0
20120902 5 5 3 7 4 3
20120902 6 7 9 2 5 6
20120902 7 1 9 2 1 6
20120902 8 3 1 7 3 1
20120902 9 1 7 5 1 5
20120902 10 7 3 6 0 0
20120902 11 9 7 3 6 5
20120910 1 3 5 7 0 0
20120910 2 2 7 4 0 0
20120910 3 7 1 2 0 0
20120910 4 1 7 2 0 0
20120910 5 3 1 7 0 0
20120910 6 9 7 1 6 5
20120910 7 5 7 9 4 5
20120910 8 3 5 7 3 4
20120910 9 1 4 5 1 4
20120910 10 4 2 1 4 2
20120910 11 3 4 2 3 4
20120911 1 3 1 5 0 0
20120911 2 1 3 5 0 0
20120911 3 1 6 3 0 0
20120911 4 1 7 2 0 0
20120911 5 1 5 3 0 0
20120911 6 3 9 5 3 6
20120911 7 2 9 5 2 6
20120911 8 2 7 4 2 5
20120911 9 2 5 3 2 4
20120911 10 3 1 2 3 1
20120911 11 9 1 3 6 1
20120912 1 1 5 6 0 0
20120912 2 4 3 1 0 0
20120912 3 4 7 2 0 0
20120912 4 3 6 1 0 0
20120912 5 1 9 5 1 6
20120912 6 1 3 7 1 3
20120912 7 2 8 7 2 6
20120912 8 5 7 3 4 5
20120912 9 5 7 1 4 5
20120912 10 2 5 7 0 0
20120912 11 2 7 4 2 5
20121013 1 3 7 8 3 5
20121013 2 2 5 1 2 4
20121013 3 1 7 2 1 5
20121013 4 1 7 5 1 5
20121013 5 7 2 1 5 2
20121013 6 3 9 2 3 6
20121013 7 7 2 5 5 2
20121013 8 9 5 2 6 4
20121013 9 2 5 1 2 4
20121013 10 2 1 9 2 1
20121013 11 7 2 5 5 2
20121014 1 9 2 7 6 2
20121014 2 2 6 8 2 5
20121014 3 1 7 4 1 5
20121014 4 5 7 9 4 5
20121014 5 3 1 7 3 1
20121014 6 7 2 4 5 2
20121014 7 5 3 1 4 3
20121014 8 2 3 5 2 3
20121014 9 7 9 1 5 6
20121014 10 5 2 1 4 2
20121014 11 6 9 3 5 6
20121015 1 8 2 5 6 2
20121015 2 9 1 3 6 1
20121015 3 2 7 9 2 5
20121015 4 9 2 1 6 2
20121015 5 7 1 5 5 1
20121015 6 8 7 6 6 5
20121015 7 3 9 8 3 6
20121015 8 7 5 9 5 4
20121015 9 1 9 5 1 6
20121015 10 7 5 8 5 4
20121015 11 7 3 8 5 3
20121016 1 7 2 4 5 2
20121016 2 9 5 1 6 4
20121016 3 2 4 9 2 4
20121016 4 4 7 6 4 5
20121016 5 1 7 9 1 5
20121016 6 8 1 7 6 1
20121016 7 9 2 4 6 2
20121016 8 9 3 5 6 3
20121016 9 9 7 3 6 5
20121016 10 2 9 4 2 6
20121016 11 9 2 5 6 2
20121029 1 5 1 3 0 0
20121029 2 4 3 7 0 0
20121029 3 7 1 3 0 0
20121029 4 1 7 4 0 0
20121029 5 7 1 4 0 0
20121029 6 3 2 1 3 2
20121029 7 1 5 2 1 4
20121029 8 3 6 9 3 5
20121029 9 3 9 7 3 6
20121029 10 7 2 1 5 2
20121029 11 3 1 5 3 1
20121030 1 3 7 2 0 0
20121030 2 1 4 2 0 0
20121030 3 5 7 4 0 0
20121030 4 3 2 4 0 0
20121030 5 1 3 5 0 0
20121030 6 5 9 2 4 6
20121030 7 5 8 1 4 6
20121030 8 1 7 5 1 5
20121030 9 7 9 3 5 6
20121030 10 5 9 3 4 6
20121030 11 5 1 2 4 1
20121031 1 4 5 1 0 0
20121031 2 1 3 6 0 0
20121031 3 2 6 7 0 0
20121031 4 1 4 5 0 0
20121031 5 0 0 0 5 2
20121031 6 7 5 3 5 4
20121031 7 9 2 4 6 2
20121031 8 2 5 1 2 4
20121031 9 9 3 5 6 3
20121031 10 6 3 1 0 0
20121031 11 2 4 7 2 4
20121115 1 1 7 2 0 0
20121115 2 1 2 3 0 0
20121115 3 1 5 7 0 0
20121115 4 1 7 2 0 0
20121115 5 2 7 3 0 0
20121115 6 2 7 3 2 5
20121115 7 1 9 2 1 6
20121115 8 5 3 2 4 3
20121115 9 2 9 7 2 6
20121115 10 1 5 6 1 4
20121115 11 1 5 3 1 4
20121116 1 1 7 5 0 0
20121116 2 1 4 2 0 0
20121116 3 4 1 5 0 0
20121116 4 1 4 3 0 0
20121116 5 1 5 6 0 0
20121116 6 3 9 4 3 6
20121116 7 3 7 4 3 5
20121116 8 1 5 4 1 4
20121116 9 9 2 3 6 2
20121116 10 4 5 2 4 4
20121116 11 1 3 9 1 3
20121117 1 5 7 1 0 0
20121117 2 5 4 1 0 0
20121117 3 4 5 1 0 0
20121117 4 1 6 7 0 0
20121117 5 1 9 5 1 6
20121117 6 2 3 6 2 3
20121117 7 1 7 2 1 5
20121117 8 3 1 8 3 1
20121117 9 9 7 1 6 5
20121117 10 2 5 1 0 0
20121117 11 9 4 8 6 4
20121121 1 2 7 5 2 5
20121121 2 9 1 6 6 1
20121121 3 5 2 7 4 2
20121121 4 3 5 6 3 4
20121121 5 3 7 5 3 5
20121121 6 6 7 5 5 5
20121121 7 3 1 5 3 1
20121121 8 3 2 6 3 2
20121121 9 7 3 1 5 3
20121121 10 3 6 9 3 5
20121121 11 9 1 8 6 1
20121122 1 2 7 5 2 5
20121122 2 3 7 8 3 5
20121122 3 1 2 5 1 2
20121122 4 5 3 9 4 3
20121122 5 3 9 1 3 6
20121122 6 1 3 2 1 3
20121122 7 3 9 5 3 6
20121122 8 2 5 1 2 4
20121122 9 1 8 7 1 6
20121122 10 9 5 8 6 4
20121122 11 5 3 7 4 3
20121123 1 9 1 5 6 1
20121123 2 5 7 2 4 5
20121123 3 5 7 3 4 5
20121123 4 2 3 9 2 3
20121123 5 2 9 3 2 6
20121123 6 7 9 8 5 6
20121123 7 2 8 9 2 6
20121123 8 9 2 6 6 2
20121123 9 2 5 9 2 4
20121123 10 1 6 7 1 5
20121123 11 2 5 1 2 4
20121219 1 4 3 7 0 0
20121219 2 1 5 3 0 0
20121219 3 1 4 2 0 0
20121219 4 3 7 1 0 0
20121219 5 4 7 3 0 0
20121219 6 1 9 7 1 6
20121219 7 7 3 1 5 3
20121219 8 5 1 3 4 1
20121219 9 2 5 9 2 4
20121219 10 1 7 3 1 5
20121219 11 7 8 2 5 6
20121220 1 1 5 3 0 0
20121220 2 1 4 5 0 0
20121220 3 1 3 2 0 0
20121220 4 4 7 2 0 0
20121220 5 7 3 5 0 0
20121220 6 1 3 5 1 3
20121220 7 9 5 1 6 4
20121220 8 1 2 8 1 2
20121220 9 1 7 2 1 5
20121220 10 5 1 3 4 1
20121220 11 1 5 8 1 4
20121221 1 1 4 7 0 0
20121221 2 1 5 6 0 0
20121221 3 6 4 7 0 0
20121221 4 4 3 7 0 0
20121221 5 4 5 2 4 4
20121221 6 9 8 3 6 6
20121221 7 2 6 5 2 5
20121221 8 7 8 2 5 6
20121221 9 1 9 7 1 6
20121221 10 1 5 4 0 0
20121221 11 7 8 9 5 6
20121225 1 7 2 5 5 2
20121225 2 2 9 5 2 6
20121225 3 9 1 5 6 1
20121225 4 7 3 2 5 3
20121225 5 4 3 7 4 3
20121225 6 5 7 9 4 5
20121225 7 8 2 7 6 2
20121225 8 5 2 7 4 2
20121225 9 1 7 4 1 5
20121225 10 9 2 3 6 2
20121225 11 7 8 1 5 6
20121226 1 1 7 4 1 5
20121226 2 3 1 5 3 1
20121226 3 7 2 3 5 2
20121226 4 6 3 1 5 3
20121226 5 3 2 8 3 2
20121226 6 3 4 7 3 4
20121226 7 1 9 7 1 6
20121226 8 2 5 9 2 4
20121226 9 3 9 2 3 6
20121226 10 5 2 6 4 2
20121226 11 9 2 1 6 2
20121227 1 1 5 6 1 4
20121227 2 9 1 3 6 1
20121227 3 7 1 4 5 1
20121227 4 2 9 6 2 6
20121227 5 3 7 9 3 5
20121227 6 3 7 8 3 5
20121227 7 3 7 9 3 5
20121227 8 4 8 7 4 6
20121227 9 5 1 6 4 1
20121227 10 9 1 2 6 1
20121227 11 6 1 9 5 1
20130117 1 2 4 5 0 0
20130117 2 2 1 7 0 0
20130117 3 1 4 7 0 0
20130117 4 5 1 2 0 0
20130117 5 1 7 2 0 0
20130117 6 6 1 9 5 1
20130117 7 7 3 8 5 3
20130117 8 7 9 2 5 6
20130117 9 1 9 4 1 6
20130117 10 5 1 3 4 1
20130117 11 3 9 5 3 6
20130118 1 1 7 3 0 0
20130118 2 1 7 6 0 0
20130118 3 1 2 3 0 0
20130118 4 1 5 6 0 0
20130118 5 1 7 3 0 0
20130118 6 3 7 1 3 5
20130118 7 1 6 5 1 5
20130118 8 2 4 5 2 4
20130118 9 1 5 2 1 4
20130118 10 2 5 4 2 4
20130118 11 3 4 7 3 4
20130119 1 2 7 5 0 0
20130119 2 1 4 7 0 0
20130119 3 3 2 6 0 0
20130119 4 1 4 7 0 0
20130119 5 5 1 9 4 1
20130119 6 7 1 5 5 1
20130119 7 7 2 6 5 2
20130119 8 7 3 1 5 3
20130119 9 1 7 5 1 5
20130119 10 1 4 7 0 0
20130119 11 1 9 5 1 6
20130212 1 7 3 9 5 3
20130212 2 5 4 3 4 4
20130212 3 2 7 3 2 5
20130212 4 2 7 3 2 5
20130212 5 3 9 8 3 6
20130212 6 9 3 7 6 3
20130212 7 5 1 2 4 1
20130212 8 7 1 5 5 1
20130212 9 8 5 1 6 4
20130212 10 2 1 5 2 1
20130212 11 1 2 4 1 2
20130213 1 7 9 1 5 6
20130213 2 1 9 2 1 6
20130213 3 7 6 5 5 5
20130213 4 1 7 4 1 5
20130213 5 1 8 2 1 6
20130213 6 1 7 2 1 5
20130213 7 3 2 9 3 2
20130213 8 5 1 7 4 1
20130213 9 6 2 5 5 2
20130213 10 2 7 9 2 5
20130213 11 1 3 2 1 3
20130214 1 2 4 7 2 4
20130214 2 2 7 9 2 5
20130214 3 8 7 3 6 5
20130214 4 2 9 4 2 6
20130214 5 9 1 3 6 1
20130214 6 3 2 5 3 2
20130214 7 5 7 8 4 5
20130214 8 9 3 4 6 3
20130214 9 9 4 2 6 4
20130214 10 1 8 5 1 6
20130214 11 8 1 5 6 1
20130325 1 1 6 5 0 0
20130325 2 2 7 1 0 0
20130325 3 1 5 7 0 0
20130325 4 1 4 2 0 0
20130325 5 1 2 3 0 0
20130325 6 7 1 9 5 1
20130325 7 5 1 7 4 1
20130325 8 3 8 5 3 6
20130325 9 1 7 2 1 5
20130325 10 3 7 1 3 5
20130325 11 5 2 9 4 2
20130326 1 5 3 7 0 0
20130326 2 4 1 3 0 0
20130326 3 7 6 3 0 0
20130326 4 1 7 5 0 0
20130326 5 4 7 2 0 0
20130326 6 1 2 3 1 2
20130326 7 2 7 5 2 5
20130326 8 1 3 7 1 3
20130326 9 8 5 1 6 4
20130326 10 2 4 3 2 4
20130326 11 1 7 5 1 5
20130327 1 7 3 1 0 0
20130327 2 1 7 5 0 0
20130327 3 2 5 4 0 0
20130327 4 1 7 5 0 0
20130327 5 4 5 1 4 4
20130327 6 5 3 7 4 3
20130327 7 1 8 7 1 6
20130327 8 9 3 5 6 3
20130327 9 2 3 5 2 3
20130327 10 1 5 3 0 0
20130327 11 9 1 4 6 1
20130417 1 1 7 4 0 0
20130417 2 4 1 7 0 0
20130417 3 1 4 7 0 0
20130417 4 2 4 1 0 0
20130417 5 2 1 6 0 0
20130417 6 3 4 2 3 4
20130417 7 8 3 5 6 3
20130417 8 7 9 2 5 6
20130417 9 2 9 6 2 6
20130417 10 5 7 9 4 5
20130418 1 7 2 5 0 0
20130418 2 4 7 2 0 0
20130418 3 4 1 6 0 0
20130418 4 3 5 1 0 0
20130418 5 1 2 3 0 0
20130418 6 1 8 5 1 6
20130418 7 2 3 7 2 3
20130418 8 4 7 1 4 5
20130418 9 1 9 3 1 6
20130418 10 1 2 9 1 2
20130419 1 3 1 2 0 0
20130419 2 1 4 3 0 0
20130419 3 1 7 4 0 0
20130419 4 5 2 4 0 0
20130419 5 9 5 7 6 4
20130419 6 1 2 5 1 2
20130419 7 3 9 1 3 6
20130419 8 3 2 9 3 2
20130419 9 1 2 4 0 0
20130419 10 1 7 9 1 5
20130523 1 1 5 4 0 0
20130523 2 1 7 5 0 0
20130523 3 5 1 7 0 0
20130523 4 1 5 7 0 0
20130523 5 1 7 3 0 0
20130523 6 7 1 2 5 1
20130523 7 3 7 9 3 5
20130523 8 2 7 3 2 5
20130523 9 9 2 4 6 2
20130523 10 2 5 4 2 4
20130524 1 1 4 7 0 0
20130524 2 1 7 3 0 0
20130524 3 5 4 7 0 0
20130524 4 1 5 7 0 0
20130524 5 1 4 2 0 0
20130524 6 2 3 6 2 3
20130524 7 1 3 5 1 3
20130524 8 3 1 2 3 1
20130524 9 1 3 4 1 3
20130524 10 9 7 2 6 5
20130525 1 5 3 1 0 0
20130525 2 1 4 7 0 0
20130525 3 7 1 3 0 0
20130525 4 4 1 3 0 0
20130525 5 7 1 9 5 1
20130525 6 7 1 9 5 1
20130525 7 2 5 1 2 4
20130525 8 2 3 1 2 3
20130525 9 1 5 4 0 0
20130525 10 3 4 9 3 4
20130626 1 3 5 4 0 0
20130626 2 1 2 3 0 0
20130626 3 3 5 1 0 0
20130626 4 5 4 1 0 0
20130626 5 7 1 4 0 0
20130626 6 7 1 8 5 1
20130626 7 1 9 4 1 6
20130626 8 3 7 1 3 5
20130626 9 2 3 9 0 0
20130626 10 3 7 9 3 5
20130627 1 1 2 4 0 0
20130627 2 1 5 7 0 0
20130627 3 5 2 7 0 0
20130627 4 5 1 7 0 0
20130627 5 1 4 3 0 0
20130627 6 7 3 4 5 3
20130627 7 3 7 8 3 5
20130627 8 2 3 9 2 3
20130627 9 3 1 7 3 1
20130627 10 5 7 6 4 5
20130628 1 3 5 2 0 0
20130628 2 4 7 1 0 0
20130628 3 2 3 6 0 0
20130628 4 5 1 6 0 0
20130628 5 9 5 7 6 4
20130628 6 9 5 7 6 4
20130628 7 9 1 7 6 1
20130628 8 2 4 1 2 4
20130628 9 5 2 3 0 0
20130628 10 1 3 5 1 3
20130716 1 9 3 5 6 3
20130716 2 3 5 4 3 4
20130716 3 3 7 5 3 5
20130716 4 5 1 2 4 1
20130716 5 9 1 2 6 1
20130716 6 4 3 8 4 3
20130716 7 9 5 7 6 4
20130716 8 2 5 7 2 4
20130716 9 1 9 2 1 6
20130716 10 2 4 6 2 4
20130716 11 8 2 3 6 2
20130717 1 2 1 5 2 1
20130717 2 5 2 1 4 2
20130717 3 7 5 3 5 4
20130717 4 2 9 1 2 6
20130717 5 5 6 7 4 5
20130717 6 2 9 3 2 6
20130717 7 8 1 9 6 1
20130717 8 3 7 6 3 5
20130717 9 5 1 3 4 1
20130717 10 3 8 9 3 6
20130717 11 2 9 3 2 6
20130718 1 9 1 2 6 1
20130718 2 2 9 6 2 6
20130718 3 3 7 4 3 5
20130718 4 6 9 3 5 6
20130718 5 3 5 4 3 4
20130718 6 8 1 2 6 1
20130718 7 1 3 7 1 3
20130718 8 5 7 9 4 5
20130718 9 3 7 1 3 5
20130718 10 1 9 4 1 6
20130718 11 3 5 1 3 4
20130802 1 1 4 3 1 4
20130802 2 5 7 3 4 5
20130802 3 3 5 2 3 4
20130802 4 7 5 8 5 4
20130802 5 3 1 9 3 1
20130802 6 4 7 2 0 0
20130802 7 7 1 3 0 0
20130802 8 9 2 3 6 2
20130802 9 5 1 9 4 1
20130802 10 1 7 4 1 5
20130802 11 7 2 5 5 2
20130802 12 7 2 8 5 2
20130803 1 5 7 3 4 5
20130803 2 5 9 8 4 6
20130803 3 1 2 5 1 2
20130803 4 1 3 6 1 3
20130803 5 7 9 1 5 6
20130803 6 3 2 1 0 0
20130803 7 5 4 1 0 0
20130803 8 9 1 5 6 1
20130803 9 7 5 3 5 4
20130803 10 3 4 7 3 4
20130803 11 1 9 6 1 6
20130803 12 1 2 8 1 2
20130804 1 9 7 2 6 5
20130804 2 7 8 5 5 6
20130804 3 1 5 4 1 4
20130804 4 1 9 7 1 6
20130804 5 2 7 3 0 0
20130804 6 4 1 8 4 1
20130804 7 3 1 8 3 1
20130804 8 3 2 7 3 2
20130804 9 2 5 9 2 4
20130804 10 4 8 3 4 6
20130804 11 5 1 3 0 0
20130804 12 9 1 5 6 1
20130822 1 1 2 7 0 0
20130822 2 1 5 6 0 0
20130822 3 1 5 7 0 0
20130822 4 1 2 4 0 0
20130822 5 1 4 7 0 0
20130822 6 4 3 7 4 3
20130822 7 7 9 8 5 6
20130822 8 2 7 1 2 5
20130822 9 7 4 3 5 4
20130822 10 3 7 2 3 5
20130823 1 1 3 4 0 0
20130823 2 1 7 2 0 0
20130823 3 2 1 4 0 0
20130823 4 1 7 4 0 0
20130823 5 7 1 4 0 0
20130823 6 1 8 9 1 6
20130823 7 7 1 3 5 1
20130823 8 4 2 3 4 2
20130823 9 2 4 5 2 4
20130823 10 1 3 2 1 3
20130824 1 1 7 4 0 0
20130824 2 7 5 3 0 0
20130824 3 7 5 2 0 0
20130824 4 5 1 7 0 0
20130824 5 1 7 2 1 5
20130824 6 1 7 9 1 5
20130824 7 5 1 9 4 1
20130824 8 2 9 3 2 6
20130824 9 1 3 4 0 0
20130824 10 3 8 2 3 6
20130828 1 3 9 1 3 6
20130828 2 1 5 6 1 4
20130828 3 2 7 5 2 5
20130828 4 3 7 5 3 5
20130828 5 5 7 1 4 5
20130828 6 7 1 4 5 1
20130828 7 1 5 2 1 4
20130828 8 2 1 4 2 1
20130828 9 2 7 1 2 5
20130828 10 2 7 5 2 5
20130828 11 7 1 4 5 1
20130829 1 7 9 1 5 6
20130829 2 2 5 8 2 4
20130829 3 2 4 7 2 4
20130829 4 9 1 7 6 1
20130829 5 3 1 5 3 1
20130829 6 3 8 7 3 6
20130829 7 1 7 2 1 5
20130829 8 5 1 2 4 1
20130829 9 5 1 7 4 1
20130829 10 5 3 1 4 3
20130829 11 2 7 9 2 5
20130830 1 9 7 1 6 5
20130830 2 2 7 3 2 5
20130830 3 1 2 9 1 2
20130830 4 2 9 1 2 6
20130830 5 7 8 4 5 6
20130830 6 3 6 1 3 5
20130830 7 9 3 8 6 3
20130830 8 1 7 6 1 5
20130830 9 3 9 2 3 6
20130830 10 5 1 2 4 1
20130830 11 2 5 3 2 4
20130917 1 1 2 7 0 0
20130917 2 5 1 3 0 0
20130917 3 4 2 1 0 0
20130917 4 1 4 2 0 0
20130917 5 1 4 5 0 0
20130917 6 3 8 4 3 6
20130917 7 2 7 8 2 5
20130917 8 3 9 1 3 6
20130917 9 5 7 1 4 5
20130917 10 8 9 4 6 6
20130918 1 1 5 4 0 0
20130918 2 5 3 1 0 0
20130918 3 3 7 4 0 0
20130918 4 1 7 3 0 0
20130918 5 1 3 5 0 0
20130918 6 3 2 7 3 2
20130918 7 1 2 3 1 2
20130918 8 3 1 9 3 1
20130918 9 1 6 7 1 5
20130918 10 3 1 8 3 1
20130919 1 1 7 4 0 0
20130919 2 1 7 4 0 0
20130919 3 1 6 7 0 0
20130919 4 1 5 4 0 0
20130919 5 6 2 5 5 2
20130919 6 7 3 9 5 3
20130919 7 5 1 7 4 1
20130919 8 5 3 1 4 3
20130919 9 1 3 7 0 0
20130919 10 6 9 5 5 6
20130925 1 3 1 5 0 0
20130925 2 2 7 3 0 0
20130925 3 1 5 7 0 0
20130925 4 1 7 5 0 0
20130925 5 1 4 2 0 0
20130925 6 1 9 4 1 6
20130925 7 3 7 1 3 5
20130925 8 1 5 7 1 4
20130925 9 7 2 5 5 2
20130925 10 8 1 2 6 1
20130926 1 5 6 1 0 0
20130926 2 1 3 2 0 0
20130926 3 5 2 6 0 0
20130926 4 1 5 2 0 0
20130926 5 1 4 3 0 0
20130926 6 9 1 5 6 1
20130926 7 5 7 1 4 5
20130926 8 2 9 4 2 6
20130926 9 1 7 8 1 5
20130926 10 3 9 1 3 6
20130927 1 1 7 5 0 0
20130927 2 7 1 2 0 0
20130927 3 1 5 3 0 0
20130927 4 1 5 6 0 0
20130927 5 5 1 4 4 1
20130927 6 9 7 3 6 5
20130927 7 1 2 7 1 2
20130927 8 2 3 9 2 3
20130927 9 1 3 7 0 0
20130927 10 5 7 9 4 5
20131012 1 1 5 7 1 4
20131012 2 1 6 2 1 5
20131012 3 5 3 9 4 3
20131012 4 2 5 7 2 4
20131012 5 7 1 5 5 1
20131012 6 2 9 3 2 6
20131012 7 9 7 5 6 5
20131012 8 1 8 5 1 6
20131012 9 2 7 9 2 5
20131012 10 3 6 2 3 5
20131012 11 1 3 7 1 3
20131013 1 3 7 1 3 6
20131013 2 5 7 3 4 5
20131013 3 4 1 5 4 1
20131013 4 5 6 7 4 5
20131013 5 5 7 2 4 5
20131013 6 9 2 3 6 2
20131013 7 9 7 1 6 5
20131013 8 1 3 5 1 3
20131013 9 2 6 7 2 5
20131013 10 3 9 1 3 6
20131013 11 5 7 8 4 5
20131014 1 6 9 5 5 6
20131014 2 3 7 9 3 5
20131014 3 6 2 9 5 2
20131014 4 1 5 9 1 4
20131014 5 5 7 2 4 5
20131014 6 6 9 5 5 6
20131014 7 2 4 6 2 4
20131014 8 9 2 7 6 2
20131014 9 9 5 4 6 4
20131014 10 2 1 7 2 1
20131014 11 9 5 3 6 4
20131015 1 1 9 3 1 6
20131015 2 2 4 9 2 4
20131015 3 4 3 9 4 3
20131015 4 1 5 2 1 4
20131015 5 5 2 8 4 2
20131015 6 9 2 5 6 2
20131015 7 1 8 4 1 6
20131015 8 5 7 1 4 5
20131015 9 2 8 1 2 6
20131015 10 1 9 5 1 6
20131015 11 2 7 3 2 5
20131101 1 1 7 3 0 0
20131101 2 1 2 4 0 0
20131101 3 1 5 2 0 0
20131101 4 1 3 7 0 0
20131101 5 1 4 2 0 0
20131101 6 1 5 2 1 4
20131101 7 3 5 1 3 4
20131101 8 1 5 3 1 4
20131101 9 2 1 9 2 1
20131101 10 5 8 9 4 6
20131102 1 4 1 7 0 0
20131102 2 1 7 5 0 0
20131102 3 1 6 4 0 0
20131102 4 1 3 2 0 0
20131102 5 4 5 3 0 0
20131102 6 5 7 1 4 5
20131102 7 2 3 9 2 3
20131102 8 3 9 2 3 6
20131102 9 3 7 1 3 5
20131102 10 1 5 3 1 4
20131103 1 1 3 5 0 0
20131103 2 1 4 3 0 0
20131103 3 1 3 4 0 0
20131103 4 1 5 2 0 0
20131103 5 7 2 1 5 2
20131103 6 8 1 6 6 1
20131103 7 5 1 6 4 1
20131103 8 1 2 7 1 2
20131103 9 1 4 2 0 0
20131103 10 1 7 3 1 5
20131114 1 4 1 7 0 0
20131114 2 1 4 7 0 0
20131114 3 1 3 7 0 0
20131114 4 7 2 6 0 0
20131114 5 1 2 4 0 0
20131114 6 9 1 3 6 1
20131114 7 4 2 9 4 2
20131114 8 5 9 3 4 6
20131114 9 2 1 9 2 1
20131114 10 7 6 4 5 5
20131115 1 7 3 4 0 0
20131115 2 1 7 4 0 0
20131115 3 1 3 5 0 0
20131115 4 6 3 1 0 0
20131115 5 1 7 4 0 0
20131115 6 5 2 6 4 2
20131115 7 3 7 2 3 5
20131115 8 3 7 2 3 5
20131115 9 3 8 7 3 6
20131115 10 9 3 5 6 3
20131116 1 1 5 7 0 0
20131116 2 1 2 5 0 0
20131116 3 3 4 1 0 0
20131116 4 1 7 3 0 0
20131116 5 7 8 1 5 6
20131116 6 9 2 7 6 2
20131116 7 3 5 2 3 4
20131116 8 1 2 8 1 2
20131116 9 1 3 5 0 0
20131116 10 1 5 2 1 4
20131203 1 3 7 1 3 5
20131203 2 5 1 7 4 1
20131203 3 7 9 5 5 6
20131203 4 1 2 5 1 2
20131203 5 7 5 3 5 4
20131203 6 6 1 8 5 1
20131203 7 9 2 4 6 2
20131203 8 5 7 3 4 5
20131203 9 2 3 7 2 3
20131203 10 3 2 5 3 2
20131203 11 1 3 8 1 3
20131204 1 4 2 1 4 2
20131204 2 4 7 2 4 5
20131204 3 4 5 3 4 4
20131204 4 9 3 6 6 3
20131204 5 3 5 9 3 4
20131204 6 9 1 3 6 1
20131204 7 9 2 1 6 2
20131204 8 4 3 7 4 3
20131204 9 3 7 2 3 5
20131204 10 4 1 9 4 1
20131204 11 9 4 1 6 4
20131205 1 3 5 2 3 4
20131205 2 9 1 3 6 1
20131205 3 5 1 2 4 1
20131205 4 9 4 3 6 4
20131205 5 1 7 3 1 5
20131205 6 4 8 3 4 6
20131205 7 5 4 3 4 4
20131205 8 7 1 8 5 1
20131205 9 7 6 1 5 5
20131205 10 3 7 4 3 5
20131205 11 1 9 2 1 6
20140101 1 3 4 9 3 4
20140101 2 7 9 2 5 6
20140101 3 1 2 5 1 2
20140101 4 3 5 8 3 4
20140101 5 9 2 4 6 2
20140101 6 5 2 3 4 2
20140101 7 9 3 7 6 3
20140101 8 3 5 4 3 4
20140101 9 3 4 1 3 4
20140101 10 1 2 5 1 2
20140101 11 7 1 5 5 1
20140102 1 9 3 4 6 3
20140102 2 9 1 2 6 1
20140102 3 8 2 9 6 2
20140102 4 7 1 4 5 1
20140102 5 9 1 2 6 1
20140102 6 3 2 9 3 2
20140102 7 8 2 9 6 2
20140102 8 7 1 9 5 1
20140102 9 1 7 6 1 5
20140102 10 2 7 5 2 5
20140102 11 3 5 6 3 4
20140103 1 8 5 6 6 4
20140103 2 5 3 6 4 3
20140103 3 1 9 2 1 6
20140103 4 7 2 9 5 2
20140103 5 7 8 1 5 6
20140103 6 1 5 3 1 5
20140103 7 3 1 6 3 1
20140103 8 9 3 5 6 3
20140103 9 6 4 5 5 4
20140103 10 7 1 9 5 1
20140103 11 1 7 9 1 5
20140131 1 4 1 3 0 0
20140131 2 5 6 1 0 0
20140131 3 1 3 6 0 0
20140131 4 7 1 6 0 0
20140131 5 1 2 5 0 0
20140131 6 1 2 4 0 0
20140131 7 2 5 7 0 0
20140131 8 5 2 9 4 2
20140131 9 3 9 1 3 6
20140131 10 2 1 9 2 1
20140131 11 7 3 5 5 3
20140131 12 2 4 3 2 4
20140201 1 4 1 2 0 0
20140201 2 4 1 5 0 0
20140201 3 1 3 6 0 0
20140201 4 1 7 2 0 0
20140201 5 1 7 3 0 0
20140201 6 5 2 6 0 0
20140201 7 7 5 1 0 0
20140201 8 7 5 2 5 4
20140201 9 9 5 7 6 4
20140201 10 9 7 1 6 5
20140201 11 2 5 9 2 4
20140201 12 8 5 3 6 4
20140202 1 3 1 2 0 0
20140202 2 1 5 4 0 0
20140202 3 7 1 5 0 0
20140202 4 1 4 3 0 0
20140202 5 2 5 4 0 0
20140202 6 2 4 5 2 4
20140202 7 2 6 9 2 5
20140202 8 1 7 5 1 5
20140202 9 6 2 1 5 2
20140202 10 7 1 2 0 0
20140202 11 1 3 2 0 0
20140202 12 3 2 7 3 2
20140205 1 7 3 1 0 0
20140205 2 1 2 6 0 0
20140205 3 3 6 5 0 0
20140205 4 1 3 2 0 0
20140205 5 1 7 5 0 0
20140205 6 7 1 3 5 1
20140205 7 5 3 9 4 3
20140205 8 2 5 9 2 4
20140205 9 2 7 9 2 5
20140205 10 7 2 9 5 2
20140206 1 1 7 2 0 0
20140206 2 2 4 1 0 0
20140206 3 1 4 7 0 0
20140206 4 7 2 5 0 0
20140206 5 1 5 2 0 0
20140206 6 9 4 2 6 4
20140206 7 7 2 5 5 2
20140206 8 1 3 9 1 3
20140206 9 1 3 2 1 3
20140206 10 2 7 9 2 5
20140207 1 4 1 3 0 0
20140207 2 7 5 1 0 0
20140207 3 3 4 7 0 0
20140207 4 3 5 1 0 0
20140207 5 1 7 3 1 5
20140207 6 1 5 4 1 4
20140207 7 2 5 4 2 4
20140207 8 6 1 8 5 1
20140207 9 1 6 4 0 0
20140207 10 2 5 4 2 4
20140304 1 4 7 1 0 0
20140304 2 2 7 4 0 0
20140304 3 2 1 7 0 0
20140304 4 1 3 7 0 0
20140304 5 5 3 1 0 0
20140304 6 3 1 2 3 1
20140304 7 1 3 8 1 3
20140304 8 9 2 5 6 2
20140304 9 1 9 8 1 6
20140304 10 3 2 4 3 2
20140305 1 4 3 5 0 0
20140305 2 4 7 3 0 0
20140305 3 5 3 1 0 0
20140305 4 1 6 2 0 0
20140305 5 3 1 7 0 0
20140305 6 3 4 8 3 4
20140305 7 3 5 9 3 4
20140305 8 7 1 8 5 1
20140305 9 9 5 4 6 4
20140305 10 7 5 8 5 4
20140306 1 5 7 4 0 0
20140306 2 1 7 4 0 0
20140306 3 2 1 4 0 0
20140306 4 1 5 3 0 0
20140306 5 4 9 1 4 6
20140306 6 9 1 6 6 1
20140306 7 5 6 2 4 5
20140306 8 5 1 7 4 1
20140306 9 3 1 7 0 0
20140306 10 3 5 2 3 4
20140324 1 2 7 1 2 5
20140324 2 1 9 5 1 6
20140324 3 1 3 2 1 3
20140324 4 4 1 2 4 1
20140324 5 2 5 9 2 4
20140324 6 2 9 8 2 6
20140324 7 3 1 5 3 1
20140324 8 3 7 9 3 5
20140324 9 1 3 9 1 3
20140324 10 2 5 7 2 4
20140324 11 9 6 2 6 5
20140325 1 4 2 3 4 2
20140325 2 1 7 5 1 5
20140325 3 6 9 2 5 6
20140325 4 7 2 1 5 2
20140325 5 3 9 4 3 6
20140325 6 1 2 9 1 2
20140325 7 5 1 9 4 1
20140325 8 3 7 4 3 5
20140325 9 1 6 3 1 5
20140325 10 7 1 4 5 1
20140325 11 4 7 1 4 5
20140326 1 6 4 3 5 4
20140326 2 1 5 6 1 4
20140326 3 3 1 9 3 1
20140326 4 7 1 3 5 1
20140326 5 1 3 2 1 3
20140326 6 2 5 3 2 4
20140326 7 1 8 7 1 6
20140326 8 5 9 1 4 6
20140326 9 7 2 6 5 2
20140326 10 5 7 1 4 5
20140326 11 1 2 3 1 2
20140409 1 1 5 3 0 0
20140409 2 1 4 7 0 0
20140409 3 1 7 3 0 0
20140409 4 3 1 5 0 0
20140409 5 1 4 5 0 0
20140409 6 9 5 1 6 4
20140409 7 9 3 1 6 3
20140409 8 9 5 7 6 4
20140409 9 5 7 6 4 5
20140409 10 2 9 4 2 6
20140410 1 5 7 1 0 0
20140410 2 1 7 2 0 0
20140410 3 1 2 7 0 0
20140410 4 6 1 5 0 0
20140410 5 1 5 3 0 0
20140410 6 7 1 5 5 1
20140410 7 8 1 7 6 1
20140410 8 1 3 4 1 3
20140410 9 2 3 7 2 3
20140410 10 9 1 3 6 1
20140411 1 4 1 5 0 0
20140411 2 1 5 2 0 0
20140411 3 4 3 2 0 0
20140411 4 1 5 3 0 0
20140411 5 8 7 5 6 5
20140411 6 3 7 4 3 5
20140411 7 2 1 9 2 1
20140411 8 9 5 1 6 4
20140411 9 4 1 6 0 0
20140411 10 7 8 3 5 6
20140430 1 7 2 5 0 0
20140430 2 5 6 3 0 0
20140430 3 3 1 4 0 0
20140430 4 1 4 5 0 0
20140430 5 1 3 2 0 0
20140430 6 1 4 7 1 4
20140430 7 3 4 1 3 4
20140430 8 1 2 3 1 2
20140430 9 9 1 5 6 1
20140430 10 8 5 9 6 4
20140501 1 1 7 2 0 0
20140501 2 1 2 4 0 0
20140501 3 2 3 1 0 0
20140501 4 1 7 5 0 0
20140501 5 1 6 7 0 0
20140501 6 5 3 2 4 3
20140501 7 1 9 8 1 6
20140501 8 4 1 7 4 1
20140501 9 5 2 6 4 2
20140501 10 1 9 2 1 6
20140502 1 6 1 2 0 0
20140502 2 4 3 1 0 0
20140502 3 6 4 2 0 0
20140502 4 4 3 2 0 0
20140502 5 2 7 5 2 5
20140502 6 7 4 1 5 4
20140502 7 2 4 7 2 4
20140502 8 9 1 7 6 1
20140502 9 1 5 6 0 0
20140502 10 3 9 6 3 6
20140519 1 7 5 3 5 4
20140519 2 7 2 3 5 2
20140519 3 2 1 7 2 1
20140519 4 1 9 3 1 6
20140519 5 9 2 7 6 2
20140519 6 8 5 3 6 4
20140519 7 8 5 3 6 4
20140519 8 5 3 6 4 3
20140519 9 8 3 5 6 3
20140519 10 9 1 4 6 1
20140519 11 3 1 8 3 1
20140520 1 2 1 7 2 1
20140520 2 2 3 7 2 3
20140520 3 2 3 9 2 3
20140520 4 5 7 8 4 5
20140520 5 1 5 7 1 4
20140520 6 2 1 5 2 1
20140520 7 5 7 1 4 5
20140520 8 2 9 7 2 6
20140520 9 3 1 9 3 1
20140520 10 9 5 1 6 4
20140520 11 7 5 1 5 4
20140521 1 7 2 1 5 2
20140521 2 9 7 2 6 5
20140521 3 9 3 2 6 3
20140521 4 4 8 5 4 6
20140521 5 1 2 7 1 2
20140521 6 3 4 2 3 4
20140521 7 1 4 9 1 4
20140521 8 8 6 7 6 5
20140521 9 1 7 9 1 5
20140521 10 1 5 7 1 4
20140521 11 9 3 1 6 3
20140602 1 1 2 4 0 0
20140602 2 1 2 6 0 0
20140602 3 5 1 7 0 0
20140602 4 1 5 4 0 0
20140602 5 3 2 1 0 0
20140602 6 2 7 5 2 5
20140602 7 7 1 3 5 1
20140602 8 3 7 4 3 5
20140602 9 2 4 8 2 4
20140602 10 2 4 3 2 4
20140603 1 1 5 2 0 0
20140603 2 1 2 5 0 0
20140603 3 1 3 6 0 0
20140603 4 1 7 2 0 0
20140603 5 1 5 3 0 0
20140603 6 7 2 5 5 2
20140603 7 2 5 1 2 4
20140603 8 2 7 3 2 5
20140603 9 7 9 3 5 6
20140603 10 5 1 3 4 1
20140604 1 1 2 4 0 0
20140604 2 1 4 5 0 0
20140604 3 1 4 5 0 0
20140604 4 1 6 3 0 0
20140604 5 1 3 4 1 3
20140604 6 7 9 3 5 6
20140604 7 3 9 2 3 6
20140604 8 1 5 3 1 4
20140604 9 4 3 7 0 0
20140604 10 1 3 4 1 3
20140712 1 7 1 6 0 0
20140712 2 1 7 5 0 0
20140712 3 1 7 3 0 0
20140712 4 1 2 4 0 0
20140712 5 4 2 7 0 0
20140712 6 7 3 2 6 3
20140712 7 5 2 1 4 2
20140712 8 3 7 9 3 5
20140712 9 3 9 4 3 6
20140712 10 9 7 1 6 5
20140713 1 3 2 1 0 0
20140713 2 3 1 5 0 0
20140713 3 3 4 2 0 0
20140713 4 4 3 5 0 0
20140713 5 3 4 1 3 4
20140713 6 1 5 4 1 5
20140713 7 3 9 5 3 6
20140713 8 7 8 9 5 6
20140713 9 1 2 4 0 0
20140713 10 1 9 8 1 6
20140715 1 9 1 7 6 1
20140715 2 2 7 9 2 5
20140715 3 9 2 6 6 2
20140715 4 2 4 9 2 4
20140715 5 2 9 6 2 6
20140715 6 2 7 5 2 5
20140715 7 2 5 8 2 4
20140715 8 1 9 4 1 6
20140715 9 2 5 7 2 4
20140715 10 3 4 2 3 4
20140715 11 7 1 8 5 1
20140716 1 2 1 7 2 1
20140716 2 6 7 1 5 5
20140716 3 3 5 1 3 4
20140716 4 9 1 5 6 1
20140716 5 3 7 5 3 5
20140716 6 7 3 2 5 3
20140716 7 2 9 8 2 6
20140716 8 5 9 3 4 6
20140716 9 1 5 3 1 4
20140716 10 7 1 5 5 1
20140716 11 8 7 3 6 5
20140717 1 6 5 7 5 4
20140717 2 8 2 3 6 2
20140717 3 7 8 2 5 6
20140717 4 5 2 4 4 2
20140717 5 9 2 1 6 2
20140717 6 7 2 5 5 2
20140717 7 3 1 7 3 1
20140717 8 3 1 7 3 1
20140717 9 7 2 1 5 2
20140717 10 1 2 4 1 2
20140717 11 1 9 2 1 6
20140731 1 2 1 5 0 0
20140731 2 1 7 5 0 0
20140731 3 1 5 4 0 0
20140731 4 1 7 5 0 0
20140731 5 2 3 4 0 0
20140731 6 5 3 1 0 0
20140731 7 3 2 7 0 0
20140731 8 4 1 7 4 1
20140731 9 2 5 1 2 4
20140731 10 3 5 9 3 4
20140731 11 1 3 8 1 3
20140731 12 1 2 7 1 2
20140801 1 1 3 2 0 0
20140801 2 4 1 7 0 0
20140801 3 1 4 7 0 0
20140801 4 1 7 2 0 0
20140801 5 4 2 7 0 0
20140801 6 1 5 4 0 0
20140801 7 3 2 4 0 0
20140801 8 4 2 1 4 2
20140801 9 9 3 2 6 3
20140801 10 5 3 8 4 3
20140801 11 9 2 7 6 2
20140801 12 7 9 4 5 6
20140802 1 2 3 4 0 0
20140802 2 5 4 7 0 0
20140802 3 2 1 3 0 0
20140802 4 1 5 3 0 0
20140802 5 3 6 1 0 0
20140802 6 1 9 7 1 6
20140802 7 2 8 9 2 6
20140802 8 5 1 9 4 1
20140802 9 5 6 2 4 5
20140802 10 2 5 7 0 0
20140802 11 1 5 6 0 0
20140802 12 2 3 8 2 3
20140811 1 9 3 4 6 3
20140811 2 3 9 2 3 6
20140811 3 4 6 7 4 5
20140811 4 8 7 4 6 5
20140811 5 3 1 7 3 1
20140811 6 2 5 1 2 4
20140811 7 2 7 5 2 5
20140811 8 3 8 5 3 6
20140811 9 6 2 4 5 2
20140811 10 1 7 2 1 5
20140811 11 7 3 2 5 3
20140812 1 9 1 7 6 1
20140812 2 7 1 5 5 1
20140812 3 1 7 2 1 5
20140812 4 2 1 5 2 1
20140812 5 5 2 1 4 2
20140812 6 2 9 7 2 6
20140812 7 2 1 6 2 1
20140812 8 3 9 4 3 6
20140812 9 5 1 8 4 1
20140812 10 2 9 8 2 6
20140812 11 1 3 4 1 3
20140813 1 1 7 8 1 5
20140813 2 9 5 4 6 4
20140813 3 2 9 5 2 6
20140813 4 2 1 9 2 1
20140813 5 6 2 8 5 2
20140813 6 4 1 8 4 1
20140813 7 5 9 2 4 6
20140813 8 2 9 4 2 6
20140813 9 2 7 1 2 5
20140813 10 7 2 4 5 2
20140813 11 1 2 4 1 2
20141011 1 1 7 3 1 5
20141011 2 2 7 3 2 5
20141011 3 3 7 1 3 5
20141011 4 2 9 5 2 6
20141011 5 5 4 1 4 4
20141011 6 1 9 3 1 6
20141011 7 2 7 5 2 5
20141011 8 1 9 2 1 6
20141011 9 1 7 3 1 5
20141011 10 8 5 2 6 4
20141011 11 1 3 2 1 3
20141011 12 7 5 6 5 4
20141012 1 1 6 5 1 5
20141012 2 1 9 3 1 6
20141012 3 9 2 4 6 2
20141012 4 3 5 9 3 4
20141012 5 3 1 8 3 1
20141012 6 2 3 8 2 3
20141012 7 7 2 9 5 2
20141012 8 3 4 6 3 4
20141012 9 3 7 2 3 5
20141012 10 1 7 3 1 5
20141012 11 2 7 9 2 5
20141012 12 3 1 9 3 1
20141014 1 1 7 5 1 6
20141014 2 1 3 4 1 3
20141014 3 4 1 7 4 1
20141014 4 2 5 8 2 4
20141014 5 1 5 7 1 4
20141014 6 5 7 3 4 5
20141014 7 2 7 5 2 5
20141014 8 7 2 4 5 2
20141014 9 9 5 3 6 4
20141014 10 3 9 1 3 6
20141014 11 2 3 4 2 3
20141014 12 5 2 4 4 2
20141015 1 1 5 6 1 5
20141015 2 4 2 9 4 2
20141015 3 2 3 7 2 3
20141015 4 9 3 7 6 3
20141015 5 5 1 9 4 1
20141015 6 2 7 4 2 5
20141015 7 1 5 8 1 4
20141015 8 2 4 9 2 4
20141015 9 5 6 2 4 5
20141015 10 2 3 4 2 3
20141015 11 6 2 3 5 2
20141023 1 5 1 3 0 0
20141023 2 2 5 1 0 0
20141023 3 1 7 5 0 0
20141023 4 4 1 6 0 0
20141023 5 7 5 2 0 0
20141023 6 1 9 5 1 6
20141023 7 9 2 5 6 2
20141023 8 3 7 1 3 5
20141023 9 9 5 4 6 4
20141023 10 7 3 1 5 3
20141024 1 7 1 3 0 0
20141024 2 5 2 4 0 0
20141024 3 1 4 3 0 0
20141024 4 5 1 2 0 0
20141024 5 2 7 3 0 0
20141024 6 7 2 9 5 2
20141024 7 1 3 8 1 3
20141024 8 1 5 9 1 4
20141024 9 2 1 9 2 1
20141024 10 5 2 7 4 2
20141025 1 1 3 7 0 0
20141025 2 1 5 7 0 0
20141025 3 2 5 7 0 0
20141025 4 1 2 3 0 0
20141025 5 5 8 9 4 6
20141025 6 5 2 9 4 2
20141025 7 7 3 1 5 3
20141025 8 2 9 1 2 6
20141025 9 1 3 7 0 0
20141025 10 3 9 4 3 6
20141118 1 5 2 4 0 0
20141118 2 1 2 7 0 0
20141118 3 1 7 4 0 0
20141118 4 1 4 5 0 0
20141118 5 1 7 2 0 0
20141118 6 7 5 3 0 0
20141118 7 1 4 2 0 0
20141118 8 5 1 3 4 1
20141118 9 3 7 1 3 5
20141118 10 1 5 9 1 4
20141118 11 2 1 5 2 1
20141118 12 1 8 4 1 6
20141119 1 1 3 2 0 0
20141119 2 2 1 5 0 0
20141119 3 1 4 2 0 0
20141119 4 1 5 4 0 0
20141119 5 1 3 7 0 0
20141119 6 1 2 6 0 0
20141119 7 7 5 6 0 0
20141119 8 5 3 6 4 3
20141119 9 5 3 2 4 3
20141119 10 1 4 8 1 4
20141119 11 3 2 7 3 2
20141119 12 2 8 5 2 6
20141120 1 2 4 6 0 0
20141120 2 5 2 6 0 0
20141120 3 1 5 7 0 0
20141120 4 5 7 4 0 0
20141120 5 6 1 2 0 0
20141120 6 9 5 7 6 4
20141120 7 1 3 9 1 3
20141120 8 2 8 1 2 6
20141120 9 7 2 5 5 2
20141120 10 4 2 1 0 0
20141120 11 6 3 4 0 0
20141120 12 1 4 3 1 4
20141217 1 2 4 6 0 0
20141217 2 1 7 4 0 0
20141217 3 1 7 3 0 0
20141217 4 1 4 5 0 0
20141217 5 7 1 4 0 0
20141217 6 7 5 2 5 4
20141217 7 3 5 1 3 4
20141217 8 5 2 9 4 2
20141217 9 5 9 2 4 6
20141217 10 5 3 7 4 3
20141218 1 6 5 4 0 0
20141218 2 1 7 4 0 0
20141218 3 7 1 5 0 0
20141218 4 1 2 5 0 0
20141218 5 1 5 2 0 0
20141218 6 5 9 6 4 6
20141218 7 3 7 4 3 5
20141218 8 2 9 7 2 6
20141218 9 2 7 5 2 5
20141218 10 1 2 8 1 2
20141219 1 3 1 5 0 0
20141219 2 6 1 3 0 0
20141219 3 7 3 1 0 0
20141219 4 3 7 1 0 0
20141219 5 9 5 6 6 4
20141219 6 3 7 4 3 5
20141219 7 3 9 4 3 6
20141219 8 3 4 8 3 4
20141219 9 4 5 7 0 0
20141219 10 2 9 7 2 6
20141225 1 1 3 5 1 3
20141225 2 2 9 1 2 6
20141225 3 9 2 3 6 2
20141225 4 5 1 9 4 1
20141225 5 3 7 1 3 5
20141225 6 2 3 7 2 3
20141225 7 4 9 2 4 6
20141225 8 1 3 9 1 3
20141225 9 9 3 8 6 3
20141225 10 1 8 9 1 6
20141225 11 6 5 8 5 4
20141226 1 1 9 2 1 6
20141226 2 2 8 5 2 6
20141226 3 1 8 2 1 6
20141226 4 9 7 3 6 5
20141226 5 5 1 9 4 1
20141226 6 1 9 4 1 6
20141226 7 5 1 8 4 1
20141226 8 2 9 4 2 6
20141226 9 1 2 7 1 2
20141226 10 9 8 1 6 6
20141226 11 1 8 4 1 6
20141227 1 4 7 1 4 5
20141227 2 1 9 4 1 6
20141227 3 1 9 6 1 6
20141227 4 5 9 1 4 6
20141227 5 5 6 7 4 5
20141227 6 4 1 2 4 1
20141227 7 4 3 9 4 3
20141227 8 1 4 7 1 4
20141227 9 9 2 3 6 2
20141227 10 9 3 6 6 3
20141227 11 2 5 1 2 4
20150115 1 5 1 3 0 0
20150115 2 6 1 7 0 0
20150115 3 1 3 5 0 0
20150115 4 1 2 5 0 0
20150115 5 1 4 7 0 0
20150115 6 9 2 1 6 2
20150115 7 2 7 4 2 5
20150115 8 5 3 9 4 3
20150115 9 4 3 7 4 3
20150115 10 5 3 2 4 3
20150116 1 2 4 5 0 0
20150116 2 4 6 2 0 0
20150116 3 1 5 2 0 0
20150116 4 2 6 1 0 0
20150116 5 1 2 4 0 0
20150116 6 7 9 4 5 6
20150116 7 3 7 5 3 5
20150116 8 6 9 2 5 6
20150116 9 1 5 3 1 4
20150116 10 1 5 7 1 4
20150117 1 1 5 6 0 0
20150117 2 1 7 2 0 0
20150117 3 6 2 5 0 0
20150117 4 1 4 3 0 0
20150117 5 7 9 2 5 6
20150117 6 5 1 7 4 1
20150117 7 2 7 1 2 5
20150117 8 2 3 7 2 3
20150117 9 2 4 3 0 0
20150117 10 1 2 9 1 2
20150203 1 9 3 4 6 3
20150203 2 5 9 1 4 6
20150203 3 1 5 8 1 4
20150203 4 5 2 3 4 2
20150203 5 7 9 1 5 6
20150203 6 4 1 3 4 1
20150203 7 1 7 5 1 5
20150203 8 5 3 1 4 3
20150203 9 1 2 8 1 2
20150203 10 7 9 1 5 6
20150203 11 1 8 6 1 6
20150204 1 9 5 4 6 4
20150204 2 9 5 2 6 4
20150204 3 4 5 2 4 4
20150204 4 3 5 1 3 4
20150204 5 8 4 7 6 4
20150204 6 1 4 3 1 4
20150204 7 9 4 5 6 4
20150204 8 9 1 3 6 1
20150204 9 3 7 2 3 5
20150204 10 1 9 2 1 6
20150204 11 5 2 9 4 2
20150205 1 9 2 3 6 2
20150205 2 1 7 5 1 5
20150205 3 2 8 5 2 6
20150205 4 2 1 5 2 1
20150205 5 1 7 2 1 5
20150205 6 7 2 9 5 2
20150205 7 7 2 5 5 2
20150205 8 9 1 5 6 1
20150205 9 1 7 9 1 5
20150205 10 2 3 8 2 3
20150205 11 1 3 2 1 3
20150225 1 1 7 6 1 5
20150225 2 2 8 5 2 6
20150225 3 2 9 7 2 6
20150225 4 1 4 5 1 4
20150225 5 5 2 9 4 2
20150225 6 3 5 2 3 4
20150225 7 7 2 6 5 2
20150225 8 1 3 2 1 3
20150225 9 1 9 2 1 6
20150225 10 9 6 1 6 5
20150225 11 1 3 7 1 3
20150226 1 3 1 5 3 1
20150226 2 1 9 2 1 6
20150226 3 9 1 3 6 1
20150226 4 3 1 9 3 1
20150226 5 9 7 5 6 5
20150226 6 1 9 6 1 6
20150226 7 5 2 7 4 2
20150226 8 1 9 6 1 6
20150226 9 1 6 7 1 5
20150226 10 2 7 8 2 5
20150226 11 7 1 3 5 1
20150227 1 7 3 2 5 3
20150227 2 1 5 9 1 4
20150227 3 2 9 7 2 6
20150227 4 8 3 2 6 3
20150227 5 5 3 1 4 3
20150227 6 9 2 4 6 2
20150227 7 8 4 7 6 4
20150227 8 7 1 9 5 1
20150227 9 3 1 7 3 1
20150227 10 2 7 3 2 5
20150227 11 9 2 1 6 2
20150327 1 5 1 2 0 0
20150327 2 4 1 5 0 0
20150327 3 2 1 5 0 0
20150327 4 5 3 4 0 0
20150327 5 1 7 4 0 0
20150327 6 1 7 5 0 0
20150327 7 2 7 4 0 0
20150327 8 1 7 3 1 5
20150327 9 2 1 5 2 1
20150327 10 2 3 5 2 3
20150327 11 2 9 1 2 6
20150327 12 8 5 1 6 4
20150328 1 1 3 2 0 0
20150328 2 4 1 7 0 0
20150328 3 3 5 2 0 0
20150328 4 4 2 1 0 0
20150328 5 5 1 2 0 0
20150328 6 4 2 1 0 0
20150328 7 7 5 1 0 0
20150328 8 4 9 6 4 6
20150328 9 3 7 4 3 5
20150328 10 3 6 4 3 5
20150328 11 3 8 7 3 6
20150328 12 3 7 8 3 5
20150329 1 1 7 6 0 0
20150329 2 1 7 4 0 0
20150329 3 4 1 7 0 0
20150329 4 1 4 3 0 0
20150329 5 4 2 7 0 0
20150329 6 3 1 7 3 1
20150329 7 1 5 3 1 4
20150329 8 2 5 9 2 4
20150329 9 7 9 2 5 6
20150329 10 2 7 4 0 0
20150329 11 1 7 3 0 0
20150329 12 4 9 3 4 6
20150416 1 7 1 5 0 0
20150416 2 1 5 4 0 0
20150416 3 1 3 7 0 0
20150416 4 1 5 3 0 0
20150416 5 2 1 6 0 0
20150416 6 3 1 9 3 1
20150416 7 5 7 9 4 5
20150416 8 5 2 3 4 2
20150416 9 3 9 7 3 6
20150416 10 1 4 5 1 4
20150417 1 1 4 2 0 0
20150417 2 7 3 5 0 0
20150417 3 2 4 3 0 0
20150417 4 1 5 2 0 0
20150417 5 3 7 6 0 0
20150417 6 9 3 2 6 3
20150417 7 7 3 1 5 3
20150417 8 7 3 2 5 3
20150417 9 5 1 7 4 1
20150417 10 9 2 4 6 2
20150418 1 1 2 6 0 0
20150418 2 7 5 2 0 0
20150418 3 1 4 3 0 0
20150418 4 7 1 3 0 0
20150418 5 9 2 1 6 2
20150418 6 1 9 5 1 6
20150418 7 1 9 6 1 6
20150418 8 1 2 7 1 2
20150418 9 5 7 4 0 0
20150418 10 3 4 2 3 4
20150512 1 7 1 5 5 1
20150512 2 3 2 7 3 2
20150512 3 1 9 7 1 6
20150512 4 2 5 7 2 4
20150512 5 3 9 1 3 6
20150512 6 2 1 7 2 1
20150512 7 1 3 9 1 3
20150512 8 9 7 1 6 5
20150512 9 5 3 2 4 3
20150512 10 1 7 2 1 5
20150512 11 8 5 4 6 4
20150513 1 2 8 5 2 6
20150513 2 1 7 9 1 5
20150513 3 5 7 3 4 5
20150513 4 3 8 1 3 6
20150513 5 7 1 5 5 1
20150513 6 7 8 6 5 6
20150513 7 3 1 4 3 1
20150513 8 7 4 2 5 4
20150513 9 8 6 2 6 5
20150513 10 3 9 6 3 6
20150513 11 9 2 3 6 2
20150514 1 7 4 8 5 4
20150514 2 2 3 9 2 3
20150514 3 5 7 9 4 5
20150514 4 1 3 7 1 3
20150514 5 2 5 7 2 4
20150514 6 5 1 7 4 1
20150514 7 1 2 9 1 2
20150514 8 7 1 3 5 1
20150514 9 9 1 4 6 1
20150514 10 1 5 4 1 4
20150514 11 5 9 4 4 6
20150522 1 3 5 1 0 0
20150522 2 2 7 4 0 0
20150522 3 1 3 5 0 0
20150522 4 1 4 3 0 0
20150522 5 1 3 4 0 0
20150522 6 2 6 1 0 0
20150522 7 5 4 1 0 0
20150522 8 7 8 2 5 6
20150522 9 3 7 5 3 5
20150522 10 4 5 9 4 4
20150522 11 2 4 5 2 4
20150522 12 1 9 3 1 6
20150523 1 4 7 1 0 0
20150523 2 7 1 3 0 0
20150523 3 7 1 4 0 0
20150523 4 3 5 7 0 0
20150523 5 1 5 2 0 0
20150523 6 4 3 7 0 0
20150523 7 7 5 1 0 0
20150523 8 2 1 3 2 1
20150523 9 9 1 7 6 1
20150523 10 1 4 7 1 4
20150523 11 9 1 2 6 1
20150523 12 2 3 1 2 3
20150524 1 1 4 2 0 0
20150524 2 4 1 6 0 0
20150524 3 5 1 4 0 0
20150524 4 1 3 4 0 0
20150524 5 1 4 3 0 0
20150524 6 2 5 3 2 4
20150524 7 3 1 9 3 1
20150524 8 2 4 8 2 4
20150524 9 7 1 9 5 1
20150524 10 7 3 1 0 0
20150524 11 4 1 7 0 0
20150524 12 9 1 8 6 1
20150610 1 3 5 1 3 4
20150610 2 3 1 5 3 1
20150610 3 2 5 7 2 4
20150610 4 1 7 2 1 5
20150610 5 3 9 2 3 6
20150610 6 2 1 3 2 1
20150610 7 2 1 9 2 1
20150610 8 1 3 9 1 3
20150610 9 3 7 5 3 5
20150610 10 3 7 2 3 5
20150610 11 4 6 3 4 5
20150611 1 2 9 1 2 6
20150611 2 7 3 4 5 3
20150611 3 4 2 9 4 2
20150611 4 5 7 3 4 5
20150611 5 2 4 5 2 4
20150611 6 1 4 3 1 4
20150611 7 6 9 5 5 6
20150611 8 1 9 2 1 6
20150611 9 1 7 4 1 5
20150611 10 1 8 7 1 6
20150611 11 1 3 5 1 3
20150612 1 8 1 9 6 1
20150612 2 7 4 5 5 4
20150612 3 9 4 6 6 4
20150612 4 1 5 9 1 4
20150612 5 1 9 3 1 6
20150612 6 1 8 7 1 6
20150612 7 7 2 1 5 2
20150612 8 1 5 6 1 4
20150612 9 7 9 2 5 6
20150612 10 6 1 9 5 1
20150612 11 3 9 6 3 6
