1 1 2408
1 2 696
1 3 570
1 4 771
1 5 588
1 6 629
1 7 513
1 8 564
2 1 628
2 2 3286
2 3 519
2 4 437
2 5 478
2 6 503
2 7 409
2 8 467
3 1 475
3 2 508
3 3 2630
3 4 416
3 5 763
3 6 402
3 7 361
3 8 442
4 1 479
4 2 453
4 3 488
4 4 1320
4 5 447
4 6 476
4 7 461
4 8 475
5 1 602
5 2 452
5 3 410
5 4 417
5 5 1683
5 6 579
5 7 358
5 8 343
6 1 596
6 2 482
6 3 378
6 4 509
6 5 368
6 6 678
6 7 314
6 8 342
7 1 649
7 2 450
7 3 520
7 4 395
7 5 540
7 6 383
7 7 565
7 8 369
8 1 486
8 2 459
8 3 415
8 4 515
8 5 500
8 6 587
8 7 337
8 8 479
