1 1 3464
1 2 642
1 3 766
1 4 540
1 5 586
1 6 451
1 7 618
1 8 463
2 1 486
2 2 3129
2 3 551
2 4 515
2 5 537
2 6 506
2 7 639
2 8 616
3 1 542
3 2 526
3 3 1391
3 4 525
3 5 534
3 6 455
3 7 438
3 8 426
4 1 554
4 2 580
4 3 408
4 4 1286
4 5 439
4 6 428
4 7 410
4 8 354
5 1 474
5 2 485
5 3 487
5 4 444
5 5 900
5 6 502
5 7 390
5 8 464
6 1 572
6 2 532
6 3 500
6 4 551
6 5 365
6 6 756
6 7 394
6 8 326
7 1 459
7 2 453
7 3 450
7 4 435
7 5 360
7 6 398
7 7 602
7 8 373
8 1 420
8 2 495
8 3 421
8 4 586
8 5 335
8 6 341
8 7 477
8 8 638
