1 1 2 1953
1 1 3 2381
1 1 4 3081
1 1 5 3886
1 1 6 3431
1 1 7 3153
1 1 8 4741
1 2 2 3528
1 2 3 615
1 2 4 702
1 2 5 571
1 2 6 474
1 2 7 618
1 2 8 424
1 3 3 3997
1 3 4 687
1 3 5 550
1 3 6 1030
1 3 7 644
1 3 8 660
1 4 4 2903
1 4 5 868
1 4 6 673
1 4 7 525
1 4 8 550
1 5 5 2927
1 5 6 487
1 5 7 633
1 5 8 701
1 6 6 1994
1 6 7 534
1 6 8 722
1 7 7 1666
1 7 8 443
1 8 8 1554
2 2 3 2979
2 2 4 4836
2 2 5 4308
2 2 6 4151
2 2 7 3410
2 2 8 3481
2 3 3 2517
2 3 4 531
2 3 5 586
2 3 6 564
2 3 7 609
2 3 8 564
2 4 4 2544
2 4 5 556
2 4 6 534
2 4 7 453
2 4 8 590
2 5 5 3239
2 5 6 476
2 5 7 529
2 5 8 553
2 6 6 1581
2 6 7 513
2 6 8 479
2 7 7 1704
2 7 8 461
2 8 8 1403
3 3 4 2123
3 3 5 4530
3 3 6 3396
3 3 7 2880
3 3 8 2319
3 4 4 1760
3 4 5 399
3 4 6 680
3 4 7 516
3 4 8 486
3 5 5 1780
3 5 6 706
3 5 7 612
3 5 8 395
3 6 6 1555
3 6 7 492
3 6 8 447
3 7 7 1587
3 7 8 361
3 8 8 1117
4 4 5 1863
4 4 6 2291
4 4 7 2076
4 4 8 2277
4 5 5 1709
4 5 6 567
4 5 7 643
4 5 8 512
4 6 6 1734
4 6 7 463
4 6 8 394
4 7 7 1292
4 7 8 443
4 8 8 1539
5 5 6 2229
5 5 7 2306
5 5 8 1538
5 6 6 1206
5 6 7 551
5 6 8 391
5 7 7 1336
5 7 8 378
5 8 8 1121
6 6 7 1235
6 6 8 1132
6 7 7 1130
6 7 8 352
6 8 8 1006
7 7 7 0
7 7 8 1079
7 8 8 1065
8 8 8 3576
