1 102
2 128
3 210
4 212
5 205
6 280
7 314
8 266
9 362
10 354
11 314
12 346
13 410
14 379
15 384
16 511
17 540
18 534
19 522
20 539
21 732
22 730
23 779
24 698
25 868
26 716
27 806
28 844
29 1306
30 882
31 748
32 721
33 826
34 699
35 1026
36 2085
37 888
38 1094
39 1081
40 1001
41 1234
42 1307
43 1290
44 1091
45 1021
46 928
47 1079
48 980
49 1111
50 1275
51 1041
52 944
53 1252
54 1374
55 1165
56 1381
57 2796
58 1519
59 1382
60 1486
61 2283
62 2066
63 1309
64 1610
65 1990
66 993
67 1126
68 1760
69 2497
70 2215
71 2321
72 2680
73 1364
74 2429
75 2511
76 1853
77 1956
78 2027
79 2305
80 1802
81 2010
82 1545
83 1646
84 2258
85 3094
86 2985
87 1434
88 2292
89 2776
90 1699
91 1506
92 2358
93 2532
94 2654
95 2392
96 2577
97 2203
98 4661
99 2697
100 3330
101 2251
102 2781
103 2864
104 5769
105 3023
106 4197
107 2266
108 2183
109 2080
110 2396
111 2831
112 1870
113 2645
114 4304
115 2296
116 1802
117 2847
118 1584
119 2389
120 2008
121 2909
122 2387
123 2365
124 4052
125 2897
126 1863
127 3206
128 2651
129 3123
130 2687
131 3258
132 2444
133 1885
134 4204
135 2733
136 3057
137 4358
138 3540
139 3464
140 2957
141 2293
142 2733
143 2780
144 3385
145 2498
146 4250
147 2798
148 4656
149 2280
150 3693
151 3198
152 2594
153 2264
154 4626
155 3602
156 3551
157 2048
158 3118
159 5226
160 5003
161 3717
162 3032
163 3138
164 3013
165 2912
166 2364
167 5509
168 4013
169 2278
170 3935
171 2853
172 4573
173 5066
174 3537
175 4151
176 2146
177 2130
178 2424
179 5264
180 3160
181 1968
182 4320
183 4219
184 3509
185 2409
186 3017
187 2642
188 2300
189 3001
190 3372
191 2628
192 4226
193 3089
194 3443
195 3367
196 2754
197 3121
198 4864
199 1581
200 4845
201 3822
202 4657
203 1351
204 2460
205 2807
206 3336
207 4645
208 3695
209 5560
210 2912
211 3170
212 3804
213 5163
214 3021
215 2351
216 3219
217 2203
218 1705
219 5140
220 3501
221 2326
222 2616
223 3207
224 1697
225 3950
226 4187
227 3582
228 3107
229 3265
230 2942
231 3493
232 1249
233 4397
234 1872
235 3669
236 1929
237 2165
238 2188
239 4018
240 4814
241 916
242 5376
243 2619
244 4340
245 1175
246 3448
247 3253
248 967
249 2725
250 5361
251 2544
252 3904
253 1883
254 2622
255 1594
256 3130
257 1954
258 3022
259 1882
260 2100
261 906
262 3601
263 4327
264 0
265 3276
266 1648
267 2078
268 1853
269 3821
270 2806
271 1981
272 791
273 1840
274 5322
275 2608
276 1677
277 2889
278 5162
279 416
280 0
281 1445
282 2358
283 4025
284 1573
285 2932
286 2402
287 2736
288 1330
289 3168
290 3803
291 1777
292 506
293 0
294 476
295 323
296 2309
297 127
298 3469
299 0
300 1655
301 0
302 3877
303 2600
304 2600
305 228
306 2587
307 913
308 0
309 0
310 2852
311 612
312 0
313 1174
314 2892
315 2351
316 5297
317 1688
318 0
319 0
320 1238
321 3529
322 0
323 0
324 148
325 0
326 770
327 2704
328 0
329 1801
330 0
331 0
332 0
333 1182
334 2477
335 1843
336 2666
337 4183
338 586
339 0
340 1386
341 1673
342 1386
343 3117
344 1658
345 3234
346 2013
347 0
348 0
349 184
350 3225
351 0
352 0
353 0
354 0
355 0
356 0
357 0
358 18
359 0
360 0
361 82
362 1374
363 1940
364 0
365 0
366 0
367 1842
368 0
369 2334
370 0
371 1414
372 2686
373 0
374 0
375 0
376 0
377 0
378 1872
379 0
380 3024
381 0
382 4937
383 0
384 0
385 0
386 0
387 0
388 0
389 0
390 0
391 0
392 189
393 0
394 0
395 0
396 0
397 147
398 0
399 0
400 0
401 0
402 0
403 153
404 0
405 0
406 0
407 0
408 0
409 0
410 0
411 0
412 0
413 2637
414 0
415 0
416 0
417 0
418 0
419 0
420 0
421 0
422 0
423 0
424 0
425 0
426 0
427 1784
428 0
429 0
430 0
431 105
432 0
433 0
434 0
435 0
436 0
437 0
438 0
439 0
440 0
441 0
442 1151
443 0
444 0
445 0
446 0
447 0
448 0
449 0
450 2360
451 0
452 0
453 0
454 0
455 0
456 0
457 0
458 0
459 0
460 0
461 0
462 0
463 0
464 0
465 0
466 2356
467 541
468 0
469 0
470 0
471 0
472 0
473 0
474 0
475 0
476 0
477 0
478 0
479 0
480 0
481 0
482 215
483 0
484 0
485 0
486 0
487 0
488 0
489 0
490 0
491 0
492 0
493 0
494 0
495 0
496 0
497 0
498 0
499 0
500 0
501 0
502 0
503 0
504 0
505 0
506 0
507 0
508 0
509 0
510 0
511 0
512 0
513 0
514 0
515 0
516 0
517 0
518 0
519 0
520 0
521 0
522 0
523 0
524 0
525 0
526 0
527 0
528 0
529 0
530 0
531 0
532 0
533 0
534 0
535 0
536 0
537 0
538 0
539 0
540 0
541 0
542 0
543 0
544 0
545 0
546 0
547 0
548 0
549 0
550 0
551 0
552 0
553 0
554 0
555 0
556 0
557 0
558 0
559 0
560 0
561 0
562 0
563 0
564 0
565 0
566 0
567 0
568 0
569 0
570 0
571 0
572 0
573 0
574 0
575 0
576 0
577 0
578 0
579 0
580 0
581 0
582 0
583 0
584 0
585 0
586 0
587 0
588 0
589 0
590 0
591 0
592 0
593 0
594 0
595 0
596 0
597 0
598 0
599 0
600 0
601 0
602 0
603 0
604 0
605 0
606 0
607 0
608 0
609 0
610 0
611 0
612 0
613 0
614 0
615 0
616 0
617 0
618 0
619 0
620 0
621 0
622 0
623 0
624 0
625 0
626 0
627 0
628 0
629 0
630 0
631 0
632 0
633 0
634 0
635 0
636 0
637 0
638 0
639 0
640 0
641 0
642 0
643 0
644 0
645 0
646 0
647 0
648 0
649 0
650 0
651 0
652 0
653 0
654 0
655 0
656 0
657 0
658 0
659 0
660 0
661 0
662 0
663 0
664 0
665 0
666 0
667 0
668 0
669 0
670 0
671 0
672 0
673 0
674 0
675 0
676 0
677 0
678 0
679 0
680 0
681 0
682 0
683 0
684 0
685 0
686 0
687 0
688 0
689 0
690 0
691 0
692 0
693 0
694 0
695 0
696 0
697 0
698 0
699 0
700 0
701 0
702 0
703 0
704 0
705 0
706 0
707 0
708 0
709 0
710 0
711 0
712 0
713 0
714 0
715 0
716 0
717 0
718 0
719 0
720 0
721 0
722 0
723 0
724 0
725 0
726 0
727 0
728 0
729 0
730 0
731 0
732 0
733 0
734 0
735 0
736 0
737 0
738 0
739 0
740 0
741 0
742 0
743 0
744 0
745 0
746 0
747 0
748 0
749 0
750 0
