20120420 1 7 9
20120420 3 2 9
20120420 2 7 5
20120420 5 1 7
20120420 8 1 9
20120420 7 5 6
20120420 7 9 2
20120420 9 1 4
20120420 9 7 8
20120420 1 7 3
20120420 1 7 5
20120420 9 1 4
20120421 3 5 9
20120421 3 1 9
20120421 9 1 3
20120421 2 8 3
20120421 3 7 5
20120421 1 7 5
20120421 5 7 2
20120421 3 7 2
20120421 4 9 7
20120421 3 9 7
20120421 5 7 8
20120421 8 4 9
20120422 1 7 9
20120422 3 5 1
20120422 9 2 1
20120422 7 1 2
20120422 2 7 3
20120422 7 2 5
20120422 1 2 6
20120422 3 4 7
20120422 1 7 8
20120422 9 6 2
20120422 4 1 8
20120422 5 1 7
20120427 2 7 5
20120427 7 1 6
20120427 3 5 1
20120427 2 1 6
20120427 1 2 3
20120427 1 9 3
20120427 7 5 3
20120427 3 7 5
20120427 9 1 5
20120427 1 5 2
20120427 7 1 6
20120428 7 2 1
20120428 3 5 2
20120428 2 4 6
20120428 1 5 2
20120428 3 2 7
20120428 7 5 2
20120428 4 1 9
20120428 4 2 8
20120428 2 3 5
20120428 8 3 1
20120428 9 3 4
20120429 3 5 1
20120429 3 1 4
20120429 3 5 1
20120429 7 4 2
20120429 2 3 7
20120429 3 9 5
20120429 7 9 8
20120429 3 9 4
20120429 2 5 9
20120429 1 3 4
20120429 2 3 1
20120504 1 5 3
20120504 2 3 4
20120504 3 5 1
20120504 2 7 1
20120504 1 7 3
20120504 7 3 5
20120504 2 5 9
20120504 2 8 5
20120504 2 9 5
20120504 5 1 9
20120504 3 9 6
20120505 2 7 3
20120505 2 1 3
20120505 5 3 1
20120505 1 3 2
20120505 5 2 1
20120505 4 2 1
20120505 1 6 7
20120505 1 3 7
20120505 3 8 2
20120505 9 2 5
20120505 5 1 3
20120506 7 2 4
20120506 1 7 2
20120506 7 3 1
20120506 5 3 1
20120506 8 4 3
20120506 3 1 5
20120506 3 5 2
20120506 1 8 5
20120506 2 3 7
20120506 7 6 1
20120506 1 2 3
20120516 4 3 2
20120516 5 4 3
20120516 7 1 3
20120516 1 5 7
20120516 4 3 1
20120516 1 5 2
20120516 3 9 6
20120516 9 2 4
20120516 7 2 3
20120516 9 4 1
20120516 3 7 2
20120517 1 7 4
20120517 1 7 6
20120517 5 1 4
20120517 5 2 3
20120517 1 5 7
20120517 1 2 9
20120517 5 9 7
20120517 3 9 1
20120517 3 8 2
20120517 1 9 3
20120517 7 1 5
20120518 3 5 2
20120518 1 5 3
20120518 2 1 5
20120518 4 5 3
20120518 5 7 3
20120518 7 1 2
20120518 8 1 2
20120518 1 5 8
20120518 7 5 3
20120518 2 5 3
20120518 9 2 7
20120527 6 1 2
20120527 3 9 6
20120527 8 1 5
20120527 7 5 9
20120527 3 5 8
20120527 1 2 3
20120527 5 9 3
20120527 7 1 5
20120527 5 9 2
20120527 1 3 7
20120527 3 5 4
20120527 4 5 7
20120528 2 9 5
20120528 5 8 2
20120528 1 7 8
20120528 7 9 2
20120528 7 2 6
20120528 5 1 9
20120528 5 2 4
20120528 3 9 1
20120528 2 7 5
20120528 1 5 6
20120528 7 3 2
20120528 1 9 7
20120529 4 2 8
20120529 3 2 1
20120529 9 5 1
20120529 3 1 6
20120529 9 2 5
20120529 2 1 8
20120529 5 9 7
20120529 8 1 4
20120529 5 1 7
20120529 3 7 5
20120529 9 1 2
20120529 8 4 2
20120614 3 7 8
20120614 8 5 2
20120614 7 1 4
20120614 9 2 1
20120614 8 9 4
20120614 7 3 2
20120614 3 2 8
20120614 9 5 3
20120614 9 5 6
20120614 2 3 1
20120614 7 5 2
20120614 2 3 7
20120614 3 6 5
20120615 2 5 3
20120615 9 5 6
20120615 7 2 5
20120615 3 9 2
20120615 9 7 3
20120615 4 1 7
20120615 2 7 3
20120615 9 1 6
20120615 3 5 1
20120615 4 5 7
20120615 1 5 3
20120615 6 3 2
20120616 3 4 1
20120616 3 6 5
20120616 1 4 2
20120616 7 5 4
20120616 4 6 2
20120616 3 8 5
20120616 1 7 5
20120616 4 7 6
20120616 1 4 8
20120616 1 5 4
20120616 5 6 2
20120616 3 1 8
20120617 5 3 4
20120617 3 2 4
20120617 5 8 3
20120617 7 1 9
20120617 8 5 6
20120617 5 2 8
20120617 2 9 1
20120617 2 9 7
20120617 3 9 7
20120617 1 4 9
20120617 9 2 3
20120628 7 3 5
20120628 7 3 4
20120628 2 5 3
20120628 2 1 3
20120628 7 1 5
20120628 9 2 4
20120628 2 7 1
20120628 5 1 2
20120628 7 1 6
20120628 9 3 1
20120628 7 2 9
20120629 3 5 1
20120629 7 1 6
20120629 3 1 4
20120629 2 7 5
20120629 1 5 7
20120629 1 3 2
20120629 9 3 5
20120629 7 2 1
20120629 9 7 1
20120629 4 1 9
20120629 1 9 7
20120630 5 1 7
20120630 5 7 3
20120630 3 5 4
20120630 3 1 4
20120630 2 7 9
20120630 9 1 5
20120630 7 4 1
20120630 3 7 5
20120630 3 1 5
20120630 7 3 4
20120630 2 4 8
20120704 7 1 3
20120704 3 7 4
20120704 1 7 3
20120704 4 1 2
20120704 3 2 1
20120704 5 9 7
20120704 1 9 5
20120704 7 1 8
20120704 2 5 9
20120704 3 9 7
20120704 1 7 3
20120705 2 1 3
20120705 2 7 3
20120705 7 2 4
20120705 2 3 5
20120705 5 4 3
20120705 3 1 6
20120705 1 4 8
20120705 9 7 2
20120705 5 1 9
20120705 1 3 5
20120705 9 3 4
20120706 1 2 5
20120706 7 5 2
20120706 1 3 2
20120706 3 2 1
20120706 5 8 2
20120706 5 8 3
20120706 3 8 9
20120706 3 9 8
20120706 7 3 4
20120706 1 3 5
20120706 1 7 3
20120706 3 9 4
20120716 6 4 3
20120716 3 7 5
20120716 5 9 1
20120716 2 7 1
20120716 7 1 5
20120716 5 3 7
20120716 1 7 8
20120716 7 3 2
20120716 5 8 4
20120716 7 9 1
20120716 2 9 3
20120717 7 2 3
20120717 6 3 9
20120717 1 8 6
20120717 1 3 7
20120717 7 9 3
20120717 9 3 1
20120717 2 1 5
20120717 3 1 9
20120717 4 1 3
20120717 3 5 4
20120717 3 5 7
20120717 1 5 6
20120718 8 3 1
20120718 5 3 8
20120718 7 3 1
20120718 1 3 5
20120718 2 5 9
20120718 3 4 5
20120718 7 9 5
20120718 1 2 8
20120718 7 9 5
20120718 1 9 3
20120718 1 4 7
20120729 2 3 5
20120729 1 5 7
20120729 3 1 5
20120729 3 7 1
20120729 7 1 6
20120729 5 8 1
20120729 1 9 5
20120729 1 7 2
20120729 9 3 4
20120729 7 3 5
20120729 8 5 2
20120730 7 3 1
20120730 1 7 4
20120730 1 7 4
20120730 3 1 7
20120730 2 4 6
20120730 2 6 5
20120730 2 8 9
20120730 6 1 2
20120730 1 2 7
20120730 9 4 2
20120730 5 3 9
20120731 3 1 7
20120731 5 1 2
20120731 1 6 3
20120731 3 7 1
20120731 5 7 1
20120731 3 5 2
20120731 6 3 5
20120731 9 2 6
20120731 1 5 6
20120731 7 3 4
20120731 9 8 6
20120807 3 7 1
20120807 2 5 4
20120807 2 1 4
20120807 5 3 2
20120807 5 3 1
20120807 9 1 7
20120807 9 7 5
20120807 9 3 2
20120807 9 3 7
20120807 3 9 6
20120807 2 1 5
20120808 2 3 1
20120808 1 7 3
20120808 4 3 5
20120808 4 1 7
20120808 4 2 7
20120808 7 2 6
20120808 3 7 4
20120808 3 7 6
20120808 3 2 6
20120808 8 2 1
20120808 2 3 7
20120809 4 2 7
20120809 3 2 1
20120809 3 5 2
20120809 5 1 4
20120809 9 8 2
20120809 5 3 9
20120809 8 1 5
20120809 9 2 8
20120809 7 1 3
20120809 6 4 1
20120809 8 1 2
20120822 2 5 7
20120822 9 2 7
20120822 7 9 2
20120822 7 3 9
20120822 3 5 7
20120822 1 6 3
20120822 7 2 3
20120822 8 7 4
20120822 7 2 4
20120822 9 2 6
20120822 1 4 9
20120823 3 9 7
20120823 3 7 2
20120823 9 7 2
20120823 9 8 4
20120823 7 3 2
20120823 8 5 7
20120823 7 2 1
20120823 1 6 9
20120823 1 4 3
20120823 3 2 9
20120823 7 1 3
20120824 9 6 2
20120824 5 6 2
20120824 9 3 5
20120824 3 7 5
20120824 6 4 3
20120824 1 6 3
20120824 1 4 3
20120824 4 1 7
20120824 4 7 1
20120824 7 2 8
20120824 9 2 4
20120824 3 1 9
20120827 1 3 5
20120827 2 7 3
20120827 7 5 2
20120827 3 1 5
20120827 5 3 1
20120827 2 9 7
20120827 8 5 1
20120827 2 3 9
20120827 5 9 1
20120827 1 5 7
20120827 2 7 9
20120828 5 2 3
20120828 3 2 1
20120828 7 3 4
20120828 5 7 1
20120828 7 6 3
20120828 5 9 2
20120828 9 3 4
20120828 9 1 7
20120828 2 9 3
20120828 9 3 5
20120828 1 7 4
20120828 7 1 4
20120829 2 5 3
20120829 2 4 1
20120829 7 3 2
20120829 5 3 1
20120829 1 5 4
20120829 9 1 5
20120829 1 5 2
20120829 5 1 9
20120829 5 2 7
20120829 1 7 4
20120829 1 9 2
20120910 1 4 5
20120910 3 7 6
20120910 3 9 2
20120910 1 7 4
20120910 3 1 4
20120910 3 1 4
20120910 8 5 1
20120910 2 6 3
20120910 1 3 5
20120910 2 5 4
20120910 5 3 2
20120911 4 5 8
20120911 2 9 1
20120911 3 2 9
20120911 3 7 6
20120911 7 2 3
20120911 1 5 2
20120911 9 4 2
20120911 3 2 6
20120911 1 2 4
20120911 9 1 3
20120911 7 2 4
20120912 7 5 9
20120912 1 9 3
20120912 9 2 7
20120912 2 7 3
20120912 9 2 3
20120912 7 9 2
20120912 2 8 3
20120912 5 1 7
20120912 7 2 3
20120912 2 9 3
20120912 4 7 5
20120917 1 7 5
20120917 5 2 3
20120917 5 7 8
20120917 5 3 2
20120917 3 5 9
20120917 3 7 2
20120917 2 5 9
20120917 7 1 5
20120917 2 9 3
20120917 1 3 5
20120917 1 5 7
20120918 3 1 7
20120918 2 1 5
20120918 6 3 2
20120918 1 2 5
20120918 9 7 4
20120918 5 2 3
20120918 1 7 5
20120918 3 8 4
20120918 1 8 5
20120918 1 5 7
20120918 5 9 1
20120919 2 9 5
20120919 5 3 7
20120919 1 3 8
20120919 3 2 8
20120919 7 5 1
20120919 2 1 5
20120919 3 4 9
20120919 3 2 8
20120919 9 5 2
20120919 5 9 7
20120919 2 4 5
20120924 1 3 2
20120924 5 3 6
20120924 3 5 7
20120924 1 2 5
20120924 2 5 1
20120924 3 7 5
20120924 1 5 8
20120924 2 5 1
20120924 1 5 4
20120924 1 9 3
20120924 1 4 3
20120925 3 4 1
20120925 5 2 1
20120925 2 1 5
20120925 2 3 7
20120925 3 5 7
20120925 5 2 1
20120925 3 9 5
20120925 1 2 3
20120925 1 7 9
20120925 1 3 5
20120925 1 9 8
20120926 3 2 7
20120926 7 1 5
20120926 7 2 3
20120926 1 4 2
20120926 1 4 5
20120926 1 2 3
20120926 1 3 2
20120926 9 1 7
20120926 7 3 5
20120926 1 3 4
20120926 9 2 4
20121001 1 5 2
20121001 1 7 5
20121001 2 1 4
20121001 4 7 2
20121001 3 2 5
20121001 2 7 9
20121001 7 5 4
20121001 7 2 9
20121001 2 7 3
20121001 7 5 3
20121001 9 2 6
20121002 4 7 3
20121002 2 7 3
20121002 1 4 5
20121002 1 3 5
20121002 5 4 1
20121002 1 4 7
20121002 1 6 5
20121002 1 8 7
20121002 2 5 1
20121002 8 5 3
20121002 1 6 7
20121003 5 6 2
20121003 5 1 6
20121003 5 3 2
20121003 1 3 2
20121003 6 5 4
20121003 7 9 8
20121003 6 7 5
20121003 2 9 7
20121003 9 1 3
20121003 4 6 7
20121003 5 2 3
20121009 2 3 5
20121009 2 7 3
20121009 3 1 7
20121009 2 7 4
20121009 7 2 4
20121009 5 2 7
20121009 7 9 2
20121009 2 1 6
20121009 3 9 1
20121009 7 3 2
20121009 5 1 9
20121009 2 6 4
20121010 2 4 6
20121010 5 2 1
20121010 2 3 1
20121010 5 2 7
20121010 3 2 1
20121010 3 6 1
20121010 3 5 9
20121010 9 6 1
20121010 1 3 5
20121010 9 1 6
20121010 3 2 5
20121011 1 5 7
20121011 4 7 5
20121011 3 1 5
20121011 5 6 1
20121011 5 2 7
20121011 1 5 9
20121011 9 6 5
20121011 3 5 9
20121011 3 5 7
20121011 2 1 5
20121011 1 9 2
20121019 3 9 4
20121019 7 5 1
20121019 3 7 9
20121019 1 9 2
20121019 1 9 2
20121019 2 1 6
20121019 1 2 4
20121019 1 7 4
20121019 7 5 2
20121019 4 3 8
20121019 5 9 7
20121020 1 7 3
20121020 9 5 3
20121020 6 2 3
20121020 7 2 8
20121020 3 1 4
20121020 9 2 7
20121020 3 1 5
20121020 7 3 5
20121020 3 2 5
20121020 5 7 9
20121020 9 1 3
20121021 3 5 8
20121021 7 9 1
20121021 4 5 8
20121021 3 9 1
20121021 2 4 9
20121021 1 7 5
20121021 7 2 3
20121021 5 1 3
20121021 9 7 1
20121021 3 1 4
20121021 3 7 9
20130416 3 1 6
20130416 7 3 9
20130416 2 1 5
20130416 1 7 9
20130416 9 2 1
20130416 3 1 5
20130416 9 8 2
20130416 2 7 9
20130416 9 7 2
20130416 2 7 3
20130416 7 3 1
20130417 1 7 4
20130417 5 1 2
20130417 1 7 8
20130417 7 1 5
20130417 1 3 8
20130417 2 9 3
20130417 4 8 1
20130417 1 7 9
20130417 3 1 2
20130417 7 2 1
20130417 5 1 7
20130418 3 8 7
20130418 3 4 9
20130418 5 7 1
20130418 5 4 2
20130418 9 6 1
20130418 2 7 3
20130418 1 5 2
20130418 1 8 5
20130418 2 8 5
20130418 1 5 2
20130418 1 3 2
20130425 7 4 1
20130425 4 5 2
20130425 5 2 4
20130425 7 4 1
20130425 5 3 1
20130425 8 9 7
20130425 3 8 4
20130425 1 7 8
20130425 9 2 6
20130425 9 1 7
20130426 2 1 5
20130426 3 1 4
20130426 7 4 1
20130426 7 3 2
20130426 1 4 2
20130426 4 1 2
20130426 3 9 2
20130426 5 9 1
20130426 9 1 8
20130426 2 3 5
20130426 5 7 9
20130427 7 3 4
20130427 4 7 2
20130427 2 6 1
20130427 7 4 5
20130427 3 7 5
20130427 8 3 5
20130427 8 9 2
20130427 7 4 9
20130427 4 7 5
20130427 9 1 3
20130504 7 4 2
20130504 5 1 7
20130504 5 3 2
20130504 2 1 3
20130504 7 2 4
20130504 1 7 9
20130504 1 4 7
20130504 5 1 2
20130504 9 4 1
20130504 9 1 4
20130505 7 2 1
20130505 4 5 3
20130505 4 7 6
20130505 5 7 4
20130505 1 5 3
20130505 9 2 1
20130505 1 3 9
20130505 2 6 7
20130505 1 3 2
20130505 5 1 4
20130506 3 4 2
20130506 1 3 2
20130506 2 6 5
20130506 4 2 1
20130506 5 3 7
20130506 5 1 3
20130506 9 3 1
20130506 3 5 8
20130506 7 6 5
20130506 9 2 7
20130514 5 2 1
20130514 3 5 7
20130514 3 5 1
20130514 5 1 7
20130514 2 4 7
20130514 5 7 2
20130514 9 2 5
20130514 4 3 7
20130514 7 3 2
20130514 6 9 2
20130515 1 3 2
20130515 3 2 7
20130515 4 7 3
20130515 4 1 2
20130515 4 3 5
20130515 3 2 8
20130515 3 6 7
20130515 7 1 2
20130515 9 7 1
20130515 3 1 7
20130516 3 1 5
20130516 2 3 1
20130516 7 2 1
20130516 1 4 3
20130516 9 3 8
20130516 4 9 1
20130516 2 5 9
20130516 9 5 1
20130516 1 4 2
20130516 1 6 5
20130522 3 1 5
20130522 3 1 9
20130522 1 3 5
20130522 5 1 7
20130522 1 9 7
20130522 7 3 1
20130522 9 3 4
20130522 7 5 1
20130522 1 3 2
20130522 1 7 3
20130522 2 5 8
20130523 7 5 2
20130523 3 7 2
20130523 1 7 3
20130523 5 4 3
20130523 5 9 1
20130523 1 5 2
20130523 3 2 8
20130523 3 9 2
20130523 1 8 3
20130523 1 9 6
20130523 3 1 2
20130524 1 7 4
20130524 8 5 9
20130524 8 1 7
20130524 3 9 5
20130524 3 9 1
20130524 8 2 3
20130524 7 5 3
20130524 3 4 9
20130524 5 3 2
20130524 8 2 9
20130524 5 7 8
20130531 3 7 1
20130531 2 9 4
20130531 2 9 7
20130531 9 1 7
20130531 7 5 9
20130531 9 7 1
20130531 1 2 9
20130531 1 9 2
20130531 9 3 4
20130531 2 7 9
20130531 1 7 4
20130601 5 4 3
20130601 3 7 5
20130601 7 1 4
20130601 1 5 3
20130601 2 7 9
20130601 1 7 4
20130601 2 7 3
20130601 3 2 1
20130601 9 5 1
20130601 5 2 1
20130601 9 3 5
20130602 1 3 5
20130602 5 9 7
20130602 5 7 4
20130602 1 8 2
20130602 7 3 1
20130602 1 8 9
20130602 2 5 6
20130602 2 7 1
20130602 3 6 9
20130602 9 2 5
20130602 1 9 7
20130603 5 4 2
20130603 1 6 5
20130603 5 4 8
20130603 3 2 9
20130603 7 1 3
20130603 1 9 7
20130603 1 9 3
20130603 1 7 2
20130603 1 6 7
20130603 5 7 4
20130603 2 4 3
20130610 1 5 3
20130610 5 3 4
20130610 5 3 8
20130610 3 7 2
20130610 1 9 5
20130610 2 9 5
20130610 7 1 9
20130610 5 3 2
20130610 3 1 9
20130610 5 3 2
20130610 1 7 8
20130611 2 7 5
20130611 4 7 8
20130611 9 5 3
20130611 3 7 1
20130611 1 9 5
20130611 1 7 9
20130611 4 2 6
20130611 2 3 9
20130611 9 7 5
20130611 1 2 3
20130611 3 4 1
20130612 9 3 2
20130612 7 1 9
20130612 7 9 1
20130612 9 2 1
20130612 9 1 6
20130612 8 1 6
20130612 5 3 7
20130612 9 5 1
20130612 3 7 9
20130612 3 7 1
20130612 2 9 4
20130702 7 5 1
20130702 3 5 1
20130702 7 5 6
20130702 7 5 2
20130702 2 5 1
20130702 1 4 2
20130702 4 1 2
20130702 1 9 7
20130702 9 4 1
20130702 3 7 9
20130702 1 7 9
20130703 3 2 4
20130703 5 4 1
20130703 6 4 7
20130703 3 4 7
20130703 3 1 2
20130703 9 3 7
20130703 6 5 7
20130703 3 5 8
20130703 3 2 4
20130703 2 5 7
20130704 3 5 2
20130704 2 3 4
20130704 1 3 4
20130704 7 1 5
20130704 3 5 6
20130704 9 7 2
20130704 1 9 2
20130704 5 4 2
20130704 3 5 6
20130704 7 1 9
20130715 7 1 2
20130715 9 2 4
20130715 5 2 3
20130715 2 7 5
20130715 9 2 6
20130715 7 2 9
20130715 2 1 9
20130715 1 2 7
20130715 3 9 2
20130715 3 2 4
20130715 9 7 5
20130716 3 6 2
20130716 3 7 9
20130716 1 2 7
20130716 5 2 3
20130716 7 1 2
20130716 1 9 5
20130716 9 7 5
20130716 5 1 3
20130716 4 7 2
20130716 2 7 9
20130716 3 1 7
20130717 9 5 6
20130717 1 5 8
20130717 9 1 7
20130717 3 9 8
20130717 3 4 9
20130717 6 1 4
20130717 2 1 6
20130717 2 7 3
20130717 3 6 2
20130717 4 3 7
20130717 5 9 2
20130724 3 4 2
20130724 3 7 2
20130724 7 3 5
20130724 1 5 3
20130724 2 5 3
20130724 1 2 7
20130724 1 7 3
20130724 9 7 3
20130724 7 2 1
20130724 5 9 2
20130725 1 4 3
20130725 4 3 7
20130725 3 1 4
20130725 1 3 5
20130725 5 7 2
20130725 7 1 4
20130725 2 3 9
20130725 5 1 9
20130725 1 9 7
20130725 2 5 9
20130726 5 2 3
20130726 7 4 1
20130726 1 4 3
20130726 3 5 7
20130726 9 1 7
20130726 9 2 5
20130726 7 2 8
20130726 7 1 9
20130726 3 7 5
20130726 5 1 7
20130807 2 7 4
20130807 4 3 7
20130807 4 2 5
20130807 7 3 2
20130807 5 2 4
20130807 3 5 4
20130807 7 1 5
20130807 2 7 3
20130807 1 9 2
20130807 9 5 1
20130808 4 5 7
20130808 3 7 6
20130808 2 3 1
20130808 5 1 7
20130808 2 3 1
20130808 1 4 8
20130808 7 9 3
20130808 1 5 8
20130808 9 7 5
20130808 9 3 2
20130809 2 5 7
20130809 1 5 7
20130809 2 7 5
20130809 1 5 7
20130809 3 9 8
20130809 9 1 5
20130809 4 9 1
20130809 3 4 6
20130809 3 5 2
20130809 2 9 1
20130812 2 9 5
20130812 7 2 3
20130812 9 1 4
20130812 5 9 2
20130812 3 7 9
20130812 2 7 4
20130812 7 2 4
20130812 7 5 2
20130812 1 9 5
20130812 1 5 3
20130812 7 9 2
20130813 7 8 4
20130813 9 7 5
20130813 2 9 7
20130813 3 4 6
20130813 1 7 5
20130813 1 3 2
20130813 7 1 4
20130813 7 9 4
20130813 9 2 7
20130813 3 1 9
20130813 1 7 3
20130814 4 3 2
20130814 3 1 9
20130814 4 9 2
20130814 5 2 7
20130814 1 5 7
20130814 5 1 3
20130814 1 3 7
20130814 8 6 7
20130814 3 1 8
20130814 1 7 8
20130814 9 7 4
20130826 7 5 3
20130826 3 2 1
20130826 4 2 7
20130826 1 5 3
20130826 3 2 6
20130826 3 7 5
20130826 3 6 1
20130826 9 3 5
20130826 1 7 5
20130826 6 3 9
20130827 7 4 3
20130827 2 7 4
20130827 1 2 5
20130827 5 7 1
20130827 3 2 7
20130827 5 7 6
20130827 3 7 4
20130827 9 1 2
20130827 7 3 6
20130827 9 2 7
20130828 4 2 3
20130828 5 4 6
20130828 4 2 3
20130828 1 2 5
20130828 9 2 7
20130828 9 5 1
20130828 3 7 2
20130828 2 4 3
20130828 5 3 1
20130828 9 7 1
20130902 7 1 2
20130902 1 4 7
20130902 5 2 3
20130902 7 1 2
20130902 7 2 4
20130902 9 4 7
20130902 3 7 8
20130902 3 8 1
20130902 7 1 3
20130902 1 2 8
20130903 7 4 1
20130903 1 7 2
20130903 5 1 2
20130903 6 2 5
20130903 6 5 2
20130903 5 1 7
20130903 3 9 8
20130903 7 1 3
20130903 5 7 2
20130903 2 1 7
20130903 9 7 5
20130904 3 5 1
20130904 1 4 5
20130904 1 3 2
20130904 5 1 2
20130904 3 5 2
20130904 1 5 7
20130904 9 1 5
20130904 1 9 7
20130904 3 7 1
20130904 6 4 1
20130909 7 1 2
20130909 5 7 4
20130909 2 1 7
20130909 1 4 2
20130909 5 2 7
20130909 3 9 7
20130909 1 7 4
20130909 5 1 3
20130909 3 5 1
20130909 7 1 3
20130910 4 1 7
20130910 5 7 3
20130910 5 3 1
20130910 7 1 4
20130910 3 5 7
20130910 3 4 7
20130910 7 8 3
20130910 7 1 3
20130910 2 5 6
20130910 1 9 7
20130911 5 2 1
20130911 3 5 7
20130911 3 7 2
20130911 3 6 2
20130911 8 3 9
20130911 5 7 2
20130911 1 8 6
20130911 3 8 5
20130911 6 5 7
20130911 2 3 4
20130915 9 3 2
20130915 9 3 2
20130915 1 7 9
20130915 3 7 8
20130915 1 9 7
20130915 9 7 1
20130915 7 3 6
20130915 1 9 4
20130915 3 9 2
20130915 5 1 4
20130915 5 2 9
20130916 5 2 1
20130916 7 1 3
20130916 1 2 6
20130916 9 5 3
20130916 5 3 2
20130916 7 5 1
20130916 7 2 3
20130916 3 9 2
20130916 6 9 2
20130916 3 2 4
20130916 3 4 2
20130917 1 3 8
20130917 9 2 3
20130917 5 1 4
20130917 7 1 8
20130917 3 7 2
20130917 3 2 9
20130917 3 4 8
20130917 5 1 3
20130917 3 5 2
20130917 9 2 1
20130917 8 9 6
20131006 2 7 1
20131006 7 1 3
20131006 2 4 3
20131006 1 2 5
20131006 3 4 7
20131006 3 5 8
20131006 2 4 7
20131006 5 8 4
20131006 9 7 2
20131006 3 5 2
20131007 4 2 1
20131007 2 5 4
20131007 4 1 3
20131007 7 4 6
20131007 5 4 2
20131007 7 4 5
20131007 1 3 7
20131007 1 8 7
20131007 7 1 6
20131007 7 4 1
20131008 2 7 3
20131008 5 1 4
20131008 5 3 7
20131008 4 1 2
20131008 1 7 9
20131008 1 7 5
20131008 3 7 2
20131008 2 5 4
20131008 7 3 4
20131008 3 1 9
20131019 9 5 7
20131019 5 3 2
20131019 9 1 7
20131019 5 1 7
20131019 7 1 8
20131019 9 2 1
20131019 3 1 5
20131019 5 1 4
20131019 7 5 8
20131019 2 7 9
20131019 1 3 6
20131020 7 2 5
20131020 2 5 7
20131020 4 7 6
20131020 5 1 7
20131020 9 7 3
20131020 3 1 2
20131020 2 7 9
20131020 3 1 7
20131020 1 9 3
20131020 3 7 4
20131020 5 3 7
20131021 2 7 9
20131021 3 1 9
20131021 3 1 8
20131021 2 1 9
20131021 1 7 9
20131021 3 6 9
20131021 4 1 7
20131021 9 3 2
20131021 9 1 3
20131021 3 9 1
20131021 1 4 8
20140410 7 2 5
20140410 5 1 4
20140410 5 1 3
20140410 2 7 4
20140410 3 5 7
20140410 4 6 5
20140410 4 6 7
20140410 2 5 1
20140410 7 1 9
20140410 1 3 9
20140410 9 7 2
20140410 3 7 6
20140411 3 5 7
20140411 7 5 2
20140411 5 4 6
20140411 1 5 3
20140411 1 7 3
20140411 3 1 7
20140411 3 4 1
20140411 1 9 3
20140411 7 4 3
20140411 3 1 7
20140411 1 3 8
20140411 2 7 3
20140412 5 6 7
20140412 1 5 3
20140412 1 3 5
20140412 3 6 7
20140412 2 6 4
20140412 9 7 2
20140412 2 4 7
20140412 4 3 8
20140412 4 8 5
20140412 6 2 5
20140412 4 3 2
20140412 1 9 4
20140419 2 7 5
20140419 9 7 4
20140419 5 8 1
20140419 2 9 4
20140419 2 9 1
20140419 3 7 1
20140419 2 1 7
20140419 3 7 5
20140419 7 9 3
20140419 1 4 6
20140419 9 2 4
20140420 5 3 6
20140420 4 9 2
20140420 2 3 8
20140420 2 9 3
20140420 9 5 7
20140420 7 9 1
20140420 1 8 4
20140420 7 5 9
20140420 7 2 9
20140420 6 3 7
20140420 3 8 2
20140421 9 6 1
20140421 3 7 9
20140421 9 5 1
20140421 1 2 7
20140421 5 1 7
20140421 7 3 4
20140421 3 4 5
20140421 7 5 2
20140421 1 9 7
20140421 3 5 7
20140421 7 1 9
20140429 5 2 7
20140429 1 3 8
20140429 5 9 2
20140429 9 2 7
20140429 5 1 2
20140429 3 4 5
20140429 2 7 9
20140429 3 2 4
20140429 2 7 4
20140429 3 1 4
20140429 3 9 7
20140430 3 8 6
20140430 9 2 5
20140430 6 3 5
20140430 2 9 5
20140430 9 3 5
20140430 5 7 2
20140430 7 2 5
20140430 5 2 8
20140430 7 9 5
20140430 4 3 1
20140430 7 9 3
20140501 3 4 2
20140501 9 1 5
20140501 5 2 1
20140501 9 1 5
20140501 1 4 7
20140501 9 7 1
20140501 4 5 9
20140501 3 1 2
20140501 1 5 4
20140501 9 2 7
20140501 8 3 4
20140507 7 5 2
20140507 2 7 5
20140507 1 7 5
20140507 3 5 7
20140507 3 7 5
20140507 7 2 5
20140507 4 1 3
20140507 7 3 8
20140507 2 1 9
20140507 1 7 3
20140507 7 3 8
20140508 4 7 3
20140508 3 6 5
20140508 4 2 3
20140508 4 1 7
20140508 3 1 4
20140508 3 6 5
20140508 1 3 9
20140508 4 8 9
20140508 9 5 3
20140508 1 7 5
20140509 5 4 1
20140509 2 4 3
20140509 7 2 4
20140509 7 1 3
20140509 7 3 2
20140509 9 2 5
20140509 3 8 2
20140509 6 9 2
20140509 3 1 5
20140509 3 7 2
20140612 2 1 7
20140612 2 3 4
20140612 1 3 5
20140612 3 4 1
20140612 1 5 4
20140612 6 2 1
20140612 7 5 1
20140612 7 4 1
20140612 1 9 7
20140612 3 1 7
20140612 9 8 2
20140612 2 5 3
20140613 5 2 3
20140613 7 4 3
20140613 7 1 3
20140613 4 3 2
20140613 4 3 5
20140613 4 5 3
20140613 3 4 2
20140613 2 4 6
20140613 9 5 3
20140613 3 5 2
20140613 3 2 7
20140613 2 9 1
20140613 5 7 3
20140614 1 2 6
20140614 4 7 5
20140614 2 5 6
20140614 6 5 2
20140614 1 4 7
20140614 2 3 1
20140614 7 1 5
20140614 5 3 1
20140614 5 2 1
20140614 4 2 1
20140614 5 1 2
20140614 1 7 9
20140623 9 1 2
20140623 9 7 4
20140623 5 3 9
20140623 1 5 2
20140623 2 5 9
20140623 2 4 3
20140623 3 2 4
20140623 1 2 5
20140623 5 7 3
20140623 1 3 6
20140623 1 3 2
20140624 1 9 6
20140624 5 3 1
20140624 1 8 7
20140624 7 2 3
20140624 7 2 1
20140624 9 2 1
20140624 7 9 2
20140624 3 9 1
20140624 9 3 1
20140624 9 1 3
20140624 5 3 9
20140625 6 2 1
20140625 2 7 5
20140625 5 9 1
20140625 2 9 5
20140625 2 5 9
20140625 2 5 9
20140625 1 5 4
20140625 9 2 1
20140625 1 5 2
20140625 3 5 1
20140625 1 6 3
20140702 4 1 7
20140702 2 7 5
20140702 1 5 3
20140702 2 1 7
20140702 7 4 2
20140702 3 9 2
20140702 7 5 8
20140702 3 5 8
20140702 7 1 2
20140702 1 9 3
20140703 7 2 5
20140703 4 5 2
20140703 2 6 3
20140703 5 4 2
20140703 7 1 4
20140703 3 5 1
20140703 7 9 5
20140703 3 2 8
20140703 3 5 9
20140703 5 1 3
20140704 7 3 5
20140704 5 4 1
20140704 1 2 3
20140704 4 1 5
20140704 1 3 7
20140704 7 8 1
20140704 2 5 3
20140704 7 2 5
20140704 3 4 7
20140704 6 1 9
20140708 3 4 2
20140708 1 5 4
20140708 3 1 7
20140708 7 5 1
20140708 3 2 1
20140708 4 2 5
20140708 3 2 7
20140708 2 9 5
20140708 3 9 4
20140708 3 9 7
20140708 7 2 8
20140709 7 2 3
20140709 5 6 1
20140709 5 3 2
20140709 2 5 3
20140709 1 5 2
20140709 1 7 9
20140709 3 7 5
20140709 5 9 8
20140709 9 1 5
20140709 9 1 3
20140710 2 3 5
20140710 5 4 1
20140710 2 7 3
20140710 5 2 7
20140710 5 9 2
20140710 7 1 9
20140710 1 7 5
20140710 7 5 2
20140710 4 7 2
20140710 2 4 5
20140726 7 9 2
20140726 9 3 1
20140726 1 2 7
20140726 3 7 5
20140726 7 3 8
20140726 7 5 1
20140726 7 9 3
20140726 7 1 6
20140726 5 3 4
20140726 6 7 3
20140726 5 3 1
20140726 1 9 7
20140727 3 5 2
20140727 3 7 6
20140727 9 3 8
20140727 3 5 2
20140727 9 5 2
20140727 7 1 6
20140727 7 6 1
20140727 8 3 6
20140727 3 4 7
20140727 3 4 1
20140727 2 1 7
20140727 7 2 3
20140727 2 6 1
20140728 1 7 9
20140728 1 7 6
20140728 2 8 5
20140728 1 5 7
20140728 7 3 1
20140728 7 9 5
20140728 3 2 1
20140728 3 4 2
20140728 7 5 1
20140728 2 8 1
20140728 9 5 7
20140728 1 9 5
20140729 2 5 3
20140729 6 3 2
20140729 9 4 6
20140729 9 2 7
20140729 4 1 5
20140729 7 5 9
20140729 7 2 1
20140729 7 2 3
20140729 8 1 7
20140729 3 9 7
20140729 4 1 7
20140805 3 7 1
20140805 2 7 3
20140805 3 1 2
20140805 6 2 3
20140805 5 3 1
20140805 5 1 7
20140805 1 3 7
20140805 5 3 1
20140805 3 9 7
20140805 8 3 9
20140806 1 5 7
20140806 3 7 1
20140806 4 3 5
20140806 5 1 7
20140806 1 2 7
20140806 5 9 6
20140806 3 8 5
20140806 2 9 4
20140806 2 3 1
20140806 5 9 1
20140807 5 4 6
20140807 3 7 5
20140807 5 7 1
20140807 6 4 5
20140807 3 5 9
20140807 2 5 8
20140807 2 5 7
20140807 2 3 1
20140807 7 3 5
20140807 1 6 2
20140817 3 1 5
20140817 6 7 2
20140817 5 1 2
20140817 2 1 5
20140817 7 4 1
20140817 1 7 2
20140817 3 7 1
20140817 9 5 3
20140817 8 7 3
20140817 6 4 9
20140818 3 1 5
20140818 2 3 7
20140818 4 3 5
20140818 3 7 1
20140818 3 4 2
20140818 5 6 1
20140818 1 5 7
20140818 1 5 6
20140818 1 7 5
20140818 3 5 8
20140819 3 1 2
20140819 7 5 1
20140819 7 5 4
20140819 2 3 1
20140819 7 9 4
20140819 2 7 8
20140819 2 9 3
20140819 7 5 2
20140819 2 5 1
20140819 5 3 1
20140830 7 3 9
20140830 3 2 1
20140830 4 2 5
20140830 9 4 7
20140830 7 1 2
20140830 3 5 1
20140830 7 3 9
20140830 5 2 1
20140830 5 2 8
20140830 7 6 3
20140830 9 2 8
20140831 7 6 4
20140831 1 4 3
20140831 7 1 6
20140831 9 1 7
20140831 2 9 8
20140831 7 5 1
20140831 3 9 4
20140831 4 8 3
20140831 3 1 5
20140831 1 5 9
20140831 1 3 4
20140901 7 5 2
20140901 9 7 4
20140901 9 2 5
20140901 9 1 3
20140901 4 9 3
20140901 5 2 1
20140901 2 8 3
20140901 2 7 1
20140901 2 8 4
20140901 3 7 1
20140901 5 1 3
20140905 5 3 2
20140905 3 4 6
20140905 2 3 4
20140905 2 5 4
20140905 1 7 3
20140905 3 1 6
20140905 5 3 1
20140905 7 1 4
20140905 7 1 5
20140905 3 5 4
20140905 7 3 4
20140905 5 2 6
20140905 3 4 2
20140906 3 1 2
20140906 7 3 6
20140906 7 3 2
20140906 7 5 3
20140906 4 5 7
20140906 7 1 5
20140906 4 6 5
20140906 1 2 4
20140906 7 9 3
20140906 5 2 4
20140906 9 1 3
20140906 1 3 7
20140907 1 5 6
20140907 5 1 7
20140907 5 7 3
20140907 4 3 5
20140907 1 6 7
20140907 7 4 3
20140907 9 1 3
20140907 1 5 3
20140907 7 2 5
20140907 3 2 5
20140907 1 3 2
20140907 3 5 9
20140915 4 7 3
20140915 7 6 3
20140915 1 2 4
20140915 7 2 1
20140915 4 3 2
20140915 9 2 4
20140915 5 7 2
20140915 1 7 5
20140915 3 5 1
20140915 9 4 3
20140916 5 2 7
20140916 7 1 3
20140916 1 3 5
20140916 4 7 5
20140916 3 1 7
20140916 5 7 8
20140916 7 1 3
20140916 5 8 3
20140916 3 1 8
20140916 1 2 8
20140917 3 7 2
20140917 7 2 4
20140917 3 1 7
20140917 3 1 5
20140917 8 3 1
20140917 9 1 3
20140917 2 7 4
20140917 9 7 8
20140917 3 2 4
20140917 4 2 9
20140920 5 7 9
20140920 5 9 7
20140920 5 3 4
20140920 1 9 7
20140920 7 3 1
20140920 1 3 5
20140920 5 3 1
20140920 1 2 6
20140920 3 5 9
20140920 7 9 4
20140920 3 7 6
20140920 3 2 5
20140921 3 5 1
20140921 3 7 8
20140921 5 7 8
20140921 3 9 6
20140921 1 2 3
20140921 3 5 4
20140921 7 1 2
20140921 1 3 8
20140921 9 1 2
20140921 7 3 4
20140921 2 1 3
20140922 9 1 8
20140922 7 2 5
20140922 7 2 3
20140922 4 2 6
20140922 5 9 1
20140922 1 9 5
20140922 2 9 6
20140922 7 2 9
20140922 5 1 3
20140922 2 3 9
20140922 3 9 5
20141008 5 2 3
20141008 5 3 2
20141008 4 7 3
20141008 7 4 2
20141008 1 7 4
20141008 9 1 3
20141008 2 3 6
20141008 3 2 7
20141008 9 1 5
20141008 2 3 5
20141009 1 5 4
20141009 2 7 1
20141009 1 5 6
20141009 1 5 3
20141009 3 4 2
20141009 7 4 1
20141009 3 7 8
20141009 5 2 8
20141009 9 1 6
20141009 3 5 9
20141010 1 7 5
20141010 3 5 4
20141010 4 3 5
20141010 7 1 2
20141010 1 2 9
20141010 2 5 7
20141010 9 1 3
20141010 9 3 1
20141010 3 4 2
20141010 3 7 1
20141010 4 7 2
20141018 8 3 9
20141018 5 1 7
20141018 7 2 4
20141018 3 1 2
20141018 1 3 7
20141018 7 1 8
20141018 9 4 7
20141018 1 5 9
20141018 2 9 3
20141018 1 8 2
20141018 9 8 1
20141019 2 3 5
20141019 5 9 1
20141019 3 9 4
20141019 9 5 2
20141019 3 5 7
20141019 3 5 9
20141019 2 5 7
20141019 2 7 9
20141019 1 4 3
20141019 5 1 7
20141019 2 5 7
20141020 6 5 3
20141020 3 1 7
20141020 7 9 1
20141020 5 8 2
20141020 8 2 3
20141020 2 8 9
20141020 3 2 7
20141020 7 2 3
20141020 9 1 3
20141020 2 5 7
20141020 5 2 1
20150416 1 3 5
20150416 6 3 9
20150416 3 2 1
20150416 3 7 9
20150416 9 5 3
20150416 4 3 5
20150416 3 9 2
20150416 1 6 2
20150416 5 3 7
20150416 7 2 6
20150416 1 3 5
20150417 5 2 9
20150417 2 9 1
20150417 8 7 9
20150417 5 4 7
20150417 9 3 8
20150417 2 8 9
20150417 2 8 9
20150417 2 9 4
20150417 2 9 3
20150417 4 3 9
20150417 7 5 3
20150418 9 1 7
20150418 9 2 3
20150418 4 1 2
20150418 1 7 2
20150418 2 9 7
20150418 2 3 7
20150418 2 5 9
20150418 3 9 5
20150418 8 9 1
20150418 7 3 9
20150418 1 2 8
20150422 5 9 2
20150422 3 1 5
20150422 9 1 4
20150422 3 1 7
20150422 1 9 2
20150422 9 4 1
20150422 7 2 3
20150422 3 2 9
20150422 3 9 1
20150422 7 2 4
20150422 4 6 9
20150423 7 3 5
20150423 3 2 9
20150423 2 9 5
20150423 3 1 8
20150423 2 9 1
20150423 2 9 6
20150423 5 1 3
20150423 4 1 6
20150423 9 1 7
20150423 1 9 7
20150423 1 9 3
20150423 9 1 4
20150424 5 1 4
20150424 5 3 4
20150424 1 2 8
20150424 7 5 2
20150424 9 3 2
20150424 6 2 4
20150424 2 5 3
20150424 2 3 4
20150424 9 3 1
20150424 2 5 9
20150424 7 1 3
20150519 1 7 3
20150519 1 4 7
20150519 4 1 5
20150519 2 5 1
20150519 1 5 3
20150519 1 5 7
20150519 1 5 7
20150519 3 8 9
20150519 9 4 3
20150519 1 9 5
20150520 3 2 7
20150520 1 5 4
20150520 1 7 2
20150520 2 3 4
20150520 7 1 3
20150520 3 9 7
20150520 3 7 5
20150520 5 3 9
20150520 1 3 7
20150520 9 1 4
20150521 1 4 7
20150521 2 1 5
20150521 4 3 5
20150521 7 4 3
20150521 5 4 7
20150521 1 5 2
20150521 9 1 7
20150521 9 7 2
20150521 5 1 7
20150521 7 1 4
20150527 3 2 7
20150527 5 2 3
20150527 7 3 4
20150527 3 1 7
20150527 5 1 7
20150527 7 2 9
20150527 1 7 3
20150527 7 9 1
20150527 5 9 2
20150527 1 6 9
20150528 4 2 3
20150528 7 2 4
20150528 5 1 2
20150528 7 4 2
20150528 4 1 5
20150528 8 5 2
20150528 3 9 2
20150528 2 3 1
20150528 3 1 5
20150528 5 2 7
20150529 6 2 4
20150529 4 1 2
20150529 4 2 3
20150529 7 1 3
20150529 5 8 1
20150529 5 1 3
20150529 3 9 2
20150529 1 2 5
20150529 7 4 5
20150529 8 3 1
