20120626 1 9 5
20120626 1 7 8
20120626 5 7 8
20120626 2 8 5
20120626 1 9 2
20120626 2 9 7
20120626 3 9 1
20120626 5 3 8
20120626 7 1 3
20120626 2 1 5
20120626 9 7 2
20120626 5 6 4
20120627 2 6 9
20120627 1 7 5
20120627 5 1 2
20120627 2 7 3
20120627 1 5 6
20120627 1 8 4
20120627 1 5 6
20120627 9 2 4
20120627 5 3 8
20120627 6 8 5
20120627 1 8 5
20120627 5 7 2
20120628 5 1 4
20120628 8 3 2
20120628 3 9 4
20120628 7 2 8
20120628 6 7 4
20120628 6 3 8
20120628 1 6 7
20120628 5 9 2
20120628 4 2 1
20120628 3 5 1
20120628 5 1 3
20120628 7 3 4
20120708 1 2 4
20120708 7 1 4
20120708 5 1 3
20120708 4 1 7
20120708 3 1 4
20120708 2 5 3
20120708 7 3 4
20120708 2 1 7
20120708 9 5 3
20120708 5 1 7
20120708 5 2 7
20120709 1 5 3
20120709 5 2 6
20120709 1 3 2
20120709 3 6 5
20120709 1 3 5
20120709 1 3 2
20120709 4 2 1
20120709 2 1 6
20120709 2 1 5
20120709 1 7 5
20120709 1 4 5
20120710 1 2 5
20120710 7 5 6
20120710 3 7 4
20120710 1 3 7
20120710 7 1 4
20120710 3 6 4
20120710 1 3 7
20120710 5 3 2
20120710 1 7 5
20120710 1 9 2
20120710 5 7 9
20120720 5 1 7
20120720 5 3 1
20120720 2 7 4
20120720 4 7 3
20120720 5 2 3
20120720 1 5 3
20120720 5 1 7
20120720 1 7 2
20120720 8 3 5
20120720 1 9 5
20120720 9 7 1
20120721 5 2 3
20120721 5 1 4
20120721 7 1 3
20120721 1 4 7
20120721 7 1 2
20120721 4 9 1
20120721 2 7 5
20120721 2 3 1
20120721 7 2 3
20120721 1 9 2
20120721 1 3 7
20120721 3 1 7
20120722 1 5 7
20120722 3 7 1
20120722 1 3 5
20120722 2 7 5
20120722 1 5 3
20120722 4 9 1
20120722 4 1 2
20120722 5 7 2
20120722 2 5 7
20120722 9 1 7
20120722 7 1 3
20120725 9 3 7
20120725 8 1 4
20120725 3 7 8
20120725 3 8 9
20120725 9 5 3
20120725 3 1 2
20120725 9 3 1
20120725 5 9 2
20120725 5 2 1
20120725 4 3 9
20120725 5 3 2
20120726 1 2 7
20120726 1 6 5
20120726 7 2 4
20120726 1 2 3
20120726 6 5 2
20120726 8 1 3
20120726 5 8 9
20120726 7 2 1
20120726 6 3 5
20120726 9 5 1
20120726 7 2 4
20120727 1 5 9
20120727 6 4 2
20120727 1 4 6
20120727 4 9 2
20120727 3 1 7
20120727 7 1 4
20120727 7 2 1
20120727 7 2 5
20120727 5 3 1
20120727 1 4 2
20120727 3 7 2
20120727 5 7 9
20120803 3 4 5
20120803 3 2 1
20120803 1 5 2
20120803 1 5 2
20120803 5 1 2
20120803 7 2 5
20120803 3 1 5
20120803 2 3 9
20120803 5 1 9
20120803 1 5 9
20120803 2 7 8
20120804 1 7 3
20120804 7 3 1
20120804 3 4 1
20120804 7 1 5
20120804 1 7 3
20120804 2 3 1
20120804 5 3 4
20120804 1 9 3
20120804 1 3 9
20120804 9 3 8
20120804 7 1 3
20120805 1 5 7
20120805 2 4 5
20120805 3 2 7
20120805 2 5 7
20120805 2 1 6
20120805 6 5 4
20120805 5 3 1
20120805 7 2 3
20120805 2 9 5
20120805 7 9 2
20120805 2 3 6
20120814 1 5 7
20120814 5 4 2
20120814 1 2 3
20120814 7 1 2
20120814 2 1 5
20120814 2 7 1
20120814 3 9 1
20120814 8 2 3
20120814 4 3 2
20120814 1 9 2
20120814 6 9 1
20120815 2 7 5
20120815 2 3 7
20120815 4 6 3
20120815 5 7 2
20120815 5 7 1
20120815 7 1 5
20120815 1 8 9
20120815 2 9 7
20120815 2 9 7
20120815 1 9 2
20120815 2 7 5
20120816 1 5 3
20120816 3 5 2
20120816 3 4 2
20120816 3 1 4
20120816 3 5 1
20120816 1 8 5
20120816 2 5 9
20120816 1 5 6
20120816 2 3 5
20120816 2 9 1
20120816 2 7 9
20120820 5 1 7
20120820 5 8 7
20120820 3 1 7
20120820 7 2 1
20120820 5 1 8
20120820 7 2 5
20120820 2 4 7
20120820 9 3 8
20120820 3 4 9
20120820 2 1 7
20120820 6 3 4
20120821 3 2 1
20120821 6 2 7
20120821 2 5 9
20120821 7 1 5
20120821 3 9 7
20120821 5 3 1
20120821 1 5 4
20120821 6 3 7
20120821 1 5 2
20120821 9 3 7
20120821 7 1 5
20120822 5 4 9
20120822 8 2 4
20120822 9 1 7
20120822 1 3 7
20120822 5 1 7
20120822 2 5 7
20120822 1 3 4
20120822 7 1 4
20120822 3 1 2
20120822 3 6 2
20120822 7 2 3
20120901 7 1 2
20120901 2 7 1
20120901 2 5 8
20120901 7 5 1
20120901 2 9 4
20120901 3 5 2
20120901 1 7 9
20120901 2 9 7
20120901 7 5 1
20120901 3 2 5
20120901 9 3 2
20120902 1 5 2
20120902 1 8 6
20120902 1 7 9
20120902 7 5 2
20120902 2 7 5
20120902 2 8 5
20120902 9 5 1
20120902 5 1 2
20120902 1 2 5
20120902 5 1 8
20120902 2 1 9
20120903 1 2 9
20120903 5 3 2
20120903 1 5 4
20120903 4 6 9
20120903 7 1 5
20120903 2 3 1
20120903 9 7 3
20120903 5 9 1
20120903 1 7 3
20120903 5 9 7
20120903 1 9 5
20120904 7 2 9
20120904 7 1 9
20120904 3 1 9
20120904 2 5 8
20120904 9 5 1
20120904 4 3 2
20120904 1 6 7
20120904 3 5 1
20120904 3 1 9
20120904 8 1 2
20120904 9 1 7
20120921 1 5 3
20120921 1 5 7
20120921 3 5 6
20120921 1 5 4
20120921 1 5 7
20120921 3 7 8
20120921 5 1 6
20120921 5 2 9
20120921 9 1 2
20120921 1 3 7
20120921 1 6 4
20120922 1 7 4
20120922 5 2 3
20120922 6 3 1
20120922 1 5 2
20120922 7 1 5
20120922 2 3 7
20120922 3 6 9
20120922 6 3 5
20120922 2 1 7
20120922 5 7 9
20120922 1 2 9
20120923 5 1 7
20120923 3 5 2
20120923 5 2 7
20120923 3 7 6
20120923 1 5 2
20120923 7 3 1
20120923 1 7 2
20120923 5 2 3
20120923 8 1 3
20120923 8 6 9
20120923 6 3 8
20121003 1 5 3
20121003 2 7 5
20121003 3 4 7
20121003 5 1 7
20121003 7 1 4
20121003 2 6 7
20121003 2 7 1
20121003 7 3 5
20121003 9 2 7
20121003 1 9 4
20121003 8 4 2
20121004 5 1 7
20121004 7 1 3
20121004 3 4 1
20121004 1 5 6
20121004 7 3 4
20121004 4 7 2
20121004 7 2 3
20121004 7 2 1
20121004 2 3 7
20121004 1 8 5
20121004 8 1 3
20121005 3 2 5
20121005 2 3 5
20121005 2 5 7
20121005 5 3 7
20121005 2 7 5
20121005 9 1 3
20121005 1 3 7
20121005 7 2 8
20121005 1 2 4
20121005 1 9 4
20121005 2 9 5
20121012 1 5 3
20121012 5 7 4
20121012 3 5 4
20121012 1 7 5
20121012 3 2 1
20121012 7 3 4
20121012 5 2 7
20121012 1 3 9
20121012 2 5 3
20121012 2 5 1
20121012 9 5 2
20121013 1 2 5
20121013 1 7 2
20121013 7 1 5
20121013 1 7 5
20121013 5 4 3
20121013 7 5 8
20121013 1 5 7
20121013 7 9 5
20121013 3 4 5
20121013 3 7 9
20121013 9 1 2
20121014 7 5 4
20121014 4 7 5
20121014 7 4 3
20121014 1 3 6
20121014 7 2 4
20121014 2 5 1
20121014 3 8 7
20121014 7 4 3
20121014 2 7 1
20121014 7 3 5
20121014 1 7 3
20121025 1 2 5
20121025 4 2 7
20121025 1 3 4
20121025 7 2 5
20121025 1 5 6
20121025 3 7 4
20121025 1 3 5
20121026 1 7 4
20121026 7 5 4
20121026 1 7 6
20121026 1 7 4
20121026 7 2 1
20121026 1 7 2
20121026 7 1 5
20121029 1 5 9
20121029 5 2 1
20121029 3 4 7
20121029 2 9 3
20121029 9 1 5
20121029 1 8 9
20121029 4 1 3
20121029 2 9 7
20121029 9 3 2
20121029 3 1 7
20121029 5 1 3
20121029 5 1 9
20121030 5 1 2
20121030 2 7 4
20121030 2 5 7
20121030 3 1 9
20121030 2 7 1
20121030 1 7 5
20121030 5 7 4
20121030 7 3 9
20121030 1 6 3
20121030 2 7 1
20121030 3 1 9
20121031 1 2 4
20121031 1 3 4
20121031 1 9 2
20121031 9 5 4
20121031 1 3 7
20121031 7 4 3
20121031 1 9 4
20121031 5 1 6
20121031 3 5 4
20121031 2 1 7
20121031 3 4 1
20130412 7 2 1
20130412 2 7 1
20130412 3 5 7
20130412 3 1 4
20130412 1 4 5
20130412 2 5 7
20130412 7 2 3
20130412 1 5 9
20130412 2 7 1
20130412 2 4 5
20130413 5 1 4
20130413 2 3 4
20130413 3 2 4
20130413 2 5 7
20130413 7 3 1
20130413 9 3 1
20130413 5 2 9
20130413 9 7 2
20130413 7 3 9
20130413 1 5 3
20130414 1 7 2
20130414 2 7 3
20130414 2 4 1
20130414 2 7 6
20130414 7 8 3
20130414 7 3 5
20130414 2 1 6
20130414 2 5 7
20130414 9 1 4
20130414 2 1 6
20130420 3 9 7
20130420 2 9 1
20130420 7 1 4
20130420 1 7 9
20130420 1 3 9
20130420 3 5 7
20130420 9 5 2
20130420 4 9 8
20130420 5 9 2
20130420 1 7 3
20130420 2 9 5
20130421 5 6 1
20130421 9 4 7
20130421 1 9 4
20130421 7 1 3
20130421 7 5 2
20130421 2 5 9
20130421 5 2 3
20130421 3 4 8
20130421 4 2 8
20130421 1 7 3
20130421 7 8 2
20130422 1 5 3
20130422 1 9 3
20130422 4 1 6
20130422 9 2 4
20130422 7 2 9
20130422 1 4 5
20130422 5 2 4
20130422 6 1 3
20130422 7 2 4
20130422 1 7 2
20130422 3 8 5
20130426 4 7 3
20130426 2 3 7
20130426 7 2 4
20130426 1 5 2
20130426 7 5 1
20130426 3 2 4
20130426 5 2 6
20130427 7 1 2
20130427 2 4 3
20130427 7 3 1
20130427 7 4 1
20130427 1 4 3
20130427 4 1 2
20130427 4 7 3
20130430 1 5 9
20130430 2 7 3
20130430 1 5 8
20130430 1 5 7
20130430 2 3 5
20130430 5 7 8
20130430 8 1 2
20130430 2 7 3
20130430 1 5 3
20130430 5 1 2
20130430 9 4 3
20130501 1 5 9
20130501 7 4 1
20130501 2 6 5
20130501 7 3 1
20130501 7 5 3
20130501 1 2 8
20130501 2 7 4
20130501 5 3 1
20130501 4 3 1
20130501 5 2 7
20130501 9 5 7
20130502 5 1 7
20130502 9 8 1
20130502 1 4 6
20130502 7 3 1
20130502 5 2 9
20130502 3 9 6
20130502 4 3 8
20130502 3 1 4
20130502 3 6 4
20130502 1 7 9
20130502 3 6 2
20130506 7 5 3
20130506 7 2 3
20130506 2 4 7
20130506 3 1 5
20130506 7 2 5
20130506 3 5 1
20130506 1 7 2
20130507 2 7 1
20130507 4 2 1
20130507 3 5 7
20130507 2 5 3
20130507 5 3 2
20130507 4 1 5
20130507 3 5 7
20130511 1 5 7
20130511 2 1 5
20130511 1 4 7
20130511 2 7 1
20130511 7 1 2
20130511 2 1 3
20130511 9 6 2
20130511 6 1 9
20130511 2 3 7
20130511 7 3 9
20130512 1 4 2
20130512 7 4 2
20130512 2 7 3
20130512 7 2 5
20130512 4 1 7
20130512 7 3 4
20130512 1 6 7
20130512 5 3 9
20130512 1 9 7
20130512 5 9 7
20130513 1 5 3
20130513 4 5 3
20130513 4 5 2
20130513 5 1 7
20130513 9 3 1
20130513 5 1 3
20130513 3 6 4
20130513 2 9 3
20130513 9 3 4
20130513 3 5 8
20130518 7 2 5
20130518 3 5 7
20130518 1 2 3
20130518 2 5 1
20130518 3 1 5
20130518 1 3 7
20130518 7 3 9
20130518 3 4 7
20130518 1 7 3
20130518 7 2 1
20130519 2 5 4
20130519 7 2 1
20130519 3 2 7
20130519 7 3 1
20130519 4 7 1
20130519 3 6 2
20130519 2 5 1
20130519 1 5 7
20130519 5 7 9
20130519 1 9 3
20130520 1 7 2
20130520 1 2 7
20130520 6 3 1
20130520 5 3 1
20130520 1 3 2
20130520 7 2 3
20130520 6 1 2
20130520 5 7 2
20130520 7 4 9
20130520 9 6 4
20130617 1 5 3
20130617 1 3 6
20130617 4 2 3
20130617 1 7 4
20130617 5 3 7
20130617 1 9 4
20130617 7 1 9
20130617 1 7 3
20130617 7 9 2
20130617 1 2 7
20130618 4 1 3
20130618 3 7 1
20130618 7 3 2
20130618 2 1 6
20130618 2 1 6
20130618 5 1 7
20130618 8 5 9
20130618 1 7 9
20130618 3 9 1
20130618 2 1 7
20130619 1 5 4
20130619 3 7 2
20130619 3 1 7
20130619 1 4 7
20130619 2 5 1
20130619 5 9 3
20130619 3 1 2
20130619 3 1 5
20130619 4 3 9
20130619 3 7 5
20130621 3 4 1
20130621 3 7 2
20130621 4 1 5
20130621 7 3 2
20130621 7 2 5
20130621 2 1 4
20130621 7 9 2
20130621 1 2 5
20130621 3 9 1
20130621 2 6 9
20130622 4 5 3
20130622 1 2 5
20130622 2 7 3
20130622 1 4 2
20130622 3 4 2
20130622 1 5 9
20130622 3 1 2
20130622 3 9 2
20130622 1 9 3
20130622 5 1 4
20130623 1 5 3
20130623 2 5 1
20130623 4 7 2
20130623 1 4 2
20130623 5 1 2
20130623 7 5 8
20130623 2 4 5
20130623 3 5 9
20130623 7 4 5
20130623 2 4 5
20130628 1 5 4
20130628 7 2 1
20130628 3 7 4
20130628 1 5 7
20130628 1 4 3
20130628 1 7 3
20130628 7 2 5
20130629 3 7 2
20130629 4 1 7
20130629 7 4 5
20130629 1 7 5
20130629 7 1 5
20130629 1 4 5
20130629 4 2 1
20130709 1 5 4
20130709 9 5 1
20130709 1 7 9
20130709 7 1 9
20130709 2 3 7
20130709 1 9 5
20130709 3 9 2
20130709 2 8 9
20130709 5 1 6
20130709 7 9 3
20130709 9 3 4
20130709 4 9 5
20130710 1 2 8
20130710 5 3 2
20130710 5 2 9
20130710 7 3 1
20130710 4 1 9
20130710 9 7 1
20130710 3 2 8
20130710 3 9 7
20130710 3 7 1
20130710 2 1 6
20130710 3 9 5
20130711 7 5 1
20130711 2 7 8
20130711 9 1 4
20130711 7 5 3
20130711 1 9 3
20130711 7 3 9
20130711 3 4 1
20130711 2 5 1
20130711 2 1 6
20130711 1 9 7
20130711 3 9 7
20130719 1 4 2
20130719 2 4 7
20130719 7 2 6
20130719 5 2 3
20130719 4 2 1
20130719 3 2 7
20130719 5 1 4
20130719 1 2 7
20130719 5 7 2
20130719 5 9 4
20130719 9 1 7
20130719 1 8 2
20130720 5 1 4
20130720 7 3 5
20130720 7 1 3
20130720 2 3 5
20130720 6 1 2
20130720 4 3 2
20130720 7 3 1
20130720 2 3 4
20130720 9 4 8
20130720 3 9 8
20130720 5 2 1
20130720 1 9 7
20130721 3 1 4
20130721 7 1 4
20130721 3 4 6
20130721 3 4 5
20130721 3 4 7
20130721 6 3 2
20130721 1 5 7
20130721 2 3 7
20130721 2 1 9
20130721 5 3 1
20130721 5 3 7
20130721 5 1 2
20130721 7 3 1
20130727 5 2 7
20130727 3 7 2
20130727 1 3 5
20130727 2 1 4
20130727 4 2 1
20130727 7 3 1
20130727 7 9 8
20130727 7 1 2
20130727 5 1 3
20130727 1 3 7
20130728 3 1 5
20130728 3 5 1
20130728 7 5 4
20130728 4 2 7
20130728 3 2 1
20130728 4 2 3
20130728 1 7 8
20130728 5 2 1
20130728 3 1 9
20130728 7 2 1
20130729 1 5 2
20130729 7 3 5
20130729 5 3 7
20130729 1 7 4
20130729 2 4 9
20130729 2 5 1
20130729 3 6 5
20130729 9 2 1
20130729 1 9 7
20130729 1 8 2
20130807 4 2 5
20130807 1 3 9
20130807 3 9 6
20130807 7 9 3
20130807 7 1 5
20130807 5 8 3
20130807 3 7 8
20130807 7 4 1
20130807 9 1 4
20130807 2 9 7
20130807 2 9 3
20130808 7 6 3
20130808 3 4 9
20130808 3 1 2
20130808 3 7 8
20130808 5 3 8
20130808 9 3 7
20130808 2 5 3
20130808 2 5 6
20130808 2 9 5
20130808 5 3 2
20130808 4 3 5
20130809 1 2 4
20130809 3 1 7
20130809 9 5 2
20130809 9 7 2
20130809 1 9 5
20130809 7 3 5
20130809 3 8 6
20130809 1 5 9
20130809 1 5 3
20130809 2 5 7
20130809 3 4 2
20130821 1 3 5
20130821 2 7 3
20130821 3 5 2
20130821 5 3 2
20130821 1 9 7
20130821 6 8 5
20130821 3 1 9
20130821 5 1 4
20130821 3 2 5
20130821 9 1 2
20130821 1 8 7
20130822 2 3 7
20130822 2 5 4
20130822 6 7 4
20130822 4 5 7
20130822 6 8 2
20130822 9 3 8
20130822 9 4 7
20130822 5 1 6
20130822 2 7 1
20130822 7 9 8
20130822 3 2 4
20130823 2 5 7
20130823 9 3 6
20130823 3 9 8
20130823 3 9 7
20130823 5 2 6
20130823 1 5 7
20130823 4 8 2
20130823 7 3 4
20130823 4 9 8
20130823 1 5 8
20130823 2 3 6
20130828 5 1 2
20130828 4 2 7
20130828 3 1 7
20130828 2 1 4
20130828 3 2 5
20130828 9 1 3
20130828 2 7 9
20130828 3 9 6
20130828 1 5 7
20130828 1 3 9
20130829 1 5 7
20130829 3 7 1
20130829 1 4 2
20130829 1 5 7
20130829 4 1 3
20130829 9 4 7
20130829 3 4 1
20130829 2 7 5
20130829 5 9 1
20130829 3 1 5
20130830 1 5 3
20130830 3 7 4
20130830 2 5 1
20130830 4 1 3
20130830 1 4 5
20130830 1 5 7
20130830 1 2 4
20130830 5 4 2
20130830 2 9 1
20130830 1 7 3
20130906 1 2 4
20130906 3 2 1
20130906 1 7 4
20130906 7 5 1
20130906 4 5 2
20130906 2 3 7
20130906 6 3 4
20130906 1 2 5
20130906 5 2 7
20130906 9 5 8
20130906 5 1 2
20130906 7 9 1
20130907 3 2 5
20130907 2 7 3
20130907 2 5 6
20130907 1 4 2
20130907 7 2 6
20130907 3 1 2
20130907 2 5 1
20130907 7 9 3
20130907 5 3 2
20130907 7 8 2
20130907 5 2 1
20130907 9 5 2
20130908 1 4 2
20130908 2 4 3
20130908 3 2 1
20130908 3 7 2
20130908 3 2 4
20130908 4 2 1
20130908 2 3 4
20130908 2 5 3
20130908 2 1 6
20130908 9 7 2
20130908 7 4 6
20130908 1 2 4
20130920 1 5 3
20130920 4 3 2
20130920 3 1 2
20130920 2 4 1
20130920 3 5 6
20130920 9 1 8
20130920 4 2 6
20130920 4 1 9
20130920 2 9 5
20130920 7 1 3
20130921 5 2 1
20130921 1 3 4
20130921 2 1 4
20130921 7 3 5
20130921 4 3 1
20130921 8 1 9
20130921 3 9 7
20130921 1 7 5
20130921 3 2 1
20130921 3 1 2
20130922 1 5 2
20130922 7 4 2
20130922 3 4 2
20130922 3 1 6
20130922 9 7 2
20130922 3 1 7
20130922 5 2 1
20130922 6 4 7
20130922 8 7 3
20130922 6 9 8
20130928 3 5 1
20130928 3 9 8
20130928 3 9 7
20130928 3 5 9
20130928 7 3 2
20130928 3 7 2
20130928 9 7 1
20130928 9 1 3
20130928 9 3 2
20130928 2 9 7
20130928 5 1 3
20130929 2 6 5
20130929 1 9 4
20130929 7 2 8
20130929 5 2 4
20130929 1 7 2
20130929 3 9 4
20130929 2 4 7
20130929 2 9 4
20130929 7 3 5
20130929 9 3 2
20130929 9 1 5
20130930 9 7 4
20130930 3 2 7
20130930 9 1 2
20130930 4 1 6
20130930 5 2 6
20130930 1 5 9
20130930 2 7 9
20130930 3 9 1
20130930 3 7 9
20130930 9 2 1
20130930 7 5 9
20131001 1 3 5
20131001 1 7 4
20131001 1 3 4
20131001 6 9 2
20131001 3 5 7
20131001 1 3 4
20131001 5 2 7
20131001 1 9 5
20131001 2 7 5
20131001 3 2 8
20131001 3 7 9
20131005 1 5 7
20131005 7 4 3
20131005 2 3 5
20131005 1 4 7
20131005 2 5 6
20131005 3 1 7
20131005 7 1 3
20131006 1 7 4
20131006 7 2 3
20131006 4 2 7
20131006 5 2 4
20131006 5 7 2
20131006 2 7 3
20131006 1 2 4
20131007 1 3 5
20131007 2 5 4
20131007 1 7 4
20131007 1 5 4
20131007 5 2 3
20131007 4 5 3
20131007 7 2 5
20131015 3 5 7
20131015 4 3 2
20131015 4 7 2
20131015 1 2 4
20131015 5 2 4
20131015 5 2 4
20131015 1 3 4
20131016 5 2 3
20131016 2 1 7
20131016 1 4 7
20131016 5 2 1
20131016 4 1 3
20131016 1 5 6
20131016 1 3 7
20131025 7 5 2
20131025 3 9 8
20131025 1 9 3
20131025 7 5 1
20131025 2 5 9
20131025 2 1 9
20131025 8 1 3
20131025 1 7 2
20131025 9 3 7
20131025 5 2 1
20131025 1 8 4
20131026 3 2 1
20131026 2 5 3
20131026 4 1 2
20131026 1 2 3
20131026 2 9 1
20131026 5 1 9
20131026 7 3 1
20131026 9 3 1
20131026 2 5 1
20131026 5 3 7
20131026 5 3 6
20131027 4 7 9
20131027 2 9 5
20131027 5 2 1
20131027 1 9 5
20131027 7 2 8
20131027 7 5 3
20131027 2 9 7
20131027 9 3 2
20131027 9 2 7
20131027 8 7 3
20131027 7 5 1
20131101 1 5 3
20131101 2 7 3
20131101 7 2 6
20131101 4 2 7
20131101 3 1 4
20131101 2 3 6
20131101 1 3 4
20131102 1 5 7
20131102 5 4 3
20131102 3 5 2
20131102 3 1 4
20131102 7 1 5
20131102 1 7 2
20131102 3 7 2
20131106 7 2 9
20131106 4 1 3
20131106 2 5 8
20131106 1 2 9
20131106 2 7 3
20131106 1 9 2
20131106 7 1 4
20131106 3 9 2
20131106 5 7 4
20131106 1 2 7
20131106 6 7 2
20131107 5 3 2
20131107 9 1 4
20131107 2 4 7
20131107 5 3 2
20131107 5 9 1
20131107 7 8 1
20131107 5 7 8
20131107 1 7 5
20131107 2 7 5
20131107 3 2 1
20131107 7 5 3
20131108 2 9 1
20131108 2 3 8
20131108 2 9 3
20131108 9 3 7
20131108 7 2 5
20131108 2 7 4
20131108 2 9 5
20131108 3 2 5
20131108 1 7 3
20131108 3 4 7
20131108 9 1 4
20140420 1 5 3
20140420 2 3 1
20140420 1 5 3
20140420 2 4 7
20140420 1 5 4
20140420 8 1 9
20140420 7 8 5
20140420 2 3 9
20140420 2 3 7
20140420 8 1 4
20140421 1 2 5
20140421 3 7 4
20140421 7 3 2
20140421 5 2 1
20140421 1 2 3
20140421 1 9 4
20140421 1 7 6
20140421 5 2 7
20140421 9 2 1
20140421 7 2 1
20140422 4 5 6
20140422 7 1 2
20140422 7 4 1
20140422 2 7 1
20140422 1 3 2
20140422 5 1 7
20140422 4 2 5
20140422 1 2 9
20140422 3 9 4
20140422 1 3 9
20140502 3 1 5
20140502 5 4 7
20140502 7 2 3
20140502 4 1 2
20140502 1 4 3
20140502 2 1 7
20140502 5 1 2
20140503 4 3 5
20140503 4 2 7
20140503 4 1 5
20140503 2 7 3
20140503 5 4 7
20140503 4 1 5
20140503 1 4 2
20140504 1 4 7
20140504 2 3 4
20140504 4 1 3
20140504 1 4 7
20140504 5 1 7
20140504 1 7 5
20140504 3 1 2
20140516 2 1 5
20140516 2 4 7
20140516 2 4 3
20140516 4 5 1
20140516 5 3 2
20140516 7 1 3
20140516 2 1 7
20140516 2 8 5
20140516 7 2 9
20140516 5 2 1
20140517 1 3 5
20140517 2 7 5
20140517 1 6 3
20140517 1 4 5
20140517 1 5 3
20140517 9 5 3
20140517 1 8 3
20140517 1 7 3
20140517 4 7 2
20140517 1 9 5
20140518 1 5 6
20140518 3 5 7
20140518 2 5 4
20140518 4 1 6
20140518 1 5 2
20140518 5 4 3
20140518 2 7 4
20140518 9 4 3
20140518 7 1 8
20140518 7 2 6
20140521 5 9 1
20140521 2 9 6
20140521 3 7 2
20140521 2 7 9
20140521 1 7 9
20140521 3 5 1
20140521 3 7 1
20140521 1 7 4
20140521 2 6 1
20140521 9 1 3
20140521 4 2 7
20140522 7 9 5
20140522 2 1 5
20140522 6 7 3
20140522 1 2 7
20140522 9 2 1
20140522 2 9 7
20140522 4 1 9
20140522 7 3 5
20140522 3 7 1
20140522 9 1 4
20140522 1 9 3
20140523 2 4 3
20140523 2 4 7
20140523 2 9 5
20140523 7 2 9
20140523 2 5 1
20140523 1 9 4
20140523 1 3 2
20140523 7 2 8
20140523 1 3 8
20140523 3 1 5
20140523 3 9 7
20140523 3 2 9
20140529 5 1 7
20140529 3 7 2
20140529 5 2 4
20140529 2 7 1
20140529 7 3 4
20140529 7 1 2
20140529 2 7 3
20140530 3 5 4
20140530 2 3 7
20140530 5 1 7
20140530 1 7 4
20140530 3 4 7
20140530 3 2 4
20140530 3 7 1
20140531 1 5 7
20140531 2 7 4
20140531 4 3 5
20140531 2 3 7
20140531 2 1 7
20140531 7 1 3
20140531 1 5 2
20140605 1 2 4
20140605 7 1 3
20140605 5 1 2
20140605 5 1 3
20140605 3 2 1
20140605 7 1 4
20140605 5 2 4
20140606 7 6 4
20140606 4 2 6
20140606 6 1 4
20140606 4 5 3
20140606 2 1 7
20140606 1 3 7
20140606 4 7 2
20140607 6 2 7
20140607 2 1 5
20140607 4 3 7
20140607 1 2 5
20140607 3 7 5
20140607 3 5 1
20140607 3 2 6
20140612 1 2 6
20140612 5 7 4
20140612 1 7 5
20140612 2 5 3
20140612 1 7 3
20140612 2 5 7
20140612 3 1 2
20140613 3 7 1
20140613 5 4 2
20140613 1 3 5
20140613 1 3 7
20140613 5 1 4
20140613 3 7 2
20140613 2 3 5
20140614 1 5 3
20140614 3 1 2
20140614 4 5 3
20140614 2 7 1
20140614 1 5 7
20140614 4 1 7
20140614 3 2 7
20140618 2 4 1
20140618 1 2 9
20140618 7 4 1
20140618 8 9 2
20140618 1 3 8
20140618 1 8 7
20140618 7 1 4
20140618 5 9 8
20140618 3 7 1
20140618 3 8 1
20140618 2 1 5
20140619 1 5 2
20140619 9 3 4
20140619 1 7 5
20140619 5 3 7
20140619 9 5 2
20140619 2 5 1
20140619 2 7 4
20140619 5 9 2
20140619 7 3 1
20140619 5 9 2
20140619 1 7 9
20140620 2 9 4
20140620 5 3 9
20140620 7 2 6
20140620 7 3 2
20140620 4 9 7
20140620 1 5 9
20140620 1 9 5
20140620 2 8 9
20140620 9 3 1
20140620 3 6 4
20140620 6 9 3
20140625 1 4 5
20140625 1 3 2
20140625 7 1 3
20140625 5 4 7
20140625 2 3 1
20140625 7 5 6
20140625 7 9 2
20140625 1 3 7
20140625 1 5 3
20140625 5 1 2
20140626 2 7 3
20140626 5 3 7
20140626 2 5 3
20140626 5 2 1
20140626 4 5 1
20140626 3 7 5
20140626 2 3 4
20140626 3 6 1
20140626 2 9 7
20140626 9 1 7
20140627 3 1 5
20140627 5 3 4
20140627 3 2 4
20140627 1 5 2
20140627 5 9 8
20140627 9 2 3
20140627 7 4 2
20140627 2 9 8
20140627 7 1 3
20140627 4 3 7
20140630 5 1 3
20140630 5 7 9
20140630 7 2 3
20140630 2 3 5
20140630 1 9 7
20140630 2 5 9
20140630 5 2 7
20140630 2 8 1
20140630 2 7 8
20140630 2 9 4
20140630 3 2 4
20140701 1 2 7
20140701 1 3 9
20140701 5 4 2
20140701 9 1 3
20140701 2 5 9
20140701 7 2 5
20140701 5 9 6
20140701 5 1 3
20140701 2 1 7
20140701 9 2 1
20140701 5 1 7
20140702 3 4 1
20140702 2 3 8
20140702 7 5 4
20140702 7 5 9
20140702 3 1 7
20140702 7 3 9
20140702 3 4 6
20140702 1 3 2
20140702 8 2 7
20140702 9 5 1
20140702 1 7 5
20140710 1 5 7
20140710 2 6 3
20140710 3 2 4
20140710 1 4 6
20140710 4 2 7
20140710 4 2 5
20140710 2 3 6
20140711 7 1 5
20140711 1 6 4
20140711 7 1 5
20140711 2 5 6
20140711 5 1 3
20140711 3 7 2
20140711 4 2 3
20140712 7 4 2
20140712 6 7 5
20140712 3 6 5
20140712 3 1 7
20140712 4 2 7
20140712 1 2 3
20140712 7 3 6
20140718 4 1 7
20140718 7 2 3
20140718 3 7 2
20140718 1 7 2
20140718 4 1 7
20140718 7 2 6
20140718 7 2 1
20140719 5 1 7
20140719 3 7 2
20140719 3 5 6
20140719 7 2 3
20140719 7 4 1
20140719 1 4 5
20140719 5 1 7
20140720 2 1 5
20140720 1 3 4
20140720 2 7 4
20140720 1 2 6
20140720 3 7 2
20140720 5 3 2
20140720 1 3 2
20140811 1 5 2
20140811 5 4 2
20140811 1 3 7
20140811 4 5 7
20140811 7 1 6
20140811 2 9 3
20140811 1 5 9
20140811 5 1 9
20140811 7 3 9
20140811 1 9 7
20140811 1 6 3
20140812 5 2 7
20140812 2 4 6
20140812 2 7 4
20140812 2 3 7
20140812 3 1 4
20140812 2 5 8
20140812 5 9 1
20140812 9 2 7
20140812 1 2 9
20140812 9 2 8
20140813 1 5 2
20140813 1 6 4
20140813 3 7 1
20140813 4 7 1
20140813 9 7 4
20140813 5 4 2
20140813 2 6 1
20140813 3 9 1
20140813 3 9 7
20140813 1 4 2
20140825 3 5 6
20140825 7 1 5
20140825 9 2 7
20140825 1 3 7
20140825 1 7 9
20140825 5 1 6
20140825 2 9 1
20140825 1 9 3
20140825 3 1 9
20140825 1 7 9
20140825 7 4 3
20140826 3 1 5
20140826 2 6 5
20140826 1 3 9
20140826 1 9 8
20140826 1 3 7
20140826 2 9 7
20140826 2 4 1
20140826 1 3 2
20140826 7 4 2
20140826 1 3 8
20140826 9 5 2
20140827 4 8 3
20140827 3 9 5
20140827 5 3 7
20140827 1 9 5
20140827 1 7 9
20140827 2 7 4
20140827 7 1 2
20140827 6 5 8
20140827 8 1 9
20140827 3 6 2
20140827 1 7 2
20140903 1 2 4
20140903 9 2 8
20140903 1 5 7
20140903 3 7 1
20140903 9 1 3
20140903 9 4 3
20140903 1 5 7
20140903 7 2 8
20140903 3 7 1
20140903 9 1 7
20140903 2 7 1
20140904 1 5 8
20140904 7 2 5
20140904 6 5 3
20140904 1 5 6
20140904 1 5 7
20140904 9 2 4
20140904 9 7 8
20140904 9 1 2
20140904 2 3 6
20140904 4 7 1
20140904 7 5 1
20140905 1 5 3
20140905 7 2 3
20140905 5 3 1
20140905 2 9 5
20140905 2 1 4
20140905 1 8 3
20140905 5 2 9
20140905 1 2 7
20140905 2 5 9
20140905 2 5 3
20140905 7 9 1
20140910 5 1 3
20140910 7 6 5
20140910 2 6 4
20140910 5 3 4
20140910 3 1 5
20140910 1 7 3
20140910 5 2 3
20140911 2 3 4
20140911 7 4 2
20140911 2 6 1
20140911 5 4 2
20140911 5 1 6
20140911 7 2 4
20140911 5 1 4
20140912 4 7 2
20140912 7 2 4
20140912 7 2 1
20140912 5 4 7
20140912 4 2 5
20140912 5 7 2
20140912 5 7 6
20140927 9 4 3
20140927 8 2 3
20140927 9 2 7
20140927 3 1 5
20140927 1 3 4
20140927 1 7 2
20140927 2 7 3
20140927 7 1 8
20140927 1 5 9
20140927 5 3 1
20140927 2 9 5
20140927 7 3 5
20140928 2 4 5
20140928 3 9 8
20140928 4 3 1
20140928 9 1 5
20140928 9 3 1
20140928 1 9 8
20140928 7 3 2
20140928 7 2 5
20140928 5 2 7
20140928 1 7 5
20140928 1 9 2
20140928 9 1 4
20140929 1 7 6
20140929 4 8 1
20140929 5 9 2
20140929 3 9 7
20140929 1 4 5
20140929 2 7 9
20140929 3 9 2
20140929 3 7 1
20140929 9 2 1
20140929 2 5 6
20140929 9 1 6
20140929 2 9 4
20140930 1 2 5
20140930 4 5 2
20140930 2 7 3
20140930 4 2 3
20140930 2 1 8
20140930 7 3 9
20140930 2 9 4
20140930 5 9 1
20140930 7 2 4
20140930 8 7 5
20140930 1 9 5
20141006 3 7 1
20141006 2 3 4
20141006 7 5 3
20141006 9 1 2
20141006 7 5 3
20141006 2 5 1
20141006 5 2 3
20141006 2 9 4
20141006 2 9 6
20141006 2 1 3
20141006 1 9 4
20141007 3 5 7
20141007 9 4 3
20141007 7 2 8
20141007 3 2 7
20141007 2 9 7
20141007 3 9 2
20141007 3 8 5
20141007 7 1 2
20141007 1 5 9
20141007 5 7 8
20141007 5 1 3
20141008 1 8 5
20141008 3 1 5
20141008 1 2 9
20141008 6 5 3
20141008 5 1 2
20141008 7 1 9
20141008 9 4 5
20141008 7 2 9
20141008 9 2 3
20141008 5 4 1
20141008 1 7 3
20141011 7 1 5
20141011 2 8 3
20141011 5 7 2
20141011 1 9 7
20141011 7 1 8
20141011 1 4 6
20141011 6 5 2
20141011 7 3 1
20141011 2 9 5
20141011 1 7 2
20141011 9 5 3
20141011 1 2 7
20141012 8 9 1
20141012 3 2 6
20141012 1 3 7
20141012 3 7 9
20141012 2 1 5
20141012 2 5 7
20141012 4 5 1
20141012 3 7 1
20141012 5 3 2
20141012 1 7 5
20141012 5 1 8
20141012 9 2 3
20141013 6 3 4
20141013 2 7 5
20141013 1 7 5
20141013 1 2 7
20141013 7 6 3
20141013 1 4 7
20141013 1 8 7
20141013 7 9 1
20141013 2 9 1
20141013 4 1 7
20141013 7 2 3
20141013 2 1 3
20141015 1 5 3
20141015 2 7 6
20141015 7 1 3
20141015 4 5 6
20141015 7 2 3
20141015 3 4 7
20141015 2 3 4
20141016 1 5 2
20141016 7 5 1
20141016 1 5 2
20141016 1 7 6
20141016 1 5 7
20141016 1 2 3
20141016 4 1 3
20141017 1 2 4
20141017 4 1 7
20141017 7 2 5
20141017 4 7 1
20141017 1 5 2
20141017 3 7 5
20141017 1 3 5
20141022 1 5 3
20141022 7 2 4
20141022 5 3 1
20141022 1 4 7
20141022 2 5 7
20141022 1 7 4
20141022 1 7 5
20141023 1 4 6
20141023 7 2 3
20141023 7 1 5
20141023 5 2 4
20141023 1 6 2
20141023 1 3 4
20141023 1 4 3
20141023 7 1 2
20141024 2 3 7
20141024 2 1 3
20141024 5 1 4
20141024 7 3 1
20141024 7 1 3
20141024 1 6 4
20141024 1 6 4
20141029 1 7 5
20141029 4 3 1
20141029 1 4 6
20141029 1 7 2
20141029 2 5 4
20141029 9 5 1
20141029 7 5 8
20141029 3 9 7
20141029 9 3 5
20141029 8 3 6
20141030 5 1 7
20141030 5 1 6
20141030 4 3 7
20141030 1 7 5
20141030 5 2 3
20141030 3 4 2
20141030 1 7 3
20141030 2 1 4
20141030 5 9 2
20141030 1 9 4
20141031 7 5 1
20141031 6 7 4
20141031 7 3 4
20141031 1 7 2
20141031 1 5 4
20141031 9 2 6
20141031 1 7 5
20141031 4 3 9
20141031 5 2 1
20141031 3 6 1
20141104 5 7 4
20141104 1 7 2
20141104 7 1 3
20141104 7 4 2
20141104 1 5 4
20141104 5 9 3
20141104 1 3 9
20141104 7 8 3
20141104 1 8 7
20141104 9 4 2
20141105 2 7 1
20141105 5 3 2
20141105 1 5 7
20141105 5 1 6
20141105 2 7 1
20141105 2 1 7
20141105 3 9 5
20141105 1 4 8
20141105 7 2 8
20141105 7 1 9
20141106 1 2 6
20141106 4 5 1
20141106 4 3 2
20141106 5 7 3
20141106 8 3 4
20141106 2 1 7
20141106 3 5 4
20141106 9 1 2
20141106 2 8 3
20141106 1 3 8
20150424 4 2 7
20150424 3 2 4
20150424 4 1 5
20150424 2 7 4
20150424 3 1 4
20150424 3 6 5
20150424 1 9 7
20150424 9 7 3
20150424 3 7 9
20150424 4 1 8
20150425 3 7 2
20150425 7 1 4
20150425 1 2 7
20150425 5 2 6
20150425 2 5 6
20150425 4 1 5
20150425 4 1 5
20150425 3 2 9
20150425 2 9 3
20150425 9 8 3
20150426 2 3 4
20150426 1 7 3
20150426 7 2 4
20150426 5 3 7
20150426 8 2 1
20150426 2 5 8
20150426 3 1 6
20150426 3 8 1
20150426 1 3 7
20150426 9 1 8
20150501 5 1 7
20150501 1 7 5
20150501 1 4 2
20150501 3 5 1
20150501 3 2 1
20150501 1 7 5
20150501 1 2 3
20150502 4 7 3
20150502 2 4 5
20150502 7 6 3
20150502 2 1 4
20150502 1 7 5
20150502 2 4 7
20150502 3 5 2
20150503 3 7 1
20150503 6 4 5
20150503 5 3 2
20150503 2 7 6
20150503 3 5 4
20150503 7 1 5
20150503 5 4 1
20150507 1 7 6
20150507 2 6 1
20150507 3 4 2
20150507 1 2 5
20150507 1 7 5
20150507 4 7 1
20150507 2 5 3
20150508 1 3 5
20150508 1 4 7
20150508 3 5 6
20150508 2 1 5
20150508 7 6 3
20150508 7 3 1
20150508 4 6 3
20150509 5 1 2
20150509 5 2 3
20150509 4 3 7
20150509 1 4 2
20150509 7 2 4
20150509 1 3 2
20150509 1 2 7
20150513 4 5 7
20150513 2 6 5
20150513 7 3 4
20150513 4 2 6
20150513 2 4 7
20150513 1 2 7
20150513 7 1 3
20150514 4 1 5
20150514 5 3 1
20150514 7 2 5
20150514 2 1 6
20150514 2 5 4
20150514 1 2 5
20150514 5 1 2
20150515 5 4 7
20150515 7 5 3
20150515 2 1 4
20150515 1 4 5
20150515 3 5 7
20150515 4 7 2
20150515 5 1 4
20150520 5 6 1
20150520 5 2 7
20150520 9 4 3
20150520 2 3 8
20150520 1 9 5
20150520 9 3 6
20150520 7 2 5
20150520 6 7 1
20150520 5 9 1
20150520 1 7 9
20150520 5 8 1
20150521 1 9 2
20150521 7 2 1
20150521 9 5 1
20150521 3 9 2
20150521 3 9 7
20150521 9 8 5
20150521 3 2 8
20150521 1 3 7
20150521 1 5 2
20150521 2 5 3
20150521 1 2 9
20150522 1 6 5
20150522 2 5 8
20150522 9 8 7
20150522 2 1 8
20150522 1 9 6
20150522 2 5 6
20150522 2 3 5
20150522 2 1 9
20150522 6 8 1
20150522 7 1 5
20150522 2 3 8
20150605 7 3 1
20150605 2 9 5
20150605 3 9 7
20150605 3 5 9
20150605 3 1 7
20150605 3 1 5
20150605 7 3 5
20150605 1 5 7
20150605 3 5 9
20150605 2 8 3
20150605 3 4 5
20150606 1 5 6
20150606 3 7 8
20150606 5 3 8
20150606 3 7 5
20150606 9 4 5
20150606 7 1 8
20150606 4 8 5
20150606 2 3 1
20150606 7 9 3
20150606 2 5 7
20150606 4 9 5
20150607 8 3 1
20150607 3 9 1
20150607 3 9 5
20150607 5 6 9
20150607 5 8 1
20150607 3 8 5
20150607 7 2 3
20150607 5 9 1
20150607 9 1 3
20150607 7 1 3
20150607 3 5 4
20150607 7 3 9
20150610 5 1 7
20150610 3 5 1
20150610 3 5 4
20150610 2 5 3
20150610 3 1 5
20150610 2 1 5
20150610 3 4 7
