20120102 3 1 4
20120102 1 5 9
20120102 7 3 5
20120102 2 5 1
20120102 7 3 1
20120102 8 2 3
20120102 1 7 2
20120102 7 1 9
20120102 7 8 9
20120102 1 3 9
20120102 5 2 3
20120102 3 7 4
20120103 7 1 9
20120103 7 5 3
20120103 2 1 5
20120103 6 2 9
20120103 3 1 2
20120103 1 9 7
20120103 7 2 3
20120103 2 1 9
20120103 1 7 8
20120103 3 7 1
20120103 5 3 8
20120103 2 7 4
20120104 3 5 7
20120104 4 6 1
20120104 7 3 2
20120104 3 2 5
20120104 7 2 1
20120104 3 5 7
20120104 5 2 7
20120104 8 7 3
20120104 9 3 2
20120104 7 8 1
20120104 5 1 8
20120104 2 1 7
20120121 1 7 3
20120121 3 6 7
20120121 9 5 7
20120121 3 9 7
20120121 4 2 9
20120121 1 8 6
20120121 5 3 1
20120121 1 7 9
20120121 3 5 9
20120121 2 9 6
20120121 3 1 5
20120122 1 3 7
20120122 8 3 5
20120122 5 2 8
20120122 2 1 6
20120122 8 1 2
20120122 7 1 4
20120122 5 1 9
20120122 7 2 5
20120122 9 3 6
20120122 1 3 2
20120122 3 1 5
20120122 5 1 2
20120123 4 1 2
20120123 9 3 7
20120123 3 9 7
20120123 1 9 4
20120123 8 2 7
20120123 2 1 7
20120123 2 7 4
20120123 7 1 3
20120123 2 1 3
20120123 3 2 8
20120123 1 7 9
20120124 1 8 7
20120124 4 1 7
20120124 6 5 3
20120124 3 7 9
20120124 2 6 3
20120124 1 2 3
20120124 5 6 4
20120124 3 5 2
20120124 8 2 7
20120124 3 9 7
20120124 8 3 1
20120215 1 7 5
20120215 2 7 9
20120215 3 9 7
20120215 9 4 2
20120215 3 9 2
20120215 3 8 6
20120215 7 2 1
20120215 1 5 3
20120215 3 2 9
20120215 3 5 2
20120215 1 9 2
20120215 2 3 8
20120216 5 4 3
20120216 7 4 5
20120216 3 1 9
20120216 7 2 9
20120216 9 4 5
20120216 9 5 4
20120216 5 4 7
20120216 5 7 4
20120216 4 8 7
20120216 4 7 1
20120216 4 3 8
20120216 9 2 4
20120216 3 8 9
20120216 2 7 5
20120217 3 9 5
20120217 3 5 9
20120217 7 2 3
20120217 1 9 7
20120217 9 2 5
20120217 5 3 2
20120217 1 9 4
20120217 7 2 1
20120217 4 1 2
20120217 2 4 3
20120217 5 1 8
20120217 3 6 1
20120223 1 6 7
20120223 2 4 7
20120223 3 5 1
20120223 5 2 3
20120223 7 1 5
20120223 2 5 3
20120223 7 2 1
20120223 2 6 3
20120223 9 3 4
20120223 1 3 7
20120223 3 2 6
20120224 1 3 6
20120224 4 2 6
20120224 7 4 1
20120224 7 1 3
20120224 5 7 6
20120224 4 1 5
20120224 3 2 9
20120224 3 6 1
20120224 7 3 5
20120224 6 5 3
20120224 3 1 9
20120225 1 2 7
20120225 2 7 4
20120225 7 1 2
20120225 5 1 2
20120225 2 7 4
20120225 7 2 6
20120225 7 3 5
20120225 5 6 2
20120225 1 5 9
20120225 3 1 2
20120225 1 9 3
20120310 4 1 3
20120310 5 4 2
20120310 7 4 1
20120310 3 1 5
20120310 1 2 3
20120310 9 7 3
20120310 9 3 2
20120310 5 7 1
20120310 2 5 1
20120310 2 5 1
20120310 2 5 9
20120310 7 2 9
20120311 7 5 3
20120311 7 5 3
20120311 3 7 2
20120311 5 2 3
20120311 3 1 2
20120311 9 5 3
20120311 1 7 3
20120311 2 3 6
20120311 2 4 1
20120311 9 7 2
20120311 3 2 5
20120312 1 7 4
20120312 2 5 1
20120312 3 1 2
20120312 3 7 5
20120312 6 5 9
20120312 2 7 3
20120312 1 5 4
20120312 6 3 2
20120312 7 1 3
20120312 7 5 2
20120312 7 5 1
20120321 1 2 5
20120321 5 9 1
20120321 1 9 3
20120321 7 1 5
20120321 9 5 3
20120321 2 7 4
20120321 4 3 9
20120321 3 1 7
20120321 3 9 2
20120321 5 2 7
20120321 9 3 2
20120321 7 9 3
20120322 1 7 9
20120322 9 3 1
20120322 9 3 4
20120322 5 3 9
20120322 1 7 9
20120322 3 1 9
20120322 2 8 1
20120322 1 7 3
20120322 7 5 2
20120322 9 3 2
20120322 2 6 9
20120322 9 2 1
20120323 2 3 9
20120323 3 9 7
20120323 3 7 1
20120323 3 5 7
20120323 4 2 1
20120323 2 5 8
20120323 1 9 5
20120323 2 7 9
20120323 3 9 6
20120323 2 1 9
20120323 7 1 9
20120323 2 5 7
20120412 5 1 2
20120412 2 5 4
20120412 3 7 1
20120412 2 1 7
20120412 3 1 4
20120412 7 1 2
20120412 1 7 9
20120412 9 1 7
20120412 3 9 2
20120412 2 1 5
20120412 4 5 1
20120413 7 1 2
20120413 5 2 1
20120413 3 2 7
20120413 2 3 1
20120413 2 5 7
20120413 7 5 1
20120413 1 9 7
20120413 1 6 2
20120413 2 7 3
20120413 4 2 1
20120413 9 1 5
20120414 1 7 3
20120414 2 5 4
20120414 5 1 4
20120414 3 4 5
20120414 2 4 5
20120414 1 9 2
20120414 2 7 9
20120414 2 1 5
20120414 5 1 8
20120414 7 4 1
20120414 7 4 1
20120518 1 7 3
20120518 4 2 7
20120518 5 2 3
20120518 1 4 5
20120518 2 3 5
20120518 9 3 1
20120518 2 3 9
20120518 7 2 8
20120518 1 9 7
20120518 1 4 9
20120518 9 1 3
20120519 1 7 2
20120519 4 2 3
20120519 5 1 3
20120519 3 2 1
20120519 1 3 2
20120519 2 9 5
20120519 5 2 8
20120519 1 8 2
20120519 1 2 7
20120519 1 2 7
20120519 5 1 2
20120520 1 5 3
20120520 3 5 7
20120520 2 3 1
20120520 6 4 3
20120520 1 9 3
20120520 9 5 1
20120520 3 7 1
20120520 1 2 7
20120520 7 3 2
20120520 7 3 1
20120520 3 2 4
20120602 1 5 2
20120602 1 5 3
20120602 5 3 2
20120602 1 7 3
20120602 3 1 5
20120602 9 1 5
20120602 3 1 8
20120602 7 5 9
20120602 2 1 9
20120602 1 7 2
20120602 6 3 4
20120603 1 6 7
20120603 5 1 6
20120603 7 1 2
20120603 2 4 3
20120603 1 7 5
20120603 5 3 7
20120603 2 7 5
20120603 5 2 9
20120603 9 3 1
20120603 3 9 7
20120603 5 3 1
20120604 1 6 5
20120604 3 5 7
20120604 2 7 1
20120604 1 2 5
20120604 9 3 4
20120604 7 9 2
20120604 9 7 2
20120604 2 5 1
20120604 9 2 7
20120604 2 5 7
20120604 3 5 7
20120604 5 8 1
20120608 7 1 6
20120608 6 5 3
20120608 3 5 7
20120608 1 5 9
20120608 2 4 8
20120608 5 7 2
20120608 3 5 4
20120608 4 2 3
20120608 5 8 7
20120608 1 9 4
20120608 2 5 9
20120608 5 6 9
20120609 7 1 3
20120609 1 2 7
20120609 1 4 5
20120609 7 1 8
20120609 3 5 1
20120609 1 7 2
20120609 8 7 5
20120609 4 9 2
20120609 9 1 5
20120609 2 3 9
20120609 2 7 5
20120609 4 1 5
20120610 9 8 2
20120610 2 9 3
20120610 2 3 4
20120610 2 5 3
20120610 1 3 5
20120610 9 2 5
20120610 9 2 7
20120610 1 9 6
20120610 3 8 9
20120610 2 1 8
20120610 2 9 1
20120610 3 9 1
20120713 5 3 1
20120713 2 5 1
20120713 7 2 5
20120713 7 3 2
20120713 1 4 5
20120713 9 3 6
20120713 8 3 5
20120713 3 5 9
20120713 9 1 2
20120713 7 1 5
20120713 6 9 1
20120714 5 7 3
20120714 2 7 5
20120714 2 7 1
20120714 3 4 1
20120714 1 3 7
20120714 5 2 9
20120714 2 5 7
20120714 5 6 4
20120714 3 2 7
20120714 7 2 9
20120714 7 1 9
20120715 1 4 2
20120715 2 1 4
20120715 2 5 4
20120715 3 1 6
20120715 1 7 4
20120715 3 7 2
20120715 2 8 3
20120715 3 4 5
20120715 2 3 8
20120715 1 6 5
20120715 1 3 2
20120810 2 4 9
20120810 8 5 1
20120810 1 2 9
20120810 1 9 8
20120810 5 2 3
20120810 7 9 1
20120810 2 7 3
20120810 5 8 2
20120810 3 7 2
20120810 7 3 4
20120810 1 3 7
20120811 1 5 8
20120811 7 2 4
20120811 9 1 4
20120811 5 1 3
20120811 5 2 4
20120811 7 4 1
20120811 3 1 9
20120811 1 8 5
20120811 3 9 2
20120811 2 7 9
20120811 9 2 1
20120812 1 5 9
20120812 2 8 4
20120812 9 5 2
20120812 3 2 7
20120812 1 7 5
20120812 7 2 8
20120812 3 7 1
20120812 3 7 8
20120812 1 7 2
20120812 2 1 6
20120812 1 7 4
20120907 7 1 3
20120907 4 5 7
20120907 3 5 4
20120907 3 1 7
20120907 2 5 7
20120907 2 3 1
20120907 2 4 9
20120907 3 7 1
20120907 1 5 3
20120907 2 7 9
20120907 1 9 8
20120908 5 2 3
20120908 7 1 5
20120908 3 5 2
20120908 3 5 7
20120908 1 7 2
20120908 9 2 1
20120908 5 2 3
20120908 1 2 4
20120908 2 5 3
20120908 3 2 4
20120908 7 5 9
20120909 1 2 3
20120909 3 5 2
20120909 1 5 2
20120909 7 5 1
20120909 7 6 4
20120909 9 1 2
20120909 1 2 6
20120909 2 4 9
20120909 7 3 5
20120909 1 3 2
20120909 1 8 5
20121025 5 2 1
20121025 2 3 5
20121025 2 5 7
20121025 1 3 5
20121025 2 1 5
20121025 8 3 2
20121025 3 9 7
20121025 2 5 3
20121025 5 3 9
20121025 9 7 2
20121025 5 4 7
20121026 7 5 3
20121026 1 4 2
20121026 3 1 7
20121026 2 7 5
20121026 1 7 5
20121026 2 7 1
20121026 5 9 1
20121026 5 9 3
20121026 1 4 9
20121026 3 7 6
20121026 3 1 7
20121027 5 1 7
20121027 5 2 7
20121027 3 4 7
20121027 3 2 1
20121027 1 4 2
20121027 9 3 2
20121027 7 1 3
20121027 1 6 2
20121027 7 8 2
20121027 3 1 4
20121027 2 9 3
20121103 7 1 2
20121103 5 1 2
20121103 2 7 9
20121103 7 1 5
20121103 2 7 1
20121103 6 8 9
20121103 2 4 7
20121103 5 2 3
20121103 7 5 3
20121103 1 7 3
20121103 1 7 5
20121104 2 1 6
20121104 1 5 8
20121104 4 8 9
20121104 7 1 6
20121104 2 7 9
20121104 7 2 9
20121104 2 4 9
20121104 9 1 8
20121104 9 3 5
20121104 7 9 2
20121104 1 7 2
20121105 1 2 7
20121105 2 7 4
20121105 9 7 2
20121105 5 2 7
20121105 7 2 1
20121105 3 2 9
20121105 8 5 6
20121105 7 5 1
20121105 7 1 2
20121105 7 8 5
20121105 4 1 7
20121109 3 1 2
20121109 2 3 9
20121109 1 9 3
20121109 5 2 9
20121109 1 7 5
20121109 3 7 5
20121109 5 7 9
20121109 2 1 4
20121109 5 2 7
20121109 2 5 4
20121109 1 4 9
20121110 1 7 9
20121110 9 5 1
20121110 3 5 4
20121110 2 7 3
20121110 5 3 9
20121110 1 9 5
20121110 3 9 5
20121110 9 4 2
20121110 5 2 3
20121110 5 2 3
20121110 9 2 1
20121111 1 2 4
20121111 5 2 9
20121111 2 7 4
20121111 3 2 8
20121111 3 5 2
20121111 7 5 4
20121111 7 2 1
20121111 3 2 9
20121111 8 7 5
20121111 1 3 2
20121111 8 1 7
20121129 1 5 3
20121129 2 5 7
20121129 1 5 3
20121129 2 1 5
20121129 2 5 1
20121129 3 7 9
20121129 1 9 7
20121129 7 3 1
20121129 1 7 8
20121129 1 3 4
20121129 8 5 2
20121130 1 7 2
20121130 5 2 7
20121130 2 3 1
20121130 3 5 7
20121130 5 1 7
20121130 1 2 7
20121130 2 1 8
20121130 1 7 5
20121130 7 5 8
20121130 2 9 3
20121130 3 5 2
20121201 1 4 3
20121201 7 4 1
20121201 3 4 1
20121201 3 4 7
20121201 9 3 1
20121201 7 1 2
20121201 4 1 5
20121201 2 7 9
20121201 7 3 1
20121201 2 1 5
20121201 2 3 4
20121208 7 2 1
20121208 2 5 1
20121208 3 5 9
20121208 7 1 4
20121208 7 6 8
20121208 3 8 4
20121208 3 2 8
20121208 9 3 8
20121208 3 8 6
20121208 5 1 9
20121208 3 1 5
20121209 7 3 8
20121209 5 7 2
20121209 2 3 1
20121209 5 9 4
20121209 3 7 2
20121209 5 2 3
20121209 4 7 1
20121209 2 9 6
20121209 7 9 4
20121209 1 9 2
20121209 3 9 2
20121210 7 4 3
20121210 3 1 5
20121210 3 7 4
20121210 9 3 2
20121210 1 7 3
20121210 2 8 9
20121210 1 8 4
20121210 1 5 6
20121210 1 7 9
20121210 5 3 6
20121210 7 2 8
20121222 7 1 5
20121222 3 5 2
20121222 1 3 2
20121222 5 1 3
20121222 7 3 5
20121222 9 1 7
20121222 1 9 2
20121222 5 1 6
20121222 3 1 5
20121222 5 9 2
20121222 7 5 3
20121223 5 2 1
20121223 3 5 4
20121223 2 4 7
20121223 2 3 6
20121223 3 4 1
20121223 4 2 1
20121223 2 5 1
20121223 7 4 2
20121223 1 7 9
20121223 5 7 2
20121223 7 1 9
20121224 7 1 2
20121224 5 3 1
20121224 5 2 7
20121224 1 2 3
20121224 1 3 9
20121224 9 1 2
20121224 3 7 8
20121224 7 9 1
20121224 8 4 1
20121224 5 2 1
20121224 5 2 4
20121224 1 6 2
20130102 1 6 5
20130102 4 6 7
20130102 3 2 9
20130102 6 1 3
20130102 9 1 3
20130102 3 1 9
20130102 7 3 4
20130102 5 2 7
20130102 7 3 9
20130102 2 9 5
20130102 1 6 9
20130103 3 2 4
20130103 5 6 1
20130103 3 9 7
20130103 6 2 7
20130103 2 1 3
20130103 8 2 4
20130103 3 5 1
20130103 2 5 7
20130103 3 9 1
20130103 5 9 7
20130103 9 4 1
20130104 5 2 7
20130104 4 3 5
20130104 7 3 2
20130104 7 1 9
20130104 5 1 7
20130104 9 4 8
20130104 5 6 1
20130104 9 8 5
20130104 5 9 1
20130104 9 2 3
20130104 1 7 4
20130112 7 3 1
20130112 4 5 3
20130112 3 4 7
20130112 1 4 3
20130112 7 2 5
20130112 2 7 3
20130112 7 1 8
20130112 5 2 7
20130112 3 1 6
20130112 1 4 9
20130112 1 7 6
20130113 5 1 4
20130113 5 2 4
20130113 4 7 3
20130113 2 1 6
20130113 3 1 6
20130113 2 1 5
20130113 5 2 3
20130113 9 3 7
20130113 3 9 5
20130113 3 9 1
20130113 3 1 9
20130114 1 7 3
20130114 1 4 2
20130114 6 1 3
20130114 7 2 5
20130114 1 5 2
20130114 9 3 2
20130114 2 9 3
20130114 9 7 3
20130114 1 5 2
20130114 1 5 3
20130114 3 9 1
20130119 4 3 1
20130119 2 7 5
20130119 4 3 2
20130119 2 5 4
20130119 2 4 5
20130119 3 7 2
20130119 1 5 7
20130119 3 7 4
20130119 2 7 5
20130119 1 9 2
20130119 5 8 6
20130120 7 4 6
20130120 3 2 5
20130120 3 2 1
20130120 4 7 5
20130120 7 2 5
20130120 4 5 9
20130120 2 8 5
20130120 5 2 6
20130120 3 2 7
20130120 4 8 2
20130120 5 1 7
20130121 3 1 2
20130121 5 3 2
20130121 3 7 2
20130121 1 4 6
20130121 2 7 9
20130121 3 2 7
20130121 1 6 3
20130121 2 9 4
20130121 7 2 4
20130121 4 7 6
20130121 7 3 9
20130216 3 1 7
20130216 6 2 9
20130216 5 3 4
20130216 2 5 1
20130216 2 5 9
20130216 6 5 9
20130216 3 7 4
20130216 1 4 9
20130216 3 9 5
20130216 3 9 2
20130216 7 1 9
20130217 3 5 6
20130217 1 9 3
20130217 3 9 6
20130217 9 3 7
20130217 3 1 7
20130217 1 3 7
20130217 3 7 9
20130217 2 1 7
20130217 2 1 3
20130217 5 3 7
20130217 1 7 9
20130218 8 2 9
20130218 9 6 4
20130218 1 7 8
20130218 2 8 1
20130218 2 3 8
20130218 9 5 7
20130218 2 3 1
20130218 9 6 2
20130218 2 7 9
20130218 9 5 4
20130218 2 7 4
20130307 1 7 9
20130307 1 9 3
20130307 7 9 1
20130307 5 3 2
20130307 2 1 9
20130307 5 1 8
20130307 9 3 6
20130307 7 2 5
20130307 7 5 2
20130307 3 9 5
20130307 9 2 1
20130307 7 2 9
20130308 7 4 1
20130308 1 7 5
20130308 4 1 3
20130308 9 3 6
20130308 5 9 6
20130308 1 9 6
20130308 7 8 2
20130308 4 1 9
20130308 5 1 9
20130308 1 2 3
20130308 3 1 7
20130309 3 9 7
20130309 2 4 9
20130309 9 2 8
20130309 2 4 9
20130309 7 1 5
20130309 6 2 9
20130309 2 9 5
20130309 1 7 9
20130309 2 7 3
20130309 9 1 5
20130309 7 9 1
20130309 5 2 8
20130310 1 3 7
20130310 6 3 9
20130310 6 9 3
20130310 2 7 4
20130310 8 1 9
20130310 5 2 3
20130310 8 2 7
20130310 1 7 5
20130310 1 3 4
20130310 3 5 1
20130310 9 1 5
20130328 2 7 1
20130328 9 3 8
20130328 3 9 2
20130328 3 9 2
20130328 1 9 2
20130328 1 5 2
20130328 3 5 7
20130328 3 2 9
20130328 2 1 8
20130328 3 9 1
20130328 1 6 9
20130329 7 8 1
20130329 2 5 9
20130329 2 6 7
20130329 3 2 1
20130329 9 3 1
20130329 4 9 2
20130329 9 2 5
20130329 4 8 9
20130329 1 3 9
20130329 3 9 7
20130329 7 1 6
20130330 7 1 5
20130330 7 8 6
20130330 9 3 2
20130330 1 7 2
20130330 2 5 6
20130330 4 7 3
20130330 6 9 2
20130330 1 2 9
20130330 2 7 5
20130330 1 5 9
20130330 5 3 2
20130407 3 5 4
20130407 3 5 7
20130407 3 4 7
20130407 1 3 4
20130407 2 7 3
20130407 2 4 9
20130407 7 2 1
20130407 7 3 4
20130407 9 2 1
20130407 5 2 8
20130408 5 1 3
20130408 4 1 3
20130408 3 4 1
20130408 5 1 3
20130408 3 2 5
20130408 5 3 1
20130408 1 7 3
20130408 2 3 7
20130408 1 3 5
20130408 1 2 7
20130409 7 5 1
20130409 5 2 7
20130409 5 7 3
20130409 7 5 4
20130409 2 9 5
20130409 1 9 6
20130409 7 5 3
20130409 2 5 6
20130409 1 3 5
20130409 6 9 1
20130507 2 1 5
20130507 7 1 2
20130507 7 3 1
20130507 2 1 5
20130507 5 3 7
20130507 9 3 2
20130507 3 5 6
20130507 3 5 8
20130507 3 9 8
20130507 8 2 1
20130508 2 5 1
20130508 5 1 7
20130508 7 2 4
20130508 1 4 5
20130508 3 2 7
20130508 1 4 7
20130508 5 4 1
20130508 1 7 5
20130508 2 7 3
20130508 1 2 5
20130509 1 4 2
20130509 4 1 7
20130509 5 7 2
20130509 6 7 1
20130509 1 2 3
20130509 5 2 8
20130509 3 9 7
20130509 5 7 1
20130509 5 3 1
20130509 2 4 6
20130606 7 1 9
20130606 2 9 1
20130606 3 4 2
20130606 5 2 7
20130606 4 2 3
20130606 3 7 2
20130606 1 5 3
20130606 5 1 7
20130606 2 1 5
20130606 9 5 1
20130606 7 2 5
20130606 1 5 2
20130607 9 2 4
20130607 9 1 5
20130607 2 5 8
20130607 1 7 5
20130607 2 9 3
20130607 7 1 5
20130607 7 2 3
20130607 3 7 5
20130607 9 1 7
20130607 4 2 1
20130607 7 9 3
20130607 9 2 6
20130608 1 2 3
20130608 5 3 9
20130608 2 1 5
20130608 3 1 5
20130608 7 3 2
20130608 1 7 4
20130608 3 1 2
20130608 4 6 1
20130608 9 1 4
20130608 1 5 3
20130608 7 2 9
20130608 1 2 4
20130624 1 7 2
20130624 7 3 2
20130624 3 2 1
20130624 2 7 3
20130624 3 1 4
20130624 1 9 2
20130624 1 7 9
20130624 2 3 5
20130624 9 1 7
20130624 1 7 2
20130625 1 4 5
20130625 5 2 7
20130625 4 2 1
20130625 4 1 5
20130625 1 7 4
20130625 7 9 5
20130625 3 7 4
20130625 9 2 3
20130625 3 7 4
20130625 4 1 7
20130626 2 4 6
20130626 7 1 4
20130626 7 4 1
20130626 3 1 2
20130626 5 7 3
20130626 9 7 3
20130626 1 8 5
20130626 2 7 9
20130626 6 4 1
20130626 4 6 5
20130626 9 7 2
20130712 5 2 4
20130712 2 3 7
20130712 3 4 1
20130712 7 2 3
20130712 1 4 3
20130712 5 7 2
20130712 1 3 2
20130712 7 2 3
20130712 1 9 6
20130712 3 9 5
20130712 1 9 5
20130712 1 3 7
20130713 1 7 2
20130713 2 5 3
20130713 6 3 2
20130713 5 2 1
20130713 7 1 5
20130713 2 4 7
20130713 5 6 3
20130713 5 2 8
20130713 7 3 5
20130713 1 9 3
20130713 2 1 9
20130713 2 5 6
20130714 1 7 3
20130714 3 4 5
20130714 5 2 3
20130714 1 4 5
20130714 1 4 5
20130714 5 1 2
20130714 2 6 3
20130714 7 5 8
20130714 6 7 8
20130714 5 1 7
20130714 7 3 5
20130714 1 5 7
20130802 6 3 8
20130802 2 1 7
20130802 3 9 7
20130802 2 4 7
20130802 1 9 7
20130802 1 4 9
20130802 7 1 2
20130802 2 7 8
20130802 1 5 9
20130803 1 3 7
20130803 5 2 9
20130803 9 7 1
20130803 7 1 2
20130803 2 4 7
20130803 2 6 9
20130803 2 7 9
20130803 1 5 3
20130803 9 2 4
20130818 2 6 5
20130818 5 2 1
20130818 3 2 4
20130818 7 3 2
20130818 5 4 1
20130818 1 7 4
20130818 2 5 8
20130818 5 3 7
20130818 3 9 5
20130818 2 5 9
20130819 2 7 3
20130819 2 5 3
20130819 3 1 7
20130819 3 6 1
20130819 1 5 3
20130819 5 2 7
20130819 2 4 9
20130819 1 2 7
20130819 5 7 3
20130819 1 5 2
20130820 1 7 6
20130820 5 3 2
20130820 7 6 2
20130820 3 6 5
20130820 3 9 5
20130820 1 7 9
20130820 1 5 4
20130820 1 9 6
20130820 2 5 1
20130820 1 4 9
20130922 1 4 3
20130922 5 3 2
20130922 2 7 5
20130922 3 7 9
20130922 7 1 2
20130922 3 1 5
20130922 1 2 3
20130922 2 9 5
20130922 9 8 2
20130922 5 7 2
20130922 3 8 2
20130923 7 3 8
20130923 7 3 5
20130923 1 2 4
20130923 7 3 5
20130923 3 7 4
20130923 9 3 5
20130923 9 4 3
20130923 5 7 2
20130923 3 1 4
20130923 9 1 6
20130923 7 2 3
20130924 7 1 4
20130924 2 1 5
20130924 2 7 4
20130924 5 1 8
20130924 1 7 3
20130924 1 8 9
20130924 2 5 8
20130924 1 5 7
20130924 3 7 9
20130924 1 3 4
20130924 1 4 5
20131012 7 1 4
20131012 2 3 5
20131012 3 4 7
20131012 2 4 1
20131012 5 3 7
20131012 2 5 7
20131012 5 2 1
20131012 2 7 1
20131012 7 4 1
20131012 1 5 8
20131012 7 2 6
20131012 1 5 4
20131013 1 3 7
20131013 7 3 5
20131013 7 5 6
20131013 3 2 4
20131013 3 7 4
20131013 1 3 7
20131013 4 1 7
20131013 2 5 1
20131013 2 6 1
20131013 3 8 9
20131013 3 7 9
20131013 7 3 9
20131014 1 7 3
20131014 5 2 7
20131014 3 4 2
20131014 1 7 2
20131014 4 2 6
20131014 3 1 7
20131014 7 2 5
20131014 2 7 4
20131014 5 2 9
20131014 7 3 4
20131014 3 6 2
20131014 1 7 2
20131030 1 7 3
20131030 3 1 5
20131030 1 4 3
20131030 2 4 7
20131030 1 5 4
20131030 7 2 5
20131030 7 2 5
20131030 2 7 1
20131030 2 5 1
20131030 1 9 7
20131031 1 7 4
20131031 2 4 7
20131031 7 1 3
20131031 5 1 6
20131031 5 3 1
20131031 3 9 6
20131031 2 1 5
20131031 9 3 4
20131031 3 2 9
20131031 7 1 5
20131101 7 1 5
20131101 2 3 5
20131101 7 3 1
20131101 1 3 6
20131101 5 1 7
20131101 1 8 3
20131101 6 3 2
20131101 1 9 2
20131101 2 1 4
20131101 8 5 2
20131116 1 5 3
20131116 5 3 2
20131116 1 9 7
20131116 7 3 5
20131116 5 2 1
20131116 1 5 3
20131116 3 7 4
20131116 3 7 9
20131116 1 9 5
20131116 7 1 4
20131116 7 4 8
20131117 1 2 8
20131117 3 4 2
20131117 1 2 9
20131117 3 7 5
20131117 2 5 9
20131117 4 2 7
20131117 9 1 7
20131117 7 1 9
20131117 7 5 3
20131117 3 2 9
20131118 3 1 7
20131118 2 7 3
20131118 2 3 8
20131118 3 7 5
20131118 9 5 6
20131118 3 9 1
20131118 7 9 1
20131118 3 7 6
20131118 3 4 9
20131118 5 3 1
20131128 7 1 2
20131128 5 7 1
20131128 3 7 2
20131128 5 7 2
20131128 1 7 2
20131128 7 1 5
20131128 5 1 7
20131128 7 1 9
20131128 7 5 1
20131128 8 3 2
20131128 1 3 2
20131128 1 9 2
20131129 1 7 5
20131129 2 5 7
20131129 7 1 3
20131129 2 7 3
20131129 1 5 3
20131129 1 7 2
20131129 3 7 6
20131129 7 3 1
20131129 8 7 3
20131129 5 1 2
20131129 2 1 5
20131129 8 4 7
20131130 1 5 7
20131130 5 3 1
20131130 1 5 4
20131130 5 3 1
20131130 4 3 2
20131130 7 4 2
20131130 9 1 5
20131130 9 1 8
20131130 9 2 7
20131130 4 5 7
20131130 1 5 7
20131130 4 1 3
20131206 3 9 4
20131206 3 2 9
20131206 2 5 1
20131206 2 7 9
20131206 7 8 2
20131206 5 3 7
20131206 7 4 1
20131206 3 7 1
20131206 7 2 9
20131206 3 7 2
20131206 1 5 3
20131206 3 6 1
20131207 8 1 5
20131207 2 5 7
20131207 1 9 8
20131207 7 4 9
20131207 5 3 7
20131207 4 5 1
20131207 1 6 4
20131207 2 9 5
20131207 3 2 5
20131207 5 1 2
20131207 7 3 1
20131207 2 5 7
20131208 1 3 2
20131208 9 7 2
20131208 3 7 1
20131208 5 1 6
20131208 6 4 3
20131208 1 3 5
20131208 1 2 3
20131208 2 8 1
20131208 3 7 5
20131208 6 2 4
20131208 5 3 1
20131208 1 5 9
20131217 3 5 1
20131217 5 4 7
20131217 5 3 4
20131217 5 7 3
20131217 1 3 7
20131217 3 1 2
20131217 3 9 2
20131217 1 5 4
20131217 5 4 1
20131217 3 6 1
20131218 1 7 4
20131218 5 7 4
20131218 3 1 4
20131218 2 7 4
20131218 4 1 7
20131218 8 5 9
20131218 8 3 7
20131218 5 2 1
20131218 2 8 1
20131218 1 5 2
20131219 7 1 5
20131219 5 1 2
20131219 2 6 1
20131219 3 7 1
20131219 4 3 2
20131219 3 5 4
20131219 2 9 7
20131219 7 1 2
20131219 1 7 6
20131219 1 9 6
20140102 2 4 8
20140102 5 3 2
20140102 1 2 3
20140102 7 1 3
20140102 5 1 9
20140102 4 9 5
20140102 2 4 5
20140102 3 1 9
20140102 8 9 5
20140102 2 7 1
20140102 3 5 7
20140103 9 4 2
20140103 5 3 1
20140103 6 1 4
20140103 2 3 8
20140103 5 3 1
20140103 5 7 2
20140103 7 3 4
20140103 4 1 8
20140103 5 2 9
20140103 3 7 4
20140103 5 3 9
20140104 2 4 9
20140104 2 5 4
20140104 7 9 6
20140104 2 6 3
20140104 7 2 1
20140104 8 1 2
20140104 1 2 9
20140104 2 7 3
20140104 2 9 7
20140104 5 8 3
20140104 3 5 7
20140124 9 3 1
20140124 3 8 6
20140124 7 2 3
20140124 9 3 7
20140124 5 7 1
20140124 3 4 1
20140124 2 9 4
20140124 5 3 6
20140124 1 5 3
20140124 7 3 8
20140124 5 1 4
20140125 2 3 5
20140125 3 9 8
20140125 8 3 1
20140125 9 1 3
20140125 1 3 2
20140125 2 1 5
20140125 9 1 2
20140125 3 7 6
20140125 1 7 9
20140125 3 8 2
20140125 1 9 7
20140125 5 3 1
20140126 1 7 8
20140126 3 6 4
20140126 7 1 4
20140126 8 7 1
20140126 3 9 7
20140126 3 4 9
20140126 2 7 4
20140126 4 1 5
20140126 1 5 4
20140126 2 4 9
20140126 1 2 5
20140126 1 5 2
20140126 7 1 5
20140127 9 3 4
20140127 7 5 1
20140127 5 1 9
20140127 7 1 2
20140127 2 1 9
20140127 7 3 2
20140127 2 5 4
20140127 1 7 4
20140127 9 1 8
20140127 1 9 7
20140127 5 7 1
20140212 9 3 1
20140212 9 7 4
20140212 5 3 2
20140212 3 9 7
20140212 7 9 3
20140212 1 9 8
20140212 2 7 9
20140212 9 1 8
20140212 4 2 9
20140212 2 5 7
20140212 2 3 9
20140213 9 1 2
20140213 9 5 6
20140213 8 1 3
20140213 3 9 5
20140213 9 7 1
20140213 3 7 9
20140213 3 9 4
20140213 9 2 5
20140213 7 5 3
20140213 3 1 9
20140213 7 3 2
20140214 3 9 7
20140214 3 5 1
20140214 4 5 3
20140214 1 3 4
20140214 5 2 3
20140214 4 8 5
20140214 6 5 8
20140214 2 7 1
20140214 5 2 9
20140214 8 1 5
20140214 2 3 7
20140219 2 5 7
20140219 5 2 3
20140219 3 2 5
20140219 2 7 4
20140219 1 5 7
20140219 7 2 9
20140219 2 9 8
20140219 4 6 5
20140219 8 1 5
20140219 1 8 5
20140220 2 3 7
20140220 2 1 7
20140220 3 7 2
20140220 5 2 7
20140220 3 7 4
20140220 6 5 2
20140220 7 1 3
20140220 3 9 6
20140220 2 5 3
20140220 9 4 1
20140221 7 5 2
20140221 2 6 4
20140221 4 3 6
20140221 7 2 6
20140221 7 2 5
20140221 6 9 3
20140221 2 1 5
20140221 3 7 5
20140221 1 4 2
20140221 9 1 2
20140303 5 3 9
20140303 1 5 9
20140303 7 1 3
20140303 2 5 7
20140303 1 5 3
20140303 1 7 3
20140303 5 9 4
20140303 3 2 6
20140303 1 7 9
20140303 5 3 1
20140303 9 1 7
20140304 9 4 1
20140304 2 6 7
20140304 3 8 6
20140304 7 2 3
20140304 3 9 4
20140304 1 7 9
20140304 4 9 5
20140304 5 8 2
20140304 3 5 2
20140304 7 1 8
20140304 4 1 7
20140305 1 9 7
20140305 3 1 2
20140305 7 9 2
20140305 4 6 8
20140305 1 9 3
20140305 9 3 2
20140305 5 4 9
20140305 2 7 9
20140305 1 3 4
20140305 9 2 1
20140305 3 9 4
20140324 5 7 3
20140324 1 2 4
20140324 3 4 2
20140324 7 1 4
20140324 1 6 7
20140324 9 3 6
20140324 7 9 3
20140324 3 2 1
20140324 1 3 5
20140324 3 1 4
20140325 3 1 7
20140325 2 5 1
20140325 5 1 7
20140325 2 7 6
20140325 7 1 2
20140325 6 5 1
20140325 1 5 6
20140325 9 4 1
20140325 7 3 2
20140325 1 7 3
20140326 7 1 3
20140326 6 1 3
20140326 5 3 1
20140326 2 7 5
20140326 9 2 1
20140326 3 7 2
20140326 2 7 9
20140326 9 2 6
20140326 2 1 3
20140326 1 5 7
20140406 3 2 1
20140406 3 5 1
20140406 7 1 2
20140406 2 3 1
20140406 7 1 6
20140406 3 8 2
20140406 9 3 2
20140406 9 2 8
20140406 1 7 5
20140406 1 4 8
20140407 2 6 1
20140407 2 5 7
20140407 4 3 2
20140407 7 1 5
20140407 1 7 5
20140407 5 3 1
20140407 1 4 7
20140407 5 1 9
20140407 3 2 9
20140407 1 5 7
20140408 1 2 4
20140408 6 5 4
20140408 4 1 3
20140408 1 7 6
20140408 7 1 9
20140408 5 1 9
20140408 9 2 8
20140408 5 1 3
20140408 7 4 6
20140408 3 1 7
20140413 7 1 5
20140413 2 5 4
20140413 3 2 4
20140413 6 5 2
20140413 7 4 1
20140413 4 7 6
20140413 2 6 5
20140413 7 1 4
20140413 1 7 8
20140413 7 9 5
20140413 5 1 7
20140413 1 2 5
20140414 1 7 2
20140414 2 5 7
20140414 4 1 7
20140414 3 7 1
20140414 5 7 4
20140414 3 2 1
20140414 7 4 2
20140414 1 4 7
20140414 1 2 7
20140414 3 9 1
20140414 5 3 7
20140414 1 7 2
20140415 1 6 7
20140415 3 4 5
20140415 1 4 2
20140415 4 1 2
20140415 1 3 4
20140415 9 6 8
20140415 9 8 6
20140415 2 7 5
20140415 8 5 4
20140415 1 5 7
20140415 1 6 5
20140415 2 4 3
20140415 1 2 3
20140510 4 1 3
20140510 2 9 5
20140510 5 3 4
20140510 1 9 3
20140510 9 1 5
20140510 1 8 2
20140510 1 2 3
20140510 9 2 5
20140510 5 8 2
20140510 9 5 7
20140510 1 9 5
20140511 7 1 9
20140511 7 2 3
20140511 3 7 1
20140511 2 3 1
20140511 2 9 3
20140511 9 3 1
20140511 1 7 2
20140511 9 3 5
20140511 2 4 1
20140511 2 7 9
20140511 9 2 7
20140512 7 1 3
20140512 9 6 2
20140512 9 2 4
20140512 1 2 7
20140512 7 2 1
20140512 2 1 3
20140512 2 4 1
20140512 9 7 2
20140512 1 3 8
20140512 1 5 4
20140512 1 5 9
20140522 1 5 7
20140522 7 2 1
20140522 3 2 4
20140522 4 1 3
20140522 5 7 2
20140522 1 5 3
20140522 2 7 9
20140522 7 5 3
20140522 7 3 4
20140522 1 7 6
20140523 3 5 1
20140523 7 5 4
20140523 7 3 5
20140523 3 5 7
20140523 7 2 1
20140523 2 1 4
20140523 1 7 9
20140523 9 4 2
20140523 5 7 1
20140523 9 7 5
20140524 5 3 7
20140524 2 4 3
20140524 2 7 1
20140524 1 5 7
20140524 2 1 7
20140524 1 9 5
20140524 9 3 5
20140524 9 5 3
20140524 1 6 9
20140524 4 1 7
20140524 3 1 5
20140603 1 5 2
20140603 4 1 2
20140603 4 5 1
20140603 3 1 6
20140603 4 5 1
20140603 5 9 3
20140603 2 4 3
20140603 4 6 2
20140603 1 9 5
20140603 2 4 9
20140604 3 5 4
20140604 5 2 7
20140604 5 2 3
20140604 1 4 3
20140604 1 5 7
20140604 9 5 2
20140604 9 7 5
20140604 1 7 5
20140604 1 2 9
20140604 9 2 8
20140605 1 4 2
20140605 5 2 7
20140605 3 4 1
20140605 4 7 1
20140605 9 2 8
20140605 4 9 8
20140605 1 8 2
20140605 5 7 4
20140605 4 2 5
20140605 1 2 3
20140715 5 3 7
20140715 3 9 1
20140715 1 7 9
20140715 3 5 4
20140715 7 1 9
20140715 5 7 8
20140715 8 2 5
20140715 4 7 2
20140715 1 5 2
20140715 9 1 4
20140715 1 7 2
20140716 2 9 1
20140716 9 2 1
20140716 6 7 2
20140716 3 7 1
20140716 3 7 5
20140716 8 7 3
20140716 2 5 9
20140716 7 3 1
20140716 3 1 2
20140716 2 3 9
20140716 2 7 9
20140717 5 8 7
20140717 7 2 1
20140717 3 5 6
20140717 6 9 2
20140717 5 2 7
20140717 1 3 9
20140717 9 6 1
20140717 5 2 8
20140717 9 6 3
20140717 7 2 9
20140717 9 5 7
20140811 2 3 7
20140811 7 3 1
20140811 9 3 4
20140811 7 1 9
20140811 2 9 1
20140811 5 8 9
20140811 7 4 9
20140811 7 3 1
20140811 8 2 4
20140811 3 7 2
20140811 4 3 9
20140812 8 7 2
20140812 3 6 7
20140812 3 9 5
20140812 2 3 1
20140812 9 3 6
20140812 5 1 9
20140812 9 5 3
20140812 4 6 2
20140812 3 9 2
20140812 3 1 5
20140812 2 9 7
20140813 7 8 1
20140813 8 9 7
20140813 1 9 6
20140813 8 9 3
20140813 1 3 2
20140813 9 5 3
20140813 2 9 8
20140813 4 6 9
20140813 7 1 5
20140813 1 7 3
20140813 9 8 1
20140910 1 7 6
20140910 7 6 2
20140910 4 3 5
20140910 3 5 1
20140910 7 3 4
20140910 7 3 1
20140910 6 5 3
20140910 2 9 8
20140910 5 1 7
20140910 3 5 7
20140910 4 7 2
20140910 6 3 5
20140911 1 3 6
20140911 2 5 7
20140911 1 6 2
20140911 5 2 7
20140911 4 1 3
20140911 7 3 6
20140911 5 7 2
20140911 4 9 3
20140911 8 5 7
20140911 9 2 5
20140911 3 2 7
20140911 7 1 5
20140912 3 1 5
20140912 4 7 6
20140912 4 2 5
20140912 3 2 1
20140912 4 2 1
20140912 3 8 2
20140912 3 4 9
20140912 3 7 5
20140912 7 3 9
20140912 1 4 2
20140912 2 1 4
20140912 8 1 7
20141025 3 5 2
20141025 2 5 3
20141025 4 3 5
20141025 3 4 5
20141025 1 5 4
20141025 5 4 1
20141025 5 6 2
20141025 1 5 9
20141025 3 7 2
20141025 1 4 9
20141026 1 7 3
20141026 2 5 3
20141026 1 3 2
20141026 5 4 1
20141026 2 7 4
20141026 5 1 8
20141026 3 4 8
20141026 3 5 6
20141026 5 3 6
20141026 5 7 4
20141027 1 3 2
20141027 3 4 1
20141027 4 3 5
20141027 2 5 3
20141027 2 8 7
20141027 1 2 5
20141027 7 2 5
20141027 7 1 3
20141027 1 4 3
20141027 1 9 4
20141117 7 1 2
20141117 5 2 4
20141117 3 2 5
20141117 1 5 6
20141117 7 3 1
20141117 9 1 3
20141117 3 4 9
20141117 2 3 9
20141117 5 2 3
20141117 2 7 4
20141118 1 2 5
20141118 5 2 4
20141118 7 3 2
20141118 2 3 4
20141118 1 5 7
20141118 5 7 1
20141118 1 8 7
20141118 5 1 9
20141118 2 5 8
20141118 5 3 1
20141119 4 2 5
20141119 3 5 6
20141119 7 1 4
20141119 3 4 5
20141119 5 7 2
20141119 9 5 1
20141119 4 9 5
20141119 7 1 6
20141119 7 3 4
20141119 1 2 3
20141204 3 5 7
20141204 4 2 5
20141204 3 7 1
20141204 7 2 3
20141204 1 5 2
20141204 1 4 9
20141204 9 4 3
20141204 5 3 9
20141204 1 3 8
20141204 9 3 4
20141205 1 7 3
20141205 2 6 3
20141205 3 1 6
20141205 3 7 2
20141205 5 1 6
20141205 1 2 9
20141205 7 9 5
20141205 7 5 1
20141205 2 5 7
20141205 7 5 3
20141206 1 2 5
20141206 5 2 7
20141206 2 5 4
20141206 2 4 3
20141206 2 7 5
20141206 5 6 2
20141206 1 2 7
20141206 1 5 8
20141206 1 2 3
20141206 1 8 9
20141221 1 7 2
20141221 9 7 2
20141221 1 7 3
20141221 2 7 5
20141221 9 3 2
20141221 7 2 1
20141221 5 3 6
20141221 1 5 9
20141221 1 9 3
20141221 7 3 1
20141221 1 7 9
20141221 2 9 1
20141222 1 3 5
20141222 3 7 9
20141222 5 1 9
20141222 5 1 3
20141222 9 3 5
20141222 2 6 1
20141222 3 1 5
20141222 9 1 2
20141222 9 3 4
20141222 2 5 8
20141222 5 1 4
20141222 2 9 4
20141223 1 2 3
20141223 2 3 9
20141223 7 5 2
20141223 9 7 2
20141223 5 1 7
20141223 3 5 9
20141223 5 8 1
20141223 7 9 4
20141223 9 5 7
20141223 1 4 3
20141223 7 3 5
20141223 3 7 1
20150102 7 1 9
20150102 5 8 6
20150102 9 7 3
20150102 2 7 6
20150102 3 1 7
20150102 2 8 1
20150102 9 3 2
20150102 2 3 7
20150102 5 8 4
20150102 1 3 5
20150102 1 9 7
20150103 9 4 6
20150103 9 1 2
20150103 7 5 1
20150103 7 3 5
20150103 4 3 9
20150103 5 9 2
20150103 1 9 6
20150103 9 1 3
20150103 3 7 2
20150103 9 3 1
20150103 6 9 7
20150104 2 9 5
20150104 5 3 8
20150104 2 9 5
20150104 5 7 6
20150104 5 7 9
20150104 2 6 5
20150104 1 4 2
20150104 7 3 8
20150104 2 4 7
20150104 1 5 7
20150104 1 3 7
20150122 9 4 5
20150122 1 3 5
20150122 3 9 6
20150122 7 8 2
20150122 3 7 2
20150122 7 1 4
20150122 7 5 6
20150122 5 2 3
20150122 9 6 1
20150122 5 3 8
20150122 2 1 7
20150122 7 1 8
20150123 9 1 7
20150123 1 9 5
20150123 2 9 5
20150123 4 2 5
20150123 2 9 4
20150123 5 3 4
20150123 1 5 2
20150123 9 2 1
20150123 5 3 8
20150123 3 2 7
20150123 2 7 5
20150123 2 1 8
20150124 5 2 1
20150124 9 2 1
20150124 5 3 1
20150124 2 9 5
20150124 2 5 1
20150124 1 4 2
20150124 2 5 9
20150124 2 5 9
20150124 4 7 5
20150124 9 2 8
20150124 2 7 8
20150124 9 1 8
20150125 4 9 1
20150125 9 1 7
20150125 2 9 7
20150125 9 7 4
20150125 8 2 6
20150125 2 9 5
20150125 2 3 1
20150125 9 1 7
20150125 9 3 5
20150125 7 1 5
20150125 9 2 3
20150209 2 3 1
20150209 9 2 5
20150209 2 9 3
20150209 9 7 2
20150209 1 2 3
20150209 3 6 7
20150209 2 5 9
20150209 9 5 8
20150209 9 2 7
20150209 7 2 3
20150209 2 3 4
20150210 3 7 4
20150210 2 5 9
20150210 4 9 2
20150210 3 7 9
20150210 9 2 7
20150210 1 2 9
20150210 7 9 6
20150210 7 6 1
20150210 2 1 4
20150210 7 9 4
20150210 5 8 1
20150211 7 3 1
20150211 9 3 1
20150211 2 7 3
20150211 5 4 7
20150211 4 3 1
20150211 4 5 2
20150211 9 2 5
20150211 9 5 4
20150211 5 9 3
20150211 3 7 2
20150211 7 1 2
20150211 7 2 1
20150322 7 1 9
20150322 9 2 7
20150322 2 9 4
20150322 6 1 5
20150322 1 7 5
20150322 2 1 5
20150322 6 3 5
20150322 9 4 7
20150322 8 9 3
20150322 7 2 5
20150322 8 1 5
20150323 1 9 7
20150323 2 5 1
20150323 2 7 9
20150323 9 7 5
20150323 2 7 1
20150323 8 1 5
20150323 5 1 2
20150323 7 3 5
20150323 5 2 8
20150323 3 4 7
20150323 9 1 7
20150324 5 2 9
20150324 2 5 1
20150324 1 9 3
20150324 4 9 8
20150324 2 1 3
20150324 2 5 9
20150324 2 9 5
20150324 1 2 9
20150324 5 8 2
20150324 4 1 7
20150324 8 3 1
20150324 1 5 6
20150402 7 1 4
20150402 2 3 5
20150402 3 7 2
20150402 3 5 4
20150402 5 1 4
20150402 2 9 7
20150402 2 6 9
20150402 1 3 4
20150402 9 2 7
20150402 1 3 4
20150403 4 5 3
20150403 5 7 2
20150403 7 4 1
20150403 5 4 1
20150403 1 4 3
20150403 4 7 1
20150403 3 9 7
20150403 8 1 9
20150403 9 1 6
20150403 9 1 2
20150404 7 2 4
20150404 7 5 3
20150404 4 2 7
20150404 1 2 6
20150404 9 1 7
20150404 1 5 7
20150404 5 9 4
20150404 2 9 5
20150404 5 2 1
20150404 3 8 1
20150429 7 1 4
20150429 7 3 2
20150429 2 4 5
20150429 3 1 5
20150429 1 7 2
20150429 2 7 6
20150429 3 9 7
20150429 1 9 5
20150429 1 9 5
20150429 2 9 4
20150430 1 7 2
20150430 3 2 7
20150430 2 5 3
20150430 7 4 5
20150430 5 1 2
20150430 9 7 8
20150430 7 1 5
20150430 7 3 8
20150430 3 7 9
20150430 3 2 1
20150501 4 7 3
20150501 4 2 3
20150501 1 4 7
20150501 3 4 5
20150501 4 5 2
20150501 2 5 6
20150501 6 5 1
20150501 2 4 5
20150501 3 2 5
20150501 2 9 3
20150504 1 7 6
20150504 7 3 5
20150504 1 6 5
20150504 2 9 3
20150504 9 1 7
20150504 7 1 5
20150504 1 4 3
20150504 4 3 2
20150504 1 5 7
20150504 1 5 3
20150504 1 5 7
20150504 2 9 8
20150504 3 5 1
20150505 1 7 8
20150505 9 7 2
20150505 7 3 2
20150505 2 3 9
20150505 1 9 3
20150505 1 5 4
20150505 7 1 6
20150505 1 8 5
20150505 2 7 3
20150505 9 3 5
20150505 5 3 6
20150505 2 5 3
20150506 9 2 4
20150506 2 4 6
20150506 1 9 6
20150506 9 2 1
20150506 3 2 7
20150506 2 5 7
20150506 9 1 4
20150506 7 4 9
20150506 4 9 8
20150506 3 2 1
20150506 8 2 5
20150506 5 1 7
20150510 2 1 7
20150510 5 1 3
20150510 9 3 1
20150510 7 3 1
20150510 3 7 1
20150510 7 5 3
20150510 3 2 7
20150510 5 9 3
20150510 2 7 1
20150510 5 2 7
20150510 1 3 2
20150511 2 9 1
20150511 1 3 8
20150511 1 5 3
20150511 5 2 3
20150511 3 2 5
20150511 3 2 9
20150511 2 7 1
20150511 5 7 3
20150511 7 2 5
20150511 3 7 2
20150511 3 5 8
20150511 2 9 1
20150512 3 6 9
20150512 7 4 1
20150512 2 1 8
20150512 3 7 8
20150512 1 2 9
20150512 9 8 4
20150512 1 9 8
20150512 1 5 9
20150512 9 4 5
20150512 4 7 5
20150512 2 3 1
20150602 3 1 6
20150602 2 1 4
20150602 1 5 4
20150602 7 1 5
20150602 1 5 2
20150602 5 1 9
20150602 2 9 5
20150602 3 7 1
20150602 1 3 9
20150602 2 5 8
20150603 7 1 2
20150603 2 5 7
20150603 2 3 4
20150603 1 4 3
20150603 7 1 5
20150603 1 4 9
20150603 7 3 5
20150603 7 2 5
20150603 3 8 5
20150603 7 9 3
20150604 1 7 4
20150604 2 7 1
20150604 4 5 2
20150604 4 7 3
20150604 5 4 8
20150604 9 1 2
20150604 8 5 1
20150604 1 4 8
20150604 1 7 5
20150604 4 1 2
