20120413 2 5 1
20120413 7 1 5
20120413 1 2 7
20120413 5 7 1
20120413 2 1 6
20120413 9 7 1
20120413 9 7 2
20120413 9 3 7
20120413 5 9 3
20120413 3 7 1
20120413 4 1 2
20120414 2 1 4
20120414 1 2 3
20120414 3 5 2
20120414 5 2 1
20120414 7 5 1
20120414 3 5 8
20120414 7 2 9
20120414 8 5 7
20120414 9 5 8
20120414 5 4 3
20120414 3 9 8
20120415 2 5 1
20120415 5 7 3
20120415 3 7 6
20120415 7 2 1
20120415 7 2 3
20120415 5 3 6
20120415 5 9 3
20120415 9 1 7
20120415 3 5 9
20120415 6 2 3
20120415 2 1 4
20120415 2 5 9
20120424 1 2 5
20120424 3 9 5
20120424 5 2 4
20120424 5 1 4
20120424 3 4 2
20120424 2 9 1
20120424 9 3 1
20120424 5 9 3
20120424 1 5 9
20120424 1 5 9
20120424 9 3 2
20120424 2 1 5
20120425 2 8 3
20120425 9 1 3
20120425 1 5 7
20120425 9 4 2
20120425 2 7 1
20120425 7 1 8
20120425 1 9 3
20120425 2 1 5
20120425 2 9 6
20120425 9 1 2
20120425 9 6 3
20120425 5 6 2
20120426 2 5 8
20120426 3 7 1
20120426 2 9 5
20120426 9 4 1
20120426 1 2 3
20120426 7 9 8
20120426 9 4 1
20120426 1 3 2
20120426 2 7 3
20120426 7 1 2
20120426 3 7 2
20120426 1 9 8
20120501 1 7 3
20120501 1 5 2
20120501 5 1 3
20120501 1 3 5
20120501 7 2 5
20120501 7 9 5
20120501 7 2 9
20120501 7 3 5
20120501 2 1 9
20120501 1 7 4
20120501 5 7 8
20120502 1 2 5
20120502 2 5 7
20120502 3 1 2
20120502 5 7 1
20120502 1 7 2
20120502 3 5 4
20120502 5 2 4
20120502 3 4 1
20120502 1 9 2
20120502 4 9 2
20120502 5 2 6
20120503 1 7 2
20120503 7 4 2
20120503 4 3 2
20120503 3 6 1
20120503 4 7 2
20120503 5 3 4
20120503 9 1 3
20120503 1 7 5
20120503 1 5 9
20120503 5 2 6
20120503 2 4 3
20120508 1 2 3
20120508 3 7 2
20120508 3 7 2
20120508 5 3 1
20120508 1 3 2
20120508 9 7 2
20120508 1 4 8
20120508 3 9 1
20120508 5 7 1
20120508 9 3 1
20120508 9 5 3
20120509 2 5 3
20120509 2 6 5
20120509 5 2 1
20120509 3 5 1
20120509 7 1 5
20120509 3 5 9
20120509 9 7 2
20120509 1 6 5
20120509 7 1 8
20120509 1 8 4
20120509 9 1 3
20120510 1 6 2
20120510 5 2 6
20120510 1 2 6
20120510 5 2 3
20120510 7 2 1
20120510 9 1 3
20120510 2 8 3
20120510 1 5 7
20120510 1 7 9
20120510 3 1 9
20120510 1 6 4
20120530 2 1 5
20120530 1 3 4
20120530 2 7 4
20120530 5 1 7
20120530 2 7 1
20120530 9 2 7
20120530 5 9 1
20120530 2 9 5
20120530 7 2 3
20120530 2 1 3
20120530 7 4 5
20120531 2 5 1
20120531 7 3 2
20120531 5 7 2
20120531 5 1 7
20120531 5 3 2
20120531 9 2 1
20120531 7 3 2
20120531 3 9 7
20120531 7 1 4
20120531 2 1 7
20120531 1 3 8
20120601 2 1 5
20120601 5 3 1
20120601 3 1 5
20120601 6 4 1
20120601 1 6 2
20120601 5 1 3
20120601 3 5 1
20120601 9 3 1
20120601 9 6 7
20120601 1 4 2
20120601 9 1 7
20120611 3 1 2
20120611 7 1 3
20120611 1 3 7
20120611 5 7 1
20120611 5 1 6
20120611 3 6 2
20120611 3 5 7
20120611 9 1 5
20120611 1 2 5
20120611 3 4 9
20120611 2 4 8
20120612 3 5 7
20120612 7 1 3
20120612 7 3 5
20120612 2 7 3
20120612 6 1 7
20120612 7 4 5
20120612 1 3 7
20120612 9 7 3
20120612 2 5 8
20120612 7 9 3
20120612 1 3 2
20120613 2 1 3
20120613 5 1 2
20120613 5 6 4
20120613 3 5 2
20120613 6 1 7
20120613 3 2 1
20120613 2 7 5
20120613 7 3 4
20120613 5 8 3
20120613 5 3 1
20120613 1 8 9
20120619 2 4 5
20120619 3 5 1
20120619 7 5 3
20120619 2 4 5
20120619 3 7 4
20120619 1 3 7
20120619 3 1 9
20120619 2 9 3
20120619 1 9 3
20120619 5 1 9
20120619 7 5 1
20120620 2 1 3
20120620 1 5 7
20120620 5 3 7
20120620 2 5 1
20120620 5 1 2
20120620 3 2 7
20120620 7 3 2
20120620 1 8 3
20120620 5 7 1
20120620 3 4 2
20120620 2 5 7
20120621 2 1 7
20120621 2 5 6
20120621 7 1 5
20120621 5 4 2
20120621 3 7 2
20120621 3 7 5
20120621 3 1 9
20120621 3 5 9
20120621 4 1 6
20120621 7 5 8
20120621 2 3 1
20120621 5 2 3
20120713 5 2 1
20120713 7 9 2
20120713 4 5 1
20120713 2 4 7
20120713 2 9 5
20120713 7 3 9
20120713 7 5 3
20120713 7 4 9
20120713 7 2 5
20120713 2 9 3
20120713 2 1 3
20120713 3 5 7
20120714 2 8 7
20120714 3 5 4
20120714 9 7 3
20120714 9 5 3
20120714 1 4 3
20120714 1 9 8
20120714 1 3 5
20120714 1 6 4
20120714 6 5 3
20120714 8 3 9
20120714 5 8 3
20120714 4 2 1
20120715 7 5 4
20120715 1 4 5
20120715 7 1 8
20120715 3 1 2
20120715 3 7 6
20120715 9 5 7
20120715 2 7 8
20120715 8 1 9
20120715 9 7 1
20120715 2 5 7
20120715 3 5 9
20120715 5 3 9
20120715 2 4 9
20120716 4 8 9
20120716 3 2 4
20120716 1 3 9
20120716 5 9 4
20120716 6 7 2
20120716 4 1 9
20120716 7 2 4
20120716 2 8 9
20120716 3 4 8
20120716 5 7 3
20120716 5 1 4
20120721 5 2 1
20120721 2 5 3
20120721 5 1 3
20120721 7 3 2
20120721 2 3 1
20120721 2 4 3
20120721 9 7 1
20120721 5 7 9
20120721 7 9 1
20120721 1 6 3
20120721 2 4 3
20120722 2 5 1
20120722 5 6 3
20120722 6 5 2
20120722 1 4 5
20120722 3 4 5
20120722 7 8 3
20120722 7 2 4
20120722 3 2 1
20120722 9 4 3
20120722 9 8 3
20120722 1 9 3
20120723 2 1 7
20120723 5 4 3
20120723 5 7 2
20120723 3 5 2
20120723 3 1 5
20120723 7 8 9
20120723 2 3 7
20120723 1 5 9
20120723 2 9 1
20120723 2 9 5
20120723 7 3 1
20120812 5 2 1
20120812 5 7 2
20120812 1 7 3
20120812 1 5 7
20120812 5 4 3
20120812 9 3 5
20120812 7 3 9
20120812 2 4 8
20120812 5 3 1
20120812 5 9 1
20120812 8 5 1
20120813 1 5 3
20120813 2 1 4
20120813 2 4 3
20120813 1 2 7
20120813 5 1 2
20120813 1 4 2
20120813 9 4 2
20120813 7 3 4
20120813 7 1 3
20120813 2 5 8
20120813 5 6 1
20120814 2 3 5
20120814 5 3 7
20120814 2 5 4
20120814 7 5 2
20120814 3 7 1
20120814 2 1 9
20120814 6 1 5
20120814 9 1 7
20120814 1 3 2
20120814 5 2 8
20120814 3 7 2
20120820 2 1 3
20120820 3 7 8
20120820 9 1 6
20120820 7 3 9
20120820 3 9 6
20120820 1 9 2
20120820 7 5 3
20120820 2 3 6
20120820 1 5 2
20120820 3 9 1
20120820 2 3 4
20120821 2 3 8
20120821 3 8 5
20120821 4 3 2
20120821 2 5 7
20120821 7 3 5
20120821 1 3 9
20120821 1 6 9
20120821 9 7 1
20120821 3 9 4
20120821 5 9 4
20120821 2 5 1
20120822 8 5 2
20120822 3 9 8
20120822 1 2 9
20120822 5 8 1
20120822 9 1 2
20120822 3 8 7
20120822 2 3 9
20120822 7 4 2
20120822 2 3 1
20120822 3 5 7
20120822 1 5 9
20120910 2 7 1
20120910 9 5 2
20120910 1 7 3
20120910 5 8 7
20120910 7 1 9
20120910 3 1 9
20120910 8 7 2
20120910 2 5 8
20120910 2 5 6
20120910 5 2 1
20120910 7 3 1
20120911 3 1 8
20120911 9 1 3
20120911 9 7 3
20120911 5 2 7
20120911 5 3 7
20120911 6 2 1
20120911 2 3 6
20120911 9 5 3
20120911 1 3 9
20120911 5 3 7
20120911 1 3 8
20120912 2 7 1
20120912 9 3 2
20120912 1 6 3
20120912 1 2 7
20120912 7 9 2
20120912 7 4 5
20120912 4 7 1
20120912 1 2 7
20120912 7 2 8
20120912 8 1 2
20120912 1 7 9
20120919 2 7 4
20120919 1 3 5
20120919 2 5 7
20120919 3 7 2
20120919 1 4 7
20120919 2 6 1
20120919 1 5 9
20120919 5 3 6
20120919 9 6 3
20120919 9 4 5
20120919 6 2 5
20120920 5 2 1
20120920 7 2 3
20120920 7 3 2
20120920 3 1 7
20120920 2 1 3
20120920 4 2 1
20120920 2 1 4
20120920 7 2 4
20120920 5 4 3
20120920 2 1 8
20120920 4 2 3
20120920 3 1 8
20120921 2 3 4
20120921 1 2 3
20120921 3 7 2
20120921 3 2 6
20120921 4 2 1
20120921 2 5 1
20120921 5 1 3
20120921 5 7 4
20120921 7 9 1
20120921 3 4 6
20120921 5 7 6
20120929 3 4 7
20120929 2 1 5
20120929 9 7 1
20120929 2 9 3
20120929 7 5 1
20120929 2 7 9
20120929 9 5 8
20120929 5 1 9
20120929 2 9 7
20120929 3 5 9
20120929 2 5 8
20120930 3 5 2
20120930 2 9 4
20120930 2 5 8
20120930 9 2 7
20120930 8 2 4
20120930 2 1 7
20120930 8 1 7
20120930 3 1 2
20120930 1 9 2
20120930 6 3 7
20120930 3 1 7
20121001 4 5 1
20121001 2 7 3
20121001 1 9 5
20121001 9 5 3
20121001 8 9 5
20121001 7 8 6
20121001 3 1 5
20121001 2 7 9
20121001 9 3 4
20121001 7 3 2
20121001 7 9 5
20121005 1 2 7
20121005 1 4 2
20121005 1 2 5
20121005 1 2 5
20121005 2 1 5
20121005 1 2 3
20121005 7 2 1
20121005 7 9 3
20121005 9 2 3
20121005 9 5 3
20121005 3 7 9
20121005 5 2 3
20121006 2 5 3
20121006 5 2 1
20121006 7 2 1
20121006 7 2 1
20121006 2 1 7
20121006 7 5 4
20121006 5 1 2
20121006 5 4 2
20121006 5 9 1
20121006 5 3 2
20121006 5 1 4
20121006 2 9 7
20121007 7 2 1
20121007 1 7 4
20121007 1 7 6
20121007 3 5 2
20121007 1 7 2
20121007 2 1 7
20121007 4 1 3
20121007 3 9 6
20121007 1 8 7
20121007 1 5 3
20121007 1 7 5
20121007 9 5 8
20121010 2 9 1
20121010 2 7 3
20121010 5 2 1
20121010 2 4 3
20121010 3 5 2
20121010 3 1 4
20121010 1 3 2
20121010 1 4 8
20121010 5 2 1
20121010 9 5 3
20121010 6 9 3
20121011 1 2 5
20121011 3 7 1
20121011 2 1 5
20121011 7 6 2
20121011 1 9 8
20121011 2 8 1
20121011 6 7 5
20121011 2 5 7
20121011 1 5 2
20121011 2 1 5
20121011 5 1 7
20121012 2 1 5
20121012 5 4 3
20121012 9 5 3
20121012 1 3 8
20121012 1 8 3
20121012 7 2 9
20121012 2 5 3
20121012 7 1 4
20121012 9 5 1
20121012 6 9 1
20121012 9 8 4
20121012 1 2 6
20121029 9 3 2
20121029 2 5 8
20121029 1 7 9
20121029 2 5 8
20121029 1 2 5
20121029 8 5 2
20121029 3 1 9
20121029 2 8 9
20121029 3 7 2
20121029 2 7 5
20121029 2 3 1
20121030 3 5 7
20121030 5 1 9
20121030 5 9 1
20121030 9 2 5
20121030 2 3 9
20121030 2 1 4
20121030 6 9 4
20121030 9 7 2
20121030 3 5 9
20121030 9 1 3
20121030 9 3 8
20121030 9 3 2
20121031 5 2 1
20121031 2 7 3
20121031 2 1 8
20121031 1 9 2
20121031 2 3 9
20121031 3 1 5
20121031 5 3 2
20121031 7 3 8
20121031 9 3 4
20121031 8 7 2
20121031 7 2 3
20121105 3 2 5
20121105 1 2 3
20121105 3 7 2
20121105 1 5 7
20121105 3 7 1
20121105 7 1 3
20121105 2 3 9
20121105 2 7 9
20121105 7 1 9
20121105 2 3 1
20121105 3 6 5
20121106 2 3 1
20121106 3 5 1
20121106 2 7 3
20121106 2 1 3
20121106 5 2 4
20121106 2 5 7
20121106 1 4 7
20121106 4 2 5
20121106 5 3 7
20121106 2 3 4
20121106 5 2 9
20121107 5 1 2
20121107 3 1 5
20121107 3 2 4
20121107 7 5 3
20121107 6 7 3
20121107 7 5 1
20121107 2 8 1
20121107 9 2 1
20121107 1 2 7
20121107 3 2 1
20121107 5 2 1
20121113 3 2 1
20121113 3 2 5
20121113 5 3 2
20121113 2 1 3
20121113 2 3 5
20121113 5 4 2
20121113 7 2 4
20121113 5 2 1
20121113 5 3 2
20121113 4 5 1
20121113 9 6 5
20121114 2 3 5
20121114 2 3 7
20121114 5 3 2
20121114 1 7 5
20121114 1 3 7
20121114 1 7 4
20121114 5 4 1
20121114 3 5 2
20121114 3 2 4
20121114 1 3 7
20121114 2 9 1
20121115 3 2 1
20121115 1 5 4
20121115 7 1 4
20121115 5 3 7
20121115 7 2 4
20121115 7 2 8
20121115 3 1 8
20121115 2 9 4
20121115 9 1 3
20121115 5 4 1
20130415 2 3 5
20130415 3 5 7
20130415 5 7 1
20130415 3 7 4
20130415 1 7 3
20130415 5 3 2
20130415 7 1 2
20130415 5 9 7
20130415 7 5 3
20130415 1 4 7
20130416 3 5 7
20130416 5 3 2
20130416 1 3 6
20130416 3 2 4
20130416 1 2 7
20130416 1 3 6
20130416 9 2 6
20130416 1 7 5
20130416 3 1 5
20130416 1 3 8
20130417 1 3 7
20130417 2 7 3
20130417 3 2 1
20130417 7 3 2
20130417 1 4 7
20130417 9 3 4
20130417 1 3 2
20130417 9 1 5
20130417 3 1 2
20130417 8 5 4
20130423 3 1 2
20130423 1 5 9
20130423 1 3 4
20130423 1 9 2
20130423 5 2 8
20130423 9 4 2
20130423 1 5 3
20130423 1 7 4
20130423 1 5 8
20130423 2 4 7
20130423 3 1 6
20130424 8 5 7
20130424 2 3 8
20130424 5 3 9
20130424 7 5 3
20130424 9 2 3
20130424 3 1 4
20130424 7 1 5
20130424 3 2 5
20130424 2 5 1
20130424 2 3 5
20130424 4 5 2
20130425 3 5 7
20130425 7 1 2
20130425 1 7 4
20130425 1 9 6
20130425 1 9 5
20130425 9 1 6
20130425 1 6 5
20130425 2 5 4
20130425 1 5 9
20130425 4 2 1
20130425 6 3 9
20130430 2 1 7
20130430 2 7 5
20130430 3 5 6
20130430 3 1 5
20130430 5 2 3
20130430 1 2 9
20130430 9 6 5
20130430 1 3 9
20130430 2 7 4
20130430 7 3 2
20130501 2 3 1
20130501 2 4 1
20130501 5 2 3
20130501 7 5 2
20130501 7 5 1
20130501 7 2 8
20130501 4 3 9
20130501 7 3 5
20130501 7 1 3
20130501 9 3 1
20130502 3 2 4
20130502 2 1 5
20130502 5 2 6
20130502 3 7 2
20130502 1 7 2
20130502 2 3 5
20130502 9 2 1
20130502 2 7 1
20130502 1 6 9
20130502 1 2 9
20130502 2 1 9
20130509 1 3 7
20130509 1 5 7
20130509 2 7 6
20130509 5 7 1
20130509 7 1 4
20130509 7 1 8
20130509 2 7 9
20130509 1 7 4
20130509 9 3 5
20130509 5 2 8
20130510 3 2 5
20130510 2 1 5
20130510 2 3 7
20130510 2 1 5
20130510 1 4 6
20130510 8 5 9
20130510 5 3 6
20130510 1 2 5
20130510 3 1 7
20130510 3 6 5
20130511 2 3 1
20130511 5 7 2
20130511 2 7 6
20130511 4 5 7
20130511 1 5 3
20130511 9 7 3
20130511 2 7 9
20130511 7 5 9
20130511 3 8 7
20130511 2 5 4
20130531 7 1 6
20130531 5 1 2
20130531 2 5 3
20130531 3 7 5
20130531 4 3 1
20130531 7 3 4
20130531 3 2 7
20130531 1 2 5
20130531 1 7 3
20130531 1 9 3
20130601 2 7 3
20130601 1 3 4
20130601 3 1 5
20130601 3 5 2
20130601 1 7 3
20130601 3 9 5
20130601 1 2 5
20130601 1 5 2
20130601 3 1 9
20130601 3 9 1
20130601 1 9 5
20130602 3 7 1
20130602 1 2 7
20130602 7 4 1
20130602 7 6 1
20130602 2 6 1
20130602 2 9 4
20130602 7 8 1
20130602 7 9 1
20130602 7 3 2
20130602 4 1 5
20130610 1 5 4
20130610 1 9 3
20130610 1 7 5
20130610 3 5 6
20130610 9 1 2
20130610 3 9 5
20130610 2 9 7
20130610 5 2 4
20130610 3 9 5
20130610 3 5 1
20130610 2 4 1
20130611 1 5 3
20130611 3 7 1
20130611 3 1 9
20130611 4 2 6
20130611 2 3 9
20130611 2 9 7
20130611 9 7 4
20130611 5 3 9
20130611 5 6 2
20130611 9 7 3
20130611 5 2 4
20130612 3 8 7
20130612 1 2 4
20130612 9 2 7
20130612 5 2 9
20130612 2 9 7
20130612 1 3 2
20130612 1 9 4
20130612 5 3 7
20130612 9 5 1
20130612 2 9 5
20130612 7 1 5
20130622 2 1 7
20130622 7 1 2
20130622 4 2 6
20130622 5 1 2
20130622 1 2 4
20130622 5 1 6
20130622 7 6 4
20130622 9 1 7
20130622 5 4 1
20130622 5 1 2
20130622 1 9 7
20130622 2 7 9
20130623 5 3 6
20130623 2 1 3
20130623 2 7 4
20130623 3 2 6
20130623 2 7 5
20130623 3 1 2
20130623 2 6 1
20130623 7 8 2
20130623 5 7 3
20130623 8 9 2
20130623 3 1 8
20130623 2 8 6
20130624 1 5 3
20130624 2 1 5
20130624 6 2 5
20130624 1 3 7
20130624 4 3 6
20130624 2 3 4
20130624 7 2 9
20130624 3 6 2
20130624 5 9 1
20130624 7 3 5
20130624 1 3 2
20130624 2 1 7
20130712 1 2 9
20130712 3 2 4
20130712 5 4 1
20130712 7 5 6
20130712 5 1 7
20130712 9 7 4
20130712 2 1 3
20130712 9 1 5
20130712 7 2 3
20130712 9 4 5
20130712 2 5 3
20130712 3 7 9
20130713 3 1 5
20130713 4 7 2
20130713 1 6 2
20130713 7 8 1
20130713 4 1 8
20130713 7 8 6
20130713 7 2 4
20130713 5 1 2
20130713 9 7 3
20130713 7 4 1
20130713 1 5 7
20130713 8 9 2
20130714 4 2 8
20130714 4 5 6
20130714 1 3 7
20130714 1 9 5
20130714 3 1 8
20130714 5 4 1
20130714 4 3 9
20130714 9 3 8
20130714 8 9 5
20130714 5 8 4
20130714 4 2 7
20130714 3 1 6
20130715 3 8 5
20130715 2 5 8
20130715 7 5 3
20130715 2 9 5
20130715 4 9 1
20130715 2 9 5
20130715 1 3 9
20130715 8 5 3
20130715 4 9 3
20130715 5 3 9
20130715 4 1 5
20130730 2 7 5
20130730 6 1 5
20130730 1 5 7
20130730 7 3 2
20130730 1 5 7
20130730 3 2 7
20130730 4 1 5
20130730 3 1 9
20130730 9 1 7
20130730 4 1 3
20130731 2 3 4
20130731 3 7 5
20130731 3 4 5
20130731 2 1 7
20130731 3 7 4
20130731 9 1 7
20130731 2 1 7
20130731 7 4 2
20130731 7 3 9
20130731 2 7 9
20130801 3 2 6
20130801 5 1 4
20130801 7 2 6
20130801 2 3 7
20130801 7 2 3
20130801 1 2 4
20130801 1 4 2
20130801 7 3 1
20130801 1 5 7
20130801 9 1 7
20130804 5 3 9
20130804 3 5 9
20130804 7 3 8
20130804 1 3 7
20130804 1 9 8
20130804 1 2 6
20130804 7 6 1
20130804 5 9 4
20130804 8 1 2
20130804 8 1 7
20130804 9 3 8
20130804 7 9 6
20130804 3 5 1
20130805 1 7 9
20130805 2 3 5
20130805 1 9 5
20130805 9 4 7
20130805 1 3 9
20130805 3 4 7
20130805 4 7 6
20130805 2 8 3
20130805 1 9 8
20130805 2 1 5
20130805 1 3 4
20130805 7 2 4
20130806 3 1 4
20130806 9 7 6
20130806 9 1 2
20130806 7 2 9
20130806 1 3 6
20130806 9 1 6
20130806 3 7 2
20130806 1 3 2
20130806 5 1 6
20130806 1 5 4
20130806 3 2 8
20130806 1 7 2
20130819 5 1 6
20130819 7 1 5
20130819 7 3 1
20130819 2 5 7
20130819 3 1 2
20130819 1 9 2
20130819 5 3 2
20130819 2 5 4
20130819 9 2 3
20130819 3 2 7
20130820 3 7 4
20130820 2 5 7
20130820 1 7 6
20130820 1 3 5
20130820 2 5 1
20130820 2 1 8
20130820 3 9 8
20130820 3 1 2
20130820 1 8 7
20130820 5 1 2
20130821 5 1 2
20130821 7 1 6
20130821 1 7 3
20130821 2 7 4
20130821 3 1 4
20130821 2 5 4
20130821 8 3 1
20130821 8 3 7
20130821 2 3 1
20130821 7 3 9
20130821 2 7 1
20130828 2 1 5
20130828 7 1 3
20130828 5 2 3
20130828 5 7 2
20130828 7 3 1
20130828 3 7 2
20130828 9 2 5
20130828 9 3 5
20130828 1 5 3
20130828 5 4 3
20130829 7 2 1
20130829 3 7 5
20130829 1 3 6
20130829 1 2 3
20130829 1 2 4
20130829 3 7 6
20130829 3 1 5
20130829 4 7 1
20130829 8 9 1
20130829 2 8 5
20130830 4 3 1
20130830 2 5 4
20130830 7 3 2
20130830 3 1 2
20130830 2 1 7
20130830 1 7 4
20130830 1 5 2
20130830 8 2 7
20130830 2 5 3
20130830 8 7 3
20130906 2 3 5
20130906 3 5 4
20130906 1 3 2
20130906 2 5 7
20130906 7 2 1
20130906 2 9 1
20130906 1 3 8
20130906 9 7 2
20130906 1 2 5
20130906 6 3 5
20130907 5 2 3
20130907 5 2 3
20130907 1 3 6
20130907 5 7 6
20130907 1 4 7
20130907 7 5 9
20130907 9 3 8
20130907 3 2 9
20130907 7 9 3
20130907 3 7 1
20130908 3 2 1
20130908 3 7 2
20130908 5 2 3
20130908 1 3 7
20130908 5 2 7
20130908 5 4 1
20130908 5 9 3
20130908 9 4 1
20130908 9 3 2
20130908 9 2 1
20130918 2 5 3
20130918 7 5 3
20130918 5 1 2
20130918 7 2 1
20130918 5 7 4
20130918 2 7 3
20130918 2 9 1
20130918 2 9 5
20130918 2 9 1
20130918 5 3 9
20130919 7 3 1
20130919 7 5 1
20130919 2 1 5
20130919 4 3 1
20130919 3 2 1
20130919 5 1 7
20130919 5 2 7
20130919 5 9 6
20130919 1 5 2
20130919 5 1 2
20130919 1 7 2
20130920 3 1 2
20130920 1 2 5
20130920 1 3 6
20130920 5 2 1
20130920 5 3 6
20130920 7 1 2
20130920 2 7 5
20130920 7 2 5
20130920 3 1 2
20130920 7 1 6
20131002 1 9 7
20131002 2 3 5
20131002 1 3 5
20131002 1 5 7
20131002 1 3 4
20131002 2 7 3
20131002 7 1 9
20131002 2 9 3
20131002 5 7 8
20131002 2 7 5
20131002 9 3 4
20131003 5 2 9
20131003 1 3 2
20131003 5 1 9
20131003 9 5 1
20131003 5 1 3
20131003 5 7 9
20131003 7 1 2
20131003 9 3 8
20131003 1 9 8
20131003 5 7 2
20131003 2 4 3
20131004 3 4 1
20131004 2 5 9
20131004 1 7 8
20131004 7 3 5
20131004 1 7 2
20131004 7 9 5
20131004 1 3 5
20131004 7 3 8
20131004 2 9 3
20131004 9 7 5
20131004 6 3 2
20131009 2 9 7
20131009 5 1 8
20131009 1 8 5
20131009 3 4 7
20131009 5 3 4
20131009 1 7 9
20131009 3 8 5
20131009 2 1 6
20131009 5 2 6
20131009 7 3 2
20131009 7 8 9
20131010 5 8 9
20131010 1 3 4
20131010 3 2 7
20131010 3 1 2
20131010 7 1 5
20131010 7 1 4
20131010 3 2 8
20131010 7 3 4
20131010 7 4 3
20131010 2 7 5
20131010 9 3 1
20131010 9 2 5
20131011 9 7 1
20131011 8 9 1
20131011 9 4 2
20131011 3 7 9
20131011 3 2 5
20131011 1 7 2
20131011 6 5 8
20131011 1 9 2
20131011 1 9 7
20131011 4 3 2
20131011 7 2 3
20131011 3 2 8
20131025 2 5 6
20131025 5 3 1
20131025 3 1 5
20131025 7 3 1
20131025 3 7 1
20131025 3 6 4
20131025 2 1 3
20131025 2 1 7
20131025 5 3 1
20131025 1 8 5
20131025 7 1 5
20131025 7 2 9
20131026 1 3 2
20131026 2 7 5
20131026 1 7 4
20131026 2 3 1
20131026 2 3 7
20131026 3 5 4
20131026 7 4 3
20131026 6 2 1
20131026 3 9 4
20131026 9 4 3
20131026 2 9 1
20131026 5 7 3
20131026 5 9 2
20131027 3 5 1
20131027 5 3 1
20131027 2 3 5
20131027 5 2 4
20131027 2 3 7
20131027 2 1 4
20131027 3 8 5
20131027 2 7 3
20131027 9 7 2
20131027 5 2 1
20131027 2 6 1
20131027 5 3 1
20131027 6 5 4
20131106 7 1 4
20131106 7 3 5
20131106 2 5 7
20131106 7 2 5
20131106 4 1 5
20131106 5 1 7
20131106 3 5 2
20131106 5 7 8
20131106 7 1 5
20131106 5 2 7
20131107 2 1 6
20131107 7 3 1
20131107 7 1 5
20131107 2 3 5
20131107 1 7 5
20131107 1 5 6
20131107 9 7 8
20131107 3 4 7
20131107 9 3 5
20131107 1 9 2
20131108 5 2 3
20131108 3 5 2
20131108 4 2 1
20131108 3 7 6
20131108 4 5 6
20131108 1 7 9
20131108 7 1 4
20131108 9 7 1
20131108 3 7 9
20131108 9 7 4
20131113 2 5 1
20131113 2 7 1
20131113 3 7 1
20131113 7 2 5
20131113 5 1 2
20131113 4 3 7
20131113 3 7 5
20131113 8 5 9
20131113 9 1 7
20131113 5 7 2
20131114 1 2 4
20131114 3 5 7
20131114 3 7 5
20131114 2 3 5
20131114 1 3 5
20131114 2 7 5
20131114 6 5 7
20131114 2 7 6
20131114 5 7 2
20131114 7 2 1
20131115 1 3 5
20131115 3 5 1
20131115 3 6 1
20131115 1 6 3
20131115 5 6 1
20131115 3 5 7
20131115 8 5 7
20131115 1 2 4
20131115 1 4 8
20131115 3 7 2
20140414 7 3 1
20140414 3 5 7
20140414 1 7 2
20140414 2 5 7
20140414 3 1 4
20140414 2 5 8
20140414 2 9 4
20140414 3 8 2
20140414 2 5 9
20140414 1 2 5
20140415 2 1 7
20140415 3 7 1
20140415 2 1 5
20140415 2 1 6
20140415 7 3 1
20140415 3 2 8
20140415 7 8 1
20140415 3 1 5
20140415 1 3 5
20140415 7 9 1
20140416 4 2 1
20140416 2 5 1
20140416 1 5 6
20140416 3 2 1
20140416 2 7 1
20140416 9 8 1
20140416 1 5 7
20140416 1 9 2
20140416 8 1 3
20140416 1 5 3
20140423 3 7 1
20140423 7 9 3
20140423 7 2 4
20140423 2 1 4
20140423 2 7 5
20140423 7 3 6
20140423 1 8 2
20140423 9 3 7
20140423 1 3 9
20140423 9 2 5
20140423 4 2 3
20140424 5 2 6
20140424 3 9 7
20140424 7 1 3
20140424 4 6 9
20140424 9 3 5
20140424 2 5 1
20140424 8 7 1
20140424 1 7 4
20140424 2 9 4
20140424 6 9 3
20140424 7 1 5
20140425 7 2 9
20140425 9 3 2
20140425 5 2 9
20140425 9 1 7
20140425 5 8 2
20140425 5 8 3
20140425 9 1 2
20140425 1 5 3
20140425 5 3 9
20140425 9 1 5
20140425 2 6 9
20140526 9 3 4
20140526 1 3 5
20140526 4 1 9
20140526 5 2 9
20140526 3 1 5
20140526 5 1 8
20140526 1 2 9
20140526 5 1 2
20140526 2 9 3
20140526 7 2 5
20140526 4 3 9
20140527 5 2 9
20140527 1 5 2
20140527 6 4 5
20140527 7 1 6
20140527 1 3 8
20140527 5 1 9
20140527 7 5 2
20140527 7 2 5
20140527 9 2 1
20140527 8 1 7
20140527 7 9 1
20140528 7 9 5
20140528 4 2 9
20140528 3 8 5
20140528 3 9 5
20140528 7 2 4
20140528 4 1 7
20140528 2 5 3
20140528 9 1 2
20140528 3 2 1
20140528 3 9 5
20140528 1 5 4
20140601 1 5 4
20140601 5 7 2
20140601 5 7 1
20140601 5 3 7
20140601 2 4 1
20140601 5 3 6
20140601 7 5 2
20140601 7 1 2
20140601 1 9 4
20140601 9 3 6
20140601 5 3 7
20140601 3 2 1
20140602 5 1 2
20140602 7 6 4
20140602 1 7 4
20140602 3 7 1
20140602 1 2 7
20140602 3 1 6
20140602 1 4 2
20140602 4 7 1
20140602 9 3 2
20140602 5 2 3
20140602 3 9 4
20140602 7 5 4
20140603 2 3 5
20140603 2 7 4
20140603 1 6 4
20140603 7 5 1
20140603 5 7 3
20140603 7 1 2
20140603 1 5 2
20140603 3 9 2
20140603 5 9 3
20140603 3 5 2
20140603 6 4 2
20140603 1 2 9
20140608 5 3 6
20140608 1 3 5
20140608 2 7 5
20140608 2 1 5
20140608 2 5 3
20140608 5 2 9
20140608 3 7 9
20140608 3 4 5
20140608 7 2 9
20140608 3 9 5
20140609 3 1 2
20140609 1 2 7
20140609 5 1 4
20140609 2 7 1
20140609 7 3 4
20140609 5 1 3
20140609 1 7 4
20140609 1 4 5
20140609 7 2 9
20140609 9 1 7
20140610 5 1 3
20140610 7 2 3
20140610 1 3 2
20140610 3 6 2
20140610 3 6 2
20140610 1 8 4
20140610 2 9 5
20140610 9 7 3
20140610 3 4 2
20140610 1 3 8
20140703 7 6 4
20140703 2 7 4
20140703 1 6 3
20140703 2 7 5
20140703 2 7 5
20140703 7 2 5
20140703 7 9 5
20140703 5 9 2
20140703 9 8 3
20140703 2 3 9
20140704 6 2 7
20140704 2 5 1
20140704 6 5 7
20140704 7 4 2
20140704 5 2 1
20140704 3 2 8
20140704 9 2 3
20140704 1 5 9
20140704 5 9 3
20140704 7 1 5
20140705 5 1 3
20140705 5 1 2
20140705 5 7 2
20140705 7 5 4
20140705 6 5 3
20140705 7 8 4
20140705 1 7 9
20140705 7 9 1
20140705 3 7 5
20140705 6 4 3
20140718 2 7 5
20140718 2 9 1
20140718 1 2 4
20140718 1 5 8
20140718 2 4 7
20140718 1 9 8
20140718 1 4 5
20140718 9 2 7
20140718 7 1 5
20140718 2 1 3
20140718 1 5 7
20140718 9 5 6
20140719 2 9 7
20140719 4 2 5
20140719 7 2 3
20140719 3 6 9
20140719 9 4 1
20140719 1 2 3
20140719 5 9 1
20140719 5 2 3
20140719 7 1 8
20140719 2 1 6
20140719 1 5 3
20140719 6 3 9
20140720 1 4 8
20140720 4 9 5
20140720 9 7 3
20140720 8 7 9
20140720 6 4 2
20140720 2 7 1
20140720 1 4 5
20140720 9 3 5
20140720 3 9 2
20140720 7 3 5
20140720 5 9 2
20140720 5 1 3
20140721 5 7 3
20140721 7 4 1
20140721 8 7 4
20140721 5 1 7
20140721 1 5 9
20140721 5 2 1
20140721 9 5 6
20140721 1 7 9
20140721 4 7 8
20140721 3 4 1
20140721 1 7 5
20140801 2 7 4
20140801 1 7 2
20140801 2 5 3
20140801 3 4 5
20140801 3 4 1
20140801 2 3 1
20140801 1 7 3
20140801 5 2 3
20140801 7 3 5
20140801 2 7 1
20140802 4 7 6
20140802 1 7 3
20140802 5 1 3
20140802 5 3 2
20140802 2 3 7
20140802 9 4 3
20140802 1 7 8
20140802 5 9 1
20140802 1 8 7
20140802 1 7 6
20140803 2 5 7
20140803 3 7 6
20140803 7 2 6
20140803 1 2 3
20140803 1 4 5
20140803 9 4 1
20140803 6 4 9
20140803 5 2 8
20140803 3 1 7
20140803 5 2 3
20140808 2 7 3
20140808 4 3 2
20140808 1 3 6
20140808 1 5 7
20140808 2 5 3
20140808 7 4 3
20140808 5 3 7
20140808 3 9 6
20140808 5 6 7
20140808 3 7 2
20140809 5 1 2
20140809 2 3 7
20140809 7 2 1
20140809 5 3 1
20140809 1 4 3
20140809 1 7 5
20140809 1 7 6
20140809 1 9 7
20140809 3 4 6
20140809 3 1 4
20140809 5 9 1
20140810 4 1 7
20140810 5 7 3
20140810 5 1 3
20140810 5 6 4
20140810 7 3 2
20140810 2 1 3
20140810 9 3 6
20140810 2 3 1
20140810 2 7 3
20140810 9 4 3
20140824 1 3 4
20140824 3 1 6
20140824 5 1 3
20140824 2 7 1
20140824 1 7 2
20140824 6 7 2
20140824 6 1 3
20140824 9 5 2
20140824 2 9 3
20140824 5 3 2
20140824 9 5 3
20140824 5 4 2
20140825 1 3 7
20140825 2 5 3
20140825 2 5 7
20140825 5 7 3
20140825 2 5 1
20140825 1 6 4
20140825 3 7 1
20140825 4 7 3
20140825 3 2 1
20140825 1 3 7
20140825 1 9 5
20140825 1 5 3
20140826 3 5 1
20140826 5 2 6
20140826 3 2 4
20140826 4 1 5
20140826 1 3 7
20140826 1 5 3
20140826 8 7 2
20140826 2 9 4
20140826 3 9 5
20140826 5 3 4
20140826 7 3 1
20140826 5 3 8
20140905 6 5 7
20140905 3 1 2
20140905 7 5 4
20140905 1 3 5
20140905 3 6 1
20140905 1 7 2
20140905 5 6 3
20140905 1 4 3
20140905 1 5 7
20140905 3 5 2
20140906 3 5 1
20140906 5 4 7
20140906 7 2 1
20140906 2 5 7
20140906 1 2 5
20140906 3 1 4
20140906 7 5 9
20140906 9 3 4
20140906 9 2 5
20140906 2 5 8
20140907 3 7 2
20140907 5 2 7
20140907 3 7 4
20140907 1 2 7
20140907 3 5 7
20140907 2 1 6
20140907 7 9 3
20140907 1 2 5
20140907 5 7 2
20140907 2 3 9
20140916 1 7 3
20140916 5 3 4
20140916 5 1 7
20140916 5 2 3
20140916 7 2 5
20140916 5 7 3
20140916 9 4 7
20140916 7 5 2
20140916 8 5 9
20140916 7 9 2
20140917 1 2 5
20140917 3 2 7
20140917 1 3 4
20140917 1 7 2
20140917 2 7 1
20140917 3 7 1
20140917 9 5 4
20140917 5 1 7
20140917 6 3 9
20140917 2 5 7
20140918 2 3 7
20140918 5 7 1
20140918 4 7 3
20140918 2 7 4
20140918 5 3 2
20140918 2 9 5
20140918 1 2 7
20140918 9 2 3
20140918 9 3 1
20140918 5 2 7
20140924 8 5 3
20140924 2 3 9
20140924 2 1 9
20140924 3 1 9
20140924 1 7 2
20140924 3 9 6
20140924 5 3 4
20140924 4 9 1
20140924 1 9 7
20140924 7 5 3
20140924 3 6 8
20140925 9 1 5
20140925 2 5 7
20140925 7 3 4
20140925 2 7 4
20140925 1 4 3
20140925 7 2 4
20140925 2 5 1
20140925 5 1 7
20140925 1 8 5
20140925 9 2 4
20140925 7 9 1
20140926 1 5 9
20140926 7 2 1
20140926 5 2 9
20140926 5 3 7
20140926 2 9 3
20140926 1 9 5
20140926 7 5 3
20140926 3 1 2
20140926 7 8 1
20140926 3 1 7
20140926 5 2 9
20141008 7 1 2
20141008 9 3 5
20141008 1 7 6
20141008 9 3 7
20141008 1 4 3
20141008 4 5 1
20141008 5 1 2
20141008 3 5 7
20141008 2 7 5
20141008 9 7 2
20141008 7 2 8
20141008 2 1 8
20141009 9 3 5
20141009 5 9 3
20141009 3 7 9
20141009 3 7 8
20141009 9 2 5
20141009 2 1 7
20141009 3 7 4
20141009 2 4 7
20141009 9 6 5
20141009 1 4 5
20141009 7 1 5
20141009 1 3 5
20141010 3 9 4
20141010 7 2 6
20141010 2 5 8
20141010 3 4 6
20141010 7 2 1
20141010 5 2 3
20141010 7 9 1
20141010 2 3 7
20141010 2 7 9
20141010 2 3 7
20141010 1 7 8
20141010 3 5 1
20141028 1 7 4
20141028 5 1 8
20141028 3 1 6
20141028 6 9 2
20141028 6 9 2
20141028 2 4 8
20141028 1 7 9
20141028 3 9 5
20141028 7 1 3
20141028 7 2 5
20141028 3 2 1
20141029 1 5 2
20141029 8 1 9
20141029 5 7 3
20141029 7 1 2
20141029 3 2 5
20141029 1 2 7
20141029 5 4 2
20141029 7 1 3
20141029 5 3 2
20141029 2 7 5
20141029 2 3 4
20141030 3 9 2
20141030 8 1 3
20141030 6 5 2
20141030 2 7 1
20141030 3 7 1
20141030 7 3 1
20141030 9 2 8
20141030 3 1 2
20141030 1 2 4
20141030 7 3 1
20141030 1 9 8
20141106 1 5 3
20141106 1 5 2
20141106 2 7 5
20141106 5 3 2
20141106 4 3 1
20141106 3 5 7
20141106 7 3 4
20141106 7 8 1
20141106 2 5 9
20141106 2 5 6
20141107 7 2 4
20141107 7 2 3
20141107 3 1 2
20141107 3 2 1
20141107 1 6 2
20141107 9 2 8
20141107 5 1 7
20141107 7 1 3
20141107 1 3 7
20141107 2 7 1
20141108 2 1 6
20141108 4 5 3
20141108 7 4 3
20141108 3 1 7
20141108 1 7 5
20141108 2 1 8
20141108 1 5 2
20141108 2 4 7
20141108 1 5 7
20141108 1 7 5
20150413 2 5 4
20150413 7 5 1
20150413 1 5 4
20150413 7 2 1
20150413 2 1 3
20150413 9 1 4
20150413 2 4 7
20150413 2 7 5
20150413 1 9 3
20150413 4 2 1
20150414 3 7 1
20150414 1 4 5
20150414 1 5 7
20150414 3 5 1
20150414 5 6 7
20150414 5 3 2
20150414 7 1 9
20150414 9 2 5
20150414 5 1 4
20150414 5 9 3
20150415 1 3 5
20150415 1 7 2
20150415 6 3 5
20150415 7 2 4
20150415 2 1 7
20150415 2 3 9
20150415 5 1 2
20150415 9 1 5
20150415 9 5 7
20150415 9 4 1
20150423 1 5 4
20150423 8 7 5
20150423 3 6 8
20150423 3 2 9
20150423 7 3 9
20150423 4 1 5
20150423 6 4 1
20150423 3 7 5
20150423 7 9 1
20150423 1 9 2
20150423 9 3 2
20150423 2 5 8
20150424 3 4 9
20150424 1 5 7
20150424 3 5 9
20150424 1 7 9
20150424 1 8 7
20150424 3 5 4
20150424 4 7 1
20150424 3 4 7
20150424 5 2 9
20150424 1 2 3
20150424 7 3 2
20150424 7 3 4
20150424 3 1 4
20150425 5 2 8
20150425 7 9 5
20150425 1 8 9
20150425 2 7 5
20150425 5 6 2
20150425 9 2 5
20150425 1 8 2
20150425 3 7 4
20150425 4 1 9
20150425 4 3 5
20150425 3 1 9
20150425 3 7 6
20150430 2 3 6
20150430 3 2 5
20150430 2 5 1
20150430 3 2 4
20150430 1 5 2
20150430 9 3 1
20150430 3 7 9
20150430 1 9 7
20150430 9 1 3
20150430 5 3 1
20150501 2 4 7
20150501 5 3 2
20150501 4 2 3
20150501 2 5 7
20150501 2 7 5
20150501 5 3 4
20150501 1 3 2
20150501 1 3 8
20150501 3 1 6
20150501 7 6 9
20150501 5 1 2
20150502 2 1 7
20150502 7 2 1
20150502 3 1 5
20150502 1 2 5
20150502 3 7 1
20150502 5 1 7
20150502 5 4 1
20150502 9 2 6
20150502 3 5 8
20150502 9 2 1
20150603 3 4 1
20150603 3 5 1
20150603 7 1 5
20150603 5 1 7
20150603 2 5 3
20150603 1 5 3
20150603 2 7 5
20150603 2 5 1
20150603 2 3 7
20150603 1 4 2
20150604 2 1 7
20150604 5 1 2
20150604 4 6 7
20150604 7 2 3
20150604 1 7 4
20150604 5 4 2
20150604 3 7 2
20150604 1 5 7
20150604 1 5 8
20150604 3 5 2
20150605 1 3 7
20150605 5 3 7
20150605 2 5 6
20150605 1 7 3
20150605 2 7 1
20150605 5 3 9
20150605 1 4 3
20150605 2 9 7
20150605 9 1 7
20150605 9 2 4
