20111207 3 9 2
20111207 6 1 8
20111207 2 5 1
20111207 3 5 2
20111207 9 2 3
20111207 4 5 3
20111208 1 7 8
20111208 6 3 4
20111208 3 5 2
20111208 3 5 9
20111208 7 1 5
20111208 3 9 7
20111208 1 3 5
20111208 5 4 7
20111208 1 7 9
20111208 3 5 4
20111208 1 7 3
20111208 3 9 5
20111209 7 1 4
20111209 2 9 1
20111209 2 9 8
20111209 1 9 3
20111209 2 9 5
20111209 2 3 5
20111209 1 7 4
20111209 7 2 8
20111209 2 8 1
20111209 2 6 1
20111209 5 1 7
20111209 1 9 5
20111220 9 3 1
20111220 1 7 3
20111220 2 3 5
20111220 1 2 5
20111220 1 8 4
20111220 2 7 1
20111220 2 1 5
20111220 2 5 7
20111220 2 1 9
20111220 2 9 1
20111220 3 2 9
20111220 1 2 4
20111220 1 8 7
20111221 1 5 9
20111221 4 1 6
20111221 1 3 9
20111221 9 6 3
20111221 2 9 3
20111221 2 5 9
20111221 2 7 1
20111221 5 3 8
20111221 6 2 1
20111221 2 7 8
20111221 2 9 3
20111221 1 7 2
20111222 4 2 5
20111222 9 7 4
20111222 7 2 8
20111222 5 1 4
20111222 5 7 1
20111222 3 9 1
20111222 4 2 6
20111222 9 2 1
20111222 2 5 3
20111222 5 2 3
20111222 5 9 1
20111222 9 7 4
20120111 2 1 8
20120111 1 5 6
20120111 9 5 2
20120111 5 9 7
20120111 7 2 3
20120111 7 3 8
20120111 3 6 2
20120111 2 4 3
20120111 1 2 8
20120111 2 5 9
20120111 3 1 4
20120111 2 6 4
20120112 6 2 4
20120112 2 4 5
20120112 6 1 3
20120112 5 9 7
20120112 2 3 6
20120112 1 3 7
20120112 3 9 2
20120112 3 2 7
20120112 5 2 7
20120112 2 6 3
20120112 3 4 2
20120112 1 2 4
20120113 3 7 9
20120113 4 5 3
20120113 1 2 7
20120113 1 9 6
20120113 5 2 3
20120113 9 3 7
20120113 2 7 4
20120113 2 6 5
20120113 1 9 2
20120113 3 1 2
20120113 3 4 1
20120113 3 2 1
20120119 5 1 4
20120119 7 1 2
20120119 2 7 5
20120119 2 4 7
20120119 7 5 2
20120119 2 9 3
20120119 3 9 1
20120119 1 3 7
20120119 1 3 6
20120119 2 5 7
20120119 3 9 7
20120120 2 5 3
20120120 2 4 3
20120120 2 7 6
20120120 3 6 1
20120120 1 2 4
20120120 8 2 3
20120120 3 5 2
20120120 1 3 5
20120120 3 9 5
20120120 8 2 4
20120120 1 7 3
20120121 3 2 5
20120121 2 3 7
20120121 1 5 4
20120121 5 2 1
20120121 1 5 4
20120121 3 4 5
20120121 7 3 2
20120121 3 4 9
20120121 5 3 2
20120121 1 2 9
20120121 1 6 5
20120202 7 1 3
20120202 2 5 1
20120202 1 7 3
20120202 3 2 5
20120202 1 7 4
20120202 2 3 1
20120202 1 2 4
20120203 3 5 1
20120203 1 5 3
20120203 7 3 2
20120203 1 3 2
20120203 1 3 5
20120203 3 4 1
20120203 6 4 2
20120203 4 6 1
20120209 5 2 3
20120209 7 1 3
20120209 3 5 7
20120209 2 7 5
20120209 2 1 5
20120209 2 4 3
20120209 1 2 3
20120209 3 1 7
20120209 2 9 8
20120209 2 1 4
20120209 7 2 4
20120210 2 5 3
20120210 3 2 5
20120210 1 4 5
20120210 3 5 4
20120210 5 2 3
20120210 4 2 5
20120210 3 7 9
20120210 2 3 5
20120210 1 7 2
20120210 6 2 4
20120210 7 1 3
20120211 6 3 7
20120211 2 4 7
20120211 2 7 1
20120211 2 1 6
20120211 2 1 3
20120211 5 1 7
20120211 4 2 7
20120211 1 9 3
20120211 2 1 3
20120211 1 8 3
20120211 1 4 7
20120216 3 4 7
20120216 1 4 2
20120216 3 2 5
20120216 3 1 2
20120216 2 3 5
20120216 2 3 5
20120216 1 2 3
20120217 4 1 2
20120217 5 2 3
20120217 1 5 2
20120217 3 7 2
20120217 3 5 1
20120217 1 7 4
20120217 2 5 7
20120224 3 5 2
20120224 4 1 2
20120224 3 5 7
20120224 2 3 7
20120224 1 7 3
20120224 7 2 5
20120224 3 7 5
20120224 9 2 1
20120224 6 3 4
20120224 7 1 9
20120224 1 2 9
20120225 2 1 5
20120225 7 2 1
20120225 2 5 6
20120225 3 4 7
20120225 2 1 6
20120225 2 4 1
20120225 2 7 1
20120225 2 5 6
20120225 9 7 3
20120225 8 3 9
20120225 5 8 2
20120226 3 1 7
20120226 2 1 3
20120226 5 6 1
20120226 2 3 5
20120226 3 4 7
20120226 2 5 3
20120226 7 4 1
20120226 1 9 6
20120226 2 6 5
20120226 2 3 8
20120226 5 8 2
20120301 1 2 6
20120301 3 1 2
20120301 3 2 5
20120301 2 7 4
20120301 5 7 2
20120301 2 3 7
20120301 1 3 7
20120302 2 5 1
20120302 4 1 3
20120302 2 1 7
20120302 6 1 2
20120302 3 7 1
20120302 1 6 5
20120302 5 1 2
20120307 7 1 4
20120307 1 4 9
20120307 1 7 9
20120307 8 7 2
20120307 3 7 4
20120307 1 9 4
20120307 7 3 5
20120307 2 1 3
20120307 2 9 1
20120307 3 8 1
20120307 1 5 3
20120307 4 9 7
20120308 1 7 9
20120308 9 1 7
20120308 3 9 6
20120308 9 1 3
20120308 4 3 5
20120308 2 7 5
20120308 9 3 2
20120308 5 1 9
20120308 1 4 7
20120308 3 7 5
20120308 2 7 1
20120308 8 2 5
20120309 2 8 3
20120309 3 1 5
20120309 1 4 2
20120309 2 9 4
20120309 3 2 4
20120309 1 9 2
20120309 9 2 7
20120309 3 1 7
20120309 9 1 5
20120309 8 2 5
20120309 1 9 6
20120309 8 1 3
20120315 3 4 5
20120315 3 5 4
20120315 1 7 2
20120315 1 3 5
20120315 3 7 1
20120315 1 7 2
20120315 2 4 7
20120315 3 1 4
20120316 3 4 1
20120316 2 3 1
20120316 3 7 2
20120316 3 2 1
20120316 2 6 7
20120316 3 2 1
20120316 7 1 6
20120329 2 5 7
20120329 5 9 1
20120329 4 3 5
20120329 2 3 5
20120329 7 4 2
20120329 3 9 6
20120329 1 9 7
20120329 2 7 9
20120329 2 7 5
20120329 3 9 1
20120329 1 9 3
20120329 1 3 5
20120330 3 2 1
20120330 2 1 9
20120330 9 2 5
20120330 9 8 3
20120330 7 3 4
20120330 1 3 4
20120330 2 4 6
20120330 2 5 1
20120330 2 6 1
20120330 3 6 8
20120330 2 4 8
20120330 9 3 4
20120331 5 1 2
20120331 7 3 9
20120331 8 1 9
20120331 5 3 7
20120331 3 5 9
20120331 7 2 9
20120331 3 1 9
20120331 5 1 2
20120331 3 4 5
20120331 3 5 7
20120331 2 1 3
20120331 1 5 8
20120405 1 5 2
20120405 3 4 2
20120405 2 5 7
20120405 2 7 4
20120405 1 2 4
20120405 8 5 1
20120405 1 9 5
20120405 5 3 9
20120405 1 5 7
20120405 3 2 1
20120405 7 8 3
20120406 3 7 4
20120406 1 2 3
20120406 2 5 4
20120406 3 1 7
20120406 3 2 1
20120406 2 9 4
20120406 1 7 9
20120406 3 8 2
20120406 5 2 1
20120406 2 9 4
20120406 1 2 3
20120407 3 1 6
20120407 2 5 7
20120407 1 4 2
20120407 1 5 3
20120407 5 2 1
20120407 1 2 4
20120407 2 9 5
20120407 7 2 5
20120407 5 4 7
20120407 9 2 4
20120407 3 8 9
20120419 1 5 4
20120419 2 7 3
20120419 1 3 4
20120419 2 7 3
20120419 3 7 1
20120419 2 1 5
20120419 1 2 4
20120420 1 5 3
20120420 1 7 6
20120420 5 2 1
20120420 3 1 2
20120420 5 3 4
20120420 1 7 3
20120420 7 1 2
20120512 5 1 3
20120512 9 1 5
20120512 5 4 9
20120512 9 2 4
20120512 2 1 4
20120512 4 2 7
20120512 9 2 4
20120512 2 7 6
20120512 1 4 3
20120512 2 9 6
20120512 2 6 4
20120513 5 1 9
20120513 2 9 1
20120513 5 3 8
20120513 2 5 3
20120513 3 6 1
20120513 3 5 7
20120513 3 6 1
20120513 1 9 7
20120513 9 1 3
20120513 9 5 4
20120513 3 6 7
20120517 3 5 2
20120517 5 1 3
20120517 2 3 1
20120517 2 7 5
20120517 3 1 7
20120517 1 5 2
20120517 1 5 2
20120518 2 7 3
20120518 1 3 7
20120518 2 3 6
20120518 2 5 1
20120518 2 6 7
20120518 3 1 5
20120518 2 7 6
20120522 3 9 8
20120522 2 3 4
20120522 7 3 1
20120522 2 3 9
20120522 1 5 6
20120522 2 6 8
20120522 1 7 2
20120522 1 5 7
20120522 3 5 1
20120522 3 1 6
20120522 2 3 9
20120522 2 1 9
20120523 3 4 2
20120523 7 1 3
20120523 2 3 5
20120523 1 9 4
20120523 7 3 2
20120523 1 5 7
20120523 1 7 5
20120523 1 4 5
20120523 5 9 3
20120523 3 9 4
20120523 7 9 2
20120523 5 2 7
20120523 1 5 9
20120524 1 5 2
20120524 3 9 7
20120524 3 1 5
20120524 7 1 9
20120524 6 8 7
20120524 1 4 8
20120524 6 3 7
20120524 3 7 5
20120524 9 4 8
20120524 5 1 3
20120524 3 4 5
20120524 9 3 1
20120525 1 5 2
20120525 3 1 5
20120525 2 9 3
20120525 3 2 9
20120525 3 4 1
20120525 3 5 2
20120525 2 7 8
20120525 1 3 9
20120525 2 3 7
20120525 1 7 3
20120525 2 9 1
20120525 1 7 2
20120531 2 7 5
20120531 3 7 1
20120531 2 7 5
20120531 1 3 2
20120531 3 2 5
20120531 5 7 6
20120531 1 4 3
20120601 4 6 5
20120601 1 5 2
20120601 2 3 5
20120601 6 3 4
20120601 1 6 4
20120601 5 2 1
20120601 5 7 2
20120610 1 6 3
20120610 3 2 4
20120610 7 1 6
20120610 2 7 4
20120610 3 7 6
20120610 2 8 7
20120610 1 5 9
20120610 2 3 1
20120610 2 5 1
20120610 3 2 4
20120610 1 4 9
20120611 1 2 5
20120611 3 5 4
20120611 1 7 2
20120611 1 5 6
20120611 2 1 3
20120611 2 1 9
20120611 1 2 7
20120611 2 9 1
20120611 1 8 2
20120611 1 8 4
20120611 2 1 9
20120612 5 3 1
20120612 1 3 5
20120612 1 4 5
20120612 2 7 3
20120612 3 5 1
20120612 8 2 5
20120612 9 2 7
20120612 7 9 5
20120612 7 2 4
20120612 2 1 9
20120612 1 7 3
20120717 3 1 7
20120717 5 1 2
20120717 2 3 8
20120717 2 7 6
20120717 1 3 9
20120717 1 9 3
20120717 2 9 4
20120717 5 1 3
20120717 7 3 9
20120717 2 9 4
20120717 3 2 4
20120717 3 1 4
20120718 2 9 7
20120718 1 2 6
20120718 3 9 1
20120718 5 2 7
20120718 7 3 5
20120718 9 3 5
20120718 3 7 5
20120718 7 3 5
20120718 2 8 7
20120718 3 6 1
20120718 1 3 9
20120719 8 1 9
20120719 6 1 2
20120719 8 1 4
20120719 2 6 3
20120719 9 5 8
20120719 3 1 4
20120719 2 3 7
20120719 1 2 9
20120719 2 5 4
20120719 2 9 3
20120719 2 3 1
20120725 4 7 2
20120725 1 3 2
20120725 5 2 6
20120725 2 5 4
20120725 2 1 3
20120725 2 8 7
20120725 3 9 6
20120725 2 7 6
20120725 5 3 8
20120725 9 4 3
20120725 9 1 3
20120726 2 4 7
20120726 2 3 1
20120726 3 5 6
20120726 1 4 2
20120726 1 3 5
20120726 7 1 9
20120726 3 6 9
20120726 2 9 7
20120726 3 7 4
20120726 2 8 7
20120726 7 2 8
20120727 3 5 4
20120727 7 3 2
20120727 2 7 1
20120727 7 5 2
20120727 1 5 2
20120727 5 3 1
20120727 3 7 8
20120727 7 1 2
20120727 2 4 1
20120727 2 1 8
20120727 1 3 8
20120817 6 2 1
20120817 2 5 7
20120817 7 3 2
20120817 1 5 7
20120817 2 7 3
20120817 4 5 1
20120817 2 7 9
20120817 5 2 7
20120817 3 9 5
20120817 2 3 7
20120817 1 3 5
20120818 7 1 2
20120818 1 7 3
20120818 2 3 7
20120818 2 7 5
20120818 3 5 2
20120818 3 5 7
20120818 1 7 5
20120818 5 4 2
20120818 2 9 3
20120818 7 2 1
20120818 7 3 9
20120819 3 2 4
20120819 1 5 2
20120819 5 3 7
20120819 2 3 7
20120819 2 1 3
20120819 2 7 5
20120819 3 9 5
20120819 2 1 9
20120819 3 1 7
20120819 1 3 2
20120819 2 4 8
20120829 1 9 2
20120829 5 9 7
20120829 1 7 3
20120829 7 3 8
20120829 3 7 5
20120829 2 9 3
20120829 5 2 4
20120829 5 2 9
20120829 2 9 6
20120829 3 7 9
20120829 1 2 9
20120829 2 8 3
20120830 2 1 9
20120830 3 8 9
20120830 2 7 8
20120830 3 1 6
20120830 2 9 5
20120830 4 2 7
20120830 3 1 9
20120830 1 7 4
20120830 5 1 7
20120830 2 7 8
20120830 3 5 4
20120831 9 7 1
20120831 9 1 3
20120831 2 5 6
20120831 3 7 5
20120831 5 3 8
20120831 5 2 7
20120831 3 2 9
20120831 1 3 5
20120831 1 5 7
20120831 2 3 5
20120831 7 2 3
20120913 5 2 1
20120913 5 3 8
20120913 3 9 4
20120913 7 1 5
20120913 6 9 2
20120913 1 4 3
20120913 5 1 7
20120913 2 1 7
20120913 9 1 5
20120913 3 8 1
20120913 4 3 8
20120914 1 4 3
20120914 8 3 7
20120914 5 2 1
20120914 7 9 1
20120914 1 8 2
20120914 4 2 1
20120914 5 2 1
20120914 2 5 3
20120914 8 1 3
20120914 4 5 9
20120915 7 4 8
20120915 7 6 2
20120915 8 3 9
20120915 2 3 7
20120915 1 9 5
20120915 1 9 8
20120915 2 5 3
20120915 9 5 3
20120915 5 3 7
20120915 2 1 3
20120915 1 3 9
20120915 9 7 3
20120916 8 5 7
20120916 1 5 4
20120916 6 1 9
20120916 1 8 9
20120916 9 6 3
20120916 6 3 4
20120916 4 9 1
20120916 2 3 6
20120916 1 9 5
20120916 5 3 6
20120916 7 9 1
20120917 5 1 6
20120917 4 2 3
20120917 7 4 3
20120917 1 7 9
20120917 2 1 9
20120917 2 5 7
20120917 7 1 9
20120917 6 1 5
20120917 3 1 9
20120917 2 9 7
20120917 9 2 7
20120917 5 9 4
20121003 5 1 6
20121003 1 3 7
20121003 2 7 3
20121003 1 3 7
20121003 5 1 4
20121003 1 5 3
20121003 3 5 4
20121003 3 7 8
20121003 3 2 1
20121003 5 2 1
20121003 7 5 3
20121004 3 5 7
20121004 3 7 5
20121004 2 4 6
20121004 3 7 1
20121004 5 1 7
20121004 9 2 5
20121004 1 9 5
20121004 5 9 3
20121004 9 5 7
20121004 9 2 4
20121004 3 1 7
20121005 5 3 2
20121005 2 5 1
20121005 3 2 6
20121005 7 1 3
20121005 7 2 4
20121005 3 5 2
20121005 9 2 5
20121005 2 3 1
20121005 5 3 7
20121005 7 5 2
20121005 7 3 9
20121018 7 1 6
20121018 3 5 7
20121018 7 4 3
20121018 1 5 6
20121018 1 7 2
20121018 3 5 9
20121018 1 9 2
20121018 7 2 8
20121018 7 3 1
20121018 3 7 9
20121018 9 2 6
20121019 3 2 5
20121019 7 5 4
20121019 5 1 3
20121019 3 2 5
20121019 1 3 2
20121019 1 3 5
20121019 7 5 9
20121019 7 1 2
20121019 9 7 2
20121019 1 5 2
20121019 1 3 2
20121020 2 5 1
20121020 2 7 5
20121020 1 2 5
20121020 2 3 6
20121020 2 5 1
20121020 5 9 2
20121020 9 4 2
20121020 9 8 4
20121020 7 2 5
20121020 9 7 2
20121020 2 9 5
20121105 7 5 2
20121105 7 3 1
20121105 2 5 1
20121105 5 1 3
20121105 8 1 2
20121105 4 8 1
20121105 5 8 9
20121105 1 5 3
20121105 2 1 5
20121105 1 7 4
20121105 9 3 1
20121106 2 5 9
20121106 9 5 1
20121106 9 3 6
20121106 3 4 1
20121106 8 5 1
20121106 2 4 1
20121106 1 5 2
20121106 1 4 3
20121106 1 2 3
20121106 7 1 5
20121106 5 1 6
20121107 3 7 9
20121107 7 5 2
20121107 7 2 6
20121107 2 3 9
20121107 4 7 2
20121107 3 7 1
20121107 3 2 7
20121107 3 1 7
20121107 3 5 6
20121107 2 7 3
20121107 2 9 5
20121108 3 4 7
20121108 2 4 1
20121108 3 5 7
20121108 1 7 2
20121108 3 5 2
20121108 4 7 1
20121108 1 9 7
20121108 1 8 2
20121108 5 2 9
20121108 1 2 6
20121108 3 5 7
20121203 1 3 5
20121203 2 7 4
20121203 7 1 2
20121203 5 2 1
20121203 2 3 1
20121203 2 4 9
20121203 5 3 9
20121203 5 9 3
20121203 7 6 3
20121203 8 5 7
20121203 2 7 8
20121204 7 3 4
20121204 5 3 1
20121204 1 7 2
20121204 7 1 4
20121204 9 5 2
20121204 6 3 2
20121204 9 2 3
20121204 9 7 5
20121204 7 3 6
20121204 2 9 4
20121205 2 5 1
20121205 2 6 7
20121205 5 4 2
20121205 7 5 2
20121205 2 3 7
20121205 1 7 5
20121205 5 9 6
20121205 6 9 4
20121205 9 5 3
20121205 5 8 4
20121205 6 3 1
20121220 1 5 4
20121220 7 1 5
20121220 1 5 7
20121220 1 2 7
20121220 3 2 1
20121220 7 5 2
20121220 5 1 2
20121221 2 6 3
20121221 2 7 6
20121221 7 1 2
20121221 2 7 5
20121221 1 7 3
20121221 5 7 4
20121221 4 7 2
20121225 3 2 9
20121225 1 3 8
20121225 4 9 7
20121225 9 3 2
20121225 3 2 9
20121225 3 9 4
20121225 2 3 7
20121225 1 7 4
20121225 9 1 2
20121225 2 9 7
20121225 7 5 2
20121226 9 3 1
20121226 7 8 5
20121226 2 1 5
20121226 7 1 4
20121226 2 3 5
20121226 9 1 7
20121226 6 3 2
20121226 4 3 7
20121226 1 9 7
20121226 3 7 9
20121226 2 1 9
20121227 3 9 4
20121227 4 3 2
20121227 7 1 4
20121227 5 1 7
20121227 2 3 1
20121227 3 9 1
20121227 9 2 6
20121227 9 5 7
20121227 3 5 9
20121227 2 9 3
20121227 2 4 9
20130102 2 1 3
20130102 3 5 7
20130102 7 3 1
20130102 2 7 4
20130102 7 3 4
20130102 6 7 4
20130102 9 2 5
20130102 5 2 1
20130102 9 3 1
20130102 6 8 2
20130102 8 6 2
20130102 7 5 9
20130103 3 1 2
20130103 7 5 2
20130103 7 5 1
20130103 5 7 2
20130103 3 7 6
20130103 5 3 1
20130103 8 1 5
20130103 1 9 4
20130103 6 2 1
20130103 8 7 2
20130103 3 1 7
20130104 2 1 3
20130104 4 7 1
20130104 5 7 2
20130104 1 4 3
20130104 2 4 6
20130104 7 3 2
20130104 5 3 2
20130104 8 9 5
20130104 9 1 5
20130104 5 3 1
20130104 6 5 8
20130116 7 2 1
20130116 3 1 5
20130116 2 1 7
20130116 5 3 2
20130116 3 7 1
20130116 7 1 9
20130116 4 9 1
20130116 9 7 8
20130116 7 3 4
20130116 2 9 6
20130116 2 7 6
20130117 7 3 1
20130117 2 3 1
20130117 7 1 2
20130117 1 3 5
20130117 3 4 2
20130117 7 1 8
20130117 9 3 5
20130117 7 8 2
20130117 9 7 6
20130117 7 2 6
20130117 1 3 2
20130118 5 6 3
20130118 1 7 5
20130118 5 7 2
20130118 3 2 7
20130118 2 1 4
20130118 2 9 1
20130118 9 1 4
20130118 2 5 9
20130118 2 5 1
20130118 1 9 5
20130118 7 4 2
20130204 3 1 5
20130204 2 5 4
20130204 7 5 1
20130204 5 2 3
20130204 1 4 7
20130204 7 3 1
20130204 1 7 9
20130204 5 1 9
20130204 1 9 7
20130204 4 8 2
20130204 8 2 1
20130205 7 3 4
20130205 7 1 5
20130205 5 1 7
20130205 7 3 5
20130205 5 1 7
20130205 9 1 4
20130205 9 1 8
20130205 7 2 9
20130205 1 6 5
20130205 3 9 2
20130205 1 5 7
20130205 9 2 3
20130206 2 3 5
20130206 3 5 7
20130206 5 3 7
20130206 7 2 5
20130206 1 5 2
20130206 1 7 2
20130206 9 5 4
20130206 2 1 6
20130206 2 9 4
20130206 4 1 5
20130206 3 8 7
20130206 1 4 9
20130211 3 1 5
20130211 7 3 1
20130211 7 1 3
20130211 3 1 2
20130211 1 7 5
20130211 1 7 4
20130211 2 5 3
20130212 1 4 7
20130212 1 7 6
20130212 5 3 1
20130212 3 7 2
20130212 1 7 3
20130212 5 1 7
20130212 7 2 1
20130220 9 5 7
20130220 7 5 9
20130220 1 2 9
20130220 3 4 7
20130220 1 8 9
20130220 8 1 2
20130220 1 9 7
20130220 4 2 9
20130220 2 3 7
20130220 3 5 7
20130220 8 2 5
20130221 1 2 6
20130221 9 5 7
20130221 1 7 9
20130221 3 2 9
20130221 3 1 5
20130221 3 1 5
20130221 7 8 4
20130221 9 7 8
20130221 5 2 3
20130221 1 3 9
20130221 9 2 3
20130222 1 5 3
20130222 9 3 6
20130222 6 3 5
20130222 3 2 6
20130222 3 6 2
20130222 4 7 3
20130222 8 4 1
20130222 4 2 9
20130222 8 9 1
20130222 5 7 2
20130222 5 3 2
20130222 1 6 4
20130304 5 1 2
20130304 7 2 5
20130304 1 5 3
20130304 1 5 2
20130304 3 5 2
20130304 9 3 7
20130304 5 2 1
20130304 7 5 2
20130304 9 3 1
20130304 1 3 9
20130304 8 9 6
20130305 7 2 1
20130305 1 3 7
20130305 7 1 3
20130305 2 5 7
20130305 7 5 3
20130305 3 5 9
20130305 7 9 3
20130305 4 7 2
20130305 2 7 8
20130305 7 3 1
20130305 3 4 8
20130306 7 5 6
20130306 1 3 7
20130306 3 1 7
20130306 1 7 5
20130306 5 2 7
20130306 2 3 4
20130306 3 1 7
20130306 7 2 3
20130306 4 7 3
20130306 5 7 1
20130306 1 2 9
20130426 7 2 1
20130426 7 4 2
20130426 1 3 7
20130426 7 5 2
20130426 5 1 3
20130426 5 2 7
20130426 7 6 4
20130426 3 5 6
20130426 5 9 4
20130426 2 1 7
20130426 8 1 4
20130426 7 6 1
20130427 3 5 2
20130427 1 4 7
20130427 7 1 3
20130427 3 4 1
20130427 5 7 1
20130427 1 2 3
20130427 4 2 5
20130427 5 3 7
20130427 7 8 2
20130427 6 5 2
20130427 3 5 1
20130427 9 1 2
20130428 2 5 1
20130428 7 5 3
20130428 1 5 6
20130428 1 2 7
20130428 1 2 3
20130428 5 1 3
20130428 1 3 5
20130428 2 4 8
20130428 2 4 9
20130428 7 9 4
20130428 2 7 5
20130428 6 5 1
20130502 5 3 1
20130502 1 7 4
20130502 2 3 1
20130502 1 3 5
20130502 2 5 1
20130502 2 5 3
20130502 7 1 5
20130502 1 3 4
20130503 1 5 7
20130503 2 4 3
20130503 3 2 6
20130503 2 5 3
20130503 5 2 7
20130503 3 1 7
20130503 6 7 3
20130513 1 9 4
20130513 1 2 3
20130513 3 5 6
20130513 9 1 5
20130513 9 3 1
20130513 3 2 1
20130513 9 5 1
20130513 2 5 3
20130513 5 2 9
20130513 5 1 9
20130513 3 5 7
20130513 3 7 5
20130514 8 6 2
20130514 2 3 9
20130514 5 7 2
20130514 1 5 9
20130514 1 9 5
20130514 1 9 2
20130514 9 3 2
20130514 5 2 1
20130514 9 1 7
20130514 3 1 7
20130514 7 3 9
20130514 4 6 8
20130515 1 3 5
20130515 3 9 5
20130515 3 9 5
20130515 1 5 3
20130515 1 9 2
20130515 2 8 1
20130515 9 1 4
20130515 3 7 1
20130515 9 7 1
20130515 1 7 2
20130515 3 1 9
20130522 1 7 3
20130522 2 7 1
20130522 5 4 1
20130522 2 3 1
20130522 3 1 2
20130522 3 9 7
20130522 1 3 4
20130522 7 3 5
20130522 9 5 3
20130522 9 1 3
20130523 7 3 6
20130523 5 3 1
20130523 1 7 2
20130523 5 3 1
20130523 1 3 7
20130523 3 1 9
20130523 1 6 2
20130523 5 1 2
20130523 5 9 2
20130523 1 3 9
20130524 5 3 1
20130524 1 5 6
20130524 7 4 3
20130524 1 5 7
20130524 2 7 3
20130524 9 2 3
20130524 9 2 7
20130524 1 2 9
20130524 5 9 2
20130524 5 2 8
20130524 4 8 7
20130607 3 5 2
20130607 3 5 2
20130607 7 2 4
20130607 5 1 4
20130607 1 5 7
20130607 9 1 5
20130607 9 1 7
20130607 7 9 5
20130607 9 3 6
20130607 3 1 4
20130607 5 1 2
20130608 7 5 1
20130608 7 3 1
20130608 2 3 7
20130608 7 6 3
20130608 7 5 1
20130608 1 3 9
20130608 1 4 6
20130608 8 9 2
20130608 9 5 7
20130608 1 3 8
20130609 5 3 2
20130609 7 5 3
20130609 2 3 4
20130609 5 1 3
20130609 1 5 4
20130609 5 2 9
20130609 2 4 8
20130609 7 1 9
20130609 5 1 8
20130609 7 1 2
20130620 3 7 1
20130620 3 5 1
20130620 3 1 4
20130620 1 5 6
20130620 3 5 2
20130620 3 7 1
20130620 7 1 4
20130621 3 5 6
20130621 3 1 5
20130621 3 2 4
20130621 3 5 1
20130621 1 5 3
20130621 4 3 5
20130621 3 1 7
20130628 2 9 5
20130628 1 9 4
20130628 2 5 9
20130628 2 4 5
20130628 4 2 5
20130628 3 9 5
20130628 3 7 2
20130628 8 1 7
20130628 1 9 3
20130628 3 1 7
20130628 1 9 2
20130628 5 4 7
20130629 3 4 8
20130629 7 5 2
20130629 2 4 7
20130629 3 6 5
20130629 2 9 3
20130629 3 7 5
20130629 7 1 3
20130629 7 3 6
20130629 7 6 3
20130629 3 4 9
20130629 9 1 6
20130629 8 9 5
20130630 9 7 6
20130630 3 1 8
20130630 1 7 2
20130630 7 1 6
20130630 2 7 8
20130630 2 1 6
20130630 2 7 8
20130630 9 5 1
20130630 4 6 2
20130630 1 8 4
20130630 5 1 8
20130630 4 1 8
20130701 7 8 1
20130701 5 2 3
20130701 4 6 9
20130701 1 3 5
20130701 5 8 1
20130701 5 1 4
20130701 3 9 4
20130701 1 3 7
20130701 5 2 3
20130701 3 9 7
20130701 3 9 4
20130711 3 4 1
20130711 3 7 2
20130711 2 7 3
20130711 7 3 4
20130711 3 1 2
20130711 5 3 1
20130711 7 3 6
20130712 2 3 4
20130712 1 4 3
20130712 7 4 1
20130712 6 4 5
20130712 2 1 7
20130712 7 5 2
20130712 7 5 6
20130712 7 3 2
20130717 9 2 3
20130717 2 5 3
20130717 2 1 3
20130717 5 9 1
20130717 7 2 6
20130717 8 1 9
20130717 5 9 2
20130717 7 3 2
20130717 1 3 7
20130717 5 2 7
20130717 7 4 9
20130718 3 9 7
20130718 2 7 1
20130718 8 3 9
20130718 1 3 7
20130718 9 5 7
20130718 5 1 3
20130718 5 3 1
20130718 1 8 2
20130718 8 2 9
20130718 5 4 8
20130718 2 3 8
20130718 3 7 2
20130719 3 9 8
20130719 9 5 1
20130719 9 1 3
20130719 7 1 8
20130719 1 7 8
20130719 9 7 5
20130719 1 5 4
20130719 7 4 2
20130719 2 4 3
20130719 9 7 3
20130719 3 4 6
20130801 1 3 5
20130801 2 7 1
20130801 7 2 1
20130801 5 3 2
20130801 1 5 4
20130801 7 2 4
20130801 7 9 1
20130801 5 9 2
20130801 3 5 2
20130801 5 8 7
20130802 2 5 3
20130802 1 7 5
20130802 2 7 1
20130802 5 2 1
20130802 7 2 5
20130802 7 2 9
20130802 5 3 9
20130802 5 7 3
20130802 3 7 9
20130802 3 1 7
20130803 7 3 1
20130803 2 1 3
20130803 5 1 2
20130803 5 1 3
20130803 6 3 2
20130803 1 4 3
20130803 5 3 9
20130803 1 9 5
20130803 7 3 8
20130803 3 5 7
20130803 4 2 7
20130828 1 3 7
20130828 1 5 2
20130828 1 2 3
20130828 1 7 2
20130828 5 1 7
20130828 1 2 9
20130828 7 5 9
20130828 9 7 4
20130828 5 9 1
20130828 3 1 7
20130829 2 7 5
20130829 3 6 4
20130829 3 7 5
20130829 3 5 2
20130829 1 2 5
20130829 9 3 7
20130829 6 4 2
20130829 7 3 2
20130829 7 5 3
20130829 7 1 9
20130830 7 3 1
20130830 2 7 4
20130830 3 5 6
20130830 7 4 2
20130830 5 6 3
20130830 5 2 7
20130830 5 3 6
20130830 2 9 3
20130830 1 9 5
20130830 7 5 3
20130909 1 3 2
20130909 3 9 5
20130909 5 7 1
20130909 3 2 5
20130909 1 7 3
20130909 9 1 5
20130909 3 7 5
20130909 7 3 8
20130909 5 1 2
20130909 1 9 8
20130909 9 1 4
20130910 1 9 3
20130910 7 3 9
20130910 1 5 7
20130910 7 5 8
20130910 7 2 1
20130910 5 1 3
20130910 3 7 9
20130910 3 5 9
20130910 3 9 5
20130910 7 5 1
20130910 2 5 9
20130910 7 1 9
20130911 5 1 6
20130911 1 3 2
20130911 7 1 3
20130911 9 3 4
20130911 9 1 3
20130911 2 4 7
20130911 2 3 8
20130911 5 2 9
20130911 8 1 9
20130911 1 8 3
20130911 5 2 3
20131002 2 3 5
20131002 1 5 3
20131002 1 5 7
20131002 2 7 4
20131002 5 3 2
20131002 8 7 2
20131002 6 3 1
20131002 2 3 8
20131002 4 2 9
20131002 7 8 1
20131003 3 5 7
20131003 3 1 7
20131003 7 1 5
20131003 3 7 5
20131003 1 3 7
20131003 3 7 9
20131003 1 9 2
20131003 2 1 3
20131003 3 1 7
20131003 3 1 7
20131004 5 3 2
20131004 7 3 1
20131004 3 1 2
20131004 2 4 3
20131004 3 6 4
20131004 9 5 4
20131004 2 1 4
20131004 2 9 1
20131004 5 1 3
20131004 1 4 7
20131102 5 3 9
20131102 7 3 5
20131102 7 1 9
20131102 8 1 7
20131102 1 5 7
20131102 6 7 4
20131102 5 6 3
20131102 5 7 3
20131102 2 7 8
20131102 5 4 9
20131102 9 1 7
20131102 2 9 7
20131103 9 5 7
20131103 5 1 2
20131103 2 1 4
20131103 2 9 1
20131103 3 1 2
20131103 3 2 1
20131103 7 5 3
20131103 1 5 9
20131103 3 9 7
20131103 1 9 3
20131103 9 3 5
20131103 1 9 3
20131104 3 9 4
20131104 5 1 7
20131104 3 4 9
20131104 9 3 7
20131104 4 2 6
20131104 9 2 3
20131104 2 6 4
20131104 4 1 2
20131104 3 9 1
20131104 7 2 5
20131104 2 1 7
20131104 3 1 2
20131128 5 7 2
20131128 1 7 2
20131128 3 7 6
20131128 7 3 5
20131128 6 3 2
20131128 5 7 1
20131128 1 6 2
20131129 3 6 1
20131129 1 5 7
20131129 7 3 1
20131129 6 3 2
20131129 1 5 4
20131129 1 3 2
20131129 2 3 1
20131130 2 5 1
20131130 7 1 2
20131130 1 7 2
20131130 5 7 6
20131130 7 5 1
20131130 3 7 6
20131130 1 7 2
20131210 2 9 7
20131210 2 5 3
20131210 2 5 1
20131210 5 2 9
20131210 3 9 5
20131210 2 7 1
20131210 5 2 9
20131210 1 9 2
20131210 5 2 3
20131210 3 5 7
20131210 3 7 1
20131211 6 9 2
20131211 5 7 9
20131211 5 9 8
20131211 1 7 3
20131211 7 3 5
20131211 7 2 1
20131211 2 1 5
20131211 4 9 8
20131211 1 9 6
20131211 5 4 6
20131211 3 1 5
20131212 2 7 1
20131212 2 7 4
20131212 3 7 5
20131212 4 2 1
20131212 2 3 5
20131212 5 9 1
20131212 1 8 2
20131212 2 5 3
20131212 7 1 5
20131212 3 4 7
20131212 3 7 9
20131225 3 2 5
20131225 3 1 2
20131225 2 7 4
20131225 3 1 5
20131225 9 7 5
20131225 1 7 4
20131225 3 9 1
20131225 9 2 7
20131225 3 7 4
20131225 2 5 7
20131225 2 1 3
20131226 9 2 5
20131226 1 5 9
20131226 9 1 5
20131226 3 9 7
20131226 3 1 2
20131226 2 5 4
20131226 3 2 5
20131226 8 1 5
20131226 7 5 8
20131226 9 2 5
20131226 3 5 1
20131226 3 5 2
20131227 5 3 9
20131227 7 5 6
20131227 2 3 9
20131227 6 4 8
20131227 7 2 5
20131227 7 3 9
20131227 1 3 5
20131227 2 5 1
20131227 5 2 8
20131227 1 4 7
20131227 2 5 1
20140108 7 3 5
20140108 5 1 2
20140108 5 3 6
20140108 7 2 4
20140108 1 7 5
20140108 1 7 9
20140108 1 3 2
20140108 8 6 7
20140108 9 4 5
20140108 1 3 9
20140109 3 7 5
20140109 7 5 1
20140109 5 6 1
20140109 5 7 3
20140109 1 5 3
20140109 2 4 3
20140109 9 4 3
20140109 4 5 1
20140109 1 4 3
20140109 6 9 3
20140110 2 3 5
20140110 1 6 7
20140110 1 3 2
20140110 5 3 2
20140110 7 1 2
20140110 5 7 4
20140110 7 8 9
20140110 4 7 6
20140110 5 2 3
20140110 1 5 9
20140122 5 6 1
20140122 2 7 1
20140122 3 7 2
20140122 2 4 6
20140122 3 4 1
20140122 5 1 3
20140122 3 1 5
20140123 1 6 5
20140123 3 5 7
20140123 4 2 3
20140123 5 2 7
20140123 6 5 1
20140123 3 7 5
20140123 1 4 7
20140128 5 3 9
20140128 5 6 7
20140128 3 7 1
20140128 8 1 9
20140128 7 8 1
20140128 9 1 3
20140128 7 2 1
20140128 1 5 3
20140128 7 4 5
20140128 7 2 9
20140128 5 1 2
20140129 8 3 9
20140129 6 4 5
20140129 8 2 6
20140129 3 2 1
20140129 2 3 5
20140129 2 6 7
20140129 5 1 8
20140129 1 5 4
20140129 2 4 9
20140129 7 1 5
20140129 5 9 7
20140130 5 2 9
20140130 3 9 1
20140130 1 6 7
20140130 8 7 4
20140130 3 2 1
20140130 2 5 3
20140130 2 8 3
20140130 2 9 4
20140130 3 4 7
20140130 3 2 9
20140130 1 4 5
20140211 5 2 1
20140211 5 2 1
20140211 3 5 2
20140211 5 3 2
20140211 5 3 1
20140211 1 7 5
20140211 5 3 6
20140211 3 2 4
20140212 3 1 4
20140212 7 1 2
20140212 3 1 7
20140212 4 6 5
20140212 6 3 1
20140212 7 4 1
20140212 5 7 3
20140306 5 2 1
20140306 1 4 2
20140306 7 3 1
20140306 5 7 4
20140306 3 5 2
20140306 2 7 3
20140306 2 5 3
20140306 3 7 9
20140306 3 2 8
20140306 5 8 1
20140307 5 1 2
20140307 1 7 3
20140307 5 2 7
20140307 7 1 2
20140307 2 1 5
20140307 3 2 8
20140307 2 5 3
20140307 3 9 4
20140307 3 6 8
20140307 5 1 9
20140308 3 1 7
20140308 2 4 3
20140308 2 5 4
20140308 2 7 5
20140308 7 3 8
20140308 2 9 5
20140308 2 4 1
20140308 1 3 7
20140308 9 2 1
20140308 8 3 7
20140312 3 7 5
20140312 3 1 7
20140312 5 1 7
20140312 7 2 1
20140312 2 5 3
20140312 7 3 1
20140312 3 6 4
20140313 5 7 4
20140313 3 4 6
20140313 6 2 1
20140313 2 3 4
20140313 2 4 7
20140313 4 7 3
20140313 4 3 5
20140329 3 5 7
20140329 1 7 4
20140329 2 1 7
20140329 3 1 5
20140329 2 1 7
20140329 2 7 1
20140329 3 9 6
20140329 1 5 7
20140329 1 5 3
20140329 2 1 8
20140330 4 1 5
20140330 1 5 6
20140330 7 1 4
20140330 3 2 5
20140330 5 1 4
20140330 1 9 6
20140330 7 1 9
20140330 5 4 2
20140330 1 7 8
20140330 1 2 5
20140331 1 3 5
20140331 3 2 7
20140331 1 3 4
20140331 2 3 7
20140331 3 5 1
20140331 2 5 7
20140331 7 5 3
20140331 2 7 8
20140331 3 1 8
20140331 2 8 7
20140412 1 7 3
20140412 3 7 2
20140412 5 1 2
20140412 3 5 4
20140412 2 5 7
20140412 9 2 5
20140412 1 9 8
20140412 4 3 7
20140412 1 5 8
20140412 7 1 9
20140413 1 5 3
20140413 3 2 5
20140413 2 5 7
20140413 1 5 7
20140413 5 2 4
20140413 7 1 3
20140413 2 1 5
20140413 3 9 2
20140413 7 9 3
20140413 1 7 5
20140414 2 5 4
20140414 3 5 1
20140414 4 5 7
20140414 2 7 1
20140414 2 5 3
20140414 6 2 4
20140414 2 4 7
20140414 2 9 1
20140414 1 3 4
20140414 1 6 9
20140416 7 2 1
20140416 5 7 4
20140416 5 7 2
20140416 2 7 4
20140416 1 5 2
20140416 1 7 2
20140416 3 1 7
20140417 5 6 3
20140417 1 6 4
20140417 7 3 1
20140417 7 1 3
20140417 5 1 2
20140417 7 3 2
20140417 1 5 4
20140418 2 3 6
20140418 1 6 4
20140418 2 5 3
20140418 3 1 7
20140418 4 2 6
20140418 2 5 7
20140418 3 2 5
20140424 3 2 4
20140424 2 5 4
20140424 5 3 7
20140424 5 3 2
20140424 3 7 1
20140424 3 2 1
20140424 1 7 2
20140425 7 5 2
20140425 6 4 5
20140425 6 3 2
20140425 7 2 1
20140425 1 5 6
20140425 2 3 6
20140425 1 7 3
20140426 3 5 7
20140426 2 7 3
20140426 5 3 4
20140426 4 7 2
20140426 2 6 1
20140426 5 3 7
20140426 3 2 1
20140505 3 5 7
20140505 2 5 7
20140505 3 2 1
20140505 7 5 1
20140505 7 5 3
20140505 1 3 5
20140505 3 1 4
20140506 7 3 1
20140506 1 5 7
20140506 3 5 2
20140506 7 2 5
20140506 2 3 5
20140506 2 5 6
20140506 2 1 4
20140507 6 7 3
20140507 5 7 6
20140507 7 5 2
20140507 3 2 7
20140507 4 3 7
20140507 7 4 5
20140507 1 3 7
20140522 2 5 7
20140522 6 5 4
20140522 2 7 5
20140522 1 2 5
20140522 3 5 6
20140522 4 5 3
20140522 5 1 7
20140523 7 5 2
20140523 3 4 2
20140523 2 1 7
20140523 4 1 7
20140523 4 2 1
20140523 3 5 7
20140523 4 5 7
20140524 4 3 1
20140524 5 2 3
20140524 1 6 2
20140524 2 4 5
20140524 5 3 6
20140524 5 4 3
20140524 3 1 6
20140609 3 6 2
20140609 1 4 9
20140609 3 1 6
20140609 1 5 6
20140609 9 2 7
20140609 2 7 5
20140609 5 3 1
20140609 5 2 1
20140609 3 1 4
20140609 1 9 7
20140609 2 7 3
20140610 5 2 7
20140610 4 9 2
20140610 2 1 9
20140610 7 2 9
20140610 3 8 5
20140610 1 5 3
20140610 2 9 7
20140610 3 7 8
20140610 5 3 7
20140610 5 4 2
20140610 3 9 4
20140611 5 7 9
20140611 1 5 4
20140611 1 9 2
20140611 8 1 7
20140611 9 1 5
20140611 5 4 7
20140611 2 9 8
20140611 5 4 7
20140611 2 7 3
20140611 8 1 5
20140611 7 2 1
20140619 3 7 5
20140619 5 3 4
20140619 7 2 1
20140619 6 5 2
20140619 2 7 5
20140619 3 1 5
20140619 1 7 5
20140620 3 7 5
20140620 5 7 6
20140620 3 2 7
20140620 5 6 1
20140620 6 5 1
20140620 5 2 1
20140620 7 4 1
20140620 1 4 2
20140621 3 5 1
20140621 1 3 7
20140621 2 3 5
20140621 3 7 1
20140621 5 1 2
20140621 2 5 6
20140621 2 7 5
20140714 5 9 6
20140714 1 9 3
20140714 2 8 9
20140714 5 2 4
20140714 7 1 5
20140714 3 7 5
20140714 9 7 1
20140714 5 9 8
20140714 5 8 2
20140714 2 1 7
20140714 1 7 5
20140715 2 4 5
20140715 7 9 2
20140715 9 3 2
20140715 1 5 6
20140715 7 5 1
20140715 5 7 9
20140715 2 7 1
20140715 2 8 7
20140715 7 1 5
20140715 5 9 7
20140715 9 5 2
20140716 1 6 4
20140716 9 5 7
20140716 3 6 9
20140716 2 7 1
20140716 1 3 7
20140716 7 3 8
20140716 1 3 8
20140716 3 5 7
20140716 2 7 3
20140716 5 3 1
20140716 7 3 1
20140717 7 2 6
20140717 3 8 2
20140717 5 1 2
20140717 2 3 7
20140717 6 5 7
20140717 8 9 2
20140717 9 3 2
20140717 5 4 2
20140717 2 7 5
20140717 4 9 7
20140717 1 9 5
20140731 7 1 3
20140731 7 3 6
20140731 5 3 1
20140731 7 3 5
20140731 2 3 5
20140731 3 1 5
20140731 1 5 3
20140801 3 5 6
20140801 1 3 6
20140801 5 3 2
20140801 4 7 5
20140801 3 1 7
20140801 2 5 1
20140801 1 6 3
20140802 5 7 3
20140802 2 4 3
20140802 4 2 1
20140802 2 4 6
20140802 3 2 4
20140802 6 1 2
20140802 6 1 3
20140802 7 4 3
20140811 2 5 1
20140811 5 2 7
20140811 5 1 6
20140811 9 3 4
20140811 2 1 5
20140811 4 3 7
20140811 7 5 2
20140811 5 1 8
20140811 1 5 2
20140811 7 9 2
20140811 4 9 7
20140812 9 4 1
20140812 4 3 5
20140812 2 8 1
20140812 2 5 3
20140812 1 3 2
20140812 2 7 4
20140812 9 2 7
20140812 3 5 9
20140812 5 1 8
20140812 3 7 9
20140812 7 5 2
20140813 3 9 7
20140813 1 3 5
20140813 1 5 3
20140813 4 3 5
20140813 5 1 7
20140813 7 3 4
20140813 9 2 4
20140813 1 7 9
20140813 4 9 6
20140813 9 1 2
20140813 3 2 4
20140821 2 1 7
20140821 1 7 5
20140821 4 2 3
20140821 5 1 7
20140821 1 4 7
20140821 3 1 6
20140821 2 5 6
20140822 3 1 2
20140822 2 4 1
20140822 3 6 2
20140822 1 3 5
20140822 2 3 7
20140822 2 3 5
20140822 1 6 2
20140823 5 7 2
20140823 7 2 5
20140823 7 5 3
20140823 5 7 6
20140823 3 7 6
20140823 5 1 7
20140823 5 7 1
20140911 1 5 3
20140911 2 9 6
20140911 8 4 5
20140911 9 4 6
20140911 9 7 8
20140911 3 2 6
20140911 2 3 4
20140911 3 9 4
20140911 3 1 7
20140911 9 2 8
20140911 1 9 5
20140912 2 9 6
20140912 5 7 9
20140912 9 1 3
20140912 2 9 1
20140912 3 2 7
20140912 2 4 3
20140912 5 1 3
20140912 1 9 4
20140912 1 5 4
20140912 2 4 7
20140912 5 1 9
20140913 4 3 1
20140913 4 7 2
20140913 1 9 4
20140913 4 8 7
20140913 2 1 4
20140913 7 8 4
20140913 2 8 5
20140913 1 5 7
20140913 6 3 2
20140913 9 8 2
20140913 1 3 7
20140914 2 4 7
20140914 2 7 9
20140914 5 8 3
20140914 7 2 5
20140914 3 7 4
20140914 8 7 4
20140914 4 7 6
20140914 2 9 5
20140914 5 2 1
20140914 8 3 1
20140914 1 7 3
20140914 7 2 1
20140915 3 7 1
20140915 9 2 6
20140915 4 6 8
20140915 9 4 1
20140915 8 4 3
20140915 2 9 1
20140915 9 3 8
20140915 2 8 3
20140915 3 6 2
20140915 5 1 3
20140915 2 4 3
20141018 7 3 4
20141018 5 3 7
20141018 5 1 2
20141018 7 2 3
20141018 3 1 5
20141018 1 5 7
20141018 9 1 5
20141018 7 3 9
20141018 1 7 2
20141018 9 2 4
20141019 4 5 3
20141019 3 5 2
20141019 3 7 2
20141019 7 5 2
20141019 7 2 4
20141019 7 1 4
20141019 9 3 1
20141019 2 9 1
20141019 9 1 3
20141019 3 9 1
20141020 3 5 1
20141020 7 3 5
20141020 3 7 2
20141020 2 5 7
20141020 2 5 3
20141020 2 9 4
20141020 3 1 6
20141020 3 4 6
20141020 5 3 2
20141020 1 8 7
20141030 7 3 5
20141030 3 5 6
20141030 1 5 2
20141030 5 7 1
20141030 5 2 6
20141030 7 2 5
20141030 5 7 6
20141031 2 3 7
20141031 7 6 4
20141031 7 2 4
20141031 7 4 2
20141031 3 5 7
20141031 7 2 6
20141031 7 5 3
20141031 4 1 5
20141101 3 7 2
20141101 6 1 5
20141101 2 3 7
20141101 4 1 2
20141101 7 4 3
20141101 6 1 3
20141101 3 1 6
20141108 3 5 4
20141108 1 2 4
20141108 5 1 4
20141108 7 2 5
20141108 1 7 5
20141108 1 2 7
20141108 7 4 9
20141108 9 1 4
20141108 9 3 8
20141108 3 5 7
20141109 1 5 2
20141109 3 4 1
20141109 7 1 2
20141109 5 1 2
20141109 7 1 5
20141109 7 2 3
20141109 3 2 1
20141109 1 7 2
20141109 2 4 1
20141109 3 7 1
20141110 7 3 5
20141110 3 7 2
20141110 1 5 3
20141110 2 6 1
20141110 9 4 1
20141110 1 5 9
20141110 1 6 2
20141110 2 3 8
20141110 2 9 3
20141110 9 5 3
20141118 3 1 7
20141118 3 6 9
20141118 2 9 7
20141118 7 1 3
20141118 1 9 2
20141118 5 2 8
20141118 1 9 2
20141118 7 5 9
20141118 2 9 1
20141118 2 7 5
20141118 9 5 2
20141119 3 7 8
20141119 3 9 1
20141119 1 9 6
20141119 9 7 4
20141119 2 9 4
20141119 9 1 5
20141119 7 2 5
20141119 2 1 4
20141119 5 8 4
20141119 3 4 9
20141119 9 7 4
20141120 9 5 1
20141120 3 4 9
20141120 9 5 4
20141120 1 5 7
20141120 3 5 1
20141120 7 8 4
20141120 1 9 3
20141120 3 4 5
20141120 9 1 3
20141120 8 5 2
20141120 5 9 2
20141122 2 4 7
20141122 2 5 7
20141122 5 2 6
20141122 3 4 1
20141122 2 7 1
20141122 2 7 1
20141122 3 5 4
20141123 2 4 3
20141123 5 3 1
20141123 5 1 7
20141123 5 7 1
20141123 7 1 2
20141123 2 3 7
20141123 4 7 1
20141123 5 1 3
20141124 5 6 1
20141124 3 5 7
20141124 1 3 2
20141124 4 3 7
20141124 2 3 6
20141124 2 6 4
20141124 1 6 2
20141217 2 3 4
20141217 3 5 1
20141217 1 5 2
20141217 1 3 6
20141217 5 2 1
20141217 1 5 2
20141217 2 6 5
20141218 2 5 7
20141218 2 5 3
20141218 3 5 7
20141218 1 2 3
20141218 3 1 5
20141218 3 7 1
20141218 5 7 2
20141219 7 1 3
20141219 3 5 7
20141219 3 1 4
20141219 1 7 3
20141219 5 2 3
20141219 3 2 1
20141219 5 7 2
20141225 1 5 3
20141225 7 3 1
20141225 7 3 2
20141225 1 7 3
20141225 5 1 3
20141225 7 5 9
20141225 3 9 8
20141225 9 1 5
20141225 1 4 3
20141225 7 1 9
20141226 5 4 1
20141226 2 5 3
20141226 2 5 4
20141226 2 1 7
20141226 2 3 5
20141226 2 1 7
20141226 1 9 4
20141226 1 8 7
20141226 9 5 7
20141226 3 9 1
20141227 1 3 2
20141227 3 1 7
20141227 1 6 5
20141227 5 2 7
20141227 2 8 7
20141227 2 3 5
20141227 1 6 2
20141227 7 2 5
20141227 3 7 4
20141227 5 8 7
20150101 3 7 5
20150101 2 9 8
20150101 3 5 6
20150101 7 9 1
20150101 1 5 3
20150101 3 5 2
20150101 9 5 3
20150101 4 7 1
20150101 3 5 1
20150101 7 1 3
20150101 2 5 9
20150102 5 7 1
20150102 2 7 5
20150102 2 8 4
20150102 5 7 3
20150102 9 6 2
20150102 7 1 4
20150102 2 7 3
20150102 9 4 7
20150102 5 7 3
20150102 7 4 9
20150102 1 5 7
20150103 8 1 9
20150103 4 1 8
20150103 2 3 6
20150103 1 7 5
20150103 7 3 5
20150103 1 6 3
20150103 5 2 8
20150103 1 7 4
20150103 3 5 9
20150103 7 1 3
20150103 1 8 7
20150114 7 3 5
20150114 7 5 6
20150114 1 4 7
20150114 4 7 1
20150114 7 3 2
20150114 1 3 2
20150114 2 5 7
20150115 3 6 4
20150115 7 4 3
20150115 1 7 5
20150115 3 5 2
20150115 5 2 3
20150115 2 7 1
20150115 7 1 5
20150116 3 6 5
20150116 1 3 4
20150116 3 2 5
20150116 1 2 5
20150116 7 2 5
20150116 4 6 1
20150116 1 3 4
20150121 3 1 2
20150121 2 5 7
20150121 4 5 3
20150121 5 3 2
20150121 3 1 5
20150121 1 7 2
20150121 1 6 3
20150122 5 1 3
20150122 2 5 7
20150122 7 1 2
20150122 7 3 4
20150122 1 5 7
20150122 6 5 7
20150122 7 3 5
20150123 6 3 7
20150123 3 5 7
20150123 5 2 4
20150123 2 3 6
20150123 5 2 3
20150123 1 3 5
20150123 6 1 7
20150208 6 2 7
20150208 7 9 2
20150208 5 1 7
20150208 7 1 6
20150208 5 9 3
20150208 2 1 4
20150208 7 1 5
20150208 2 5 7
20150208 5 1 3
20150208 3 9 4
20150208 1 2 4
20150209 4 1 8
20150209 3 6 4
20150209 5 7 3
20150209 1 9 5
20150209 5 9 3
20150209 3 7 1
20150209 1 3 7
20150209 9 1 5
20150209 9 2 7
20150209 7 1 4
20150209 5 2 4
20150210 5 7 2
20150210 1 5 7
20150210 3 6 9
20150210 5 1 7
20150210 9 1 5
20150210 8 5 9
20150210 1 3 5
20150210 3 9 4
20150210 7 9 1
20150210 3 8 5
20150210 3 1 8
20150211 5 7 9
20150211 7 2 3
20150211 2 9 5
20150211 1 9 2
20150211 9 2 5
20150211 5 7 9
20150211 7 4 5
20150211 2 6 5
20150211 9 1 3
20150211 3 1 9
20150211 3 7 4
20150227 3 1 6
20150227 1 2 5
20150227 7 3 1
20150227 7 6 1
20150227 1 5 3
20150227 7 1 4
20150227 5 7 2
20150227 1 7 9
20150227 2 7 4
20150227 1 9 8
20150227 7 1 8
20150227 4 5 2
20150228 5 1 7
20150228 5 3 6
20150228 2 5 7
20150228 1 5 7
20150228 1 3 5
20150228 1 2 6
20150228 7 6 4
20150228 3 7 9
20150228 4 5 2
20150228 3 1 4
20150228 4 1 2
20150228 4 1 2
20150301 3 5 2
20150301 5 7 4
20150301 2 7 1
20150301 4 1 5
20150301 2 6 7
20150301 5 4 3
20150301 7 3 5
20150301 9 1 2
20150301 2 5 1
20150301 1 6 2
20150301 4 7 1
20150301 7 8 5
20150318 3 1 5
20150318 2 5 7
20150318 5 7 1
20150318 7 4 5
20150318 1 5 3
20150318 3 5 1
20150318 1 3 2
20150319 2 6 7
20150319 5 2 7
20150319 2 4 1
20150319 4 3 5
20150319 6 1 2
20150319 3 6 7
20150319 1 7 4
20150320 5 3 2
20150320 3 1 2
20150320 3 1 4
20150320 2 5 7
20150320 3 1 7
20150320 7 4 1
20150320 1 5 7
20150328 3 1 2
20150328 1 4 2
20150328 5 2 1
20150328 1 7 5
20150328 2 7 5
20150328 1 3 5
20150328 1 5 2
20150328 1 5 3
20150328 9 2 1
20150328 4 5 3
20150329 5 7 4
20150329 1 3 7
20150329 1 7 2
20150329 1 5 3
20150329 2 3 4
20150329 7 3 8
20150329 1 9 8
20150329 5 3 9
20150329 3 5 2
20150329 2 3 9
20150330 7 5 1
20150330 5 7 1
20150330 3 6 5
20150330 1 5 6
20150330 3 5 7
20150330 9 1 5
20150330 3 5 4
20150330 8 9 1
20150330 1 6 5
20150330 4 9 1
20150409 5 1 2
20150409 2 4 5
20150409 3 7 4
20150409 4 1 7
20150409 5 1 3
20150409 2 4 5
20150409 1 4 3
20150410 5 1 4
20150410 7 4 5
20150410 1 4 3
20150410 4 2 1
20150410 5 1 4
20150410 6 2 3
20150410 1 6 2
20150411 1 2 3
20150411 7 2 3
20150411 5 2 7
20150411 2 7 3
20150411 1 4 6
20150411 4 5 2
20150411 4 7 1
20150416 3 5 4
20150416 3 7 1
20150416 3 7 5
20150416 4 3 7
20150416 6 5 3
20150416 2 1 3
20150416 2 7 9
20150416 2 5 3
20150416 3 7 9
20150416 3 1 6
20150417 5 1 6
20150417 5 2 7
20150417 7 3 4
20150417 2 4 1
20150417 1 3 4
20150417 1 9 3
20150417 5 6 7
20150417 7 5 1
20150417 2 7 1
20150417 9 5 1
20150418 1 7 2
20150418 3 1 5
20150418 4 5 2
20150418 7 3 1
20150418 1 8 7
20150418 8 1 7
20150418 5 2 7
20150418 1 7 9
20150418 2 9 5
20150418 1 2 5
20150427 1 5 4
20150427 2 7 6
20150427 5 4 3
20150427 2 1 4
20150427 5 2 3
20150427 7 1 5
20150427 2 1 7
20150428 1 5 3
20150428 4 3 1
20150428 3 1 5
20150428 2 7 5
20150428 5 1 2
20150428 4 5 2
20150428 5 3 7
20150429 5 6 7
20150429 1 4 2
20150429 7 1 3
20150429 2 5 1
20150429 3 5 6
20150429 1 6 4
20150429 7 1 4
20150503 1 7 4
20150503 1 4 3
20150503 3 2 4
20150503 7 4 1
20150503 5 1 7
20150503 7 3 2
20150503 7 2 6
20150503 3 5 9
20150503 1 7 2
20150503 7 4 9
20150504 1 5 3
20150504 4 5 1
20150504 7 2 4
20150504 1 5 4
20150504 1 7 3
20150504 3 5 6
20150504 1 5 3
20150504 3 9 1
20150504 1 8 7
20150504 6 1 4
20150505 1 4 5
20150505 3 5 2
20150505 7 2 3
20150505 3 1 4
20150505 7 3 9
20150505 3 1 5
20150505 2 3 4
20150505 1 5 9
20150505 1 4 7
20150505 1 4 7
20150512 7 1 3
20150512 1 4 2
20150512 2 5 9
20150512 9 1 4
20150512 9 1 8
20150512 2 4 6
20150512 1 9 4
20150512 1 9 5
20150512 2 9 7
20150512 2 5 3
20150512 1 9 2
20150513 8 5 2
20150513 2 1 5
20150513 4 2 6
20150513 3 9 5
20150513 5 1 7
20150513 3 5 2
20150513 9 1 3
20150513 7 1 4
20150513 2 1 9
20150513 3 7 4
20150513 2 4 3
20150514 1 4 9
20150514 9 7 2
20150514 6 1 3
20150514 9 7 5
20150514 5 7 4
20150514 7 5 8
20150514 2 6 8
20150514 1 8 5
20150514 2 1 5
20150514 9 5 2
20150514 1 2 5
