20121022 3 5 1
20121022 1 9 7
20121022 5 3 9
20121022 5 2 1
20121022 1 5 7
20121022 1 2 3
20121022 3 7 1
20121022 2 9 7
20121022 2 5 8
20121022 5 2 8
20121022 5 2 1
20121022 7 2 1
20121023 9 5 7
20121023 1 3 9
20121023 2 7 3
20121023 5 3 1
20121023 3 1 7
20121023 3 5 2
20121023 2 5 1
20121023 7 5 3
20121023 3 1 7
20121023 3 9 2
20121023 5 4 1
20121024 9 7 2
20121024 1 9 5
20121024 7 9 4
20121024 9 1 4
20121024 2 4 9
20121024 5 2 9
20121024 1 9 2
20121024 9 4 3
20121024 1 9 2
20121024 3 8 4
20121024 1 4 7
20121109 9 3 5
20121109 5 4 1
20121109 1 3 5
20121109 9 3 5
20121109 4 3 9
20121109 7 3 5
20121109 9 3 5
20121109 7 2 8
20121109 3 2 4
20121109 3 1 2
20121109 1 3 5
20121110 7 5 2
20121110 2 7 1
20121110 5 1 9
20121110 1 5 7
20121110 5 1 9
20121110 1 7 5
20121110 9 3 2
20121110 5 1 6
20121110 1 7 9
20121110 5 9 1
20121110 5 1 8
20121111 9 3 8
20121111 7 2 8
20121111 3 9 4
20121111 7 6 8
20121111 2 1 5
20121111 8 2 3
20121111 1 9 8
20121111 9 6 2
20121111 9 5 1
20121111 2 1 7
20121111 2 1 3
20121111 2 1 4
20121112 2 5 6
20121112 2 9 6
20121112 7 2 4
20121112 9 6 5
20121112 9 7 3
20121112 8 9 7
20121112 2 9 5
20121112 9 1 4
20121112 3 4 7
20121112 2 1 4
20121112 3 1 8
20121205 5 1 2
20121205 3 7 5
20121205 5 4 2
20121205 3 4 1
20121205 3 1 7
20121205 2 8 9
20121205 2 5 9
20121205 9 8 1
20121205 3 9 1
20121205 2 7 5
20121205 2 3 1
20121206 5 2 1
20121206 1 5 2
20121206 3 5 7
20121206 1 3 5
20121206 2 4 1
20121206 7 4 5
20121206 2 4 3
20121206 1 3 9
20121206 3 2 5
20121206 5 4 7
20121206 1 3 9
20121207 2 3 7
20121207 1 3 2
20121207 3 2 4
20121207 5 2 4
20121207 5 1 7
20121207 5 9 1
20121207 6 5 3
20121207 2 7 1
20121207 2 5 1
20121207 5 1 3
20121207 5 8 7
20121213 5 2 4
20121213 2 7 5
20121213 1 3 5
20121213 5 2 7
20121213 7 2 1
20121213 7 9 2
20121213 1 7 3
20121213 2 7 5
20121213 3 9 8
20121213 5 9 7
20121213 1 7 6
20121214 5 3 1
20121214 4 3 5
20121214 5 1 4
20121214 3 2 5
20121214 3 2 1
20121214 3 1 7
20121214 3 1 7
20121214 7 5 1
20121214 2 9 5
20121214 3 1 9
20121214 5 2 9
20121215 7 4 5
20121215 2 5 4
20121215 1 5 3
20121215 1 4 5
20121215 1 3 2
20121215 3 8 7
20121215 3 4 7
20121215 4 9 3
20121215 2 7 1
20121215 7 5 6
20121215 6 4 8
20130102 2 1 3
20130102 9 1 2
20130102 4 2 8
20130102 1 5 6
20130102 7 2 8
20130102 8 3 4
20130102 1 3 9
20130102 5 7 3
20130102 5 1 3
20130102 5 3 1
20130102 5 1 7
20130102 1 7 5
20130103 1 9 7
20130103 3 9 6
20130103 3 2 7
20130103 6 7 2
20130103 1 9 2
20130103 1 9 8
20130103 7 3 4
20130103 9 4 8
20130103 1 9 5
20130103 7 1 6
20130103 2 7 1
20130104 3 9 7
20130104 9 2 3
20130104 2 4 9
20130104 5 7 9
20130104 5 7 1
20130104 4 1 3
20130104 2 1 9
20130104 1 2 9
20130104 2 1 7
20130104 2 4 9
20130104 3 2 8
20130118 2 1 7
20130118 5 1 2
20130118 7 4 3
20130118 3 2 6
20130118 3 4 1
20130118 9 1 2
20130118 6 7 5
20130118 5 1 3
20130118 4 1 8
20130118 5 1 3
20130118 5 6 1
20130119 1 2 7
20130119 5 1 2
20130119 6 4 1
20130119 4 5 7
20130119 1 7 3
20130119 1 9 5
20130119 2 8 7
20130119 5 7 8
20130119 5 2 3
20130119 1 5 3
20130119 6 9 1
20130120 3 2 4
20130120 7 1 4
20130120 7 4 3
20130120 3 2 7
20130120 6 3 7
20130120 4 2 6
20130120 7 2 1
20130120 2 3 9
20130120 1 7 8
20130120 3 1 8
20130120 1 2 4
20130202 3 5 2
20130202 3 4 5
20130202 1 7 3
20130202 1 4 2
20130202 5 4 2
20130202 3 6 1
20130202 7 6 3
20130202 7 3 1
20130202 5 7 1
20130202 7 1 4
20130202 7 3 8
20130203 5 4 1
20130203 1 4 3
20130203 4 7 2
20130203 5 2 4
20130203 1 2 5
20130203 2 8 5
20130203 7 4 9
20130203 7 5 4
20130203 1 2 3
20130203 3 7 4
20130203 3 1 4
20130204 7 2 6
20130204 7 5 4
20130204 7 2 1
20130204 3 4 5
20130204 7 1 4
20130204 7 8 3
20130204 1 9 2
20130204 5 3 9
20130204 7 3 2
20130204 1 7 9
20130204 1 4 3
20130215 2 5 9
20130215 2 7 9
20130215 7 2 4
20130215 4 3 5
20130215 5 3 2
20130215 8 3 9
20130215 7 4 1
20130215 5 1 3
20130215 5 3 1
20130215 7 2 4
20130215 5 2 8
20130215 1 8 9
20130216 3 9 2
20130216 7 2 3
20130216 3 2 9
20130216 3 7 2
20130216 2 8 5
20130216 1 5 3
20130216 7 2 1
20130216 2 1 6
20130216 7 3 5
20130216 9 2 3
20130216 9 1 3
20130217 7 3 8
20130217 7 8 3
20130217 3 9 5
20130217 4 5 1
20130217 3 7 2
20130217 1 5 9
20130217 3 1 7
20130217 7 4 8
20130217 3 1 5
20130217 8 2 7
20130217 4 5 3
20130217 1 7 3
20130315 4 2 5
20130315 5 7 2
20130315 3 7 1
20130315 7 2 1
20130315 5 7 2
20130315 2 1 9
20130315 9 2 7
20130315 3 1 4
20130315 3 7 4
20130315 7 2 3
20130315 3 8 7
20130316 4 2 3
20130316 1 3 5
20130316 3 4 1
20130316 2 5 1
20130316 3 2 5
20130316 7 8 4
20130316 9 3 6
20130316 3 1 4
20130316 3 9 2
20130316 1 7 2
20130316 3 9 1
20130317 7 5 3
20130317 4 3 7
20130317 4 7 3
20130317 5 3 4
20130317 1 3 4
20130317 1 7 9
20130317 7 2 4
20130317 5 3 9
20130317 5 3 6
20130317 2 9 1
20130317 2 5 1
20130329 1 9 6
20130329 1 4 9
20130329 2 5 9
20130329 1 3 7
20130329 3 9 5
20130329 2 3 7
20130329 9 4 7
20130329 2 4 8
20130329 9 3 4
20130329 5 2 7
20130329 4 3 2
20130330 9 8 1
20130330 9 5 2
20130330 8 1 9
20130330 1 3 4
20130330 9 4 2
20130330 9 3 8
20130330 5 2 8
20130330 9 5 3
20130330 1 6 2
20130330 5 3 6
20130330 1 3 2
20130331 3 1 7
20130331 6 3 7
20130331 1 8 7
20130331 6 7 2
20130331 1 5 7
20130331 8 7 2
20130331 2 8 5
20130331 7 1 3
20130331 2 6 5
20130331 2 5 6
20130331 9 4 1
20130411 1 6 5
20130411 4 3 1
20130411 5 2 4
20130411 4 1 3
20130411 5 1 4
20130411 7 1 5
20130411 1 9 3
20130411 5 7 2
20130411 2 6 5
20130411 5 7 2
20130412 1 4 3
20130412 5 4 1
20130412 2 3 5
20130412 5 2 1
20130412 1 5 7
20130412 4 2 3
20130412 7 5 1
20130412 9 1 7
20130412 1 9 7
20130412 7 2 5
20130413 1 2 4
20130413 1 2 7
20130413 2 5 3
20130413 2 4 3
20130413 7 1 3
20130413 6 4 1
20130413 5 1 2
20130413 2 4 5
20130413 5 9 8
20130413 5 3 2
20130413 4 7 2
20130422 2 7 1
20130422 1 3 7
20130422 3 4 2
20130422 2 5 3
20130422 1 3 5
20130422 2 7 1
20130422 1 5 7
20130422 2 1 5
20130422 5 1 8
20130422 1 7 5
20130423 2 7 4
20130423 1 3 6
20130423 1 2 7
20130423 1 4 3
20130423 2 3 4
20130423 9 2 8
20130423 2 7 4
20130423 6 5 9
20130423 9 3 4
20130423 9 1 3
20130424 4 1 2
20130424 1 5 7
20130424 1 7 6
20130424 7 3 4
20130424 2 1 5
20130424 7 5 9
20130424 2 5 1
20130424 3 2 1
20130424 5 8 7
20130424 9 1 3
20130520 3 9 7
20130520 2 7 8
20130520 1 2 7
20130520 1 7 8
20130520 9 5 6
20130520 4 2 6
20130520 3 5 1
20130520 1 7 5
20130520 1 5 9
20130520 2 1 7
20130520 1 5 9
20130521 3 9 4
20130521 3 4 2
20130521 8 1 7
20130521 1 7 9
20130521 6 9 1
20130521 3 5 8
20130521 6 3 7
20130521 3 2 1
20130521 1 5 2
20130521 8 5 1
20130521 3 2 7
20130522 2 7 8
20130522 1 7 8
20130522 9 2 5
20130522 1 2 4
20130522 9 5 7
20130522 4 7 3
20130522 2 1 3
20130522 7 3 5
20130522 5 3 1
20130522 3 5 8
20130522 1 5 6
20130603 8 1 4
20130603 7 5 3
20130603 2 9 5
20130603 4 7 5
20130603 9 5 1
20130603 6 7 2
20130603 1 2 7
20130603 1 7 2
20130603 7 1 2
20130603 1 7 3
20130603 2 9 7
20130603 1 2 6
20130604 5 9 2
20130604 2 7 9
20130604 7 2 1
20130604 1 6 3
20130604 7 5 2
20130604 5 1 9
20130604 1 3 5
20130604 1 9 2
20130604 2 5 7
20130604 7 2 8
20130604 1 9 3
20130605 7 2 9
20130605 5 3 8
20130605 9 5 3
20130605 5 7 3
20130605 2 5 4
20130605 8 5 3
20130605 2 7 5
20130605 8 1 5
20130605 7 4 9
20130605 3 4 1
20130605 9 2 1
20130610 5 7 2
20130610 3 5 1
20130610 3 4 5
20130610 7 2 1
20130610 3 1 2
20130610 5 2 8
20130610 3 5 2
20130610 2 9 8
20130610 3 7 1
20130610 5 9 7
20130611 2 5 4
20130611 5 4 1
20130611 7 2 3
20130611 4 5 3
20130611 7 1 4
20130611 5 1 7
20130611 2 3 5
20130611 1 4 5
20130611 7 5 1
20130611 7 1 2
20130612 4 5 3
20130612 5 3 1
20130612 5 1 2
20130612 2 7 1
20130612 3 2 1
20130612 1 7 3
20130612 6 7 1
20130612 1 7 4
20130612 3 8 1
20130612 9 2 3
20130620 7 3 5
20130620 3 5 2
20130620 5 3 4
20130620 1 7 2
20130620 5 1 3
20130620 2 7 1
20130620 3 9 1
20130620 3 7 8
20130620 3 9 1
20130620 1 7 2
20130621 5 7 1
20130621 4 3 5
20130621 4 5 3
20130621 3 7 1
20130621 3 1 2
20130621 1 7 4
20130621 2 1 9
20130621 3 8 1
20130621 2 4 6
20130621 3 1 7
20130621 1 5 9
20130622 1 5 7
20130622 1 3 4
20130622 3 1 5
20130622 7 1 4
20130622 5 2 1
20130622 5 4 2
20130622 7 2 4
20130622 3 9 8
20130622 7 2 1
20130622 4 3 5
20130708 2 1 7
20130708 5 3 2
20130708 2 5 7
20130708 5 1 2
20130708 3 1 5
20130708 3 1 9
20130708 5 2 8
20130708 2 7 5
20130708 1 6 8
20130708 2 1 3
20130709 2 7 4
20130709 2 3 5
20130709 4 1 3
20130709 2 1 3
20130709 2 7 5
20130709 7 3 1
20130709 3 5 8
20130709 5 9 3
20130709 1 7 9
20130709 7 8 2
20130710 7 2 3
20130710 2 3 7
20130710 2 7 3
20130710 7 2 6
20130710 4 1 6
20130710 1 4 3
20130710 1 3 5
20130710 7 1 4
20130710 3 5 1
20130710 3 4 6
20130710 2 1 9
20130716 4 5 1
20130716 6 3 5
20130716 4 3 1
20130716 7 3 5
20130716 5 2 6
20130716 2 3 1
20130716 9 6 2
20130716 5 1 7
20130716 5 1 4
20130716 6 3 4
20130717 5 7 3
20130717 2 5 7
20130717 7 5 3
20130717 2 5 4
20130717 5 1 2
20130717 9 2 5
20130717 1 5 2
20130717 3 2 9
20130717 1 7 3
20130717 1 9 5
20130718 3 5 4
20130718 3 2 6
20130718 4 3 2
20130718 4 5 7
20130718 1 6 2
20130718 7 3 9
20130718 5 1 3
20130718 9 1 2
20130718 9 3 2
20130718 3 1 9
20130925 9 7 1
20130925 9 1 6
20130925 2 5 7
20130925 9 7 2
20130925 7 1 4
20130925 2 4 9
20130925 7 2 5
20130925 5 8 7
20130925 1 7 2
20130925 3 5 9
20130925 7 2 6
20130926 5 1 4
20130926 7 2 8
20130926 5 6 3
20130926 7 5 9
20130926 7 3 5
20130926 1 2 7
20130926 2 7 3
20130926 5 9 1
20130926 5 2 3
20130926 9 2 1
20130926 1 9 7
20130927 1 3 4
20130927 2 9 5
20130927 5 2 4
20130927 8 5 4
20130927 3 9 7
20130927 2 9 1
20130927 4 7 2
20130927 1 6 9
20130927 1 8 5
20130927 2 3 5
20130927 2 3 5
20131009 5 4 7
20131009 2 7 4
20131009 3 4 5
20131009 1 4 5
20131009 5 2 7
20131009 7 1 8
20131009 9 2 5
20131009 5 9 2
20131009 1 2 7
20131009 8 3 9
20131010 1 4 2
20131010 2 3 4
20131010 2 7 4
20131010 2 4 7
20131010 3 4 7
20131010 9 4 3
20131010 2 1 5
20131010 5 1 2
20131010 4 3 5
20131010 1 9 4
20131011 5 2 7
20131011 1 3 2
20131011 1 3 7
20131011 1 5 2
20131011 2 1 4
20131011 1 4 7
20131011 9 4 8
20131011 3 7 5
20131011 3 9 7
20131011 1 5 7
20131025 3 5 2
20131025 4 3 7
20131025 5 4 7
20131025 2 5 3
20131025 4 5 7
20131025 1 9 3
20131025 3 7 5
20131025 5 7 1
20131025 3 2 9
20131025 1 4 8
20131026 7 2 3
20131026 5 3 7
20131026 5 2 7
20131026 7 1 5
20131026 6 7 2
20131026 7 3 8
20131026 9 7 1
20131026 3 7 9
20131026 3 5 4
20131026 7 5 1
20131027 3 2 4
20131027 1 7 4
20131027 5 4 7
20131027 2 3 1
20131027 3 4 1
20131027 1 9 7
20131027 7 5 9
20131027 6 5 9
20131027 7 2 1
20131027 7 1 9
20131109 7 1 3
20131109 9 1 8
20131109 7 5 2
20131109 5 1 2
20131109 3 1 6
20131109 7 2 9
20131109 1 3 7
20131109 3 7 4
20131109 9 4 3
20131109 2 9 1
20131109 1 9 7
20131109 7 2 9
20131110 1 9 3
20131110 7 8 2
20131110 9 1 3
20131110 1 5 9
20131110 5 1 9
20131110 9 2 5
20131110 9 3 2
20131110 7 1 9
20131110 5 3 7
20131110 2 3 4
20131110 1 4 8
20131110 2 3 5
20131111 5 7 6
20131111 7 2 1
20131111 5 1 3
20131111 5 1 7
20131111 3 4 1
20131111 9 3 4
20131111 3 6 5
20131111 8 9 1
20131111 1 3 8
20131111 4 3 9
20131111 1 3 5
20131112 6 4 9
20131112 3 5 6
20131112 5 1 2
20131112 9 7 1
20131112 9 2 3
20131112 5 3 6
20131112 1 5 3
20131112 2 5 3
20131112 5 1 7
20131112 1 5 2
20131112 1 7 9
20131213 2 5 3
20131213 3 2 1
20131213 2 4 1
20131213 4 5 3
20131213 5 3 1
20131213 3 7 1
20131213 2 1 9
20131213 5 9 7
20131213 7 2 3
20131213 3 1 4
20131214 5 3 1
20131214 7 3 1
20131214 4 1 6
20131214 2 1 3
20131214 3 4 1
20131214 7 6 5
20131214 9 1 4
20131214 9 5 1
20131214 5 9 2
20131214 1 9 7
20131215 7 4 5
20131215 5 3 2
20131215 3 2 1
20131215 1 5 4
20131215 3 7 2
20131215 7 2 3
20131215 2 5 4
20131215 7 2 4
20131215 1 7 5
20131215 1 7 6
20140108 7 9 6
20140108 1 5 8
20140108 1 3 7
20140108 2 1 7
20140108 3 5 7
20140108 4 1 3
20140108 5 1 7
20140108 1 3 4
20140108 5 3 9
20140108 6 4 5
20140108 9 1 2
20140109 3 4 9
20140109 3 5 9
20140109 7 3 2
20140109 3 1 9
20140109 2 7 5
20140109 4 2 9
20140109 3 5 1
20140109 7 5 6
20140109 7 8 2
20140109 7 1 3
20140109 1 3 9
20140110 1 3 5
20140110 2 9 5
20140110 7 9 8
20140110 9 5 3
20140110 7 2 6
20140110 1 9 4
20140110 9 7 2
20140110 8 9 3
20140110 3 2 8
20140110 9 3 7
20140110 1 7 2
20140122 5 1 6
20140122 4 9 1
20140122 1 7 5
20140122 3 9 7
20140122 3 2 1
20140122 8 2 6
20140122 5 3 8
20140122 5 9 1
20140122 7 9 3
20140122 3 7 4
20140122 2 5 9
20140123 5 6 9
20140123 9 7 4
20140123 9 7 8
20140123 5 2 7
20140123 7 1 9
20140123 1 9 7
20140123 7 5 3
20140123 5 8 9
20140123 7 9 8
20140123 9 2 1
20140123 7 1 8
20140124 9 7 3
20140124 5 6 2
20140124 4 8 2
20140124 7 4 9
20140124 9 5 3
20140124 9 1 2
20140124 5 9 2
20140124 5 3 7
20140124 2 5 1
20140124 6 2 8
20140124 7 5 8
20140204 7 1 3
20140204 5 1 2
20140204 4 5 1
20140204 5 4 1
20140204 4 5 3
20140204 3 2 5
20140204 7 9 3
20140204 9 3 1
20140204 9 1 6
20140204 7 1 3
20140204 7 4 5
20140205 5 3 2
20140205 3 5 1
20140205 2 5 3
20140205 1 7 4
20140205 2 7 5
20140205 5 3 2
20140205 3 9 7
20140205 7 1 2
20140205 5 3 2
20140205 9 1 2
20140206 7 5 4
20140206 2 1 7
20140206 2 6 7
20140206 1 6 5
20140206 6 1 5
20140206 5 9 2
20140206 6 2 1
20140206 1 2 6
20140206 7 1 9
20140206 3 1 4
20140222 3 2 1
20140222 3 7 2
20140222 5 3 1
20140222 2 4 6
20140222 1 5 2
20140222 7 1 6
20140222 5 1 4
20140222 5 1 2
20140222 9 2 6
20140222 1 5 6
20140222 5 1 6
20140222 2 7 4
20140222 4 3 8
20140223 3 2 7
20140223 4 7 3
20140223 4 1 2
20140223 2 7 3
20140223 2 7 4
20140223 3 7 1
20140223 3 6 2
20140223 1 9 5
20140223 5 7 8
20140223 2 8 5
20140223 1 3 7
20140223 6 1 9
20140224 5 6 7
20140224 4 2 5
20140224 1 7 4
20140224 4 1 6
20140224 4 1 7
20140224 5 2 6
20140224 2 8 1
20140224 1 3 2
20140224 5 2 1
20140224 7 5 2
20140224 8 6 9
20140224 1 5 6
20140314 3 7 2
20140314 7 3 2
20140314 5 1 6
20140314 1 9 3
20140314 1 7 9
20140314 4 7 5
20140314 5 1 2
20140314 4 3 1
20140314 2 6 3
20140314 9 2 1
20140314 8 7 2
20140314 1 6 3
20140315 9 1 7
20140315 1 9 5
20140315 7 2 1
20140315 9 5 1
20140315 3 4 8
20140315 2 1 3
20140315 1 3 7
20140315 9 6 7
20140315 3 7 8
20140315 8 9 7
20140315 1 8 5
20140315 8 7 5
20140316 7 2 5
20140316 2 8 4
20140316 9 7 4
20140316 5 2 7
20140316 4 3 1
20140316 5 3 1
20140316 4 2 6
20140316 4 2 7
20140316 1 2 7
20140316 3 5 4
20140316 6 3 5
20140316 2 9 4
20140316 9 2 4
20140316 7 5 1
20140409 4 1 2
20140409 2 3 4
20140409 3 4 1
20140409 4 1 3
20140409 5 1 7
20140409 1 5 2
20140409 2 5 8
20140409 1 2 8
20140409 3 1 7
20140409 2 5 4
20140410 5 2 1
20140410 2 5 7
20140410 3 1 2
20140410 3 7 6
20140410 2 1 5
20140410 6 9 3
20140410 1 9 6
20140410 5 2 3
20140410 1 7 4
20140410 5 4 7
20140411 4 3 2
20140411 1 7 4
20140411 4 3 1
20140411 2 4 1
20140411 4 1 7
20140411 4 9 7
20140411 5 1 3
20140411 2 9 1
20140411 7 5 2
20140411 1 7 9
20140508 1 5 2
20140508 4 1 3
20140508 5 1 3
20140508 7 1 2
20140508 4 2 1
20140508 7 6 2
20140508 9 1 3
20140508 5 4 1
20140508 5 2 3
20140508 7 9 5
20140509 2 5 3
20140509 7 2 5
20140509 5 2 1
20140509 2 5 1
20140509 3 6 5
20140509 1 9 2
20140509 9 2 7
20140509 2 9 1
20140509 7 8 5
20140509 1 5 9
20140510 5 1 3
20140510 1 7 3
20140510 1 3 2
20140510 3 4 6
20140510 5 3 7
20140510 7 5 9
20140510 5 9 8
20140510 2 5 3
20140510 7 9 5
20140510 3 2 5
20140517 7 2 3
20140517 2 9 5
20140517 2 7 4
20140517 2 7 3
20140517 9 5 7
20140517 9 4 1
20140517 5 7 6
20140517 7 4 9
20140517 1 6 5
20140517 4 2 9
20140517 1 5 6
20140518 1 7 4
20140518 2 9 7
20140518 3 9 1
20140518 7 5 1
20140518 2 8 4
20140518 4 9 3
20140518 4 1 3
20140518 7 2 6
20140518 2 9 5
20140518 7 9 2
20140518 5 9 2
20140602 1 3 5
20140602 2 4 3
20140602 1 2 8
20140602 2 9 4
20140602 1 7 3
20140602 3 9 4
20140602 4 5 7
20140602 5 2 8
20140602 3 9 2
20140602 5 7 1
20140602 9 8 5
20140603 4 8 3
20140603 5 7 3
20140603 9 4 3
20140603 5 9 3
20140603 9 7 5
20140603 3 2 1
20140603 7 9 1
20140603 3 9 6
20140603 1 9 3
20140603 8 2 5
20140603 7 3 8
20140604 2 9 7
20140604 5 2 4
20140604 3 1 2
20140604 1 9 7
20140604 3 1 8
20140604 1 9 5
20140604 5 1 2
20140604 2 7 4
20140604 1 2 5
20140604 7 3 2
20140604 3 5 2
20140626 7 5 1
20140626 2 9 3
20140626 3 4 9
20140626 3 7 1
20140626 5 2 9
20140626 9 7 1
20140626 7 6 8
20140626 5 1 7
20140626 1 3 7
20140626 7 8 1
20140626 7 5 4
20140626 2 9 3
20140627 3 9 2
20140627 5 1 7
20140627 7 5 1
20140627 2 1 5
20140627 6 3 2
20140627 1 5 2
20140627 5 2 1
20140627 5 9 3
20140627 9 5 4
20140627 9 3 1
20140627 9 1 8
20140627 3 9 6
20140628 5 1 9
20140628 9 2 5
20140628 9 1 5
20140628 2 9 4
20140628 9 1 4
20140628 7 1 9
20140628 7 6 9
20140628 2 3 7
20140628 3 1 7
20140628 3 9 2
20140628 9 2 5
20140628 3 1 9
20140629 2 5 3
20140629 2 8 4
20140629 1 7 9
20140629 9 6 1
20140629 2 7 4
20140629 5 9 2
20140629 5 2 9
20140629 1 3 5
20140629 2 1 3
20140629 2 9 4
20140629 5 1 9
20140629 7 9 6
20140707 1 2 9
20140707 1 5 9
20140707 9 3 1
20140707 3 9 5
20140707 2 7 9
20140707 9 5 1
20140707 7 8 5
20140707 9 3 7
20140707 9 1 4
20140707 7 4 2
20140707 2 5 3
20140708 8 5 1
20140708 3 1 2
20140708 5 2 8
20140708 4 1 2
20140708 7 2 9
20140708 9 1 2
20140708 2 8 9
20140708 5 7 9
20140708 3 4 5
20140708 5 1 9
20140708 7 5 3
20140709 3 2 6
20140709 9 6 7
20140709 7 1 8
20140709 1 5 9
20140709 7 9 3
20140709 6 1 5
20140709 2 4 6
20140709 8 1 7
20140709 7 5 9
20140709 1 3 4
20140709 2 9 7
20140811 3 7 6
20140811 2 7 1
20140811 1 3 7
20140811 5 3 7
20140811 3 6 5
20140811 2 5 1
20140811 8 2 5
20140811 9 4 7
20140811 9 3 1
20140811 7 9 1
20140812 2 3 1
20140812 1 4 5
20140812 4 7 1
20140812 7 6 2
20140812 5 2 1
20140812 2 7 9
20140812 5 9 6
20140812 7 5 4
20140812 5 7 6
20140812 7 3 9
20140813 7 3 4
20140813 3 7 4
20140813 2 3 4
20140813 1 7 2
20140813 1 4 7
20140813 5 2 7
20140813 7 1 9
20140813 7 4 8
20140813 9 7 1
20140813 7 6 1
20140905 1 4 7
20140905 2 6 5
20140905 4 5 1
20140905 3 7 5
20140905 1 6 2
20140905 2 7 4
20140905 9 2 7
20140905 9 2 7
20140905 7 9 1
20140905 5 3 7
20140906 4 2 3
20140906 1 4 3
20140906 4 6 3
20140906 5 1 2
20140906 2 4 1
20140906 5 1 2
20140906 9 1 2
20140906 7 5 2
20140906 7 1 8
20140906 5 4 2
20140907 4 7 1
20140907 1 4 3
20140907 1 5 6
20140907 1 3 6
20140907 5 7 4
20140907 2 3 8
20140907 4 1 2
20140907 1 4 5
20140907 7 1 5
20140907 9 3 2
20140916 1 3 9
20140916 9 5 2
20140916 9 7 2
20140916 1 7 5
20140916 2 9 5
20140916 4 1 6
20140916 5 7 4
20140916 7 9 3
20140916 5 2 7
20140916 3 1 9
20140916 2 7 3
20140916 3 5 8
20140917 2 5 8
20140917 5 1 9
20140917 9 4 3
20140917 9 7 4
20140917 7 1 9
20140917 3 6 2
20140917 4 3 1
20140917 9 4 3
20140917 9 2 1
20140917 7 8 4
20140917 6 9 5
20140917 5 9 1
20140918 5 6 3
20140918 7 3 9
20140918 5 1 6
20140918 7 3 8
20140918 6 3 1
20140918 7 2 6
20140918 5 3 7
20140918 1 2 5
20140918 9 7 4
20140918 1 4 9
20140918 1 3 7
20140918 2 4 5
20141023 5 4 2
20141023 2 3 7
20141023 4 2 7
20141023 5 2 6
20141023 3 5 7
20141023 5 9 2
20141023 3 1 5
20141023 7 1 4
20141023 9 1 5
20141023 6 1 2
20141024 7 5 1
20141024 4 2 5
20141024 1 5 2
20141024 4 7 3
20141024 1 7 2
20141024 2 7 4
20141024 1 4 9
20141024 5 4 1
20141024 3 2 1
20141024 1 5 9
20141025 5 2 4
20141025 3 1 2
20141025 7 3 5
20141025 4 2 6
20141025 1 4 5
20141025 9 3 5
20141025 8 7 1
20141025 3 4 9
20141025 7 5 9
20141025 7 3 9
20141118 7 1 3
20141118 7 4 5
20141118 5 3 1
20141118 4 7 2
20141118 5 7 3
20141118 1 3 9
20141118 5 1 2
20141118 1 3 7
20141118 2 9 7
20141118 8 7 1
20141119 4 1 5
20141119 5 1 4
20141119 4 2 5
20141119 1 7 6
20141119 3 7 5
20141119 8 7 6
20141119 9 7 2
20141119 7 2 5
20141119 1 7 4
20141119 7 2 1
20141120 1 3 7
20141120 3 2 7
20141120 6 3 4
20141120 7 4 5
20141120 1 7 3
20141120 5 2 8
20141120 1 4 3
20141120 2 5 9
20141120 2 1 5
20141120 8 2 4
20141217 5 7 2
20141217 1 5 8
20141217 1 7 5
20141217 1 7 4
20141217 3 8 9
20141217 9 1 7
20141217 2 5 3
20141217 3 2 1
20141217 9 4 2
20141217 5 3 1
20141217 7 9 4
20141218 2 5 7
20141218 7 1 4
20141218 3 7 4
20141218 7 5 1
20141218 7 1 3
20141218 9 2 1
20141218 5 4 2
20141218 1 5 7
20141218 9 4 3
20141218 5 8 3
20141218 1 5 9
20141219 2 6 9
20141219 1 5 3
20141219 4 6 3
20141219 7 1 5
20141219 2 7 4
20141219 2 5 9
20141219 3 2 1
20141219 5 1 2
20141219 2 9 4
20141219 9 2 4
20141219 3 5 1
20141219 7 4 9
20141219 7 9 4
20150101 1 5 4
20150101 1 7 3
20150101 1 5 4
20150101 6 3 2
20150101 1 4 2
20150101 4 7 9
20150101 9 1 5
20150101 3 2 9
20150101 7 2 3
20150101 7 2 8
20150101 7 4 9
20150102 5 2 7
20150102 2 1 3
20150102 5 4 3
20150102 7 4 2
20150102 3 7 1
20150102 2 1 7
20150102 1 2 8
20150102 9 7 3
20150102 9 1 2
20150102 3 9 1
20150103 3 7 1
20150103 5 3 2
20150103 1 7 3
20150103 3 4 1
20150103 1 2 4
20150103 1 2 3
20150103 9 1 2
20150103 8 5 1
20150103 3 5 1
20150103 5 3 1
20150103 1 5 7
20150119 5 2 1
20150119 3 9 1
20150119 5 3 4
20150119 1 5 3
20150119 2 5 3
20150119 7 3 6
20150119 7 2 5
20150119 7 3 1
20150119 1 4 2
20150119 3 7 1
20150119 9 5 6
20150120 9 3 7
20150120 4 9 1
20150120 9 7 2
20150120 8 9 5
20150120 6 5 9
20150120 2 7 8
20150120 1 2 9
20150120 1 4 2
20150120 1 2 3
20150120 9 6 7
20150120 7 9 1
20150121 3 8 2
20150121 9 1 4
20150121 5 8 7
20150121 9 1 7
20150121 7 3 1
20150121 7 3 8
20150121 8 6 1
20150121 5 3 9
20150121 9 7 3
20150121 2 5 6
20150121 5 3 4
20150206 1 5 2
20150206 2 9 3
20150206 1 7 4
20150206 2 1 8
20150206 1 9 8
20150206 4 2 1
20150206 3 4 2
20150206 1 3 9
20150206 5 1 9
20150206 3 6 4
20150206 7 1 4
20150206 5 2 6
20150207 5 2 1
20150207 7 8 3
20150207 9 7 5
20150207 5 1 7
20150207 5 7 1
20150207 3 2 6
20150207 7 4 1
20150207 4 2 3
20150207 1 5 3
20150207 7 9 2
20150207 7 8 2
20150207 1 6 5
20150208 4 2 1
20150208 3 7 2
20150208 5 3 2
20150208 4 9 3
20150208 2 1 4
20150208 3 2 6
20150208 4 1 7
20150208 1 2 6
20150208 9 1 2
20150208 1 5 7
20150208 9 3 7
20150208 2 3 1
20150221 1 7 9
20150221 9 5 2
20150221 9 6 7
20150221 9 3 7
20150221 3 4 2
20150221 2 4 6
20150221 1 7 2
20150221 3 1 4
20150221 5 1 9
20150221 7 1 9
20150221 5 7 9
20150222 5 1 8
20150222 5 3 2
20150222 6 8 4
20150222 9 3 2
20150222 8 5 6
20150222 9 2 3
20150222 9 4 8
20150222 8 9 4
20150222 3 9 2
20150222 1 2 9
20150222 2 7 5
20150223 1 2 4
20150223 1 3 5
20150223 1 3 4
20150223 6 7 1
20150223 1 9 4
20150223 7 9 6
20150223 2 1 7
20150223 2 3 1
20150223 4 3 2
20150223 2 9 4
20150223 2 5 7
20150304 6 1 3
20150304 2 1 7
20150304 4 5 7
20150304 4 2 3
20150304 2 6 5
20150304 1 7 3
20150304 7 1 2
20150304 5 9 1
20150304 5 1 9
20150304 1 5 6
20150305 5 1 3
20150305 5 7 3
20150305 5 7 6
20150305 5 7 3
20150305 3 6 1
20150305 7 1 2
20150305 4 9 3
20150305 7 5 3
20150305 3 4 8
20150305 6 9 1
20150305 2 9 3
20150306 1 5 3
20150306 3 4 7
20150306 4 3 7
20150306 7 5 1
20150306 7 4 6
20150306 7 3 9
20150306 1 8 9
20150306 4 9 7
20150306 7 9 2
20150306 4 3 9
20150328 2 5 3
20150328 5 1 6
20150328 2 6 5
20150328 3 1 4
20150328 2 1 5
20150328 3 1 2
20150328 7 4 2
20150328 9 2 8
20150328 1 3 6
20150328 2 3 6
20150329 5 2 7
20150329 1 4 7
20150329 4 2 5
20150329 3 4 6
20150329 1 4 2
20150329 5 7 8
20150329 4 9 1
20150329 7 5 1
20150329 1 9 4
20150329 5 4 2
20150330 4 3 7
20150330 4 1 7
20150330 1 5 4
20150330 1 7 3
20150330 3 7 1
20150330 3 7 2
20150330 5 3 1
20150330 9 2 7
20150330 1 4 7
20150330 4 9 1
20150420 9 2 7
20150420 1 3 2
20150420 2 9 7
20150420 7 9 2
20150420 1 3 7
20150420 5 2 9
20150420 1 7 2
20150420 7 5 1
20150420 5 2 4
20150420 7 3 5
20150420 5 4 7
20150421 1 2 3
20150421 1 4 3
20150421 1 7 3
20150421 1 5 9
20150421 3 7 1
20150421 3 5 4
20150421 3 9 5
20150421 5 1 9
20150421 1 9 3
20150421 3 5 8
20150421 1 7 9
20150422 8 5 3
20150422 3 8 1
20150422 2 9 5
20150422 3 5 7
20150422 2 1 5
20150422 3 7 2
20150422 2 6 3
20150422 1 9 5
20150422 9 5 1
20150422 1 5 7
20150422 3 9 5
20150519 5 3 6
20150519 1 3 6
20150519 5 3 1
20150519 1 2 5
20150519 7 2 1
20150519 5 3 7
20150519 9 1 7
20150519 7 3 9
20150519 7 8 1
20150519 2 5 7
20150520 2 1 4
20150520 7 3 2
20150520 7 6 4
20150520 4 3 2
20150520 7 2 5
20150520 5 7 1
20150520 3 9 6
20150520 3 7 9
20150520 3 1 7
20150520 1 9 5
20150521 7 3 1
20150521 3 7 2
20150521 2 7 1
20150521 1 4 3
20150521 5 7 1
20150521 3 6 5
20150521 7 9 1
20150521 1 4 9
20150521 8 2 3
20150521 3 6 5
20150528 2 5 4
20150528 7 1 2
20150528 4 1 2
20150528 3 5 7
20150528 7 4 1
20150528 2 6 4
20150528 5 6 4
20150528 8 9 2
20150528 5 9 2
20150528 4 3 9
20150528 1 5 2
20150528 9 2 3
20150529 5 2 6
20150529 5 2 7
20150529 7 4 1
20150529 7 3 2
20150529 5 7 6
20150529 3 2 4
20150529 7 1 3
20150529 4 3 7
20150529 2 5 1
20150529 5 2 9
20150529 2 8 6
20150529 3 7 9
20150530 2 7 5
20150530 6 2 7
20150530 5 3 7
20150530 6 7 4
20150530 7 1 2
20150530 9 2 3
20150530 4 1 8
20150530 7 2 4
20150530 7 1 6
20150530 9 3 2
20150530 2 1 3
20150530 2 7 9
20150606 2 5 9
20150606 3 2 5
20150606 4 6 5
20150606 2 4 5
20150606 3 7 5
20150606 1 9 4
20150606 7 9 5
20150606 9 3 7
20150606 1 5 7
20150606 8 3 1
20150606 7 6 2
20150606 1 4 7
20150607 5 2 1
20150607 9 2 7
20150607 7 6 3
20150607 7 9 1
20150607 3 8 5
20150607 3 8 7
20150607 6 3 5
20150607 2 1 4
20150607 1 5 2
20150607 7 5 1
20150607 5 1 2
20150607 1 9 7
20150608 4 2 6
20150608 3 1 2
20150608 1 4 2
20150608 4 1 2
20150608 9 2 7
20150608 4 5 3
20150608 7 5 1
20150608 9 4 1
20150608 3 2 7
20150608 5 6 3
20150608 1 5 9
20150608 7 5 1
20150608 7 9 4
20150609 2 7 6
20150609 8 7 4
20150609 7 3 9
20150609 8 2 1
20150609 6 2 7
20150609 3 7 8
20150609 5 9 7
20150609 4 3 6
20150609 9 1 5
20150609 3 5 6
20150609 1 9 7
20150609 3 5 7
