20120409 8 1 7
20120409 2 3 4
20120409 9 3 2
20120409 1 2 3
20120409 5 8 1
20120409 1 5 3
20120409 1 7 9
20120409 2 1 8
20120409 2 3 1
20120409 1 3 7
20120409 3 5 9
20120409 1 3 8
20120410 9 1 3
20120410 1 4 7
20120410 7 4 9
20120410 5 7 9
20120410 6 1 4
20120410 1 7 3
20120410 8 9 5
20120410 3 4 6
20120410 3 2 7
20120410 3 7 1
20120410 7 1 6
20120410 5 1 7
20120411 1 7 9
20120411 2 7 9
20120411 7 1 5
20120411 7 3 1
20120411 1 2 9
20120411 1 5 2
20120411 9 1 3
20120411 5 4 2
20120411 3 1 2
20120411 3 9 5
20120411 1 2 9
20120411 5 7 1
20120421 4 5 1
20120421 2 4 5
20120421 5 1 2
20120421 5 4 7
20120421 3 7 2
20120421 2 9 1
20120421 9 3 1
20120421 9 7 3
20120421 3 9 6
20120421 2 1 9
20120421 3 9 2
20120422 2 7 4
20120422 4 5 3
20120422 3 7 1
20120422 3 7 6
20120422 2 3 1
20120422 7 5 2
20120422 2 6 3
20120422 7 4 6
20120422 4 8 9
20120422 7 8 9
20120422 5 2 4
20120423 3 1 5
20120423 2 6 1
20120423 5 4 2
20120423 2 1 4
20120423 2 3 6
20120423 1 9 5
20120423 9 1 5
20120423 5 1 9
20120423 2 6 1
20120423 1 2 5
20120423 5 1 7
20120423 1 2 8
20120526 4 9 1
20120526 5 3 1
20120526 9 6 2
20120526 1 7 5
20120526 5 4 9
20120526 3 2 4
20120526 9 1 2
20120526 7 8 1
20120526 1 4 2
20120526 1 3 7
20120526 2 7 3
20120527 1 3 7
20120527 3 7 1
20120527 4 1 9
20120527 7 1 2
20120527 3 9 2
20120527 1 5 6
20120527 2 5 4
20120527 9 4 5
20120527 5 7 1
20120527 2 4 7
20120527 4 7 9
20120528 7 3 5
20120528 5 7 8
20120528 2 7 1
20120528 2 9 3
20120528 3 1 5
20120528 3 4 2
20120528 3 9 1
20120528 5 2 3
20120528 3 1 4
20120528 1 9 3
20120528 3 1 5
20120529 9 5 2
20120529 7 1 3
20120529 3 2 8
20120529 7 4 8
20120529 1 8 9
20120529 1 4 5
20120529 3 5 9
20120529 9 1 2
20120529 2 9 7
20120529 1 7 2
20120529 3 1 4
20120611 9 5 2
20120611 2 4 6
20120611 2 6 4
20120611 3 4 1
20120611 3 1 5
20120611 5 7 1
20120611 9 3 1
20120611 1 2 5
20120611 9 5 4
20120611 2 5 3
20120611 1 9 3
20120611 1 2 7
20120611 3 4 8
20120612 1 7 9
20120612 9 3 2
20120612 3 5 8
20120612 2 1 9
20120612 5 1 9
20120612 6 2 9
20120612 3 5 1
20120612 9 1 8
20120612 4 5 9
20120612 9 5 1
20120612 5 3 7
20120612 5 7 3
20120612 1 7 3
20120613 9 5 4
20120613 9 5 7
20120613 4 8 5
20120613 1 4 2
20120613 7 2 8
20120613 9 5 6
20120613 7 3 5
20120613 9 2 7
20120613 5 2 9
20120613 3 5 1
20120613 1 3 2
20120613 9 7 2
20120626 1 9 5
20120626 2 9 3
20120626 2 7 5
20120626 7 1 5
20120626 7 1 5
20120626 7 2 6
20120626 5 7 2
20120626 4 7 3
20120626 7 1 5
20120626 7 2 5
20120626 3 1 5
20120626 9 2 3
20120627 9 2 5
20120627 5 7 8
20120627 7 4 3
20120627 7 2 5
20120627 2 5 3
20120627 5 2 8
20120627 5 8 1
20120627 5 3 1
20120627 9 3 5
20120627 3 1 2
20120627 3 6 8
20120627 2 3 7
20120628 4 8 7
20120628 2 6 5
20120628 8 2 7
20120628 7 9 3
20120628 5 7 4
20120628 2 4 7
20120628 6 2 4
20120628 3 1 6
20120628 8 4 2
20120628 7 4 3
20120628 1 5 2
20120628 3 7 6
20120708 3 1 5
20120708 5 4 3
20120708 2 3 7
20120708 5 2 7
20120708 5 1 7
20120708 7 2 9
20120708 1 4 9
20120708 1 9 4
20120708 2 1 4
20120708 1 2 8
20120708 3 9 1
20120708 5 9 2
20120709 2 4 3
20120709 5 6 3
20120709 1 5 7
20120709 2 6 1
20120709 9 7 2
20120709 5 9 2
20120709 9 6 4
20120709 3 1 9
20120709 3 5 9
20120709 1 8 3
20120710 3 1 4
20120710 2 5 4
20120710 1 4 2
20120710 1 5 4
20120710 1 7 5
20120710 3 7 6
20120710 9 3 2
20120710 9 3 2
20120710 5 6 3
20120710 6 3 8
20120710 8 2 7
20120801 4 2 1
20120801 1 3 2
20120801 7 5 2
20120801 1 7 5
20120801 5 1 3
20120801 9 2 7
20120801 7 2 6
20120801 1 9 7
20120801 1 8 7
20120801 2 6 8
20120801 9 1 5
20120802 5 1 3
20120802 5 7 2
20120802 7 4 2
20120802 1 2 4
20120802 6 2 1
20120802 1 5 4
20120802 2 9 8
20120802 5 1 3
20120802 7 1 6
20120802 5 1 2
20120802 5 1 3
20120803 7 3 6
20120803 3 1 7
20120803 5 3 2
20120803 1 4 5
20120803 2 3 4
20120803 3 9 7
20120803 7 5 1
20120803 1 3 4
20120803 7 2 3
20120803 8 2 7
20120803 9 1 7
20120905 1 4 3
20120905 5 1 2
20120905 7 5 2
20120905 1 2 4
20120905 2 3 6
20120905 5 1 3
20120905 2 9 1
20120905 9 5 2
20120905 2 5 9
20120905 1 7 3
20120905 9 5 3
20120906 5 3 2
20120906 6 7 2
20120906 1 4 2
20120906 5 2 1
20120906 3 5 1
20120906 1 6 7
20120906 1 9 3
20120906 3 5 7
20120906 9 3 2
20120906 1 8 9
20120906 7 2 9
20120907 3 1 7
20120907 5 7 4
20120907 7 5 4
20120907 2 3 4
20120907 1 5 4
20120907 7 3 9
20120907 4 1 7
20120907 4 7 1
20120907 4 2 5
20120907 2 8 1
20120907 2 8 1
20120907 7 2 5
20120921 7 3 2
20120921 7 2 4
20120921 3 4 1
20120921 4 1 5
20120921 3 7 5
20120921 9 2 3
20120921 9 3 4
20120921 5 1 9
20120921 1 3 7
20120921 3 9 7
20120921 1 2 8
20120922 5 3 4
20120922 7 4 1
20120922 4 5 1
20120922 3 1 2
20120922 1 4 7
20120922 5 2 1
20120922 5 9 1
20120922 3 7 9
20120922 9 2 5
20120922 5 2 8
20120922 2 6 3
20120923 5 7 3
20120923 7 5 1
20120923 4 5 1
20120923 5 3 1
20120923 4 1 7
20120923 5 9 3
20120923 7 3 9
20120923 3 7 4
20120923 1 7 2
20120923 1 2 6
20120923 7 5 1
20121002 7 2 3
20121002 5 8 2
20121002 7 2 9
20121002 1 5 9
20121002 1 7 4
20121002 1 7 4
20121002 3 5 6
20121002 8 3 7
20121002 7 1 2
20121002 7 4 1
20121002 1 7 2
20121003 2 3 8
20121003 3 7 9
20121003 7 3 4
20121003 4 3 6
20121003 2 1 9
20121003 5 2 3
20121003 1 8 3
20121003 1 7 6
20121003 7 9 5
20121003 5 2 3
20121003 1 9 2
20121004 2 5 3
20121004 4 1 7
20121004 3 9 1
20121004 5 9 2
20121004 8 3 2
20121004 7 1 3
20121004 5 9 2
20121004 3 5 4
20121004 3 9 7
20121004 1 5 2
20121004 2 1 5
20121119 2 5 3
20121119 1 5 7
20121119 7 1 5
20121119 2 5 7
20121119 3 1 7
20121119 9 5 1
20121119 1 5 3
20121119 9 5 3
20121119 3 7 5
20121119 4 5 3
20121119 4 6 7
20121120 4 7 5
20121120 5 1 4
20121120 3 5 6
20121120 1 3 2
20121120 2 3 5
20121120 9 5 1
20121120 9 1 6
20121120 1 3 4
20121120 9 1 2
20121120 1 2 9
20121120 3 9 1
20121121 5 7 3
20121121 4 1 5
20121121 1 6 4
20121121 1 5 7
20121121 1 7 2
20121121 3 4 7
20121121 9 2 1
20121121 9 2 1
20121121 9 2 7
20121121 7 2 5
20121121 7 5 6
20121126 7 2 5
20121126 7 3 9
20121126 3 2 9
20121126 7 9 1
20121126 5 1 8
20121126 9 6 1
20121126 3 1 5
20121126 9 1 4
20121126 7 2 5
20121126 4 3 1
20121126 1 3 7
20121127 1 5 2
20121127 1 5 8
20121127 3 5 2
20121127 2 5 8
20121127 7 4 2
20121127 3 7 4
20121127 1 5 7
20121127 7 9 1
20121127 3 5 1
20121127 2 3 9
20121127 2 1 5
20121127 6 2 1
20121128 1 9 5
20121128 1 9 7
20121128 9 3 1
20121128 1 5 2
20121128 5 9 2
20121128 9 3 1
20121128 3 9 8
20121128 3 8 7
20121128 8 3 7
20121128 3 2 5
20121128 5 3 8
20121128 4 1 6
20121207 2 3 1
20121207 3 1 7
20121207 7 3 1
20121207 1 2 3
20121207 5 1 7
20121207 2 9 5
20121207 7 9 3
20121207 3 9 7
20121207 9 7 3
20121207 9 7 5
20121207 2 3 7
20121207 8 4 7
20121208 2 5 7
20121208 1 2 3
20121208 4 5 7
20121208 6 5 2
20121208 2 6 7
20121208 3 4 7
20121208 3 1 4
20121208 2 5 9
20121208 5 8 4
20121208 9 3 5
20121208 5 2 8
20121209 5 7 3
20121209 7 1 3
20121209 1 3 5
20121209 7 1 4
20121209 1 7 5
20121209 2 6 5
20121209 7 8 5
20121209 9 1 2
20121209 7 3 4
20121209 6 1 5
20121209 7 2 9
20121218 1 3 6
20121218 4 2 1
20121218 9 3 8
20121218 1 3 2
20121218 3 8 2
20121218 7 5 1
20121218 9 1 6
20121218 9 8 3
20121218 9 6 2
20121218 1 3 5
20121218 8 1 2
20121219 1 5 6
20121219 8 5 3
20121219 9 3 1
20121219 5 1 8
20121219 2 7 6
20121219 1 3 5
20121219 7 3 4
20121219 2 1 5
20121219 2 5 1
20121219 7 5 1
20121219 5 3 6
20121219 2 1 5
20121220 2 7 1
20121220 5 9 6
20121220 9 2 3
20121220 2 5 6
20121220 7 3 9
20121220 1 2 4
20121220 1 9 2
20121220 2 5 7
20121220 5 1 8
20121220 9 4 3
20121220 1 3 9
20130111 1 5 2
20130111 4 1 7
20130111 5 2 3
20130111 5 2 3
20130111 3 1 2
20130111 6 4 2
20130111 9 7 4
20130111 7 4 3
20130111 6 1 2
20130111 3 9 2
20130111 7 2 5
20130112 3 7 1
20130112 7 1 2
20130112 7 2 5
20130112 7 4 3
20130112 2 4 1
20130112 1 2 8
20130112 3 9 7
20130112 1 2 9
20130112 1 9 3
20130112 3 5 9
20130112 3 5 2
20130113 4 3 6
20130113 1 7 3
20130113 4 7 1
20130113 7 1 4
20130113 1 2 5
20130113 5 7 2
20130113 9 2 3
20130113 9 2 6
20130113 6 3 7
20130113 5 6 1
20130113 1 7 4
20130123 2 1 4
20130123 5 2 1
20130123 2 1 7
20130123 7 5 2
20130123 2 3 5
20130123 3 5 1
20130123 2 9 5
20130123 7 3 5
20130123 5 1 9
20130123 5 2 8
20130123 9 2 6
20130124 5 1 4
20130124 5 3 2
20130124 7 3 5
20130124 2 6 4
20130124 5 3 4
20130124 5 2 6
20130124 1 5 3
20130124 6 9 3
20130124 1 3 4
20130124 4 1 9
20130124 1 7 8
20130125 5 7 4
20130125 3 7 2
20130125 7 5 3
20130125 4 5 3
20130125 3 2 7
20130125 5 1 2
20130125 9 4 8
20130125 7 5 9
20130125 3 1 4
20130125 7 5 4
20130125 2 7 1
20130213 7 1 3
20130213 7 2 5
20130213 7 5 3
20130213 3 1 2
20130213 4 6 5
20130213 3 1 7
20130213 9 8 5
20130213 5 6 7
20130213 3 5 1
20130213 3 4 8
20130213 6 2 5
20130214 1 5 7
20130214 1 7 4
20130214 2 1 7
20130214 7 2 3
20130214 2 7 6
20130214 5 3 9
20130214 9 6 4
20130214 3 2 4
20130214 2 4 7
20130214 1 9 3
20130214 1 5 6
20130215 1 4 2
20130215 2 3 1
20130215 5 2 7
20130215 7 3 1
20130215 3 5 4
20130215 3 1 2
20130215 2 7 9
20130215 7 5 3
20130215 2 1 3
20130215 1 3 7
20130215 3 5 6
20130316 1 3 5
20130316 5 3 1
20130316 3 1 2
20130316 7 5 3
20130316 3 1 7
20130316 9 8 4
20130316 1 7 9
20130316 6 1 4
20130316 2 7 3
20130316 9 5 2
20130316 9 1 8
20130317 7 2 3
20130317 3 6 5
20130317 1 7 5
20130317 3 5 1
20130317 2 3 5
20130317 3 1 2
20130317 9 2 4
20130317 8 9 1
20130317 1 5 2
20130317 5 2 1
20130317 2 7 1
20130318 4 2 5
20130318 5 1 4
20130318 5 1 2
20130318 1 3 5
20130318 1 5 3
20130318 3 2 1
20130318 9 2 7
20130318 3 6 5
20130318 2 1 3
20130318 8 5 2
20130318 1 5 7
20130318 2 9 3
20130328 7 3 2
20130328 5 1 7
20130328 1 7 2
20130328 3 6 5
20130328 7 2 5
20130328 8 7 1
20130328 7 5 3
20130328 2 7 1
20130328 9 2 1
20130328 1 9 3
20130328 7 5 3
20130329 1 5 2
20130329 2 3 6
20130329 3 5 7
20130329 7 6 1
20130329 2 5 1
20130329 5 7 9
20130329 1 3 9
20130329 1 9 3
20130329 8 7 1
20130329 3 1 7
20130329 4 6 9
20130329 9 2 5
20130330 7 1 4
20130330 7 1 2
20130330 2 1 5
20130330 7 2 5
20130330 2 7 5
20130330 7 3 1
20130330 3 9 6
20130330 7 3 5
20130330 1 2 7
20130330 6 5 9
20130330 8 2 1
20130411 9 1 3
20130411 2 9 7
20130411 9 5 1
20130411 1 2 3
20130411 3 2 9
20130411 3 1 5
20130411 9 5 2
20130411 3 7 5
20130411 7 3 9
20130411 7 5 9
20130411 9 7 5
20130412 5 2 7
20130412 3 7 9
20130412 3 7 5
20130412 3 2 5
20130412 9 8 4
20130412 1 3 4
20130412 7 3 5
20130412 7 2 6
20130412 3 5 1
20130412 2 7 8
20130412 2 3 7
20130413 7 1 5
20130413 1 4 2
20130413 4 9 1
20130413 7 9 5
20130413 5 3 7
20130413 1 5 8
20130413 1 9 2
20130413 2 7 1
20130413 6 7 8
20130413 5 1 3
20130413 3 6 4
20130525 1 5 9
20130525 1 7 6
20130525 7 2 5
20130525 3 1 4
20130525 5 3 2
20130525 7 1 9
20130525 9 5 3
20130525 4 6 7
20130525 3 4 1
20130525 1 2 7
20130525 5 9 4
20130526 2 1 5
20130526 8 2 6
20130526 9 1 5
20130526 3 9 7
20130526 1 4 2
20130526 7 3 8
20130526 7 8 3
20130526 9 2 3
20130526 3 6 7
20130526 2 1 9
20130526 5 1 7
20130526 5 7 1
20130526 5 1 7
20130527 4 2 6
20130527 7 6 4
20130527 5 9 1
20130527 3 1 8
20130527 2 1 8
20130527 2 3 1
20130527 3 5 9
20130527 5 3 1
20130527 5 1 7
20130527 3 5 6
20130527 3 9 1
20130528 6 2 9
20130528 3 2 5
20130528 3 9 5
20130528 3 2 8
20130528 8 5 9
20130528 1 8 5
20130528 5 1 4
20130528 2 1 4
20130528 1 8 3
20130528 1 6 3
20130528 3 1 9
20130617 4 3 7
20130617 5 7 2
20130617 3 1 4
20130617 5 4 2
20130617 5 1 2
20130617 5 1 7
20130617 1 7 5
20130617 5 9 3
20130617 1 9 7
20130617 5 2 7
20130618 2 1 6
20130618 7 4 2
20130618 2 5 1
20130618 5 3 7
20130618 4 1 3
20130618 7 5 9
20130618 1 2 3
20130618 5 4 9
20130618 2 3 5
20130618 9 1 4
20130619 1 6 2
20130619 5 1 7
20130619 2 7 4
20130619 1 2 4
20130619 5 2 1
20130619 2 1 3
20130619 1 9 7
20130619 1 3 5
20130619 3 7 5
20130619 1 5 4
20130625 3 9 1
20130625 5 9 2
20130625 2 1 5
20130625 3 7 1
20130625 1 8 9
20130625 1 5 2
20130625 7 2 1
20130625 3 7 5
20130625 7 3 4
20130625 7 4 3
20130625 5 3 2
20130625 2 1 4
20130626 2 5 7
20130626 2 1 5
20130626 3 5 9
20130626 9 5 1
20130626 5 9 1
20130626 5 7 2
20130626 1 7 9
20130626 5 4 1
20130626 1 7 2
20130626 2 9 5
20130626 7 9 1
20130627 2 4 9
20130627 9 7 1
20130627 1 4 8
20130627 1 5 8
20130627 2 5 9
20130627 6 3 2
20130627 7 3 2
20130627 7 1 8
20130627 7 1 9
20130627 2 1 5
20130627 1 9 4
20130709 5 2 1
20130709 2 5 4
20130709 3 2 6
20130709 4 3 5
20130709 5 2 1
20130709 5 3 9
20130709 9 2 5
20130709 1 7 9
20130709 9 4 3
20130709 3 2 1
20130710 1 7 2
20130710 5 1 3
20130710 4 2 5
20130710 7 3 4
20130710 1 3 2
20130710 5 1 6
20130710 5 1 6
20130710 4 7 9
20130710 3 8 6
20130710 1 7 3
20130711 3 1 5
20130711 7 2 6
20130711 5 1 7
20130711 5 4 2
20130711 3 4 6
20130711 1 8 2
20130711 2 1 9
20130711 9 5 1
20130711 5 7 3
20130711 7 1 9
20130724 2 1 7
20130724 1 7 5
20130724 5 3 2
20130724 1 2 7
20130724 2 3 7
20130724 8 2 3
20130724 1 3 9
20130724 7 3 1
20130724 7 1 6
20130724 5 1 3
20130725 3 1 4
20130725 2 1 7
20130725 3 4 1
20130725 5 3 1
20130725 7 5 2
20130725 1 3 9
20130725 9 1 4
20130725 5 2 7
20130725 3 5 2
20130725 1 2 5
20130725 1 5 2
20130726 2 5 4
20130726 7 5 4
20130726 2 1 4
20130726 3 4 5
20130726 4 1 3
20130726 2 6 7
20130726 8 2 5
20130726 5 7 4
20130726 7 8 3
20130726 5 9 3
20130807 5 1 7
20130807 4 2 1
20130807 7 2 1
20130807 3 5 1
20130807 5 7 1
20130807 5 2 6
20130807 7 2 9
20130807 9 3 2
20130807 3 2 1
20130807 4 6 9
20130808 7 1 4
20130808 3 5 1
20130808 2 4 1
20130808 7 3 1
20130808 4 2 3
20130808 9 7 3
20130808 5 1 3
20130808 1 9 4
20130808 7 3 8
20130808 9 3 7
20130809 1 2 3
20130809 5 7 3
20130809 7 1 2
20130809 4 3 2
20130809 1 5 6
20130809 1 9 2
20130809 9 1 5
20130809 2 1 9
20130809 5 8 9
20130809 1 7 5
20130819 9 2 7
20130819 7 9 2
20130819 2 1 5
20130819 9 3 1
20130819 1 5 2
20130819 5 1 9
20130819 5 2 7
20130819 5 7 2
20130819 1 4 3
20130819 8 1 7
20130819 1 7 3
20130819 8 2 7
20130820 4 2 9
20130820 5 3 8
20130820 9 5 8
20130820 3 2 1
20130820 5 7 9
20130820 5 1 3
20130820 1 8 6
20130820 2 7 3
20130820 2 1 6
20130820 2 7 5
20130820 5 9 1
20130821 2 1 4
20130821 6 9 4
20130821 3 5 2
20130821 9 2 8
20130821 5 9 1
20130821 2 1 8
20130821 7 9 2
20130821 2 9 1
20130821 6 9 2
20130821 7 9 6
20130821 9 2 4
20130926 1 3 5
20130926 3 5 7
20130926 5 7 3
20130926 7 1 4
20130926 2 5 7
20130926 6 7 4
20130926 4 3 7
20130926 7 1 5
20130926 4 8 9
20130926 5 9 2
20130926 9 1 5
20130926 8 7 5
20130927 5 3 7
20130927 7 3 2
20130927 2 3 7
20130927 2 3 7
20130927 1 7 3
20130927 1 5 3
20130927 1 5 2
20130927 8 1 2
20130927 6 3 2
20130927 2 9 5
20130927 3 9 5
20130927 1 3 9
20130928 2 7 4
20130928 2 5 1
20130928 2 7 6
20130928 3 4 1
20130928 7 3 2
20130928 4 5 7
20130928 2 1 7
20130928 5 6 7
20130928 1 3 2
20130928 3 7 2
20130928 3 5 2
20130928 3 5 8
20131023 9 4 2
20131023 9 7 4
20131023 8 9 6
20131023 2 7 4
20131023 5 2 4
20131023 1 4 3
20131023 1 3 7
20131023 7 2 9
20131023 3 7 2
20131023 9 8 5
20131023 8 6 3
20131024 1 3 9
20131024 4 1 3
20131024 7 2 9
20131024 1 4 3
20131024 9 1 2
20131024 3 7 1
20131024 7 4 2
20131024 3 9 7
20131024 5 1 7
20131024 1 3 2
20131024 1 3 2
20131025 9 3 7
20131025 3 4 7
20131025 3 7 9
20131025 1 7 6
20131025 2 5 8
20131025 5 8 1
20131025 7 3 9
20131025 7 9 3
20131025 6 4 1
20131025 4 1 2
20131025 2 5 7
20131025 3 2 9
20131125 5 2 3
20131125 7 2 1
20131125 5 2 1
20131125 2 1 4
20131125 2 3 7
20131125 3 1 8
20131125 3 9 5
20131125 7 1 6
20131125 1 3 5
20131125 2 3 8
20131126 2 3 6
20131126 7 3 1
20131126 2 1 3
20131126 7 1 2
20131126 1 3 7
20131126 2 5 7
20131126 2 5 6
20131126 3 7 9
20131126 2 3 8
20131126 7 3 4
20131127 5 3 6
20131127 7 3 2
20131127 2 7 1
20131127 2 7 3
20131127 6 7 4
20131127 7 1 9
20131127 9 3 1
20131127 5 9 4
20131127 9 8 3
20131127 5 1 9
20131203 1 7 2
20131203 3 7 1
20131203 1 3 7
20131203 5 7 3
20131203 7 2 1
20131203 5 4 3
20131203 2 9 7
20131203 3 4 7
20131203 7 9 3
20131203 1 3 7
20131204 2 3 5
20131204 2 3 5
20131204 3 6 4
20131204 7 2 3
20131204 1 2 5
20131204 7 3 9
20131204 9 1 8
20131204 9 2 1
20131204 1 9 2
20131205 7 5 1
20131205 3 4 1
20131205 7 3 2
20131205 6 4 3
20131205 5 2 6
20131205 1 5 2
20131205 7 9 1
20131205 1 9 4
20131205 3 5 2
20131205 1 5 8
20131224 5 7 2
20131224 1 2 5
20131224 2 5 3
20131224 5 1 3
20131224 7 2 4
20131224 8 4 2
20131224 9 2 3
20131224 8 5 2
20131224 1 7 3
20131224 9 5 7
20131225 2 1 5
20131225 3 4 1
20131225 1 5 3
20131225 2 1 5
20131225 1 3 2
20131225 4 2 9
20131225 1 7 8
20131225 3 5 7
20131225 9 3 1
20131225 1 9 7
20131226 5 4 7
20131226 3 7 2
20131226 3 2 4
20131226 4 7 2
20131226 1 5 6
20131226 2 8 4
20131226 7 3 9
20131226 1 9 6
20131226 9 4 3
20131226 3 5 6
20140101 7 1 5
20140101 1 4 7
20140101 1 7 3
20140101 2 4 7
20140101 7 1 2
20140101 5 9 1
20140101 1 9 3
20140101 9 3 1
20140101 3 5 7
20140101 3 7 9
20140102 7 4 1
20140102 5 3 1
20140102 7 4 1
20140102 6 4 3
20140102 3 1 4
20140102 6 2 9
20140102 6 5 1
20140102 1 5 8
20140102 1 5 7
20140102 7 1 5
20140103 1 3 5
20140103 1 7 3
20140103 1 7 5
20140103 4 1 3
20140103 1 5 3
20140103 1 2 3
20140103 4 3 9
20140103 9 1 7
20140103 2 8 3
20140103 7 4 3
20140115 7 2 9
20140115 3 5 1
20140115 3 9 2
20140115 1 3 7
20140115 1 5 6
20140115 3 1 6
20140115 4 2 7
20140115 6 1 4
20140115 1 9 3
20140115 1 7 3
20140115 1 6 2
20140115 9 3 1
20140115 9 3 4
20140116 9 3 7
20140116 3 4 9
20140116 4 3 5
20140116 2 7 3
20140116 7 1 5
20140116 4 1 7
20140116 2 6 4
20140116 9 8 4
20140116 5 2 9
20140116 9 6 1
20140116 5 3 7
20140116 3 2 1
20140117 7 1 4
20140117 3 5 2
20140117 7 2 8
20140117 3 5 9
20140117 2 1 7
20140117 7 6 3
20140117 3 5 1
20140117 1 7 3
20140117 5 1 4
20140117 9 3 1
20140117 7 2 1
20140117 5 9 2
20140204 5 3 2
20140204 2 1 4
20140204 7 4 2
20140204 1 3 7
20140204 5 7 2
20140205 5 3 1
20140205 1 5 7
20140205 5 2 7
20140205 3 2 7
20140205 2 1 5
20140205 5 4 7
20140205 2 5 9
20140205 1 3 9
20140205 2 5 7
20140205 2 1 9
20140206 3 7 5
20140206 4 6 2
20140206 1 4 2
20140206 1 7 2
20140206 3 7 2
20140206 9 1 7
20140206 3 4 5
20140206 9 2 7
20140206 8 9 1
20140206 1 7 4
20140212 2 1 9
20140212 1 3 5
20140212 5 8 2
20140212 9 4 2
20140212 1 3 5
20140212 9 2 4
20140212 5 9 3
20140212 2 7 1
20140212 9 7 2
20140212 9 1 5
20140212 1 3 5
20140213 5 6 7
20140213 1 2 9
20140213 7 1 5
20140213 9 6 3
20140213 6 3 2
20140213 1 2 6
20140213 3 1 6
20140213 6 2 3
20140213 1 9 2
20140213 3 4 2
20140213 2 3 1
20140214 1 4 5
20140214 1 7 3
20140214 3 5 9
20140214 4 2 3
20140214 2 5 7
20140214 4 2 1
20140214 7 2 6
20140214 7 6 1
20140214 7 2 8
20140214 5 1 8
20140214 9 1 5
20140314 2 1 7
20140314 3 1 6
20140314 7 6 4
20140314 3 7 5
20140314 3 1 7
20140314 7 3 2
20140314 3 7 9
20140314 1 9 5
20140314 2 8 4
20140314 1 2 9
20140315 4 3 7
20140315 4 2 7
20140315 5 2 1
20140315 2 5 3
20140315 5 2 1
20140315 1 3 6
20140315 2 4 1
20140315 9 1 2
20140315 9 7 5
20140315 5 9 1
20140316 5 2 4
20140316 1 5 6
20140316 7 3 2
20140316 2 1 5
20140316 4 5 6
20140316 3 7 8
20140316 5 3 1
20140316 7 6 5
20140316 1 2 4
20140316 3 4 8
20140409 1 7 9
20140409 3 7 9
20140409 1 4 5
20140409 5 1 7
20140409 9 2 3
20140409 9 2 5
20140409 8 6 1
20140409 7 3 2
20140409 4 7 2
20140409 9 7 4
20140409 1 3 7
20140409 5 7 3
20140410 1 9 4
20140410 1 7 2
20140410 5 9 4
20140410 9 1 7
20140410 5 2 7
20140410 7 2 5
20140410 3 7 2
20140410 7 9 1
20140410 9 7 1
20140410 1 2 4
20140410 1 5 3
20140411 5 3 2
20140411 8 1 5
20140411 5 7 3
20140411 9 3 4
20140411 3 8 7
20140411 5 1 7
20140411 4 5 8
20140411 4 5 7
20140411 7 1 8
20140411 4 2 5
20140411 3 6 7
20140423 3 1 5
20140423 1 5 2
20140423 3 1 6
20140423 7 4 3
20140423 5 3 4
20140423 7 1 9
20140423 5 8 2
20140423 5 3 8
20140423 5 1 2
20140423 5 9 2
20140424 4 5 1
20140424 3 2 5
20140424 1 2 5
20140424 4 3 7
20140424 7 3 2
20140424 7 9 1
20140424 7 1 4
20140424 4 3 8
20140424 5 1 7
20140424 5 1 9
20140425 2 3 1
20140425 5 3 1
20140425 3 4 7
20140425 7 3 1
20140425 1 4 5
20140425 3 1 4
20140425 1 7 2
20140425 7 1 2
20140425 3 1 5
20140425 9 2 4
20140514 2 4 6
20140514 2 3 7
20140514 1 4 7
20140514 3 7 1
20140514 5 4 3
20140514 1 9 8
20140514 5 7 2
20140514 2 9 5
20140514 2 5 7
20140514 1 4 7
20140515 4 2 1
20140515 1 4 3
20140515 4 5 3
20140515 5 4 3
20140515 5 7 1
20140515 7 4 2
20140515 7 5 2
20140515 3 7 9
20140515 9 7 2
20140515 2 5 8
20140515 4 2 6
20140516 2 4 5
20140516 1 5 4
20140516 1 3 5
20140516 5 4 6
20140516 6 7 2
20140516 8 4 5
20140516 7 2 4
20140516 2 9 5
20140516 1 6 2
20140516 3 5 7
20140612 5 1 3
20140612 1 6 2
20140612 1 9 6
20140612 8 1 5
20140612 8 2 1
20140612 8 7 6
20140612 9 5 1
20140612 9 1 5
20140612 5 3 9
20140612 5 2 3
20140612 1 4 8
20140612 3 6 4
20140613 9 2 4
20140613 5 3 8
20140613 9 6 2
20140613 4 3 7
20140613 9 4 2
20140613 5 4 3
20140613 9 2 6
20140613 1 9 5
20140613 1 7 6
20140613 1 5 4
20140613 3 9 4
20140613 6 2 9
20140614 8 2 7
20140614 2 6 4
20140614 5 7 3
20140614 1 5 8
20140614 8 3 7
20140614 2 7 9
20140614 4 1 3
20140614 3 5 2
20140614 7 4 1
20140614 2 9 4
20140614 2 7 6
20140614 5 3 4
20140615 8 1 7
20140615 9 1 5
20140615 9 4 2
20140615 6 8 7
20140615 7 3 9
20140615 9 3 1
20140615 4 7 3
20140615 9 1 5
20140615 8 5 4
20140615 2 5 1
20140615 9 5 3
20140630 2 3 9
20140630 3 7 2
20140630 1 7 5
20140630 7 3 5
20140630 5 7 8
20140630 3 1 4
20140630 9 8 7
20140630 2 9 7
20140630 1 8 7
20140630 1 3 6
20140630 3 5 6
20140701 3 2 9
20140701 5 2 7
20140701 1 4 7
20140701 2 4 6
20140701 8 2 5
20140701 7 5 1
20140701 2 9 5
20140701 9 2 6
20140701 2 1 5
20140701 2 5 4
20140701 3 2 9
20140702 3 1 4
20140702 2 7 3
20140702 6 8 9
20140702 2 5 1
20140702 5 1 7
20140702 5 6 9
20140702 6 5 9
20140702 7 2 6
20140702 7 3 6
20140702 7 6 3
20140702 2 4 3
20140702 7 4 6
20140702 3 1 8
20140722 4 3 5
20140722 3 4 1
20140722 1 5 6
20140722 7 1 4
20140722 3 6 4
20140722 7 1 5
20140722 3 5 9
20140722 2 9 8
20140722 2 5 9
20140722 1 3 8
20140723 6 2 5
20140723 3 5 2
20140723 4 5 2
20140723 3 7 4
20140723 4 1 5
20140723 7 9 2
20140723 1 9 8
20140723 3 7 1
20140723 5 1 9
20140723 5 9 1
20140724 7 1 3
20140724 5 6 1
20140724 1 5 4
20140724 5 2 7
20140724 5 7 2
20140724 4 1 2
20140724 3 1 6
20140724 7 3 1
20140724 4 2 1
20140724 9 3 5
20140804 1 4 7
20140804 3 5 2
20140804 3 7 1
20140804 2 6 3
20140804 7 2 1
20140804 7 1 9
20140804 1 5 9
20140804 5 1 7
20140804 4 1 3
20140804 2 7 3
20140805 3 2 5
20140805 1 6 2
20140805 2 5 7
20140805 5 7 4
20140805 1 4 3
20140805 7 5 9
20140805 5 9 3
20140805 9 1 3
20140805 3 7 5
20140805 1 2 7
20140806 4 3 7
20140806 4 2 7
20140806 5 1 4
20140806 2 1 7
20140806 3 1 2
20140806 1 2 9
20140806 1 2 5
20140806 5 7 1
20140806 2 3 9
20140806 4 3 2
20140906 1 5 9
20140906 9 3 7
20140906 7 2 4
20140906 5 3 2
20140906 3 7 9
20140906 5 7 1
20140906 8 9 3
20140906 3 8 2
20140906 1 2 5
20140906 5 1 7
20140906 7 3 8
20140907 9 2 7
20140907 9 3 8
20140907 7 1 3
20140907 2 1 5
20140907 1 7 5
20140907 1 5 3
20140907 7 3 8
20140907 2 4 9
20140907 2 4 7
20140907 7 3 4
20140907 5 1 7
20140908 6 1 8
20140908 7 1 8
20140908 9 5 3
20140908 1 3 4
20140908 5 1 3
20140908 4 1 8
20140908 5 1 9
20140908 1 5 2
20140908 5 3 2
20140908 6 5 7
20140908 7 1 8
20141015 3 4 7
20141015 7 9 8
20141015 3 5 6
20141015 5 3 2
20141015 2 3 9
20141015 5 8 9
20141015 1 2 4
20141015 2 3 9
20141015 9 1 5
20141015 5 3 1
20141015 1 7 3
20141016 2 4 3
20141016 9 5 1
20141016 5 9 2
20141016 7 1 4
20141016 5 1 9
20141016 3 7 5
20141016 7 2 9
20141016 7 1 4
20141016 5 7 9
20141016 3 5 9
20141016 5 2 7
20141017 3 9 2
20141017 5 7 2
20141017 5 9 2
20141017 1 9 8
20141017 3 5 8
20141017 9 5 1
20141017 2 5 9
20141017 9 6 5
20141017 7 9 2
20141017 3 6 4
20141017 2 3 1
20141117 1 2 5
20141117 5 1 2
20141117 1 2 7
20141117 2 3 7
20141117 1 7 5
20141117 9 5 3
20141117 3 9 4
20141117 5 3 1
20141117 1 5 8
20141117 2 7 5
20141118 3 7 1
20141118 2 1 5
20141118 7 5 2
20141118 7 2 1
20141118 5 7 3
20141118 9 7 3
20141118 1 5 2
20141118 5 3 1
20141118 9 2 7
20141118 7 3 9
20141119 3 6 1
20141119 5 4 2
20141119 5 4 7
20141119 2 7 4
20141119 7 1 5
20141119 5 3 7
20141119 2 7 9
20141119 5 2 8
20141119 3 5 6
20141119 9 1 6
20141203 5 2 1
20141203 3 5 1
20141203 7 2 1
20141203 5 7 1
20141203 2 5 3
20141203 2 3 1
20141203 5 7 9
20141203 4 8 7
20141203 4 7 8
20141203 6 2 1
20141204 5 7 2
20141204 5 4 3
20141204 7 2 3
20141204 5 3 1
20141204 1 4 5
20141204 7 3 1
20141204 1 5 9
20141204 2 7 9
20141204 2 1 9
20141204 1 5 2
20141205 4 5 7
20141205 7 3 4
20141205 1 3 7
20141205 2 1 7
20141205 5 7 3
20141205 7 2 1
20141205 9 4 5
20141205 5 7 2
20141205 9 3 2
20141205 8 5 4
20141212 3 7 2
20141212 1 3 7
20141212 5 4 2
20141212 1 2 7
20141212 1 5 4
20141212 3 9 1
20141212 1 7 3
20141212 3 7 6
20141212 9 5 2
20141212 2 1 3
20141213 7 2 3
20141213 5 1 7
20141213 2 5 4
20141213 2 4 6
20141213 2 5 4
20141213 3 2 9
20141213 2 3 9
20141213 3 7 9
20141213 1 9 5
20141213 5 1 4
20141214 5 2 3
20141214 5 1 2
20141214 3 2 4
20141214 1 5 7
20141214 1 5 7
20141214 7 2 9
20141214 3 7 5
20141214 9 7 5
20141214 9 3 5
20141214 3 4 7
20150112 5 2 7
20150112 5 1 7
20150112 3 4 7
20150112 3 9 4
20150112 3 7 9
20150112 1 8 4
20150112 2 7 5
20150112 2 5 9
20150112 7 9 2
20150112 5 9 7
20150112 5 1 3
20150113 8 6 9
20150113 1 8 2
20150113 7 5 2
20150113 7 3 1
20150113 3 7 2
20150113 5 2 4
20150113 5 2 4
20150113 2 8 6
20150113 7 5 9
20150113 2 1 8
20150113 3 1 8
20150114 8 9 5
20150114 6 9 1
20150114 1 9 3
20150114 1 9 7
20150114 9 3 5
20150114 2 1 7
20150114 1 4 5
20150114 8 9 3
20150114 1 7 3
20150114 2 6 9
20150114 5 3 7
20150216 5 3 4
20150216 7 2 5
20150216 5 2 6
20150216 5 1 7
20150216 1 3 5
20150216 1 3 5
20150216 6 1 7
20150216 8 9 1
20150216 2 8 5
20150216 4 3 2
20150216 7 1 3
20150216 4 3 1
20150217 4 3 2
20150217 3 7 2
20150217 7 1 2
20150217 7 1 2
20150217 5 1 7
20150217 2 6 7
20150217 3 2 4
20150217 9 3 2
20150217 8 7 5
20150217 3 2 1
20150217 8 2 5
20150217 5 1 7
20150218 4 3 1
20150218 3 5 1
20150218 5 3 2
20150218 7 3 2
20150218 6 4 7
20150218 2 9 7
20150218 2 3 5
20150218 3 5 4
20150218 4 2 7
20150218 5 1 6
20150218 7 2 8
20150218 6 1 8
20150225 9 2 1
20150225 2 5 7
20150225 1 5 7
20150225 1 6 3
20150225 9 2 5
20150225 5 1 8
20150225 3 2 8
20150225 4 9 3
20150225 5 2 9
20150225 5 1 7
20150225 9 5 1
20150226 3 7 5
20150226 7 1 9
20150226 2 4 9
20150226 1 5 8
20150226 1 2 3
20150226 3 1 7
20150226 3 4 2
20150226 3 5 4
20150226 3 7 9
20150226 1 3 7
20150226 1 9 5
20150227 4 3 9
20150227 2 5 9
20150227 4 9 1
20150227 4 3 6
20150227 3 8 2
20150227 1 6 7
20150227 1 5 9
20150227 1 7 9
20150227 9 1 8
20150227 3 4 5
20150227 4 7 3
20150311 3 5 9
20150311 8 5 2
20150311 1 3 5
20150311 9 4 7
20150311 3 7 4
20150311 9 3 1
20150311 3 4 8
20150311 8 4 2
20150311 5 1 9
20150311 5 2 1
20150311 7 9 3
20150312 5 4 7
20150312 7 1 2
20150312 7 1 8
20150312 8 1 4
20150312 3 9 7
20150312 1 7 2
20150312 4 9 1
20150312 2 4 1
20150312 7 5 9
20150312 9 7 2
20150312 7 2 4
20150313 7 5 1
20150313 7 9 4
20150313 1 6 8
20150313 2 1 9
20150313 1 7 8
20150313 5 7 3
20150313 1 3 4
20150313 6 9 3
20150313 9 1 5
20150313 5 1 7
20150313 3 4 5
20150323 3 4 6
20150323 3 2 7
20150323 3 1 7
20150323 1 3 7
20150323 2 5 7
20150323 3 5 7
20150323 7 9 5
20150323 6 1 2
20150323 9 2 4
20150323 1 9 2
20150324 3 7 1
20150324 5 1 2
20150324 7 2 6
20150324 5 1 7
20150324 1 7 5
20150324 1 2 4
20150324 3 4 9
20150324 9 5 3
20150324 2 5 9
20150324 4 3 1
20150325 5 1 2
20150325 7 3 2
20150325 2 6 3
20150325 3 1 6
20150325 4 1 5
20150325 3 9 7
20150325 9 5 7
20150325 9 3 1
20150325 3 2 9
20150325 7 1 6
20150404 1 4 2
20150404 1 4 5
20150404 3 5 4
20150404 2 6 7
20150404 4 2 3
20150404 4 1 2
20150404 7 2 5
20150404 2 1 3
20150404 3 8 7
20150404 5 1 9
20150404 5 9 1
20150404 9 7 5
20150404 3 6 8
20150405 2 4 3
20150405 3 1 4
20150405 7 4 1
20150405 4 2 5
20150405 2 1 5
20150405 4 3 5
20150405 3 4 2
20150405 9 2 6
20150405 5 9 1
20150405 3 1 6
20150405 2 7 1
20150405 2 7 3
20150405 5 2 7
20150406 2 5 7
20150406 4 2 5
20150406 3 4 7
20150406 6 3 5
20150406 4 5 3
20150406 3 7 2
20150406 6 3 7
20150406 7 4 1
20150406 1 5 2
20150406 2 3 5
20150406 3 2 7
20150406 9 2 5
20150523 1 5 9
20150523 9 1 7
20150523 1 3 5
20150523 7 3 5
20150523 9 3 1
20150523 7 5 6
20150523 3 9 7
20150523 9 5 3
20150523 2 5 7
20150523 3 5 7
20150523 7 3 1
20150523 1 6 2
20150524 1 7 4
20150524 9 1 5
20150524 5 9 4
20150524 7 9 3
20150524 2 3 4
20150524 6 7 9
20150524 9 1 3
20150524 5 6 3
20150524 5 1 7
20150524 3 4 8
20150524 5 1 7
20150524 2 5 9
20150525 1 4 5
20150525 8 2 9
20150525 7 1 5
20150525 2 1 5
20150525 8 6 5
20150525 2 9 1
20150525 5 3 1
20150525 3 7 2
20150525 9 3 8
20150525 7 3 5
20150525 2 7 3
20150525 7 9 5
20150526 9 7 2
20150526 1 7 9
20150526 3 2 6
20150526 5 2 3
20150526 1 8 9
20150526 3 1 9
20150526 2 3 4
20150526 1 4 6
20150526 7 3 9
20150526 7 1 3
20150526 3 4 2
