20120618 3 2 1
20120618 3 1 9
20120618 8 9 7
20120618 5 3 1
20120618 9 1 3
20120618 1 2 7
20120618 6 9 4
20120618 3 9 2
20120618 7 8 5
20120618 1 3 7
20120618 8 5 9
20120618 9 3 7
20120619 4 3 7
20120619 7 5 9
20120619 2 9 3
20120619 4 9 2
20120619 4 9 6
20120619 7 9 8
20120619 4 3 5
20120619 3 1 2
20120619 1 6 9
20120619 9 1 7
20120619 1 9 5
20120619 9 1 3
20120620 7 3 4
20120620 2 1 8
20120620 3 7 5
20120620 2 3 8
20120620 8 6 4
20120620 1 7 4
20120620 7 9 5
20120620 6 8 3
20120620 2 1 7
20120620 5 2 7
20120620 3 6 7
20120620 6 4 3
20120905 3 5 2
20120905 2 7 4
20120905 3 5 2
20120905 9 5 4
20120905 1 5 4
20120905 8 5 3
20120905 5 9 3
20120905 2 7 5
20120905 5 8 3
20120905 1 3 2
20120905 1 2 5
20120906 7 1 5
20120906 3 5 1
20120906 3 9 6
20120906 5 6 9
20120906 1 3 8
20120906 3 1 4
20120906 1 2 8
20120906 1 2 9
20120906 5 1 2
20120906 5 7 2
20120906 7 1 8
20120907 5 2 8
20120907 4 2 7
20120907 1 3 2
20120907 1 4 3
20120907 2 6 1
20120907 2 9 4
20120907 3 8 4
20120907 6 8 1
20120907 2 5 3
20120907 7 4 5
20120907 5 3 1
20121012 7 5 4
20121012 4 5 2
20121012 2 4 7
20121012 5 1 7
20121012 2 4 5
20121012 7 1 5
20121012 5 3 9
20121012 5 2 3
20121012 3 1 5
20121012 9 1 4
20121012 5 7 1
20121013 1 2 5
20121013 3 2 1
20121013 1 4 2
20121013 3 7 5
20121013 1 3 5
20121013 5 3 8
20121013 2 3 5
20121013 4 1 9
20121013 5 3 9
20121013 9 1 4
20121013 5 2 1
20121014 5 2 6
20121014 1 5 7
20121014 5 2 7
20121014 1 7 3
20121014 1 4 6
20121014 1 9 5
20121014 3 6 1
20121014 1 3 6
20121014 5 7 8
20121014 1 7 3
20121014 2 3 4
20121114 5 2 4
20121114 3 2 9
20121114 5 2 3
20121114 9 3 7
20121114 3 1 4
20121114 2 1 5
20121114 3 5 2
20121114 1 5 8
20121114 3 9 7
20121114 9 5 3
20121114 3 5 1
20121115 5 9 4
20121115 1 5 8
20121115 3 5 2
20121115 5 1 9
20121115 5 7 4
20121115 9 3 6
20121115 3 7 2
20121115 2 5 7
20121115 2 9 7
20121115 7 9 3
20121115 7 1 5
20121116 1 2 7
20121116 8 1 9
20121116 5 2 9
20121116 1 5 3
20121116 7 1 3
20121116 3 7 8
20121116 2 7 5
20121116 3 5 1
20121116 5 9 6
20121116 7 1 5
20121116 8 4 3
20121126 7 5 3
20121126 2 4 7
20121126 5 2 4
20121126 1 4 3
20121126 1 2 5
20121126 2 5 7
20121126 2 1 8
20121126 9 3 1
20121126 7 5 3
20121126 1 3 8
20121126 9 5 6
20121127 4 7 1
20121127 3 7 5
20121127 5 4 6
20121127 5 1 7
20121127 7 1 3
20121127 4 9 3
20121127 5 3 1
20121127 3 7 2
20121127 5 3 6
20121127 9 2 3
20121127 9 8 6
20121128 1 4 2
20121128 1 7 2
20121128 3 1 2
20121128 3 1 4
20121128 1 3 7
20121128 2 7 3
20121128 3 5 2
20121128 5 4 7
20121128 2 7 8
20121128 9 2 7
20121128 1 8 9
20121128 3 2 5
20121204 5 1 9
20121204 5 3 2
20121204 9 1 5
20121204 1 9 3
20121204 5 9 6
20121204 8 3 4
20121204 3 5 7
20121204 5 2 1
20121204 7 2 4
20121204 5 7 2
20121204 7 1 5
20121205 9 3 2
20121205 1 5 9
20121205 1 4 7
20121205 9 2 1
20121205 5 7 1
20121205 9 1 3
20121205 5 2 3
20121205 2 1 7
20121205 4 1 9
20121205 2 3 9
20121205 3 7 5
20121206 7 3 4
20121206 8 1 4
20121206 4 3 1
20121206 4 3 5
20121206 5 8 2
20121206 7 3 2
20121206 9 4 1
20121206 5 3 6
20121206 1 3 9
20121206 1 9 3
20121206 2 5 1
20121206 4 7 2
20121206 8 4 2
20121221 4 1 2
20121221 7 3 2
20121221 2 1 5
20121221 7 3 2
20121221 7 3 4
20121221 2 3 5
20121221 1 5 9
20121221 5 2 3
20121221 9 3 5
20121221 6 1 2
20121221 2 7 4
20121221 2 5 3
20121222 2 1 3
20121222 4 2 7
20121222 1 3 7
20121222 5 1 6
20121222 7 1 3
20121222 9 1 4
20121222 2 3 7
20121222 3 1 7
20121222 2 3 7
20121222 3 8 4
20121222 7 2 3
20121223 2 7 4
20121223 4 2 7
20121223 3 5 4
20121223 7 2 5
20121223 7 4 3
20121223 2 9 5
20121223 3 1 9
20121223 7 3 4
20121223 5 7 3
20121223 3 9 8
20121223 1 9 4
20130105 7 9 8
20130105 2 9 7
20130105 1 5 3
20130105 3 2 4
20130105 1 4 2
20130105 1 6 2
20130105 7 3 5
20130105 3 9 4
20130105 1 5 7
20130105 3 2 6
20130105 1 9 6
20130106 7 1 4
20130106 1 7 3
20130106 3 2 5
20130106 9 6 1
20130106 3 4 9
20130106 9 4 1
20130106 1 7 2
20130106 9 8 6
20130106 3 1 2
20130106 1 3 6
20130106 9 6 7
20130107 9 5 3
20130107 7 1 5
20130107 8 1 9
20130107 5 9 1
20130107 9 1 5
20130107 3 1 4
20130107 2 7 1
20130107 2 4 8
20130107 4 7 6
20130107 1 5 9
20130107 2 3 8
20130108 7 9 2
20130108 5 1 8
20130108 4 7 2
20130108 7 5 4
20130108 2 3 1
20130108 5 8 2
20130108 1 8 6
20130108 1 3 8
20130108 5 2 4
20130108 1 9 6
20130108 1 9 5
20130212 4 3 2
20130212 1 2 6
20130212 2 3 4
20130212 5 2 1
20130212 4 1 5
20130212 7 9 2
20130212 2 3 7
20130212 1 3 9
20130212 3 1 7
20130212 7 5 1
20130212 9 1 3
20130213 5 2 6
20130213 1 3 7
20130213 6 3 4
20130213 2 5 1
20130213 1 3 4
20130213 7 2 1
20130213 5 3 9
20130213 6 7 1
20130213 5 8 7
20130213 7 9 1
20130213 5 2 1
20130214 4 5 7
20130214 1 7 4
20130214 3 2 5
20130214 2 6 7
20130214 5 4 3
20130214 1 7 9
20130214 2 7 3
20130214 4 9 3
20130214 5 9 7
20130214 9 1 8
20130214 5 2 7
20130304 1 9 3
20130304 7 1 3
20130304 7 2 4
20130304 2 7 4
20130304 7 2 8
20130304 5 9 3
20130304 2 3 1
20130304 3 5 2
20130304 5 1 7
20130304 1 6 9
20130304 3 1 5
20130305 7 3 2
20130305 5 6 7
20130305 9 5 4
20130305 9 1 3
20130305 4 1 7
20130305 8 6 1
20130305 7 3 8
20130305 2 5 7
20130305 9 3 7
20130305 5 3 1
20130305 5 2 6
20130306 3 9 1
20130306 9 5 7
20130306 3 4 5
20130306 7 5 3
20130306 4 9 7
20130306 3 9 1
20130306 1 7 3
20130306 2 5 1
20130306 3 4 2
20130306 7 4 5
20130306 1 9 5
20130315 5 3 4
20130315 4 1 7
20130315 4 2 7
20130315 4 7 2
20130315 7 4 2
20130315 1 3 4
20130315 9 1 7
20130315 5 1 6
20130315 1 3 7
20130315 7 8 4
20130315 3 5 8
20130315 3 4 8
20130316 4 3 2
20130316 7 3 4
20130316 2 5 1
20130316 4 2 5
20130316 1 4 5
20130316 1 2 9
20130316 9 7 1
20130316 9 3 1
20130316 2 3 5
20130316 2 6 7
20130316 7 9 1
20130317 1 4 2
20130317 3 6 2
20130317 3 2 6
20130317 4 3 1
20130317 4 7 3
20130317 5 2 7
20130317 2 1 9
20130317 5 3 4
20130317 7 5 2
20130317 3 5 2
20130317 7 5 9
20130325 2 7 4
20130325 1 5 2
20130325 1 2 7
20130325 2 1 5
20130325 3 4 2
20130325 2 1 9
20130325 7 1 3
20130325 5 2 7
20130325 2 7 9
20130325 9 5 4
20130325 1 7 8
20130326 7 1 3
20130326 2 1 7
20130326 2 4 7
20130326 1 3 2
20130326 2 5 3
20130326 7 6 8
20130326 7 1 3
20130326 2 3 4
20130326 2 4 7
20130326 7 2 6
20130326 5 9 1
20130327 2 7 4
20130327 3 4 1
20130327 3 2 7
20130327 7 5 1
20130327 4 1 5
20130327 2 9 3
20130327 6 2 8
20130327 5 1 7
20130327 1 9 7
20130327 9 6 5
20130327 2 1 3
20130406 3 7 5
20130406 1 7 4
20130406 3 1 2
20130406 1 2 7
20130406 7 1 4
20130406 8 4 7
20130406 1 3 6
20130406 5 1 2
20130406 5 1 9
20130406 3 8 7
20130407 2 1 5
20130407 4 1 3
20130407 4 1 2
20130407 7 2 1
20130407 2 1 3
20130407 3 5 8
20130407 5 1 7
20130407 5 7 1
20130407 7 3 8
20130407 9 8 6
20130407 2 5 1
20130408 2 7 4
20130408 5 7 2
20130408 2 4 1
20130408 4 3 2
20130408 3 1 2
20130408 5 8 4
20130408 7 4 3
20130408 1 9 5
20130408 4 7 2
20130408 5 3 1
20130423 1 7 2
20130423 1 4 6
20130423 4 3 2
20130423 2 4 3
20130423 1 3 5
20130423 2 5 3
20130423 7 3 2
20130423 9 5 1
20130423 7 5 2
20130423 1 9 4
20130424 2 1 7
20130424 4 2 7
20130424 3 7 1
20130424 1 5 3
20130424 1 7 5
20130424 5 7 2
20130424 9 7 1
20130424 1 3 5
20130424 7 1 3
20130424 3 7 1
20130425 2 1 7
20130425 1 2 5
20130425 4 2 1
20130425 5 3 7
20130425 3 4 5
20130425 7 2 8
20130425 5 3 7
20130425 1 5 6
20130425 7 9 5
20130425 7 2 9
20130518 1 2 5
20130518 4 7 1
20130518 1 5 2
20130518 3 7 5
20130518 1 5 3
20130518 3 2 4
20130518 2 3 5
20130518 5 2 6
20130518 3 9 2
20130518 3 1 7
20130519 2 3 5
20130519 3 2 6
20130519 4 2 3
20130519 1 3 7
20130519 7 4 1
20130519 1 5 9
20130519 7 9 4
20130519 2 5 8
20130519 1 9 3
20130519 2 9 8
20130520 3 1 7
20130520 5 3 1
20130520 6 1 3
20130520 3 2 5
20130520 2 7 1
20130520 5 6 2
20130520 9 2 4
20130520 9 3 1
20130520 1 6 2
20130610 1 5 7
20130610 3 1 5
20130610 2 3 5
20130610 7 2 1
20130610 5 1 4
20130610 3 9 7
20130610 3 4 2
20130610 5 1 8
20130610 3 2 5
20130610 9 1 3
20130611 2 4 7
20130611 3 2 4
20130611 1 2 7
20130611 7 5 1
20130611 4 6 3
20130611 1 9 5
20130611 9 2 8
20130611 3 1 7
20130611 1 8 3
20130611 7 5 4
20130612 5 2 4
20130612 3 4 7
20130612 7 1 6
20130612 1 2 4
20130612 3 7 2
20130612 7 1 9
20130612 5 9 2
20130612 3 4 2
20130612 5 4 9
20130612 7 1 8
20130702 2 9 4
20130702 3 2 4
20130702 1 9 2
20130702 6 7 9
20130702 1 5 9
20130702 9 1 8
20130702 3 7 9
20130702 1 7 5
20130702 9 7 3
20130702 3 5 7
20130702 3 2 8
20130703 3 5 2
20130703 1 3 8
20130703 3 7 9
20130703 2 5 8
20130703 9 5 3
20130703 1 7 5
20130703 7 5 9
20130703 1 5 3
20130703 3 2 8
20130703 3 5 8
20130703 3 9 6
20130704 5 3 7
20130704 9 2 5
20130704 1 4 8
20130704 9 3 5
20130704 9 3 5
20130704 9 6 4
20130704 3 7 9
20130704 1 3 4
20130704 5 3 1
20130704 7 5 9
20130704 2 4 5
20130807 7 2 9
20130807 2 1 9
20130807 7 4 5
20130807 5 7 1
20130807 3 5 1
20130807 3 9 2
20130807 7 3 2
20130807 5 1 2
20130807 2 9 3
20130807 1 3 9
20130807 5 3 4
20130808 1 5 3
20130808 5 3 9
20130808 9 1 8
20130808 3 9 2
20130808 9 1 7
20130808 1 6 9
20130808 6 8 5
20130808 1 7 9
20130808 1 9 7
20130808 3 2 4
20130808 7 8 3
20130809 3 8 2
20130809 1 3 4
20130809 1 4 2
20130809 9 1 4
20130809 9 4 1
20130809 2 1 4
20130809 9 2 7
20130809 2 1 9
20130809 2 3 8
20130809 2 9 6
20130809 5 7 2
20130809 2 3 8
20130828 7 3 2
20130828 1 5 9
20130828 1 5 8
20130828 9 5 1
20130828 5 9 3
20130828 5 1 3
20130828 4 1 3
20130828 2 5 9
20130828 9 3 5
20130828 2 7 3
20130828 3 1 9
20130829 2 5 4
20130829 3 7 1
20130829 4 1 7
20130829 3 1 9
20130829 5 3 1
20130829 9 1 8
20130829 2 9 1
20130829 1 2 9
20130829 9 3 4
20130829 5 2 1
20130829 1 3 7
20130830 3 9 2
20130830 4 2 7
20130830 2 5 6
20130830 1 2 9
20130830 5 8 1
20130830 8 9 6
20130830 9 5 1
20130830 2 1 3
20130830 5 6 9
20130830 1 5 2
20130830 5 8 3
20130907 3 1 7
20130907 2 5 1
20130907 5 2 7
20130907 3 6 1
20130907 4 6 3
20130907 4 2 3
20130907 7 2 5
20130907 1 3 2
20130907 9 3 5
20130907 8 3 2
20130908 1 4 3
20130908 3 5 2
20130908 1 4 6
20130908 1 4 3
20130908 4 5 7
20130908 3 1 5
20130908 9 1 7
20130908 1 3 9
20130908 3 1 8
20130908 1 5 7
20130909 4 1 3
20130909 4 7 1
20130909 2 4 7
20130909 5 4 2
20130909 4 1 6
20130909 9 4 5
20130909 2 1 8
20130909 5 1 3
20130909 1 7 4
20130909 5 9 2
20130921 7 3 5
20130921 1 2 4
20130921 2 4 7
20130921 5 2 7
20130921 3 7 1
20130921 2 7 1
20130921 3 1 9
20130921 5 1 9
20130921 3 5 9
20130921 3 6 5
20130922 2 4 3
20130922 3 7 1
20130922 1 7 4
20130922 3 5 4
20130922 1 4 5
20130922 9 4 1
20130922 3 9 2
20130922 5 2 3
20130922 4 8 9
20130922 2 1 5
20130923 4 5 7
20130923 4 6 1
20130923 1 4 7
20130923 4 3 2
20130923 4 2 7
20130923 9 7 4
20130923 2 1 3
20130923 5 7 1
20130923 2 3 9
20130923 7 1 8
20131002 1 3 4
20131002 7 3 2
20131002 1 7 5
20131002 4 7 5
20131002 1 7 3
20131002 2 3 5
20131002 9 1 3
20131002 4 7 9
20131002 7 1 3
20131002 3 2 1
20131003 5 7 4
20131003 4 5 1
20131003 5 2 1
20131003 1 4 5
20131003 3 5 4
20131003 5 8 4
20131003 5 1 6
20131003 9 2 4
20131003 5 9 2
20131003 7 1 2
20131004 4 3 2
20131004 6 5 2
20131004 5 1 7
20131004 5 2 4
20131004 2 5 1
20131004 2 8 4
20131004 9 3 1
20131004 5 2 4
20131004 5 9 7
20131004 9 3 6
20131106 1 5 7
20131106 3 7 1
20131106 4 2 3
20131106 7 2 1
20131106 1 3 5
20131106 5 4 2
20131106 1 9 8
20131106 9 2 3
20131106 3 1 5
20131106 4 7 1
20131107 5 7 1
20131107 5 2 7
20131107 3 1 4
20131107 2 7 1
20131107 2 3 4
20131107 5 1 7
20131107 5 3 1
20131107 5 6 1
20131107 1 9 5
20131107 5 1 2
20131108 2 3 1
20131108 7 1 6
20131108 3 5 1
20131108 1 7 2
20131108 1 4 3
20131108 2 9 3
20131108 3 9 5
20131108 2 5 1
20131108 9 7 5
20131108 1 2 7
20131125 1 7 3
20131125 3 1 9
20131125 3 6 5
20131125 9 7 1
20131125 9 2 1
20131125 3 1 4
20131125 2 1 8
20131125 1 7 3
20131125 7 3 9
20131125 2 3 5
20131125 2 9 7
20131126 7 3 9
20131126 7 3 5
20131126 2 9 1
20131126 3 9 5
20131126 2 9 3
20131126 1 3 9
20131126 2 7 1
20131126 9 3 2
20131126 9 5 2
20131126 3 2 8
20131126 1 7 4
20131127 9 1 3
20131127 7 9 1
20131127 1 9 4
20131127 7 3 9
20131127 7 1 9
20131127 4 2 3
20131127 2 1 7
20131127 8 3 6
20131127 9 5 2
20131127 7 8 9
20131127 2 7 9
20131217 9 7 2
20131217 5 1 8
20131217 5 3 7
20131217 9 2 1
20131217 3 5 7
20131217 4 3 5
20131217 2 9 7
20131217 7 3 5
20131217 1 5 3
20131217 2 9 5
20131217 6 1 3
20131218 7 5 3
20131218 8 3 9
20131218 2 1 3
20131218 8 3 1
20131218 1 9 2
20131218 9 1 3
20131218 7 5 3
20131218 7 3 8
20131218 7 2 3
20131218 1 7 2
20131218 1 4 2
20131219 1 2 6
20131219 2 3 4
20131219 5 2 3
20131219 2 7 8
20131219 1 5 9
20131219 1 7 5
20131219 3 6 7
20131219 2 1 5
20131219 7 6 3
20131219 2 5 8
20131219 2 5 8
20131223 1 4 5
20131223 2 4 7
20131223 1 3 6
20131223 5 3 2
20131223 7 2 1
20131223 6 1 2
20131223 5 3 9
20131223 5 9 3
20131223 5 1 7
20131223 3 7 9
20131223 9 1 2
20131224 6 2 1
20131224 1 3 7
20131224 7 5 1
20131224 2 4 7
20131224 3 1 7
20131224 3 2 5
20131224 1 2 7
20131224 2 5 8
20131224 1 2 3
20131224 2 5 7
20131225 5 7 3
20131225 6 7 3
20131225 4 5 7
20131225 7 4 2
20131225 1 2 5
20131225 4 7 8
20131225 4 9 7
20131225 1 2 9
20131225 5 2 7
20131225 5 3 1
20140118 1 9 7
20140118 1 9 3
20140118 5 7 9
20140118 2 9 6
20140118 5 1 3
20140118 1 7 9
20140118 2 9 6
20140118 1 3 4
20140118 9 3 5
20140118 9 3 5
20140118 9 1 7
20140119 3 9 6
20140119 7 5 9
20140119 1 9 7
20140119 2 5 7
20140119 2 3 7
20140119 3 6 1
20140119 2 9 3
20140119 9 2 1
20140119 9 2 3
20140119 1 8 3
20140119 3 2 9
20140120 4 8 3
20140120 9 5 8
20140120 1 4 7
20140120 1 3 4
20140120 3 5 2
20140120 8 4 7
20140120 4 2 7
20140120 5 2 9
20140120 5 4 7
20140120 2 1 7
20140120 3 2 9
20140121 1 5 4
20140121 6 1 9
20140121 3 5 1
20140121 9 2 7
20140121 5 3 2
20140121 2 9 7
20140121 3 5 9
20140121 7 3 9
20140121 2 1 3
20140121 3 5 9
20140121 5 7 6
20140205 1 2 3
20140205 6 9 5
20140205 2 8 7
20140205 1 7 4
20140205 5 7 1
20140205 3 9 7
20140205 7 4 2
20140205 5 2 9
20140205 9 6 1
20140205 5 2 7
20140205 1 5 8
20140206 8 5 1
20140206 9 6 1
20140206 1 7 6
20140206 3 4 9
20140206 3 1 8
20140206 1 3 9
20140206 3 9 8
20140206 7 3 2
20140206 2 4 8
20140206 7 9 6
20140206 7 1 9
20140207 7 1 2
20140207 5 6 1
20140207 5 7 3
20140207 4 8 1
20140207 7 5 4
20140207 9 5 2
20140207 2 1 4
20140207 9 7 2
20140207 5 8 4
20140207 1 7 3
20140207 2 3 9
20140216 2 3 5
20140216 3 1 2
20140216 3 2 1
20140216 1 3 5
20140216 3 1 5
20140216 2 6 4
20140216 1 6 7
20140216 3 7 9
20140216 3 7 1
20140216 6 2 7
20140217 1 4 7
20140217 2 6 3
20140217 6 4 1
20140217 3 4 6
20140217 5 2 3
20140217 5 1 9
20140217 3 7 9
20140217 5 1 9
20140217 5 9 2
20140217 9 1 3
20140218 1 4 2
20140218 1 3 5
20140218 4 5 7
20140218 1 5 4
20140218 1 6 5
20140218 9 1 5
20140218 1 2 8
20140218 7 2 5
20140218 9 2 1
20140218 9 2 5
20140309 7 9 2
20140309 3 9 2
20140309 3 9 4
20140309 3 9 5
20140309 2 7 3
20140309 4 9 8
20140309 2 7 1
20140309 9 4 7
20140309 9 1 5
20140309 2 5 9
20140309 3 4 5
20140310 7 6 3
20140310 1 6 5
20140310 2 9 5
20140310 9 3 7
20140310 1 2 7
20140310 1 5 7
20140310 8 3 6
20140310 5 7 2
20140310 1 8 5
20140310 3 4 7
20140310 1 7 2
20140311 9 3 7
20140311 1 2 3
20140311 3 1 9
20140311 3 4 6
20140311 3 9 6
20140311 3 8 2
20140311 6 7 3
20140311 1 4 2
20140311 3 5 7
20140311 4 5 9
20140311 5 2 7
20140421 7 1 3
20140421 7 5 1
20140421 2 1 7
20140421 2 5 1
20140421 5 2 1
20140421 7 4 2
20140421 1 9 7
20140421 1 4 9
20140421 1 9 3
20140421 1 8 3
20140421 4 2 7
20140422 1 4 3
20140422 7 1 2
20140422 1 3 7
20140422 2 7 3
20140422 5 1 6
20140422 7 1 3
20140422 9 1 2
20140422 1 9 7
20140422 3 2 7
20140422 1 7 5
20140423 1 3 7
20140423 1 7 3
20140423 7 4 1
20140423 7 4 5
20140423 7 1 2
20140423 7 5 8
20140423 1 3 8
20140423 7 6 9
20140423 7 3 1
20140423 2 5 8
20140504 2 1 5
20140504 5 7 4
20140504 3 1 7
20140504 5 1 3
20140504 3 1 6
20140504 1 3 4
20140504 5 7 4
20140504 5 1 9
20140504 1 9 5
20140504 3 9 2
20140505 5 7 3
20140505 4 1 5
20140505 2 3 1
20140505 1 2 7
20140505 3 5 4
20140505 1 2 5
20140505 8 4 9
20140505 7 1 2
20140505 7 2 1
20140505 1 2 3
20140505 1 3 7
20140506 1 2 5
20140506 1 5 7
20140506 1 2 3
20140506 7 2 5
20140506 1 3 4
20140506 2 7 3
20140506 2 9 3
20140506 1 3 9
20140506 9 2 8
20140506 9 3 6
20140521 5 1 9
20140521 5 7 1
20140521 4 2 5
20140521 1 7 4
20140521 5 9 2
20140521 3 7 1
20140521 2 1 4
20140521 2 9 3
20140521 3 5 7
20140521 7 2 3
20140521 1 4 7
20140522 1 5 7
20140522 3 7 1
20140522 4 9 8
20140522 3 8 6
20140522 2 7 8
20140522 3 7 9
20140522 2 3 9
20140522 5 7 9
20140522 3 8 7
20140522 9 2 5
20140522 3 1 7
20140523 3 2 7
20140523 1 5 8
20140523 1 9 6
20140523 3 1 4
20140523 4 2 9
20140523 1 9 6
20140523 5 7 1
20140523 5 2 1
20140523 1 3 7
20140523 3 2 7
20140523 7 2 8
20140616 2 5 9
20140616 6 2 3
20140616 3 1 5
20140616 3 5 1
20140616 1 7 3
20140616 1 2 4
20140616 2 9 5
20140616 3 5 7
20140616 2 7 8
20140616 3 1 7
20140616 1 9 7
20140616 7 4 2
20140617 3 2 9
20140617 2 5 7
20140617 3 9 5
20140617 7 3 6
20140617 9 5 2
20140617 7 1 4
20140617 1 2 4
20140617 2 7 5
20140617 5 7 1
20140617 9 2 3
20140617 3 7 5
20140618 3 8 5
20140618 3 5 9
20140618 3 7 5
20140618 3 9 5
20140618 9 1 7
20140618 3 7 8
20140618 5 4 2
20140618 2 4 9
20140618 3 7 2
20140618 7 9 5
20140618 3 9 4
20140623 1 7 9
20140623 7 1 2
20140623 1 3 5
20140623 1 4 7
20140623 2 6 3
20140623 5 7 2
20140623 5 7 9
20140623 7 2 9
20140623 1 4 2
20140623 9 3 4
20140623 9 4 3
20140623 5 3 7
20140623 3 1 7
20140624 7 2 4
20140624 2 8 5
20140624 7 1 4
20140624 6 2 4
20140624 2 5 7
20140624 3 2 7
20140624 9 7 2
20140624 5 9 2
20140624 9 6 2
20140624 1 7 2
20140624 3 7 4
20140625 7 5 3
20140625 2 4 7
20140625 1 2 6
20140625 5 9 1
20140625 9 6 3
20140625 1 7 3
20140625 3 7 8
20140625 5 3 2
20140625 1 4 8
20140625 6 2 5
20140625 5 2 6
20140714 3 4 7
20140714 4 2 5
20140714 5 2 1
20140714 4 2 5
20140714 1 2 7
20140714 2 5 9
20140714 3 1 8
20140714 3 7 6
20140714 4 9 2
20140714 2 1 5
20140715 4 2 1
20140715 2 1 5
20140715 3 1 7
20140715 2 5 7
20140715 2 5 7
20140715 7 2 1
20140715 5 3 4
20140715 7 3 1
20140715 2 3 5
20140715 7 1 5
20140716 2 5 1
20140716 6 1 5
20140716 4 2 7
20140716 3 7 2
20140716 3 2 6
20140716 5 9 8
20140716 2 9 5
20140716 2 1 9
20140716 1 5 6
20140716 5 1 4
20140815 1 2 5
20140815 4 1 3
20140815 5 2 4
20140815 7 2 4
20140815 5 1 2
20140815 7 1 5
20140815 3 5 1
20140815 9 7 2
20140815 3 9 7
20140815 7 2 9
20140816 7 2 3
20140816 1 4 5
20140816 1 5 3
20140816 3 4 1
20140816 1 5 7
20140816 7 1 5
20140816 7 3 5
20140816 7 5 3
20140816 2 1 7
20140816 6 5 1
20140816 2 9 4
20140817 1 6 4
20140817 7 6 1
20140817 4 5 7
20140817 2 4 5
20140817 2 5 7
20140817 7 1 5
20140817 1 7 3
20140817 3 9 2
20140817 9 8 7
20140817 5 9 1
20140925 5 2 3
20140925 3 4 2
20140925 7 2 3
20140925 5 3 4
20140925 1 4 3
20140925 8 9 5
20140925 9 3 7
20140925 5 9 2
20140925 4 2 5
20140925 7 3 9
20140926 7 5 1
20140926 1 7 5
20140926 4 1 2
20140926 3 1 7
20140926 5 6 2
20140926 5 1 8
20140926 5 9 1
20140926 3 9 1
20140926 5 7 6
20140926 2 3 1
20140927 2 4 5
20140927 5 2 1
20140927 7 3 1
20140927 1 6 3
20140927 2 7 1
20140927 7 5 3
20140927 5 2 8
20140927 2 1 9
20140927 8 1 9
20140927 5 3 2
20141005 5 7 4
20141005 1 4 2
20141005 1 4 6
20141005 5 2 7
20141005 1 2 5
20141005 1 7 3
20141005 2 9 7
20141005 7 9 1
20141005 3 5 9
20141005 5 7 3
20141007 3 2 1
20141007 2 4 3
20141007 7 6 3
20141007 5 2 3
20141007 1 5 3
20141007 7 5 4
20141007 8 2 9
20141007 9 1 3
20141007 6 8 1
20141007 1 4 5
20141008 4 1 3
20141008 2 3 1
20141008 1 4 6
20141008 2 1 7
20141008 4 3 7
20141008 9 2 1
20141008 7 3 9
20141008 3 5 1
20141008 3 1 9
20141008 4 9 7
20141110 1 3 7
20141110 4 5 1
20141110 3 2 1
20141110 2 4 1
20141110 3 1 5
20141110 7 1 4
20141110 2 5 8
20141110 7 9 1
20141110 7 3 4
20141110 7 9 1
20141111 6 3 4
20141111 5 2 1
20141111 5 3 4
20141111 4 2 3
20141111 1 3 5
20141111 3 5 2
20141111 9 2 8
20141111 4 3 1
20141111 7 3 9
20141111 3 4 7
20141112 7 4 5
20141112 5 1 2
20141112 4 1 5
20141112 3 5 2
20141112 5 1 4
20141112 3 7 2
20141112 2 1 4
20141112 3 4 9
20141112 3 9 1
20141112 9 7 1
20141214 1 7 2
20141214 1 3 4
20141214 4 1 5
20141214 7 5 1
20141214 7 1 3
20141214 2 4 3
20141214 3 1 9
20141214 7 2 8
20141214 7 2 3
20141214 3 1 5
20141215 5 7 4
20141215 7 5 4
20141215 7 1 2
20141215 7 5 1
20141215 2 5 6
20141215 3 9 2
20141215 9 3 7
20141215 7 1 5
20141215 2 5 3
20141215 1 7 4
20141216 1 6 3
20141216 1 7 3
20141216 1 3 5
20141216 3 4 5
20141216 5 2 1
20141216 5 7 3
20141216 1 5 3
20141216 1 7 3
20141216 3 9 1
20141216 1 3 6
20141225 7 3 9
20141225 9 5 2
20141225 4 1 9
20141225 5 1 2
20141225 7 1 9
20141225 2 7 4
20141225 9 3 1
20141225 9 1 4
20141225 1 3 4
20141225 3 5 9
20141225 8 1 2
20141226 7 1 3
20141226 2 9 7
20141226 7 2 1
20141226 9 1 7
20141226 1 5 3
20141226 5 3 9
20141226 5 1 3
20141226 1 9 3
20141226 3 7 9
20141226 5 3 2
20141226 2 7 5
20141227 1 7 4
20141227 4 2 3
20141227 9 8 3
20141227 2 9 3
20141227 3 1 8
20141227 9 5 4
20141227 6 9 1
20141227 4 1 8
20141227 7 9 2
20141227 1 7 3
20141227 9 1 7
20150115 5 1 8
20150115 3 8 1
20150115 4 8 2
20150115 1 2 4
20150115 3 5 4
20150115 2 5 3
20150115 9 7 1
20150115 1 7 2
20150115 3 4 9
20150115 3 9 4
20150115 3 1 4
20150115 7 4 5
20150115 3 1 5
20150116 9 3 5
20150116 2 7 9
20150116 2 9 4
20150116 3 5 7
20150116 2 1 5
20150116 2 5 1
20150116 9 4 5
20150116 2 4 1
20150116 1 9 7
20150116 1 5 4
20150116 3 1 9
20150116 3 7 1
20150116 1 9 7
20150117 3 8 4
20150117 9 1 2
20150117 9 5 6
20150117 1 9 3
20150117 4 9 5
20150117 9 4 5
20150117 7 1 8
20150117 5 1 7
20150117 3 4 1
20150117 5 9 1
20150117 1 8 3
20150117 1 7 8
20150117 9 5 2
20150118 8 1 2
20150118 5 2 3
20150118 8 2 1
20150118 4 2 8
20150118 7 3 9
20150118 7 1 4
20150118 2 9 7
20150118 1 7 3
20150118 9 4 1
20150118 1 4 2
20150118 1 9 7
20150129 1 5 3
20150129 7 5 2
20150129 7 1 2
20150129 3 5 8
20150129 5 1 7
20150129 3 1 7
20150129 7 9 6
20150129 1 2 5
20150129 1 5 2
20150129 1 8 2
20150129 4 2 8
20150129 2 8 6
20150131 1 5 4
20150131 1 5 6
20150131 5 9 8
20150131 1 5 4
20150131 4 9 5
20150131 7 5 2
20150131 9 3 5
20150131 5 3 7
20150131 7 9 5
20150131 1 9 5
20150131 3 2 5
20150201 6 5 3
20150201 4 5 7
20150201 5 7 6
20150201 2 7 5
20150201 5 3 7
20150201 2 8 9
20150201 7 3 4
20150201 7 5 8
20150201 9 4 8
20150201 5 2 3
20150201 1 5 8
20150204 1 2 7
20150204 1 4 5
20150204 7 1 4
20150204 5 6 2
20150204 2 4 1
20150204 7 3 8
20150204 5 1 2
20150204 7 3 4
20150204 5 8 1
20150204 6 2 3
20150206 3 7 4
20150206 3 5 4
20150206 6 3 7
20150206 3 2 7
20150206 3 5 1
20150206 9 2 6
20150206 5 1 3
20150206 3 6 5
20150206 9 7 3
20150206 2 3 9
20150207 4 2 1
20150207 6 3 2
20150207 1 2 7
20150207 4 5 2
20150207 1 7 3
20150207 9 3 4
20150207 3 2 7
20150207 3 1 4
20150207 2 9 7
20150207 3 7 4
20150218 7 2 9
20150218 3 7 5
20150218 7 5 8
20150218 7 1 3
20150218 5 1 9
20150218 9 7 1
20150218 7 9 1
20150218 7 8 2
20150218 3 7 1
20150218 3 8 1
20150218 2 1 5
20150219 3 2 5
20150219 2 4 5
20150219 2 7 3
20150219 9 2 1
20150219 7 5 2
20150219 6 1 9
20150219 6 1 7
20150219 1 5 3
20150219 4 3 7
20150219 3 7 2
20150219 7 4 3
20150220 7 4 3
20150220 3 9 4
20150220 4 2 7
20150220 3 7 9
20150220 3 6 2
20150220 2 9 8
20150220 2 5 1
20150220 2 1 7
20150220 3 1 9
20150220 3 8 4
20150220 6 5 2
20150305 7 1 6
20150305 5 4 6
20150305 4 3 7
20150305 1 3 5
20150305 7 4 3
20150305 7 3 5
20150305 9 3 1
20150305 2 7 5
20150305 1 9 5
20150305 1 7 2
20150306 3 5 1
20150306 5 7 1
20150306 2 3 5
20150306 7 3 5
20150306 5 1 3
20150306 9 3 1
20150306 3 5 9
20150306 9 3 8
20150306 8 9 1
20150306 8 3 5
20150307 1 2 4
20150307 7 1 5
20150307 2 4 5
20150307 4 2 3
20150307 7 2 1
20150307 3 9 5
20150307 3 9 7
20150307 4 6 2
20150307 4 7 9
20150307 7 5 3
20150307 1 9 7
20150420 5 1 4
20150420 4 5 1
20150420 4 2 5
20150420 3 7 2
20150420 1 3 4
20150420 3 7 2
20150420 7 3 8
20150420 3 8 2
20150420 7 2 9
20150420 5 3 2
20150421 2 5 4
20150421 1 7 5
20150421 1 5 6
20150421 7 2 1
20150421 3 1 4
20150421 6 5 3
20150421 7 5 6
20150421 8 4 1
20150421 5 1 6
20150421 7 3 4
20150422 3 2 5
20150422 2 1 7
20150422 1 4 6
20150422 4 1 2
20150422 1 7 2
20150422 9 5 6
20150422 1 3 6
20150422 1 5 7
20150422 9 2 3
20150422 3 5 8
20150508 1 5 8
20150508 2 5 6
20150508 7 1 5
20150508 9 3 7
20150508 3 7 1
20150508 3 7 9
20150508 6 2 4
20150508 4 7 2
20150508 9 2 3
20150508 6 3 2
20150508 6 1 4
20150508 6 1 7
20150509 6 2 8
20150509 1 2 4
20150509 1 5 3
20150509 1 5 3
20150509 9 1 7
20150509 2 5 7
20150509 7 4 1
20150509 9 1 8
20150509 2 5 4
20150509 5 9 4
20150509 2 5 9
20150510 7 3 4
20150510 9 3 6
20150510 9 3 6
20150510 3 9 6
20150510 8 7 5
20150510 9 1 8
20150510 8 9 1
20150510 2 3 5
20150510 5 9 1
20150510 2 7 9
20150510 2 7 1
