20120602 8 2 1
20120602 1 3 2
20120602 2 1 9
20120602 3 9 2
20120602 1 4 9
20120602 2 7 3
20120602 5 1 3
20120602 7 9 6
20120602 1 5 9
20120602 3 7 5
20120602 5 6 4
20120602 1 9 7
20120603 9 3 2
20120603 6 9 7
20120603 1 5 2
20120603 7 2 5
20120603 2 5 1
20120603 2 5 8
20120603 5 1 4
20120603 5 1 7
20120603 2 3 9
20120603 1 5 9
20120603 5 1 3
20120603 2 8 1
20120604 8 2 9
20120604 6 2 9
20120604 3 4 9
20120604 1 4 5
20120604 2 7 4
20120604 7 1 4
20120604 1 6 7
20120604 8 1 3
20120604 1 9 5
20120604 5 4 1
20120604 2 3 7
20120605 6 2 7
20120605 6 1 7
20120605 4 2 7
20120605 9 5 1
20120605 3 7 5
20120605 7 3 5
20120605 3 2 1
20120605 7 5 2
20120605 5 4 2
20120605 1 2 4
20120605 3 7 5
20120703 2 1 5
20120703 3 9 6
20120703 7 3 2
20120703 1 9 8
20120703 7 2 9
20120703 5 9 2
20120703 4 5 9
20120703 4 2 8
20120703 5 1 2
20120703 9 7 4
20120703 4 7 2
20120704 8 2 5
20120704 2 6 9
20120704 5 3 2
20120704 5 1 2
20120704 5 1 3
20120704 2 4 6
20120704 7 8 9
20120704 5 8 1
20120704 7 5 8
20120704 9 1 2
20120704 1 4 3
20120705 1 9 7
20120705 1 2 5
20120705 3 5 9
20120705 9 7 4
20120705 2 7 9
20120705 9 4 3
20120705 9 7 1
20120705 1 2 5
20120705 7 1 6
20120705 2 5 8
20120705 2 5 9
20120705 2 4 1
20120801 3 5 2
20120801 1 3 9
20120801 1 7 9
20120801 8 7 9
20120801 1 2 7
20120801 7 9 3
20120801 1 7 5
20120801 6 3 8
20120801 7 3 2
20120801 1 9 2
20120801 7 3 6
20120802 7 3 1
20120802 6 9 3
20120802 7 5 3
20120802 2 7 8
20120802 1 5 3
20120802 5 1 9
20120802 5 3 7
20120802 3 1 9
20120802 1 2 7
20120802 5 1 2
20120802 9 5 7
20120803 1 7 6
20120803 3 5 8
20120803 1 6 9
20120803 3 9 1
20120803 4 6 2
20120803 3 5 9
20120803 4 5 9
20120803 2 5 4
20120803 3 7 2
20120803 9 5 6
20120803 2 9 1
20120918 7 2 1
20120918 9 7 3
20120918 9 5 2
20120918 5 1 7
20120918 7 3 9
20120918 5 2 8
20120918 1 3 7
20120918 5 7 2
20120918 1 9 5
20120918 3 1 7
20120918 8 7 9
20120919 7 9 5
20120919 9 3 1
20120919 5 8 1
20120919 1 4 5
20120919 4 9 7
20120919 3 6 1
20120919 4 2 1
20120919 1 5 9
20120919 1 7 3
20120919 7 1 3
20120919 2 7 3
20120919 4 7 8
20120920 7 1 2
20120920 2 4 3
20120920 5 1 7
20120920 2 4 8
20120920 1 7 5
20120920 8 1 5
20120920 9 2 5
20120920 3 9 5
20120920 5 3 2
20120920 7 8 4
20120920 3 1 4
20121029 5 1 4
20121029 3 4 2
20121029 5 2 7
20121029 5 1 4
20121029 3 4 2
20121029 5 2 7
20121029 1 7 3
20121029 2 9 7
20121029 5 2 9
20121029 9 1 2
20121029 3 7 6
20121030 3 5 7
20121030 7 3 2
20121030 2 4 3
20121030 1 3 6
20121030 2 1 7
20121030 9 3 1
20121030 5 7 1
20121030 2 7 5
20121030 6 9 5
20121030 7 3 9
20121030 1 9 2
20121031 5 2 3
20121031 1 7 5
20121031 7 5 2
20121031 2 1 5
20121031 3 5 1
20121031 5 3 1
20121031 9 1 3
20121031 1 4 3
20121031 8 1 5
20121031 9 5 8
20121031 5 9 6
20121031 5 7 6
20121121 2 3 4
20121121 1 5 3
20121121 4 1 7
20121121 7 3 2
20121121 5 6 1
20121121 2 9 1
20121121 2 7 1
20121121 1 9 7
20121121 9 3 7
20121121 2 9 7
20121121 2 9 3
20121122 2 4 5
20121122 5 7 6
20121122 2 4 1
20121122 5 6 7
20121122 1 3 5
20121122 5 9 1
20121122 8 7 3
20121122 8 1 2
20121122 5 2 3
20121122 9 2 8
20121122 4 7 8
20121123 7 2 1
20121123 2 4 3
20121123 5 1 7
20121123 7 3 2
20121123 3 1 7
20121123 1 5 8
20121123 2 9 6
20121123 2 9 7
20121123 5 4 2
20121123 7 3 9
20121123 1 4 7
20121123 6 8 5
20121211 4 2 3
20121211 3 7 1
20121211 2 5 4
20121211 5 7 1
20121211 4 1 5
20121211 7 5 3
20121211 3 2 4
20121211 2 5 9
20121211 1 3 4
20121211 5 2 1
20121211 1 3 9
20121211 3 2 6
20121212 4 2 3
20121212 5 2 1
20121212 2 4 1
20121212 1 4 3
20121212 7 1 2
20121212 4 6 3
20121212 7 4 1
20121212 3 4 5
20121212 1 9 5
20121212 2 7 5
20121212 5 3 9
20121212 9 1 3
20121213 4 2 5
20121213 2 7 5
20121213 7 4 6
20121213 4 2 1
20121213 2 5 1
20121213 7 3 5
20121213 1 4 3
20121213 1 3 7
20121213 3 5 7
20121213 1 9 2
20121213 3 2 1
20121213 4 2 9
20121225 5 2 7
20121225 5 1 3
20121225 1 3 5
20121225 3 4 7
20121225 2 3 1
20121225 5 3 9
20121225 5 3 8
20121225 9 3 8
20121225 1 3 9
20121225 1 5 2
20121225 4 7 5
20121226 3 1 6
20121226 3 4 6
20121226 5 2 3
20121226 4 2 5
20121226 3 4 2
20121226 4 3 2
20121226 3 1 5
20121226 1 7 2
20121226 2 3 4
20121226 5 1 6
20121226 3 7 2
20121227 5 4 2
20121227 5 3 4
20121227 3 2 7
20121227 1 3 2
20121227 5 3 4
20121227 9 7 4
20121227 9 7 8
20121227 5 2 7
20121227 4 8 2
20121227 3 7 2
20121227 3 7 5
20130123 2 5 3
20130123 5 3 9
20130123 3 7 8
20130123 3 5 2
20130123 1 9 5
20130123 7 3 5
20130123 5 1 4
20130123 7 3 1
20130123 1 2 9
20130123 1 3 7
20130123 4 3 7
20130124 2 1 3
20130124 1 9 3
20130124 1 8 9
20130124 7 3 5
20130124 9 2 5
20130124 2 4 9
20130124 9 2 3
20130124 3 5 1
20130124 9 8 2
20130124 4 7 1
20130124 1 5 3
20130125 9 5 3
20130125 3 4 8
20130125 5 9 2
20130125 9 1 7
20130125 5 4 1
20130125 4 2 8
20130125 2 5 6
20130125 5 2 7
20130125 2 5 9
20130125 3 4 5
20130125 8 7 5
20130204 3 9 7
20130204 5 2 1
20130204 1 3 7
20130204 5 7 2
20130204 9 7 2
20130204 1 5 6
20130204 5 2 7
20130204 8 9 6
20130204 5 1 2
20130204 7 5 3
20130204 9 5 2
20130205 2 6 1
20130205 9 5 6
20130205 3 8 5
20130205 4 2 3
20130205 3 6 1
20130205 5 7 9
20130205 7 9 4
20130205 7 1 6
20130205 5 3 8
20130205 9 5 6
20130205 2 1 6
20130206 9 1 6
20130206 5 3 2
20130206 2 3 5
20130206 9 7 5
20130206 2 3 8
20130206 4 3 5
20130206 8 3 5
20130206 9 4 2
20130206 5 1 2
20130206 5 4 3
20130206 2 9 7
20130220 1 5 3
20130220 4 1 5
20130220 4 5 7
20130220 1 3 4
20130220 4 5 2
20130220 7 1 5
20130220 3 7 8
20130220 1 4 2
20130220 1 9 5
20130220 7 9 1
20130220 9 2 7
20130221 7 1 5
20130221 7 1 5
20130221 5 4 2
20130221 3 7 4
20130221 7 4 3
20130221 9 1 3
20130221 2 3 6
20130221 5 9 7
20130221 1 2 4
20130221 7 1 2
20130221 5 1 3
20130222 7 3 1
20130222 3 4 6
20130222 7 2 4
20130222 3 2 4
20130222 1 7 3
20130222 9 2 7
20130222 7 2 9
20130222 5 2 9
20130222 1 8 4
20130222 7 3 6
20130222 4 2 7
20130227 7 1 3
20130227 1 2 7
20130227 3 4 7
20130227 3 1 2
20130227 4 3 1
20130227 1 6 5
20130227 7 2 5
20130227 2 5 9
20130227 1 9 7
20130227 7 6 8
20130227 3 7 5
20130228 4 2 5
20130228 2 5 4
20130228 3 4 1
20130228 4 1 7
20130228 4 7 5
20130228 3 1 5
20130228 3 5 1
20130228 6 4 5
20130228 5 9 1
20130228 1 9 5
20130228 4 1 9
20130228 3 7 1
20130301 5 3 1
20130301 5 2 3
20130301 5 2 7
20130301 5 2 7
20130301 1 5 6
20130301 6 2 4
20130301 6 1 3
20130301 8 7 2
20130301 8 7 3
20130301 9 5 3
20130301 5 9 3
20130301 8 7 1
20130311 1 5 2
20130311 3 1 7
20130311 7 5 9
20130311 3 7 2
20130311 5 1 9
20130311 1 7 9
20130311 1 9 3
20130311 2 4 1
20130311 2 7 5
20130311 5 2 3
20130311 2 7 9
20130312 7 8 5
20130312 7 1 9
20130312 7 1 8
20130312 9 1 2
20130312 1 3 7
20130312 2 5 6
20130312 3 2 7
20130312 3 4 5
20130312 4 7 9
20130312 3 7 1
20130312 1 5 7
20130313 6 9 2
20130313 7 3 1
20130313 7 2 3
20130313 7 1 2
20130313 3 8 7
20130313 1 8 2
20130313 8 3 2
20130313 8 3 1
20130313 1 4 3
20130313 5 1 9
20130313 4 3 8
20130401 4 3 1
20130401 7 2 3
20130401 4 1 3
20130401 3 7 2
20130401 5 2 7
20130401 1 7 4
20130401 1 7 5
20130401 3 2 9
20130401 1 5 2
20130401 5 3 9
20130402 5 1 3
20130402 5 3 1
20130402 1 5 6
20130402 2 7 4
20130402 1 4 2
20130402 2 3 4
20130402 1 3 2
20130402 7 9 3
20130402 9 2 7
20130402 5 3 8
20130403 1 2 4
20130403 3 1 7
20130403 4 5 7
20130403 7 3 1
20130403 5 1 7
20130403 1 7 5
20130403 7 4 6
20130403 2 4 1
20130403 8 3 5
20130403 1 9 7
20130418 2 6 7
20130418 1 5 2
20130418 4 2 9
20130418 2 3 1
20130418 7 2 3
20130418 5 2 1
20130418 7 9 2
20130418 2 5 9
20130418 9 7 5
20130418 1 5 3
20130418 3 2 1
20130419 2 4 7
20130419 7 2 4
20130419 1 3 4
20130419 9 1 2
20130419 1 5 2
20130419 5 1 6
20130419 9 2 5
20130419 6 9 7
20130419 3 7 2
20130419 2 1 5
20130419 1 9 2
20130420 7 3 5
20130420 4 1 8
20130420 5 8 3
20130420 1 7 2
20130420 7 5 1
20130420 5 2 9
20130420 9 7 2
20130420 5 9 2
20130420 1 8 7
20130420 1 7 4
20130420 3 2 5
20130421 8 3 7
20130421 5 2 8
20130421 5 9 3
20130421 3 5 8
20130421 5 2 4
20130421 2 7 9
20130421 3 9 4
20130421 7 1 2
20130421 2 4 5
20130421 2 5 7
20130421 7 2 9
20130507 9 5 3
20130507 2 9 3
20130507 2 5 3
20130507 9 3 7
20130507 5 3 7
20130507 3 2 9
20130507 7 3 1
20130507 7 2 1
20130507 3 5 8
20130507 7 2 9
20130507 7 1 3
20130508 2 5 7
20130508 1 3 5
20130508 8 4 1
20130508 7 1 4
20130508 3 1 5
20130508 4 5 3
20130508 5 9 6
20130508 5 7 9
20130508 1 7 5
20130508 7 5 2
20130508 9 6 2
20130509 3 2 9
20130509 3 1 8
20130509 3 2 9
20130509 7 2 9
20130509 3 6 1
20130509 3 2 1
20130509 3 1 6
20130509 2 3 5
20130509 5 9 3
20130509 3 7 8
20130509 2 9 4
20130529 2 5 3
20130529 3 4 7
20130529 4 3 5
20130529 3 2 4
20130529 7 5 2
20130529 5 3 7
20130529 1 5 9
20130529 3 1 9
20130529 9 1 7
20130529 5 3 2
20130530 5 1 6
20130530 7 4 5
20130530 4 1 7
20130530 2 7 1
20130530 5 4 1
20130530 3 4 7
20130530 9 3 4
20130530 3 1 9
20130530 5 1 7
20130530 3 9 4
20130531 1 7 4
20130531 1 5 3
20130531 1 2 7
20130531 3 4 2
20130531 2 3 5
20130531 9 1 4
20130531 7 8 9
20130531 9 1 6
20130531 3 7 5
20130531 9 5 8
20130619 5 7 8
20130619 9 1 4
20130619 5 9 7
20130619 7 1 5
20130619 2 5 7
20130619 1 2 7
20130619 7 3 4
20130619 5 1 4
20130619 2 7 9
20130619 2 9 6
20130619 3 7 9
20130620 3 8 2
20130620 7 4 2
20130620 5 7 2
20130620 1 2 3
20130620 5 1 7
20130620 4 9 1
20130620 9 1 5
20130620 1 7 3
20130620 7 1 3
20130620 5 6 3
20130620 8 5 2
20130621 2 3 1
20130621 9 3 8
20130621 1 5 8
20130621 5 1 9
20130621 9 3 7
20130621 9 3 6
20130621 3 2 5
20130621 9 3 7
20130621 7 2 8
20130621 8 9 3
20130621 2 3 4
20130708 7 9 1
20130708 3 2 9
20130708 3 7 5
20130708 3 1 7
20130708 7 4 1
20130708 4 6 7
20130708 2 3 8
20130708 2 8 6
20130708 7 9 3
20130708 5 3 8
20130708 1 9 6
20130709 1 9 2
20130709 1 5 3
20130709 9 8 1
20130709 1 7 5
20130709 5 6 3
20130709 3 9 5
20130709 8 1 4
20130709 2 7 5
20130709 5 1 2
20130709 5 7 9
20130709 3 9 8
20130710 5 1 6
20130710 1 5 3
20130710 5 9 3
20130710 3 1 4
20130710 5 6 8
20130710 5 8 2
20130710 7 2 1
20130710 3 7 2
20130710 4 8 6
20130710 2 7 3
20130710 7 9 2
20130729 2 4 1
20130729 3 4 5
20130729 7 3 6
20130729 1 3 5
20130729 5 7 3
20130729 2 1 9
20130729 3 7 1
20130729 1 9 2
20130729 6 2 1
20130729 3 4 5
20130730 3 1 4
20130730 3 4 7
20130730 3 7 4
20130730 4 7 3
20130730 3 7 5
20130730 5 2 3
20130730 4 1 2
20130730 4 2 5
20130730 5 2 8
20130730 7 3 9
20130731 6 3 4
20130731 3 7 4
20130731 1 7 5
20130731 4 5 1
20130731 2 5 4
20130731 2 4 9
20130731 1 8 4
20130731 9 7 1
20130731 1 7 6
20130731 7 9 4
20130819 5 7 3
20130819 3 1 4
20130819 2 1 5
20130819 4 1 3
20130819 3 6 2
20130819 5 2 4
20130819 3 7 9
20130819 2 9 6
20130819 7 1 3
20130819 5 7 1
20130820 5 1 4
20130820 7 1 2
20130820 4 1 7
20130820 3 2 1
20130820 7 5 3
20130820 3 1 2
20130820 3 7 5
20130820 5 3 7
20130820 5 7 9
20130820 7 1 9
20130821 2 6 7
20130821 5 3 4
20130821 3 5 6
20130821 7 4 5
20130821 5 2 1
20130821 5 2 6
20130821 9 2 5
20130821 1 6 7
20130821 1 6 8
20130821 2 6 8
20130821 5 1 7
20130917 5 2 4
20130917 1 3 6
20130917 5 1 3
20130917 4 7 2
20130917 3 1 6
20130917 1 5 9
20130917 3 8 7
20130917 2 5 7
20130917 3 1 6
20130917 9 3 6
20130918 1 2 4
20130918 7 5 1
20130918 2 1 6
20130918 3 5 4
20130918 4 1 2
20130918 9 2 6
20130918 7 5 2
20130918 1 7 8
20130918 3 9 5
20130918 5 7 9
20130919 2 3 4
20130919 2 5 3
20130919 2 5 3
20130919 1 5 6
20130919 2 1 6
20130919 2 8 9
20130919 5 9 3
20130919 6 9 1
20130919 9 6 1
20130919 4 2 1
20130919 3 7 5
20131014 7 8 6
20131014 2 9 4
20131014 1 7 4
20131014 7 3 4
20131014 3 5 1
20131014 7 5 3
20131014 2 9 4
20131014 2 1 9
20131014 2 5 3
20131014 7 3 9
20131014 9 4 2
20131015 4 9 1
20131015 9 3 7
20131015 1 6 7
20131015 3 9 5
20131015 2 7 9
20131015 1 9 5
20131015 1 5 6
20131015 7 9 2
20131015 2 4 7
20131015 5 2 9
20131015 3 2 7
20131016 7 5 4
20131016 5 7 6
20131016 2 1 6
20131016 3 1 6
20131016 5 9 3
20131016 5 2 8
20131016 1 5 9
20131016 5 7 9
20131016 9 2 5
20131016 9 2 5
20131016 5 7 9
20131030 9 1 8
20131030 8 7 1
20131030 2 5 7
20131030 1 4 9
20131030 7 1 5
20131030 4 5 3
20131030 1 6 5
20131030 7 1 9
20131030 1 7 3
20131030 8 9 5
20131030 1 2 4
20131030 2 9 7
20131031 2 5 8
20131031 9 7 4
20131031 5 2 1
20131031 9 7 3
20131031 1 5 8
20131031 7 3 1
20131031 2 1 6
20131031 5 9 3
20131031 4 3 5
20131031 9 8 2
20131031 8 3 1
20131031 9 3 2
20131101 1 6 5
20131101 5 2 1
20131101 9 6 3
20131101 3 2 8
20131101 5 4 1
20131101 2 9 6
20131101 9 5 2
20131101 3 5 9
20131101 7 9 5
20131101 4 3 2
20131101 5 3 9
20131101 9 1 3
20131113 3 5 1
20131113 4 7 2
20131113 7 4 5
20131113 3 4 5
20131113 4 1 7
20131113 2 9 3
20131113 9 2 5
20131113 9 1 3
20131113 3 5 1
20131113 1 2 7
20131114 1 2 5
20131114 7 3 5
20131114 5 1 4
20131114 2 3 7
20131114 4 1 5
20131114 5 2 4
20131114 7 2 3
20131114 9 2 7
20131114 7 1 2
20131114 5 3 7
20131115 2 3 7
20131115 1 4 3
20131115 5 1 3
20131115 4 3 7
20131115 3 6 7
20131115 4 2 6
20131115 7 9 1
20131115 2 1 4
20131115 7 3 8
20131115 9 3 2
20131203 9 6 5
20131203 1 5 3
20131203 5 3 9
20131203 5 6 1
20131203 9 5 2
20131203 2 4 5
20131203 5 2 1
20131203 5 2 1
20131203 7 9 3
20131203 9 1 7
20131203 4 6 7
20131204 1 5 4
20131204 5 7 1
20131204 2 7 6
20131204 7 8 3
20131204 1 3 7
20131204 7 5 4
20131204 7 4 3
20131204 3 7 8
20131204 9 1 8
20131204 1 9 3
20131204 3 1 2
20131205 1 8 2
20131205 1 4 5
20131205 4 3 1
20131205 1 4 3
20131205 3 5 9
20131205 2 5 3
20131205 1 7 5
20131205 3 9 7
20131205 2 7 5
20131205 5 1 4
20131205 6 8 5
20131210 5 7 4
20131210 3 7 5
20131210 4 7 1
20131210 3 5 7
20131210 5 2 7
20131210 2 7 1
20131210 7 8 3
20131210 9 1 6
20131210 3 5 2
20131210 4 2 9
20131211 4 7 1
20131211 3 7 4
20131211 5 2 1
20131211 7 3 2
20131211 1 7 5
20131211 3 9 7
20131211 3 4 7
20131211 7 8 5
20131211 9 4 3
20131211 1 3 8
20131212 5 3 1
20131212 1 7 5
20131212 5 1 6
20131212 3 5 4
20131212 5 1 4
20131212 9 1 5
20131212 1 5 8
20131212 2 4 5
20131212 2 8 9
20131212 5 2 9
20140111 5 4 2
20140111 2 4 3
20140111 3 1 4
20140111 1 6 2
20140111 7 4 3
20140111 3 6 4
20140111 5 1 2
20140111 6 5 8
20140111 6 7 8
20140111 5 9 2
20140111 9 1 3
20140111 2 5 9
20140112 1 5 6
20140112 4 3 7
20140112 6 1 4
20140112 2 4 3
20140112 1 4 7
20140112 4 7 5
20140112 3 1 2
20140112 5 8 2
20140112 3 9 1
20140112 5 2 7
20140112 7 2 5
20140112 3 2 9
20140113 1 4 7
20140113 6 3 1
20140113 1 5 2
20140113 5 2 3
20140113 1 6 4
20140113 2 5 9
20140113 6 9 5
20140113 6 5 9
20140113 2 9 6
20140113 1 4 3
20140113 1 2 4
20140113 3 7 5
20140128 7 2 5
20140128 7 3 5
20140128 7 5 3
20140128 5 2 6
20140128 4 7 5
20140128 9 5 1
20140128 2 9 3
20140128 7 9 4
20140128 1 5 2
20140128 5 7 2
20140129 2 4 5
20140129 1 7 5
20140129 3 7 4
20140129 4 2 1
20140129 3 5 2
20140129 2 1 9
20140129 7 3 8
20140129 2 5 3
20140129 5 7 9
20140129 8 5 9
20140130 7 1 3
20140130 5 2 7
20140130 3 7 5
20140130 3 1 7
20140130 2 1 5
20140130 6 2 8
20140130 7 9 5
20140130 7 9 4
20140130 5 1 7
20140130 7 2 5
20140212 3 4 5
20140212 3 7 4
20140212 3 4 2
20140212 1 6 4
20140212 4 2 6
20140212 3 5 8
20140212 5 9 3
20140212 8 1 7
20140212 5 2 8
20140212 3 5 4
20140213 5 7 3
20140213 5 4 2
20140213 1 7 5
20140213 7 3 2
20140213 1 4 5
20140213 9 7 4
20140213 3 9 8
20140213 5 3 2
20140213 5 7 3
20140213 5 7 2
20140225 9 3 7
20140225 5 3 1
20140225 3 7 9
20140225 9 3 7
20140225 1 5 6
20140225 5 3 2
20140225 1 7 2
20140225 9 2 1
20140225 4 1 7
20140225 9 2 5
20140225 1 3 8
20140226 9 7 3
20140226 2 9 5
20140226 2 9 7
20140226 7 2 9
20140226 2 7 9
20140226 7 8 3
20140226 5 3 4
20140226 3 5 1
20140226 1 4 2
20140226 9 3 6
20140226 6 1 2
20140227 8 3 5
20140227 7 9 1
20140227 7 9 5
20140227 4 3 5
20140227 7 3 6
20140227 5 1 3
20140227 7 5 4
20140227 3 2 1
20140227 5 9 2
20140227 7 1 6
20140227 1 8 7
20140324 7 3 1
20140324 2 5 3
20140324 3 7 2
20140324 5 4 2
20140324 2 3 5
20140324 7 9 3
20140324 1 7 4
20140324 7 2 4
20140324 7 1 5
20140324 3 9 1
20140325 3 5 1
20140325 1 7 2
20140325 1 7 4
20140325 3 1 2
20140325 5 1 6
20140325 7 5 8
20140325 2 8 5
20140325 5 9 8
20140325 5 1 9
20140325 5 3 6
20140326 7 4 5
20140326 3 5 1
20140326 5 2 4
20140326 4 5 2
20140326 6 4 2
20140326 2 3 5
20140326 6 3 5
20140326 3 8 6
20140326 3 7 4
20140326 3 7 2
20140405 5 9 4
20140405 8 4 7
20140405 2 3 4
20140405 3 1 8
20140405 3 8 1
20140405 1 3 9
20140405 4 6 2
20140405 2 1 4
20140405 2 5 6
20140405 5 1 2
20140405 1 5 9
20140405 9 7 1
20140405 5 4 9
20140406 4 3 1
20140406 1 7 4
20140406 1 8 3
20140406 7 3 9
20140406 6 5 2
20140406 2 1 9
20140406 9 5 1
20140406 2 5 7
20140406 3 9 5
20140406 3 9 4
20140406 9 4 8
20140406 1 9 6
20140407 5 7 6
20140407 7 2 1
20140407 1 6 2
20140407 3 7 2
20140407 7 9 3
20140407 5 1 4
20140407 4 9 5
20140407 3 7 8
20140407 1 3 4
20140407 3 1 8
20140407 9 3 1
20140407 1 7 2
20140408 3 5 2
20140408 9 2 1
20140408 3 9 8
20140408 9 8 4
20140408 3 8 7
20140408 4 7 1
20140408 9 1 5
20140408 7 3 9
20140408 3 6 4
20140408 3 7 1
20140408 3 9 1
20140430 9 8 1
20140430 1 3 7
20140430 5 1 2
20140430 1 7 6
20140430 3 9 5
20140430 5 1 2
20140430 5 1 8
20140430 3 8 4
20140430 3 2 4
20140430 3 2 5
20140430 2 9 1
20140430 7 1 9
20140501 1 4 7
20140501 5 2 7
20140501 2 7 1
20140501 2 7 8
20140501 7 1 9
20140501 3 5 9
20140501 5 9 1
20140501 2 9 1
20140501 7 2 4
20140501 3 2 7
20140501 5 2 7
20140502 5 7 1
20140502 8 2 7
20140502 3 1 9
20140502 7 5 3
20140502 3 5 2
20140502 5 2 1
20140502 7 2 6
20140502 3 7 5
20140502 9 2 3
20140502 1 5 4
20140502 7 8 5
20140514 5 2 1
20140514 9 4 7
20140514 7 2 5
20140514 1 9 4
20140514 1 7 8
20140514 1 2 6
20140514 2 3 6
20140514 9 1 6
20140514 9 2 1
20140514 3 9 7
20140514 3 7 4
20140514 9 3 7
20140515 1 7 5
20140515 9 7 3
20140515 5 3 6
20140515 8 5 3
20140515 5 1 7
20140515 7 2 1
20140515 2 5 9
20140515 7 2 1
20140515 3 2 5
20140515 1 2 3
20140515 9 2 7
20140516 1 5 6
20140516 5 8 7
20140516 2 8 5
20140516 7 4 2
20140516 6 1 2
20140516 2 7 5
20140516 5 9 1
20140516 2 5 1
20140516 8 3 2
20140516 1 3 2
20140516 7 3 4
20140516 4 9 7
20140609 1 4 7
20140609 3 4 1
20140609 5 3 4
20140609 3 4 1
20140609 7 2 5
20140609 2 9 4
20140609 9 2 6
20140609 4 2 5
20140609 1 3 7
20140609 7 6 8
20140610 3 1 6
20140610 3 7 4
20140610 6 3 4
20140610 4 2 3
20140610 4 1 3
20140610 4 5 3
20140610 2 4 5
20140610 4 2 7
20140610 9 1 2
20140610 1 5 2
20140611 7 2 1
20140611 1 5 7
20140611 1 5 3
20140611 5 3 4
20140611 4 1 5
20140611 2 9 6
20140611 2 7 5
20140611 9 2 5
20140611 9 7 2
20140611 8 7 5
20140725 7 2 4
20140725 1 3 5
20140725 2 7 3
20140725 7 2 5
20140725 4 1 6
20140725 9 2 5
20140725 7 9 1
20140725 5 9 2
20140725 5 2 6
20140725 7 3 2
20140726 7 2 4
20140726 4 2 6
20140726 7 5 2
20140726 3 4 2
20140726 3 7 5
20140726 7 3 1
20140726 9 2 7
20140726 5 2 3
20140726 9 1 6
20140726 4 9 3
20140727 1 2 5
20140727 7 1 5
20140727 5 1 2
20140727 3 4 7
20140727 1 4 2
20140727 5 2 7
20140727 5 8 9
20140727 5 8 6
20140727 5 2 7
20140727 2 5 3
20140804 5 7 1
20140804 1 7 3
20140804 7 1 2
20140804 5 1 8
20140804 9 1 3
20140804 4 9 7
20140804 7 4 2
20140804 5 2 3
20140804 3 7 4
20140804 5 7 2
20140804 4 2 8
20140805 5 9 2
20140805 9 8 6
20140805 3 1 4
20140805 8 4 2
20140805 1 9 6
20140805 1 9 3
20140805 2 9 5
20140805 8 5 3
20140805 1 5 8
20140805 3 2 5
20140805 7 5 9
20140806 3 2 4
20140806 9 3 5
20140806 1 7 2
20140806 2 9 3
20140806 9 2 4
20140806 9 1 7
20140806 3 8 1
20140806 2 7 6
20140806 9 2 4
20140806 2 1 9
20140806 5 6 2
20140830 3 4 1
20140830 4 1 6
20140830 3 1 7
20140830 2 7 5
20140830 3 2 4
20140830 3 7 5
20140830 5 7 2
20140830 7 1 2
20140830 7 1 5
20140830 2 9 8
20140830 5 2 1
20140830 4 3 8
20140831 2 7 3
20140831 2 1 5
20140831 5 2 1
20140831 5 1 6
20140831 3 5 4
20140831 7 1 2
20140831 3 1 7
20140831 3 7 9
20140831 7 9 6
20140831 3 9 7
20140831 3 7 1
20140831 1 3 2
20140901 5 4 1
20140901 7 1 5
20140901 2 3 5
20140901 5 1 6
20140901 3 1 6
20140901 1 9 7
20140901 2 1 8
20140901 7 2 5
20140901 2 6 9
20140901 1 7 6
20140901 2 1 7
20140901 2 3 7
20140916 2 5 4
20140916 2 3 7
20140916 1 2 5
20140916 7 5 2
20140916 4 1 3
20140916 1 7 8
20140916 9 4 6
20140916 1 7 8
20140916 2 7 5
20140916 3 6 9
20140917 7 1 2
20140917 7 2 3
20140917 5 3 4
20140917 1 2 5
20140917 1 3 5
20140917 3 2 7
20140917 9 7 8
20140917 2 8 4
20140917 7 2 1
20140917 7 1 9
20140918 5 1 3
20140918 3 5 7
20140918 1 7 2
20140918 4 5 7
20140918 1 5 3
20140918 3 9 2
20140918 5 2 3
20140918 1 5 3
20140918 1 2 6
20141029 4 5 3
20141029 4 2 3
20141029 4 2 7
20141029 3 4 1
20141029 5 1 7
20141029 5 7 4
20141029 1 2 5
20141029 1 7 4
20141029 3 7 1
20141029 1 3 4
20141030 3 4 6
20141030 7 2 4
20141030 5 4 1
20141030 2 7 4
20141030 5 1 4
20141030 8 1 7
20141030 1 7 5
20141030 2 7 5
20141030 3 5 2
20141030 1 5 9
20141031 3 7 2
20141031 7 5 4
20141031 1 2 5
20141031 7 5 1
20141031 5 4 7
20141031 9 1 5
20141031 5 3 7
20141031 4 3 5
20141031 3 1 9
20141031 5 8 2
20141126 9 1 3
20141126 7 2 3
20141126 9 2 3
20141126 3 1 8
20141126 6 9 2
20141126 5 7 2
20141126 5 1 4
20141126 5 8 6
20141126 7 2 5
20141126 7 3 8
20141126 4 1 3
20141127 7 5 1
20141127 2 9 4
20141127 1 7 2
20141127 9 7 1
20141127 2 3 1
20141127 3 8 4
20141127 7 9 6
20141127 3 1 9
20141127 5 3 1
20141127 5 3 4
20141127 5 9 1
20141128 7 4 2
20141128 7 3 4
20141128 3 5 8
20141128 5 9 2
20141128 5 1 3
20141128 4 1 7
20141128 9 8 1
20141128 9 7 3
20141128 6 1 7
20141128 9 7 5
20141128 4 9 1
20141203 2 3 9
20141203 1 9 2
20141203 9 2 3
20141203 9 3 2
20141203 3 7 9
20141203 9 2 6
20141203 6 2 3
20141203 9 5 6
20141203 7 1 4
20141203 1 8 3
20141203 2 5 1
20141203 5 3 4
20141204 9 3 7
20141204 9 1 2
20141204 7 9 4
20141204 5 1 9
20141204 7 1 5
20141204 9 7 6
20141204 5 4 2
20141204 9 5 1
20141204 5 1 2
20141204 2 7 4
20141204 7 9 3
20141205 6 9 1
20141205 2 1 7
20141205 3 2 8
20141205 2 3 7
20141205 2 1 5
20141205 1 7 3
20141205 7 4 1
20141205 5 1 4
20141205 1 2 4
20141205 5 6 1
20141205 3 9 2
20141221 1 3 5
20141221 5 4 7
20141221 9 2 7
20141221 5 7 2
20141221 3 1 5
20141221 3 4 5
20141221 9 5 2
20141221 2 5 3
20141221 1 5 2
20141221 5 3 7
20141221 1 7 6
20141222 2 4 9
20141222 7 1 2
20141222 5 8 9
20141222 3 1 9
20141222 7 1 6
20141222 1 5 4
20141222 2 9 3
20141222 7 2 1
20141222 9 1 3
20141222 1 6 5
20141222 1 5 9
20141223 5 3 4
20141223 1 3 5
20141223 2 9 7
20141223 9 1 7
20141223 7 1 9
20141223 7 5 2
20141223 2 7 5
20141223 1 5 9
20141223 3 9 5
20141223 7 3 1
20141223 1 5 8
20150124 2 4 5
20150124 4 1 2
20150124 7 6 3
20150124 1 4 6
20150124 7 3 5
20150124 2 7 5
20150124 7 1 4
20150124 4 9 2
20150124 1 9 7
20150124 3 7 8
20150124 9 1 5
20150124 3 7 6
20150125 2 1 4
20150125 4 1 2
20150125 5 3 6
20150125 4 2 5
20150125 1 3 6
20150125 6 7 3
20150125 4 3 5
20150125 2 5 1
20150125 3 5 6
20150125 2 9 3
20150125 7 9 1
20150125 1 3 2
20150126 2 5 3
20150126 3 7 5
20150126 1 5 2
20150126 5 1 7
20150126 5 2 6
20150126 5 3 8
20150126 9 1 7
20150126 7 2 4
20150126 7 1 3
20150126 6 7 1
20150126 1 7 3
20150126 2 6 5
20150209 5 1 4
20150209 7 2 6
20150209 3 4 7
20150209 3 7 4
20150209 7 4 1
20150209 7 1 5
20150209 8 2 1
20150209 9 7 1
20150209 9 5 6
20150209 3 2 6
20150209 9 1 6
20150210 5 7 1
20150210 2 1 3
20150210 7 2 1
20150210 1 7 5
20150210 3 2 7
20150210 8 5 1
20150210 3 1 8
20150210 4 9 2
20150210 1 9 7
20150210 9 7 2
20150211 1 7 3
20150211 2 3 5
20150211 5 4 7
20150211 4 7 1
20150211 3 4 5
20150211 9 7 2
20150211 9 7 8
20150211 3 2 8
20150211 4 7 3
20150211 7 5 3
20150228 5 9 4
20150228 9 7 4
20150228 5 7 2
20150228 7 9 5
20150228 4 2 7
20150228 7 4 1
20150228 5 4 3
20150228 5 3 7
20150228 3 5 1
20150228 3 6 9
20150228 1 2 3
20150228 9 1 3
20150301 8 3 2
20150301 5 7 3
20150301 9 5 4
20150301 6 5 7
20150301 9 1 6
20150301 1 3 2
20150301 2 3 1
20150301 2 9 7
20150301 9 3 2
20150301 4 7 1
20150301 5 7 3
20150301 1 2 9
20150302 4 1 8
20150302 3 7 1
20150302 4 5 1
20150302 2 5 7
20150302 1 4 6
20150302 3 4 8
20150302 8 1 5
20150302 2 7 1
20150302 7 1 4
20150302 4 2 3
20150302 8 2 9
20150302 3 9 2
20150314 1 5 7
20150314 3 7 2
20150314 4 1 7
20150314 1 4 6
20150314 4 1 2
20150314 2 9 5
20150314 3 9 5
20150314 7 3 1
20150314 5 4 1
20150314 5 4 2
20150315 2 1 3
20150315 5 1 2
20150315 5 7 3
20150315 3 4 6
20150315 7 5 1
20150315 4 8 1
20150315 4 7 5
20150315 5 8 9
20150315 3 7 1
20150315 2 7 4
20150316 3 1 5
20150316 2 7 1
20150316 6 2 3
20150316 1 3 4
20150316 4 7 6
20150316 9 1 4
20150316 1 5 8
20150316 5 7 1
20150316 1 9 7
20150316 4 9 6
20150409 9 1 8
20150409 7 9 3
20150409 5 7 1
20150409 2 9 7
20150409 7 9 3
20150409 5 9 2
20150409 3 5 2
20150409 5 1 6
20150409 5 3 1
20150409 5 2 8
20150409 1 7 8
20150409 7 1 3
20150410 4 7 9
20150410 1 5 2
20150410 9 3 5
20150410 7 2 9
20150410 6 5 4
20150410 9 5 7
20150410 9 2 8
20150410 9 8 2
20150410 1 5 3
20150410 3 1 6
20150410 4 3 5
20150410 7 1 8
20150410 5 1 2
20150411 7 1 3
20150411 5 2 1
20150411 1 7 5
20150411 9 2 3
20150411 2 9 7
20150411 1 9 8
20150411 5 2 6
20150411 9 2 8
20150411 3 5 7
20150411 2 3 7
20150411 1 9 2
20150411 3 4 7
20150412 8 2 1
20150412 7 9 4
20150412 9 5 1
20150412 1 9 5
20150412 3 8 2
20150412 2 1 8
20150412 1 5 3
20150412 5 4 1
20150412 9 5 7
20150412 7 5 1
20150412 3 5 6
20150412 1 2 3
20150515 5 2 1
20150515 1 5 2
20150515 2 6 1
20150515 7 3 5
20150515 4 1 7
20150515 9 7 1
20150515 1 7 9
20150515 1 9 7
20150515 2 4 9
20150515 1 5 9
20150515 4 3 9
20150516 7 2 3
20150516 1 5 7
20150516 3 4 7
20150516 4 1 6
20150516 1 7 4
20150516 2 5 3
20150516 5 2 3
20150516 9 5 2
20150516 9 3 1
20150516 5 1 7
20150516 2 5 7
20150517 2 6 1
20150517 1 5 3
20150517 5 2 7
20150517 5 6 3
20150517 1 7 3
20150517 1 3 9
20150517 1 2 6
20150517 3 2 7
20150517 1 9 2
20150517 1 2 9
20150603 5 3 2
20150603 5 1 7
20150603 2 7 1
20150603 7 2 5
20150603 3 9 2
20150603 7 1 9
20150603 2 5 1
20150603 3 9 1
20150603 5 6 3
20150603 1 3 8
20150603 3 7 1
20150604 3 4 1
20150604 5 6 4
20150604 4 1 5
20150604 7 6 5
20150604 2 5 9
20150604 1 2 5
20150604 1 5 9
20150604 3 7 9
20150604 9 1 2
20150604 2 3 8
20150604 1 3 7
20150605 2 7 3
20150605 9 3 7
20150605 9 4 1
20150605 4 7 9
20150605 4 1 9
20150605 7 1 2
20150605 3 4 1
20150605 9 5 1
20150605 5 7 2
20150605 4 8 9
20150605 3 5 4
