20111216 5 3 9
20111216 1 3 9
20111216 9 2 7
20111216 5 2 3
20111216 5 3 7
20111216 3 9 6
20111216 1 7 3
20111216 7 2 9
20111216 2 3 9
20111216 1 9 5
20111216 7 2 5
20111216 1 9 3
20111217 9 5 2
20111217 7 9 2
20111217 4 5 8
20111217 8 3 7
20111217 4 1 8
20111217 1 2 6
20111217 2 1 8
20111217 2 4 7
20111217 3 5 8
20111217 2 4 1
20111217 5 3 4
20111217 7 1 2
20111218 1 6 2
20111218 8 2 7
20111218 9 7 2
20111218 1 7 2
20111218 2 7 3
20111218 5 2 4
20111218 2 4 3
20111218 1 9 6
20111218 1 9 4
20111218 1 9 5
20111218 8 3 2
20111218 9 2 5
20111223 1 7 9
20111223 8 5 2
20111223 5 9 7
20111223 9 2 3
20111223 7 9 4
20111223 3 8 1
20111223 3 1 7
20111223 7 1 9
20111223 7 3 5
20111223 5 3 7
20111223 9 2 5
20111223 6 4 7
20111224 1 3 7
20111224 1 5 3
20111224 7 3 2
20111224 9 7 5
20111224 5 4 9
20111224 9 7 1
20111224 8 4 3
20111224 7 1 5
20111224 2 1 7
20111224 2 3 4
20111224 3 6 8
20111224 3 2 5
20111225 7 1 3
20111225 5 4 2
20111225 1 6 2
20111225 6 1 7
20111225 5 3 9
20111225 7 8 5
20111225 5 2 4
20111225 5 1 4
20111225 5 1 9
20111225 5 3 6
20111225 3 7 9
20111225 1 8 5
20120101 1 7 4
20120101 7 3 2
20120101 5 2 3
20120101 1 3 5
20120101 1 6 7
20120101 9 5 4
20120101 9 3 5
20120101 2 3 7
20120101 1 9 3
20120101 3 7 1
20120101 3 8 6
20120102 7 3 1
20120102 5 2 1
20120102 3 7 4
20120102 2 1 5
20120102 3 2 5
20120102 3 2 9
20120102 5 3 2
20120102 2 1 7
20120102 9 2 1
20120102 7 1 6
20120102 9 5 1
20120103 5 4 2
20120103 1 3 7
20120103 6 7 3
20120103 7 2 1
20120103 4 2 1
20120103 6 3 9
20120103 7 3 9
20120103 7 8 5
20120103 2 3 4
20120103 2 7 5
20120103 2 9 1
20120128 1 7 3
20120128 2 5 3
20120128 1 3 7
20120128 2 5 3
20120128 7 3 2
20120128 5 9 1
20120128 4 8 3
20120128 1 5 3
20120128 2 7 3
20120128 5 2 9
20120128 3 9 7
20120129 1 2 3
20120129 3 4 1
20120129 1 5 3
20120129 1 3 2
20120129 2 6 7
20120129 9 5 2
20120129 1 2 5
20120129 9 7 3
20120129 7 3 5
20120129 3 7 5
20120129 3 1 9
20120130 1 7 2
20120130 2 3 5
20120130 7 4 2
20120130 1 5 7
20120130 1 7 5
20120130 5 3 6
20120130 5 3 4
20120130 7 5 3
20120130 1 5 7
20120130 2 7 5
20120130 3 7 1
20120130 2 3 1
20120218 5 3 2
20120218 3 5 7
20120218 5 3 4
20120218 5 7 1
20120218 3 2 4
20120218 7 1 2
20120218 3 2 8
20120218 2 9 5
20120218 5 1 3
20120218 9 1 2
20120218 2 9 5
20120219 7 1 5
20120219 7 3 2
20120219 1 6 2
20120219 5 1 6
20120219 2 5 1
20120219 2 4 7
20120219 7 2 4
20120219 4 2 7
20120219 3 7 6
20120219 9 1 3
20120219 3 5 2
20120220 1 5 2
20120220 3 2 5
20120220 2 3 1
20120220 5 2 1
20120220 1 5 3
20120220 1 4 6
20120220 7 1 5
20120220 1 6 8
20120220 3 7 4
20120220 4 2 5
20120220 3 4 7
20120311 7 1 5
20120311 2 4 5
20120311 3 4 1
20120311 4 1 6
20120311 5 3 7
20120311 9 7 4
20120311 2 3 5
20120311 3 2 8
20120311 1 7 5
20120311 3 1 9
20120311 3 9 7
20120312 1 7 3
20120312 1 3 7
20120312 7 1 5
20120312 1 5 4
20120312 1 4 5
20120312 2 5 7
20120312 7 5 1
20120312 1 9 3
20120312 2 7 4
20120312 9 2 5
20120312 9 1 4
20120313 7 2 1
20120313 3 7 1
20120313 4 2 5
20120313 6 1 2
20120313 7 1 4
20120313 1 3 8
20120313 1 7 3
20120313 5 1 8
20120313 1 5 7
20120313 5 1 2
20120313 9 6 1
20120318 1 5 9
20120318 7 2 4
20120318 9 1 7
20120318 2 3 7
20120318 3 1 7
20120318 2 8 5
20120318 1 5 6
20120318 9 1 4
20120318 9 3 1
20120318 3 9 5
20120318 5 7 8
20120318 1 2 5
20120319 3 5 7
20120319 1 7 4
20120319 2 6 1
20120319 3 7 5
20120319 9 1 4
20120319 2 4 1
20120319 7 2 5
20120319 1 5 7
20120319 7 8 1
20120319 1 7 5
20120319 1 8 2
20120319 9 7 2
20120320 1 3 9
20120320 4 9 1
20120320 7 2 1
20120320 1 9 3
20120320 1 7 2
20120320 1 3 2
20120320 1 5 6
20120320 9 5 3
20120320 3 5 8
20120320 7 3 1
20120320 3 1 5
20120320 1 2 3
20120412 1 9 2
20120412 1 2 3
20120412 9 1 2
20120412 2 4 3
20120412 3 1 9
20120412 2 3 9
20120412 9 5 3
20120412 1 9 2
20120412 9 2 3
20120412 7 5 2
20120412 7 1 3
20120412 5 4 7
20120413 5 1 9
20120413 5 7 3
20120413 1 9 7
20120413 2 3 7
20120413 1 9 3
20120413 9 1 7
20120413 8 4 9
20120413 7 2 9
20120413 1 2 6
20120413 7 3 1
20120413 2 1 6
20120413 2 7 9
20120414 7 1 5
20120414 7 4 9
20120414 2 5 7
20120414 8 4 9
20120414 5 1 4
20120414 2 7 8
20120414 2 4 5
20120414 2 1 4
20120414 3 5 4
20120414 2 9 1
20120414 5 2 9
20120414 3 9 4
20120428 1 3 4
20120428 2 7 5
20120428 7 5 3
20120428 4 2 1
20120428 2 5 7
20120428 3 5 2
20120428 5 2 9
20120428 7 2 6
20120428 1 4 9
20120428 9 2 7
20120428 1 4 6
20120429 2 4 1
20120429 3 7 2
20120429 2 6 1
20120429 4 7 1
20120429 1 5 2
20120429 9 2 1
20120429 7 4 3
20120429 2 9 4
20120429 7 8 1
20120429 2 5 4
20120429 2 3 9
20120430 5 2 7
20120430 7 2 1
20120430 7 4 3
20120430 7 4 1
20120430 4 7 6
20120430 5 1 3
20120430 2 9 3
20120430 3 5 9
20120430 9 3 2
20120430 7 2 3
20120430 5 6 3
20120505 2 1 5
20120505 1 4 5
20120505 5 2 9
20120505 3 9 1
20120505 9 1 7
20120505 4 9 1
20120505 2 6 7
20120505 3 4 1
20120505 3 7 9
20120505 3 9 1
20120505 2 3 9
20120505 3 4 9
20120506 7 1 5
20120506 3 6 9
20120506 7 3 5
20120506 2 7 4
20120506 3 7 6
20120506 3 1 8
20120506 2 4 3
20120506 7 2 9
20120506 7 9 3
20120506 1 2 6
20120506 5 1 7
20120506 2 9 1
20120507 5 1 4
20120507 7 8 1
20120507 5 1 9
20120507 2 9 3
20120507 5 1 6
20120507 7 4 2
20120507 6 4 2
20120507 1 5 2
20120507 1 5 2
20120507 1 7 9
20120507 3 9 4
20120507 1 3 8
20120622 2 8 5
20120622 9 1 4
20120622 1 7 3
20120622 3 9 1
20120622 3 9 2
20120622 3 4 5
20120622 2 7 3
20120622 5 9 3
20120622 9 3 2
20120622 3 1 8
20120622 1 8 5
20120622 2 4 5
20120623 8 5 2
20120623 9 8 2
20120623 7 1 3
20120623 3 7 9
20120623 1 3 7
20120623 1 9 4
20120623 5 1 3
20120623 1 8 9
20120623 3 9 2
20120623 3 5 4
20120623 2 4 5
20120623 9 1 7
20120624 1 4 9
20120624 3 2 1
20120624 7 5 8
20120624 9 5 6
20120624 2 5 8
20120624 2 8 4
20120624 2 9 3
20120624 3 1 5
20120624 1 3 7
20120624 1 7 5
20120624 3 2 5
20120624 1 5 2
20120706 1 7 5
20120706 2 4 6
20120706 1 3 4
20120706 5 7 6
20120706 7 5 2
20120706 6 4 3
20120706 7 3 6
20120706 9 2 1
20120706 5 7 1
20120706 3 1 7
20120706 7 8 5
20120706 9 8 4
20120707 2 3 5
20120707 4 2 7
20120707 2 5 1
20120707 5 4 3
20120707 2 3 4
20120707 3 4 2
20120707 5 2 4
20120707 1 5 3
20120707 1 9 4
20120707 2 1 9
20120707 5 2 4
20120707 9 1 2
20120708 5 6 3
20120708 4 6 7
20120708 4 2 3
20120708 5 1 7
20120708 7 1 5
20120708 1 2 6
20120708 1 4 5
20120708 7 5 1
20120708 5 1 7
20120708 2 3 7
20120708 5 9 1
20120708 7 4 5
20120728 3 7 1
20120728 5 2 3
20120728 2 8 5
20120728 3 1 4
20120728 9 1 4
20120728 7 3 4
20120728 3 9 5
20120728 9 3 5
20120728 2 8 7
20120728 9 2 7
20120728 8 3 2
20120729 1 7 3
20120729 2 4 1
20120729 2 7 9
20120729 1 6 9
20120729 9 8 1
20120729 1 7 5
20120729 7 3 2
20120729 3 1 9
20120729 2 1 6
20120729 9 8 1
20120729 1 7 4
20120730 8 7 2
20120730 5 1 6
20120730 5 1 9
20120730 3 7 9
20120730 7 1 3
20120730 1 3 9
20120730 2 8 4
20120730 2 7 1
20120730 2 9 6
20120730 6 5 1
20120730 9 1 8
20120730 2 9 3
20120804 1 5 2
20120804 2 7 4
20120804 4 2 3
20120804 4 3 7
20120804 5 2 4
20120804 4 6 5
20120804 7 5 1
20120804 1 7 9
20120804 2 7 5
20120804 2 8 7
20120804 9 2 1
20120804 9 3 1
20120805 4 2 5
20120805 1 4 6
20120805 3 5 2
20120805 3 4 6
20120805 3 5 6
20120805 2 1 3
20120805 4 5 1
20120805 9 7 1
20120805 7 1 4
20120805 9 6 2
20120805 7 5 9
20120805 1 9 2
20120806 1 7 5
20120806 1 2 4
20120806 2 5 4
20120806 2 5 1
20120806 2 3 7
20120806 3 5 1
20120806 7 4 8
20120806 5 3 6
20120806 1 3 5
20120806 1 9 7
20120806 5 7 2
20120806 9 7 1
20120819 7 3 1
20120819 3 2 7
20120819 3 1 6
20120819 4 1 2
20120819 5 2 1
20120819 3 6 2
20120819 7 1 3
20120819 5 9 4
20120819 2 6 5
20120819 5 7 3
20120819 2 6 9
20120819 6 4 7
20120820 3 1 7
20120820 3 5 4
20120820 1 2 4
20120820 2 3 7
20120820 3 7 5
20120820 7 5 4
20120820 3 5 4
20120820 8 2 5
20120820 6 7 5
20120820 1 5 2
20120820 9 7 2
20120820 7 9 5
20120821 5 7 3
20120821 4 2 1
20120821 1 7 6
20120821 1 5 6
20120821 2 7 4
20120821 9 2 8
20120821 1 9 7
20120821 4 2 5
20120821 2 6 5
20120821 1 5 9
20120821 3 7 1
20120821 1 7 5
20120901 2 5 7
20120901 2 4 7
20120901 1 3 4
20120901 4 7 5
20120901 5 3 7
20120901 1 5 7
20120901 7 1 5
20120901 3 4 9
20120901 2 4 9
20120901 1 7 3
20120901 7 1 3
20120901 4 9 1
20120902 1 7 6
20120902 2 5 4
20120902 7 3 4
20120902 3 1 5
20120902 1 4 3
20120902 5 2 8
20120902 5 8 2
20120902 1 9 5
20120902 9 2 3
20120902 3 5 7
20120902 9 4 1
20120902 3 4 1
20120903 4 1 5
20120903 3 5 6
20120903 5 3 2
20120903 4 3 5
20120903 2 6 1
20120903 5 9 1
20120903 5 6 2
20120903 1 4 8
20120903 7 9 1
20120903 1 7 9
20120903 1 7 5
20120928 7 1 4
20120928 2 7 4
20120928 3 4 2
20120928 4 2 5
20120928 5 1 2
20120928 6 1 3
20120928 2 5 7
20120928 1 9 2
20120928 1 3 5
20120928 5 9 3
20120928 1 2 3
20120928 6 2 8
20120929 5 7 4
20120929 5 7 2
20120929 4 1 3
20120929 1 2 5
20120929 3 4 2
20120929 7 3 2
20120929 1 6 5
20120929 7 6 5
20120929 5 9 8
20120929 1 7 9
20120929 2 1 5
20120929 2 4 8
20121001 1 3 4
20121001 3 5 4
20121001 3 7 2
20121001 2 4 1
20121001 7 1 5
20121001 6 2 9
20121001 1 7 6
20121001 4 6 2
20121001 5 1 2
20121001 7 4 3
20121001 1 7 9
20121001 7 1 9
20121001 1 3 7
20121015 9 3 1
20121015 3 7 9
20121015 3 5 9
20121015 3 9 2
20121015 4 2 1
20121015 4 3 6
20121015 4 1 2
20121015 2 3 1
20121015 5 1 2
20121015 7 8 3
20121015 9 4 8
20121015 3 1 9
20121016 9 2 4
20121016 8 2 9
20121016 1 8 9
20121016 5 3 7
20121016 5 3 8
20121016 1 5 7
20121016 3 4 1
20121016 2 7 5
20121016 9 5 3
20121016 1 3 5
20121016 5 9 3
20121016 9 5 3
20121017 5 9 1
20121017 8 1 5
20121017 3 1 7
20121017 9 1 7
20121017 5 7 1
20121017 5 2 7
20121017 7 3 5
20121017 2 4 8
20121017 9 1 5
20121017 7 1 2
20121017 6 1 5
20121017 3 2 9
20121025 5 1 3
20121025 5 2 7
20121025 3 1 5
20121025 4 5 3
20121025 5 2 4
20121025 2 3 4
20121025 2 7 5
20121025 3 7 1
20121025 2 5 7
20121025 9 5 1
20121025 5 2 6
20121026 1 2 4
20121026 3 5 1
20121026 7 5 2
20121026 1 4 5
20121026 3 1 5
20121026 2 3 1
20121026 9 2 1
20121026 1 5 2
20121026 5 1 2
20121026 9 5 1
20121026 9 3 4
20121027 1 2 3
20121027 3 7 1
20121027 5 2 3
20121027 1 2 4
20121027 7 2 5
20121027 9 1 5
20121027 7 8 2
20121027 9 2 1
20121027 7 2 1
20121027 7 1 9
20121027 5 4 1
20121101 4 7 1
20121101 2 5 7
20121101 7 3 2
20121101 2 4 5
20121101 7 5 1
20121101 9 3 7
20121101 7 2 1
20121101 2 3 4
20121101 2 8 5
20121101 9 1 6
20121101 2 4 9
20121102 1 5 3
20121102 1 3 5
20121102 6 1 5
20121102 2 4 5
20121102 1 3 4
20121102 9 7 2
20121102 9 5 3
20121102 2 5 1
20121102 7 1 9
20121102 3 1 6
20121102 3 7 1
20121103 1 7 6
20121103 3 5 1
20121103 7 3 1
20121103 5 4 2
20121103 6 3 7
20121103 3 9 7
20121103 7 3 5
20121103 5 3 7
20121103 9 5 1
20121103 7 3 1
20121103 1 7 9
20121117 3 9 5
20121117 1 9 3
20121117 3 7 6
20121117 9 5 4
20121117 7 1 3
20121117 6 4 2
20121117 2 6 3
20121117 2 9 4
20121117 5 6 1
20121117 9 3 7
20121117 1 9 7
20121117 1 7 9
20121118 2 5 1
20121118 9 1 3
20121118 1 3 7
20121118 9 5 7
20121118 1 7 4
20121118 1 7 3
20121118 5 7 3
20121118 1 3 2
20121118 2 8 9
20121118 7 3 1
20121118 1 9 3
20121118 5 1 2
20121119 5 9 1
20121119 5 3 9
20121119 5 1 9
20121119 1 9 4
20121119 7 6 1
20121119 3 1 9
20121119 1 9 2
20121119 1 9 5
20121119 3 6 2
20121119 3 1 2
20121119 5 3 8
20121119 9 5 1
20121228 1 3 5
20121228 3 5 9
20121228 9 2 8
20121228 1 5 3
20121228 1 8 2
20121228 1 7 9
20121228 5 3 8
20121228 9 2 3
20121228 3 2 9
20121228 2 1 5
20121228 1 2 4
20121229 1 7 3
20121229 2 3 5
20121229 3 9 7
20121229 2 3 1
20121229 5 9 2
20121229 5 9 3
20121229 3 5 9
20121229 5 3 9
20121229 2 3 8
20121229 3 7 4
20121229 5 9 7
20121229 9 5 7
20121230 9 5 7
20121230 3 5 1
20121230 5 7 1
20121230 5 8 2
20121230 7 3 1
20121230 2 1 7
20121230 5 2 3
20121230 5 9 1
20121230 3 4 5
20121230 9 5 7
20121230 4 3 8
20130126 3 9 7
20130126 3 9 4
20130126 5 3 9
20130126 4 1 7
20130126 8 4 2
20130126 2 5 9
20130126 3 4 7
20130126 5 1 2
20130126 1 2 4
20130126 9 2 4
20130126 1 9 2
20130127 8 5 3
20130127 5 2 9
20130127 1 2 8
20130127 5 1 8
20130127 3 1 9
20130127 7 1 3
20130127 9 1 3
20130127 3 2 5
20130127 1 4 7
20130127 8 7 4
20130127 4 1 8
20130128 9 2 1
20130128 9 2 3
20130128 7 5 4
20130128 1 5 7
20130128 4 2 7
20130128 7 9 3
20130128 9 5 2
20130128 1 9 4
20130128 2 5 3
20130128 1 2 4
20130128 7 4 3
20130129 3 9 7
20130129 4 9 7
20130129 2 3 4
20130129 1 5 6
20130129 3 2 4
20130129 1 9 7
20130129 7 3 5
20130129 5 1 6
20130129 2 4 5
20130129 3 5 1
20130129 7 3 2
20130219 4 2 1
20130219 2 7 5
20130219 3 1 6
20130219 4 2 1
20130219 5 3 1
20130219 9 6 5
20130219 2 1 9
20130219 5 9 1
20130219 5 2 3
20130219 3 2 4
20130219 6 5 7
20130220 4 7 5
20130220 3 2 4
20130220 3 5 1
20130220 3 2 7
20130220 3 7 5
20130220 3 2 4
20130220 9 2 4
20130220 8 9 2
20130220 5 4 3
20130220 2 7 1
20130220 7 2 3
20130221 1 2 7
20130221 1 2 4
20130221 1 4 3
20130221 6 7 5
20130221 2 5 3
20130221 4 1 2
20130221 1 9 2
20130221 7 3 2
20130221 9 2 3
20130221 5 2 4
20130221 9 1 8
20130301 2 5 9
20130301 2 9 6
20130301 4 1 3
20130301 1 3 5
20130301 4 1 3
20130301 4 1 2
20130301 5 1 2
20130301 2 5 9
20130301 3 5 1
20130301 1 5 2
20130301 2 7 3
20130301 2 8 5
20130302 1 9 3
20130302 5 8 3
20130302 9 3 5
20130302 1 9 2
20130302 2 3 7
20130302 6 1 7
20130302 2 7 3
20130302 2 7 5
20130302 3 2 9
20130302 5 1 3
20130302 1 7 2
20130302 9 3 2
20130303 8 4 7
20130303 1 7 3
20130303 1 5 6
20130303 9 3 4
20130303 1 7 5
20130303 1 9 3
20130303 9 3 5
20130303 2 1 8
20130303 5 1 2
20130303 4 3 5
20130303 5 1 4
20130303 3 8 1
20130308 1 5 7
20130308 7 1 4
20130308 5 2 7
20130308 4 5 2
20130308 5 1 3
20130308 4 1 6
20130308 5 2 4
20130308 2 1 4
20130308 5 7 6
20130308 9 7 1
20130308 1 2 6
20130308 2 9 8
20130309 5 1 2
20130309 1 2 3
20130309 1 7 3
20130309 1 3 4
20130309 1 6 3
20130309 3 1 6
20130309 4 7 1
20130309 1 8 4
20130309 3 1 8
20130309 9 5 2
20130309 1 7 5
20130309 1 8 5
20130310 6 3 1
20130310 1 4 7
20130310 6 1 5
20130310 6 2 4
20130310 1 4 2
20130310 2 8 9
20130310 3 2 7
20130310 5 2 3
20130310 1 5 3
20130310 3 7 1
20130310 2 5 1
20130310 3 7 2
20130401 2 6 4
20130401 9 2 1
20130401 2 3 7
20130401 7 5 8
20130401 5 1 6
20130401 9 3 5
20130401 1 4 5
20130401 7 2 5
20130401 2 7 5
20130401 3 5 9
20130401 1 4 9
20130402 1 5 3
20130402 1 8 5
20130402 9 4 2
20130402 2 9 1
20130402 9 2 6
20130402 9 3 2
20130402 5 1 4
20130402 1 5 2
20130402 7 1 4
20130402 1 3 7
20130402 5 9 3
20130403 4 9 1
20130403 4 9 2
20130403 1 3 2
20130403 2 3 7
20130403 1 3 5
20130403 5 9 1
20130403 7 3 2
20130403 2 9 4
20130403 5 9 8
20130403 3 7 2
20130403 1 5 7
20130403 2 1 7
20130413 7 5 4
20130413 4 1 7
20130413 7 3 1
20130413 4 2 3
20130413 2 5 7
20130413 6 2 3
20130413 6 3 2
20130413 7 1 4
20130413 7 5 3
20130413 1 9 5
20130413 2 3 9
20130413 3 7 2
20130413 8 5 2
20130414 1 7 2
20130414 3 1 7
20130414 2 5 4
20130414 2 7 3
20130414 5 3 4
20130414 7 5 4
20130414 3 5 4
20130414 5 2 9
20130414 5 8 4
20130414 9 1 5
20130414 2 3 9
20130414 5 1 4
20130415 3 4 5
20130415 5 3 7
20130415 1 4 5
20130415 2 5 3
20130415 4 6 7
20130415 3 4 5
20130415 2 4 5
20130415 3 2 7
20130415 5 3 1
20130415 7 4 5
20130415 1 3 5
20130415 7 9 1
20130430 1 2 4
20130430 3 7 9
20130430 3 9 2
20130430 2 4 5
20130430 3 1 2
20130430 7 1 5
20130430 5 7 8
20130430 4 2 1
20130430 3 9 2
20130430 7 1 2
20130430 9 7 2
20130501 1 5 8
20130501 3 9 1
20130501 5 3 1
20130501 1 3 4
20130501 2 9 3
20130501 5 1 3
20130501 5 9 3
20130501 9 5 3
20130501 7 3 8
20130501 2 1 4
20130501 1 2 9
20130502 5 3 2
20130502 7 2 1
20130502 2 8 7
20130502 7 2 1
20130502 3 9 4
20130502 7 1 3
20130502 5 1 8
20130502 7 2 8
20130502 8 2 9
20130502 5 3 9
20130502 2 7 8
20130510 1 5 4
20130510 3 2 7
20130510 7 4 2
20130510 4 1 7
20130510 7 2 1
20130510 5 1 2
20130510 3 4 5
20130510 1 7 2
20130510 9 7 1
20130510 9 1 3
20130510 1 7 6
20130510 5 8 2
20130511 7 6 5
20130511 2 7 5
20130511 3 4 7
20130511 3 2 4
20130511 3 5 7
20130511 4 6 1
20130511 7 2 1
20130511 9 7 3
20130511 2 9 4
20130511 7 5 1
20130511 1 9 7
20130511 5 9 3
20130512 4 7 2
20130512 5 6 2
20130512 5 2 3
20130512 1 7 2
20130512 1 7 3
20130512 7 4 3
20130512 2 7 3
20130512 9 4 8
20130512 1 7 4
20130512 1 3 4
20130512 6 2 9
20130512 4 2 5
20130512 3 7 4
20130725 1 9 3
20130725 3 1 5
20130725 1 9 3
20130725 3 9 1
20130725 3 5 8
20130725 1 9 2
20130725 5 7 3
20130725 2 8 3
20130725 1 9 2
20130725 6 5 4
20130725 4 1 3
20130726 1 2 9
20130726 7 9 4
20130726 3 7 2
20130726 1 2 4
20130726 1 3 7
20130726 1 7 9
20130726 4 5 9
20130726 8 5 9
20130726 5 4 9
20130726 4 3 2
20130726 2 8 4
20130727 1 9 7
20130727 7 4 6
20130727 2 8 9
20130727 9 7 3
20130727 9 2 1
20130727 7 3 2
20130727 3 7 4
20130727 1 7 4
20130727 9 5 2
20130727 6 1 9
20130727 3 9 5
20130728 8 5 7
20130728 5 2 3
20130728 6 2 3
20130728 2 6 4
20130728 5 1 9
20130728 1 4 6
20130728 7 1 9
20130728 3 7 4
20130728 2 5 7
20130728 1 2 4
20130728 1 5 2
20130815 3 4 6
20130815 2 4 7
20130815 3 1 4
20130815 4 1 5
20130815 5 1 7
20130815 6 7 4
20130815 4 5 2
20130815 3 9 5
20130815 2 7 9
20130815 1 9 2
20130815 7 5 2
20130815 9 2 7
20130816 1 4 5
20130816 3 1 2
20130816 7 4 2
20130816 1 4 5
20130816 1 5 7
20130816 1 3 2
20130816 3 2 1
20130816 3 9 1
20130816 4 3 7
20130816 3 7 4
20130816 1 3 5
20130816 3 2 5
20130817 1 5 2
20130817 5 2 1
20130817 7 1 2
20130817 1 4 3
20130817 7 1 3
20130817 9 5 2
20130817 2 5 7
20130817 1 3 6
20130817 1 2 4
20130817 1 5 8
20130817 9 3 2
20130817 4 1 8
20130831 5 1 8
20130831 7 8 2
20130831 3 5 9
20130831 7 1 2
20130831 3 1 7
20130831 2 1 8
20130831 7 1 4
20130831 2 3 6
20130831 7 3 5
20130831 2 5 3
20130831 9 4 3
20130901 3 9 1
20130901 1 3 9
20130901 7 1 3
20130901 5 6 2
20130901 7 1 9
20130901 5 7 8
20130901 6 2 9
20130901 1 6 9
20130901 7 1 2
20130901 3 1 2
20130901 4 3 9
20130902 1 9 6
20130902 5 1 2
20130902 9 1 7
20130902 3 1 5
20130902 8 1 9
20130902 3 4 2
20130902 2 7 4
20130902 5 7 9
20130902 5 6 8
20130902 3 2 8
20130902 1 4 9
20130912 5 1 6
20130912 1 9 7
20130912 3 2 9
20130912 2 7 6
20130912 1 9 3
20130912 2 1 9
20130912 2 4 5
20130912 8 2 1
20130912 7 6 3
20130912 9 1 3
20130912 5 7 2
20130913 7 9 5
20130913 2 5 6
20130913 3 7 1
20130913 5 8 2
20130913 9 1 6
20130913 8 9 7
20130913 4 7 8
20130913 1 2 7
20130913 1 3 6
20130913 2 1 5
20130914 3 8 9
20130914 7 9 8
20130914 5 8 6
20130914 2 1 4
20130914 2 9 3
20130914 5 3 6
20130914 9 5 2
20130914 3 2 9
20130914 3 1 9
20130914 3 9 1
20130914 3 9 7
20130914 3 7 8
20130915 5 1 8
20130915 1 2 5
20130915 5 1 8
20130915 8 7 6
20130915 2 7 3
20130915 7 1 3
20130915 4 1 9
20130915 1 7 8
20130915 1 4 6
20130915 1 3 9
20130915 9 7 4
20130915 8 5 7
20130917 7 9 5
20130917 3 5 9
20130917 2 5 3
20130917 1 4 9
20130917 1 9 6
20130917 2 5 7
20130917 1 6 5
20130917 3 9 8
20130917 8 3 9
20130917 1 3 8
20130917 4 9 6
20131005 1 3 2
20131005 7 5 2
20131005 5 3 1
20131005 4 2 7
20131005 5 4 1
20131005 1 9 5
20131005 5 7 9
20131005 9 7 1
20131005 5 3 2
20131005 3 9 4
20131006 1 2 5
20131006 5 1 3
20131006 5 3 2
20131006 5 3 4
20131006 7 5 1
20131006 7 9 5
20131006 8 3 4
20131006 2 1 7
20131006 2 5 7
20131006 5 3 9
20131007 4 2 3
20131007 3 7 1
20131007 7 2 6
20131007 5 2 4
20131007 3 1 5
20131007 9 4 2
20131007 4 2 5
20131007 1 7 9
20131007 1 5 9
20131007 8 3 7
20131115 5 1 7
20131115 5 2 1
20131115 3 7 5
20131115 9 1 7
20131115 1 2 5
20131115 1 5 2
20131115 8 3 5
20131115 5 1 3
20131115 9 3 5
20131115 1 9 2
20131115 9 3 2
20131115 1 2 5
20131116 3 5 9
20131116 2 9 4
20131116 5 3 9
20131116 8 7 4
20131116 1 2 4
20131116 5 3 9
20131116 2 5 1
20131116 5 2 4
20131116 2 3 8
20131116 7 2 8
20131116 4 2 3
20131117 5 2 7
20131117 5 3 7
20131117 7 3 4
20131117 2 1 9
20131117 2 3 1
20131117 1 7 6
20131117 2 4 3
20131117 7 1 5
20131117 2 8 1
20131117 7 8 2
20131117 7 8 3
20131117 3 9 1
20131118 3 2 5
20131118 7 3 4
20131118 2 7 9
20131118 2 9 7
20131118 2 9 5
20131118 1 5 4
20131118 6 5 1
20131118 4 7 2
20131118 5 1 7
20131118 5 1 7
20131118 3 5 2
20131118 1 9 2
20131122 3 7 1
20131122 3 4 1
20131122 3 7 1
20131122 4 2 3
20131122 4 3 5
20131122 1 7 8
20131122 1 7 5
20131122 9 5 3
20131122 3 9 1
20131122 5 7 4
20131123 1 2 5
20131123 4 2 7
20131123 7 4 2
20131123 1 2 5
20131123 4 2 5
20131123 9 1 3
20131123 3 8 4
20131123 1 8 5
20131123 3 1 2
20131123 1 9 5
20131124 1 3 4
20131124 2 5 3
20131124 4 1 2
20131124 6 4 2
20131124 7 3 4
20131124 9 2 1
20131124 7 2 1
20131124 3 7 9
20131124 3 8 4
20131124 3 7 5
20131206 1 4 7
20131206 5 2 7
20131206 3 2 7
20131206 4 7 2
20131206 5 2 3
20131206 3 1 8
20131206 5 2 9
20131206 3 5 1
20131206 7 4 3
20131206 3 2 8
20131207 1 5 3
20131207 7 1 2
20131207 4 5 3
20131207 1 7 5
20131207 1 3 4
20131207 9 5 1
20131207 6 1 2
20131207 1 8 3
20131207 3 1 7
20131207 5 1 2
20131208 1 5 2
20131208 2 3 1
20131208 5 3 4
20131208 3 1 2
20131208 3 6 2
20131208 1 7 2
20131208 1 3 7
20131208 1 3 9
20131208 1 6 9
20131208 1 3 2
20140101 2 6 7
20140101 9 2 4
20140101 1 7 3
20140101 9 1 4
20140101 9 7 2
20140101 5 3 9
20140101 1 7 3
20140101 9 5 7
20140101 2 1 3
20140101 3 5 6
20140101 1 2 7
20140102 1 9 7
20140102 5 7 1
20140102 1 2 5
20140102 9 7 1
20140102 9 3 7
20140102 1 2 8
20140102 1 5 4
20140102 5 8 7
20140102 4 3 2
20140102 5 1 7
20140102 2 3 9
20140103 6 9 2
20140103 3 2 9
20140103 7 1 2
20140103 3 6 1
20140103 5 2 4
20140103 4 6 7
20140103 4 3 7
20140103 5 1 7
20140103 4 1 7
20140103 3 1 7
20140103 1 2 9
20140124 4 3 6
20140124 2 1 4
20140124 7 4 3
20140124 5 6 4
20140124 4 1 5
20140124 6 2 3
20140124 7 1 3
20140124 5 2 4
20140124 1 2 5
20140124 5 1 2
20140124 1 9 4
20140124 9 1 4
20140124 5 3 2
20140125 3 4 1
20140125 2 4 7
20140125 2 5 1
20140125 2 5 4
20140125 5 2 7
20140125 5 1 7
20140125 4 6 7
20140125 3 1 6
20140125 4 1 3
20140125 1 9 4
20140125 7 2 1
20140125 9 1 7
20140125 1 7 3
20140126 5 1 4
20140126 2 5 6
20140126 6 1 7
20140126 2 5 4
20140126 2 1 4
20140126 1 8 3
20140126 7 9 1
20140126 1 4 3
20140126 3 4 7
20140126 5 3 4
20140126 9 1 2
20140126 2 6 5
20140219 7 1 6
20140219 6 9 7
20140219 3 8 7
20140219 3 9 1
20140219 1 7 3
20140219 6 5 2
20140219 2 5 8
20140219 3 2 4
20140219 3 1 9
20140219 1 7 5
20140219 5 9 3
20140220 5 1 7
20140220 3 7 8
20140220 3 5 7
20140220 1 7 2
20140220 1 7 3
20140220 5 9 1
20140220 5 3 1
20140220 7 8 9
20140220 7 9 2
20140220 2 3 5
20140220 1 7 5
20140221 1 5 3
20140221 9 1 3
20140221 1 9 4
20140221 7 5 2
20140221 9 2 4
20140221 3 7 8
20140221 5 1 3
20140221 9 4 2
20140221 5 1 3
20140221 7 1 9
20140221 7 8 9
20140311 7 1 5
20140311 7 2 5
20140311 3 1 5
20140311 4 1 6
20140311 5 7 3
20140311 5 6 2
20140311 2 7 8
20140311 5 1 3
20140311 2 3 9
20140311 4 9 3
20140312 1 3 4
20140312 7 2 6
20140312 3 5 1
20140312 4 5 1
20140312 2 5 7
20140312 2 1 7
20140312 9 2 3
20140312 1 2 9
20140312 9 3 5
20140312 1 8 3
20140313 2 7 1
20140313 5 4 7
20140313 3 4 7
20140313 2 5 7
20140313 1 7 5
20140313 5 3 9
20140313 7 2 4
20140313 1 7 3
20140313 1 2 7
20140313 9 7 5
20140321 5 7 1
20140321 4 2 5
20140321 3 5 1
20140321 4 7 1
20140321 5 7 6
20140321 6 2 4
20140321 7 6 5
20140321 7 3 9
20140321 9 5 6
20140321 4 5 9
20140321 7 9 3
20140321 3 8 7
20140322 5 1 2
20140322 1 5 3
20140322 3 7 1
20140322 4 3 6
20140322 4 3 1
20140322 2 1 5
20140322 2 3 5
20140322 7 4 9
20140322 8 2 6
20140322 1 3 9
20140322 3 9 2
20140322 3 2 5
20140323 2 3 5
20140323 1 7 5
20140323 7 1 5
20140323 4 7 5
20140323 1 7 5
20140323 7 9 1
20140323 1 5 2
20140323 7 5 1
20140323 3 6 1
20140323 3 1 7
20140323 2 1 5
20140323 3 9 4
20140426 7 3 1
20140426 2 7 1
20140426 5 3 1
20140426 2 5 4
20140426 6 2 1
20140426 3 7 1
20140426 3 9 2
20140426 9 2 3
20140426 1 9 5
20140426 1 9 2
20140426 5 1 9
20140427 2 1 5
20140427 4 7 1
20140427 4 5 3
20140427 6 1 7
20140427 4 2 3
20140427 6 5 1
20140427 4 1 2
20140427 5 2 3
20140427 7 9 1
20140427 9 5 1
20140427 1 7 5
20140427 3 7 2
20140428 1 5 3
20140428 5 3 2
20140428 1 7 3
20140428 7 4 3
20140428 3 7 6
20140428 2 6 8
20140428 2 6 9
20140428 9 1 7
20140428 3 5 1
20140428 5 2 1
20140428 5 4 9
20140428 3 2 1
20140428 2 7 4
20140503 3 7 6
20140503 4 7 1
20140503 3 1 5
20140503 4 2 3
20140503 5 7 1
20140503 7 5 4
20140503 7 1 3
20140503 5 1 9
20140503 7 6 3
20140503 3 6 2
20140504 5 3 7
20140504 1 3 4
20140504 7 1 5
20140504 1 4 2
20140504 3 1 5
20140504 3 1 5
20140504 9 7 1
20140504 2 7 9
20140504 3 5 1
20140504 5 1 9
20140505 2 4 5
20140505 5 2 3
20140505 4 1 6
20140505 7 4 5
20140505 2 4 5
20140505 3 9 2
20140505 9 5 1
20140505 9 2 5
20140505 1 7 5
20140505 1 4 7
20140523 1 9 5
20140523 5 9 7
20140523 2 1 4
20140523 3 7 1
20140523 6 3 2
20140523 1 2 3
20140523 6 4 2
20140523 1 9 7
20140523 7 2 5
20140523 5 2 8
20140523 5 3 9
20140523 7 9 1
20140524 1 2 7
20140524 3 2 8
20140524 5 2 9
20140524 9 3 8
20140524 9 3 7
20140524 7 1 2
20140524 3 5 2
20140524 9 5 3
20140524 4 2 7
20140524 4 6 8
20140524 9 1 6
20140524 7 2 1
20140525 5 8 9
20140525 3 1 5
20140525 2 8 3
20140525 1 5 7
20140525 7 5 4
20140525 4 7 1
20140525 2 1 9
20140525 7 4 6
20140525 5 3 1
20140525 7 5 4
20140525 4 7 2
20140525 1 9 3
20140617 4 3 7
20140617 1 7 5
20140617 3 7 5
20140617 4 2 5
20140617 1 5 7
20140617 4 3 1
20140617 1 6 2
20140617 9 4 3
20140617 8 3 9
20140617 2 5 3
20140618 6 1 2
20140618 1 3 5
20140618 2 7 5
20140618 5 2 6
20140618 2 1 6
20140618 9 3 2
20140618 2 9 6
20140618 5 9 6
20140618 3 5 1
20140618 5 3 1
20140618 7 9 6
20140619 7 4 5
20140619 2 7 5
20140619 2 6 1
20140619 1 3 2
20140619 2 3 6
20140619 2 3 9
20140619 1 3 6
20140619 1 3 7
20140619 5 7 2
20140619 1 9 6
20140703 1 2 5
20140703 2 5 4
20140703 5 2 3
20140703 3 5 2
20140703 5 2 4
20140703 3 7 9
20140703 7 9 1
20140703 4 3 7
20140703 1 2 3
20140703 3 4 9
20140704 7 1 5
20140704 2 3 7
20140704 6 3 5
20140704 2 4 6
20140704 3 4 7
20140704 2 1 5
20140704 9 4 3
20140704 3 1 9
20140704 9 2 7
20140704 7 2 9
20140705 7 2 5
20140705 2 5 4
20140705 2 4 1
20140705 5 2 3
20140705 1 7 6
20140705 5 3 1
20140705 7 1 2
20140705 5 9 1
20140705 1 9 2
20140705 5 1 7
20140728 5 3 9
20140728 5 2 9
20140728 3 6 1
20140728 5 1 7
20140728 9 2 3
20140728 2 4 7
20140728 1 8 2
20140728 9 3 5
20140728 2 5 8
20140728 1 2 3
20140728 2 4 7
20140729 1 5 4
20140729 9 1 5
20140729 2 7 3
20140729 1 9 4
20140729 9 4 7
20140729 3 8 1
20140729 9 1 2
20140729 2 9 1
20140729 1 7 9
20140729 3 9 6
20140729 3 2 1
20140730 5 3 4
20140730 8 6 3
20140730 5 7 2
20140730 7 1 3
20140730 3 9 1
20140730 6 3 1
20140730 2 4 7
20140730 1 5 3
20140730 2 1 3
20140730 9 7 4
20140730 5 3 2
20140814 1 2 5
20140814 3 8 1
20140814 5 1 2
20140814 9 5 7
20140814 1 7 5
20140814 2 5 1
20140814 1 4 6
20140814 9 6 8
20140814 1 5 8
20140814 5 1 7
20140814 3 7 5
20140814 5 4 1
20140815 2 5 9
20140815 9 1 3
20140815 7 1 9
20140815 1 2 3
20140815 1 2 9
20140815 5 1 3
20140815 3 5 4
20140815 7 5 3
20140815 5 3 2
20140815 2 8 7
20140815 5 9 1
20140815 2 7 5
20140816 2 7 5
20140816 5 7 2
20140816 2 7 1
20140816 1 3 9
20140816 4 2 7
20140816 5 9 1
20140816 7 9 5
20140816 1 3 2
20140816 2 9 4
20140816 1 5 6
20140816 4 3 1
20140816 2 3 5
20140920 4 2 6
20140920 7 5 3
20140920 3 5 6
20140920 4 1 7
20140920 5 1 7
20140920 1 9 2
20140920 7 3 2
20140920 9 2 4
20140920 9 5 4
20140920 2 8 3
20140921 6 4 2
20140921 7 1 5
20140921 2 4 7
20140921 7 1 3
20140921 2 7 3
20140921 1 7 5
20140921 9 1 2
20140921 2 5 3
20140921 3 5 7
20140921 3 2 1
20140922 5 1 4
20140922 1 3 6
20140922 6 1 3
20140922 1 7 4
20140922 6 3 2
20140922 7 2 4
20140922 9 1 8
20140922 5 3 4
20140922 9 1 3
20140922 2 1 5
20141021 9 5 8
20141021 2 7 3
20141021 7 8 3
20141021 1 5 3
20141021 3 4 5
20141021 1 5 4
20141021 7 5 2
20141021 2 7 4
20141021 3 4 8
20141021 9 2 5
20141021 3 1 7
20141021 6 7 2
20141022 5 1 9
20141022 1 2 3
20141022 3 2 9
20141022 9 1 3
20141022 5 3 4
20141022 6 3 2
20141022 4 1 6
20141022 9 5 8
20141022 1 7 5
20141022 1 7 4
20141022 9 7 3
20141022 1 2 5
20141023 5 7 6
20141023 7 5 9
20141023 3 9 1
20141023 7 5 2
20141023 2 3 4
20141023 5 1 3
20141023 8 3 1
20141023 9 5 8
20141023 3 7 9
20141023 5 1 7
20141023 9 4 5
20141023 7 5 2
20141101 7 3 1
20141101 2 4 3
20141101 8 3 7
20141101 5 2 1
20141101 3 4 1
20141101 3 4 2
20141101 9 2 5
20141101 4 9 3
20141101 7 2 4
20141101 5 3 9
20141101 1 2 7
20141102 1 2 5
20141102 5 1 8
20141102 5 7 6
20141102 6 1 3
20141102 7 3 9
20141102 5 1 9
20141102 2 5 3
20141102 2 7 1
20141102 1 9 2
20141102 5 3 7
20141102 1 5 2
20141103 3 4 1
20141103 7 8 5
20141103 2 7 4
20141103 7 2 1
20141103 1 7 4
20141103 2 3 5
20141103 5 1 6
20141103 7 9 6
20141103 9 2 3
20141103 4 1 7
20141103 1 9 3
20141113 2 7 4
20141113 8 4 3
20141113 2 7 5
20141113 7 1 4
20141113 2 3 9
20141113 3 4 8
20141113 2 8 6
20141113 3 7 2
20141113 2 9 3
20141113 5 3 2
20141113 2 1 9
20141114 3 1 2
20141114 1 7 9
20141114 9 7 4
20141114 1 5 8
20141114 2 3 8
20141114 5 9 2
20141114 1 5 2
20141114 3 7 1
20141114 7 1 9
20141114 7 2 5
20141114 4 3 7
20141115 1 7 5
20141115 3 4 7
20141115 8 2 1
20141115 3 7 8
20141115 2 8 3
20141115 1 7 2
20141115 5 1 3
20141115 3 2 1
20141115 7 2 3
20141115 9 5 2
20141115 1 7 6
20141116 1 3 5
20141116 3 2 9
20141116 6 1 4
20141116 3 5 7
20141116 2 7 8
20141116 2 5 9
20141116 3 9 2
20141116 1 5 7
20141116 9 1 5
20141116 2 5 9
20141116 1 4 3
20141207 7 6 2
20141207 5 6 3
20141207 1 7 6
20141207 3 7 6
20141207 6 1 7
20141207 7 1 2
20141208 4 1 2
20141208 2 7 6
20141208 4 2 3
20141208 2 5 4
20141208 4 6 7
20141208 3 7 5
20141209 5 4 2
20141209 2 4 1
20141209 6 5 7
20141209 7 3 1
20141209 5 3 1
20141209 6 1 2
20141220 3 7 1
20141220 7 4 3
20141220 5 3 4
20141220 4 7 1
20141220 5 1 3
20141220 5 4 7
20141220 9 4 7
20141220 1 6 8
20141220 2 5 9
20141220 9 3 6
20141221 3 1 2
20141221 5 7 3
20141221 6 5 1
20141221 5 7 1
20141221 4 7 1
20141221 4 8 9
20141221 1 7 9
20141221 5 1 7
20141221 5 3 8
20141221 5 1 7
20141222 1 5 7
20141222 5 4 1
20141222 5 4 7
20141222 2 7 4
20141222 3 1 4
20141222 4 5 1
20141222 4 3 8
20141222 9 4 7
20141222 3 4 1
20141222 1 9 4
20141222 1 6 5
20150110 1 4 2
20150110 4 5 3
20150110 7 2 5
20150110 1 4 7
20150110 2 7 3
20150110 3 2 9
20150110 1 5 7
20150110 7 5 1
20150110 1 3 9
20150110 2 5 7
20150111 4 1 7
20150111 5 1 2
20150111 5 1 6
20150111 5 1 7
20150111 3 2 5
20150111 5 2 4
20150111 9 7 8
20150111 5 9 2
20150111 1 3 8
20150111 9 1 7
20150111 1 9 5
20150112 5 7 6
20150112 1 3 7
20150112 7 6 3
20150112 1 4 3
20150112 1 5 4
20150112 3 7 2
20150112 5 1 3
20150112 9 5 3
20150112 1 8 7
20150112 1 9 5
20150126 1 5 6
20150126 8 2 3
20150126 6 9 7
20150126 3 1 7
20150126 9 4 2
20150126 2 5 6
20150126 4 1 8
20150126 3 7 4
20150126 8 1 4
20150126 8 4 1
20150127 1 2 9
20150127 7 2 9
20150127 1 4 3
20150127 9 1 7
20150127 5 2 8
20150127 3 1 5
20150127 3 7 6
20150127 2 3 1
20150127 4 1 8
20150127 1 8 3
20150128 7 1 9
20150128 1 7 4
20150128 7 1 4
20150128 5 6 3
20150128 8 3 7
20150128 8 7 3
20150128 5 3 9
20150128 9 1 2
20150128 4 3 7
20150128 2 8 7
20150128 7 3 5
20150128 5 6 7
20150220 1 4 6
20150220 2 4 1
20150220 7 3 1
20150220 4 7 3
20150220 5 3 7
20150220 6 3 5
20150220 7 1 5
20150220 2 6 8
20150220 2 5 8
20150220 5 1 9
20150220 3 6 5
20150220 3 6 9
20150220 1 6 7
20150221 2 5 4
20150221 4 2 7
20150221 7 2 6
20150221 7 2 4
20150221 5 7 1
20150221 4 7 3
20150221 2 3 6
20150221 9 2 5
20150221 9 8 2
20150221 2 5 1
20150221 1 4 9
20150221 3 9 4
20150222 5 7 1
20150222 4 3 7
20150222 3 2 6
20150222 1 4 3
20150222 3 5 1
20150222 3 7 8
20150222 4 2 9
20150222 1 5 7
20150222 5 3 2
20150222 9 1 5
20150222 1 9 5
20150222 3 2 1
20150317 3 9 2
20150317 9 5 8
20150317 3 2 9
20150317 5 9 1
20150317 8 1 2
20150317 9 5 8
20150317 9 1 2
20150317 5 2 1
20150317 8 9 4
20150317 2 7 5
20150317 3 9 2
20150318 1 9 6
20150318 3 4 1
20150318 2 3 7
20150318 1 7 3
20150318 7 2 6
20150318 1 3 8
20150318 1 8 6
20150318 7 2 3
20150318 7 9 5
20150318 1 3 9
20150318 1 6 7
20150319 3 1 9
20150319 5 7 8
20150319 4 1 3
20150319 7 4 5
20150319 7 6 1
20150319 2 7 1
20150319 2 4 1
20150319 9 1 3
20150319 4 7 3
20150319 1 3 7
20150319 2 4 9
20150320 2 8 9
20150320 1 9 5
20150320 1 2 8
20150320 2 5 7
20150320 6 5 9
20150320 8 2 3
20150320 5 1 6
20150320 3 9 8
20150320 4 6 2
20150320 8 2 9
20150320 2 1 8
20150321 1 5 7
20150321 1 4 7
20150321 7 1 5
20150321 3 5 8
20150321 2 9 4
20150321 2 7 9
20150321 5 4 1
20150321 5 1 7
20150321 5 7 1
20150321 2 5 1
20150321 1 2 4
20150321 2 3 1
20150321 1 4 5
20150322 8 1 3
20150322 3 8 9
20150322 9 7 5
20150322 8 9 7
20150322 3 7 1
20150322 3 9 1
20150322 9 4 6
20150322 3 2 6
20150322 9 7 4
20150322 9 6 1
20150322 3 9 5
20150401 9 2 5
20150401 9 5 2
20150401 9 3 4
20150401 9 7 5
20150401 1 9 3
20150401 7 9 2
20150401 3 2 4
20150401 8 7 2
20150401 3 9 7
20150401 3 7 1
20150401 1 5 7
20150401 2 1 8
20150402 9 3 4
20150402 1 9 3
20150402 9 2 5
20150402 7 1 8
20150402 3 1 9
20150402 1 2 9
20150402 5 9 1
20150402 1 4 9
20150402 9 1 5
20150402 9 3 8
20150402 2 1 8
20150403 9 8 4
20150403 2 5 9
20150403 7 3 4
20150403 3 9 6
20150403 2 5 3
20150403 5 3 1
20150403 5 1 3
20150403 2 3 9
20150403 4 9 2
20150403 7 2 9
20150403 7 4 8
20150413 3 4 2
20150413 4 5 1
20150413 4 7 1
20150413 1 3 2
20150413 2 4 5
20150413 1 4 6
20150413 7 3 5
20150413 9 3 5
20150413 3 9 7
20150413 3 5 7
20150413 2 5 1
20150413 9 5 3
20150414 7 4 3
20150414 2 1 3
20150414 1 5 6
20150414 4 3 1
20150414 5 3 1
20150414 4 7 2
20150414 7 4 5
20150414 7 1 4
20150414 3 1 4
20150414 3 1 5
20150414 5 2 1
20150414 7 3 5
20150414 5 1 7
20150415 1 5 7
20150415 5 2 4
20150415 4 7 3
20150415 3 5 2
20150415 4 6 3
20150415 9 4 3
20150415 7 4 1
20150415 4 6 5
20150415 1 4 3
20150415 5 2 1
20150415 5 3 8
20150415 8 2 5
20150516 1 2 8
20150516 3 5 1
20150516 9 7 1
20150516 1 9 3
20150516 2 1 5
20150516 3 5 6
20150516 5 2 3
20150516 3 4 1
20150516 3 9 7
20150516 2 5 1
20150516 7 9 1
20150517 2 7 3
20150517 2 5 3
20150517 9 1 7
20150517 9 4 2
20150517 4 1 3
20150517 3 5 1
20150517 3 5 9
20150517 1 9 5
20150517 7 9 2
20150517 7 9 5
20150517 7 2 1
20150518 7 5 9
20150518 2 5 6
20150518 3 2 1
20150518 5 9 7
20150518 5 9 1
20150518 7 1 3
20150518 1 7 9
20150518 5 2 1
20150518 1 2 3
20150518 1 9 5
20150518 3 2 4
