20111205 3 2 5
20111205 2 3 9
20111205 5 7 1
20111205 7 1 2
20111205 9 3 5
20111205 9 4 2
20111205 7 5 1
20111205 3 7 2
20111205 1 9 4
20111205 3 9 1
20111205 4 2 9
20111205 4 7 5
20111206 1 3 8
20111206 3 1 8
20111206 4 2 7
20111206 1 6 2
20111206 3 9 7
20111206 2 3 1
20111206 9 2 6
20111206 3 9 1
20111206 5 9 1
20111206 3 5 2
20111206 3 2 9
20111206 9 1 4
20111207 2 4 1
20111207 7 2 1
20111207 9 3 1
20111207 2 1 6
20111207 9 3 7
20111207 1 7 3
20111207 9 1 5
20111227 1 3 6
20111227 9 1 2
20111227 2 3 5
20111227 5 1 2
20111227 1 2 3
20111227 5 2 3
20111227 3 5 4
20111227 9 2 7
20111227 2 5 3
20111227 2 5 1
20111227 3 2 7
20111227 8 7 3
20111228 7 4 1
20111228 9 2 7
20111228 9 2 8
20111228 7 9 1
20111228 3 1 9
20111228 1 5 7
20111228 1 5 9
20111228 1 7 2
20111228 5 9 8
20111228 2 8 9
20111228 9 2 6
20111228 1 4 7
20111228 2 7 8
20111229 3 9 1
20111229 1 5 4
20111229 8 2 6
20111229 2 1 7
20111229 1 5 2
20111229 1 7 3
20111229 4 2 7
20111229 5 9 1
20111229 1 7 4
20111229 5 3 7
20111229 4 7 8
20111229 3 5 6
20120104 1 9 3
20120104 2 8 7
20120104 3 2 5
20120104 9 6 3
20120104 7 3 5
20120104 7 3 8
20120104 9 2 5
20120104 1 7 5
20120104 7 2 9
20120104 5 7 1
20120104 1 8 5
20120104 6 9 3
20120105 1 2 3
20120105 3 5 7
20120105 2 5 1
20120105 5 1 8
20120105 1 2 4
20120105 3 5 9
20120105 3 5 7
20120105 1 6 3
20120105 7 6 1
20120105 1 2 9
20120105 3 5 9
20120106 5 3 1
20120106 3 5 6
20120106 7 8 5
20120106 7 5 3
20120106 1 2 8
20120106 5 2 6
20120106 9 2 1
20120106 7 1 2
20120106 1 8 4
20120106 2 4 9
20120106 7 3 1
20120107 1 9 4
20120107 1 3 8
20120107 9 3 7
20120107 9 3 6
20120107 1 4 8
20120107 9 5 2
20120107 9 1 5
20120107 3 7 2
20120107 2 5 1
20120107 5 2 1
20120107 1 9 7
20120107 9 2 5
20120131 1 2 5
20120131 7 2 5
20120131 7 3 2
20120131 7 1 3
20120131 2 4 3
20120131 1 9 5
20120131 3 9 1
20120131 1 7 3
20120131 2 7 8
20120131 1 7 2
20120131 4 5 7
20120201 3 5 1
20120201 1 7 2
20120201 5 7 2
20120201 4 2 3
20120201 5 7 3
20120201 2 7 4
20120201 5 2 3
20120201 5 7 1
20120201 3 9 4
20120201 2 6 5
20120201 6 2 5
20120201 9 3 6
20120202 3 5 1
20120202 2 4 7
20120202 7 5 1
20120202 1 3 5
20120202 3 7 4
20120202 7 2 3
20120202 9 2 1
20120202 2 4 9
20120202 4 7 1
20120202 7 1 8
20120202 8 1 3
20120215 1 3 8
20120215 9 5 7
20120215 1 7 9
20120215 9 2 3
20120215 8 9 2
20120215 2 1 5
20120215 3 9 5
20120215 9 8 1
20120215 9 3 6
20120215 2 1 7
20120215 3 7 1
20120215 1 9 3
20120216 2 6 5
20120216 1 5 3
20120216 6 3 9
20120216 1 3 8
20120216 1 7 5
20120216 5 2 7
20120216 1 5 7
20120216 7 5 2
20120216 4 7 3
20120216 1 2 5
20120216 1 4 9
20120216 2 7 1
20120217 3 5 2
20120217 2 7 4
20120217 7 1 2
20120217 9 7 5
20120217 1 9 3
20120217 4 3 1
20120217 1 3 9
20120217 5 2 9
20120217 3 5 4
20120217 7 3 1
20120217 4 1 2
20120217 3 2 1
20120328 3 1 7
20120328 7 2 3
20120328 3 1 5
20120328 4 5 1
20120328 1 5 3
20120328 1 9 4
20120328 1 5 2
20120328 5 1 6
20120328 7 9 4
20120328 2 9 4
20120328 7 2 4
20120329 1 3 7
20120329 2 4 7
20120329 5 6 7
20120329 4 2 7
20120329 1 4 5
20120329 3 8 4
20120329 9 7 3
20120329 1 7 2
20120329 1 9 2
20120329 7 1 2
20120329 3 2 8
20120330 2 3 5
20120330 2 4 5
20120330 4 3 2
20120330 3 5 1
20120330 2 5 1
20120330 1 5 4
20120330 7 5 3
20120330 7 2 3
20120330 1 7 3
20120330 3 2 7
20120330 9 1 2
20120419 1 3 4
20120419 2 1 5
20120419 7 4 5
20120419 2 3 4
20120419 3 7 5
20120419 1 9 5
20120419 9 8 2
20120419 2 9 7
20120419 1 3 5
20120419 3 7 1
20120419 7 1 5
20120420 1 5 4
20120420 2 7 1
20120420 7 3 1
20120420 7 1 3
20120420 4 2 1
20120420 9 5 1
20120420 2 3 6
20120420 2 3 9
20120420 5 1 2
20120420 1 5 8
20120420 2 5 7
20120421 3 4 1
20120421 3 4 1
20120421 4 3 1
20120421 4 7 6
20120421 1 4 7
20120421 3 1 9
20120421 3 9 2
20120421 7 1 9
20120421 2 3 9
20120421 5 2 7
20120421 3 5 4
20120501 2 1 8
20120501 9 7 2
20120501 9 1 4
20120501 5 3 4
20120501 1 7 3
20120501 7 5 3
20120501 2 5 3
20120501 7 2 8
20120501 7 3 1
20120501 3 9 4
20120501 6 5 9
20120501 4 1 8
20120502 4 9 2
20120502 4 3 5
20120502 2 1 9
20120502 7 4 5
20120502 8 1 2
20120502 2 9 3
20120502 7 2 1
20120502 3 5 8
20120502 8 3 7
20120502 2 7 1
20120502 5 3 7
20120502 1 7 3
20120503 5 3 2
20120503 1 3 4
20120503 1 2 4
20120503 1 5 4
20120503 5 9 3
20120503 9 7 2
20120503 2 5 3
20120503 8 6 7
20120503 2 3 7
20120503 3 6 2
20120503 6 3 2
20120503 1 7 5
20120503 2 1 3
20120517 7 4 1
20120517 2 7 4
20120517 3 5 7
20120517 4 3 1
20120517 5 7 3
20120517 9 8 7
20120517 9 1 5
20120517 1 5 6
20120517 3 1 5
20120517 9 2 3
20120517 3 5 8
20120518 1 3 2
20120518 2 7 4
20120518 1 3 5
20120518 3 1 4
20120518 3 7 4
20120518 3 9 1
20120518 4 6 2
20120518 9 2 8
20120518 7 2 9
20120518 9 1 7
20120518 2 8 3
20120519 3 1 7
20120519 3 5 1
20120519 7 1 3
20120519 7 2 1
20120519 4 6 7
20120519 9 3 7
20120519 4 7 1
20120519 1 9 2
20120519 1 2 3
20120519 2 1 3
20120519 7 3 8
20120530 3 1 5
20120530 2 4 7
20120530 7 5 3
20120530 4 1 7
20120530 5 1 2
20120530 9 1 5
20120530 4 3 1
20120530 2 7 8
20120530 3 1 6
20120530 3 1 4
20120530 6 1 7
20120531 1 5 7
20120531 5 2 1
20120531 6 3 5
20120531 7 1 5
20120531 1 2 3
20120531 9 4 3
20120531 4 1 2
20120531 2 6 9
20120531 9 5 7
20120531 1 5 7
20120531 1 8 5
20120601 1 3 7
20120601 4 3 6
20120601 4 7 2
20120601 4 1 7
20120601 7 4 2
20120601 6 9 2
20120601 3 8 2
20120601 3 1 5
20120601 3 5 9
20120601 1 2 8
20120601 5 2 7
20120626 3 5 7
20120626 3 2 1
20120626 3 7 5
20120626 1 3 7
20120626 2 3 7
20120626 8 1 7
20120626 2 8 1
20120626 5 1 8
20120626 4 9 5
20120626 6 1 2
20120626 5 9 6
20120627 5 7 2
20120627 1 7 3
20120627 1 5 4
20120627 2 5 3
20120627 3 7 2
20120627 1 2 3
20120627 4 3 9
20120627 1 2 3
20120627 1 3 9
20120627 9 1 2
20120627 3 5 7
20120628 7 2 1
20120628 1 5 7
20120628 3 5 4
20120628 1 2 5
20120628 1 3 5
20120628 2 4 7
20120628 9 1 5
20120628 9 2 1
20120628 8 2 6
20120628 1 7 2
20120628 9 2 7
20120709 4 3 2
20120709 8 2 7
20120709 8 3 5
20120709 5 2 9
20120709 3 6 1
20120709 1 4 7
20120709 7 2 3
20120709 1 7 5
20120709 2 9 1
20120709 3 5 2
20120709 1 5 8
20120710 1 5 9
20120710 7 1 3
20120710 7 1 8
20120710 3 1 2
20120710 3 7 1
20120710 2 3 9
20120710 8 3 2
20120710 3 1 2
20120710 8 5 4
20120710 5 1 2
20120710 5 8 2
20120710 7 1 3
20120711 2 3 8
20120711 3 1 2
20120711 7 2 6
20120711 2 1 7
20120711 1 9 3
20120711 2 6 8
20120711 2 1 3
20120711 8 9 1
20120711 3 9 8
20120711 2 8 3
20120711 2 3 5
20120712 7 4 5
20120712 2 1 9
20120712 3 5 9
20120712 5 3 7
20120712 2 6 9
20120712 7 8 2
20120712 7 2 8
20120712 2 1 5
20120712 4 5 1
20120712 5 2 7
20120712 3 1 9
20120720 4 2 7
20120720 2 7 3
20120720 2 5 3
20120720 3 4 1
20120720 7 3 4
20120720 1 6 2
20120720 7 5 2
20120720 1 7 3
20120720 1 7 9
20120720 3 1 2
20120720 6 5 9
20120721 5 2 7
20120721 4 3 1
20120721 3 6 1
20120721 5 2 4
20120721 7 2 4
20120721 3 4 2
20120721 1 4 2
20120721 9 2 1
20120721 1 6 3
20120721 3 7 2
20120721 3 4 1
20120722 3 6 1
20120722 2 4 5
20120722 4 6 5
20120722 5 4 2
20120722 7 3 5
20120722 9 4 5
20120722 2 5 7
20120722 9 2 1
20120722 9 2 3
20120722 1 7 9
20120722 3 9 7
20120813 9 6 2
20120813 2 9 1
20120813 7 1 9
20120813 5 4 1
20120813 2 9 3
20120813 4 1 7
20120813 7 1 9
20120813 6 9 4
20120813 9 1 2
20120813 9 2 1
20120813 9 7 2
20120814 4 9 2
20120814 4 3 5
20120814 1 8 5
20120814 1 7 5
20120814 1 5 9
20120814 9 1 2
20120814 7 1 3
20120814 9 2 3
20120814 9 3 5
20120814 3 5 1
20120814 5 2 1
20120815 3 2 5
20120815 7 1 9
20120815 3 1 2
20120815 1 2 4
20120815 1 2 7
20120815 8 3 7
20120815 3 1 9
20120815 7 1 4
20120815 2 4 1
20120815 1 5 9
20120815 1 5 3
20120823 2 6 4
20120823 1 3 6
20120823 2 6 5
20120823 1 2 7
20120823 2 1 4
20120823 9 8 1
20120823 3 5 7
20120823 8 1 7
20120823 2 4 3
20120823 7 1 4
20120823 9 1 5
20120824 7 5 3
20120824 5 6 7
20120824 7 4 2
20120824 2 5 1
20120824 3 5 4
20120824 1 9 2
20120824 3 9 1
20120824 1 5 4
20120824 7 4 1
20120824 5 9 7
20120824 4 3 6
20120825 4 7 3
20120825 4 7 3
20120825 2 1 5
20120825 2 3 6
20120825 3 1 4
20120825 8 1 5
20120825 1 7 5
20120825 2 1 3
20120825 7 2 4
20120825 1 5 3
20120825 2 9 4
20121220 1 5 4
20121220 3 1 7
20121220 1 4 7
20121220 4 1 2
20121220 1 5 2
20121220 5 9 7
20121220 7 2 9
20121220 5 2 3
20121220 9 3 5
20121220 1 7 3
20121220 9 5 3
20121221 1 4 6
20121221 3 2 1
20121221 4 7 2
20121221 5 3 2
20121221 2 1 5
20121221 2 7 5
20121221 2 7 5
20121221 7 2 5
20121221 5 6 4
20121221 4 1 3
20121221 3 5 9
20121222 1 5 7
20121222 5 4 3
20121222 2 3 4
20121222 1 4 3
20121222 7 4 6
20121222 2 9 7
20121222 9 5 2
20121222 3 8 4
20121222 4 5 1
20121222 7 1 3
20121222 3 1 9
20130109 9 8 1
20130109 7 9 8
20130109 1 7 5
20130109 1 2 7
20130109 3 5 2
20130109 9 3 8
20130109 3 1 5
20130109 3 7 9
20130109 2 5 1
20130109 3 1 2
20130109 9 4 8
20130110 1 5 4
20130110 3 7 2
20130110 2 7 1
20130110 7 3 9
20130110 3 4 9
20130110 5 1 2
20130110 6 8 7
20130110 5 8 1
20130110 1 4 5
20130110 7 5 6
20130110 1 4 3
20130111 5 2 1
20130111 3 9 2
20130111 3 1 5
20130111 9 5 1
20130111 3 2 4
20130111 3 2 1
20130111 7 1 3
20130111 1 2 4
20130111 5 2 8
20130111 3 9 7
20130111 2 8 7
20130116 1 2 6
20130116 3 9 7
20130116 2 5 7
20130116 7 3 1
20130116 7 2 1
20130116 2 1 8
20130116 2 5 9
20130116 9 3 8
20130116 1 5 3
20130116 3 5 1
20130116 3 6 2
20130117 3 2 6
20130117 1 5 7
20130117 7 3 2
20130117 7 2 1
20130117 9 1 6
20130117 9 7 4
20130117 1 5 9
20130117 5 7 6
20130117 3 9 6
20130117 9 1 3
20130117 1 2 4
20130118 9 3 1
20130118 3 7 4
20130118 8 4 3
20130118 9 7 1
20130118 1 7 4
20130118 6 2 8
20130118 4 1 2
20130118 2 5 6
20130118 3 4 7
20130118 9 1 2
20130118 5 2 7
20130130 5 7 3
20130130 7 5 4
20130130 5 3 4
20130130 5 1 3
20130130 1 2 3
20130130 2 5 7
20130130 1 6 5
20130130 6 7 9
20130130 7 3 1
20130130 8 5 3
20130130 8 1 3
20130131 3 2 7
20130131 1 2 3
20130131 7 2 6
20130131 4 6 7
20130131 2 7 1
20130131 3 2 7
20130131 3 2 9
20130131 5 3 2
20130131 3 6 5
20130131 3 6 1
20130131 9 1 2
20130131 1 3 9
20130201 3 5 6
20130201 1 2 6
20130201 2 5 1
20130201 6 2 4
20130201 5 7 1
20130201 3 5 1
20130201 5 9 1
20130201 6 4 1
20130201 7 5 9
20130201 4 8 7
20130201 2 5 4
20130212 5 1 2
20130212 3 8 7
20130212 8 2 5
20130212 2 5 9
20130212 7 2 1
20130212 8 7 4
20130212 7 9 2
20130212 5 2 4
20130212 1 7 4
20130212 2 8 7
20130212 4 2 7
20130213 5 2 8
20130213 3 9 1
20130213 6 1 5
20130213 7 9 3
20130213 6 3 8
20130213 5 1 3
20130213 4 1 3
20130213 3 4 9
20130213 9 2 4
20130213 7 9 5
20130213 3 1 7
20130214 2 1 9
20130214 2 1 4
20130214 7 1 2
20130214 4 9 3
20130214 6 3 9
20130214 2 3 7
20130214 3 6 5
20130214 7 6 1
20130214 5 6 3
20130214 7 3 2
20130214 3 7 9
20130214 3 9 7
20130223 5 1 4
20130223 5 3 2
20130223 3 5 2
20130223 3 1 2
20130223 7 2 5
20130223 4 6 1
20130223 5 7 2
20130223 5 3 8
20130223 1 9 7
20130223 3 9 2
20130223 8 1 7
20130224 4 6 2
20130224 5 2 3
20130224 1 5 4
20130224 4 7 5
20130224 7 1 4
20130224 2 4 1
20130224 9 5 7
20130224 8 3 2
20130224 1 3 2
20130224 3 4 1
20130224 7 9 2
20130225 1 5 2
20130225 1 7 3
20130225 4 2 6
20130225 7 5 6
20130225 1 3 2
20130225 5 2 1
20130225 2 4 7
20130225 9 8 2
20130225 9 5 1
20130225 2 4 3
20130225 1 9 6
20130319 1 2 8
20130319 6 3 1
20130319 3 9 1
20130319 9 5 6
20130319 9 8 2
20130319 8 3 4
20130319 3 5 2
20130319 5 7 1
20130319 9 2 4
20130319 1 8 2
20130319 9 1 3
20130320 7 1 6
20130320 8 5 2
20130320 6 8 2
20130320 4 2 6
20130320 3 9 6
20130320 3 5 7
20130320 3 9 8
20130320 7 2 9
20130320 7 3 4
20130320 5 7 3
20130320 9 3 1
20130321 1 7 4
20130321 5 3 1
20130321 7 8 3
20130321 2 3 9
20130321 3 2 4
20130321 5 2 6
20130321 1 9 7
20130321 2 5 1
20130321 2 7 5
20130321 1 5 3
20130321 7 4 2
20130321 7 4 9
20130322 8 1 5
20130322 2 3 9
20130322 1 2 9
20130322 8 7 1
20130322 6 3 2
20130322 9 3 5
20130322 2 4 5
20130322 3 1 6
20130322 1 7 9
20130322 8 2 7
20130322 7 5 2
20130323 5 7 6
20130323 1 9 5
20130323 5 9 1
20130323 3 1 6
20130323 4 7 1
20130323 9 4 8
20130323 2 3 4
20130323 4 9 3
20130323 7 1 4
20130323 1 6 2
20130323 2 7 1
20130324 3 9 8
20130324 9 3 8
20130324 2 1 3
20130324 2 3 1
20130324 1 9 2
20130324 9 5 2
20130324 4 2 6
20130324 7 3 4
20130324 7 4 3
20130324 1 3 8
20130324 2 7 4
20130324 1 6 3
20130324 1 9 7
20130408 7 5 1
20130408 1 5 6
20130408 3 1 2
20130408 9 2 3
20130408 1 5 3
20130408 3 1 5
20130408 1 3 9
20130408 8 2 4
20130408 1 3 5
20130408 5 4 8
20130408 9 5 4
20130409 2 5 6
20130409 5 6 8
20130409 5 7 1
20130409 9 7 3
20130409 1 7 9
20130409 4 7 9
20130409 3 1 5
20130409 7 1 3
20130409 9 7 1
20130409 9 1 2
20130409 1 5 2
20130410 4 7 3
20130410 7 8 5
20130410 1 2 5
20130410 9 5 3
20130410 2 9 4
20130410 4 3 2
20130410 9 3 5
20130410 5 6 8
20130410 3 7 2
20130410 2 5 1
20130410 8 7 4
20130503 7 5 1
20130503 1 5 2
20130503 2 5 7
20130503 6 5 2
20130503 7 3 5
20130503 1 3 6
20130503 2 4 3
20130503 5 1 6
20130503 9 3 5
20130503 9 2 6
20130504 2 3 5
20130504 5 1 3
20130504 4 7 1
20130504 3 5 7
20130504 2 7 3
20130504 7 1 4
20130504 2 9 7
20130504 5 7 9
20130504 1 5 3
20130504 3 1 5
20130505 5 2 3
20130505 1 5 3
20130505 5 3 1
20130505 1 3 7
20130505 3 5 6
20130505 7 4 2
20130505 4 5 2
20130505 7 2 9
20130505 4 7 1
20130505 7 4 1
20130522 5 1 4
20130522 1 5 4
20130522 1 2 7
20130522 4 7 1
20130522 5 1 7
20130522 2 5 9
20130522 1 3 2
20130522 1 7 4
20130522 3 4 7
20130522 2 7 8
20130523 5 4 1
20130523 4 1 2
20130523 3 1 2
20130523 5 1 3
20130523 3 5 7
20130523 2 5 8
20130523 9 3 4
20130523 1 9 3
20130523 9 3 2
20130523 3 1 6
20130524 4 7 1
20130524 2 7 4
20130524 2 5 3
20130524 1 7 3
20130524 1 7 6
20130524 9 2 1
20130524 7 9 5
20130524 5 7 2
20130524 3 9 4
20130524 5 3 2
20130625 3 4 7
20130625 5 3 6
20130625 1 3 5
20130625 4 3 2
20130625 1 4 5
20130625 3 5 1
20130625 9 1 7
20130625 1 3 7
20130625 5 1 9
20130625 9 3 2
20130626 1 3 5
20130626 5 2 1
20130626 1 7 5
20130626 4 2 5
20130626 2 1 4
20130626 4 1 5
20130626 7 5 2
20130626 4 2 7
20130626 7 9 5
20130626 7 1 5
20130627 1 5 6
20130627 7 1 4
20130627 7 5 3
20130627 2 5 3
20130627 3 6 2
20130627 7 8 3
20130627 5 1 7
20130627 5 3 9
20130627 2 1 5
20130627 2 5 1
20130627 6 9 7
20130705 5 1 2
20130705 2 5 3
20130705 3 1 2
20130705 3 7 2
20130705 4 5 1
20130705 6 7 3
20130705 7 2 4
20130705 2 1 9
20130705 9 1 5
20130705 3 1 5
20130705 3 5 1
20130705 9 2 5
20130705 1 8 5
20130706 1 5 7
20130706 3 6 2
20130706 1 4 7
20130706 5 3 7
20130706 1 2 6
20130706 5 4 7
20130706 3 2 1
20130706 7 2 6
20130706 4 7 1
20130706 5 7 1
20130706 9 5 7
20130706 9 3 7
20130707 7 1 6
20130707 3 4 2
20130707 4 2 6
20130707 1 4 7
20130707 7 1 2
20130707 5 1 3
20130707 4 8 7
20130707 2 7 1
20130707 6 1 4
20130707 1 5 2
20130707 1 2 5
20130707 7 9 2
20130719 4 2 5
20130719 7 1 2
20130719 2 3 7
20130719 4 5 7
20130719 5 4 2
20130719 3 1 8
20130719 7 3 2
20130719 2 5 1
20130719 5 2 1
20130719 2 4 7
20130720 4 1 5
20130720 7 2 4
20130720 4 5 7
20130720 7 4 3
20130720 3 1 2
20130720 9 4 5
20130720 2 7 8
20130720 2 5 9
20130720 1 7 2
20130720 5 9 1
20130721 1 5 4
20130721 3 4 2
20130721 3 1 7
20130721 7 1 4
20130721 1 5 2
20130721 3 9 8
20130721 6 5 2
20130721 3 7 1
20130721 1 8 3
20130721 3 1 2
20130809 1 2 3
20130809 5 1 7
20130809 2 4 5
20130809 4 2 5
20130809 5 3 7
20130809 1 5 7
20130809 3 9 4
20130809 2 5 1
20130809 2 5 7
20130809 1 2 7
20130809 1 9 3
20130810 6 3 4
20130810 7 6 2
20130810 5 2 4
20130810 2 3 5
20130810 4 7 5
20130810 7 2 6
20130810 3 1 5
20130810 5 1 2
20130810 9 1 3
20130810 7 5 1
20130811 1 2 4
20130811 3 5 7
20130811 2 4 6
20130811 5 7 1
20130811 1 7 5
20130811 3 5 1
20130811 1 5 3
20130811 2 4 7
20130811 7 2 9
20130811 3 2 9
20130822 1 9 3
20130822 7 8 1
20130822 1 2 9
20130822 9 2 6
20130822 8 5 2
20130822 5 2 7
20130822 3 4 9
20130822 3 5 8
20130822 9 1 2
20130822 5 3 9
20130822 2 9 1
20130823 1 3 9
20130823 1 3 7
20130823 1 5 2
20130823 2 1 3
20130823 8 7 2
20130823 2 7 9
20130823 3 1 8
20130823 9 1 5
20130823 1 3 4
20130823 3 5 1
20130823 3 4 7
20130824 7 3 9
20130824 3 7 9
20130824 5 6 7
20130824 8 2 9
20130824 2 5 7
20130824 7 6 5
20130824 2 5 1
20130824 2 3 6
20130824 9 3 2
20130824 9 1 3
20130824 1 2 3
20130904 3 6 7
20130904 2 7 9
20130904 1 7 2
20130904 7 5 3
20130904 6 1 2
20130904 9 3 2
20130904 8 2 9
20130904 2 5 9
20130904 2 9 5
20130904 2 4 1
20130904 1 7 4
20130905 8 1 3
20130905 7 2 9
20130905 3 4 1
20130905 5 1 2
20130905 7 9 2
20130905 7 6 2
20130905 1 2 7
20130905 2 1 5
20130905 1 7 6
20130905 9 1 2
20130905 8 7 1
20130906 7 4 3
20130906 4 2 7
20130906 2 1 7
20130906 2 1 5
20130906 3 1 5
20130906 7 1 5
20130906 5 1 2
20130906 3 1 9
20130906 5 1 9
20130906 1 7 9
20130906 3 5 4
20130921 5 1 4
20130921 1 6 2
20130921 3 6 7
20130921 7 2 5
20130921 5 2 3
20130921 6 3 1
20130921 7 1 3
20130921 1 5 9
20130921 1 4 3
20130921 9 6 2
20130921 3 1 8
20130921 1 9 7
20130922 1 3 5
20130922 3 7 1
20130922 5 2 4
20130922 4 5 1
20130922 4 1 5
20130922 3 2 6
20130922 4 6 5
20130922 3 9 7
20130922 2 9 3
20130922 9 1 7
20130922 5 3 2
20130922 9 5 1
20130923 7 1 2
20130923 2 1 7
20130923 4 1 6
20130923 3 5 7
20130923 2 3 1
20130923 1 9 5
20130923 5 3 7
20130923 1 2 7
20130923 5 1 3
20130923 5 3 4
20130923 2 4 7
20130923 3 6 2
20131020 1 5 4
20131020 1 2 5
20131020 1 3 5
20131020 2 4 7
20131020 5 7 3
20131020 6 2 5
20131020 7 4 5
20131020 5 1 7
20131020 7 2 8
20131020 9 1 7
20131020 1 5 2
20131020 1 2 7
20131021 1 5 3
20131021 3 7 5
20131021 3 7 1
20131021 4 2 7
20131021 2 4 1
20131021 2 1 7
20131021 3 6 7
20131021 1 7 3
20131021 4 9 6
20131021 7 2 3
20131021 4 2 3
20131021 9 7 1
20131022 5 1 3
20131022 1 4 5
20131022 2 5 4
20131022 3 2 1
20131022 2 7 4
20131022 8 7 1
20131022 3 1 2
20131022 1 7 2
20131022 1 2 7
20131022 3 8 9
20131022 5 1 9
20131022 3 5 1
20131102 1 5 4
20131102 2 3 5
20131102 1 3 5
20131102 4 2 5
20131102 5 1 2
20131102 1 9 7
20131102 2 4 9
20131102 1 7 3
20131102 2 1 6
20131102 9 1 5
20131103 2 7 3
20131103 5 4 1
20131103 1 3 5
20131103 1 4 3
20131103 7 3 1
20131103 1 7 5
20131103 5 9 7
20131103 5 1 3
20131103 3 1 5
20131103 7 5 1
20131104 7 3 1
20131104 3 1 2
20131104 1 5 3
20131104 4 1 5
20131104 3 5 1
20131104 5 1 8
20131104 8 2 7
20131104 1 2 4
20131104 2 1 7
20131104 9 5 3
20131119 5 7 9
20131119 4 9 7
20131119 5 1 7
20131119 9 1 5
20131119 2 7 1
20131119 7 2 5
20131119 1 2 7
20131119 2 1 7
20131119 1 9 4
20131119 2 5 9
20131119 1 2 7
20131120 7 9 3
20131120 2 9 7
20131120 5 1 3
20131120 5 6 4
20131120 5 1 9
20131120 5 3 2
20131120 7 5 9
20131120 8 4 3
20131120 7 5 2
20131120 3 7 9
20131120 5 2 1
20131121 7 4 2
20131121 7 9 4
20131121 9 8 5
20131121 9 4 7
20131121 3 7 1
20131121 5 7 1
20131121 1 2 7
20131121 9 1 7
20131121 7 9 5
20131121 7 3 9
20131121 2 4 7
20131213 1 3 2
20131213 4 3 5
20131213 3 2 1
20131213 4 5 7
20131213 2 7 5
20131213 3 9 2
20131213 7 2 5
20131213 1 7 8
20131213 1 7 9
20131213 5 2 9
20131213 3 1 2
20131214 1 5 4
20131214 2 7 4
20131214 5 1 4
20131214 5 1 3
20131214 3 1 2
20131214 5 3 2
20131214 3 1 9
20131214 1 2 9
20131214 9 7 1
20131214 2 7 6
20131215 4 1 2
20131215 2 5 1
20131215 1 7 3
20131215 5 1 2
20131215 3 1 5
20131215 6 1 4
20131215 9 1 4
20131215 2 1 9
20131215 3 9 1
20131215 9 2 8
20131228 5 7 1
20131228 4 3 8
20131228 7 3 4
20131228 7 1 2
20131228 1 2 3
20131228 9 2 3
20131228 9 5 2
20131228 1 7 3
20131228 2 9 1
20131228 9 4 3
20131228 3 2 1
20131229 7 6 9
20131229 5 1 9
20131229 5 1 7
20131229 9 7 3
20131229 3 6 4
20131229 1 9 2
20131229 3 9 6
20131229 3 2 5
20131229 1 4 3
20131229 1 5 9
20131229 7 8 9
20131230 4 2 9
20131230 2 7 8
20131230 2 8 7
20131230 3 5 4
20131230 3 4 2
20131230 3 2 5
20131230 1 7 5
20131230 5 1 8
20131230 9 1 3
20131230 1 7 4
20131230 2 8 4
20131230 3 6 8
20140104 1 3 6
20140104 2 5 1
20140104 1 4 9
20140104 7 3 2
20140104 9 1 3
20140104 5 1 7
20140104 3 9 8
20140104 7 2 3
20140104 7 1 3
20140104 1 8 4
20140104 2 9 7
20140105 1 7 4
20140105 2 1 7
20140105 7 1 5
20140105 5 9 2
20140105 5 9 4
20140105 7 2 3
20140105 9 3 5
20140105 5 9 2
20140105 2 9 3
20140105 5 7 8
20140105 2 9 7
20140105 1 2 9
20140106 7 2 5
20140106 7 5 1
20140106 2 9 7
20140106 3 7 1
20140106 7 2 8
20140106 5 8 9
20140106 9 2 3
20140106 7 8 1
20140106 5 6 1
20140106 2 9 5
20140106 1 7 2
20140107 9 1 4
20140107 3 4 9
20140107 7 1 3
20140107 5 1 9
20140107 6 1 3
20140107 5 2 8
20140107 3 9 1
20140107 3 7 2
20140107 3 8 6
20140107 2 3 7
20140107 7 1 6
20140131 7 4 6
20140131 4 2 5
20140131 3 1 7
20140131 7 4 6
20140131 5 2 1
20140131 4 6 7
20140131 7 2 1
20140131 1 7 2
20140131 6 8 2
20140131 7 1 3
20140131 2 7 5
20140131 9 5 1
20140201 4 3 6
20140201 4 7 5
20140201 2 5 3
20140201 1 3 5
20140201 4 5 7
20140201 3 5 7
20140201 2 7 4
20140201 2 5 3
20140201 3 9 6
20140201 4 8 9
20140201 9 8 1
20140201 1 8 2
20140202 1 6 4
20140202 7 2 5
20140202 1 7 2
20140202 2 4 7
20140202 1 7 2
20140202 5 1 3
20140202 6 3 9
20140202 7 3 4
20140202 5 1 4
20140202 3 1 8
20140202 9 7 1
20140202 3 7 2
20140304 7 1 4
20140304 6 7 5
20140304 1 6 8
20140304 2 4 8
20140304 5 3 4
20140304 2 3 4
20140304 1 5 8
20140304 5 7 9
20140304 3 4 5
20140304 1 9 2
20140304 1 9 8
20140305 1 9 7
20140305 6 2 3
20140305 2 6 7
20140305 2 5 7
20140305 1 3 7
20140305 3 1 9
20140305 9 7 3
20140305 5 3 7
20140305 7 2 5
20140305 7 3 5
20140305 2 5 9
20140306 1 4 3
20140306 1 2 4
20140306 8 1 5
20140306 2 4 8
20140306 2 4 6
20140306 8 2 3
20140306 7 5 1
20140306 1 8 7
20140306 5 3 2
20140306 2 7 5
20140306 1 4 9
20140329 5 2 1
20140329 3 5 7
20140329 2 4 5
20140329 5 1 9
20140329 7 9 3
20140329 1 2 9
20140329 2 1 9
20140329 3 9 2
20140329 1 5 7
20140329 9 1 2
20140329 3 9 2
20140330 1 7 2
20140330 3 9 5
20140330 9 5 8
20140330 2 9 8
20140330 5 3 7
20140330 2 5 9
20140330 5 2 3
20140330 9 2 7
20140330 9 4 5
20140330 3 7 2
20140330 2 5 1
20140331 1 3 7
20140331 2 5 1
20140331 2 3 9
20140331 7 3 1
20140331 4 5 9
20140331 3 7 8
20140331 1 7 9
20140331 3 1 9
20140331 3 7 1
20140331 9 7 3
20140331 1 5 3
20140401 3 1 9
20140401 5 3 9
20140401 4 1 2
20140401 9 8 6
20140401 5 3 7
20140401 7 5 2
20140401 7 4 1
20140401 1 7 3
20140401 1 8 9
20140401 9 6 3
20140401 3 9 8
20140402 9 1 2
20140402 4 3 5
20140402 8 1 7
20140402 7 9 1
20140402 1 9 7
20140402 3 1 7
20140402 6 2 9
20140402 5 2 3
20140402 7 3 1
20140402 9 4 5
20140402 7 1 5
20140403 2 3 5
20140403 3 5 1
20140403 3 9 6
20140403 3 2 9
20140403 8 5 7
20140403 7 3 5
20140403 1 3 8
20140403 9 7 5
20140403 3 5 2
20140403 3 8 1
20140403 1 7 9
20140417 3 5 2
20140417 4 2 1
20140417 2 3 7
20140417 7 4 1
20140417 3 5 7
20140417 3 7 4
20140417 3 5 9
20140417 2 5 4
20140417 3 1 5
20140417 7 1 2
20140418 2 4 1
20140418 4 3 2
20140418 3 7 4
20140418 2 1 3
20140418 1 5 2
20140418 7 2 3
20140418 4 5 3
20140418 2 7 9
20140418 9 5 2
20140418 1 9 2
20140419 1 2 7
20140419 2 7 1
20140419 2 4 7
20140419 5 3 7
20140419 5 1 2
20140419 3 5 6
20140419 2 7 5
20140419 6 3 5
20140419 3 2 5
20140419 1 5 2
20140507 4 1 2
20140507 3 4 2
20140507 1 4 7
20140507 1 4 5
20140507 7 1 5
20140507 1 5 4
20140507 9 1 7
20140507 3 6 9
20140507 1 9 4
20140507 1 3 9
20140508 5 1 7
20140508 3 4 6
20140508 2 3 4
20140508 3 5 4
20140508 1 5 3
20140508 4 9 7
20140508 3 7 4
20140508 9 7 3
20140508 1 5 3
20140508 4 1 7
20140509 6 7 5
20140509 1 4 2
20140509 2 7 4
20140509 5 1 4
20140509 5 4 3
20140509 8 3 7
20140509 1 8 9
20140509 7 9 5
20140509 1 9 5
20140509 7 3 1
20140519 3 1 4
20140519 2 1 4
20140519 1 2 4
20140519 4 1 3
20140519 5 7 2
20140519 5 1 3
20140519 1 4 7
20140519 7 1 9
20140519 3 9 1
20140519 9 1 5
20140520 2 4 5
20140520 5 3 1
20140520 1 6 5
20140520 5 6 7
20140520 4 7 2
20140520 4 8 3
20140520 4 8 6
20140520 2 8 9
20140520 2 9 8
20140520 3 9 2
20140520 7 2 6
20140520 3 5 7
20140521 5 4 3
20140521 2 4 1
20140521 5 2 6
20140521 2 5 3
20140521 3 7 5
20140521 2 5 3
20140521 5 7 2
20140521 9 1 5
20140521 3 9 7
20140521 2 5 6
20140620 1 2 3
20140620 5 3 7
20140620 1 7 3
20140620 2 3 4
20140620 1 7 3
20140620 5 1 7
20140620 4 3 1
20140620 7 9 2
20140620 2 7 1
20140620 8 2 9
20140620 1 7 2
20140620 1 7 5
20140621 2 7 4
20140621 7 2 5
20140621 7 5 2
20140621 3 5 1
20140621 3 5 7
20140621 3 6 5
20140621 1 5 6
20140621 7 3 1
20140621 5 1 3
20140621 5 6 1
20140621 7 2 8
20140621 5 2 9
20140622 1 4 6
20140622 5 3 1
20140622 2 7 1
20140622 3 7 6
20140622 5 4 1
20140622 1 3 8
20140622 1 7 3
20140622 5 7 4
20140622 7 1 2
20140622 9 7 8
20140622 1 3 2
20140622 1 6 2
20140710 1 2 7
20140710 4 1 6
20140710 4 3 2
20140710 3 5 4
20140710 5 3 1
20140710 6 3 1
20140710 7 5 2
20140710 7 9 1
20140710 9 3 4
20140710 5 7 1
20140710 1 5 3
20140710 1 5 8
20140710 4 7 3
20140711 5 2 1
20140711 5 4 2
20140711 6 7 5
20140711 2 1 4
20140711 7 3 1
20140711 3 4 1
20140711 1 5 6
20140711 7 4 1
20140711 9 2 7
20140711 5 1 4
20140711 7 1 3
20140711 7 2 5
20140712 1 5 2
20140712 5 3 2
20140712 2 6 1
20140712 1 3 4
20140712 5 3 6
20140712 2 4 1
20140712 1 9 2
20140712 7 4 1
20140712 1 5 7
20140712 8 5 1
20140712 7 9 6
20140712 5 1 3
20140722 4 2 3
20140722 2 7 4
20140722 3 4 5
20140722 4 6 1
20140722 5 1 2
20140722 3 5 8
20140722 5 2 1
20140722 1 3 7
20140722 1 9 5
20140722 9 2 3
20140723 7 2 3
20140723 5 1 2
20140723 3 7 6
20140723 3 5 2
20140723 7 1 2
20140723 9 7 2
20140723 1 8 4
20140723 5 2 8
20140723 1 2 9
20140723 3 4 5
20140724 5 1 3
20140724 4 3 1
20140724 1 2 4
20140724 3 1 6
20140724 1 3 2
20140724 7 2 6
20140724 7 9 5
20140724 9 1 7
20140724 2 9 4
20140724 2 1 3
20140818 3 9 1
20140818 2 5 9
20140818 3 7 1
20140818 2 7 9
20140818 9 1 2
20140818 2 9 1
20140818 3 7 9
20140818 1 7 9
20140818 9 2 6
20140818 1 7 9
20140818 7 2 4
20140819 5 2 9
20140819 5 2 1
20140819 2 5 9
20140819 7 5 1
20140819 2 5 9
20140819 1 9 7
20140819 9 7 4
20140819 5 2 6
20140819 2 9 1
20140819 1 5 7
20140819 1 8 4
20140820 1 7 3
20140820 8 2 9
20140820 7 2 5
20140820 1 5 2
20140820 9 3 5
20140820 4 8 1
20140820 1 8 5
20140820 5 8 2
20140820 3 5 9
20140820 1 9 5
20140820 9 8 5
20140902 5 1 2
20140902 2 7 1
20140902 7 2 5
20140902 3 2 7
20140902 1 9 4
20140902 3 6 1
20140902 7 2 3
20140902 3 9 5
20140902 2 7 6
20140902 9 6 3
20140902 2 7 9
20140903 6 5 2
20140903 1 5 8
20140903 1 4 9
20140903 1 7 6
20140903 2 8 5
20140903 3 9 5
20140903 3 9 1
20140903 7 3 2
20140903 5 2 1
20140903 2 9 8
20140903 9 1 2
20140904 1 5 3
20140904 1 3 2
20140904 3 2 4
20140904 5 7 4
20140904 3 7 6
20140904 5 4 7
20140904 5 4 1
20140904 1 7 3
20140904 1 2 5
20140904 1 2 3
20140904 1 9 2
20141001 3 7 1
20141001 1 9 3
20141001 7 9 2
20141001 9 3 5
20141001 3 8 1
20141001 8 5 2
20141001 5 7 2
20141001 2 1 3
20141001 1 9 6
20141001 5 3 9
20141001 2 7 9
20141002 4 2 3
20141002 2 5 8
20141002 1 5 4
20141002 1 2 3
20141002 3 1 4
20141002 2 5 9
20141002 1 9 2
20141002 4 1 5
20141002 1 7 3
20141002 7 1 5
20141002 3 9 2
20141003 8 9 6
20141003 5 8 9
20141003 2 7 4
20141003 4 8 2
20141003 6 3 8
20141003 1 9 8
20141003 7 8 9
20141003 1 4 9
20141003 1 9 5
20141003 3 9 5
20141003 5 1 2
20141011 3 5 1
20141011 7 5 3
20141011 3 5 7
20141011 4 7 1
20141011 5 1 7
20141011 1 5 2
20141011 5 1 2
20141011 2 3 1
20141011 2 8 3
20141011 1 3 6
20141011 2 9 1
20141012 4 1 2
20141012 3 2 4
20141012 2 1 4
20141012 1 6 3
20141012 2 7 5
20141012 7 3 2
20141012 9 6 2
20141012 1 8 3
20141012 5 3 7
20141012 9 2 3
20141013 1 4 5
20141013 5 2 3
20141013 2 5 7
20141013 5 2 7
20141013 1 7 4
20141013 7 1 5
20141013 7 9 2
20141013 1 9 5
20141013 9 8 4
20141013 3 1 7
20141108 7 5 4
20141108 5 3 2
20141108 3 9 4
20141108 7 4 3
20141108 2 3 7
20141108 3 2 5
20141108 1 2 4
20141108 2 3 7
20141108 7 2 1
20141108 5 7 2
20141108 3 7 4
20141109 1 9 7
20141109 1 2 3
20141109 5 2 6
20141109 5 3 2
20141109 5 2 1
20141109 5 9 7
20141109 2 3 5
20141109 2 5 3
20141109 2 7 1
20141109 4 7 1
20141109 7 2 9
20141109 8 4 2
20141110 9 7 3
20141110 7 1 5
20141110 9 7 1
20141110 2 1 7
20141110 7 3 1
20141110 7 1 8
20141110 5 2 9
20141110 4 2 7
20141110 2 3 7
20141110 2 5 9
20141110 1 7 3
20141129 1 3 2
20141129 7 1 5
20141129 1 3 5
20141129 4 1 3
20141129 5 4 1
20141129 2 4 6
20141129 7 6 4
20141129 9 1 7
20141129 3 1 4
20141129 7 5 4
20141129 1 7 5
20141129 9 4 5
20141130 1 5 3
20141130 7 2 4
20141130 7 1 2
20141130 1 7 4
20141130 3 1 4
20141130 7 6 4
20141130 2 4 1
20141130 3 2 9
20141130 1 7 8
20141130 7 9 3
20141130 4 9 1
20141130 1 5 2
20141201 2 1 6
20141201 1 3 6
20141201 4 2 7
20141201 2 3 7
20141201 5 6 3
20141201 4 2 5
20141201 9 4 7
20141201 7 1 2
20141201 3 7 5
20141201 3 1 9
20141201 7 1 6
20141201 3 1 7
20141210 4 9 7
20141210 3 9 2
20141210 1 4 5
20141210 7 8 2
20141210 2 5 3
20141210 5 2 4
20141210 1 3 2
20141210 9 4 1
20141210 9 5 7
20141210 7 2 1
20141210 1 6 2
20141211 2 8 5
20141211 9 1 7
20141211 8 3 1
20141211 7 4 1
20141211 5 1 3
20141211 7 5 9
20141211 5 1 9
20141211 1 5 2
20141211 4 7 1
20141211 7 8 1
20141211 1 5 8
20141212 7 1 9
20141212 5 1 9
20141212 2 1 7
20141212 7 3 4
20141212 6 1 3
20141212 3 2 9
20141212 3 5 9
20141212 7 5 2
20141212 7 2 5
20141212 1 5 8
20141212 2 5 8
20141227 3 1 7
20141227 2 7 1
20141227 7 3 5
20141227 4 1 2
20141227 5 1 4
20141227 4 5 9
20141227 5 1 4
20141227 9 5 1
20141227 2 4 7
20141227 9 6 3
20141228 1 5 2
20141228 2 5 1
20141228 1 7 5
20141228 3 1 2
20141228 6 3 4
20141228 3 4 7
20141228 7 3 1
20141228 3 7 5
20141228 3 9 5
20141228 2 5 3
20141229 2 7 5
20141229 3 5 7
20141229 3 1 6
20141229 2 6 1
20141229 7 1 6
20141229 2 4 3
20141229 1 2 5
20141229 5 1 4
20141229 2 3 6
20141229 1 5 9
20150104 8 3 7
20150104 9 7 1
20150104 3 9 8
20150104 5 3 8
20150104 4 3 9
20150104 1 9 3
20150104 1 7 4
20150104 2 1 3
20150104 7 2 8
20150104 2 9 3
20150104 5 1 2
20150104 1 7 6
20150105 3 7 4
20150105 4 1 5
20150105 7 5 2
20150105 7 5 3
20150105 2 4 5
20150105 5 1 3
20150105 3 9 1
20150105 4 2 1
20150105 5 2 8
20150105 9 8 1
20150105 4 2 5
20150105 9 4 7
20150106 9 5 8
20150106 7 4 2
20150106 9 5 3
20150106 2 6 3
20150106 5 3 9
20150106 1 5 9
20150106 4 1 9
20150106 9 1 2
20150106 7 9 1
20150106 3 4 8
20150106 2 7 5
20150106 2 3 8
20150107 5 1 7
20150107 5 1 8
20150107 5 4 3
20150107 1 3 7
20150107 9 1 7
20150107 9 1 4
20150107 3 1 7
20150107 1 5 2
20150107 1 9 6
20150107 9 1 7
20150107 2 1 3
20150131 1 7 4
20150131 2 3 4
20150131 3 5 7
20150131 1 4 7
20150131 2 5 4
20150131 1 9 5
20150131 1 3 5
20150131 3 4 2
20150131 5 2 7
20150131 2 7 4
20150201 5 2 1
20150201 5 7 6
20150201 3 2 5
20150201 1 3 7
20150201 7 2 3
20150201 2 5 3
20150201 8 3 4
20150201 1 4 6
20150201 3 7 2
20150201 9 5 1
20150202 7 3 5
20150202 2 4 7
20150202 2 3 6
20150202 5 4 2
20150202 2 4 3
20150202 2 9 8
20150202 5 2 9
20150202 5 3 9
20150202 6 4 2
20150202 8 5 2
20150328 5 7 1
20150328 5 1 3
20150328 6 1 9
20150328 5 7 1
20150328 1 3 6
20150328 1 7 3
20150328 7 1 3
20150328 6 2 4
20150328 9 3 4
20150328 3 2 9
20150328 2 9 3
20150328 4 3 1
20150328 1 5 9
20150329 7 6 9
20150329 5 1 2
20150329 1 7 2
20150329 5 6 3
20150329 7 9 3
20150329 3 4 7
20150329 2 4 1
20150329 2 5 9
20150329 7 1 5
20150329 5 2 7
20150329 1 7 8
20150329 3 2 7
20150330 1 4 3
20150330 7 3 2
20150330 2 7 8
20150330 7 3 5
20150330 3 1 5
20150330 2 7 8
20150330 1 9 2
20150330 2 8 5
20150330 4 1 6
20150330 2 1 8
20150330 2 7 8
20150330 7 2 3
20150406 5 7 8
20150406 7 1 5
20150406 9 3 6
20150406 9 3 7
20150406 7 1 9
20150406 1 2 7
20150406 1 6 4
20150406 7 1 8
20150406 2 5 6
20150406 1 5 9
20150406 2 3 7
20150407 7 1 4
20150407 5 7 2
20150407 2 3 1
20150407 1 2 6
20150407 5 9 1
20150407 3 1 6
20150407 2 9 7
20150407 9 7 5
20150407 3 7 6
20150407 5 2 3
20150407 3 4 2
20150408 5 1 9
20150408 4 9 5
20150408 5 2 3
20150408 7 1 4
20150408 8 9 3
20150408 5 7 1
20150408 1 9 7
20150408 3 5 4
20150408 3 8 1
20150408 7 1 2
20150408 5 4 3
20150503 5 1 3
20150503 7 1 2
20150503 2 7 4
20150503 7 2 5
20150503 2 4 7
20150503 3 9 1
20150503 2 7 3
20150503 3 7 5
20150503 7 1 9
20150503 5 8 7
20150504 5 7 6
20150504 4 7 1
20150504 2 1 4
20150504 4 2 5
20150504 2 7 4
20150504 1 8 9
20150504 7 2 1
20150504 8 3 7
20150504 3 9 2
20150504 3 1 8
20150505 1 4 7
20150505 1 3 5
20150505 4 7 1
20150505 3 7 1
20150505 3 6 4
20150505 3 2 7
20150505 3 5 6
20150505 9 5 1
20150505 5 7 1
20150505 9 6 2
20150527 7 2 3
20150527 4 1 2
20150527 3 9 2
20150527 9 1 7
20150527 3 7 1
20150527 7 8 3
20150527 3 9 6
20150527 3 7 5
20150527 7 3 2
20150527 9 7 4
20150527 2 3 5
20150528 9 4 2
20150528 2 1 9
20150528 3 4 9
20150528 7 5 2
20150528 5 7 1
20150528 8 1 3
20150528 2 3 9
20150528 9 7 1
20150528 9 8 2
20150528 2 5 3
20150528 3 5 1
20150529 2 4 8
20150529 3 5 7
20150529 3 1 9
20150529 5 9 3
20150529 5 1 2
20150529 7 1 8
20150529 5 2 6
20150529 6 3 1
20150529 6 3 5
20150529 6 7 2
20150529 9 2 3
20150529 2 9 1
