20120423 1 7 2
20120423 1 5 2
20120423 2 9 3
20120423 7 2 8
20120423 7 1 4
20120423 6 1 5
20120423 1 4 6
20120423 5 7 1
20120423 3 1 7
20120423 7 1 5
20120423 7 9 6
20120423 2 5 3
20120424 7 1 9
20120424 7 5 2
20120424 4 3 2
20120424 3 4 8
20120424 9 1 5
20120424 5 7 3
20120424 4 7 2
20120424 2 5 8
20120424 4 5 3
20120424 2 7 5
20120424 3 9 2
20120424 1 7 5
20120425 3 2 4
20120425 1 2 5
20120425 3 7 1
20120425 9 7 3
20120425 5 1 7
20120425 5 9 2
20120425 2 5 8
20120425 3 2 1
20120425 5 7 2
20120425 2 4 9
20120425 1 4 9
20120425 1 5 3
20120501 5 3 1
20120501 1 3 7
20120501 3 2 5
20120501 5 3 2
20120501 1 3 5
20120501 1 4 3
20120501 2 1 5
20120501 2 1 3
20120501 1 9 3
20120501 7 3 9
20120501 2 6 4
20120501 2 6 9
20120502 2 4 6
20120502 1 5 4
20120502 1 5 6
20120502 3 5 7
20120502 7 2 3
20120502 2 1 4
20120502 7 3 2
20120502 6 9 5
20120502 3 8 2
20120502 5 2 3
20120502 7 1 5
20120503 7 3 5
20120503 1 7 3
20120503 3 7 6
20120503 1 7 2
20120503 5 1 7
20120503 1 5 3
20120503 5 8 7
20120503 9 4 1
20120503 7 1 4
20120503 1 5 4
20120503 2 4 6
20120530 5 1 4
20120530 5 7 1
20120530 2 3 7
20120530 5 3 1
20120530 3 7 2
20120530 1 5 7
20120530 7 1 3
20120530 7 3 1
20120530 9 1 5
20120530 2 5 7
20120530 3 7 8
20120531 7 1 4
20120531 7 6 2
20120531 7 4 3
20120531 5 4 3
20120531 1 5 4
20120531 1 9 5
20120531 5 4 2
20120531 9 4 1
20120531 7 4 1
20120531 5 1 3
20120531 1 5 2
20120601 5 1 2
20120601 3 4 7
20120601 1 4 5
20120601 7 3 1
20120601 5 1 4
20120601 7 5 4
20120601 9 1 8
20120601 2 1 7
20120601 4 8 1
20120601 1 9 7
20120601 8 5 6
20120611 7 4 1
20120611 2 1 6
20120611 2 7 4
20120611 5 4 3
20120611 4 7 1
20120611 2 3 4
20120611 5 8 4
20120611 9 1 2
20120611 1 3 2
20120611 3 9 5
20120611 9 2 7
20120612 3 4 2
20120612 7 3 1
20120612 4 3 1
20120612 4 5 2
20120612 1 5 2
20120612 1 5 4
20120612 6 1 2
20120612 2 5 3
20120612 8 3 7
20120612 2 4 7
20120612 5 2 1
20120612 7 1 4
20120613 1 7 4
20120613 3 5 7
20120613 1 3 7
20120613 7 5 1
20120613 5 6 4
20120613 1 3 5
20120613 3 1 9
20120613 1 9 3
20120613 6 1 2
20120613 2 6 5
20120613 1 3 4
20120626 5 2 3
20120626 9 4 6
20120626 3 5 7
20120626 2 1 3
20120626 1 2 3
20120626 9 3 4
20120626 7 3 5
20120626 5 2 7
20120626 9 1 5
20120626 7 2 4
20120626 3 9 4
20120626 6 4 3
20120627 9 6 5
20120627 1 2 5
20120627 2 5 3
20120627 8 9 4
20120627 1 8 4
20120627 7 2 5
20120627 5 3 7
20120627 2 1 7
20120627 2 7 1
20120627 1 9 8
20120627 5 2 6
20120627 7 1 3
20120628 5 1 3
20120628 7 4 1
20120628 2 7 6
20120628 4 2 9
20120628 4 9 2
20120628 6 2 4
20120628 9 4 7
20120628 7 8 3
20120628 1 7 3
20120628 5 7 2
20120628 9 3 5
20120628 9 5 7
20120713 4 1 7
20120713 1 2 7
20120713 2 5 1
20120713 7 6 4
20120713 5 3 1
20120713 7 3 4
20120713 2 6 4
20120713 5 2 9
20120713 9 3 4
20120713 1 5 2
20120713 5 7 1
20120713 5 8 4
20120714 2 7 4
20120714 2 5 4
20120714 5 2 4
20120714 5 1 7
20120714 4 5 2
20120714 5 1 4
20120714 5 1 4
20120714 5 6 3
20120714 5 3 1
20120714 2 8 7
20120714 3 7 6
20120714 8 5 7
20120714 7 3 9
20120715 2 1 3
20120715 1 4 6
20120715 5 7 3
20120715 2 7 4
20120715 5 2 1
20120715 2 7 8
20120715 9 2 5
20120715 2 4 1
20120715 6 3 1
20120715 2 1 5
20120715 2 9 5
20120715 7 2 9
20120724 2 4 1
20120724 1 7 5
20120724 1 5 4
20120724 3 4 6
20120724 2 5 7
20120724 1 3 2
20120724 7 1 2
20120724 3 7 5
20120724 3 9 1
20120724 2 3 1
20120724 7 3 1
20120724 4 1 2
20120725 3 4 2
20120725 2 4 7
20120725 7 1 5
20120725 2 7 3
20120725 1 5 2
20120725 7 1 5
20120725 4 1 3
20120725 3 5 4
20120725 1 3 4
20120725 7 1 4
20120725 3 7 1
20120725 7 3 5
20120726 5 3 2
20120726 1 3 4
20120726 2 7 6
20120726 2 7 5
20120726 7 2 5
20120726 7 5 1
20120726 2 5 9
20120726 7 2 5
20120726 3 1 5
20120726 1 6 5
20120726 9 4 2
20120726 7 5 1
20120726 1 5 3
20120809 4 3 9
20120809 5 7 3
20120809 1 3 8
20120809 3 8 2
20120809 3 8 4
20120809 2 3 6
20120809 5 3 8
20120809 9 2 1
20120809 2 7 4
20120809 7 3 9
20120809 9 1 5
20120810 4 1 2
20120810 1 5 2
20120810 5 2 9
20120810 4 2 7
20120810 8 5 7
20120810 8 2 7
20120810 9 1 4
20120810 9 5 6
20120810 1 3 5
20120810 7 8 2
20120810 2 7 3
20120811 1 7 3
20120811 5 7 3
20120811 3 7 1
20120811 1 4 6
20120811 1 7 9
20120811 2 8 7
20120811 6 4 7
20120811 3 7 5
20120811 4 1 8
20120811 8 2 3
20120811 9 6 8
20120812 3 9 7
20120812 5 7 8
20120812 1 9 3
20120812 9 1 8
20120812 3 6 8
20120812 2 5 9
20120812 3 6 7
20120812 7 1 8
20120812 3 2 7
20120812 1 5 9
20120812 1 2 9
20120905 1 3 8
20120905 2 3 7
20120905 3 7 2
20120905 3 5 2
20120905 6 9 3
20120905 3 1 7
20120905 5 2 4
20120905 7 5 4
20120905 3 7 1
20120905 1 5 3
20120905 9 1 7
20120905 9 3 7
20120906 7 5 6
20120906 5 3 6
20120906 2 1 7
20120906 4 3 5
20120906 2 5 3
20120906 6 7 1
20120906 3 1 5
20120906 2 5 9
20120906 3 9 4
20120906 3 1 2
20120906 6 8 9
20120906 9 2 3
20120907 6 2 5
20120907 1 8 9
20120907 5 1 7
20120907 3 7 2
20120907 7 1 2
20120907 9 1 4
20120907 2 8 9
20120907 2 8 9
20120907 2 1 4
20120907 3 9 4
20120907 9 1 4
20120907 7 1 5
20120918 1 3 7
20120918 2 5 7
20120918 3 4 1
20120918 3 2 7
20120918 1 6 4
20120918 1 5 7
20120918 3 7 2
20120918 2 9 7
20120918 1 2 5
20120918 1 4 7
20120918 9 3 2
20120919 5 1 7
20120919 5 2 1
20120919 2 3 6
20120919 5 1 2
20120919 3 1 2
20120919 7 2 1
20120919 7 3 4
20120919 7 3 8
20120919 1 3 6
20120919 6 5 3
20120919 9 3 7
20120920 6 1 3
20120920 4 1 7
20120920 5 3 7
20120920 3 2 5
20120920 7 5 9
20120920 1 9 7
20120920 2 5 4
20120920 1 5 7
20120920 1 7 3
20120920 9 1 4
20120920 4 6 1
20121013 3 4 7
20121013 1 3 5
20121013 2 1 7
20121013 2 7 3
20121013 3 1 7
20121013 1 5 8
20121013 9 7 8
20121013 9 2 7
20121013 7 2 3
20121013 8 3 7
20121013 3 9 1
20121014 7 3 2
20121014 1 3 5
20121014 4 1 2
20121014 4 1 2
20121014 5 7 4
20121014 5 4 9
20121014 7 2 5
20121014 1 9 3
20121014 2 1 7
20121014 3 7 4
20121014 1 7 2
20121015 4 2 3
20121015 1 4 3
20121015 1 2 5
20121015 7 1 5
20121015 9 1 5
20121015 2 5 1
20121015 1 3 2
20121015 5 6 7
20121015 2 7 1
20121015 1 8 6
20121015 3 4 9
20121029 4 2 9
20121029 2 1 8
20121029 1 6 5
20121029 2 9 7
20121029 4 1 5
20121029 3 5 2
20121029 2 7 1
20121029 8 1 4
20121029 7 1 5
20121029 7 1 9
20121029 2 3 7
20121029 3 1 7
20121030 5 7 2
20121030 7 1 6
20121030 7 4 9
20121030 1 8 7
20121030 3 7 1
20121030 4 1 6
20121030 3 7 6
20121030 9 1 5
20121030 5 1 9
20121030 3 7 8
20121030 7 3 8
20121030 3 1 9
20121031 1 7 2
20121031 1 9 5
20121031 7 1 2
20121031 9 2 5
20121031 3 1 4
20121031 5 8 2
20121031 2 5 7
20121031 5 2 4
20121031 6 3 7
20121031 5 3 7
20121031 2 7 4
20121031 3 1 2
20121120 2 5 7
20121120 7 1 3
20121120 9 1 4
20121120 7 1 8
20121120 5 9 3
20121120 2 6 9
20121120 7 3 8
20121120 5 1 2
20121120 7 1 3
20121120 3 7 4
20121120 1 8 9
20121121 1 5 8
20121121 1 4 9
20121121 1 5 3
20121121 4 5 3
20121121 3 1 7
20121121 2 6 8
20121121 1 3 8
20121121 5 8 6
20121121 5 6 4
20121121 2 7 3
20121121 2 1 9
20121122 1 5 7
20121122 7 2 9
20121122 3 5 4
20121122 3 7 1
20121122 7 1 5
20121122 4 2 5
20121122 2 9 6
20121122 5 2 4
20121122 7 2 3
20121122 1 7 3
20121122 1 9 7
20121218 1 7 2
20121218 3 5 2
20121218 2 7 4
20121218 2 4 1
20121218 5 7 3
20121218 6 5 7
20121218 6 5 9
20121218 2 4 9
20121218 2 9 1
20121218 3 7 5
20121218 5 1 9
20121218 3 2 7
20121219 3 1 2
20121219 3 2 7
20121219 1 4 3
20121219 2 5 6
20121219 3 7 6
20121219 5 2 4
20121219 3 4 5
20121219 2 3 1
20121219 2 9 7
20121219 8 9 1
20121219 9 2 1
20121220 3 5 2
20121220 5 3 4
20121220 2 6 4
20121220 7 1 3
20121220 3 9 2
20121220 1 9 5
20121220 1 3 7
20121220 8 3 2
20121220 2 3 7
20121220 8 4 9
20121220 3 9 4
20121229 4 7 2
20121229 3 5 4
20121229 5 1 4
20121229 7 3 5
20121229 2 7 3
20121229 1 8 9
20121229 7 2 3
20121229 2 5 6
20121229 9 2 4
20121229 1 5 2
20121229 7 1 4
20121230 5 1 3
20121230 5 2 3
20121230 1 2 3
20121230 5 1 3
20121230 5 4 3
20121230 5 2 8
20121230 7 3 1
20121230 2 6 9
20121230 7 1 9
20121230 7 3 5
20121230 7 1 9
20121231 4 1 6
20121231 3 4 7
20121231 1 6 2
20121231 2 3 6
20121231 3 7 5
20121231 9 3 2
20121231 2 4 5
20121231 8 9 7
20121231 3 1 9
20121231 1 7 8
20121231 6 2 3
20130112 1 9 4
20130112 1 7 5
20130112 8 3 9
20130112 1 5 2
20130112 2 5 9
20130112 3 1 6
20130112 2 3 6
20130112 7 8 5
20130112 2 1 3
20130112 6 3 1
20130112 9 3 7
20130112 2 4 3
20130113 7 8 1
20130113 4 9 1
20130113 5 2 8
20130113 7 1 9
20130113 5 1 7
20130113 4 1 6
20130113 5 1 3
20130113 2 5 7
20130113 2 7 9
20130113 1 3 4
20130113 1 5 7
20130113 1 2 8
20130114 3 1 9
20130115 3 9 4
20130115 7 9 2
20130115 2 3 6
20130115 7 3 1
20130115 6 2 1
20130115 9 5 2
20130115 3 1 9
20130115 1 5 9
20130115 3 5 4
20130115 3 5 8
20130115 2 1 7
20130115 3 7 2
20130212 7 4 3
20130212 1 4 6
20130212 3 2 6
20130212 1 4 3
20130212 3 5 1
20130212 2 6 3
20130212 5 3 6
20130212 8 2 1
20130212 1 3 9
20130212 5 9 4
20130212 1 3 9
20130212 2 6 7
20130213 3 4 1
20130213 4 5 3
20130213 5 2 4
20130213 2 4 3
20130213 2 7 5
20130213 3 4 6
20130213 6 1 4
20130213 9 1 3
20130213 7 3 1
20130213 3 4 5
20130213 2 5 4
20130213 9 7 5
20130214 5 2 7
20130214 3 1 4
20130214 5 3 2
20130214 2 1 5
20130214 3 2 1
20130214 7 1 2
20130214 7 5 4
20130214 5 2 6
20130214 1 3 2
20130214 3 4 7
20130214 3 6 1
20130214 5 9 3
20130220 5 3 1
20130220 4 3 7
20130220 2 5 1
20130220 4 3 9
20130220 3 7 1
20130220 3 5 4
20130220 3 7 2
20130220 7 2 1
20130220 1 7 6
20130220 2 7 5
20130220 5 1 9
20130220 5 3 9
20130221 3 1 5
20130221 2 7 9
20130221 3 5 7
20130221 8 3 2
20130221 2 7 4
20130221 4 6 7
20130221 5 4 3
20130221 3 6 1
20130221 5 4 2
20130221 5 2 7
20130221 7 2 9
20130221 1 7 5
20130222 3 1 5
20130222 7 1 2
20130222 9 1 7
20130222 3 7 2
20130222 6 7 2
20130222 2 7 3
20130222 8 5 1
20130222 6 1 4
20130222 1 4 2
20130222 1 5 9
20130222 5 1 8
20130222 7 1 9
20130319 3 2 7
20130319 2 4 3
20130319 7 3 4
20130319 3 7 5
20130319 2 5 3
20130319 4 7 6
20130319 3 6 5
20130319 8 1 5
20130319 1 4 9
20130319 8 6 5
20130319 2 3 5
20130319 2 3 4
20130320 1 7 2
20130320 4 2 5
20130320 2 4 3
20130320 7 5 4
20130320 1 4 7
20130320 5 7 6
20130320 7 1 2
20130320 7 2 9
20130320 1 3 4
20130320 5 2 1
20130320 2 5 3
20130320 5 1 3
20130321 5 2 7
20130321 3 1 2
20130321 3 1 5
20130321 2 5 6
20130321 2 3 7
20130321 4 1 6
20130321 1 3 9
20130321 4 9 1
20130321 3 4 7
20130321 3 1 6
20130321 2 7 8
20130321 3 5 9
20130321 2 1 8
20130415 1 7 2
20130415 1 2 7
20130415 3 5 2
20130415 3 7 1
20130415 3 7 5
20130415 7 3 2
20130415 2 5 7
20130415 5 3 9
20130415 9 1 2
20130415 9 3 1
20130416 1 2 4
20130416 7 5 3
20130416 2 6 3
20130416 3 1 4
20130416 5 3 6
20130416 5 8 7
20130416 9 1 6
20130416 9 1 8
20130416 2 9 5
20130416 7 2 5
20130417 5 1 7
20130417 2 1 5
20130417 3 2 7
20130417 1 5 4
20130417 1 2 6
20130417 1 5 4
20130417 4 7 1
20130417 5 1 6
20130417 3 4 9
20130417 1 6 3
20130428 7 4 1
20130428 2 5 1
20130428 3 7 4
20130428 7 1 4
20130428 2 5 7
20130428 4 5 8
20130428 9 1 5
20130428 1 5 9
20130428 7 1 2
20130428 3 8 1
20130429 1 5 2
20130429 2 4 3
20130429 2 4 5
20130429 2 5 1
20130429 1 2 5
20130429 3 4 7
20130429 5 3 9
20130429 7 5 3
20130429 3 7 9
20130429 3 7 4
20130430 4 7 5
20130430 3 4 2
20130430 2 3 5
20130430 3 4 7
20130430 1 3 5
20130430 1 5 9
20130430 4 7 3
20130430 7 1 5
20130430 7 1 5
20130430 1 4 3
20130511 1 5 2
20130511 5 3 1
20130511 1 7 3
20130511 2 9 3
20130511 6 9 7
20130511 2 7 1
20130511 4 7 6
20130511 3 5 2
20130511 7 5 9
20130511 5 7 1
20130511 2 7 5
20130511 5 1 7
20130512 2 5 1
20130512 5 2 6
20130512 2 1 7
20130512 3 7 8
20130512 5 1 8
20130512 1 2 4
20130512 4 1 5
20130512 7 1 3
20130512 5 9 1
20130512 8 3 9
20130512 1 7 9
20130512 1 9 3
20130513 5 3 2
20130513 5 1 7
20130513 3 9 1
20130513 9 1 3
20130513 5 4 1
20130513 3 7 5
20130513 1 5 6
20130513 1 3 9
20130513 3 5 7
20130513 2 3 7
20130513 1 2 6
20130513 1 7 9
20130613 1 2 4
20130613 5 2 4
20130613 2 4 7
20130613 7 2 5
20130613 1 2 3
20130613 5 1 3
20130613 3 1 6
20130613 2 9 4
20130613 7 2 5
20130613 1 3 9
20130613 7 1 3
20130613 3 5 8
20130614 2 7 3
20130614 1 3 7
20130614 2 7 1
20130614 4 2 3
20130614 5 6 3
20130614 7 2 4
20130614 4 6 1
20130614 5 3 8
20130614 2 9 7
20130614 7 2 9
20130614 3 1 7
20130614 1 7 5
20130615 2 1 7
20130615 1 4 2
20130615 6 7 4
20130615 7 5 2
20130615 2 1 3
20130615 1 5 7
20130615 7 4 1
20130615 5 1 2
20130615 4 5 2
20130615 3 9 5
20130615 5 2 8
20130615 7 9 2
20130705 2 7 3
20130705 3 7 8
20130705 9 1 6
20130705 1 7 9
20130705 3 4 2
20130705 3 1 4
20130705 2 5 6
20130705 5 1 4
20130705 5 3 7
20130705 5 2 1
20130705 1 7 9
20130705 2 1 8
20130706 8 6 3
20130706 3 8 7
20130706 7 1 3
20130706 7 2 3
20130706 7 2 3
20130706 6 2 5
20130706 7 4 1
20130706 7 1 5
20130706 3 5 4
20130706 9 2 3
20130706 9 2 3
20130706 1 5 9
20130707 4 1 9
20130707 3 7 4
20130707 7 2 9
20130707 9 8 1
20130707 2 6 7
20130707 2 7 3
20130707 2 1 5
20130707 3 8 1
20130707 7 4 1
20130707 2 5 6
20130707 9 4 5
20130707 5 6 1
20130730 1 5 6
20130730 4 7 1
20130730 1 5 2
20130730 1 7 3
20130730 3 1 2
20130730 3 9 2
20130730 9 5 8
20130730 5 1 9
20130730 2 8 3
20130730 3 5 1
20130731 2 4 7
20130731 2 1 3
20130731 4 2 1
20130731 5 7 2
20130731 1 5 2
20130731 7 1 2
20130731 5 2 7
20130731 7 2 3
20130731 5 1 2
20130731 6 1 3
20130801 2 7 1
20130801 3 5 7
20130801 6 1 7
20130801 7 6 4
20130801 5 2 9
20130801 9 1 5
20130801 5 2 4
20130801 9 1 3
20130801 1 2 7
20130801 7 2 3
20130815 3 7 5
20130815 2 4 1
20130815 2 9 5
20130815 7 2 9
20130815 1 9 7
20130815 2 7 1
20130815 8 1 6
20130815 2 9 3
20130815 2 3 7
20130815 1 3 9
20130815 4 1 6
20130815 5 3 8
20130816 1 7 4
20130816 2 7 5
20130816 5 1 4
20130816 9 1 4
20130816 8 5 7
20130816 2 9 7
20130816 2 5 3
20130816 8 5 2
20130816 3 8 2
20130816 2 1 7
20130816 1 8 6
20130817 2 4 3
20130817 6 3 4
20130817 2 9 1
20130817 7 4 1
20130817 8 6 7
20130817 2 5 7
20130817 1 8 6
20130817 3 5 2
20130817 7 1 3
20130817 3 2 9
20130817 1 7 5
20130818 4 7 9
20130818 5 1 2
20130818 7 2 4
20130818 3 2 5
20130818 5 3 6
20130818 5 6 2
20130818 4 8 1
20130818 1 9 7
20130818 1 2 3
20130818 1 9 5
20130818 5 3 7
20130831 2 9 3
20130831 4 1 2
20130831 1 5 7
20130831 9 1 5
20130831 8 4 3
20130831 1 5 2
20130831 3 5 8
20130831 9 1 5
20130831 2 9 1
20130831 3 4 9
20130831 1 8 3
20130901 8 5 9
20130901 3 5 9
20130901 1 9 3
20130901 1 9 7
20130901 6 7 5
20130901 5 9 2
20130901 5 1 3
20130901 7 2 3
20130901 1 3 9
20130901 2 5 9
20130901 5 1 9
20130902 9 1 7
20130902 1 5 2
20130902 5 1 3
20130902 9 3 6
20130902 2 8 3
20130902 6 3 1
20130902 1 9 4
20130902 1 5 7
20130902 4 1 6
20130902 7 3 2
20130902 2 9 5
20130912 3 2 5
20130912 4 3 7
20130912 5 4 1
20130912 7 4 6
20130912 2 4 3
20130912 4 3 6
20130912 5 7 1
20130912 9 1 8
20130912 4 5 3
20130912 5 7 2
20130912 7 1 5
20130912 7 1 5
20130913 5 7 1
20130913 2 5 3
20130913 2 5 1
20130913 1 5 6
20130913 5 2 1
20130913 6 5 3
20130913 6 2 1
20130913 7 2 1
20130913 5 9 4
20130913 3 7 9
20130913 9 2 3
20130913 2 1 9
20130914 5 1 6
20130914 3 1 4
20130914 5 7 3
20130914 3 5 1
20130914 4 1 3
20130914 9 1 4
20130914 3 4 5
20130914 2 4 7
20130914 2 4 7
20130914 5 4 3
20130914 2 4 5
20130914 9 3 1
20131001 2 6 5
20131001 3 9 2
20131001 1 7 3
20131001 4 7 6
20131001 9 3 4
20131001 2 8 6
20131001 7 3 1
20131001 3 4 1
20131001 1 5 8
20131001 7 1 2
20131001 2 6 9
20131002 2 9 3
20131002 3 9 7
20131002 3 5 7
20131002 5 2 9
20131002 1 3 2
20131002 1 5 9
20131002 3 7 1
20131002 9 2 1
20131002 3 1 2
20131002 9 2 5
20131002 1 9 5
20131003 1 9 8
20131003 5 3 1
20131003 2 5 8
20131003 5 1 9
20131003 4 8 6
20131003 9 7 4
20131003 9 2 3
20131003 8 3 7
20131003 2 3 5
20131003 7 5 2
20131003 1 5 6
20131022 2 7 1
20131022 3 4 2
20131022 4 1 5
20131022 7 1 2
20131022 3 5 7
20131022 3 1 6
20131022 7 9 3
20131022 9 7 1
20131022 2 1 5
20131022 2 7 5
20131023 3 1 2
20131023 5 3 7
20131023 3 2 7
20131023 3 5 2
20131023 7 1 5
20131023 3 5 1
20131023 2 7 4
20131023 7 3 8
20131023 5 1 3
20131023 7 1 9
20131024 3 7 4
20131024 5 1 4
20131024 3 1 5
20131024 5 3 2
20131024 8 1 4
20131024 1 4 9
20131024 2 5 7
20131024 7 2 9
20131024 4 3 1
20131024 3 7 4
20131104 7 3 5
20131104 3 9 6
20131104 5 2 8
20131104 2 7 3
20131104 9 6 2
20131104 3 1 9
20131104 2 1 5
20131104 1 2 5
20131104 7 2 8
20131104 5 1 3
20131104 3 5 7
20131105 5 9 1
20131105 5 3 9
20131105 1 6 7
20131105 2 7 5
20131105 1 9 7
20131105 1 9 3
20131105 7 2 5
20131105 5 1 9
20131105 9 1 3
20131105 3 2 7
20131105 1 7 3
20131106 9 1 6
20131106 5 3 7
20131106 5 9 7
20131106 3 9 2
20131106 5 2 7
20131106 8 1 2
20131106 9 3 2
20131106 9 1 6
20131106 7 4 2
20131106 9 2 4
20131106 2 3 5
20131122 3 4 5
20131122 3 1 4
20131122 4 2 1
20131122 7 5 2
20131122 3 5 1
20131122 3 7 9
20131122 7 1 4
20131122 2 7 6
20131122 2 5 1
20131122 9 2 7
20131123 2 3 5
20131123 7 1 5
20131123 2 5 3
20131123 5 7 2
20131123 5 7 4
20131123 7 5 4
20131123 7 2 5
20131123 9 2 4
20131123 5 1 3
20131123 6 2 7
20131123 5 2 3
20131124 7 4 1
20131124 7 3 4
20131124 1 7 5
20131124 3 2 4
20131124 1 8 3
20131124 1 8 7
20131124 9 7 1
20131124 5 2 1
20131124 3 7 1
20131124 9 7 2
20131124 9 4 1
20131202 5 2 6
20131202 3 9 7
20131202 2 7 5
20131202 7 9 2
20131202 1 9 5
20131202 2 3 5
20131202 3 7 4
20131202 2 8 5
20131202 1 9 5
20131202 7 5 4
20131202 5 7 3
20131203 7 2 5
20131203 7 5 3
20131203 6 3 4
20131203 5 8 1
20131203 7 1 2
20131203 1 3 5
20131203 1 3 5
20131203 7 1 8
20131203 1 5 9
20131203 9 3 7
20131203 9 2 7
20131204 9 1 2
20131204 9 5 1
20131204 1 6 2
20131204 5 3 4
20131204 9 1 3
20131204 5 7 2
20131204 8 3 4
20131204 8 3 1
20131204 2 9 1
20131204 4 7 2
20131204 2 9 1
20140115 7 5 1
20140115 4 3 2
20140115 3 1 2
20140115 3 2 1
20140115 5 7 4
20140115 5 1 8
20140115 9 4 8
20140115 1 7 6
20140115 2 1 5
20140115 1 2 4
20140116 4 1 7
20140116 2 7 6
20140116 2 1 7
20140116 4 1 2
20140116 1 5 6
20140116 5 4 1
20140116 5 9 7
20140116 7 1 9
20140116 1 4 9
20140116 7 4 3
20140117 1 6 2
20140117 4 3 2
20140117 3 6 4
20140117 2 4 6
20140117 2 6 4
20140117 5 3 7
20140117 4 6 1
20140117 1 4 3
20140117 1 3 5
20140117 3 5 7
20140226 2 8 7
20140226 3 9 7
20140226 9 2 3
20140226 2 5 9
20140226 7 1 3
20140226 6 4 2
20140226 7 3 4
20140226 7 2 5
20140226 3 8 5
20140226 5 1 2
20140226 3 5 1
20140227 7 1 9
20140227 3 8 1
20140227 3 1 9
20140227 1 6 3
20140227 5 3 7
20140227 5 6 2
20140227 3 6 5
20140227 5 7 9
20140227 9 1 7
20140227 7 2 5
20140227 2 5 8
20140228 1 7 9
20140228 9 7 5
20140228 1 9 8
20140228 2 3 5
20140228 3 5 6
20140228 1 7 2
20140228 5 2 6
20140228 2 1 6
20140228 5 2 9
20140228 1 2 4
20140228 1 7 9
20140318 4 3 5
20140318 7 2 4
20140318 3 1 7
20140318 2 5 7
20140318 1 4 5
20140318 4 7 2
20140318 3 9 1
20140318 3 1 9
20140318 1 7 3
20140318 2 5 8
20140319 5 7 6
20140319 2 4 7
20140319 5 1 3
20140319 6 3 1
20140319 2 5 1
20140319 5 2 7
20140319 4 7 2
20140319 4 1 2
20140319 2 1 9
20140319 3 1 9
20140320 5 1 4
20140320 1 2 7
20140320 4 1 3
20140320 3 7 2
20140320 1 4 5
20140320 1 4 2
20140320 7 4 3
20140320 9 2 3
20140320 9 1 8
20140320 9 1 5
20140324 5 7 6
20140324 4 3 2
20140324 3 2 1
20140324 1 4 7
20140324 5 6 1
20140324 4 3 5
20140324 2 6 7
20140324 5 8 2
20140324 8 7 3
20140324 2 1 5
20140324 1 5 3
20140324 5 1 8
20140325 5 3 2
20140325 3 1 7
20140325 4 5 3
20140325 4 2 1
20140325 4 1 5
20140325 1 6 4
20140325 5 3 2
20140325 2 3 9
20140325 2 1 8
20140325 4 3 2
20140325 1 5 2
20140325 3 4 9
20140326 3 5 1
20140326 4 5 3
20140326 4 3 2
20140326 7 4 1
20140326 2 1 7
20140326 7 4 3
20140326 5 1 9
20140326 3 4 6
20140326 3 1 4
20140326 1 7 4
20140326 7 1 9
20140326 3 7 9
20140423 1 3 2
20140423 7 4 2
20140423 2 1 9
20140423 1 5 2
20140423 1 2 8
20140423 3 1 6
20140423 6 3 1
20140423 5 1 7
20140423 5 1 3
20140423 5 2 8
20140423 3 9 1
20140423 4 8 9
20140424 7 3 2
20140424 4 2 5
20140424 3 7 9
20140424 6 3 8
20140424 3 9 2
20140424 6 4 1
20140424 2 7 1
20140424 6 7 8
20140424 9 1 2
20140424 7 2 3
20140424 3 7 1
20140424 1 6 7
20140425 1 3 8
20140425 3 1 8
20140425 5 1 9
20140425 9 3 7
20140425 5 1 2
20140425 2 1 4
20140425 1 6 7
20140425 1 7 5
20140425 6 2 7
20140425 2 6 9
20140425 4 3 7
20140425 1 5 2
20140519 2 3 7
20140519 7 1 3
20140519 3 7 1
20140519 7 1 5
20140519 5 4 1
20140519 5 1 3
20140519 4 3 7
20140519 2 1 4
20140519 4 5 2
20140519 4 7 9
20140520 7 5 3
20140520 3 7 5
20140520 7 2 6
20140520 4 1 5
20140520 2 4 1
20140520 5 3 7
20140520 3 5 1
20140520 2 5 7
20140520 2 5 7
20140520 7 9 1
20140521 3 5 7
20140521 3 5 1
20140521 2 4 1
20140521 2 7 3
20140521 5 8 1
20140521 4 1 9
20140521 4 7 3
20140521 2 9 7
20140521 2 3 7
20140521 9 8 1
20140526 2 5 9
20140526 7 3 4
20140526 7 1 9
20140526 1 9 3
20140526 3 7 5
20140526 9 3 4
20140526 9 2 4
20140526 1 7 2
20140526 3 7 4
20140526 7 5 1
20140526 4 2 3
20140527 3 5 8
20140527 8 3 9
20140527 5 9 1
20140527 7 5 9
20140527 2 5 9
20140527 3 7 2
20140527 3 9 7
20140527 1 5 9
20140527 1 3 2
20140527 1 6 4
20140527 3 8 9
20140528 3 6 5
20140528 1 7 3
20140528 3 2 9
20140528 1 5 2
20140528 2 9 3
20140528 7 5 2
20140528 1 2 3
20140528 1 3 9
20140528 1 9 8
20140528 1 7 5
20140528 7 3 2
20140611 1 4 5
20140611 1 7 4
20140611 7 1 4
20140611 2 1 4
20140611 1 3 5
20140611 1 7 3
20140611 3 9 4
20140611 7 1 5
20140611 1 7 3
20140611 5 3 1
20140612 1 2 6
20140612 4 5 3
20140612 3 1 2
20140612 4 1 5
20140612 2 4 1
20140612 1 7 4
20140612 5 2 1
20140612 9 1 5
20140612 1 5 7
20140612 9 5 3
20140613 4 6 2
20140613 1 4 7
20140613 2 6 7
20140613 2 4 6
20140613 1 8 6
20140613 6 8 2
20140613 1 7 2
20140613 4 3 5
20140613 1 9 2
20140613 2 9 3
20140620 1 7 9
20140620 9 2 3
20140620 2 4 5
20140620 1 2 3
20140620 1 8 9
20140620 2 6 3
20140620 6 4 1
20140620 7 2 5
20140620 7 2 3
20140620 5 9 2
20140620 5 6 4
20140620 3 4 6
20140621 1 5 7
20140621 9 5 4
20140621 7 1 9
20140621 7 5 2
20140621 3 1 9
20140621 2 4 1
20140621 2 7 1
20140621 5 2 1
20140621 5 9 7
20140621 9 2 6
20140621 2 9 4
20140621 5 1 3
20140622 9 7 2
20140622 8 2 3
20140622 2 8 7
20140622 5 7 2
20140622 1 7 5
20140622 3 2 5
20140622 7 1 3
20140622 3 8 1
20140622 7 4 2
20140622 4 5 8
20140622 2 1 9
20140622 7 4 1
20140721 2 3 1
20140721 7 2 4
20140721 2 3 1
20140721 1 7 2
20140721 7 2 5
20140721 9 5 7
20140721 5 3 2
20140721 7 8 6
20140721 1 4 6
20140721 2 4 3
20140722 6 4 2
20140722 7 3 2
20140722 4 7 1
20140722 4 7 2
20140722 1 3 4
20140722 1 6 4
20140722 1 5 4
20140722 6 1 8
20140722 8 6 9
20140722 5 7 3
20140723 7 1 4
20140723 4 2 1
20140723 4 2 5
20140723 5 6 2
20140723 7 1 5
20140723 1 9 2
20140723 5 2 9
20140723 4 2 3
20140723 2 9 1
20140723 1 2 5
20140723 1 5 3
20140808 3 2 4
20140808 5 2 6
20140808 4 6 3
20140808 2 5 4
20140808 1 5 2
20140808 2 1 3
20140808 1 9 7
20140808 7 1 6
20140808 3 7 8
20140808 3 5 2
20140808 1 3 4
20140808 9 2 1
20140809 3 7 4
20140809 4 1 5
20140809 2 5 3
20140809 3 7 5
20140809 6 3 1
20140809 3 2 7
20140809 1 9 5
20140809 1 4 6
20140809 5 7 6
20140809 3 7 1
20140809 3 7 5
20140809 1 9 3
20140823 4 6 1
20140823 1 4 5
20140823 1 5 3
20140823 1 4 2
20140823 2 3 4
20140823 7 5 8
20140823 7 3 2
20140823 9 3 1
20140823 7 1 5
20140823 2 4 3
20140824 3 1 2
20140824 1 4 2
20140824 4 1 7
20140824 5 2 4
20140824 5 7 2
20140824 5 1 2
20140824 7 9 3
20140824 2 7 1
20140824 2 9 5
20140824 7 1 6
20140825 3 6 4
20140825 7 5 2
20140825 5 4 1
20140825 6 3 4
20140825 2 3 7
20140825 3 9 2
20140825 2 4 1
20140825 9 7 2
20140825 7 5 1
20140825 2 8 4
20140908 5 1 4
20140908 7 1 2
20140908 2 3 4
20140908 4 1 7
20140908 4 3 2
20140908 2 7 6
20140908 7 4 3
20140908 1 7 9
20140908 3 8 1
20140908 7 4 2
20140909 1 7 4
20140909 2 3 7
20140909 2 7 1
20140909 3 4 2
20140909 5 4 3
20140909 5 9 2
20140909 7 2 4
20140909 9 8 7
20140909 9 5 2
20140909 1 8 3
20140910 4 1 3
20140910 2 7 4
20140910 2 5 1
20140910 5 2 1
20140910 1 4 7
20140910 5 2 7
20140910 2 4 7
20140910 2 7 4
20140910 2 4 6
20140910 3 5 6
20141005 6 2 1
20141005 4 7 2
20141005 1 4 7
20141005 4 1 2
20141005 5 1 7
20141005 2 3 1
20141005 7 1 2
20141005 3 9 2
20141005 9 6 1
20141005 4 2 7
20141006 5 1 3
20141006 1 4 7
20141006 6 5 2
20141006 3 2 5
20141006 3 1 4
20141006 4 5 3
20141006 4 6 8
20141006 8 7 6
20141006 2 9 3
20141006 1 7 5
20141007 1 7 2
20141007 2 7 1
20141007 5 4 2
20141007 6 1 7
20141007 8 5 7
20141007 1 3 5
20141007 2 1 4
20141007 9 5 1
20141007 1 2 4
20141007 4 6 7
20141028 1 7 2
20141028 5 6 1
20141028 6 3 7
20141028 1 4 7
20141028 2 4 7
20141028 3 4 2
20141029 6 3 2
20141029 1 4 7
20141029 4 1 6
20141029 7 5 2
20141029 5 6 1
20141029 4 1 6
20141030 1 2 5
20141030 1 5 4
20141030 1 2 7
20141030 7 5 2
20141030 1 2 6
20141030 5 2 7
20141115 7 1 4
20141115 4 2 7
20141115 4 1 3
20141115 1 2 7
20141115 3 7 1
20141115 2 7 1
20141115 1 7 9
20141115 7 1 9
20141115 3 9 8
20141115 7 2 4
20141115 6 1 5
20141116 1 4 2
20141116 7 3 2
20141116 7 2 5
20141116 2 4 1
20141116 2 5 3
20141116 1 9 3
20141116 5 3 2
20141116 9 2 6
20141116 1 2 5
20141116 2 9 5
20141117 2 1 3
20141117 4 7 2
20141117 2 4 1
20141117 1 7 6
20141117 9 1 7
20141117 3 1 2
20141117 3 5 7
20141117 3 1 8
20141117 1 5 7
20141117 2 3 1
20141122 8 7 5
20141122 5 1 3
20141122 9 5 6
20141122 2 9 4
20141122 8 2 5
20141122 1 5 3
20141122 7 6 4
20141122 2 9 1
20141122 5 9 1
20141122 2 1 7
20141122 9 2 3
20141122 9 6 2
20141123 1 7 3
20141123 1 7 4
20141123 5 2 8
20141123 7 2 4
20141123 7 1 3
20141123 6 2 4
20141123 2 4 1
20141123 2 9 5
20141123 9 5 2
20141123 7 4 2
20141123 2 8 3
20141123 1 5 3
20141124 2 9 3
20141124 7 1 8
20141124 9 1 7
20141124 2 7 9
20141124 7 6 5
20141124 7 4 1
20141124 3 4 8
20141124 3 5 4
20141124 3 1 5
20141124 1 3 5
20141124 3 2 7
20141124 1 2 5
20141206 7 1 5
20141206 6 5 4
20141206 2 1 5
20141206 5 1 6
20141206 3 8 7
20141206 1 5 8
20141206 7 2 1
20141206 3 9 1
20141206 5 1 7
20141206 2 7 9
20141206 7 5 1
20141206 3 7 9
20141207 7 3 6
20141207 8 3 9
20141207 5 1 8
20141207 5 2 3
20141207 2 3 4
20141207 5 1 9
20141207 7 8 3
20141207 6 9 4
20141207 5 2 9
20141207 3 2 7
20141207 9 7 1
20141207 2 5 1
20141208 3 2 9
20141208 3 7 1
20141208 3 1 8
20141208 2 9 3
20141208 1 7 2
20141208 7 1 5
20141208 3 7 5
20141208 2 1 4
20141208 3 5 1
20141208 2 5 9
20141208 2 3 5
20141208 7 2 3
20141209 5 3 7
20141209 1 8 2
20141209 2 5 7
20141209 1 5 8
20141209 2 4 9
20141209 9 3 1
20141209 9 1 7
20141209 1 2 7
20141209 3 1 7
20141209 1 7 2
20141209 7 5 2
20141209 3 5 7
20141229 1 5 2
20141229 3 4 2
20141229 1 5 3
20141229 6 3 2
20141229 2 4 3
20141229 6 1 2
20141229 3 9 7
20141229 9 3 5
20141229 9 1 7
20141229 2 1 5
20141230 5 2 3
20141230 7 2 4
20141230 5 3 2
20141230 4 5 7
20141230 7 1 3
20141230 5 1 7
20141230 2 7 1
20141230 9 3 2
20141230 2 1 5
20141230 2 5 3
20141231 6 1 5
20141231 3 1 7
20141231 6 7 1
20141231 5 3 1
20141231 5 3 1
20141231 7 2 8
20141231 4 3 7
20141231 6 9 5
20141231 5 2 7
20141231 8 3 6
20150126 3 1 5
20150126 2 7 4
20150126 5 6 3
20150126 7 8 3
20150126 3 7 2
20150126 1 3 2
20150126 7 8 1
20150126 5 1 9
20150126 4 2 7
20150126 5 2 1
20150126 1 3 7
20150127 9 7 3
20150127 8 2 7
20150127 8 2 7
20150127 9 3 8
20150127 1 4 3
20150127 5 3 7
20150127 4 3 7
20150127 8 9 2
20150127 2 5 8
20150127 7 2 6
20150127 1 5 9
20150128 8 2 4
20150128 5 1 2
20150128 2 9 7
20150128 3 6 9
20150128 1 5 9
20150128 8 1 6
20150128 1 8 5
20150128 3 9 1
20150128 1 5 4
20150128 2 7 3
20150128 1 2 5
20150216 8 3 2
20150216 3 5 2
20150216 8 9 1
20150216 5 7 2
20150216 1 7 2
20150216 2 9 6
20150216 1 3 2
20150216 3 9 5
20150216 2 5 6
20150216 5 1 2
20150216 8 3 2
20150217 3 5 1
20150217 4 7 3
20150217 5 2 9
20150217 2 4 1
20150217 8 5 3
20150217 9 1 4
20150217 2 7 4
20150217 2 9 5
20150217 1 5 6
20150217 3 8 5
20150217 3 7 9
20150218 2 8 3
20150218 2 8 3
20150218 3 9 5
20150218 5 2 3
20150218 5 3 8
20150218 4 7 2
20150218 2 7 1
20150218 1 8 9
20150218 7 3 4
20150218 7 9 3
20150218 9 1 3
20150312 2 7 3
20150312 1 3 7
20150312 1 7 4
20150312 7 1 5
20150312 3 1 5
20150312 2 9 5
20150312 7 5 1
20150312 2 9 3
20150312 9 2 1
20150312 3 1 6
20150313 3 5 2
20150313 2 4 3
20150313 3 2 7
20150313 4 1 3
20150313 5 1 7
20150313 8 1 3
20150313 5 7 4
20150313 5 2 3
20150313 4 9 5
20150313 9 2 1
20150314 5 3 7
20150314 3 7 2
20150314 4 6 3
20150314 5 3 1
20150314 9 1 4
20150314 7 5 1
20150314 4 2 7
20150314 6 5 4
20150314 7 8 4
20150314 3 2 8
20150322 7 2 9
20150322 2 5 9
20150322 5 6 2
20150322 5 2 7
20150322 7 5 9
20150322 9 1 7
20150322 3 7 8
20150322 7 1 4
20150322 4 9 7
20150322 4 8 2
20150322 7 9 2
20150323 9 2 7
20150323 7 5 9
20150323 9 5 1
20150323 8 1 2
20150323 3 1 7
20150323 5 4 7
20150323 7 1 2
20150323 2 3 6
20150323 1 5 2
20150323 8 4 9
20150323 1 5 7
20150404 5 2 6
20150404 1 2 5
20150404 3 5 7
20150404 4 5 3
20150404 5 2 1
20150404 7 4 2
20150404 5 6 7
20150404 2 7 1
20150404 7 1 6
20150404 3 7 4
20150404 5 4 9
20150404 5 1 6
20150405 5 7 3
20150405 1 5 7
20150405 7 3 5
20150405 7 5 2
20150405 3 5 2
20150405 4 1 6
20150405 2 4 1
20150405 7 4 1
20150405 3 2 7
20150405 5 2 4
20150405 7 3 9
20150405 9 2 3
20150406 3 4 7
20150406 1 3 7
20150406 4 1 3
20150406 1 7 4
20150406 5 2 1
20150406 5 2 9
20150406 7 1 8
20150406 2 1 6
20150406 3 5 7
20150406 3 4 6
20150406 4 3 6
20150406 2 5 7
20150406 2 7 9
20150425 9 3 1
20150425 1 2 5
20150425 9 1 8
20150425 3 4 1
20150425 7 1 2
20150425 1 7 9
20150425 3 2 4
20150425 5 2 4
20150425 5 3 2
20150425 5 2 1
20150425 5 2 8
20150426 1 2 9
20150426 9 5 1
20150426 4 9 1
20150426 3 5 1
20150426 3 8 9
20150426 7 2 1
20150426 2 6 1
20150426 8 7 4
20150426 6 2 4
20150426 5 7 6
20150426 7 5 6
20150426 9 2 1
20150427 9 8 1
20150427 9 6 3
20150427 9 3 5
20150427 7 3 5
20150427 5 4 1
20150427 8 4 9
20150427 5 3 7
20150427 4 1 6
20150427 2 9 5
20150427 5 1 3
20150427 3 4 7
20150507 5 1 9
20150507 4 2 3
20150507 5 9 2
20150507 5 9 7
20150507 1 6 2
20150507 4 7 8
20150507 7 3 4
20150507 9 3 1
20150507 5 3 2
20150507 5 3 2
20150507 2 6 5
20150508 1 6 9
20150508 2 5 9
20150508 4 6 5
20150508 5 3 9
20150508 2 1 6
20150508 1 2 8
20150508 5 2 9
20150508 3 9 7
20150508 1 5 9
20150508 1 9 5
20150508 1 7 3
20150509 5 7 2
20150509 9 5 2
20150509 2 8 3
20150509 1 5 9
20150509 9 5 3
20150509 3 5 7
20150509 3 5 4
20150509 7 1 9
20150509 7 1 2
20150509 7 3 1
20150509 7 2 9
