20120814 3 1 2
20120814 5 4 2
20120814 3 7 4
20120814 5 3 1
20120814 1 4 7
20120814 5 2 3
20120814 7 5 8
20120814 1 9 7
20120814 3 4 9
20120814 9 1 2
20120814 2 9 5
20120815 2 5 7
20120815 1 4 7
20120815 2 7 4
20120815 2 7 1
20120815 7 2 1
20120815 9 7 3
20120815 2 5 1
20120815 7 6 9
20120815 3 5 1
20120815 5 3 2
20120815 2 4 3
20120816 7 5 1
20120816 3 7 2
20120816 6 7 2
20120816 1 3 2
20120816 7 2 1
20120816 7 3 2
20120816 2 3 1
20120816 7 2 3
20120816 9 6 2
20120816 9 1 2
20120816 2 7 1
20120820 5 2 4
20120820 3 4 1
20120820 1 4 2
20120820 1 5 6
20120820 1 3 7
20120820 9 1 7
20120820 1 9 5
20120820 5 1 2
20120820 7 5 3
20120820 1 9 2
20120820 7 1 3
20120821 5 7 4
20120821 1 4 5
20120821 2 7 1
20120821 3 4 1
20120821 5 3 2
20120821 2 1 4
20120821 7 2 3
20120821 4 7 3
20120821 1 5 9
20120821 2 7 9
20120821 1 5 8
20120822 7 5 4
20120822 1 3 7
20120822 4 5 3
20120822 2 3 4
20120822 7 2 1
20120822 7 2 6
20120822 7 1 5
20120822 1 5 7
20120822 9 2 4
20120822 6 5 7
20120822 6 7 5
20120822 1 5 7
20120822 9 6 3
20120910 1 9 8
20120910 1 4 7
20120910 1 7 2
20120910 5 7 3
20120910 9 1 7
20120910 2 3 5
20120910 5 7 3
20120910 1 2 9
20120910 1 2 4
20120910 7 1 4
20120910 8 3 6
20120911 3 9 6
20120911 2 1 9
20120911 7 1 3
20120911 1 7 9
20120911 3 5 2
20120911 9 1 7
20120911 3 8 6
20120911 4 1 9
20120911 5 7 4
20120911 9 2 7
20120911 7 3 6
20120912 3 2 7
20120912 3 5 2
20120912 3 5 1
20120912 1 7 5
20120912 5 8 2
20120912 8 1 7
20120912 8 7 1
20120912 5 1 7
20120912 4 3 2
20120912 2 5 9
20120912 2 7 1
20120912 5 9 1
20120929 9 1 3
20120929 5 1 2
20120929 1 5 3
20120929 1 2 4
20120929 1 7 3
20120929 8 5 4
20120929 2 1 9
20120929 5 1 9
20120929 2 3 7
20120929 5 1 2
20120929 6 1 2
20120930 7 2 1
20120930 3 5 2
20120930 3 1 5
20120930 9 3 7
20120930 5 2 7
20120930 2 1 3
20120930 2 9 3
20120930 2 5 1
20120930 5 3 1
20120930 2 3 1
20120930 2 9 3
20121001 3 9 1
20121001 3 1 9
20121001 2 7 9
20121001 9 1 3
20121001 7 2 8
20121001 1 3 4
20121001 1 7 5
20121001 1 6 7
20121001 5 7 4
20121001 5 2 7
20121001 5 2 8
20121018 1 4 3
20121018 7 2 1
20121018 9 3 1
20121018 7 6 2
20121018 1 7 2
20121018 5 4 1
20121018 7 3 1
20121018 7 2 5
20121018 2 5 1
20121018 2 9 3
20121018 3 5 7
20121019 3 5 8
20121019 2 7 9
20121019 6 4 9
20121019 9 1 8
20121019 7 3 9
20121019 9 2 7
20121019 9 5 3
20121019 4 1 9
20121019 2 5 1
20121019 1 9 5
20121019 7 8 5
20121020 2 9 6
20121020 1 6 7
20121020 7 1 3
20121020 7 3 9
20121020 7 5 9
20121020 7 2 5
20121020 9 2 6
20121020 7 1 2
20121020 2 9 7
20121020 4 7 8
20121020 3 4 2
20121021 8 1 9
20121021 8 7 1
20121021 4 3 7
20121021 5 2 9
20121021 2 9 4
20121021 1 2 3
20121021 3 4 7
20121021 7 6 1
20121021 1 4 5
20121021 3 9 8
20121021 2 9 7
20121105 4 7 2
20121105 2 7 5
20121105 3 7 1
20121105 7 3 1
20121105 2 1 5
20121105 3 7 1
20121105 5 1 2
20121105 4 6 8
20121105 3 7 4
20121105 3 5 7
20121105 3 5 1
20121106 5 4 3
20121106 1 7 2
20121106 1 3 4
20121106 4 3 2
20121106 7 2 1
20121106 1 3 7
20121106 4 8 3
20121106 9 5 3
20121106 2 3 8
20121106 2 9 7
20121106 3 7 8
20121107 3 2 1
20121107 5 2 1
20121107 3 5 2
20121107 1 5 2
20121107 2 1 3
20121107 1 5 9
20121107 1 5 4
20121107 2 7 3
20121107 5 1 9
20121107 5 4 3
20121107 9 6 3
20121126 8 9 4
20121126 1 5 7
20121126 3 5 6
20121126 9 8 7
20121126 7 2 8
20121126 9 3 6
20121126 9 1 2
20121126 7 3 9
20121126 3 5 1
20121126 7 3 5
20121126 2 1 5
20121127 7 3 1
20121127 3 5 7
20121127 2 8 5
20121127 7 1 9
20121127 7 3 2
20121127 3 1 2
20121127 9 5 6
20121127 5 7 3
20121127 1 4 2
20121127 1 6 4
20121127 2 9 7
20121128 2 7 4
20121128 9 7 2
20121128 2 3 9
20121128 9 2 5
20121128 1 5 7
20121128 2 5 7
20121128 5 7 2
20121128 3 5 4
20121128 1 5 7
20121128 5 7 2
20121128 9 3 5
20121203 1 7 2
20121203 3 5 2
20121203 3 9 2
20121203 7 2 9
20121203 3 5 1
20121203 2 3 8
20121203 2 7 4
20121203 2 3 7
20121203 7 3 9
20121203 9 1 4
20121203 6 4 3
20121204 7 2 5
20121204 2 7 3
20121204 1 4 3
20121204 3 4 1
20121204 2 5 7
20121204 9 1 2
20121204 7 5 1
20121204 2 6 3
20121204 5 7 2
20121204 3 4 7
20121204 9 6 1
20121205 2 1 5
20121205 2 7 6
20121205 3 5 2
20121205 1 7 6
20121205 7 3 2
20121205 2 7 5
20121205 3 7 9
20121205 3 1 8
20121205 2 9 4
20121205 7 4 1
20121205 2 1 9
20121223 1 2 5
20121223 4 1 7
20121223 3 7 2
20121223 2 1 7
20121223 7 1 4
20121223 2 4 9
20121223 5 2 7
20121223 9 3 8
20121223 5 2 9
20121223 5 1 2
20121223 1 7 4
20121224 2 1 5
20121224 7 6 2
20121224 4 1 2
20121224 5 1 2
20121224 2 5 3
20121224 3 5 9
20121224 5 3 9
20121224 9 5 7
20121224 3 5 7
20121224 7 9 1
20121224 7 8 5
20121225 4 6 5
20121225 7 3 1
20121225 1 6 4
20121225 7 5 4
20121225 1 3 7
20121225 1 5 8
20121225 7 1 2
20121225 9 1 2
20121225 8 9 3
20121225 2 4 8
20121225 1 4 2
20130104 1 4 2
20130104 3 4 1
20130104 2 3 1
20130104 3 4 1
20130104 3 1 4
20130104 3 5 7
20130104 2 5 7
20130104 7 1 9
20130104 2 9 7
20130104 6 1 5
20130104 6 5 9
20130105 4 2 1
20130105 2 1 5
20130105 1 5 6
20130105 1 2 6
20130105 6 2 5
20130105 5 6 3
20130105 7 3 9
20130105 1 9 7
20130105 1 3 5
20130105 2 6 9
20130105 9 5 1
20130106 2 5 3
20130106 4 5 1
20130106 3 1 7
20130106 2 6 4
20130106 1 4 9
20130106 9 7 2
20130106 7 1 2
20130106 2 5 6
20130106 3 8 9
20130106 1 9 4
20130106 6 9 3
20130116 7 2 4
20130116 1 7 3
20130116 1 7 3
20130116 6 1 2
20130116 2 1 3
20130116 8 2 5
20130116 5 1 3
20130116 6 7 2
20130116 2 1 4
20130116 1 2 5
20130116 3 5 8
20130117 2 6 1
20130117 3 7 1
20130117 7 9 2
20130117 4 6 1
20130117 2 5 1
20130117 8 5 1
20130117 2 4 8
20130117 5 3 2
20130117 2 5 1
20130117 1 5 7
20130117 7 1 9
20130118 9 5 1
20130118 7 1 5
20130118 4 1 7
20130118 1 8 9
20130118 2 1 5
20130118 7 8 3
20130118 9 3 5
20130118 5 8 3
20130118 1 4 2
20130118 2 3 8
20130118 1 3 7
20130204 3 1 2
20130204 1 7 3
20130204 3 4 2
20130204 7 2 3
20130204 1 3 6
20130204 1 9 2
20130204 1 5 2
20130204 9 3 2
20130204 7 4 3
20130204 1 9 8
20130204 2 1 7
20130205 2 3 7
20130205 5 4 7
20130205 7 3 4
20130205 1 7 4
20130205 2 3 7
20130205 4 3 7
20130205 3 2 8
20130205 2 5 3
20130205 8 7 9
20130205 1 4 2
20130205 3 7 8
20130206 5 3 1
20130206 5 4 2
20130206 7 1 3
20130206 5 4 1
20130206 7 9 4
20130206 7 9 5
20130206 2 5 1
20130206 2 4 7
20130206 2 3 5
20130206 1 2 6
20130206 7 4 3
20130227 2 5 4
20130227 4 7 5
20130227 3 7 2
20130227 2 5 3
20130227 2 5 1
20130227 7 5 4
20130227 9 3 7
20130227 7 1 5
20130227 2 7 1
20130227 2 9 1
20130227 3 7 9
20130228 6 1 2
20130228 7 5 3
20130228 2 4 6
20130228 6 4 3
20130228 4 2 6
20130228 1 2 8
20130228 2 1 5
20130228 7 5 1
20130228 9 1 5
20130228 1 8 9
20130228 1 2 6
20130301 5 3 2
20130301 7 1 5
20130301 7 1 4
20130301 2 5 4
20130301 3 8 9
20130301 6 3 1
20130301 2 1 6
20130301 9 1 5
20130301 8 2 6
20130301 9 1 2
20130301 3 4 5
20130304 2 5 3
20130304 1 4 7
20130304 7 2 1
20130304 7 4 2
20130304 7 5 3
20130304 1 5 9
20130304 7 3 1
20130304 5 7 1
20130304 9 2 7
20130304 1 7 5
20130304 1 4 7
20130305 5 2 3
20130305 1 5 3
20130305 3 1 2
20130305 4 1 3
20130305 2 5 3
20130305 1 2 8
20130305 6 9 4
20130305 2 1 6
20130305 5 1 7
20130305 3 1 7
20130305 2 5 8
20130306 2 7 4
20130306 1 4 2
20130306 2 5 3
20130306 2 7 5
20130306 1 3 7
20130306 4 9 2
20130306 3 5 4
20130306 9 2 6
20130306 5 1 2
20130306 5 1 6
20130306 4 9 5
20130315 4 2 1
20130315 7 1 3
20130315 5 3 4
20130315 7 4 1
20130315 3 1 4
20130315 3 9 7
20130315 2 5 1
20130315 5 6 3
20130315 3 7 1
20130315 9 3 5
20130315 3 9 4
20130316 5 2 7
20130316 1 3 7
20130316 4 7 3
20130316 1 4 5
20130316 1 7 4
20130316 5 9 3
20130316 5 4 1
20130316 7 5 8
20130316 5 2 3
20130316 3 7 8
20130316 3 8 1
20130317 2 5 7
20130317 4 7 2
20130317 1 2 6
20130317 1 3 4
20130317 5 1 2
20130317 7 9 5
20130317 5 4 3
20130317 2 5 3
20130317 5 9 3
20130317 1 9 5
20130317 9 5 3
20130408 4 3 7
20130408 5 2 7
20130408 3 1 4
20130408 4 3 7
20130408 1 6 4
20130408 1 3 5
20130408 3 1 5
20130408 4 7 3
20130408 6 2 7
20130408 2 5 3
20130408 5 9 6
20130409 3 4 1
20130409 1 5 2
20130409 5 3 7
20130409 2 7 1
20130409 1 5 7
20130409 2 7 5
20130409 3 5 2
20130409 6 9 2
20130409 7 6 1
20130409 9 2 7
20130410 7 1 3
20130410 1 5 4
20130410 2 4 3
20130410 7 2 1
20130410 5 8 1
20130410 7 3 5
20130410 3 6 7
20130410 5 7 2
20130410 4 1 5
20130410 2 4 3
20130515 9 1 4
20130515 7 5 1
20130515 7 1 5
20130515 1 7 3
20130515 3 9 1
20130515 2 7 5
20130515 2 1 9
20130515 7 1 5
20130515 7 8 9
20130515 2 1 7
20130515 7 5 2
20130516 4 2 1
20130516 2 6 9
20130516 5 8 2
20130516 2 9 3
20130516 1 7 5
20130516 9 1 5
20130516 2 9 1
20130516 2 5 9
20130516 7 1 3
20130516 5 1 9
20130516 1 7 3
20130517 7 3 1
20130517 1 7 2
20130517 5 1 7
20130517 2 9 4
20130517 2 3 7
20130517 4 8 7
20130517 7 5 3
20130517 7 4 2
20130517 1 5 3
20130517 2 6 9
20130517 2 4 5
20130525 2 1 5
20130525 7 2 1
20130525 3 2 1
20130525 5 2 1
20130525 7 1 5
20130525 5 1 7
20130525 9 7 3
20130525 9 2 3
20130525 5 7 1
20130525 7 3 5
20130526 2 7 1
20130526 4 1 7
20130526 2 4 3
20130526 1 3 7
20130526 5 1 3
20130526 2 3 1
20130526 2 1 5
20130526 2 7 5
20130526 5 1 9
20130526 9 2 4
20130527 2 5 1
20130527 5 1 7
20130527 4 3 6
20130527 4 7 2
20130527 2 7 8
20130527 7 5 1
20130527 2 5 3
20130527 2 9 1
20130527 9 4 8
20130527 1 9 3
20130617 3 7 2
20130617 2 7 6
20130617 2 3 9
20130617 3 2 9
20130617 7 9 4
20130617 2 9 5
20130617 9 3 7
20130617 3 2 8
20130617 7 9 5
20130617 1 9 3
20130617 5 2 1
20130617 3 4 2
20130618 9 1 5
20130618 3 2 7
20130618 3 5 4
20130618 7 8 3
20130618 5 3 9
20130618 5 2 3
20130618 1 3 4
20130618 1 7 4
20130618 2 7 1
20130618 2 8 3
20130618 1 9 2
20130619 1 5 7
20130619 9 1 6
20130619 9 2 5
20130619 3 7 2
20130619 3 9 1
20130619 9 5 7
20130619 4 6 1
20130619 1 3 2
20130619 1 5 7
20130619 2 4 6
20130619 5 3 6
20130625 2 3 5
20130625 7 3 2
20130625 4 7 5
20130625 6 7 1
20130625 5 1 3
20130625 2 4 9
20130625 2 9 1
20130625 1 7 4
20130625 2 1 9
20130625 3 2 4
20130626 4 7 3
20130626 7 1 6
20130626 2 5 3
20130626 7 3 4
20130626 3 5 7
20130626 5 2 3
20130626 5 1 2
20130626 9 2 3
20130626 3 9 5
20130626 1 7 2
20130627 7 5 6
20130627 1 2 3
20130627 3 4 2
20130627 5 4 1
20130627 1 5 9
20130627 1 3 7
20130627 2 1 6
20130627 3 6 2
20130627 1 5 9
20130627 9 2 7
20130716 3 1 4
20130716 2 4 5
20130716 3 5 7
20130716 7 3 1
20130716 1 5 3
20130716 1 5 6
20130716 1 9 4
20130716 4 2 7
20130716 3 9 4
20130716 1 5 3
20130717 1 2 7
20130717 7 2 6
20130717 4 2 1
20130717 3 1 7
20130717 5 1 6
20130717 9 1 6
20130717 7 1 5
20130717 9 5 2
20130717 9 4 3
20130717 1 9 2
20130718 3 5 6
20130718 3 1 4
20130718 3 6 7
20130718 5 1 2
20130718 9 5 7
20130718 7 1 5
20130718 4 2 3
20130718 2 5 9
20130718 2 5 7
20130718 9 7 4
20130807 3 7 2
20130807 3 1 7
20130807 2 4 1
20130807 7 2 5
20130807 5 1 2
20130807 3 5 7
20130807 5 1 3
20130807 7 2 3
20130807 2 4 6
20130807 5 1 7
20130808 4 5 1
20130808 3 2 7
20130808 3 4 2
20130808 5 2 6
20130808 7 1 3
20130808 3 9 4
20130808 7 9 1
20130808 5 7 1
20130808 2 8 1
20130808 9 7 1
20130809 3 4 2
20130809 3 4 5
20130809 1 5 3
20130809 7 2 6
20130809 3 9 1
20130809 6 1 2
20130809 5 3 2
20130809 9 4 1
20130809 7 1 6
20130809 2 7 8
20130821 2 5 6
20130821 1 4 5
20130821 3 5 2
20130821 7 1 3
20130821 5 1 4
20130821 7 1 5
20130821 9 1 4
20130821 1 7 9
20130821 7 1 5
20130821 7 1 2
20130822 2 3 5
20130822 7 4 5
20130822 5 3 7
20130822 6 2 3
20130822 5 3 1
20130822 3 2 1
20130822 1 2 7
20130822 5 1 3
20130822 1 5 3
20130822 3 7 2
20130823 4 1 2
20130823 3 1 7
20130823 3 1 5
20130823 2 1 3
20130823 3 5 1
20130823 7 4 9
20130823 1 6 5
20130823 5 1 6
20130823 8 3 2
20130823 2 6 9
20130926 2 7 3
20130926 5 1 8
20130926 7 3 1
20130926 2 7 9
20130926 2 9 5
20130926 7 1 5
20130926 1 5 7
20130926 7 9 2
20130926 2 5 9
20130926 2 5 1
20130926 5 9 1
20130927 9 1 8
20130927 5 9 2
20130927 1 6 2
20130927 7 2 9
20130927 2 1 7
20130927 5 9 7
20130927 2 5 7
20130927 7 5 9
20130927 3 9 4
20130927 2 7 1
20130927 1 7 5
20130928 7 4 3
20130928 2 1 5
20130928 5 9 4
20130928 5 2 3
20130928 2 5 7
20130928 1 3 7
20130928 7 2 3
20130928 1 2 3
20130928 3 9 7
20130928 1 3 5
20130928 1 7 3
20131017 3 9 5
20131017 9 2 5
20131017 7 3 1
20131017 6 7 1
20131017 3 1 9
20131017 5 2 9
20131017 2 1 7
20131017 3 9 4
20131017 5 2 1
20131017 3 9 4
20131017 4 7 9
20131018 7 3 2
20131018 3 9 4
20131018 1 7 9
20131018 3 1 6
20131018 9 2 1
20131018 2 1 7
20131018 7 2 5
20131018 1 7 8
20131018 3 5 6
20131018 2 7 3
20131018 1 9 3
20131019 9 1 3
20131019 9 8 7
20131019 7 2 3
20131019 1 3 8
20131019 9 5 1
20131019 9 1 4
20131019 7 1 8
20131019 1 4 9
20131019 7 2 4
20131019 2 8 1
20131019 3 5 7
20131020 2 1 3
20131020 7 5 1
20131020 1 3 4
20131020 2 3 7
20131020 2 8 3
20131020 2 8 9
20131020 2 5 7
20131020 5 1 2
20131020 5 1 3
20131020 1 5 7
20131020 1 9 5
20131126 9 1 2
20131126 6 2 9
20131126 7 3 2
20131126 2 5 1
20131126 3 2 5
20131126 1 4 7
20131126 3 7 8
20131126 1 5 2
20131126 9 3 7
20131126 8 2 1
20131127 6 4 1
20131127 3 7 1
20131127 1 6 7
20131127 9 1 4
20131127 1 2 3
20131127 3 1 5
20131127 5 7 3
20131127 1 4 2
20131127 7 1 8
20131127 7 2 5
20131128 9 1 7
20131128 7 5 1
20131128 3 7 1
20131128 2 5 7
20131128 1 7 4
20131128 7 1 5
20131128 1 6 8
20131128 1 5 7
20131128 1 2 8
20131128 1 2 7
20131206 1 3 4
20131206 3 5 7
20131206 2 7 3
20131206 4 5 1
20131206 1 7 4
20131206 3 7 5
20131206 2 7 1
20131206 3 2 8
20131206 5 4 3
20131206 2 9 5
20131207 5 2 7
20131207 4 3 5
20131207 1 3 4
20131207 2 7 1
20131207 1 4 2
20131207 4 7 5
20131207 4 2 5
20131207 1 2 3
20131207 1 2 9
20131207 7 2 1
20131207 3 9 5
20131208 5 3 7
20131208 1 3 5
20131208 7 5 3
20131208 1 4 2
20131208 7 2 5
20131208 1 3 2
20131208 1 3 6
20131208 7 2 9
20131208 9 4 2
20131208 7 2 8
20131224 2 3 7
20131224 2 9 4
20131224 4 2 6
20131224 5 1 2
20131224 1 2 4
20131224 7 1 4
20131224 1 9 3
20131224 4 1 9
20131224 5 1 7
20131224 1 4 5
20131224 3 4 6
20131224 3 6 4
20131225 3 7 9
20131225 9 1 3
20131225 9 3 2
20131225 3 9 1
20131225 3 2 1
20131225 7 5 3
20131225 2 1 9
20131225 3 1 8
20131225 5 2 3
20131225 1 2 9
20131225 5 7 8
20131226 1 9 5
20131226 3 4 7
20131226 1 9 4
20131226 9 1 2
20131226 5 3 7
20131226 6 4 9
20131226 3 5 2
20131226 3 5 8
20131226 4 5 2
20131226 1 5 3
20131226 1 6 3
20131231 2 4 5
20131231 3 4 2
20131231 2 4 1
20131231 7 3 2
20131231 5 1 2
20131231 3 5 8
20131231 1 7 4
20131231 5 2 9
20131231 6 9 5
20131231 9 1 6
20140101 2 5 4
20140101 3 7 1
20140101 4 1 6
20140101 7 1 3
20140101 1 4 6
20140101 9 3 1
20140101 7 5 1
20140101 3 7 2
20140101 1 7 9
20140101 3 9 7
20140102 5 3 1
20140102 3 2 5
20140102 3 5 4
20140102 4 5 7
20140102 5 2 8
20140102 7 6 8
20140102 5 3 6
20140102 8 7 5
20140102 7 2 1
20140102 1 6 5
20140128 9 1 3
20140128 1 2 3
20140128 9 1 2
20140128 2 5 8
20140128 3 5 1
20140128 7 4 9
20140128 7 2 5
20140128 1 8 7
20140128 9 1 2
20140128 1 6 9
20140128 1 5 4
20140129 9 3 8
20140129 7 2 3
20140129 8 3 7
20140129 9 5 1
20140129 9 2 7
20140129 8 5 7
20140129 5 9 3
20140129 1 4 2
20140129 3 5 2
20140129 5 2 9
20140129 1 5 6
20140130 1 7 4
20140130 8 4 2
20140130 9 5 2
20140130 1 6 2
20140130 5 1 6
20140130 9 3 4
20140130 5 9 3
20140130 1 9 5
20140130 1 7 4
20140130 7 4 2
20140130 7 3 4
20140204 2 4 3
20140204 5 1 3
20140204 7 3 5
20140204 2 4 5
20140204 2 7 4
20140204 2 4 9
20140204 7 5 1
20140204 8 7 1
20140204 3 7 2
20140204 2 1 8
20140205 4 3 5
20140205 3 6 4
20140205 3 6 7
20140205 4 5 3
20140205 5 1 7
20140205 3 7 6
20140205 8 3 7
20140205 2 5 9
20140205 2 9 4
20140205 3 1 7
20140206 2 5 6
20140206 7 3 1
20140206 4 1 3
20140206 5 6 7
20140206 2 5 1
20140206 6 7 2
20140206 4 6 3
20140206 3 5 9
20140206 1 7 9
20140206 9 5 7
20140219 2 1 5
20140219 2 1 7
20140219 3 4 7
20140219 7 3 5
20140219 7 4 1
20140219 1 7 4
20140219 1 4 6
20140219 7 2 3
20140219 1 8 7
20140219 3 6 8
20140220 2 5 7
20140220 6 5 4
20140220 1 2 3
20140220 1 5 6
20140220 6 7 2
20140220 6 3 1
20140220 1 9 3
20140220 7 1 9
20140220 5 8 3
20140221 2 5 7
20140221 5 4 6
20140221 4 3 5
20140221 6 5 4
20140221 7 1 6
20140221 7 2 8
20140221 5 4 3
20140221 1 3 9
20140221 5 6 9
20140221 3 5 7
20140304 2 5 4
20140304 2 7 6
20140304 3 1 7
20140304 2 5 4
20140304 1 4 7
20140304 5 4 3
20140304 3 1 7
20140304 3 9 5
20140304 7 1 3
20140304 8 7 4
20140305 2 5 3
20140305 1 2 4
20140305 5 1 7
20140305 4 1 2
20140305 2 3 4
20140305 7 3 1
20140305 2 1 7
20140305 2 1 9
20140305 1 3 9
20140305 9 5 3
20140305 5 1 2
20140306 7 2 4
20140306 4 3 2
20140306 2 1 5
20140306 2 3 4
20140306 3 5 9
20140306 4 1 5
20140306 5 6 2
20140306 3 1 7
20140306 1 9 2
20140314 1 9 3
20140314 2 4 1
20140314 3 1 5
20140314 2 4 1
20140314 8 2 3
20140314 7 4 9
20140314 1 9 3
20140314 2 1 3
20140314 2 8 7
20140314 5 3 1
20140314 3 5 7
20140315 5 2 7
20140315 3 7 1
20140315 5 1 6
20140315 3 2 4
20140315 9 3 6
20140315 1 8 5
20140315 5 9 2
20140315 9 1 7
20140315 4 7 3
20140315 7 2 5
20140315 1 5 7
20140316 5 3 4
20140316 2 9 1
20140316 3 9 5
20140316 9 1 6
20140316 5 7 9
20140316 7 8 1
20140316 7 2 4
20140316 1 9 2
20140316 9 6 2
20140316 1 9 2
20140316 3 5 2
20140407 1 2 4
20140407 5 1 7
20140407 3 1 5
20140407 5 4 2
20140407 4 7 3
20140407 7 9 8
20140407 7 1 3
20140407 7 2 3
20140407 7 3 1
20140407 9 3 7
20140408 5 3 6
20140408 1 5 2
20140408 3 2 1
20140408 7 2 5
20140408 1 4 2
20140408 5 1 8
20140408 2 7 3
20140408 7 1 5
20140408 5 1 7
20140408 9 1 5
20140409 1 5 7
20140409 3 1 5
20140409 4 1 2
20140409 3 1 4
20140409 2 7 3
20140409 9 7 1
20140409 1 7 2
20140409 2 5 7
20140409 7 9 2
20140409 1 7 5
20140412 2 4 3
20140412 7 3 1
20140412 5 3 7
20140412 4 1 5
20140412 5 7 4
20140412 3 9 1
20140412 7 1 5
20140412 9 7 1
20140412 6 9 1
20140412 2 5 1
20140413 1 2 5
20140413 3 5 2
20140413 3 5 7
20140413 1 2 5
20140413 3 1 2
20140413 9 2 1
20140413 7 1 6
20140413 2 6 1
20140413 7 3 1
20140413 9 2 1
20140414 1 5 2
20140414 7 3 2
20140414 7 3 5
20140414 5 1 3
20140414 7 2 1
20140414 5 9 1
20140414 2 1 7
20140414 6 1 7
20140414 5 6 1
20140414 9 8 1
20140414 3 6 9
20140512 5 1 8
20140512 9 8 7
20140512 3 9 7
20140512 9 1 7
20140512 5 2 3
20140512 5 9 8
20140512 7 4 3
20140512 4 3 8
20140512 1 5 2
20140512 9 1 5
20140512 9 2 1
20140513 2 5 1
20140513 8 1 9
20140513 2 4 3
20140513 1 3 2
20140513 3 1 7
20140513 2 1 5
20140513 2 1 4
20140513 1 7 4
20140513 1 5 2
20140513 5 3 8
20140513 4 8 1
20140514 7 9 1
20140514 4 9 3
20140514 2 7 3
20140514 5 7 8
20140514 2 7 9
20140514 5 6 8
20140514 1 5 7
20140514 2 9 3
20140514 2 8 5
20140514 1 7 9
20140514 2 5 3
20140602 5 9 1
20140602 7 3 5
20140602 3 5 7
20140602 5 2 8
20140602 7 2 9
20140602 2 3 9
20140602 7 3 9
20140602 7 1 6
20140602 4 3 9
20140602 3 2 9
20140602 2 9 8
20140603 1 4 7
20140603 1 7 9
20140603 2 9 7
20140603 5 2 9
20140603 7 2 6
20140603 7 2 9
20140603 2 1 3
20140603 7 2 3
20140603 3 1 9
20140603 9 5 7
20140603 5 7 2
20140604 5 2 4
20140604 3 9 8
20140604 4 5 8
20140604 5 2 7
20140604 7 5 2
20140604 7 3 6
20140604 5 1 2
20140604 2 5 9
20140604 2 5 6
20140604 5 6 3
20140604 3 2 1
20140707 5 2 1
20140707 5 7 4
20140707 3 1 2
20140707 4 7 3
20140707 1 7 3
20140707 9 4 7
20140707 3 7 9
20140707 1 2 9
20140707 1 7 2
20140707 7 1 2
20140708 5 2 6
20140708 7 2 3
20140708 1 3 5
20140708 1 6 7
20140708 7 3 4
20140708 3 4 7
20140708 1 3 5
20140708 5 7 2
20140708 7 2 1
20140708 7 1 9
20140709 1 2 4
20140709 1 3 4
20140709 2 5 4
20140709 2 5 7
20140709 1 4 5
20140709 7 5 8
20140709 5 3 1
20140709 2 3 1
20140709 3 4 7
20140709 3 1 8
20140709 9 3 5
20140804 1 9 2
20140804 9 5 2
20140804 3 1 2
20140804 2 5 4
20140804 7 9 6
20140804 4 2 7
20140804 3 7 1
20140804 5 9 1
20140804 2 9 4
20140804 3 5 9
20140804 1 7 2
20140805 6 2 4
20140805 1 2 5
20140805 3 9 7
20140805 7 1 5
20140805 7 1 5
20140805 7 1 3
20140805 9 4 5
20140805 3 8 1
20140805 5 2 7
20140805 2 5 8
20140805 8 3 9
20140806 1 5 3
20140806 9 6 3
20140806 1 3 6
20140806 9 5 8
20140806 3 1 2
20140806 3 9 7
20140806 7 1 8
20140806 5 1 7
20140806 8 1 2
20140806 7 8 3
20140806 1 3 5
20140811 1 7 3
20140811 1 7 3
20140811 4 1 7
20140811 5 2 3
20140811 4 7 2
20140811 6 1 5
20140811 4 3 5
20140811 7 1 8
20140811 2 9 5
20140811 8 7 9
20140811 8 9 7
20140812 1 4 3
20140812 4 1 6
20140812 2 7 3
20140812 3 2 1
20140812 1 6 4
20140812 9 2 4
20140812 3 2 9
20140812 7 5 4
20140812 2 9 4
20140813 7 6 5
20140813 2 4 3
20140813 7 4 1
20140813 4 7 1
20140813 8 7 2
20140813 1 2 9
20140813 7 3 2
20140813 1 3 8
20140813 5 4 8
20140813 1 5 7
20140917 2 3 5
20140917 1 7 2
20140917 3 5 1
20140917 1 3 6
20140917 3 5 2
20140917 1 3 7
20140917 1 8 6
20140917 9 1 3
20140917 3 9 2
20140917 3 9 8
20140918 4 1 2
20140918 5 7 1
20140918 3 2 7
20140918 2 7 5
20140918 1 6 4
20140918 6 3 5
20140918 2 9 6
20140918 1 5 9
20140918 7 3 5
20140918 1 5 7
20140919 3 2 4
20140919 7 2 1
20140919 2 1 3
20140919 5 3 7
20140919 2 9 7
20140919 7 1 5
20140919 2 7 3
20140919 3 9 4
20140919 1 5 7
20140919 2 1 4
20140924 2 4 6
20140924 1 7 5
20140924 7 3 2
20140924 1 2 7
20140924 4 7 2
20140924 2 5 1
20140924 8 7 3
20140924 7 1 4
20140924 3 2 1
20140924 9 1 4
20140925 1 2 3
20140925 1 4 5
20140925 2 1 7
20140925 1 4 5
20140925 2 5 1
20140925 1 7 3
20140925 5 9 7
20140925 2 1 7
20140925 3 2 5
20140925 2 3 9
20140926 1 4 2
20140926 2 7 1
20140926 3 2 4
20140926 2 4 5
20140926 9 1 2
20140926 5 7 1
20140926 3 6 5
20140926 3 8 6
20140926 4 2 1
20140926 9 4 1
20141018 3 7 1
20141018 5 2 7
20141018 8 3 9
20141018 7 2 1
20141018 9 3 6
20141018 4 9 7
20141018 5 3 7
20141018 1 2 6
20141018 9 5 1
20141018 2 4 8
20141018 9 5 2
20141018 7 3 6
20141019 1 4 3
20141019 1 8 5
20141019 7 1 6
20141019 2 1 6
20141019 5 1 7
20141019 9 5 3
20141019 9 1 3
20141019 9 3 2
20141019 9 3 2
20141019 2 9 5
20141019 5 1 2
20141019 7 1 9
20141020 9 7 4
20141020 4 3 8
20141020 3 9 5
20141020 5 9 1
20141020 7 9 1
20141020 5 1 9
20141020 5 1 9
20141020 5 9 1
20141020 3 4 9
20141020 1 8 2
20141020 3 5 2
20141020 2 4 5
20141020 9 1 3
20141021 9 3 7
20141021 2 5 9
20141021 3 1 9
20141021 8 7 1
20141021 5 1 7
20141021 2 8 9
20141021 7 2 9
20141021 9 4 3
20141021 2 5 8
20141021 5 1 8
20141021 1 5 4
20141110 6 3 5
20141110 1 9 4
20141110 2 9 5
20141110 5 3 7
20141110 9 1 5
20141110 1 7 5
20141110 5 2 3
20141110 9 3 6
20141110 3 1 7
20141110 2 4 7
20141110 1 2 9
20141111 2 9 1
20141111 1 7 9
20141111 9 4 5
20141111 3 1 5
20141111 7 4 9
20141111 1 9 2
20141111 3 5 7
20141111 3 7 1
20141111 3 2 8
20141111 5 3 1
20141111 3 5 2
20141112 3 9 8
20141112 9 1 3
20141112 5 1 3
20141112 3 8 9
20141112 1 9 6
20141112 9 5 2
20141112 1 6 7
20141112 8 1 7
20141112 3 7 4
20141112 1 5 6
20141112 1 3 7
20141211 1 7 4
20141211 9 6 5
20141211 9 1 3
20141211 3 2 9
20141211 2 7 4
20141211 9 1 7
20141211 2 8 4
20141211 4 3 2
20141211 5 1 9
20141211 9 2 3
20141211 3 2 7
20141212 4 1 9
20141212 1 3 2
20141212 4 2 3
20141212 2 1 3
20141212 7 9 1
20141212 5 3 8
20141212 1 4 2
20141212 4 1 2
20141212 7 3 5
20141212 5 1 3
20141212 9 3 5
20141213 2 1 9
20141213 9 3 1
20141213 4 1 9
20141213 4 2 3
20141213 8 1 5
20141213 9 3 4
20141213 2 7 6
20141213 7 3 9
20141213 5 1 7
20141213 1 9 5
20141213 1 2 9
20150108 4 1 5
20150108 2 7 4
20150108 2 6 7
20150108 4 5 7
20150108 3 5 7
20150108 9 1 7
20150108 2 8 4
20150108 1 7 5
20150108 2 7 8
20150108 2 9 7
20150109 4 5 1
20150109 3 5 2
20150109 1 5 6
20150109 7 5 6
20150109 1 7 3
20150109 3 5 2
20150109 1 5 9
20150109 1 7 9
20150109 6 9 5
20150109 7 1 5
20150110 6 5 4
20150110 5 1 3
20150110 3 7 4
20150110 3 5 6
20150110 4 7 1
20150110 2 7 4
20150110 2 6 4
20150110 5 1 9
20150110 8 1 2
20150110 3 5 8
20150123 7 5 1
20150123 2 7 3
20150123 2 4 1
20150123 1 3 4
20150123 5 1 7
20150123 2 7 3
20150123 3 1 5
20150123 9 1 2
20150123 5 3 8
20150123 7 9 3
20150124 4 7 5
20150124 1 2 4
20150124 3 4 2
20150124 1 7 3
20150124 1 5 3
20150124 4 3 9
20150124 5 2 1
20150124 1 2 7
20150124 1 2 9
20150124 3 5 9
20150125 2 5 3
20150125 1 2 5
20150125 5 1 4
20150125 1 2 4
20150125 7 2 9
20150125 1 3 5
20150125 2 7 3
20150125 3 2 7
20150125 3 7 1
20150125 2 9 6
20150225 5 2 1
20150225 2 8 3
20150225 3 4 2
20150225 1 7 2
20150225 2 5 1
20150225 4 5 3
20150225 1 4 8
20150225 2 1 9
20150225 5 2 7
20150225 2 7 3
20150225 1 5 2
20150226 7 9 3
20150226 5 4 1
20150226 6 2 9
20150226 2 4 5
20150226 3 5 1
20150226 5 2 9
20150226 3 7 2
20150226 8 3 1
20150226 5 3 9
20150226 1 7 9
20150226 9 2 5
20150227 5 2 9
20150227 2 3 7
20150227 4 3 9
20150227 5 1 9
20150227 1 7 5
20150227 1 5 3
20150227 5 7 1
20150227 2 9 7
20150227 1 7 2
20150227 7 1 9
20150227 9 3 1
20150306 1 6 2
20150306 4 1 5
20150306 3 4 7
20150306 7 6 1
20150306 4 1 5
20150306 1 5 6
20150306 4 7 1
20150306 9 7 1
20150306 1 5 2
20150306 6 7 1
20150307 2 3 4
20150307 2 1 5
20150307 7 5 2
20150307 7 3 1
20150307 5 1 7
20150307 8 5 3
20150307 4 7 9
20150307 7 2 9
20150307 7 5 4
20150307 5 1 6
20150308 3 2 4
20150308 1 7 2
20150308 3 5 4
20150308 7 1 5
20150308 7 3 1
20150308 7 1 3
20150308 2 3 7
20150308 2 5 9
20150308 2 3 5
20150308 1 9 3
20150413 9 2 3
20150413 7 3 2
20150413 7 1 8
20150413 3 9 1
20150413 9 2 4
20150413 7 3 4
20150413 2 3 9
20150413 3 9 4
20150413 1 5 3
20150413 9 1 5
20150413 1 8 4
20150414 3 6 1
20150414 9 2 4
20150414 5 1 3
20150414 5 3 7
20150414 3 9 7
20150414 4 1 8
20150414 5 2 9
20150414 2 3 5
20150414 9 5 1
20150414 3 9 5
20150414 7 1 9
20150415 2 5 3
20150415 7 9 2
20150415 5 9 8
20150415 9 3 1
20150415 1 7 4
20150415 7 9 5
20150415 5 9 1
20150415 5 1 7
20150415 3 9 2
20150415 7 4 2
20150415 3 6 1
20150420 3 7 2
20150420 5 1 3
20150420 1 3 7
20150420 1 5 7
20150420 1 4 7
20150420 7 2 4
20150420 7 3 1
20150420 1 9 2
20150420 6 5 1
20150420 4 6 2
20150421 1 7 5
20150421 3 7 2
20150421 3 7 1
20150421 2 7 4
20150421 3 1 7
20150421 7 2 1
20150421 5 3 9
20150421 9 5 1
20150421 2 1 6
20150421 5 9 6
20150422 7 1 4
20150422 2 7 3
20150422 4 5 7
20150422 1 6 7
20150422 5 3 4
20150422 3 9 5
20150422 7 5 1
20150422 2 9 3
20150422 1 5 3
20150422 5 1 3
20150422 3 2 7
20150512 4 5 7
20150512 4 3 1
20150512 3 7 1
20150512 4 1 5
20150512 1 5 4
20150512 2 8 1
20150512 1 2 5
20150512 9 1 8
20150512 5 2 9
20150512 3 2 5
20150513 2 4 6
20150513 7 4 2
20150513 6 2 3
20150513 2 7 1
20150513 7 1 2
20150513 3 2 8
20150513 7 1 9
20150513 9 1 2
20150513 1 3 2
20150513 4 5 7
20150514 2 3 1
20150514 5 7 6
20150514 2 3 5
20150514 6 7 4
20150514 7 4 1
20150514 3 1 7
20150514 7 3 2
20150514 1 9 7
20150514 9 6 1
20150514 7 1 4
20150523 5 3 1
20150523 4 7 3
20150523 4 2 5
20150523 1 7 4
20150523 5 1 4
20150523 7 1 4
20150523 9 4 3
20150523 4 9 3
20150523 2 5 7
20150523 8 3 9
20150524 5 1 4
20150524 7 1 5
20150524 1 4 5
20150524 2 1 7
20150524 5 2 4
20150524 5 7 8
20150524 9 1 5
20150524 1 9 6
20150524 5 9 3
20150524 2 5 6
20150525 1 3 2
20150525 7 1 4
20150525 1 5 6
20150525 7 2 3
20150525 1 7 9
20150525 2 7 8
20150525 3 2 7
20150525 5 2 8
20150525 5 7 9
20150525 5 3 9
20150603 3 2 5
20150603 9 4 1
20150603 2 7 1
20150603 9 4 3
20150603 5 6 7
20150603 9 3 1
20150603 1 7 9
20150603 3 9 6
20150603 2 9 5
20150603 7 1 3
20150603 9 5 2
20150604 9 5 2
20150604 4 1 9
20150604 2 9 3
20150604 5 7 9
20150604 1 7 9
20150604 1 7 9
20150604 4 1 3
20150604 3 8 4
20150604 5 2 7
20150604 1 2 3
20150604 7 5 2
20150605 3 6 9
20150605 3 2 5
20150605 8 5 1
20150605 2 5 6
20150605 1 4 9
20150605 5 1 6
20150605 4 5 7
20150605 1 9 2
20150605 3 7 1
20150605 2 1 5
20150605 9 3 7
20150610 2 1 7
20150610 7 5 2
20150610 3 2 4
20150610 7 1 4
20150610 3 4 5
20150610 8 1 6
20150610 3 7 2
20150610 2 1 7
20150610 4 9 1
20150610 3 1 9
