20120314 3 9 5
20120314 2 5 1
20120314 1 9 4
20120314 4 7 1
20120314 7 3 1
20120314 2 5 6
20120314 1 9 5
20120314 2 3 9
20120314 1 6 2
20120314 9 3 6
20120314 1 3 8
20120314 3 4 7
20120315 4 7 2
20120315 5 2 7
20120315 9 4 2
20120315 7 3 5
20120315 8 7 5
20120315 6 1 9
20120315 2 5 4
20120315 8 3 1
20120315 4 3 9
20120315 3 1 8
20120315 9 2 1
20120315 7 5 1
20120316 3 9 4
20120316 5 2 4
20120316 5 9 1
20120316 1 5 2
20120316 2 9 4
20120316 9 2 7
20120316 5 1 7
20120316 3 4 1
20120316 1 4 8
20120316 5 3 6
20120316 7 1 6
20120316 9 2 3
20120328 2 3 7
20120328 2 1 6
20120328 7 2 1
20120328 2 3 5
20120328 7 3 2
20120328 7 1 4
20120328 2 1 5
20120328 3 1 5
20120328 7 2 9
20120328 1 9 5
20120328 4 2 9
20120329 1 2 7
20120329 2 3 1
20120329 5 7 1
20120329 5 1 7
20120329 1 5 7
20120329 7 2 8
20120329 1 3 5
20120329 1 9 4
20120329 3 4 7
20120329 8 7 2
20120329 2 7 9
20120330 3 7 1
20120330 1 3 5
20120330 7 6 3
20120330 3 5 6
20120330 6 1 7
20120330 5 7 3
20120330 1 5 3
20120330 7 8 3
20120330 9 1 5
20120330 1 7 5
20120330 9 3 2
20120405 1 9 3
20120405 7 1 6
20120405 1 9 5
20120405 3 2 7
20120405 5 7 3
20120405 1 5 9
20120405 5 2 9
20120405 7 9 3
20120405 7 1 9
20120405 2 3 9
20120405 3 7 9
20120406 7 1 2
20120406 3 7 4
20120406 7 8 2
20120406 7 1 2
20120406 9 2 7
20120406 9 1 8
20120406 7 9 3
20120406 2 4 5
20120406 7 1 2
20120406 4 1 2
20120406 4 1 5
20120406 1 5 3
20120407 2 4 3
20120407 2 5 1
20120407 5 2 1
20120407 3 7 5
20120407 2 6 3
20120407 6 5 8
20120407 3 7 8
20120407 2 5 7
20120407 5 2 7
20120407 3 1 8
20120407 9 7 2
20120407 5 3 8
20120407 2 5 1
20120408 4 7 1
20120408 2 9 1
20120408 8 1 2
20120408 7 5 2
20120408 9 4 1
20120408 1 4 5
20120408 8 7 9
20120408 9 1 3
20120408 9 2 5
20120408 3 5 1
20120408 3 5 2
20120511 4 1 7
20120511 2 7 3
20120511 9 7 1
20120511 1 5 8
20120511 5 1 2
20120511 4 3 8
20120511 8 9 4
20120511 7 1 4
20120511 1 9 4
20120511 7 3 6
20120511 4 1 3
20120511 1 8 5
20120512 1 8 7
20120512 5 3 2
20120512 2 3 7
20120512 4 9 7
20120512 2 5 3
20120512 3 5 2
20120512 1 3 6
20120512 7 4 5
20120512 4 7 5
20120512 5 3 9
20120512 9 2 7
20120512 4 2 9
20120513 1 2 5
20120513 4 8 7
20120513 9 3 7
20120513 1 5 7
20120513 1 7 5
20120513 8 7 2
20120513 7 9 2
20120513 5 1 9
20120513 2 1 7
20120513 3 5 9
20120513 7 1 2
20120513 9 1 5
20120519 3 7 1
20120519 2 7 3
20120519 1 7 6
20120519 3 7 5
20120519 7 2 1
20120519 9 3 6
20120519 9 2 1
20120519 1 7 6
20120519 7 3 4
20120519 2 7 5
20120519 5 4 6
20120520 7 3 2
20120520 2 4 5
20120520 1 4 2
20120520 3 1 2
20120520 2 4 5
20120520 3 9 8
20120520 8 1 7
20120520 2 7 9
20120520 1 5 4
20120520 3 9 8
20120520 2 1 3
20120521 2 5 6
20120521 5 2 3
20120521 3 5 2
20120521 7 2 1
20120521 2 3 6
20120521 9 3 4
20120521 2 8 7
20120521 9 8 5
20120521 1 7 2
20120521 1 3 5
20120521 9 8 1
20120607 4 8 7
20120607 7 2 1
20120607 9 2 6
20120607 9 1 5
20120607 5 1 8
20120607 5 7 3
20120607 2 9 6
20120607 4 1 7
20120607 7 5 9
20120607 9 2 6
20120607 2 9 6
20120608 8 3 5
20120608 1 6 9
20120608 2 9 3
20120608 7 1 2
20120608 7 9 5
20120608 7 1 2
20120608 7 1 2
20120608 1 3 5
20120608 2 1 7
20120608 1 7 2
20120608 2 5 7
20120609 5 3 9
20120609 7 3 9
20120609 8 9 7
20120609 3 9 1
20120609 1 8 2
20120609 7 1 5
20120609 5 2 7
20120609 3 9 7
20120609 2 7 8
20120609 2 7 9
20120609 7 3 9
20120610 9 7 6
20120610 7 3 9
20120610 8 5 9
20120610 1 5 2
20120610 9 3 5
20120610 8 5 1
20120610 9 1 3
20120610 7 9 1
20120610 3 8 4
20120610 3 9 2
20120610 1 9 5
20120618 3 1 5
20120618 4 7 5
20120618 1 5 4
20120618 3 5 6
20120618 2 5 3
20120618 5 1 2
20120618 3 1 7
20120618 5 3 9
20120618 6 5 4
20120618 1 7 8
20120618 1 7 2
20120619 7 3 6
20120619 2 3 7
20120619 1 2 3
20120619 5 3 2
20120619 1 3 4
20120619 1 7 9
20120619 2 7 9
20120619 9 1 3
20120619 7 3 9
20120619 9 2 7
20120619 9 1 4
20120620 5 2 3
20120620 1 5 3
20120620 7 3 5
20120620 2 6 3
20120620 6 5 2
20120620 2 8 9
20120620 8 9 3
20120620 1 7 2
20120620 2 1 9
20120620 7 1 5
20120620 3 1 4
20120710 8 1 6
20120710 9 1 2
20120710 2 5 9
20120710 5 7 1
20120710 7 3 9
20120710 1 7 9
20120710 2 5 3
20120710 2 7 3
20120710 3 5 2
20120710 7 2 4
20120710 2 5 8
20120711 2 9 8
20120711 8 1 6
20120711 1 6 3
20120711 2 1 9
20120711 3 1 5
20120711 9 5 7
20120711 2 5 3
20120711 6 7 3
20120711 1 3 8
20120711 7 8 5
20120711 5 2 3
20120712 9 2 4
20120712 3 1 8
20120712 6 3 9
20120712 1 8 5
20120712 3 9 4
20120712 7 9 2
20120712 2 9 3
20120712 3 5 8
20120712 7 1 4
20120712 8 7 2
20120712 9 5 7
20120717 7 1 3
20120717 7 3 1
20120717 1 4 2
20120717 1 5 7
20120717 3 7 2
20120717 9 3 4
20120717 7 9 2
20120717 2 3 1
20120717 1 5 2
20120717 1 9 7
20120717 1 3 9
20120718 3 7 5
20120718 2 7 1
20120718 5 3 7
20120718 5 3 2
20120718 6 7 2
20120718 5 6 3
20120718 5 7 9
20120718 5 2 9
20120718 3 7 4
20120718 9 3 6
20120718 1 4 5
20120719 6 3 1
20120719 3 5 2
20120719 4 6 1
20120719 3 6 2
20120719 5 1 7
20120719 6 9 3
20120719 2 5 7
20120719 1 7 3
20120719 7 1 2
20120719 1 8 9
20120719 9 2 4
20120825 9 3 2
20120825 2 3 9
20120825 2 5 3
20120825 7 5 3
20120825 1 7 9
20120825 7 2 3
20120825 2 9 7
20120825 9 4 5
20120825 9 4 3
20120825 5 1 9
20120825 9 7 2
20120826 1 7 4
20120826 1 2 7
20120826 7 3 4
20120826 2 4 8
20120826 2 3 5
20120826 7 4 8
20120826 9 5 6
20120826 2 3 9
20120826 1 3 7
20120826 8 7 9
20120826 6 1 9
20120827 1 8 4
20120827 2 4 5
20120827 1 7 5
20120827 9 1 7
20120827 3 4 1
20120827 7 5 3
20120827 3 4 6
20120827 3 6 1
20120827 7 9 5
20120827 7 3 8
20120827 2 4 1
20120913 7 3 4
20120913 7 6 3
20120913 3 5 4
20120913 7 2 1
20120913 1 3 2
20120913 1 6 5
20120913 4 2 1
20120913 3 5 7
20120913 5 7 1
20120913 9 2 4
20120913 1 7 5
20120914 1 2 5
20120914 1 3 5
20120914 3 2 4
20120914 1 7 3
20120914 5 1 4
20120914 5 3 1
20120914 5 7 3
20120914 4 2 9
20120914 1 3 7
20120914 7 1 3
20120914 7 1 8
20120915 3 7 1
20120915 3 1 7
20120915 7 3 5
20120915 1 7 3
20120915 9 2 3
20120915 9 5 8
20120915 2 5 6
20120915 8 7 1
20120915 2 3 5
20120915 3 5 8
20120915 5 9 7
20121010 2 5 1
20121010 5 1 8
20121010 1 4 8
20121010 1 5 2
20121010 3 5 1
20121010 2 7 4
20121010 2 6 3
20121010 9 1 5
20121010 5 9 1
20121010 8 4 9
20121010 1 7 5
20121011 9 5 1
20121011 7 1 6
20121011 1 9 4
20121011 1 4 5
20121011 1 2 8
20121011 3 9 6
20121011 8 3 9
20121011 1 7 4
20121011 1 5 2
20121011 1 7 4
20121011 7 1 2
20121012 5 2 9
20121012 5 9 2
20121012 9 7 5
20121012 2 7 1
20121012 3 9 4
20121012 9 3 5
20121012 1 2 4
20121012 1 8 6
20121012 1 8 3
20121012 3 2 1
20121012 3 2 8
20121012 9 7 1
20121022 7 1 3
20121022 8 1 3
20121022 2 7 5
20121022 2 1 3
20121022 5 9 7
20121022 1 8 5
20121022 9 4 3
20121022 1 5 7
20121022 7 8 4
20121022 1 3 9
20121022 9 5 8
20121023 4 3 9
20121023 3 6 5
20121023 1 5 7
20121023 5 3 2
20121023 7 2 5
20121023 2 3 7
20121023 2 9 3
20121023 3 9 4
20121023 3 7 1
20121023 1 7 3
20121023 1 7 5
20121024 9 1 5
20121024 2 4 5
20121024 5 3 1
20121024 8 3 2
20121024 9 1 7
20121024 8 2 9
20121024 1 9 4
20121024 2 3 7
20121024 2 8 1
20121024 9 7 1
20121024 3 5 2
20121110 2 3 1
20121110 3 2 1
20121110 7 2 5
20121110 3 2 7
20121110 1 3 2
20121110 8 7 3
20121110 9 1 7
20121110 1 7 3
20121110 9 5 4
20121110 1 7 3
20121110 4 7 6
20121111 3 2 4
20121111 7 5 2
20121111 5 3 1
20121111 1 7 2
20121111 3 7 2
20121111 5 2 7
20121111 9 1 5
20121111 9 5 2
20121111 4 1 7
20121111 1 7 2
20121111 1 2 9
20121112 7 1 3
20121112 7 3 1
20121112 7 4 2
20121112 5 3 4
20121112 8 3 9
20121112 8 1 5
20121112 1 7 3
20121112 2 1 3
20121112 2 9 6
20121112 1 5 9
20121112 1 3 2
20121123 7 4 3
20121123 1 5 3
20121123 1 2 7
20121123 1 5 3
20121123 1 5 7
20121123 9 5 2
20121123 5 6 2
20121123 9 1 5
20121123 5 2 3
20121123 3 8 7
20121123 1 2 9
20121124 7 1 4
20121124 1 4 5
20121124 3 2 4
20121124 3 1 7
20121124 2 4 5
20121124 1 4 3
20121124 7 4 9
20121124 1 7 9
20121124 1 5 3
20121124 2 1 9
20121124 5 2 7
20121125 7 3 2
20121125 5 2 6
20121125 2 3 1
20121125 3 1 7
20121125 2 9 8
20121125 5 2 1
20121125 4 3 2
20121125 1 5 6
20121125 3 7 1
20121125 5 3 7
20121125 1 2 5
20121205 3 6 5
20121205 1 3 5
20121205 2 5 7
20121205 3 7 5
20121205 1 5 3
20121205 9 3 2
20121205 9 2 7
20121205 7 3 1
20121205 1 5 9
20121205 2 9 7
20121205 1 4 2
20121206 3 2 7
20121206 7 1 6
20121206 3 1 7
20121206 2 1 6
20121206 5 3 2
20121206 3 5 9
20121206 7 4 1
20121206 4 7 3
20121206 5 1 7
20121206 7 8 9
20121206 2 3 7
20121207 7 1 3
20121207 2 5 1
20121207 4 7 2
20121207 3 1 6
20121207 5 1 3
20121207 9 2 4
20121207 7 1 6
20121207 2 7 3
20121207 4 5 6
20121207 9 7 1
20121207 3 5 2
20121228 2 3 4
20121228 1 2 5
20121228 5 2 7
20121228 3 2 7
20121228 3 2 5
20121228 1 7 5
20121228 5 2 3
20121228 7 4 3
20121228 1 9 4
20121228 5 1 7
20121228 5 4 8
20121229 5 2 4
20121229 5 2 3
20121229 3 2 4
20121229 7 4 5
20121229 5 1 3
20121229 2 7 3
20121229 1 8 2
20121229 3 2 9
20121229 2 9 3
20121229 2 9 7
20121229 1 7 9
20121230 1 5 6
20121230 5 1 4
20121230 7 4 6
20121230 3 7 4
20121230 3 7 5
20121230 9 1 2
20121230 1 3 5
20121230 1 9 7
20121230 9 2 3
20121230 5 1 7
20121230 1 5 6
20130108 7 3 2
20130108 1 5 3
20130108 2 7 5
20130108 7 1 4
20130108 1 2 5
20130108 9 3 4
20130108 1 5 9
20130108 7 2 4
20130108 7 4 2
20130108 7 2 9
20130108 1 2 9
20130108 8 1 5
20130109 7 6 3
20130109 7 2 1
20130109 5 1 6
20130109 5 2 1
20130109 1 5 7
20130109 8 3 5
20130109 4 7 1
20130109 7 2 6
20130109 4 1 2
20130109 7 3 5
20130109 3 7 5
20130110 5 7 1
20130110 1 2 3
20130110 2 1 3
20130110 2 3 1
20130110 5 3 9
20130110 2 6 9
20130110 5 4 7
20130110 5 2 9
20130110 5 7 9
20130110 2 9 5
20130110 1 5 2
20130123 3 7 2
20130123 1 3 2
20130123 4 7 3
20130123 2 7 1
20130123 4 3 1
20130123 2 5 3
20130123 7 9 3
20130123 3 5 1
20130123 7 2 8
20130123 1 7 4
20130123 2 6 9
20130124 6 4 5
20130124 3 2 1
20130124 4 2 5
20130124 5 7 4
20130124 2 7 3
20130124 3 9 5
20130124 5 3 1
20130124 4 2 5
20130124 5 4 3
20130124 7 9 3
20130124 1 3 7
20130125 5 3 1
20130125 2 5 3
20130125 2 6 1
20130125 6 4 2
20130125 2 7 9
20130125 3 2 7
20130125 6 3 7
20130125 7 5 9
20130125 2 8 3
20130125 5 3 8
20130125 3 2 5
20130212 3 9 7
20130212 8 3 4
20130212 7 1 2
20130212 9 1 6
20130212 9 7 2
20130212 1 3 5
20130212 8 2 5
20130212 2 7 9
20130212 2 9 3
20130212 5 1 3
20130212 8 7 1
20130213 7 9 1
20130213 1 2 5
20130213 2 1 3
20130213 2 9 5
20130213 7 2 5
20130213 1 9 6
20130213 6 1 3
20130213 4 3 1
20130213 2 9 3
20130213 2 7 9
20130213 7 3 5
20130214 1 9 3
20130214 7 3 4
20130214 4 1 5
20130214 2 9 7
20130214 6 2 7
20130214 7 1 5
20130214 2 7 9
20130214 8 1 7
20130214 1 2 3
20130214 9 4 1
20130214 9 6 1
20130315 5 9 1
20130315 7 2 1
20130315 1 4 5
20130315 3 1 9
20130315 1 9 7
20130315 5 4 9
20130315 5 9 4
20130315 1 9 7
20130315 7 3 5
20130315 5 7 1
20130315 9 3 4
20130315 9 2 4
20130316 5 9 1
20130316 9 3 2
20130316 6 2 4
20130316 2 9 3
20130316 2 9 7
20130316 1 9 3
20130316 5 3 8
20130316 5 8 1
20130316 6 1 9
20130316 1 7 2
20130316 2 9 1
20130317 5 2 7
20130317 2 7 5
20130317 5 1 9
20130317 7 1 5
20130317 5 2 8
20130317 1 6 3
20130317 2 1 4
20130317 5 6 1
20130317 8 4 3
20130317 5 8 6
20130317 2 7 4
20130404 5 2 8
20130404 7 2 8
20130404 2 1 8
20130404 1 7 9
20130404 7 3 5
20130404 3 5 4
20130404 1 7 8
20130404 9 1 5
20130404 7 4 1
20130404 3 9 4
20130404 3 4 1
20130405 3 2 9
20130405 7 3 8
20130405 9 1 3
20130405 7 2 1
20130405 2 5 8
20130405 1 8 7
20130405 2 9 5
20130405 7 1 5
20130405 7 4 2
20130405 1 9 4
20130405 3 9 5
20130406 3 4 7
20130406 3 1 5
20130406 3 9 4
20130406 5 6 9
20130406 5 4 3
20130406 5 8 4
20130406 2 1 3
20130406 2 4 3
20130406 2 9 8
20130406 2 3 9
20130406 3 7 5
20130406 7 8 4
20130407 7 5 9
20130407 6 9 1
20130407 1 2 7
20130407 7 4 5
20130407 7 5 1
20130407 9 1 5
20130407 5 3 9
20130407 4 5 1
20130407 2 8 7
20130407 1 5 4
20130407 7 2 8
20130507 1 3 7
20130507 5 2 3
20130507 7 1 4
20130507 5 1 3
20130507 5 2 1
20130507 9 7 5
20130507 2 3 9
20130507 1 3 7
20130507 1 9 5
20130507 7 2 5
20130508 3 1 7
20130508 5 2 3
20130508 3 7 1
20130508 2 5 1
20130508 7 3 5
20130508 3 7 2
20130508 5 1 2
20130508 2 7 3
20130508 7 2 3
20130508 3 1 2
20130509 3 2 1
20130509 2 1 3
20130509 1 2 4
20130509 1 5 7
20130509 9 3 1
20130509 1 9 4
20130509 4 5 7
20130509 7 1 3
20130509 3 7 5
20130509 5 2 7
20130517 7 1 3
20130517 1 3 6
20130517 4 1 2
20130517 5 1 2
20130517 1 5 2
20130517 3 9 2
20130517 2 1 9
20130517 1 7 3
20130517 9 5 1
20130517 1 2 3
20130518 7 3 5
20130518 1 3 5
20130518 2 5 7
20130518 7 1 5
20130518 5 3 6
20130518 9 3 1
20130518 9 2 7
20130518 7 3 9
20130518 2 5 9
20130518 5 2 7
20130519 3 2 4
20130519 4 1 6
20130519 1 3 7
20130519 5 7 3
20130519 5 3 4
20130519 9 1 3
20130519 2 4 7
20130519 1 5 8
20130519 7 1 3
20130519 8 7 1
20130617 1 7 4
20130617 2 7 5
20130617 3 7 1
20130617 3 2 7
20130617 1 7 2
20130617 5 7 6
20130617 3 7 1
20130617 9 3 5
20130617 1 9 4
20130617 5 2 1
20130618 1 5 4
20130618 4 2 1
20130618 1 5 6
20130618 3 1 4
20130618 7 2 6
20130618 9 1 5
20130618 2 9 7
20130618 3 9 5
20130618 7 2 1
20130618 9 1 2
20130619 7 3 1
20130619 2 1 3
20130619 1 3 4
20130619 2 3 7
20130619 1 5 3
20130619 1 5 7
20130619 3 2 1
20130619 7 4 5
20130619 3 9 7
20130619 3 1 7
20130709 1 5 7
20130709 1 7 3
20130709 2 3 9
20130709 3 7 4
20130709 1 9 7
20130709 1 3 9
20130709 9 8 4
20130709 3 7 2
20130709 5 3 9
20130709 7 9 2
20130709 3 7 4
20130710 3 9 1
20130710 2 1 7
20130710 9 8 2
20130710 2 5 9
20130710 3 2 9
20130710 3 5 1
20130710 3 2 1
20130710 4 9 2
20130710 7 3 1
20130710 3 9 2
20130710 3 5 2
20130711 7 1 2
20130711 3 1 4
20130711 5 2 7
20130711 7 5 8
20130711 1 3 7
20130711 2 1 7
20130711 2 7 4
20130711 3 5 4
20130711 7 4 5
20130711 1 9 7
20130711 2 3 4
20130719 2 1 8
20130719 3 1 7
20130719 2 5 7
20130719 1 6 7
20130719 4 1 2
20130719 7 5 1
20130719 9 4 1
20130719 3 7 9
20130719 4 3 7
20130719 7 5 1
20130719 7 9 1
20130720 9 3 8
20130720 1 2 9
20130720 1 3 2
20130720 9 2 6
20130720 9 2 4
20130720 1 9 6
20130720 3 5 7
20130720 4 2 8
20130720 1 7 3
20130720 1 3 7
20130720 5 9 4
20130721 3 4 7
20130721 1 3 4
20130721 2 3 5
20130721 7 9 3
20130721 8 6 3
20130721 2 1 5
20130721 1 2 7
20130721 1 2 5
20130721 2 4 7
20130721 7 5 1
20130721 2 3 5
20130809 3 1 7
20130809 3 1 8
20130809 9 2 7
20130809 5 3 7
20130809 3 9 2
20130809 8 6 1
20130809 3 5 2
20130809 2 4 8
20130809 1 5 3
20130809 1 5 9
20130809 8 2 3
20130810 9 2 5
20130810 1 7 4
20130810 2 1 8
20130810 9 1 7
20130810 4 3 9
20130810 5 1 3
20130810 2 7 5
20130810 8 2 1
20130810 5 7 1
20130810 3 9 5
20130810 3 7 5
20130811 1 2 4
20130811 7 5 1
20130811 3 1 2
20130811 1 5 6
20130811 1 7 3
20130811 3 7 4
20130811 9 7 2
20130811 9 5 2
20130811 2 6 5
20130811 2 5 8
20130811 7 3 9
20130906 1 5 7
20130906 3 5 2
20130906 1 2 7
20130906 5 1 7
20130906 7 2 5
20130906 3 9 4
20130906 7 2 6
20130906 3 1 5
20130906 2 5 3
20130906 1 6 5
20130907 5 7 2
20130907 5 7 6
20130907 1 6 7
20130907 5 2 7
20130907 5 1 3
20130907 9 3 1
20130907 5 2 7
20130907 2 5 1
20130907 4 3 8
20130907 5 9 7
20130908 7 3 2
20130908 7 5 1
20130908 2 7 1
20130908 3 2 5
20130908 1 8 7
20130908 2 7 1
20130908 2 3 7
20130908 3 2 4
20130908 1 3 4
20130908 1 5 8
20130919 5 2 4
20130919 5 2 3
20130919 7 1 5
20130919 2 5 7
20130919 2 5 6
20130919 1 5 2
20130919 2 9 3
20130919 1 3 4
20130919 2 9 4
20130919 8 3 4
20130920 5 1 2
20130920 4 3 2
20130920 1 5 2
20130920 5 3 7
20130920 5 4 2
20130920 5 1 6
20130920 1 5 3
20130920 9 3 2
20130920 2 5 1
20130920 9 2 1
20130921 1 2 5
20130921 4 3 5
20130921 7 3 2
20130921 7 2 5
20130921 2 7 4
20130921 5 9 8
20130921 3 4 1
20130921 5 8 2
20130921 3 9 5
20130921 9 5 6
20131014 2 9 5
20131014 3 9 1
20131014 2 9 7
20131014 5 6 9
20131014 4 2 9
20131014 2 9 1
20131014 1 3 2
20131014 5 2 9
20131014 7 5 4
20131014 9 7 3
20131014 9 3 4
20131015 9 7 4
20131015 1 5 2
20131015 1 7 2
20131015 3 7 1
20131015 1 2 9
20131015 3 1 5
20131015 7 1 5
20131015 3 7 1
20131015 3 2 7
20131015 9 1 8
20131015 2 7 3
20131016 3 9 1
20131016 1 5 8
20131016 3 4 9
20131016 9 2 1
20131016 9 3 6
20131016 9 2 4
20131016 9 1 7
20131016 5 3 4
20131016 3 7 2
20131016 1 2 9
20131016 1 2 3
20131025 3 7 1
20131025 1 7 3
20131025 7 2 1
20131025 3 1 2
20131025 7 1 5
20131025 1 3 6
20131025 3 9 7
20131025 2 5 7
20131025 2 9 7
20131025 7 6 1
20131026 7 3 4
20131026 1 7 3
20131026 1 7 5
20131026 3 2 7
20131026 6 2 5
20131026 6 1 7
20131026 5 3 7
20131026 2 7 9
20131026 3 7 1
20131026 7 9 1
20131027 3 7 1
20131027 5 2 3
20131027 3 1 4
20131027 2 3 1
20131027 5 9 7
20131027 7 3 1
20131027 2 5 7
20131027 4 8 2
20131027 7 4 8
20131027 2 4 7
20131107 5 1 7
20131107 7 1 4
20131107 3 9 2
20131107 2 7 4
20131107 7 2 4
20131107 7 1 9
20131107 7 5 1
20131107 7 2 4
20131107 5 8 2
20131107 9 7 2
20131107 7 1 2
20131107 5 6 9
20131108 9 2 5
20131108 4 3 1
20131108 9 1 3
20131108 1 2 5
20131108 7 3 9
20131108 7 1 2
20131108 2 4 1
20131108 2 7 5
20131108 5 1 8
20131108 7 9 4
20131108 9 5 7
20131109 9 4 3
20131109 3 7 1
20131109 5 1 2
20131109 7 2 8
20131109 1 7 4
20131109 7 2 3
20131109 2 7 8
20131109 3 9 4
20131109 9 1 6
20131109 1 2 5
20131109 9 7 4
20131119 5 3 7
20131119 7 3 1
20131119 1 7 2
20131119 5 2 7
20131119 2 7 6
20131119 3 9 1
20131119 5 1 7
20131119 9 1 4
20131119 9 2 3
20131119 1 9 4
20131120 3 2 4
20131120 2 5 4
20131120 5 7 2
20131120 7 6 4
20131120 3 7 2
20131120 5 7 1
20131120 3 6 1
20131120 7 9 3
20131120 2 7 1
20131120 7 3 1
20131121 3 7 2
20131121 2 1 5
20131121 7 3 2
20131121 7 6 3
20131121 5 1 7
20131121 2 9 1
20131121 7 2 4
20131121 7 3 2
20131121 2 5 1
20131121 3 2 9
20131205 5 7 4
20131205 7 2 5
20131205 7 3 2
20131205 5 7 4
20131205 2 5 1
20131205 2 4 5
20131205 7 2 8
20131205 2 1 5
20131205 9 3 4
20131205 6 1 8
20131206 2 7 1
20131206 3 5 1
20131206 5 7 1
20131206 2 1 7
20131206 1 3 7
20131206 3 2 5
20131206 2 3 7
20131206 1 7 9
20131206 7 2 3
20131206 5 1 8
20131206 5 8 1
20131207 3 6 7
20131207 1 3 7
20131207 2 3 5
20131207 5 1 2
20131207 9 5 4
20131207 7 2 1
20131207 5 7 2
20131207 8 1 5
20131207 5 4 3
20131207 2 3 4
20131213 7 3 1
20131213 7 5 1
20131213 6 1 5
20131213 5 4 1
20131213 3 1 7
20131213 3 1 9
20131213 4 1 2
20131213 3 5 6
20131213 1 7 2
20131213 1 4 7
20131214 5 7 3
20131214 7 2 6
20131214 6 1 5
20131214 5 2 7
20131214 7 2 4
20131214 3 7 2
20131214 3 1 7
20131214 2 5 9
20131214 3 2 8
20131214 2 3 5
20131215 4 1 7
20131215 1 5 4
20131215 2 5 1
20131215 5 2 1
20131215 1 2 3
20131215 2 5 4
20131215 2 1 5
20131215 3 6 9
20131215 2 5 8
20131215 7 4 2
20140112 3 4 5
20140112 2 7 1
20140112 2 1 4
20140112 1 7 6
20140112 7 3 1
20140112 3 6 1
20140112 5 1 6
20140112 8 3 1
20140112 3 5 7
20140112 7 3 5
20140113 6 7 3
20140113 2 7 5
20140113 4 3 5
20140113 1 5 2
20140113 1 3 7
20140113 3 9 7
20140113 5 7 8
20140113 1 9 5
20140113 3 7 9
20140113 5 3 2
20140114 1 7 2
20140114 7 5 4
20140114 5 2 3
20140114 1 7 5
20140114 1 6 8
20140114 5 3 1
20140114 3 5 6
20140114 7 2 3
20140114 1 5 2
20140114 7 3 4
20140121 3 9 8
20140121 5 4 9
20140121 2 5 7
20140121 7 1 4
20140121 5 2 7
20140121 2 3 8
20140121 3 2 9
20140121 7 2 1
20140121 5 6 7
20140121 2 5 8
20140121 7 2 1
20140122 6 1 7
20140122 5 9 8
20140122 4 8 2
20140122 6 9 2
20140122 3 5 9
20140122 5 2 9
20140122 1 9 4
20140122 3 9 1
20140122 1 2 5
20140122 1 5 2
20140122 4 2 3
20140122 2 7 5
20140123 7 9 2
20140123 2 6 7
20140123 7 1 2
20140123 3 7 2
20140123 1 7 9
20140123 1 9 7
20140123 7 4 1
20140123 4 1 3
20140123 8 4 3
20140123 1 3 6
20140123 1 7 2
20140202 3 5 2
20140202 5 1 7
20140202 5 3 2
20140202 2 7 1
20140202 1 7 5
20140202 1 4 8
20140202 4 1 5
20140202 3 8 5
20140202 1 5 9
20140202 3 6 7
20140203 2 3 7
20140203 2 1 5
20140203 3 4 2
20140203 1 3 7
20140203 3 2 1
20140203 3 4 7
20140203 3 7 4
20140203 1 7 9
20140203 2 3 5
20140203 2 9 1
20140203 3 5 1
20140204 7 1 2
20140204 5 3 2
20140204 1 7 2
20140204 2 4 5
20140204 8 4 7
20140204 2 5 3
20140204 3 6 1
20140204 8 1 2
20140204 9 1 5
20140204 2 8 7
20140420 3 7 4
20140420 3 5 6
20140420 7 1 5
20140420 5 7 1
20140420 1 5 2
20140420 5 4 2
20140420 1 5 3
20140420 4 9 3
20140420 7 1 5
20140420 2 1 9
20140421 3 1 6
20140421 6 1 5
20140421 2 4 7
20140421 5 3 4
20140421 7 1 6
20140421 8 5 2
20140421 5 9 1
20140421 9 1 4
20140421 1 2 7
20140421 5 2 7
20140422 7 5 1
20140422 5 7 3
20140422 7 5 2
20140422 7 5 1
20140422 3 5 2
20140422 1 9 5
20140422 2 3 1
20140422 5 7 8
20140422 1 8 7
20140422 9 3 7
20140516 3 6 5
20140516 3 5 8
20140516 7 5 1
20140516 7 1 5
20140516 1 7 5
20140516 6 7 5
20140516 9 2 1
20140516 9 1 5
20140516 5 1 4
20140516 2 5 9
20140516 3 5 9
20140517 1 8 6
20140517 5 7 4
20140517 1 7 3
20140517 1 2 3
20140517 5 1 9
20140517 1 9 3
20140517 1 2 9
20140517 5 2 8
20140517 7 3 9
20140517 2 1 7
20140517 2 6 4
20140518 2 9 3
20140518 2 6 9
20140518 4 2 9
20140518 1 9 2
20140518 1 9 5
20140518 1 7 9
20140518 2 9 5
20140518 7 9 3
20140518 7 4 9
20140518 2 3 6
20140518 3 2 5
20140529 9 3 7
20140529 3 5 7
20140529 7 2 1
20140529 3 4 2
20140529 7 1 5
20140529 5 2 6
20140529 2 1 6
20140529 9 5 1
20140529 7 2 6
20140529 3 2 6
20140529 2 9 6
20140529 2 7 1
20140530 4 9 3
20140530 3 9 1
20140530 3 7 4
20140530 5 1 3
20140530 2 8 1
20140530 5 2 4
20140530 2 7 5
20140530 3 2 5
20140530 4 3 1
20140530 2 3 4
20140530 3 5 7
20140530 3 2 9
20140531 1 8 7
20140531 4 1 9
20140531 3 7 8
20140531 7 8 6
20140531 2 1 5
20140531 7 5 4
20140531 2 7 5
20140531 2 6 3
20140531 1 2 3
20140531 2 5 6
20140531 5 2 4
20140531 1 4 5
20140601 8 2 9
20140601 5 3 2
20140601 9 1 2
20140601 1 5 3
20140601 4 7 3
20140601 7 2 9
20140601 1 3 7
20140601 9 1 2
20140601 5 2 4
20140601 5 2 4
20140601 2 5 3
20140605 3 9 7
20140605 7 1 3
20140605 4 3 1
20140605 3 7 1
20140605 5 1 6
20140605 1 5 7
20140605 3 7 1
20140605 2 9 8
20140605 9 4 1
20140605 7 6 5
20140605 2 9 3
20140605 2 7 3
20140606 9 3 4
20140606 5 1 7
20140606 2 9 8
20140606 9 3 1
20140606 3 4 6
20140606 4 2 1
20140606 1 5 2
20140606 2 4 9
20140606 3 5 9
20140606 3 1 7
20140606 8 3 4
20140606 9 5 1
20140607 9 2 3
20140607 6 3 2
20140607 5 7 4
20140607 1 7 5
20140607 2 3 9
20140607 3 9 2
20140607 5 9 3
20140607 9 3 8
20140607 7 1 2
20140607 9 3 2
20140607 8 5 1
20140607 1 5 2
20140608 9 5 3
20140608 7 2 5
20140608 1 5 2
20140608 2 7 5
20140608 9 5 3
20140608 2 1 4
20140608 8 5 2
20140608 1 6 2
20140608 1 7 5
20140608 9 5 1
20140608 5 2 9
20140608 1 7 8
20140711 3 9 5
20140711 9 2 1
20140711 5 2 7
20140711 1 9 2
20140711 9 1 3
20140711 2 5 8
20140711 9 3 4
20140711 5 3 9
20140711 2 1 7
20140711 8 9 1
20140711 1 7 2
20140712 7 9 8
20140712 1 5 7
20140712 9 2 6
20140712 7 6 5
20140712 1 7 5
20140712 9 6 1
20140712 7 9 4
20140712 3 4 7
20140712 9 2 7
20140712 1 7 4
20140712 2 5 4
20140713 9 4 5
20140713 1 9 2
20140713 1 7 9
20140713 9 2 3
20140713 1 3 9
20140713 4 2 7
20140713 3 4 2
20140713 1 7 6
20140713 2 6 9
20140713 3 1 7
20140713 1 4 3
20140718 1 3 7
20140718 1 3 7
20140718 5 7 4
20140718 3 7 1
20140718 5 1 3
20140718 2 3 5
20140718 5 6 4
20140718 5 9 3
20140718 2 5 1
20140718 7 2 4
20140718 9 2 7
20140718 7 2 8
20140719 3 4 2
20140719 5 3 6
20140719 4 3 5
20140719 1 7 5
20140719 3 2 7
20140719 7 3 4
20140719 5 6 2
20140719 1 4 3
20140719 3 1 9
20140719 5 1 7
20140719 5 2 9
20140719 1 5 2
20140720 3 7 5
20140720 1 7 4
20140720 1 5 7
20140720 5 2 7
20140720 7 6 3
20140720 9 3 7
20140720 3 1 2
20140720 1 4 7
20140801 3 2 1
20140801 9 2 7
20140801 1 5 2
20140801 1 5 4
20140801 9 2 1
20140801 6 5 2
20140801 6 3 1
20140801 1 2 5
20140801 7 9 6
20140801 1 2 3
20140801 1 3 2
20140801 1 5 2
20140801 3 2 5
20140802 1 6 3
20140802 6 1 5
20140802 5 1 4
20140802 1 9 3
20140802 1 9 3
20140802 2 7 4
20140802 6 1 2
20140802 2 3 1
20140802 3 6 9
20140802 7 5 1
20140802 7 1 2
20140802 9 3 2
20140803 3 4 2
20140803 9 2 4
20140803 5 1 8
20140803 1 9 8
20140803 1 5 3
20140803 2 7 8
20140803 3 6 7
20140803 2 4 1
20140803 2 4 3
20140803 7 5 1
20140803 9 5 4
20140803 1 6 2
20140928 3 9 5
20140928 5 7 8
20140928 9 3 5
20140928 3 9 7
20140928 6 7 1
20140928 4 7 5
20140928 1 2 6
20140928 8 3 5
20140928 3 7 5
20140928 5 3 1
20140928 5 2 1
20140928 8 5 1
20140929 3 9 4
20140929 6 2 5
20140929 1 2 3
20140929 1 2 7
20140929 1 5 4
20140929 3 4 6
20140929 5 1 6
20140929 5 8 1
20140929 2 8 7
20140929 9 3 2
20140929 2 3 1
20140929 9 1 6
20140930 9 3 7
20140930 5 2 1
20140930 3 7 2
20140930 7 3 2
20140930 5 4 1
20140930 7 5 2
20140930 7 2 9
20140930 7 1 3
20140930 2 1 4
20140930 5 4 1
20140930 1 2 3
20140930 2 9 6
20141002 8 5 3
20141002 3 1 8
20141002 2 4 9
20141002 9 1 5
20141002 7 1 4
20141002 1 2 7
20141002 4 2 3
20141002 5 3 8
20141002 1 2 4
20141002 2 5 4
20141002 3 1 4
20141003 1 9 3
20141003 5 7 2
20141003 1 4 3
20141003 1 5 3
20141003 2 7 8
20141003 3 7 2
20141003 5 2 1
20141003 1 7 3
20141003 2 7 8
20141003 2 7 1
20141003 9 1 2
20141004 4 2 3
20141004 1 9 4
20141004 7 9 2
20141004 2 6 9
20141004 3 9 1
20141004 9 1 6
20141004 5 2 9
20141004 2 3 9
20141004 5 9 7
20141004 1 2 4
20141004 7 2 1
20141108 4 2 3
20141108 5 1 7
20141108 5 2 7
20141108 7 5 2
20141108 2 5 1
20141108 4 2 1
20141108 7 9 1
20141108 3 1 5
20141108 2 5 4
20141108 2 8 5
20141109 3 6 7
20141109 1 5 2
20141109 2 4 1
20141109 1 7 2
20141109 1 5 3
20141109 6 1 5
20141109 3 2 8
20141109 7 1 4
20141109 9 8 2
20141109 5 3 9
20141110 7 2 4
20141110 1 2 7
20141110 7 5 3
20141110 4 2 7
20141110 1 5 8
20141110 1 7 3
20141110 3 5 6
20141110 2 7 6
20141110 9 1 5
20141110 7 2 9
20141125 3 7 6
20141125 7 1 2
20141125 3 6 2
20141125 3 6 4
20141125 1 5 6
20141125 3 9 5
20141125 9 1 4
20141125 6 1 4
20141125 5 7 1
20141125 1 7 4
20141126 3 5 7
20141126 3 2 7
20141126 2 1 4
20141126 5 2 3
20141126 2 3 7
20141126 3 9 7
20141126 2 8 5
20141126 9 8 7
20141126 3 7 9
20141126 3 9 1
20141127 7 3 5
20141127 2 1 3
20141127 1 2 5
20141127 6 2 7
20141127 1 2 3
20141127 9 3 8
20141127 3 7 2
20141127 1 2 4
20141127 3 5 8
20141127 5 3 2
20141229 3 5 2
20141229 5 1 3
20141229 1 3 7
20141229 2 5 1
20141229 7 3 1
20141229 3 9 4
20141229 1 7 3
20141229 1 5 3
20141229 5 2 3
20141229 5 3 1
20141230 5 4 7
20141230 2 5 7
20141230 2 4 6
20141230 2 5 1
20141230 5 1 3
20141230 5 1 4
20141230 3 5 9
20141230 1 5 7
20141230 3 4 9
20141230 4 1 7
20141230 9 7 8
20141231 7 4 1
20141231 1 7 2
20141231 7 2 3
20141231 4 5 7
20141231 8 9 6
20141231 7 9 8
20141231 3 6 1
20141231 3 5 6
20141231 7 2 3
20141231 2 1 8
20150119 4 2 1
20150119 5 1 7
20150119 7 1 9
20150119 2 9 7
20150119 5 8 1
20150119 2 4 6
20150119 6 5 3
20150119 4 3 1
20150119 2 5 1
20150119 2 5 3
20150119 2 7 1
20150119 9 1 4
20150119 2 1 5
20150120 9 3 1
20150120 1 6 2
20150120 2 9 7
20150120 2 9 1
20150120 7 1 9
20150120 6 2 5
20150120 3 1 5
20150120 8 9 1
20150120 3 9 5
20150120 7 1 2
20150120 4 1 2
20150120 3 9 5
20150121 4 1 8
20150121 8 1 5
20150121 8 2 9
20150121 1 7 3
20150121 4 3 7
20150121 4 7 3
20150121 2 1 9
20150121 7 5 9
20150121 3 5 7
20150121 2 9 7
20150121 9 4 2
20150121 2 5 3
20150121 2 5 4
20150121 9 3 1
20150131 3 9 8
20150131 5 9 2
20150131 7 5 1
20150131 7 5 1
20150131 4 9 2
20150131 1 9 8
20150131 2 7 8
20150131 1 7 6
20150131 2 9 8
20150131 9 2 1
20150131 2 8 5
20150201 6 1 2
20150201 6 2 7
20150201 7 1 4
20150201 9 3 5
20150201 1 3 9
20150201 1 3 5
20150201 3 2 1
20150201 1 8 6
20150201 1 7 5
20150201 3 5 9
20150201 2 1 7
20150202 8 5 9
20150202 7 5 4
20150202 1 9 5
20150202 3 1 5
20150202 3 9 4
20150202 4 8 5
20150202 2 1 5
20150202 6 1 2
20150202 9 2 8
20150202 3 9 7
20150202 7 1 5
20150227 3 4 5
20150227 7 1 5
20150227 1 6 2
20150227 5 7 1
20150227 5 1 7
20150227 9 3 5
20150227 5 4 7
20150227 3 6 9
20150227 7 5 6
20150227 2 7 4
20150228 4 3 5
20150228 1 7 5
20150228 7 3 1
20150228 5 7 6
20150228 3 7 2
20150228 4 2 3
20150228 3 7 9
20150228 3 5 7
20150228 9 2 7
20150228 1 7 5
20150301 1 4 5
20150301 3 7 4
20150301 2 7 6
20150301 5 3 6
20150301 9 4 3
20150301 4 1 8
20150301 2 5 7
20150301 5 7 3
20150301 9 2 7
20150301 5 1 4
20150313 3 9 4
20150313 7 1 5
20150313 7 1 5
20150313 5 3 7
20150313 1 3 5
20150313 6 4 1
20150313 2 1 5
20150313 9 3 5
20150313 6 3 9
20150313 5 1 9
20150313 5 9 1
20150313 3 5 2
20150313 2 1 3
20150314 9 3 8
20150314 5 7 3
20150314 9 1 5
20150314 1 2 7
20150314 3 4 2
20150314 5 4 7
20150314 2 5 6
20150314 3 9 2
20150314 6 9 7
20150314 6 9 3
20150314 3 9 8
20150314 9 1 7
20150315 5 9 3
20150315 1 2 9
20150315 5 4 9
20150315 3 5 2
20150315 1 2 4
20150315 9 3 5
20150315 1 9 4
20150315 3 8 9
20150315 7 1 2
20150315 5 3 1
20150315 9 1 6
20150315 1 5 2
20150326 3 7 6
20150326 5 7 2
20150326 7 3 5
20150326 2 5 4
20150326 2 6 7
20150326 2 7 6
20150326 9 3 6
20150326 1 7 5
20150326 9 2 3
20150326 3 2 9
20150326 3 8 4
20150327 4 5 3
20150327 2 3 1
20150327 3 1 5
20150327 2 4 6
20150327 5 1 3
20150327 5 9 3
20150327 2 7 1
20150327 4 1 7
20150327 3 9 4
20150327 1 9 5
20150328 3 7 1
20150328 3 1 4
20150328 3 7 6
20150328 7 2 1
20150328 3 9 6
20150328 6 3 8
20150328 7 3 1
20150328 1 5 2
20150328 5 6 1
20150328 7 3 6
20150416 8 6 2
20150416 9 7 5
20150416 9 1 4
20150416 3 9 4
20150416 5 2 9
20150416 1 7 4
20150416 8 4 1
20150416 9 5 1
20150416 7 9 3
20150416 2 5 1
20150416 5 9 3
20150416 9 1 2
20150417 3 9 5
20150417 1 8 7
20150417 5 3 8
20150417 1 3 8
20150417 9 5 2
20150417 2 7 9
20150417 5 1 9
20150417 5 4 1
20150417 9 3 1
20150417 2 9 3
20150417 1 9 2
20150417 1 9 4
20150418 1 2 6
20150418 7 1 3
20150418 9 1 3
20150418 7 1 8
20150418 9 6 5
20150418 7 1 5
20150418 5 7 2
20150418 4 1 6
20150418 3 4 1
20150418 1 4 5
20150418 2 7 6
20150418 7 3 5
20150419 9 2 1
20150419 7 9 2
20150419 5 3 9
20150419 5 9 7
20150419 1 4 9
20150419 7 2 1
20150419 2 1 6
20150419 1 5 7
20150419 7 2 3
20150419 1 9 5
20150419 9 2 8
20150530 6 9 3
20150530 7 2 1
20150530 9 4 1
20150530 7 2 9
20150530 7 3 6
20150530 3 8 1
20150530 5 2 3
20150530 9 1 5
20150530 7 2 9
20150530 1 4 2
20150530 7 6 9
20150531 9 1 2
20150531 7 9 8
20150531 7 4 9
20150531 1 6 9
20150531 5 2 6
20150531 1 7 4
20150531 1 5 4
20150531 9 7 2
20150531 4 9 1
20150531 6 9 7
20150531 4 8 1
20150601 2 1 3
20150601 1 9 7
20150601 1 3 5
20150601 9 5 1
20150601 5 7 8
20150601 1 4 5
20150601 1 3 9
20150601 7 5 9
20150601 7 2 1
20150601 5 1 3
20150601 6 9 7
