20111228 1 5 9
20111228 7 4 2
20111228 9 3 5
20111228 1 7 8
20111228 3 7 1
20111228 3 1 5
20111228 9 1 2
20111228 9 6 4
20111228 7 1 5
20111228 2 5 8
20111228 5 7 9
20111229 1 6 9
20111229 1 7 9
20111229 7 2 8
20111229 5 3 7
20111229 9 5 7
20111229 4 5 6
20111229 3 4 5
20111229 7 2 8
20111229 2 7 8
20111229 3 2 5
20111229 2 6 5
20111230 1 7 6
20111230 1 8 5
20111230 1 2 5
20111230 9 1 4
20111230 3 8 9
20111230 1 5 9
20111230 7 1 4
20111230 7 1 5
20111230 3 4 7
20111230 9 6 2
20111230 2 5 7
20120504 5 2 7
20120504 5 9 7
20120504 2 3 5
20120504 2 7 4
20120504 1 7 2
20120504 2 7 8
20120504 5 2 1
20120504 1 5 9
20120504 1 6 9
20120504 7 5 9
20120504 9 2 1
20120505 1 3 4
20120505 4 2 1
20120505 1 7 3
20120505 8 3 2
20120505 2 7 3
20120505 9 1 5
20120505 1 3 6
20120505 3 2 6
20120505 1 2 8
20120505 1 3 2
20120505 2 4 1
20120506 3 5 1
20120506 3 1 9
20120506 1 4 3
20120506 7 5 1
20120506 9 5 3
20120506 9 3 4
20120506 4 8 5
20120506 1 7 3
20120506 3 1 7
20120506 4 1 7
20120506 4 7 1
20120506 2 7 5
20120507 2 5 7
20120507 9 6 5
20120507 5 7 1
20120507 5 1 4
20120507 5 4 6
20120507 1 5 7
20120507 7 1 9
20120507 1 7 4
20120507 1 9 4
20120507 8 1 7
20120507 9 4 8
20120621 7 4 1
20120621 1 5 2
20120621 3 5 1
20120621 4 7 3
20120621 2 5 1
20120621 2 7 3
20120621 5 3 1
20120621 3 7 2
20120621 1 7 5
20120621 9 7 3
20120621 5 6 4
20120622 1 4 2
20120622 5 1 2
20120622 1 6 2
20120622 7 4 3
20120622 3 5 4
20120622 3 2 1
20120622 3 1 5
20120622 4 8 6
20120622 9 1 5
20120622 3 9 1
20120622 1 3 8
20120623 5 1 3
20120623 2 4 3
20120623 5 4 2
20120623 4 2 1
20120623 3 4 5
20120623 3 2 4
20120623 2 9 5
20120623 5 1 6
20120623 1 6 9
20120623 2 1 3
20120623 2 8 3
20120701 3 1 9
20120701 4 5 9
20120701 9 1 5
20120701 5 1 3
20120701 9 1 2
20120701 2 1 7
20120701 1 4 2
20120701 3 5 1
20120701 3 2 6
20120701 2 1 9
20120701 5 2 6
20120701 3 5 2
20120702 7 1 3
20120702 2 9 7
20120702 8 1 5
20120702 1 9 4
20120702 9 1 7
20120702 1 7 2
20120702 5 3 1
20120702 3 6 8
20120702 1 4 2
20120702 1 9 3
20120702 3 4 8
20120702 2 9 7
20120703 5 3 2
20120703 8 6 9
20120703 2 5 6
20120703 2 4 9
20120703 2 7 3
20120703 2 1 4
20120703 6 5 1
20120703 9 5 1
20120703 4 3 7
20120703 3 2 7
20120703 5 1 9
20120703 7 5 9
20120720 1 3 2
20120720 2 3 1
20120720 3 5 4
20120720 4 1 3
20120720 5 7 3
20120720 9 5 4
20120720 1 5 6
20120720 9 2 7
20120720 9 3 4
20120720 9 1 5
20120720 9 1 7
20120721 3 1 2
20120721 2 4 1
20120721 4 3 7
20120721 4 1 3
20120721 5 3 4
20120721 9 8 6
20120721 2 5 6
20120721 9 5 2
20120721 1 6 2
20120721 7 3 5
20120721 2 5 8
20120722 5 2 1
20120722 7 2 3
20120722 7 1 3
20120722 4 7 3
20120722 5 2 1
20120722 5 1 4
20120722 2 4 3
20120722 2 9 1
20120722 2 9 4
20120722 2 3 8
20120722 9 8 1
20120813 1 3 2
20120813 7 2 3
20120813 3 5 7
20120813 4 2 5
20120813 5 3 7
20120813 5 7 3
20120813 6 3 2
20120813 8 7 5
20120813 2 1 5
20120813 2 7 3
20120813 3 5 7
20120813 3 9 2
20120814 5 2 3
20120814 5 2 7
20120814 1 7 3
20120814 7 3 1
20120814 1 5 7
20120814 1 4 2
20120814 2 6 3
20120814 7 8 2
20120814 7 9 5
20120814 9 3 5
20120814 9 1 3
20120814 2 7 1
20120815 1 7 5
20120815 2 6 3
20120815 3 7 1
20120815 4 5 2
20120815 7 1 2
20120815 7 1 5
20120815 7 5 3
20120815 3 7 4
20120815 7 5 3
20120815 2 8 5
20120815 5 3 9
20120815 1 9 5
20120829 9 1 5
20120829 7 9 6
20120829 9 2 8
20120829 9 2 3
20120829 2 5 1
20120829 7 3 4
20120829 6 2 7
20120829 5 3 8
20120829 2 5 7
20120829 9 7 1
20120829 1 2 9
20120829 7 1 9
20120830 1 9 2
20120830 6 7 1
20120830 9 5 3
20120830 5 1 3
20120830 7 1 9
20120830 3 1 2
20120830 2 7 5
20120830 9 2 6
20120830 2 1 7
20120830 3 5 1
20120830 1 5 4
20120830 5 9 3
20120831 1 7 3
20120831 7 5 1
20120831 5 6 1
20120831 1 4 9
20120831 7 5 1
20120831 1 3 4
20120831 7 1 5
20120831 4 9 8
20120831 1 2 5
20120831 3 4 7
20120831 9 2 5
20120831 5 9 4
20120908 1 3 5
20120908 3 5 7
20120908 3 4 5
20120908 4 7 1
20120908 7 5 1
20120908 2 7 5
20120908 1 9 3
20120908 7 2 5
20120908 3 9 2
20120908 5 3 1
20120908 7 9 4
20120909 5 1 3
20120909 7 2 3
20120909 3 1 4
20120909 4 5 7
20120909 2 3 7
20120909 9 5 1
20120909 3 1 4
20120909 2 6 4
20120909 2 7 1
20120909 3 7 9
20120909 7 3 8
20120910 1 3 4
20120910 2 7 1
20120910 5 2 3
20120910 4 5 1
20120910 7 4 1
20120910 1 5 9
20120910 2 7 4
20120910 5 1 6
20120910 9 5 2
20120910 2 4 5
20120910 3 7 2
20120921 1 3 4
20120921 1 3 6
20120921 3 7 5
20120921 2 4 3
20120921 5 1 4
20120921 6 5 4
20120921 7 4 3
20120921 5 2 8
20120921 1 8 5
20120921 3 5 7
20120921 3 7 9
20120921 7 6 8
20120922 1 4 7
20120922 2 5 3
20120922 1 3 4
20120922 5 7 4
20120922 5 2 4
20120922 2 3 5
20120922 3 6 2
20120922 2 7 6
20120922 8 5 3
20120922 5 3 1
20120922 3 5 1
20120922 2 9 5
20120923 1 3 2
20120923 4 2 6
20120923 4 5 2
20120923 1 4 7
20120923 2 5 1
20120923 2 3 1
20120923 1 4 5
20120923 1 2 5
20120923 4 5 7
20120923 3 5 8
20120923 9 7 1
20120923 6 2 5
20121006 4 7 2
20121006 3 5 2
20121006 3 7 5
20121006 4 1 2
20121006 5 3 4
20121006 7 9 5
20121006 1 7 2
20121006 2 3 5
20121006 1 5 3
20121006 9 5 6
20121006 8 4 3
20121007 1 3 7
20121007 2 1 5
20121007 4 6 2
20121007 4 1 6
20121007 5 7 1
20121007 1 9 7
20121007 4 7 5
20121007 3 2 1
20121007 4 1 5
20121007 3 5 6
20121007 5 1 6
20121008 1 5 2
20121008 2 7 6
20121008 2 3 4
20121008 1 5 6
20121008 3 4 5
20121008 9 1 6
20121008 3 2 7
20121008 5 2 7
20121008 9 6 7
20121008 3 9 2
20121008 2 5 6
20121109 2 1 3
20121109 5 3 7
20121109 5 6 1
20121109 4 7 3
20121109 5 1 4
20121109 4 7 1
20121109 1 2 5
20121109 9 3 4
20121109 3 5 4
20121109 1 7 4
20121109 8 3 9
20121110 1 5 7
20121110 2 4 3
20121110 3 4 2
20121110 1 2 4
20121110 5 3 4
20121110 3 7 8
20121110 3 9 7
20121110 3 5 1
20121110 2 4 1
20121110 7 2 3
20121110 5 7 3
20121111 4 7 1
20121111 2 4 1
20121111 7 1 5
20121111 4 1 2
20121111 2 9 3
20121111 3 5 2
20121111 4 2 7
20121111 4 1 7
20121111 5 8 1
20121111 1 9 5
20121111 5 1 3
20121123 1 3 7
20121123 9 1 3
20121123 3 9 5
20121123 1 5 8
20121123 1 8 6
20121123 3 2 5
20121123 4 1 6
20121123 9 5 1
20121123 2 6 5
20121123 8 1 5
20121123 7 2 3
20121123 5 2 9
20121124 4 7 5
20121124 7 4 9
20121124 7 2 1
20121124 7 9 3
20121124 9 4 2
20121124 2 5 1
20121124 1 3 2
20121124 5 1 4
20121124 9 5 2
20121124 3 2 6
20121124 3 7 2
20121124 2 7 4
20121125 1 3 7
20121125 5 9 1
20121125 7 9 1
20121125 3 9 1
20121125 1 4 2
20121125 8 1 6
20121125 7 3 9
20121125 5 9 2
20121125 1 7 2
20121125 9 3 4
20121125 2 9 1
20121125 5 9 3
20121218 2 3 5
20121218 1 5 2
20121218 3 5 9
20121218 7 4 1
20121218 3 7 1
20121218 3 1 5
20121218 5 4 1
20121218 5 3 7
20121218 2 7 1
20121218 1 9 5
20121218 2 5 1
20121218 5 2 8
20121219 3 1 9
20121219 7 1 9
20121219 3 7 9
20121219 1 5 9
20121219 1 7 4
20121219 4 3 2
20121219 5 1 4
20121219 9 3 1
20121219 9 3 4
20121219 2 9 3
20121219 1 9 7
20121219 3 4 8
20121219 5 7 2
20121220 3 6 9
20121220 9 2 3
20121220 3 9 4
20121220 2 7 9
20121220 2 7 6
20121220 4 1 7
20121220 1 5 4
20121220 8 2 3
20121220 6 5 4
20121220 2 7 9
20121220 7 5 1
20121220 1 2 4
20130102 5 4 1
20130102 2 3 4
20130102 5 2 6
20130102 4 2 7
20130102 2 1 4
20130102 1 6 7
20130102 1 5 2
20130102 2 7 8
20130102 5 1 9
20130102 1 7 2
20130102 9 2 8
20130102 7 2 9
20130103 4 1 6
20130103 2 1 7
20130103 6 3 2
20130103 7 3 4
20130103 4 3 6
20130103 6 5 4
20130103 7 4 5
20130103 9 4 7
20130103 9 2 3
20130103 3 1 6
20130103 2 7 5
20130103 1 7 9
20130104 2 7 1
20130104 2 5 7
20130104 4 5 6
20130104 4 3 5
20130104 4 5 3
20130104 7 1 3
20130104 5 1 3
20130104 7 2 3
20130104 2 6 7
20130104 3 4 5
20130104 1 5 7
20130104 9 1 7
20130104 9 1 5
20130104 9 1 7
20130116 7 1 3
20130116 4 2 7
20130116 3 2 7
20130116 1 7 3
20130116 5 1 7
20130116 9 2 1
20130116 7 2 9
20130116 9 1 6
20130116 5 7 3
20130116 3 5 8
20130116 9 3 2
20130117 7 1 3
20130117 2 1 7
20130117 2 4 3
20130117 7 5 6
20130117 5 3 1
20130117 5 7 1
20130117 3 2 9
20130117 2 4 3
20130117 8 1 6
20130117 5 3 7
20130117 9 6 1
20130118 3 5 2
20130118 5 3 4
20130118 3 7 2
20130118 4 7 1
20130118 6 1 2
20130118 7 3 1
20130118 4 7 5
20130118 1 8 9
20130118 3 5 6
20130118 2 9 5
20130118 1 7 3
20130215 9 1 7
20130215 2 7 3
20130215 2 4 1
20130215 3 7 1
20130215 5 2 3
20130215 2 9 3
20130215 7 5 1
20130215 3 6 9
20130215 3 1 4
20130215 1 9 5
20130215 2 4 9
20130216 9 3 6
20130216 2 3 4
20130216 8 6 2
20130216 2 1 9
20130216 4 9 1
20130216 7 1 2
20130216 2 4 1
20130216 3 1 5
20130216 3 9 2
20130216 1 6 4
20130216 2 8 3
20130217 9 5 7
20130217 7 2 1
20130217 1 4 2
20130217 5 3 2
20130217 7 1 5
20130217 4 2 8
20130217 8 2 1
20130217 9 3 7
20130217 8 7 2
20130217 5 8 4
20130217 2 5 1
20130228 5 7 3
20130228 2 7 4
20130228 3 1 4
20130228 4 5 3
20130228 5 6 7
20130228 2 7 8
20130228 4 7 1
20130228 2 5 1
20130228 1 2 5
20130228 9 4 7
20130228 2 4 7
20130301 4 7 3
20130301 4 3 2
20130301 3 4 1
20130301 2 4 1
20130301 5 6 4
20130301 4 2 6
20130301 8 9 3
20130301 3 1 9
20130301 3 2 4
20130301 1 5 8
20130301 2 7 5
20130302 1 3 4
20130302 2 5 4
20130302 3 1 7
20130302 7 4 5
20130302 6 2 5
20130302 3 2 4
20130302 1 5 4
20130302 8 1 6
20130302 1 7 5
20130302 2 5 9
20130302 2 7 1
20130329 1 3 5
20130329 5 2 1
20130329 7 1 2
20130329 3 7 2
20130329 5 4 2
20130329 6 5 4
20130329 1 5 7
20130329 1 5 7
20130329 2 9 7
20130329 5 1 6
20130329 3 9 1
20130329 9 2 1
20130330 7 1 3
20130330 5 2 1
20130330 4 3 6
20130330 4 1 2
20130330 6 7 5
20130330 3 2 5
20130330 3 5 1
20130330 1 5 8
20130330 1 9 3
20130330 5 3 2
20130330 5 2 9
20130330 7 3 8
20130331 1 3 5
20130331 7 2 4
20130331 3 5 7
20130331 2 7 5
20130331 7 6 2
20130331 5 3 1
20130331 7 1 8
20130331 2 5 1
20130331 3 1 2
20130331 3 4 1
20130331 2 7 1
20130331 2 5 1
20130412 1 3 4
20130412 3 2 4
20130412 3 1 7
20130412 4 2 1
20130412 2 3 5
20130412 2 3 4
20130412 7 3 8
20130412 2 7 1
20130412 2 7 9
20130412 3 5 1
20130413 4 5 3
20130413 1 5 2
20130413 4 1 3
20130413 4 2 5
20130413 4 5 1
20130413 4 9 2
20130413 3 9 5
20130413 5 7 8
20130413 9 1 7
20130413 1 7 9
20130414 1 7 4
20130414 5 1 3
20130414 4 3 2
20130414 1 7 4
20130414 2 7 9
20130414 8 2 5
20130414 2 4 1
20130414 1 3 7
20130414 3 9 7
20130414 3 9 6
20130419 1 3 4
20130419 7 1 5
20130419 3 5 1
20130419 4 5 2
20130419 5 1 7
20130419 2 4 1
20130419 6 1 4
20130419 9 1 4
20130419 3 7 5
20130419 8 1 9
20130419 3 5 9
20130419 3 5 6
20130420 1 3 5
20130420 2 3 7
20130420 3 4 5
20130420 1 7 5
20130420 3 4 5
20130420 6 7 3
20130420 4 5 6
20130420 3 9 5
20130420 1 5 2
20130420 1 6 9
20130420 2 1 7
20130420 7 4 3
20130421 2 3 4
20130421 1 4 2
20130421 3 7 5
20130421 4 5 1
20130421 3 7 1
20130421 1 4 3
20130421 5 4 2
20130421 1 5 4
20130421 7 1 2
20130421 2 9 8
20130421 3 2 5
20130421 5 6 9
20130503 5 6 2
20130503 9 2 1
20130503 3 1 9
20130503 2 7 1
20130503 2 1 5
20130503 2 1 3
20130503 5 2 6
20130503 9 1 7
20130503 1 2 8
20130503 9 4 7
20130503 1 5 2
20130504 7 9 5
20130504 4 2 1
20130504 4 1 8
20130504 9 1 3
20130504 3 5 7
20130504 8 3 1
20130504 4 8 1
20130504 7 1 9
20130504 7 3 9
20130504 9 3 2
20130504 9 5 3
20130505 1 3 5
20130505 7 5 1
20130505 2 3 1
20130505 1 2 7
20130505 3 9 1
20130505 5 1 7
20130505 7 2 4
20130505 5 3 7
20130505 9 1 8
20130505 1 8 7
20130505 1 9 7
20130506 9 3 7
20130506 1 4 6
20130506 5 2 9
20130506 7 1 9
20130506 6 7 3
20130506 2 5 9
20130506 3 8 7
20130506 7 2 3
20130506 4 7 1
20130506 5 1 3
20130506 7 5 2
20130531 7 2 9
20130531 9 1 3
20130531 2 1 7
20130531 5 3 9
20130531 3 9 7
20130531 4 5 3
20130531 3 1 7
20130531 7 1 3
20130531 2 5 1
20130531 1 7 4
20130531 9 7 8
20130531 2 9 8
20130601 1 3 5
20130601 3 7 8
20130601 2 3 5
20130601 1 7 2
20130601 9 5 3
20130601 4 5 3
20130601 2 5 4
20130601 7 9 6
20130601 3 9 7
20130601 7 9 3
20130601 9 1 7
20130601 1 3 7
20130602 1 2 4
20130602 5 7 3
20130602 8 1 2
20130602 5 9 7
20130602 5 1 7
20130602 7 1 4
20130602 9 1 7
20130602 4 6 8
20130602 7 1 3
20130602 4 3 1
20130602 9 5 1
20130602 3 2 4
20130626 1 3 4
20130626 5 3 6
20130626 5 3 1
20130626 3 7 1
20130626 1 9 2
20130626 9 1 2
20130626 5 3 9
20130626 7 2 5
20130626 1 9 3
20130626 1 5 3
20130626 6 4 3
20130627 1 2 9
20130627 7 1 3
20130627 2 4 5
20130627 9 2 3
20130627 7 1 5
20130627 1 5 9
20130627 2 6 5
20130627 7 2 3
20130627 3 7 9
20130627 5 1 8
20130627 9 2 7
20130628 1 5 3
20130628 5 7 2
20130628 2 5 8
20130628 4 6 8
20130628 3 7 5
20130628 1 8 5
20130628 2 1 3
20130628 1 9 5
20130628 3 7 2
20130628 5 7 2
20130628 9 4 3
20130725 1 3 7
20130725 2 7 9
20130725 7 3 2
20130725 2 7 5
20130725 1 5 7
20130725 1 2 4
20130725 5 2 1
20130725 3 7 5
20130725 5 2 7
20130725 1 9 7
20130725 5 1 7
20130725 6 1 2
20130726 3 2 7
20130726 9 8 1
20130726 3 5 9
20130726 3 9 8
20130726 3 9 1
20130726 1 5 3
20130726 4 6 7
20130726 4 9 1
20130726 2 5 9
20130726 4 1 5
20130726 3 5 7
20130726 3 7 5
20130726 2 3 9
20130727 2 6 4
20130727 7 3 1
20130727 2 3 5
20130727 8 1 4
20130727 3 4 5
20130727 1 4 7
20130727 9 2 1
20130727 8 7 1
20130727 2 7 3
20130727 7 5 3
20130727 2 1 9
20130727 2 9 1
20130727 4 8 1
20130806 5 2 1
20130806 7 2 1
20130806 3 2 4
20130806 4 1 5
20130806 4 5 7
20130806 9 7 2
20130806 2 9 4
20130806 9 1 3
20130806 5 3 7
20130806 5 4 1
20130807 6 4 5
20130807 2 4 7
20130807 1 7 5
20130807 4 2 5
20130807 1 4 3
20130807 3 9 1
20130807 2 5 3
20130807 9 2 8
20130807 1 9 5
20130807 3 1 7
20130808 1 4 6
20130808 3 4 7
20130808 1 4 7
20130808 5 2 4
20130808 3 7 5
20130808 3 5 1
20130808 3 2 7
20130808 3 9 6
20130808 2 9 1
20130808 9 1 4
20130820 1 3 4
20130820 9 3 5
20130820 1 9 7
20130820 3 9 5
20130820 5 1 9
20130820 6 2 5
20130820 7 4 1
20130820 4 1 6
20130820 2 1 7
20130820 3 7 4
20130820 2 3 4
20130820 5 9 1
20130821 1 3 8
20130821 2 7 4
20130821 5 9 3
20130821 1 9 5
20130821 1 5 9
20130821 1 4 6
20130821 3 5 2
20130821 4 5 3
20130821 5 2 1
20130821 1 9 2
20130821 3 5 6
20130821 2 5 1
20130822 1 2 7
20130822 3 7 5
20130822 1 9 7
20130822 9 1 7
20130822 1 4 7
20130822 1 3 6
20130822 7 6 4
20130822 2 8 5
20130822 2 4 1
20130822 1 4 7
20130822 5 9 2
20130822 9 7 5
20130927 1 4 2
20130927 2 4 7
20130927 3 1 7
20130927 2 4 1
20130927 2 3 5
20130927 1 9 7
20130927 1 7 3
20130927 3 5 9
20130927 1 9 3
20130927 3 5 9
20130928 2 4 3
20130928 5 7 2
20130928 5 7 4
20130928 4 2 3
20130928 1 5 4
20130928 1 7 3
20130928 2 9 5
20130928 9 6 2
20130928 7 1 8
20130928 9 1 7
20130929 1 7 4
20130929 2 1 7
20130929 3 4 7
20130929 7 4 1
20130929 2 5 7
20130929 1 2 6
20130929 2 5 6
20130929 3 2 6
20130929 5 1 6
20130929 1 5 2
20131010 1 3 9
20131010 3 9 2
20131010 9 5 2
20131010 3 7 5
20131010 9 1 7
20131010 6 3 5
20131010 7 2 5
20131010 5 2 3
20131010 3 9 2
20131010 1 9 5
20131010 9 3 8
20131010 4 7 9
20131011 1 3 5
20131011 5 1 7
20131011 1 3 2
20131011 7 3 2
20131011 7 2 4
20131011 4 5 3
20131011 7 4 6
20131011 7 2 6
20131011 1 3 4
20131011 3 2 5
20131011 1 2 5
20131011 3 8 7
20131012 1 3 2
20131012 9 4 3
20131012 9 1 7
20131012 1 2 5
20131012 7 5 4
20131012 1 9 7
20131012 8 5 2
20131012 2 5 7
20131012 4 1 3
20131012 1 7 2
20131012 3 2 1
20131012 7 1 3
20131114 5 7 9
20131114 7 3 5
20131114 5 9 1
20131114 9 1 5
20131114 7 2 5
20131114 3 6 1
20131114 1 9 4
20131114 7 2 5
20131114 5 1 9
20131114 9 1 4
20131114 3 7 4
20131115 3 4 1
20131115 7 2 4
20131115 1 3 4
20131115 1 4 3
20131115 7 3 2
20131115 2 9 3
20131115 7 2 5
20131115 4 5 8
20131115 4 5 7
20131115 3 1 4
20131115 5 1 9
20131115 9 2 1
20131116 7 2 5
20131116 2 5 7
20131116 5 2 9
20131116 1 9 5
20131116 2 7 4
20131116 9 5 4
20131116 1 9 4
20131116 3 4 7
20131116 4 9 2
20131116 5 7 8
20131116 2 7 4
20131125 5 4 2
20131125 2 3 5
20131125 5 4 3
20131125 4 2 5
20131125 5 1 4
20131125 1 5 9
20131125 8 2 7
20131125 2 9 3
20131125 2 3 7
20131125 2 1 7
20131126 1 5 3
20131126 2 4 7
20131126 2 4 3
20131126 4 5 3
20131126 5 7 4
20131126 9 5 1
20131126 2 3 1
20131126 7 8 3
20131126 3 9 7
20131126 1 5 7
20131127 1 3 5
20131127 1 2 4
20131127 3 7 2
20131127 3 5 4
20131127 5 2 7
20131127 1 7 3
20131127 3 2 1
20131127 1 2 9
20131127 3 2 4
20131127 3 5 4
20131210 4 7 5
20131210 1 3 5
20131210 3 4 2
20131210 4 7 5
20131210 5 1 7
20131210 7 1 5
20131210 9 5 4
20131210 7 1 2
20131210 2 9 7
20131210 8 3 2
20131211 3 5 7
20131211 2 4 3
20131211 7 6 3
20131211 4 2 7
20131211 5 1 6
20131211 1 6 7
20131211 7 1 9
20131211 7 2 9
20131211 2 7 4
20131211 9 3 7
20131212 2 5 4
20131212 2 3 5
20131212 4 5 3
20131212 5 6 4
20131212 1 7 9
20131212 5 2 7
20131212 5 1 4
20131212 7 2 1
20131212 3 9 5
20131212 3 1 2
20140108 7 4 5
20140108 1 6 2
20140108 4 3 5
20140108 4 2 5
20140108 2 5 7
20140108 5 9 7
20140108 2 5 9
20140108 5 6 2
20140108 7 1 9
20140108 5 4 6
20140109 5 4 2
20140109 5 1 2
20140109 2 4 7
20140109 3 4 6
20140109 5 2 7
20140109 3 1 4
20140109 2 3 9
20140109 6 9 3
20140109 9 2 1
20140109 2 7 5
20140110 1 3 5
20140110 2 4 5
20140110 1 3 6
20140110 3 7 6
20140110 4 3 6
20140110 3 7 5
20140110 4 2 3
20140110 3 1 7
20140110 6 3 2
20140110 1 9 5
20140117 1 5 2
20140117 2 7 1
20140117 5 3 4
20140117 7 3 5
20140117 5 1 7
20140117 7 3 4
20140117 4 6 3
20140117 1 2 7
20140117 7 1 9
20140117 1 8 5
20140117 5 2 3
20140117 3 9 4
20140118 4 5 1
20140118 1 2 6
20140118 4 1 3
20140118 3 4 7
20140118 2 4 7
20140118 3 7 2
20140118 4 2 5
20140118 2 9 5
20140118 3 9 7
20140118 2 5 3
20140118 3 9 1
20140118 2 1 7
20140119 1 3 6
20140119 7 1 4
20140119 7 3 5
20140119 1 3 5
20140119 4 7 2
20140119 1 8 6
20140119 7 3 8
20140119 5 6 7
20140119 7 1 6
20140119 7 3 1
20140119 5 3 8
20140119 3 9 2
20140131 1 6 3
20140131 5 1 7
20140131 1 5 7
20140131 4 2 5
20140131 1 5 3
20140131 4 7 2
20140131 9 3 7
20140131 1 6 5
20140131 7 2 1
20140131 8 3 2
20140201 1 5 2
20140201 2 1 7
20140201 4 3 1
20140201 4 5 3
20140201 5 3 7
20140201 5 3 1
20140201 3 9 4
20140201 7 3 8
20140201 1 9 3
20140201 2 8 9
20140202 7 1 6
20140202 5 7 3
20140202 4 7 3
20140202 4 2 6
20140202 1 5 3
20140202 7 6 5
20140202 7 1 3
20140202 3 5 9
20140202 7 9 1
20140202 5 4 2
20140219 8 2 9
20140219 5 4 8
20140219 7 9 3
20140219 9 3 6
20140219 2 3 8
20140219 8 7 3
20140219 9 1 5
20140219 7 3 9
20140219 5 7 3
20140219 1 2 4
20140219 2 6 4
20140220 5 6 1
20140220 5 1 2
20140220 1 8 2
20140220 6 5 7
20140220 8 2 1
20140220 3 7 6
20140220 9 1 7
20140220 2 1 7
20140220 7 5 2
20140220 7 3 9
20140220 1 7 9
20140221 5 9 7
20140221 7 2 5
20140221 9 4 2
20140221 9 2 5
20140221 2 8 9
20140221 2 9 5
20140221 3 5 1
20140221 9 3 4
20140221 4 7 3
20140221 1 9 2
20140221 5 4 8
20140311 5 3 4
20140311 2 3 1
20140311 3 2 1
20140311 7 2 4
20140311 1 7 3
20140311 5 7 1
20140311 5 1 8
20140311 9 1 4
20140311 7 3 1
20140311 7 1 5
20140312 3 2 1
20140312 2 7 1
20140312 3 7 4
20140312 4 2 7
20140312 5 1 4
20140312 8 5 4
20140312 7 4 1
20140312 2 1 5
20140312 5 2 1
20140312 1 7 3
20140313 1 7 4
20140313 2 3 7
20140313 1 6 7
20140313 4 6 7
20140313 5 7 2
20140313 9 2 7
20140313 6 4 3
20140313 9 1 5
20140313 3 2 7
20140313 7 1 3
20140329 6 9 5
20140329 7 3 9
20140329 2 6 7
20140329 7 1 3
20140329 3 2 6
20140329 2 1 4
20140329 5 7 1
20140329 7 1 5
20140329 7 2 4
20140329 1 6 3
20140329 3 9 4
20140329 1 5 3
20140330 3 1 5
20140330 2 5 1
20140330 3 9 2
20140330 9 2 3
20140330 1 7 9
20140330 2 7 4
20140330 6 4 2
20140330 7 3 9
20140330 7 1 3
20140330 5 8 2
20140330 1 8 2
20140330 5 1 4
20140331 5 3 1
20140331 2 5 8
20140331 3 5 4
20140331 2 8 1
20140331 4 3 7
20140331 7 6 5
20140331 1 5 7
20140331 3 7 4
20140331 5 7 2
20140331 5 9 7
20140331 5 1 7
20140331 2 5 9
20140416 5 9 3
20140416 7 3 2
20140416 5 3 2
20140416 7 2 3
20140416 7 3 9
20140416 1 4 5
20140416 9 7 2
20140416 2 5 7
20140416 3 1 4
20140416 6 1 9
20140416 9 3 1
20140417 9 1 2
20140417 7 9 3
20140417 5 2 1
20140417 9 7 2
20140417 9 7 1
20140417 9 7 6
20140417 5 3 9
20140417 7 2 9
20140417 7 2 1
20140417 2 8 1
20140417 5 8 3
20140418 3 9 5
20140418 7 3 6
20140418 4 2 1
20140418 3 2 9
20140418 5 9 2
20140418 7 3 1
20140418 9 1 7
20140418 3 6 8
20140418 1 7 3
20140418 1 7 5
20140418 1 8 3
20140503 4 2 3
20140503 7 2 8
20140503 1 4 2
20140503 9 2 4
20140503 1 6 9
20140503 7 3 8
20140503 2 7 5
20140503 7 2 9
20140503 7 6 3
20140503 2 9 7
20140503 7 1 8
20140503 3 2 4
20140504 7 9 2
20140504 2 4 7
20140504 1 9 6
20140504 7 3 1
20140504 1 2 7
20140504 9 2 3
20140504 4 8 6
20140504 1 8 3
20140504 2 8 4
20140504 9 1 8
20140504 7 5 1
20140504 7 2 1
20140505 1 3 4
20140505 3 9 4
20140505 3 1 7
20140505 3 7 4
20140505 1 9 4
20140505 3 5 9
20140505 1 3 9
20140505 9 2 1
20140505 2 7 4
20140505 5 1 3
20140505 4 5 7
20140505 3 5 9
20140506 9 6 1
20140506 9 6 5
20140506 9 5 2
20140506 3 9 4
20140506 2 8 1
20140506 1 5 7
20140506 3 2 4
20140506 3 9 1
20140506 1 9 3
20140506 3 7 8
20140506 1 4 7
20140506 3 8 2
20140602 4 3 7
20140602 3 7 4
20140602 3 2 4
20140602 2 4 5
20140602 5 1 7
20140602 9 1 4
20140602 3 5 9
20140602 9 1 2
20140602 4 1 7
20140602 2 7 5
20140603 3 1 7
20140603 1 4 7
20140603 1 5 6
20140603 4 7 1
20140603 5 2 1
20140603 1 7 2
20140603 9 2 7
20140603 1 3 2
20140603 1 8 2
20140603 5 1 9
20140604 1 3 2
20140604 7 2 3
20140604 3 5 4
20140604 1 5 3
20140604 2 9 5
20140604 1 3 2
20140604 3 7 5
20140604 2 7 9
20140604 5 3 7
20140604 3 9 2
20140626 3 1 6
20140626 5 7 6
20140626 7 3 8
20140626 5 7 8
20140626 9 1 5
20140626 1 6 4
20140626 3 4 5
20140626 9 1 7
20140626 7 1 5
20140626 2 7 5
20140626 5 1 3
20140626 2 6 3
20140627 4 7 9
20140627 2 9 5
20140627 3 9 7
20140627 5 7 2
20140627 2 3 7
20140627 7 4 2
20140627 2 3 1
20140627 2 7 8
20140627 5 3 7
20140627 1 7 3
20140627 7 3 2
20140627 2 9 3
20140628 2 7 1
20140628 5 1 3
20140628 1 5 7
20140628 1 4 3
20140628 2 7 5
20140628 1 7 9
20140628 5 3 2
20140628 1 9 2
20140628 5 6 4
20140628 4 1 3
20140628 3 7 2
20140628 2 1 8
20140725 3 4 1
20140725 1 4 5
20140725 7 5 3
20140725 3 5 7
20140725 6 7 4
20140725 5 4 3
20140725 4 1 6
20140725 2 8 9
20140725 2 5 1
20140725 2 5 4
20140725 3 8 9
20140725 2 5 6
20140726 2 7 1
20140726 9 8 1
20140726 9 3 7
20140726 7 3 9
20140726 1 9 5
20140726 4 7 3
20140726 3 7 2
20140726 9 7 3
20140726 9 4 3
20140726 1 2 3
20140726 1 9 8
20140726 3 5 6
20140727 4 1 2
20140727 5 2 9
20140727 1 9 3
20140727 2 7 5
20140727 7 5 4
20140727 5 3 2
20140727 4 2 7
20140727 1 9 7
20140727 2 3 6
20140727 1 5 9
20140727 6 2 5
20140727 5 9 7
20140804 4 3 7
20140804 4 1 7
20140804 3 4 2
20140804 4 2 5
20140804 5 4 7
20140804 9 2 5
20140804 9 3 8
20140804 2 8 3
20140804 3 7 4
20140804 9 1 3
20140805 2 1 5
20140805 2 3 7
20140805 3 6 5
20140805 4 3 7
20140805 5 2 6
20140805 5 9 7
20140805 3 1 7
20140805 3 7 4
20140805 5 2 1
20140805 3 5 1
20140806 4 7 5
20140806 7 4 2
20140806 6 2 1
20140806 4 1 3
20140806 5 1 9
20140806 2 9 6
20140806 7 5 4
20140806 1 9 7
20140806 5 6 3
20140806 9 8 3
20140819 7 4 3
20140819 3 4 5
20140819 1 7 3
20140819 1 7 5
20140819 4 1 5
20140819 5 2 4
20140819 7 5 3
20140819 1 5 8
20140819 2 7 9
20140819 5 2 7
20140819 5 6 2
20140820 7 1 5
20140820 1 7 5
20140820 7 3 1
20140820 4 3 5
20140820 5 2 1
20140820 3 4 5
20140820 7 2 4
20140820 9 2 7
20140820 8 1 5
20140820 2 3 6
20140821 1 3 7
20140821 4 7 6
20140821 5 3 1
20140821 4 3 5
20140821 8 5 2
20140821 4 8 6
20140821 3 5 4
20140821 1 2 5
20140821 1 9 2
20140821 3 8 4
20140902 5 3 4
20140902 4 8 5
20140902 2 7 1
20140902 3 5 2
20140902 5 2 8
20140902 3 6 1
20140902 5 6 3
20140902 7 2 1
20140902 2 9 6
20140902 9 2 5
20140902 5 8 1
20140902 4 1 9
20140903 2 4 1
20140903 5 2 3
20140903 1 5 7
20140903 2 3 5
20140903 1 2 6
20140903 6 2 7
20140903 6 4 1
20140903 5 2 8
20140903 6 8 9
20140903 1 3 4
20140903 2 1 9
20140903 2 9 1
20140903 5 1 2
20140904 1 9 6
20140904 9 8 2
20140904 7 9 5
20140904 3 5 1
20140904 3 1 6
20140904 2 7 9
20140904 3 9 4
20140904 5 9 1
20140904 4 1 2
20140904 2 3 6
20140904 9 3 5
20140904 2 9 1
20141011 9 1 2
20141011 2 1 9
20141011 3 2 9
20141011 5 1 7
20141011 7 1 5
20141011 3 9 6
20141011 5 2 3
20141011 5 3 2
20141011 7 3 2
20141011 4 1 9
20141011 7 4 9
20141012 5 1 2
20141012 8 2 7
20141012 2 7 5
20141012 7 2 3
20141012 8 5 3
20141012 7 5 3
20141012 2 7 9
20141012 5 2 3
20141012 2 3 7
20141012 3 9 5
20141012 5 2 7
20141013 7 3 4
20141013 2 7 9
20141013 8 4 5
20141013 8 5 4
20141013 5 3 4
20141013 5 1 3
20141013 3 7 1
20141013 5 4 6
20141013 3 9 1
20141013 9 1 3
20141013 5 9 1
20141013 2 9 7
20141023 5 2 1
20141023 2 4 7
20141023 3 4 1
20141023 5 1 2
20141023 2 5 7
20141023 2 5 6
20141023 7 3 6
20141023 5 1 9
20141023 3 9 5
20141023 2 5 7
20141024 4 7 6
20141024 4 2 1
20141024 2 6 5
20141024 2 7 5
20141024 5 3 1
20141024 7 5 3
20141024 2 1 3
20141024 2 9 7
20141024 2 7 8
20141024 3 9 5
20141025 3 1 6
20141025 4 2 1
20141025 3 5 7
20141025 3 4 1
20141025 1 3 9
20141025 1 8 4
20141025 2 7 3
20141025 3 9 4
20141025 7 9 3
20141025 3 9 2
20141104 7 4 5
20141104 8 3 4
20141104 7 9 1
20141104 5 2 7
20141104 1 4 7
20141104 6 3 2
20141104 4 1 7
20141104 1 5 4
20141104 9 1 4
20141104 9 5 2
20141104 7 2 3
20141104 2 4 6
20141105 3 1 5
20141105 2 5 1
20141105 7 3 1
20141105 7 1 3
20141105 7 1 5
20141105 3 2 4
20141105 3 7 6
20141105 9 7 5
20141105 3 5 9
20141105 5 9 8
20141105 1 7 3
20141105 3 7 5
20141106 8 2 4
20141106 2 9 3
20141106 3 6 9
20141106 7 1 3
20141106 1 4 7
20141106 1 4 9
20141106 9 5 6
20141106 9 3 7
20141106 7 1 5
20141106 2 5 8
20141106 1 3 2
20141106 3 5 9
20141111 1 3 7
20141111 6 2 7
20141111 3 1 5
20141111 2 4 5
20141111 5 4 3
20141111 3 7 4
20141111 8 1 3
20141111 1 8 3
20141111 5 1 9
20141111 2 9 1
20141112 1 5 4
20141112 2 4 1
20141112 3 5 1
20141112 2 4 1
20141112 5 4 1
20141112 1 7 6
20141112 9 5 1
20141112 2 7 1
20141112 5 3 7
20141112 5 7 3
20141112 1 9 5
20141113 1 4 3
20141113 1 5 2
20141113 2 1 7
20141113 5 4 7
20141113 2 3 1
20141113 7 9 4
20141113 1 2 6
20141113 2 3 8
20141113 5 3 1
20141113 7 3 9
20141203 9 5 2
20141203 2 5 7
20141203 1 9 2
20141203 9 2 3
20141203 1 4 3
20141203 6 3 1
20141203 5 3 8
20141203 2 3 9
20141203 7 5 1
20141203 3 9 6
20141203 2 5 9
20141204 1 8 5
20141204 2 3 1
20141204 2 4 8
20141204 3 8 2
20141204 5 2 7
20141204 3 1 5
20141204 6 7 8
20141204 2 4 8
20141204 2 3 5
20141204 9 3 1
20141204 3 1 9
20141205 1 6 4
20141205 8 3 5
20141205 7 1 9
20141205 3 1 9
20141205 7 1 9
20141205 2 9 8
20141205 5 3 7
20141205 1 8 9
20141205 5 3 6
20141205 2 8 4
20141205 3 6 9
20141213 7 2 4
20141213 7 3 2
20141213 1 3 2
20141213 2 4 1
20141213 5 1 7
20141213 3 1 4
20141213 2 6 5
20141213 6 3 1
20141213 8 3 5
20141213 1 9 4
20141213 2 9 7
20141213 3 7 9
20141214 2 7 4
20141214 4 7 3
20141214 1 4 2
20141214 7 1 2
20141214 5 1 4
20141214 4 3 5
20141214 7 1 6
20141214 6 9 3
20141214 1 2 9
20141214 1 8 3
20141214 5 9 7
20141214 5 1 3
20141215 1 5 7
20141215 4 2 3
20141215 3 2 4
20141215 7 4 3
20141215 6 7 5
20141215 3 4 7
20141215 5 3 9
20141215 4 2 3
20141215 4 7 1
20141215 7 2 9
20141215 2 9 3
20141215 7 1 3
20150110 1 2 3
20150110 1 9 3
20150110 9 3 5
20150110 7 9 2
20150110 2 7 4
20150110 5 8 6
20150110 9 1 5
20150110 7 1 9
20150110 7 8 5
20150110 9 2 7
20150110 2 5 9
20150111 1 7 5
20150111 3 7 2
20150111 1 2 3
20150111 1 5 9
20150111 7 2 1
20150111 2 1 6
20150111 5 9 2
20150111 9 2 3
20150111 9 2 1
20150111 4 2 3
20150111 7 3 2
20150112 5 8 1
20150112 5 8 2
20150112 9 2 7
20150112 7 1 9
20150112 1 9 2
20150112 3 9 1
20150112 9 7 1
20150112 7 1 8
20150112 5 7 6
20150112 8 5 7
20150112 2 7 4
20150112 5 8 1
20150115 1 3 5
20150115 4 2 3
20150115 4 2 3
20150115 2 1 7
20150115 5 1 4
20150115 9 2 5
20150115 2 6 7
20150115 5 1 7
20150115 1 3 9
20150115 3 4 9
20150116 2 3 6
20150116 2 4 7
20150116 3 1 2
20150116 5 7 2
20150116 5 3 2
20150116 3 2 7
20150116 2 9 4
20150116 7 4 8
20150116 3 2 9
20150116 7 3 4
20150117 1 3 6
20150117 2 1 5
20150117 3 1 7
20150117 5 7 3
20150117 9 3 7
20150117 7 3 5
20150117 5 2 4
20150117 5 1 3
20150117 9 5 6
20150117 3 9 6
20150421 3 1 2
20150421 1 7 6
20150421 2 5 6
20150421 4 7 5
20150421 3 6 2
20150421 1 8 3
20150421 7 8 3
20150421 2 6 3
20150421 9 2 5
20150421 3 7 9
20150422 1 6 7
20150422 3 5 2
20150422 4 3 7
20150422 4 1 5
20150422 3 5 1
20150422 3 1 6
20150422 6 9 5
20150422 4 1 3
20150422 7 5 8
20150422 9 6 3
20150423 3 1 4
20150423 5 1 2
20150423 2 5 6
20150423 1 7 3
20150423 1 9 7
20150423 9 6 3
20150423 3 5 6
20150423 2 7 1
20150423 5 3 1
20150423 3 7 1
20150503 1 2 8
20150503 9 5 7
20150503 5 3 7
20150503 9 7 2
20150503 7 9 8
20150503 9 4 3
20150503 7 9 2
20150503 7 3 9
20150503 1 5 2
20150503 3 7 2
20150503 2 5 8
20150503 9 2 1
20150504 5 2 4
20150504 3 9 4
20150504 3 9 5
20150504 2 9 1
20150504 2 1 8
20150504 2 5 3
20150504 5 2 3
20150504 9 1 2
20150504 2 9 3
20150504 5 2 7
20150504 9 5 3
20150504 2 7 1
20150504 7 2 9
20150505 1 9 8
20150505 1 8 5
20150505 7 3 2
20150505 5 2 9
20150505 1 5 9
20150505 9 2 1
20150505 6 3 4
20150505 2 3 9
20150505 1 7 8
20150505 6 1 7
20150505 3 5 2
20150505 5 7 4
20150506 3 1 4
20150506 7 2 8
20150506 6 8 4
20150506 4 7 2
20150506 3 7 1
20150506 1 3 7
20150506 1 9 6
20150506 2 7 6
20150506 3 1 5
20150506 4 1 6
20150506 2 9 7
