20120223 5 1 9
20120223 3 2 7
20120223 9 1 5
20120223 8 3 5
20120223 9 3 6
20120223 7 2 3
20120223 2 1 7
20120223 5 7 1
20120223 1 9 5
20120223 4 2 1
20120223 1 7 2
20120224 1 7 5
20120224 7 5 3
20120224 1 3 9
20120224 4 7 3
20120224 5 4 3
20120224 9 4 3
20120224 2 9 4
20120224 1 3 8
20120224 5 7 3
20120224 8 5 3
20120224 5 1 6
20120225 3 1 7
20120225 5 2 8
20120225 5 1 6
20120225 5 3 9
20120225 5 4 2
20120225 1 7 5
20120225 7 2 5
20120225 5 7 3
20120225 5 9 2
20120225 6 3 7
20120225 2 4 1
20120226 9 7 8
20120226 1 2 7
20120226 2 4 5
20120226 2 5 7
20120226 2 5 8
20120226 3 1 2
20120226 7 1 5
20120226 3 7 9
20120226 5 2 3
20120226 3 4 5
20120226 3 1 8
20120804 1 7 4
20120804 1 5 9
20120804 9 2 6
20120804 7 2 4
20120804 1 2 8
20120804 3 9 2
20120804 4 5 3
20120804 1 7 9
20120804 2 7 4
20120804 7 1 5
20120804 1 9 4
20120805 7 8 5
20120805 1 7 3
20120805 9 3 5
20120805 1 2 6
20120805 3 2 6
20120805 5 2 3
20120805 1 7 3
20120805 9 1 5
20120805 7 1 2
20120805 2 3 9
20120805 3 2 5
20120806 9 2 4
20120806 2 6 8
20120806 9 7 1
20120806 1 2 7
20120806 5 1 2
20120806 5 1 2
20120806 1 9 6
20120806 2 6 3
20120806 2 9 7
20120806 2 5 6
20120806 2 9 6
20120806 9 2 6
20120807 5 1 9
20120807 2 7 1
20120807 5 3 9
20120807 1 9 2
20120807 8 5 2
20120807 2 9 3
20120807 3 7 9
20120807 9 2 8
20120807 2 6 9
20120807 5 3 8
20120807 3 1 7
20121001 1 5 7
20121001 3 4 2
20121001 2 7 4
20121001 3 5 1
20121001 5 2 4
20121001 8 3 2
20121001 1 7 5
20121001 5 2 7
20121001 2 9 3
20121001 2 3 7
20121001 1 7 5
20121002 1 5 4
20121002 4 1 3
20121002 2 7 1
20121002 6 4 1
20121002 6 1 3
20121002 9 2 5
20121002 4 3 8
20121002 2 5 1
20121002 2 4 3
20121002 1 5 8
20121002 2 1 5
20121003 1 4 5
20121003 7 1 2
20121003 5 1 6
20121003 2 1 7
20121003 1 4 5
20121003 2 5 8
20121003 1 7 3
20121003 7 1 4
20121003 5 8 1
20121003 5 2 1
20121003 9 3 5
20130311 1 5 7
20130311 3 5 9
20130311 7 2 4
20130311 9 3 7
20130311 9 2 4
20130311 7 3 1
20130311 9 3 1
20130311 7 2 5
20130311 8 4 3
20130311 1 5 9
20130311 1 7 9
20130312 3 4 9
20130312 9 3 5
20130312 1 4 3
20130312 2 7 3
20130312 3 8 1
20130312 1 6 4
20130312 1 2 3
20130312 7 3 9
20130312 7 1 3
20130312 1 8 3
20130312 1 2 5
20130313 3 4 2
20130313 2 4 7
20130313 1 7 2
20130313 1 7 4
20130313 2 5 9
20130313 1 3 5
20130313 1 9 2
20130313 2 7 1
20130313 5 2 6
20130313 2 7 8
20130313 7 2 9
20130408 5 1 9
20130408 3 8 5
20130408 3 7 4
20130408 2 7 5
20130408 7 1 2
20130408 3 7 1
20130408 2 9 6
20130408 7 1 9
20130408 9 7 1
20130408 5 2 9
20130408 4 3 2
20130409 3 5 8
20130409 3 5 2
20130409 7 2 5
20130409 3 8 2
20130409 7 3 5
20130409 3 7 1
20130409 7 3 1
20130409 3 1 2
20130409 1 7 4
20130409 3 5 2
20130409 1 8 7
20130409 3 4 9
20130410 1 4 6
20130410 9 1 5
20130410 3 9 8
20130410 3 4 9
20130410 3 9 5
20130410 1 6 7
20130410 9 6 1
20130410 1 9 8
20130410 7 3 9
20130410 3 2 5
20130410 2 4 9
20130423 2 5 8
20130423 1 6 9
20130423 5 3 8
20130423 3 9 5
20130423 9 5 1
20130423 6 2 3
20130423 4 2 1
20130423 1 4 9
20130423 7 3 9
20130423 2 8 5
20130423 9 2 7
20130424 7 2 1
20130424 2 9 5
20130424 7 1 5
20130424 7 3 2
20130424 3 2 8
20130424 1 7 3
20130424 2 7 9
20130424 1 4 8
20130424 9 3 5
20130424 2 1 7
20130424 7 1 9
20130425 1 8 7
20130425 7 2 3
20130425 3 7 2
20130425 2 7 3
20130425 5 3 1
20130425 3 7 9
20130425 3 9 5
20130425 9 7 2
20130425 1 5 2
20130425 7 4 3
20130425 1 4 9
20130511 5 1 2
20130511 4 3 7
20130511 2 5 7
20130511 1 3 4
20130511 4 3 5
20130511 7 1 3
20130511 7 4 1
20130511 1 7 4
20130511 9 1 3
20130511 3 9 7
20130512 1 5 3
20130512 7 3 5
20130512 3 5 1
20130512 4 1 3
20130512 7 2 5
20130512 2 9 5
20130512 3 7 8
20130512 2 8 6
20130512 4 1 9
20130512 1 3 2
20130513 5 2 7
20130513 3 7 2
20130513 3 4 2
20130513 3 5 7
20130513 2 3 7
20130513 9 1 2
20130513 2 3 7
20130513 2 9 4
20130513 5 2 9
20130513 1 7 4
20130519 1 5 6
20130519 7 4 3
20130519 2 3 7
20130519 5 3 7
20130519 1 4 7
20130519 7 1 5
20130519 2 8 1
20130519 3 4 2
20130519 5 1 4
20130519 3 1 4
20130520 2 4 1
20130520 7 2 4
20130520 2 6 3
20130520 7 3 2
20130520 5 3 7
20130520 3 1 9
20130520 9 2 1
20130520 2 3 7
20130520 2 7 1
20130520 7 5 2
20130521 7 5 2
20130521 2 4 7
20130521 1 5 3
20130521 2 1 3
20130521 2 9 3
20130521 3 9 5
20130521 4 6 2
20130521 2 5 7
20130521 9 1 6
20130521 3 2 5
20130606 1 5 4
20130606 7 2 5
20130606 4 7 8
20130606 3 9 7
20130606 2 9 1
20130606 2 5 1
20130606 4 1 9
20130606 2 1 4
20130606 6 1 5
20130606 9 3 1
20130606 5 4 9
20130607 4 3 7
20130607 3 2 5
20130607 1 7 4
20130607 7 1 4
20130607 5 4 8
20130607 3 9 2
20130607 5 3 6
20130607 1 2 5
20130607 9 2 5
20130607 1 7 5
20130607 3 5 8
20130608 3 1 5
20130608 1 3 5
20130608 2 5 4
20130608 3 9 1
20130608 9 3 1
20130608 9 1 7
20130608 1 4 2
20130608 3 5 9
20130608 1 7 8
20130608 2 9 7
20130608 9 2 7
20130608 1 8 7
20130608 1 9 2
20130609 5 6 1
20130609 5 4 2
20130609 5 4 3
20130609 2 7 3
20130609 5 2 7
20130609 4 2 3
20130609 1 3 7
20130609 3 9 5
20130609 1 8 9
20130609 9 5 1
20130609 5 1 2
20130621 4 1 5
20130621 5 2 6
20130621 4 1 7
20130621 2 3 4
20130621 7 1 4
20130621 2 7 3
20130621 7 3 8
20130621 1 7 2
20130621 1 7 2
20130621 4 3 9
20130622 5 4 1
20130622 7 2 1
20130622 1 7 2
20130622 7 2 3
20130622 1 5 3
20130622 4 2 7
20130622 5 9 1
20130622 7 3 4
20130622 7 4 3
20130622 3 1 9
20130622 7 5 8
20130623 1 5 7
20130623 1 3 6
20130623 5 1 7
20130623 5 7 2
20130623 5 7 2
20130623 1 3 5
20130623 1 3 4
20130623 7 3 8
20130623 5 9 7
20130623 3 9 2
20130706 3 7 2
20130706 2 4 6
20130706 7 3 6
20130706 7 2 4
20130706 4 2 5
20130706 7 2 3
20130706 1 6 5
20130706 1 7 5
20130706 3 7 9
20130706 3 7 5
20130707 1 3 7
20130707 1 5 2
20130707 4 7 2
20130707 2 5 6
20130707 2 4 3
20130707 7 3 4
20130707 7 2 4
20130707 5 8 3
20130707 9 1 3
20130707 2 9 1
20130708 1 5 7
20130708 7 1 4
20130708 1 7 5
20130708 5 1 3
20130708 5 3 7
20130708 3 1 2
20130708 1 7 2
20130708 9 4 7
20130708 5 3 7
20130708 2 1 4
20130716 1 5 7
20130716 3 1 5
20130716 4 7 6
20130716 7 5 1
20130716 3 4 1
20130716 7 1 2
20130716 9 3 2
20130716 2 3 9
20130716 5 3 1
20130716 2 9 5
20130717 1 5 7
20130717 7 4 1
20130717 1 4 3
20130717 5 2 4
20130717 2 5 7
20130717 7 2 4
20130717 1 5 9
20130717 9 1 2
20130717 7 2 5
20130717 3 4 7
20130718 5 1 3
20130718 7 3 5
20130718 5 1 2
20130718 5 6 1
20130718 2 7 5
20130718 1 5 9
20130718 7 4 1
20130718 8 5 3
20130718 3 1 5
20130718 2 9 1
20130824 2 7 9
20130824 5 2 6
20130824 3 7 8
20130824 5 4 1
20130824 7 1 2
20130824 8 1 6
20130824 7 4 2
20130824 5 1 3
20130824 2 5 9
20130824 7 1 9
20130824 1 5 2
20130825 1 4 5
20130825 2 5 3
20130825 7 3 2
20130825 5 2 3
20130825 1 2 9
20130825 6 7 1
20130825 7 1 3
20130825 9 1 7
20130825 9 1 5
20130825 3 7 6
20130825 1 5 9
20130826 8 7 5
20130826 7 3 5
20130826 5 3 9
20130826 1 2 3
20130826 7 2 9
20130826 3 4 2
20130826 2 3 4
20130826 9 3 7
20130826 5 2 4
20130826 5 7 9
20130826 1 5 7
20130827 9 3 1
20130827 2 8 4
20130827 1 5 8
20130827 5 3 8
20130827 3 1 9
20130827 5 2 7
20130827 3 5 4
20130827 3 7 8
20130827 5 8 4
20130827 9 4 5
20130827 7 9 2
20130917 2 1 4
20130917 2 5 8
20130917 5 2 7
20130917 9 3 1
20130917 5 3 8
20130917 9 2 8
20130917 3 5 1
20130917 3 1 7
20130917 3 7 5
20130917 1 3 2
20130917 3 1 7
20130918 5 9 2
20130918 1 5 2
20130918 7 1 9
20130918 1 9 4
20130918 3 9 6
20130918 5 9 3
20130918 1 7 2
20130918 2 1 5
20130918 8 3 6
20130918 2 7 5
20130918 1 7 8
20130919 3 4 6
20130919 7 3 2
20130919 5 9 2
20130919 3 4 5
20130919 3 5 7
20130919 8 3 4
20130919 9 2 7
20130919 4 5 8
20130919 5 3 6
20130919 3 5 8
20130919 3 8 5
20130919 3 5 9
20131005 1 5 7
20131005 2 5 3
20131005 3 9 7
20131005 7 3 1
20131005 2 7 5
20131005 3 1 7
20131005 9 1 5
20131005 2 1 7
20131005 3 9 4
20131005 2 5 7
20131006 1 4 2
20131006 1 4 5
20131006 5 1 2
20131006 2 3 9
20131006 3 7 4
20131006 7 5 2
20131006 5 3 2
20131006 1 5 2
20131006 5 3 8
20131006 7 4 1
20131007 1 9 3
20131007 2 9 1
20131007 2 3 8
20131007 2 3 1
20131007 7 2 6
20131007 9 7 2
20131007 7 4 2
20131007 2 4 1
20131007 3 9 1
20131007 1 9 2
20131028 9 1 3
20131028 3 9 7
20131028 9 3 7
20131028 2 7 5
20131028 1 2 6
20131028 2 3 7
20131028 4 1 3
20131028 5 2 1
20131028 1 8 5
20131028 8 7 2
20131028 3 5 9
20131029 7 1 8
20131029 1 3 7
20131029 7 6 4
20131029 5 7 3
20131029 7 3 1
20131029 2 9 1
20131029 5 3 6
20131029 2 8 5
20131029 9 1 2
20131029 5 3 7
20131029 2 5 7
20131030 2 7 1
20131030 9 7 6
20131030 3 2 4
20131030 1 2 7
20131030 9 1 2
20131030 1 8 7
20131030 9 5 1
20131030 8 2 4
20131030 9 4 1
20131030 5 1 8
20131030 5 2 7
20131102 1 5 3
20131102 3 4 5
20131102 7 1 2
20131102 2 5 1
20131102 4 7 2
20131102 7 2 4
20131102 4 2 5
20131102 2 3 7
20131102 7 3 9
20131102 4 1 3
20131103 1 6 3
20131103 4 2 5
20131103 2 3 6
20131103 7 4 1
20131103 2 7 1
20131103 7 3 8
20131103 9 1 3
20131103 2 7 3
20131103 3 7 9
20131103 1 7 2
20131104 7 1 5
20131104 7 2 4
20131104 2 4 3
20131104 1 7 4
20131104 7 1 6
20131104 1 5 3
20131104 3 1 2
20131104 6 7 1
20131104 3 5 7
20131104 9 1 2
20131217 1 6 2
20131217 3 5 1
20131217 2 1 5
20131217 3 5 1
20131217 7 2 4
20131217 2 7 3
20131217 1 9 5
20131217 3 7 4
20131217 7 2 1
20131217 2 1 4
20131218 3 1 6
20131218 4 2 5
20131218 4 6 3
20131218 5 4 2
20131218 1 7 5
20131218 3 7 8
20131218 3 7 5
20131218 3 5 1
20131218 2 9 7
20131218 2 9 1
20131219 3 4 2
20131219 7 1 3
20131219 2 6 1
20131219 2 4 5
20131219 7 5 9
20131219 1 8 5
20131219 1 4 2
20131219 9 2 5
20131219 7 1 2
20131219 6 8 7
20140101 1 5 2
20140101 3 4 2
20140101 2 3 5
20140101 4 2 1
20140101 1 2 3
20140101 9 4 8
20140101 6 1 2
20140101 9 3 5
20140101 6 9 5
20140101 3 2 4
20140102 5 1 3
20140102 1 4 7
20140102 3 1 5
20140102 7 5 1
20140102 2 1 5
20140102 4 2 7
20140102 7 2 8
20140102 8 2 5
20140102 6 5 3
20140102 9 2 1
20140103 1 3 2
20140103 3 4 2
20140103 7 4 3
20140103 7 4 5
20140103 2 4 7
20140103 2 7 8
20140103 1 5 4
20140103 6 7 4
20140103 4 2 1
20140103 1 3 2
20140204 2 8 1
20140204 7 4 2
20140204 5 7 6
20140204 1 7 5
20140204 9 1 3
20140204 6 3 9
20140204 8 3 9
20140204 4 9 3
20140204 2 4 7
20140204 2 6 9
20140204 6 3 9
20140205 1 3 5
20140205 2 6 3
20140205 7 1 9
20140205 2 3 9
20140205 7 5 3
20140205 5 3 9
20140205 9 2 5
20140205 1 5 9
20140205 3 4 7
20140205 4 2 7
20140205 1 5 9
20140206 1 4 5
20140206 1 8 5
20140206 1 7 2
20140206 7 3 8
20140206 3 6 4
20140206 7 2 5
20140206 6 9 7
20140206 7 2 1
20140206 9 3 8
20140206 9 1 4
20140206 1 4 2
20140215 5 1 4
20140215 5 3 9
20140215 9 7 3
20140215 6 1 7
20140215 7 1 5
20140215 3 5 7
20140215 3 5 4
20140215 7 2 9
20140215 1 3 6
20140215 5 6 2
20140215 4 9 5
20140216 1 5 8
20140216 7 2 1
20140216 3 9 5
20140216 1 7 9
20140216 1 5 8
20140216 7 2 1
20140216 2 7 5
20140216 7 1 3
20140216 5 2 1
20140216 3 2 7
20140216 3 7 4
20140217 5 1 9
20140217 2 4 1
20140217 1 8 7
20140217 9 2 4
20140217 1 5 2
20140217 2 3 6
20140217 2 5 3
20140217 5 9 8
20140217 8 4 2
20140217 5 3 8
20140217 7 2 8
20140306 1 5 7
20140306 3 1 4
20140306 7 4 3
20140306 5 1 4
20140306 2 4 3
20140306 1 5 2
20140306 7 2 8
20140306 1 9 5
20140306 5 3 8
20140306 3 1 5
20140307 1 2 7
20140307 1 4 6
20140307 4 7 3
20140307 5 4 3
20140307 5 3 4
20140307 9 3 2
20140307 2 9 8
20140307 7 2 6
20140307 1 9 7
20140307 1 3 7
20140308 1 5 4
20140308 1 7 4
20140308 3 7 2
20140308 3 7 5
20140308 2 9 7
20140308 5 3 7
20140308 1 7 5
20140308 7 3 1
20140308 7 2 4
20140308 2 3 7
20140409 5 1 7
20140409 3 5 2
20140409 4 3 2
20140409 5 4 1
20140409 1 9 7
20140409 2 4 9
20140409 3 6 7
20140409 7 5 2
20140409 9 1 7
20140409 3 7 1
20140409 2 7 8
20140410 3 7 2
20140410 5 9 7
20140410 7 3 5
20140410 3 7 2
20140410 2 7 8
20140410 3 9 4
20140410 3 1 2
20140410 7 1 9
20140410 3 2 7
20140410 5 7 3
20140410 7 2 4
20140411 9 7 3
20140411 2 9 5
20140411 2 6 9
20140411 7 5 1
20140411 5 8 3
20140411 2 5 3
20140411 3 1 7
20140411 9 2 1
20140411 9 5 2
20140411 7 5 9
20140411 3 6 5
20140512 1 5 7
20140512 2 7 1
20140512 7 1 4
20140512 5 1 2
20140512 5 2 4
20140512 2 9 5
20140512 5 2 6
20140512 9 1 8
20140512 5 6 2
20140512 5 6 3
20140512 1 9 6
20140513 5 2 7
20140513 7 5 3
20140513 2 1 4
20140513 7 3 4
20140513 2 1 5
20140513 3 5 9
20140513 5 2 7
20140513 7 3 5
20140513 1 9 7
20140513 7 2 6
20140514 1 7 5
20140514 4 2 1
20140514 2 6 7
20140514 5 7 4
20140514 7 2 5
20140514 9 3 2
20140514 1 3 2
20140514 5 7 3
20140514 1 7 9
20140514 4 9 2
20140617 7 1 4
20140617 4 5 1
20140617 4 5 7
20140617 2 4 5
20140617 7 2 5
20140617 3 9 7
20140617 8 3 7
20140617 5 1 9
20140617 7 9 2
20140617 2 3 4
20140618 1 5 2
20140618 2 3 4
20140618 2 7 4
20140618 5 2 3
20140618 4 3 1
20140618 1 7 9
20140618 1 9 3
20140618 5 7 3
20140618 2 5 6
20140618 1 9 2
20140619 5 7 3
20140619 7 5 3
20140619 6 4 3
20140619 6 5 2
20140619 9 6 8
20140619 7 3 5
20140619 1 7 4
20140619 1 7 2
20140619 1 7 9
20140619 7 1 5
20140704 2 1 7
20140704 3 7 6
20140704 5 4 1
20140704 7 2 5
20140704 4 7 1
20140704 9 3 8
20140704 1 5 2
20140704 9 4 3
20140704 7 1 8
20140704 8 6 1
20140705 2 6 1
20140705 3 7 1
20140705 5 6 3
20140705 1 3 4
20140705 5 1 4
20140705 5 3 6
20140705 9 3 5
20140705 9 2 7
20140705 7 1 5
20140705 1 5 4
20140706 7 3 6
20140706 5 6 3
20140706 3 7 4
20140706 3 5 2
20140706 9 3 4
20140706 3 9 5
20140706 3 1 7
20140706 2 9 5
20140706 5 9 1
20140706 1 5 3
20140715 1 5 8
20140715 1 8 3
20140715 1 9 6
20140715 1 5 3
20140715 7 2 6
20140715 5 1 6
20140715 3 2 9
20140715 7 6 3
20140715 5 7 2
20140715 3 7 5
20140715 2 7 5
20140716 9 7 5
20140716 9 2 4
20140716 9 3 8
20140716 5 1 9
20140716 7 9 1
20140716 9 1 5
20140716 1 9 5
20140716 3 1 6
20140716 1 6 5
20140716 7 9 1
20140716 5 1 6
20140717 1 5 2
20140717 9 4 2
20140717 2 7 9
20140717 5 1 7
20140717 9 1 3
20140717 7 1 5
20140717 5 7 4
20140717 9 3 7
20140717 1 9 7
20140717 2 9 3
20140717 5 7 3
20140814 1 7 5
20140814 7 1 9
20140814 1 8 7
20140814 5 2 7
20140814 5 4 2
20140814 2 7 1
20140814 2 5 7
20140814 3 7 6
20140814 1 9 3
20140814 7 3 1
20140814 5 4 9
20140814 9 1 7
20140815 3 4 2
20140815 2 5 4
20140815 3 7 2
20140815 7 4 2
20140815 2 7 5
20140815 7 2 5
20140815 7 4 1
20140815 3 7 5
20140815 5 7 4
20140815 9 7 5
20140815 2 7 5
20140815 3 7 2
20140816 1 5 6
20140816 1 6 4
20140816 1 7 4
20140816 3 4 8
20140816 3 5 1
20140816 3 7 5
20140816 7 9 1
20140816 9 2 1
20140816 5 2 3
20140816 5 3 4
20140816 2 1 4
20140816 7 2 9
20140817 9 6 8
20140817 9 1 5
20140817 7 3 9
20140817 3 7 2
20140817 7 5 2
20140817 9 2 1
20140817 1 5 8
20140817 7 2 8
20140817 8 3 2
20140817 9 8 2
20140817 1 3 7
20140917 9 2 5
20140917 2 4 8
20140917 2 7 8
20140917 7 8 3
20140917 8 1 7
20140917 4 3 9
20140917 1 7 3
20140917 2 9 7
20140917 2 9 4
20140917 7 3 9
20140917 7 5 4
20140918 1 5 3
20140918 7 2 5
20140918 9 4 7
20140918 5 2 7
20140918 9 1 4
20140918 2 3 1
20140918 7 2 3
20140918 5 7 2
20140918 2 5 1
20140918 3 5 4
20140918 9 8 4
20140919 5 2 7
20140919 3 9 6
20140919 7 2 4
20140919 2 9 6
20140919 3 4 7
20140919 5 7 4
20140919 1 2 5
20140919 1 5 4
20140919 3 9 1
20140919 1 7 2
20140919 4 3 6
20140926 1 5 6
20140926 3 4 1
20140926 4 2 6
20140926 5 4 1
20140926 7 2 3
20140926 1 3 4
20140926 6 1 4
20140926 7 2 1
20140926 5 2 6
20140926 9 7 2
20140927 5 7 4
20140927 1 3 7
20140927 7 2 5
20140927 3 7 5
20140927 4 3 5
20140927 1 4 7
20140927 3 5 6
20140927 9 7 3
20140927 2 7 9
20140927 1 6 5
20140928 5 1 2
20140928 3 4 7
20140928 7 2 5
20140928 4 5 7
20140928 9 4 1
20140928 3 7 1
20140928 1 7 2
20140928 2 7 3
20140928 4 2 9
20140928 9 3 2
20141015 3 1 2
20141015 2 7 4
20141015 7 1 2
20141015 4 7 3
20141015 3 2 5
20141015 9 8 2
20141015 7 8 1
20141015 3 9 7
20141015 1 5 2
20141015 9 2 1
20141016 1 4 5
20141016 7 2 1
20141016 2 7 3
20141016 1 4 3
20141016 5 6 7
20141016 5 2 4
20141016 9 1 3
20141016 7 1 5
20141016 1 9 3
20141016 4 5 7
20141017 2 5 3
20141017 2 4 5
20141017 5 7 1
20141017 4 3 1
20141017 2 9 7
20141017 8 5 2
20141017 2 7 3
20141017 3 2 9
20141017 9 7 2
20141017 8 9 5
20141029 7 2 1
20141029 7 4 1
20141029 5 3 1
20141029 4 2 1
20141029 5 4 3
20141029 2 4 9
20141029 7 3 5
20141029 7 2 5
20141029 7 3 1
20141029 3 5 1
20141030 5 1 3
20141030 4 7 2
20141030 3 5 6
20141030 4 2 3
20141030 7 3 2
20141030 7 3 2
20141030 9 3 2
20141030 1 9 7
20141030 1 9 3
20141030 1 3 4
20141031 1 3 5
20141031 5 7 1
20141031 7 1 5
20141031 7 2 3
20141031 5 9 3
20141031 2 9 1
20141031 3 4 6
20141031 3 7 5
20141031 2 5 8
20141031 7 2 5
20141126 1 4 5
20141126 2 4 7
20141126 3 2 5
20141126 2 5 1
20141126 5 7 2
20141126 1 2 9
20141126 1 4 5
20141126 5 3 9
20141126 8 3 7
20141126 5 1 8
20141127 3 4 5
20141127 3 7 1
20141127 3 1 2
20141127 3 2 1
20141127 2 4 7
20141127 7 5 2
20141127 3 4 1
20141127 7 1 9
20141127 2 4 6
20141127 5 2 9
20141127 9 2 1
20141128 1 2 5
20141128 1 7 4
20141128 2 7 5
20141128 7 2 3
20141128 9 2 3
20141128 3 8 9
20141128 2 5 7
20141128 3 8 2
20141128 1 3 8
20141128 8 1 2
20141217 5 1 9
20141217 3 7 5
20141217 2 9 1
20141217 4 8 6
20141217 7 3 5
20141217 2 7 8
20141217 5 8 2
20141217 5 1 2
20141217 1 7 2
20141217 1 5 7
20141217 3 5 7
20141218 5 7 1
20141218 9 1 2
20141218 3 8 7
20141218 3 9 2
20141218 3 1 6
20141218 7 5 1
20141218 2 4 3
20141218 3 4 9
20141218 7 1 9
20141218 7 3 2
20141218 9 3 1
20141219 2 8 9
20141219 7 5 4
20141219 2 3 9
20141219 5 4 1
20141219 3 1 4
20141219 3 9 1
20141219 1 2 3
20141219 1 5 3
20141219 9 5 8
20141219 5 7 1
20141219 5 3 2
20150122 1 5 7
20150122 7 3 5
20150122 5 3 4
20150122 6 1 2
20150122 5 1 7
20150122 1 2 5
20150122 5 8 3
20150122 2 4 7
20150122 8 3 5
20150122 8 5 2
20150123 1 5 7
20150123 3 6 2
20150123 3 7 5
20150123 6 1 7
20150123 3 5 1
20150123 6 7 5
20150123 2 6 1
20150123 7 2 9
20150123 9 5 7
20150123 3 4 9
20150124 1 5 4
20150124 2 1 5
20150124 7 2 1
20150124 4 2 6
20150124 3 5 7
20150124 2 7 5
20150124 6 4 7
20150124 4 1 6
20150124 3 9 4
20150124 5 2 9
20150130 2 1 5
20150130 7 4 1
20150130 2 1 3
20150130 7 3 4
20150130 4 6 3
20150130 3 9 2
20150130 2 5 1
20150130 9 5 1
20150130 1 8 7
20150130 3 7 5
20150131 5 1 4
20150131 2 7 5
20150131 1 3 7
20150131 1 2 5
20150131 7 5 4
20150131 9 8 2
20150131 7 5 6
20150131 3 8 1
20150131 6 1 2
20150131 1 7 6
20150201 1 5 2
20150201 2 7 5
20150201 4 7 1
20150201 3 5 7
20150201 4 1 3
20150201 9 6 2
20150201 1 4 2
20150201 2 9 6
20150201 7 1 4
20150201 4 2 9
20150205 5 9 1
20150205 2 9 4
20150205 7 1 2
20150205 1 7 6
20150205 5 1 7
20150205 6 2 4
20150205 2 7 4
20150205 9 5 7
20150205 5 2 1
20150205 7 1 5
20150205 2 1 5
20150206 5 3 6
20150206 3 9 1
20150206 5 3 1
20150206 2 1 5
20150206 5 7 1
20150206 9 7 4
20150206 1 5 2
20150206 3 6 5
20150206 9 1 6
20150206 2 9 1
20150206 4 3 6
20150207 3 2 4
20150207 9 2 5
20150207 5 3 7
20150207 7 2 4
20150207 1 9 7
20150207 5 9 1
20150207 7 3 9
20150207 2 3 9
20150207 5 1 9
20150207 2 9 8
20150207 7 9 2
20150220 3 2 7
20150220 5 3 1
20150220 1 3 7
20150220 3 2 5
20150220 4 1 6
20150220 4 2 7
20150220 6 5 9
20150220 7 3 2
20150220 5 1 2
20150220 9 3 4
20150221 5 1 3
20150221 2 3 7
20150221 7 2 4
20150221 4 5 3
20150221 1 5 4
20150221 1 3 9
20150221 5 7 1
20150221 5 8 2
20150221 3 9 4
20150221 3 5 9
20150222 1 5 4
20150222 4 2 7
20150222 3 4 1
20150222 2 7 5
20150222 3 2 9
20150222 7 1 9
20150222 7 4 1
20150222 9 7 4
20150222 9 4 6
20150222 3 8 2
20150304 9 4 2
20150304 1 2 5
20150304 3 1 4
20150304 3 7 8
20150304 2 5 1
20150304 7 8 5
20150304 3 1 9
20150304 2 1 7
20150304 7 1 9
20150304 9 1 3
20150304 6 3 8
20150305 5 1 9
20150305 1 9 7
20150305 5 7 9
20150305 7 2 5
20150305 7 3 4
20150305 1 9 7
20150305 2 5 7
20150305 9 3 6
20150305 3 9 1
20150305 9 3 4
20150305 1 5 2
20150306 7 6 2
20150306 2 5 9
20150306 4 6 2
20150306 1 9 3
20150306 7 2 8
20150306 3 5 2
20150306 9 3 1
20150306 7 1 5
20150306 2 3 9
20150306 2 1 7
20150306 6 5 1
20150429 5 2 1
20150429 1 3 9
20150429 9 2 3
20150429 7 3 4
20150429 2 1 3
20150429 7 5 4
20150429 5 3 4
20150429 5 9 2
20150429 3 2 1
20150429 1 7 4
20150429 1 4 6
20150430 4 2 7
20150430 9 7 2
20150430 8 2 9
20150430 1 2 5
20150430 7 1 4
20150430 7 4 1
20150430 7 9 2
20150430 3 1 9
20150430 2 9 5
20150430 9 1 7
20150430 3 7 2
20150430 2 1 4
20150501 9 8 4
20150501 5 7 1
20150501 2 1 7
20150501 3 8 1
20150501 5 8 1
20150501 5 1 7
20150501 1 5 9
20150501 5 4 8
20150501 9 7 5
20150501 5 1 7
20150501 1 3 7
20150509 1 7 5
20150509 4 3 2
20150509 7 2 5
20150509 1 3 4
20150509 5 1 7
20150509 2 5 7
20150509 8 1 7
20150509 5 9 1
20150509 2 1 5
20150509 1 7 5
20150510 1 7 5
20150510 5 2 7
20150510 6 7 4
20150510 3 7 4
20150510 2 4 5
20150510 9 8 6
20150510 1 3 7
20150510 9 1 7
20150510 7 2 9
20150510 5 1 7
20150511 1 2 5
20150511 5 3 7
20150511 2 7 6
20150511 3 7 5
20150511 9 1 5
20150511 3 2 8
20150511 4 3 6
20150511 7 6 3
20150511 3 6 9
20150511 2 9 8
20150604 1 5 4
20150604 3 1 2
20150604 7 4 3
20150604 3 5 1
20150604 5 4 7
20150604 7 8 9
20150604 5 8 9
20150604 5 1 7
20150604 2 7 1
20150604 9 3 7
20150605 3 6 2
20150605 2 4 3
20150605 2 7 1
20150605 5 1 3
20150605 3 1 2
20150605 8 9 3
20150605 3 7 4
20150605 5 2 9
20150605 9 2 5
20150605 9 5 1
20150606 4 2 7
20150606 7 2 4
20150606 3 2 1
20150606 3 7 1
20150606 4 9 8
20150606 8 3 1
20150606 1 6 2
20150606 2 9 3
20150606 3 1 2
20150606 2 7 1
