20111210 9 3 1
20111210 5 3 1
20111210 9 2 1
20111210 9 4 3
20111210 9 2 5
20111210 3 5 9
20111210 1 9 7
20111210 1 4 2
20111210 1 3 9
20111210 7 1 9
20111210 7 1 5
20111211 2 9 7
20111211 7 1 5
20111211 2 9 5
20111211 1 4 2
20111211 3 9 4
20111211 2 4 1
20111211 3 7 8
20111211 1 7 9
20111211 2 7 1
20111211 1 5 9
20111211 8 7 2
20111212 3 2 9
20111212 9 2 7
20111212 8 9 5
20111212 7 4 1
20111212 3 4 2
20111212 5 1 8
20111212 4 2 1
20111212 7 1 8
20111212 9 3 2
20111212 9 1 4
20111212 2 5 1
20111213 2 4 8
20111213 1 5 2
20111213 8 2 1
20111213 2 8 3
20111213 9 3 5
20111213 7 3 8
20111213 1 7 9
20111213 1 9 2
20111213 5 9 4
20111213 8 2 1
20111213 2 3 5
20120328 1 5 2
20120328 7 5 2
20120328 1 7 9
20120328 3 9 8
20120328 8 5 6
20120328 4 3 9
20120328 1 8 2
20120328 2 5 3
20120328 5 1 7
20120328 3 1 8
20120329 2 9 5
20120329 2 1 5
20120329 7 2 1
20120329 2 3 5
20120329 8 6 2
20120329 5 2 1
20120329 8 2 6
20120329 1 4 5
20120329 4 1 8
20120329 2 5 1
20120330 5 4 2
20120330 2 4 1
20120330 3 1 2
20120330 5 9 4
20120330 7 1 9
20120330 5 3 6
20120330 2 8 1
20120330 4 6 5
20120330 5 4 2
20120330 1 8 4
20121214 7 3 5
20121214 8 1 5
20121214 7 5 1
20121214 2 3 5
20121214 6 9 8
20121214 5 3 7
20121214 1 3 7
20121214 7 3 9
20121214 3 4 5
20121214 9 8 6
20121214 8 3 4
20121215 7 3 1
20121215 5 1 6
20121215 1 9 3
20121215 2 8 7
20121215 9 1 3
20121215 2 3 9
20121215 9 2 6
20121215 5 1 4
20121215 3 1 2
20121215 2 5 1
20121215 1 9 5
20121216 1 6 4
20121216 1 4 7
20121216 3 9 8
20121216 3 1 5
20121216 1 5 7
20121216 2 7 4
20121216 4 7 2
20121216 7 5 1
20121216 2 9 1
20121216 1 3 7
20121216 2 5 3
20121217 7 1 3
20121217 3 7 8
20121217 2 3 9
20121217 3 2 5
20121217 1 7 6
20121217 5 1 8
20121217 5 2 8
20121217 3 1 5
20121217 5 2 6
20121217 4 2 9
20121217 3 1 8
20121231 1 3 2
20121231 9 1 5
20121231 2 5 3
20121231 2 5 9
20121231 1 9 5
20121231 1 7 4
20121231 3 9 2
20121231 2 7 5
20121231 7 2 5
20121231 8 4 1
20121231 3 7 9
20121231 3 5 8
20130101 9 2 1
20130101 3 5 4
20130101 1 8 7
20130101 1 5 7
20130101 2 5 6
20130101 1 7 5
20130101 5 1 3
20130101 3 1 8
20130101 9 5 3
20130101 7 3 9
20130101 2 8 7
20130102 3 7 5
20130102 7 5 2
20130102 1 5 3
20130102 3 4 9
20130102 4 9 7
20130102 3 4 2
20130102 5 4 7
20130102 9 7 2
20130102 2 5 3
20130102 3 2 1
20130102 9 1 6
20130109 3 7 1
20130109 1 2 3
20130109 7 5 3
20130109 1 4 3
20130109 3 4 1
20130109 7 4 3
20130109 2 8 4
20130109 5 1 6
20130109 7 8 6
20130109 1 2 5
20130109 3 9 4
20130110 3 5 7
20130110 5 7 2
20130110 2 4 6
20130110 1 7 6
20130110 1 5 4
20130110 2 1 5
20130110 9 2 8
20130110 2 9 5
20130110 1 6 2
20130110 7 9 2
20130110 1 5 2
20130111 3 2 6
20130111 3 1 4
20130111 7 2 1
20130111 1 4 5
20130111 5 1 3
20130111 9 2 1
20130111 3 1 5
20130111 4 2 9
20130111 5 8 7
20130111 7 2 1
20130111 9 1 8
20130205 3 5 1
20130205 2 4 3
20130205 4 2 1
20130205 6 2 1
20130205 2 5 7
20130205 9 6 4
20130205 2 5 3
20130205 5 3 2
20130205 7 8 3
20130205 9 1 7
20130205 2 5 8
20130206 3 2 9
20130206 5 1 2
20130206 1 3 5
20130206 7 3 5
20130206 6 4 9
20130206 7 6 2
20130206 5 1 4
20130206 5 4 8
20130206 4 1 5
20130206 1 5 7
20130206 1 9 3
20130207 6 4 7
20130207 5 1 4
20130207 3 7 9
20130207 1 5 7
20130207 5 2 7
20130207 8 7 2
20130207 1 3 2
20130207 3 2 6
20130207 4 1 7
20130207 4 6 5
20130207 1 4 2
20130325 7 4 3
20130325 6 2 7
20130325 1 2 5
20130325 5 2 9
20130325 1 2 3
20130325 7 4 2
20130325 9 3 2
20130325 2 3 5
20130325 5 3 8
20130325 9 1 4
20130325 4 1 6
20130326 3 7 2
20130326 2 5 9
20130326 9 1 5
20130326 3 6 9
20130326 1 2 9
20130326 1 9 3
20130326 2 5 1
20130326 9 1 3
20130326 2 9 4
20130326 5 6 7
20130326 2 1 5
20130327 7 3 2
20130327 7 3 9
20130327 9 6 5
20130327 9 3 7
20130327 3 4 7
20130327 4 3 7
20130327 3 5 2
20130327 1 5 2
20130327 7 3 1
20130327 4 3 7
20130327 3 2 5
20130327 9 3 5
20130327 9 1 7
20130329 3 7 5
20130329 1 4 7
20130329 7 2 5
20130329 7 4 2
20130329 4 7 2
20130329 2 1 7
20130329 2 1 8
20130329 5 2 7
20130329 5 1 2
20130329 9 1 7
20130329 7 1 5
20130330 2 4 1
20130330 1 5 7
20130330 7 4 2
20130330 7 4 6
20130330 3 2 7
20130330 5 1 8
20130330 1 9 4
20130330 6 1 3
20130330 1 2 5
20130330 3 4 5
20130330 4 7 6
20130331 3 7 5
20130331 2 7 5
20130331 7 3 1
20130331 3 5 2
20130331 2 5 8
20130331 7 1 2
20130331 5 3 1
20130331 2 5 1
20130331 9 2 4
20130331 1 5 3
20130331 2 4 3
20130401 2 7 3
20130401 9 5 7
20130401 2 4 7
20130401 2 7 1
20130401 5 1 3
20130401 3 5 9
20130401 7 1 8
20130401 1 7 8
20130401 6 1 9
20130401 3 5 7
20130401 5 6 8
20130402 2 3 7
20130402 2 9 5
20130402 2 3 8
20130402 5 3 9
20130402 9 7 2
20130402 1 2 5
20130402 7 2 1
20130402 5 7 3
20130402 5 1 2
20130402 9 1 4
20130402 3 1 5
20130403 3 7 2
20130403 2 5 1
20130403 2 8 9
20130403 5 9 1
20130403 3 6 2
20130403 8 3 9
20130403 9 6 2
20130403 3 5 9
20130403 4 5 8
20130403 3 5 9
20130403 8 3 1
20130426 4 3 7
20130426 2 5 1
20130426 5 4 7
20130426 4 1 3
20130426 5 2 1
20130426 5 2 8
20130426 5 1 8
20130426 9 1 5
20130426 5 9 2
20130426 6 9 1
20130427 4 1 7
20130427 4 3 5
20130427 2 5 7
20130427 4 7 1
20130427 7 1 4
20130427 9 1 8
20130427 7 3 1
20130427 2 7 5
20130427 7 1 8
20130427 7 3 4
20130428 1 2 7
20130428 3 4 2
20130428 2 7 4
20130428 3 2 1
20130428 9 1 7
20130428 7 4 6
20130428 5 1 3
20130428 5 9 8
20130428 3 7 5
20130428 2 3 9
20130522 1 7 9
20130522 9 1 3
20130522 7 2 3
20130522 2 9 7
20130522 2 5 8
20130522 7 4 3
20130522 1 2 9
20130522 3 2 1
20130522 8 3 9
20130522 2 8 6
20130522 5 3 8
20130523 4 7 9
20130523 3 5 8
20130523 3 1 9
20130523 1 5 9
20130523 9 1 7
20130523 3 1 2
20130523 7 1 2
20130523 9 7 1
20130523 3 7 2
20130523 6 2 4
20130523 5 2 8
20130524 5 8 3
20130524 1 7 4
20130524 2 7 8
20130524 9 2 4
20130524 9 3 6
20130524 3 7 5
20130524 4 7 8
20130524 2 9 3
20130524 8 3 4
20130524 1 3 8
20130524 3 6 2
20130610 3 7 5
20130610 1 5 8
20130610 7 2 1
20130610 4 1 7
20130610 8 5 1
20130610 5 7 2
20130610 4 9 1
20130610 7 9 4
20130610 9 2 1
20130610 1 7 9
20130610 9 6 3
20130611 5 1 4
20130611 3 6 1
20130611 7 4 5
20130611 1 4 7
20130611 1 9 3
20130611 1 5 9
20130611 1 5 3
20130611 3 9 4
20130611 7 3 1
20130611 3 7 2
20130611 4 2 1
20130612 3 7 4
20130612 9 6 8
20130612 1 5 8
20130612 1 7 5
20130612 4 1 5
20130612 7 1 4
20130612 3 5 4
20130612 7 1 8
20130612 9 4 2
20130612 9 1 4
20130727 7 2 3
20130727 2 5 7
20130727 7 1 5
20130727 1 4 6
20130727 1 4 2
20130727 9 2 1
20130727 1 2 8
20130727 7 2 6
20130727 5 1 7
20130727 1 6 7
20130728 3 7 2
20130728 5 1 7
20130728 4 2 6
20130728 7 2 1
20130728 7 4 1
20130728 3 5 2
20130728 2 9 5
20130728 3 9 2
20130728 9 1 2
20130728 1 2 5
20130729 3 5 1
20130729 1 4 5
20130729 5 1 2
20130729 3 1 4
20130729 4 1 3
20130729 2 7 3
20130729 3 2 5
20130729 3 9 6
20130729 2 1 9
20130729 7 4 5
20130805 3 6 7
20130805 4 2 3
20130805 3 5 7
20130805 7 4 1
20130805 7 5 1
20130805 9 3 1
20130805 7 2 5
20130805 7 1 2
20130805 7 2 1
20130805 5 1 9
20130805 9 4 6
20130806 4 7 5
20130806 4 7 5
20130806 3 5 4
20130806 1 2 5
20130806 7 3 6
20130806 4 2 8
20130806 5 6 1
20130806 3 2 1
20130806 1 5 2
20130806 1 9 3
20130807 3 4 6
20130807 3 4 5
20130807 5 3 1
20130807 4 1 2
20130807 9 5 7
20130807 8 1 3
20130807 3 5 7
20130807 5 7 9
20130807 1 3 2
20130807 2 9 3
20130828 1 5 7
20130828 7 4 5
20130828 3 4 5
20130828 4 1 3
20130828 5 1 2
20130828 2 9 3
20130828 5 1 4
20130828 7 5 1
20130828 9 7 1
20130828 7 3 9
20130829 7 3 2
20130829 5 7 4
20130829 3 5 4
20130829 1 4 2
20130829 7 2 1
20130829 1 5 7
20130829 9 5 2
20130829 7 3 1
20130829 7 1 8
20130829 2 9 3
20130830 3 7 4
20130830 7 1 3
20130830 2 3 1
20130830 1 7 6
20130830 9 5 3
20130830 5 2 7
20130830 5 3 6
20130830 7 2 3
20130830 1 8 7
20130830 3 1 6
20130908 1 3 7
20130908 7 2 9
20130908 5 7 9
20130908 5 9 7
20130908 7 9 1
20130908 7 3 8
20130908 7 2 4
20130908 3 5 4
20130908 9 1 5
20130908 3 9 5
20130908 7 9 4
20130908 2 1 9
20130909 7 9 5
20130909 2 9 5
20130909 7 3 4
20130909 2 9 3
20130909 7 3 5
20130909 5 1 9
20130909 5 8 3
20130909 7 5 3
20130909 5 2 3
20130909 5 9 1
20130909 5 3 4
20130910 7 9 4
20130910 2 9 3
20130910 3 4 8
20130910 4 5 9
20130910 9 2 6
20130910 5 3 1
20130910 6 5 1
20130910 2 7 9
20130910 3 8 1
20130910 3 1 4
20130910 9 7 1
20130925 1 3 5
20130925 2 4 7
20130925 7 3 2
20130925 4 7 1
20130925 5 2 1
20130925 9 2 5
20130925 1 7 3
20130925 9 5 3
20130925 2 3 9
20130925 1 4 3
20130926 1 3 7
20130926 4 3 5
20130926 5 7 3
20130926 3 7 4
20130926 2 1 5
20130926 3 1 2
20130926 9 2 3
20130926 2 3 7
20130926 1 7 2
20130926 9 3 4
20130927 4 7 3
20130927 5 7 2
20130927 2 5 6
20130927 4 1 3
20130927 4 3 1
20130927 5 7 2
20130927 2 5 9
20130927 2 3 7
20130927 7 4 2
20130927 5 7 9
20130927 7 4 5
20131009 3 7 1
20131009 2 4 3
20131009 4 3 5
20131009 4 1 2
20131009 7 5 3
20131009 9 1 5
20131009 4 6 5
20131009 3 2 5
20131009 1 7 2
20131009 3 7 8
20131009 3 7 9
20131010 4 1 7
20131010 4 7 2
20131010 3 4 1
20131010 5 4 1
20131010 2 7 3
20131010 7 1 5
20131010 3 9 8
20131010 5 7 9
20131010 3 1 2
20131010 5 7 1
20131011 3 7 1
20131011 7 3 5
20131011 7 3 5
20131011 5 4 2
20131011 1 3 4
20131011 3 5 8
20131011 1 4 3
20131011 3 4 9
20131011 2 5 7
20131011 7 1 3
20131025 9 1 2
20131025 2 4 9
20131025 7 9 3
20131025 1 9 2
20131025 5 7 1
20131025 5 2 7
20131025 1 9 6
20131025 7 1 9
20131025 9 1 7
20131025 7 2 4
20131026 3 7 1
20131026 1 5 2
20131026 2 7 6
20131026 1 5 9
20131026 3 7 9
20131026 7 8 1
20131026 7 8 9
20131026 3 2 1
20131026 7 1 5
20131026 9 1 3
20131027 5 9 8
20131027 3 1 5
20131027 4 5 3
20131027 5 6 2
20131027 3 5 1
20131027 9 7 5
20131027 5 3 2
20131027 3 5 6
20131027 2 5 7
20131027 1 5 9
20131122 2 6 8
20131122 4 6 8
20131122 7 9 3
20131122 9 5 3
20131122 1 5 2
20131122 5 6 3
20131122 7 1 2
20131122 1 2 9
20131122 1 2 9
20131122 7 2 3
20131122 1 3 7
20131122 6 4 5
20131123 3 1 2
20131123 1 3 4
20131123 3 1 2
20131123 2 5 7
20131123 9 2 1
20131123 5 7 1
20131123 4 6 2
20131123 5 1 3
20131123 7 3 1
20131123 2 5 1
20131123 7 2 3
20131123 9 1 3
20131124 1 9 8
20131124 5 1 7
20131124 4 3 9
20131124 1 9 5
20131124 3 2 6
20131124 1 3 9
20131124 5 9 3
20131124 3 2 4
20131124 2 4 3
20131124 8 9 1
20131124 1 5 7
20131124 3 7 8
20131220 3 4 7
20131220 4 2 7
20131220 9 2 1
20131220 9 5 7
20131220 9 1 2
20131220 1 5 7
20131220 7 3 1
20131220 9 3 5
20131220 5 1 2
20131220 5 7 3
20131220 5 4 8
20131221 3 1 7
20131221 2 7 9
20131221 2 5 7
20131221 5 2 7
20131221 2 7 3
20131221 9 7 5
20131221 1 9 3
20131221 3 4 1
20131221 7 8 9
20131221 1 9 2
20131221 4 3 5
20131221 9 2 3
20131222 3 6 7
20131222 1 5 9
20131222 1 9 2
20131222 7 9 6
20131222 5 3 7
20131222 5 2 7
20131222 6 4 9
20131222 7 1 4
20131222 2 4 8
20131222 7 2 6
20131222 9 7 3
20131222 8 3 6
20131223 9 4 3
20131223 2 9 8
20131223 1 5 3
20131223 2 1 5
20131223 2 8 4
20131223 2 7 1
20131223 2 3 6
20131223 1 5 3
20131223 2 6 3
20131223 5 1 3
20131223 9 1 8
20140108 3 7 4
20140108 2 7 4
20140108 1 5 8
20140108 5 9 7
20140108 2 9 7
20140108 7 3 2
20140108 3 4 2
20140108 3 7 8
20140108 1 9 4
20140108 9 3 1
20140108 2 5 6
20140109 9 1 3
20140109 1 9 7
20140109 2 1 7
20140109 5 7 2
20140109 3 2 4
20140109 7 1 2
20140109 3 7 4
20140109 3 5 9
20140109 9 1 3
20140109 5 7 8
20140109 9 1 4
20140110 7 2 3
20140110 3 5 2
20140110 5 2 1
20140110 3 5 1
20140110 4 2 3
20140110 5 2 1
20140110 7 1 9
20140110 9 2 4
20140110 3 5 1
20140110 1 9 3
20140110 2 5 7
20140128 7 3 2
20140128 5 7 2
20140128 3 1 7
20140128 2 4 1
20140128 5 7 6
20140128 2 6 1
20140128 5 7 3
20140128 7 2 4
20140128 4 1 7
20140128 2 5 4
20140129 3 6 1
20140129 4 5 2
20140129 7 3 6
20140129 2 3 5
20140129 7 5 3
20140129 3 7 9
20140129 7 9 1
20140129 9 1 3
20140129 1 7 2
20140129 9 1 4
20140130 3 4 7
20140130 1 5 4
20140130 1 3 5
20140130 4 1 2
20140130 7 6 1
20140130 7 9 6
20140130 4 3 1
20140130 8 7 9
20140130 3 8 7
20140130 3 1 7
20140207 3 4 7
20140207 5 3 1
20140207 1 5 4
20140207 4 1 7
20140207 5 7 1
20140207 4 2 5
20140207 3 5 7
20140207 2 4 1
20140207 7 2 4
20140207 9 2 1
20140207 7 3 4
20140207 9 7 1
20140209 3 6 1
20140209 6 3 7
20140209 1 4 5
20140209 5 2 3
20140209 3 6 7
20140209 5 4 3
20140209 1 4 6
20140209 2 8 9
20140209 7 1 6
20140209 1 7 9
20140209 6 1 2
20140209 3 7 2
20140210 3 6 5
20140210 5 1 7
20140210 1 2 4
20140210 7 2 5
20140210 6 5 1
20140210 8 3 6
20140210 7 2 9
20140210 3 5 4
20140210 5 1 3
20140210 5 8 3
20140210 5 3 2
20140210 2 7 5
20140227 3 7 2
20140227 2 7 4
20140227 5 1 4
20140227 7 1 4
20140227 7 5 4
20140227 7 5 2
20140227 2 9 6
20140227 2 9 1
20140227 9 2 3
20140227 7 9 4
20140228 7 3 6
20140228 2 4 7
20140228 2 6 4
20140228 4 3 7
20140228 1 5 6
20140228 2 3 7
20140228 5 9 2
20140228 3 5 2
20140228 7 2 3
20140228 9 8 1
20140301 3 6 5
20140301 4 7 2
20140301 3 5 7
20140301 7 1 6
20140301 1 5 2
20140301 9 1 4
20140301 3 2 7
20140301 7 5 1
20140301 3 6 1
20140301 7 5 9
20140309 2 1 9
20140309 8 1 2
20140309 2 1 7
20140309 2 9 6
20140309 1 7 3
20140309 3 2 1
20140309 9 1 5
20140309 3 7 9
20140309 1 9 4
20140309 9 1 5
20140309 1 5 3
20140310 4 3 7
20140310 7 3 5
20140310 7 9 3
20140310 3 7 5
20140310 1 7 4
20140310 1 9 3
20140310 1 7 4
20140310 5 7 1
20140310 9 5 1
20140310 1 8 6
20140310 3 8 5
20140311 8 3 4
20140311 2 6 9
20140311 2 5 8
20140311 2 7 5
20140311 3 5 2
20140311 3 6 7
20140311 2 4 6
20140311 5 8 7
20140311 5 4 2
20140311 8 2 5
20140311 1 5 7
20140414 5 3 7
20140414 9 5 1
20140414 9 1 5
20140414 2 7 3
20140414 5 9 2
20140414 7 2 9
20140414 4 1 9
20140414 9 3 4
20140414 3 7 5
20140414 7 6 4
20140414 2 6 4
20140415 3 4 5
20140415 9 5 4
20140415 1 2 4
20140415 9 8 7
20140415 3 7 9
20140415 5 2 1
20140415 8 3 9
20140415 3 7 9
20140415 8 4 1
20140415 8 4 2
20140415 1 5 3
20140415 2 9 5
20140416 3 8 7
20140416 7 1 4
20140416 5 1 9
20140416 1 8 9
20140416 5 1 7
20140416 4 1 7
20140416 4 2 5
20140416 1 9 7
20140416 2 4 6
20140416 9 3 1
20140416 5 8 3
20140426 2 3 4
20140426 8 3 1
20140426 7 9 3
20140426 6 2 7
20140426 1 3 6
20140426 2 7 9
20140426 8 3 2
20140426 1 2 7
20140426 4 3 2
20140426 9 3 5
20140426 5 7 3
20140426 7 1 2
20140427 4 2 1
20140427 3 2 5
20140427 2 3 4
20140427 9 2 3
20140427 1 5 2
20140427 2 1 9
20140427 5 4 7
20140427 3 9 5
20140427 2 7 4
20140427 2 6 8
20140427 7 8 4
20140427 1 2 4
20140428 9 1 5
20140428 2 7 3
20140428 5 2 1
20140428 2 9 7
20140428 3 2 8
20140428 4 1 3
20140428 5 8 9
20140428 3 8 1
20140428 3 8 2
20140428 2 7 3
20140428 3 9 7
20140428 1 9 3
20140429 9 5 7
20140429 7 9 1
20140429 5 9 3
20140429 8 7 9
20140429 1 9 2
20140429 3 9 1
20140429 5 2 4
20140429 8 7 5
20140429 1 6 8
20140429 5 8 3
20140429 9 3 7
20140523 5 2 7
20140523 7 2 4
20140523 3 1 6
20140523 4 5 3
20140523 1 5 4
20140523 5 6 3
20140523 4 6 1
20140523 3 5 2
20140523 9 4 5
20140523 9 5 7
20140523 2 3 9
20140523 7 5 8
20140524 1 3 2
20140524 6 5 7
20140524 4 5 7
20140524 5 7 2
20140524 4 1 2
20140524 1 4 7
20140524 7 4 2
20140524 2 7 9
20140524 1 2 6
20140524 7 2 5
20140524 3 9 7
20140524 6 1 3
20140525 7 3 2
20140525 2 4 1
20140525 1 4 2
20140525 7 6 5
20140525 7 1 6
20140525 5 3 2
20140525 1 5 9
20140525 6 3 1
20140525 2 6 4
20140525 7 2 3
20140525 1 9 2
20140525 7 9 1
20140609 3 7 5
20140609 5 4 7
20140609 1 4 5
20140609 4 2 7
20140609 7 3 6
20140609 7 1 6
20140609 1 5 8
20140609 3 4 5
20140609 5 9 1
20140609 1 9 7
20140610 1 6 5
20140610 4 5 6
20140610 5 1 3
20140610 4 5 2
20140610 3 5 7
20140610 2 9 3
20140610 2 7 3
20140610 9 7 3
20140610 3 5 9
20140610 1 7 6
20140611 3 7 5
20140611 5 3 1
20140611 6 5 2
20140611 7 5 2
20140611 9 3 8
20140611 2 3 7
20140611 1 7 6
20140611 7 3 5
20140611 1 9 4
20140611 3 1 6
20140630 3 7 4
20140630 5 4 1
20140630 3 5 7
20140630 4 3 1
20140630 5 1 4
20140630 9 1 8
20140630 2 7 3
20140630 9 3 6
20140630 5 1 2
20140630 3 5 7
20140701 7 3 2
20140701 7 2 3
20140701 7 1 3
20140701 3 7 1
20140701 1 7 3
20140701 9 7 3
20140701 9 2 7
20140701 5 1 2
20140701 7 2 4
20140701 1 9 2
20140702 3 7 1
20140702 5 3 1
20140702 1 5 7
20140702 2 6 1
20140702 7 3 2
20140702 8 2 4
20140702 7 5 4
20140702 5 7 8
20140702 9 1 3
20140702 9 1 7
20140702 2 1 7
20140722 9 1 3
20140722 2 9 3
20140722 5 9 7
20140722 9 3 1
20140722 1 9 5
20140722 2 7 9
20140722 7 2 5
20140722 9 4 8
20140722 2 5 1
20140722 9 1 3
20140722 2 8 1
20140723 2 1 4
20140723 2 9 7
20140723 3 9 6
20140723 7 6 9
20140723 8 1 5
20140723 5 7 2
20140723 9 7 2
20140723 9 3 1
20140723 4 1 9
20140723 7 3 1
20140723 3 1 7
20140724 4 2 1
20140724 7 3 9
20140724 5 1 4
20140724 5 3 2
20140724 9 1 5
20140724 1 9 6
20140724 5 1 2
20140724 1 3 5
20140724 5 7 1
20140724 5 7 4
20140724 1 8 2
20140724 2 3 1
20140825 7 3 1
20140825 7 1 9
20140825 1 9 3
20140825 2 3 5
20140825 9 1 5
20140825 5 7 1
20140825 5 1 2
20140825 4 2 5
20140825 2 3 4
20140825 5 1 2
20140825 2 3 7
20140826 5 1 8
20140826 9 5 1
20140826 9 4 6
20140826 8 4 1
20140826 2 3 9
20140826 1 2 7
20140826 8 3 9
20140826 9 4 3
20140826 8 7 3
20140826 9 3 2
20140826 1 9 6
20140827 7 8 9
20140827 1 7 9
20140827 5 9 3
20140827 1 5 8
20140827 9 4 6
20140827 3 5 1
20140827 3 5 6
20140827 7 2 9
20140827 2 9 7
20140827 3 6 2
20140827 9 1 8
20140905 3 7 4
20140905 2 7 4
20140905 2 7 1
20140905 7 3 1
20140905 7 3 9
20140905 4 6 7
20140905 3 1 5
20140905 2 4 3
20140905 7 3 4
20140905 1 5 6
20140905 3 4 7
20140905 7 1 5
20140906 3 7 4
20140906 2 4 9
20140906 2 5 9
20140906 3 5 2
20140906 7 1 8
20140906 2 5 4
20140906 7 3 2
20140906 5 1 6
20140906 3 9 2
20140906 5 1 9
20140906 9 1 3
20140906 4 1 2
20140907 7 3 4
20140907 3 7 5
20140907 9 1 4
20140907 3 2 9
20140907 4 1 2
20140907 2 9 5
20140907 7 2 8
20140907 5 6 1
20140907 5 6 3
20140907 5 4 9
20140907 3 8 7
20140907 2 1 3
20141117 6 5 2
20141117 2 7 5
20141117 9 3 5
20141117 1 9 3
20141117 9 2 4
20141117 2 8 3
20141117 6 7 3
20141117 1 9 7
20141117 5 1 2
20141117 1 6 7
20141117 2 4 5
20141117 2 4 7
20141118 5 3 4
20141118 7 9 2
20141118 6 1 7
20141118 5 1 3
20141118 2 7 6
20141118 7 3 2
20141118 2 4 7
20141118 5 1 3
20141118 1 8 2
20141118 1 9 3
20141118 5 2 3
20141119 3 9 7
20141119 1 3 5
20141119 1 2 9
20141119 5 4 2
20141119 1 7 4
20141119 3 5 9
20141119 7 4 9
20141119 2 5 1
20141119 5 3 6
20141119 4 1 5
20141119 5 9 1
20141202 3 7 5
20141202 4 7 3
20141202 7 3 2
20141202 2 5 1
20141202 1 4 7
20141202 5 9 4
20141202 2 5 8
20141202 5 1 9
20141202 7 2 9
20141202 4 2 1
20141203 7 3 5
20141203 2 5 3
20141203 2 6 1
20141203 5 3 4
20141203 4 2 3
20141203 5 1 6
20141203 4 3 9
20141203 3 1 2
20141203 5 3 2
20141203 9 3 1
20141204 2 7 4
20141204 5 1 4
20141204 7 5 2
20141204 1 5 7
20141204 7 1 3
20141204 8 5 7
20141204 2 4 6
20141204 2 7 5
20141204 4 5 9
20141204 3 7 2
20141218 5 3 7
20141218 3 1 5
20141218 7 5 4
20141218 1 4 3
20141218 5 7 4
20141218 7 3 1
20141218 7 8 2
20141218 7 5 1
20141218 7 2 4
20141218 5 7 3
20141219 3 4 7
20141219 2 5 1
20141219 5 4 7
20141219 5 2 7
20141219 7 4 5
20141219 5 3 9
20141219 6 9 4
20141219 3 1 5
20141219 1 5 6
20141219 5 3 9
20141220 3 2 7
20141220 1 5 4
20141220 6 3 1
20141220 7 3 5
20141220 2 7 4
20141220 9 3 7
20141220 1 2 6
20141220 5 8 9
20141220 7 5 6
20141220 4 1 5
20150101 7 3 1
20150101 2 9 3
20150101 7 5 1
20150101 9 5 2
20150101 6 3 8
20150101 4 2 6
20150101 3 1 4
20150101 5 1 7
20150101 4 2 3
20150101 9 1 4
20150101 3 7 1
20150102 4 9 1
20150102 3 5 7
20150102 1 9 2
20150102 2 5 3
20150102 9 2 7
20150102 7 6 1
20150102 2 5 3
20150102 5 2 6
20150102 5 6 7
20150102 4 1 9
20150102 1 5 3
20150102 9 1 4
20150103 3 9 7
20150103 1 7 5
20150103 7 2 9
20150103 1 9 3
20150103 4 2 5
20150103 3 8 7
20150103 3 5 1
20150103 2 4 5
20150103 2 5 4
20150103 4 6 2
20150103 7 9 1
20150103 7 2 8
20150103 4 1 5
20150119 3 1 7
20150119 1 7 2
20150119 5 1 3
20150119 4 2 7
20150119 1 6 2
20150119 1 5 7
20150119 2 7 6
20150119 8 1 4
20150119 7 3 6
20150119 2 4 3
20150120 4 6 7
20150120 4 1 6
20150120 3 4 5
20150120 1 4 3
20150120 3 4 2
20150120 9 3 7
20150120 7 1 5
20150120 6 5 2
20150120 7 5 3
20150120 5 3 2
20150121 7 3 2
20150121 5 3 6
20150121 6 1 3
20150121 5 6 1
20150121 1 7 4
20150121 9 8 1
20150121 1 3 2
20150121 5 3 7
20150121 7 1 8
20150121 3 5 4
20150224 4 6 2
20150224 5 2 1
20150224 5 2 7
20150224 3 7 2
20150224 4 3 2
20150224 1 7 5
20150224 3 5 1
20150224 5 7 1
20150224 2 7 9
20150224 4 1 7
20150224 1 2 7
20150225 3 1 7
20150225 5 2 1
20150225 7 2 4
20150225 5 3 4
20150225 7 5 1
20150225 4 6 2
20150225 9 1 8
20150225 2 7 4
20150225 1 3 7
20150225 9 1 5
20150226 7 3 1
20150226 1 2 3
20150226 7 1 5
20150226 4 5 6
20150226 7 5 1
20150226 2 5 6
20150226 3 7 2
20150226 3 1 8
20150226 3 5 1
20150226 7 5 9
20150317 3 7 1
20150317 4 1 7
20150317 7 3 4
20150317 5 4 2
20150317 7 4 2
20150317 9 7 4
20150317 9 5 1
20150317 1 7 3
20150317 1 7 8
20150317 5 1 7
20150317 4 2 1
20150318 7 3 5
20150318 4 2 7
20150318 2 5 4
20150318 7 4 1
20150318 2 4 3
20150318 2 9 6
20150318 2 5 1
20150318 3 7 2
20150318 1 7 3
20150318 1 7 5
20150319 5 1 6
20150319 1 2 5
20150319 7 4 5
20150319 5 4 1
20150319 1 9 6
20150319 7 3 4
20150319 7 4 3
20150319 5 1 6
20150319 9 3 4
20150319 9 1 5
20150319 9 2 3
20150409 5 7 2
20150409 2 7 1
20150409 3 7 1
20150409 5 7 4
20150409 7 1 4
20150409 9 1 2
20150409 8 5 7
20150409 9 2 3
20150409 3 2 7
20150409 9 3 5
20150410 2 3 1
20150410 4 7 5
20150410 4 2 7
20150410 2 7 1
20150410 3 5 1
20150410 3 5 6
20150410 7 5 4
20150410 9 7 4
20150410 4 7 5
20150410 2 5 7
20150411 4 5 2
20150411 7 3 2
20150411 3 5 1
20150411 2 6 3
20150411 8 1 5
20150411 9 7 3
20150411 7 5 1
20150411 3 2 5
20150411 5 3 9
20150411 2 8 9
20150515 2 5 7
20150515 1 2 5
20150515 1 5 3
20150515 4 5 7
20150515 5 1 3
20150515 6 2 7
20150515 7 4 6
20150515 8 2 3
20150515 3 7 5
20150515 1 9 7
20150515 7 2 9
20150515 1 6 3
20150516 3 7 2
20150516 1 3 2
20150516 4 5 7
20150516 5 1 3
20150516 7 1 4
20150516 3 2 4
20150516 1 3 4
20150516 6 4 3
20150516 7 1 9
20150516 3 5 1
20150516 1 5 9
20150516 7 9 3
20150517 7 5 1
20150517 5 2 1
20150517 7 3 1
20150517 5 2 7
20150517 4 1 3
20150517 2 1 8
20150517 2 5 9
20150517 7 4 1
20150517 2 1 6
20150517 1 4 7
20150517 3 7 1
20150517 3 1 7
20150520 3 7 9
20150520 7 5 1
20150520 1 7 2
20150520 3 8 5
20150520 1 3 7
20150520 2 9 7
20150520 9 3 7
20150520 1 5 2
20150520 3 5 7
20150520 5 1 9
20150520 9 8 2
20150521 1 3 5
20150521 1 9 3
20150521 4 2 9
20150521 3 7 9
20150521 1 2 8
20150521 8 7 3
20150521 5 1 9
20150521 7 2 5
20150521 3 4 8
20150521 3 9 5
20150521 2 3 9
20150522 3 7 1
20150522 1 5 9
20150522 2 5 7
20150522 5 1 2
20150522 3 5 7
20150522 1 6 5
20150522 3 7 4
20150522 1 3 7
20150522 2 6 9
20150522 7 5 1
20150522 6 1 4
