20120210 7 2 9
20120210 2 5 3
20120210 5 9 1
20120210 4 2 1
20120210 7 1 3
20120210 9 2 6
20120210 2 9 4
20120210 3 5 4
20120210 2 7 3
20120210 6 8 2
20120210 3 9 4
20120210 3 7 9
20120211 5 1 2
20120211 9 7 5
20120211 3 1 4
20120211 7 3 1
20120211 5 1 7
20120211 2 1 9
20120211 5 3 7
20120211 9 1 3
20120211 2 1 5
20120211 7 3 2
20120211 1 4 5
20120211 7 5 3
20120212 7 1 5
20120212 2 5 1
20120212 3 1 8
20120212 5 2 9
20120212 9 3 5
20120212 9 1 4
20120212 2 7 5
20120212 2 6 5
20120212 9 7 5
20120212 2 9 3
20120212 1 7 9
20120212 8 3 5
20120218 2 1 4
20120218 3 2 4
20120218 3 2 4
20120218 4 3 5
20120218 5 1 2
20120218 5 3 7
20120218 5 2 3
20120218 9 8 1
20120218 9 4 7
20120218 1 5 7
20120218 7 2 8
20120219 7 2 5
20120219 3 1 4
20120219 1 5 4
20120219 4 3 2
20120219 5 6 2
20120219 7 2 1
20120219 7 3 1
20120219 2 4 3
20120219 3 7 8
20120219 9 3 2
20120219 2 7 6
20120220 2 4 5
20120220 5 2 3
20120220 2 1 7
20120220 1 5 4
20120220 5 7 4
20120220 6 8 3
20120220 4 7 3
20120220 7 2 5
20120220 3 8 9
20120220 9 2 1
20120220 4 3 7
20120310 1 5 3
20120310 2 4 7
20120310 3 5 2
20120310 4 1 7
20120310 5 7 2
20120310 2 5 3
20120310 3 1 5
20120310 2 7 3
20120310 1 6 7
20120310 7 1 3
20120310 6 2 4
20120311 3 4 2
20120311 2 1 3
20120311 3 2 4
20120311 2 1 5
20120311 1 2 5
20120311 8 3 9
20120311 9 1 7
20120311 8 1 6
20120311 2 9 1
20120311 9 1 5
20120311 2 1 5
20120312 5 2 7
20120312 5 2 3
20120312 5 7 3
20120312 2 4 1
20120312 5 2 3
20120312 4 8 2
20120312 7 2 1
20120312 2 9 1
20120312 9 2 1
20120312 5 2 9
20120312 6 1 9
20120413 5 7 4
20120413 5 2 9
20120413 2 9 7
20120413 1 7 5
20120413 5 1 8
20120413 5 9 2
20120413 5 8 2
20120413 1 7 3
20120413 7 2 5
20120413 2 8 1
20120413 5 7 2
20120413 6 9 8
20120414 1 2 9
20120414 3 5 9
20120414 9 5 6
20120414 7 5 2
20120414 2 6 9
20120414 9 3 2
20120414 5 9 7
20120414 5 2 8
20120414 2 7 4
20120414 3 5 2
20120414 3 7 5
20120414 3 5 7
20120415 7 1 5
20120415 4 3 9
20120415 1 5 7
20120415 1 7 6
20120415 1 7 6
20120415 7 8 2
20120415 2 5 8
20120415 9 2 1
20120415 5 3 4
20120415 3 9 2
20120415 1 7 5
20120415 7 2 5
20120501 7 4 5
20120501 7 5 2
20120501 3 4 6
20120501 4 2 5
20120501 5 3 1
20120501 2 5 9
20120501 6 4 7
20120501 2 3 7
20120501 9 3 7
20120501 1 7 2
20120501 5 1 7
20120502 3 4 5
20120502 5 7 1
20120502 5 2 4
20120502 7 1 3
20120502 3 5 2
20120502 4 2 5
20120502 9 1 3
20120502 9 3 6
20120502 3 2 9
20120502 3 7 2
20120502 1 5 3
20120503 1 4 2
20120503 1 5 2
20120503 2 7 1
20120503 7 2 5
20120503 1 4 5
20120503 1 8 7
20120503 5 9 6
20120503 7 9 1
20120503 5 2 3
20120503 9 2 3
20120503 2 7 4
20120520 4 5 1
20120520 3 7 4
20120520 3 1 8
20120520 2 9 1
20120520 9 2 1
20120520 3 5 7
20120520 2 1 5
20120520 2 5 6
20120520 9 7 4
20120520 2 1 3
20120520 3 2 6
20120520 7 9 1
20120520 9 2 1
20120521 2 9 6
20120521 3 9 5
20120521 2 1 7
20120521 5 9 7
20120521 2 7 5
20120521 1 7 8
20120521 3 6 8
20120521 1 5 2
20120521 2 7 3
20120521 3 2 7
20120521 2 9 3
20120521 1 5 2
20120522 1 3 6
20120522 6 2 1
20120522 4 2 7
20120522 4 2 9
20120522 3 9 5
20120522 5 1 7
20120522 3 1 9
20120522 9 7 2
20120522 8 2 9
20120522 8 9 6
20120522 2 3 8
20120522 2 1 4
20120522 2 5 7
20120602 1 3 5
20120602 7 3 4
20120602 5 1 2
20120602 4 2 7
20120602 5 3 9
20120602 2 3 8
20120602 1 7 5
20120602 5 3 9
20120602 7 5 1
20120602 2 3 7
20120602 5 9 1
20120602 7 2 8
20120603 9 1 5
20120603 1 8 2
20120603 1 7 5
20120603 2 3 5
20120603 9 7 2
20120603 1 3 5
20120603 9 5 3
20120603 8 2 5
20120603 3 6 5
20120603 7 1 3
20120603 1 2 5
20120603 7 2 1
20120604 7 4 1
20120604 9 7 1
20120604 5 1 7
20120604 4 2 3
20120604 5 1 2
20120604 2 7 6
20120604 5 1 9
20120604 4 2 9
20120604 2 5 9
20120604 2 4 7
20120604 9 1 2
20120604 4 1 9
20120618 4 2 7
20120618 2 3 7
20120618 4 2 1
20120618 4 1 3
20120618 5 1 2
20120618 7 9 6
20120618 9 4 7
20120618 9 4 3
20120618 5 3 7
20120618 9 1 5
20120618 3 6 2
20120619 1 4 5
20120619 2 7 1
20120619 4 2 3
20120619 1 3 4
20120619 2 1 7
20120619 1 5 9
20120619 7 9 2
20120619 1 8 5
20120619 9 1 5
20120619 2 5 4
20120619 9 5 4
20120620 2 1 7
20120620 7 5 2
20120620 2 5 3
20120620 2 7 6
20120620 5 3 1
20120620 9 2 7
20120620 7 5 9
20120620 2 9 4
20120620 7 8 1
20120620 7 8 5
20120620 5 7 9
20120701 2 4 6
20120701 4 2 7
20120701 2 3 1
20120701 1 3 6
20120701 2 1 5
20120701 6 2 5
20120701 1 5 2
20120701 1 9 3
20120701 1 7 8
20120701 7 1 3
20120701 7 2 8
20120702 7 1 2
20120702 5 2 3
20120702 5 6 2
20120702 2 5 7
20120702 1 3 6
20120702 1 7 4
20120702 4 5 9
20120702 5 2 7
20120702 5 1 2
20120702 1 2 5
20120702 9 7 4
20120703 2 5 4
20120703 1 7 4
20120703 7 1 3
20120703 2 4 6
20120703 7 4 5
20120703 3 4 1
20120703 5 1 7
20120703 1 4 5
20120703 3 5 2
20120703 4 7 1
20120703 3 4 9
20120817 2 7 6
20120817 1 5 9
20120817 7 1 3
20120817 3 9 6
20120817 9 1 5
20120817 2 9 3
20120817 1 4 9
20120817 1 7 2
20120817 2 7 4
20120817 1 9 3
20120817 3 4 5
20120818 3 7 4
20120818 3 9 7
20120818 3 6 4
20120818 9 5 1
20120818 2 5 1
20120818 2 7 1
20120818 2 1 3
20120818 9 8 7
20120818 4 3 8
20120818 2 7 9
20120818 1 3 2
20120819 7 3 2
20120819 2 5 9
20120819 1 3 4
20120819 2 9 1
20120819 3 1 9
20120819 7 1 5
20120819 2 3 7
20120819 1 5 4
20120819 9 1 5
20120819 2 7 4
20120819 9 6 1
20120824 4 5 1
20120824 5 4 2
20120824 2 3 4
20120824 1 4 6
20120824 5 1 4
20120824 7 2 1
20120824 1 5 3
20120824 7 5 2
20120824 7 1 9
20120824 5 9 1
20120824 1 4 7
20120825 7 2 4
20120825 1 4 2
20120825 5 4 2
20120825 4 2 3
20120825 1 4 7
20120825 5 8 9
20120825 4 9 2
20120825 8 5 9
20120825 1 3 5
20120825 1 3 4
20120825 7 2 5
20120826 3 1 5
20120826 4 7 2
20120826 1 7 3
20120826 2 5 1
20120826 1 4 5
20120826 9 1 4
20120826 2 7 1
20120826 2 5 7
20120826 5 1 7
20120826 5 2 3
20120826 5 4 9
20120929 4 1 3
20120929 2 7 1
20120929 3 4 5
20120929 4 7 2
20120929 5 7 1
20120929 1 5 2
20120929 7 2 5
20120929 2 5 8
20120929 5 2 8
20120929 7 9 3
20120929 2 5 6
20120929 4 9 7
20120930 5 1 4
20120930 7 1 5
20120930 3 1 5
20120930 1 2 3
20120930 4 6 7
20120930 2 9 8
20120930 2 7 3
20120930 9 3 7
20120930 5 3 9
20120930 4 6 3
20120930 2 5 1
20121001 1 5 3
20121001 2 7 6
20121001 3 2 6
20121001 4 3 1
20121001 5 1 8
20121001 2 1 7
20121001 4 1 7
20121001 7 2 1
20121001 3 7 2
20121001 9 6 3
20121001 9 3 1
20121008 7 2 1
20121008 2 5 1
20121008 3 4 5
20121008 4 5 1
20121008 1 5 4
20121008 5 1 4
20121008 2 5 3
20121008 3 9 7
20121008 5 3 1
20121008 7 2 8
20121008 2 3 5
20121008 2 3 7
20121009 2 1 7
20121009 7 1 5
20121009 5 4 7
20121009 7 2 4
20121009 2 4 7
20121009 2 7 3
20121009 5 1 8
20121009 5 3 7
20121009 7 8 1
20121009 2 5 8
20121009 2 9 5
20121010 7 2 5
20121010 5 2 3
20121010 1 3 5
20121010 7 4 6
20121010 2 9 1
20121010 7 2 3
20121010 7 2 5
20121010 3 1 2
20121010 3 7 5
20121010 1 5 9
20121010 1 5 7
20121010 3 5 7
20121015 4 2 1
20121015 5 3 6
20121015 1 3 7
20121015 1 4 5
20121015 5 3 2
20121015 4 3 1
20121015 3 5 8
20121015 5 3 8
20121015 7 1 8
20121015 3 1 4
20121015 2 9 7
20121015 3 1 5
20121016 1 4 2
20121016 3 6 5
20121016 2 7 1
20121016 5 2 3
20121016 3 2 7
20121016 1 7 3
20121016 5 2 7
20121016 3 7 9
20121016 2 5 1
20121016 4 1 9
20121016 1 9 7
20121017 1 4 5
20121017 3 5 1
20121017 1 3 4
20121017 3 4 2
20121017 3 7 1
20121017 2 9 1
20121017 7 2 1
20121017 1 5 2
20121017 5 3 2
20121017 6 7 1
20121017 4 8 3
20121116 9 3 7
20121116 1 8 3
20121116 1 7 3
20121116 5 3 1
20121116 7 5 2
20121116 2 5 4
20121116 5 1 6
20121116 7 1 3
20121116 8 5 3
20121116 3 1 7
20121116 2 3 8
20121117 1 3 5
20121117 2 3 1
20121117 7 2 5
20121117 7 6 3
20121117 5 1 7
20121117 1 7 9
20121117 3 1 4
20121117 5 2 9
20121117 7 3 6
20121117 3 9 2
20121117 7 1 2
20121118 7 4 3
20121118 2 9 5
20121118 7 4 9
20121118 2 1 6
20121118 2 7 6
20121118 1 7 2
20121118 2 1 9
20121118 8 3 2
20121118 3 9 2
20121118 8 7 1
20121118 2 4 3
20121207 3 1 9
20121207 2 5 1
20121207 5 1 4
20121207 7 9 1
20121207 2 7 5
20121207 7 2 5
20121207 1 5 7
20121207 3 8 9
20121207 9 7 3
20121207 2 5 7
20121207 7 1 5
20121207 1 3 7
20121208 3 1 5
20121208 8 2 7
20121208 5 3 1
20121208 7 3 4
20121208 3 7 9
20121208 5 1 9
20121208 2 3 1
20121208 1 3 7
20121208 3 8 6
20121208 1 3 2
20121208 3 7 4
20121209 7 5 3
20121209 1 9 7
20121209 2 5 7
20121209 9 1 8
20121209 1 7 2
20121209 7 3 8
20121209 1 9 3
20121209 7 1 5
20121209 5 8 7
20121209 3 5 2
20121209 4 9 7
20121222 1 4 5
20121222 2 3 7
20121222 2 7 1
20121222 4 1 7
20121222 3 7 5
20121222 7 3 5
20121222 2 7 1
20121222 7 4 1
20121222 3 5 1
20121222 9 5 3
20121222 1 2 5
20121223 2 3 7
20121223 2 5 3
20121223 7 5 2
20121223 7 1 3
20121223 7 2 5
20121223 9 3 5
20121223 7 1 2
20121223 5 4 9
20121223 2 7 3
20121223 5 2 4
20121223 2 5 3
20121224 7 4 6
20121224 4 5 2
20121224 4 2 1
20121224 3 2 5
20121224 5 7 2
20121224 1 2 4
20121224 4 2 3
20121224 5 1 8
20121224 2 3 9
20121224 3 5 9
20121224 8 7 3
20130119 1 5 2
20130119 7 3 5
20130119 2 6 7
20130119 3 9 2
20130119 1 7 8
20130119 3 5 6
20130119 7 1 5
20130119 2 3 1
20130119 2 1 3
20130119 3 2 8
20130119 7 3 2
20130120 4 7 8
20130120 3 9 6
20130120 1 5 4
20130120 5 1 7
20130120 9 3 2
20130120 3 7 1
20130120 3 7 8
20130120 6 5 7
20130120 1 4 9
20130120 1 7 4
20130120 9 2 1
20130121 5 3 6
20130121 3 1 8
20130121 6 2 3
20130121 6 1 7
20130121 9 4 5
20130121 3 1 2
20130121 3 5 7
20130121 1 9 8
20130121 3 1 2
20130121 2 1 3
20130121 7 3 5
20130122 7 5 4
20130122 7 5 3
20130122 3 7 4
20130122 8 3 1
20130122 5 1 6
20130122 2 6 5
20130122 9 4 5
20130122 9 4 5
20130122 5 2 9
20130122 5 1 7
20130122 1 7 4
20130202 2 7 5
20130202 2 3 4
20130202 3 2 7
20130202 4 5 1
20130202 5 2 1
20130202 9 3 4
20130202 5 3 9
20130202 7 2 4
20130202 9 2 1
20130202 7 3 1
20130202 2 5 8
20130203 3 5 6
20130203 2 3 6
20130203 7 2 5
20130203 2 4 6
20130203 7 3 1
20130203 9 5 4
20130203 2 9 5
20130203 9 2 5
20130203 1 3 8
20130203 2 5 9
20130203 7 3 5
20130203 9 5 2
20130204 5 4 1
20130204 2 6 5
20130204 1 7 4
20130204 3 2 7
20130204 5 7 9
20130204 5 9 1
20130204 4 3 5
20130204 4 7 2
20130204 7 2 9
20130204 2 7 5
20130204 5 2 3
20130204 5 2 9
20130214 7 3 1
20130214 2 3 5
20130214 3 5 4
20130214 4 7 3
20130214 5 1 4
20130214 9 7 1
20130214 7 2 5
20130214 2 3 5
20130214 7 9 2
20130214 7 2 5
20130214 5 3 1
20130215 2 4 1
20130215 7 1 2
20130215 2 7 6
20130215 6 5 2
20130215 3 4 6
20130215 3 5 1
20130215 2 5 9
20130215 3 4 9
20130215 5 6 8
20130215 2 9 3
20130215 5 1 2
20130216 3 4 5
20130216 5 2 3
20130216 7 4 3
20130216 4 3 1
20130216 2 9 7
20130216 1 5 2
20130216 4 5 2
20130216 3 1 6
20130216 2 1 7
20130216 9 2 3
20130216 8 2 5
20130309 1 7 5
20130309 2 7 4
20130309 3 2 5
20130309 4 2 1
20130309 5 3 4
20130309 2 4 5
20130309 1 5 7
20130309 1 9 3
20130309 2 5 1
20130309 8 2 9
20130309 2 6 3
20130310 1 4 5
20130310 2 5 4
20130310 1 3 5
20130310 4 3 1
20130310 1 2 4
20130310 9 6 3
20130310 9 6 8
20130310 5 3 8
20130310 2 1 6
20130310 2 5 3
20130310 5 1 3
20130310 9 1 7
20130311 7 4 3
20130311 2 6 4
20130311 5 3 2
20130311 6 5 3
20130311 2 1 7
20130311 6 3 9
20130311 6 2 7
20130311 3 2 4
20130311 2 5 3
20130311 9 4 5
20130311 8 1 9
20130316 1 5 2
20130316 7 4 1
20130316 5 1 3
20130316 7 2 1
20130316 4 1 7
20130316 1 9 5
20130316 5 3 2
20130316 3 7 4
20130316 7 4 3
20130316 5 9 1
20130316 5 6 9
20130317 5 2 3
20130317 2 6 4
20130317 3 1 2
20130317 2 4 5
20130317 5 2 4
20130317 8 6 7
20130317 5 1 7
20130317 2 8 9
20130317 5 1 9
20130317 2 1 8
20130317 8 5 6
20130318 1 3 2
20130318 1 3 4
20130318 7 5 4
20130318 2 1 6
20130318 5 4 1
20130318 7 4 5
20130318 9 2 8
20130318 5 4 3
20130318 3 7 9
20130318 7 9 3
20130318 5 9 3
20130318 3 9 4
20130415 1 8 7
20130415 9 1 7
20130415 5 3 8
20130415 3 2 7
20130415 1 5 7
20130415 5 1 2
20130415 7 1 3
20130415 2 5 9
20130415 1 8 9
20130415 3 7 9
20130415 3 5 6
20130416 9 3 5
20130416 2 3 8
20130416 5 2 9
20130416 1 9 3
20130416 2 4 5
20130416 7 3 9
20130416 5 1 7
20130416 3 7 9
20130416 2 6 1
20130416 9 3 2
20130416 2 5 7
20130417 1 4 9
20130417 7 9 5
20130417 7 3 5
20130417 1 9 4
20130417 5 7 8
20130417 5 2 6
20130417 9 8 6
20130417 3 1 5
20130417 9 4 8
20130417 9 5 3
20130417 2 7 9
20130430 1 5 4
20130430 2 7 5
20130430 3 1 2
20130430 7 1 4
20130430 5 3 2
20130430 8 9 7
20130430 5 2 1
20130430 4 5 3
20130430 7 2 3
20130430 3 4 9
20130501 3 4 2
20130501 3 4 6
20130501 3 5 7
20130501 4 7 5
20130501 4 1 3
20130501 3 7 9
20130501 2 7 4
20130501 2 5 1
20130501 2 7 9
20130501 1 5 8
20130502 1 4 5
20130502 7 5 3
20130502 2 7 3
20130502 5 2 4
20130502 5 3 8
20130502 5 9 2
20130502 2 5 1
20130502 2 8 4
20130502 3 7 1
20130502 7 3 1
20130502 4 2 6
20130518 7 1 5
20130518 3 7 6
20130518 3 7 4
20130518 2 4 5
20130518 5 1 2
20130518 6 5 4
20130518 7 3 1
20130518 1 9 7
20130518 3 7 2
20130518 1 5 8
20130518 3 1 2
20130518 2 5 3
20130519 1 3 5
20130519 2 3 7
20130519 7 5 1
20130519 5 1 2
20130519 7 5 2
20130519 3 7 2
20130519 3 2 6
20130519 3 7 9
20130519 2 9 6
20130519 5 2 1
20130519 3 5 1
20130519 5 2 7
20130520 1 5 7
20130520 2 5 4
20130520 4 1 2
20130520 6 4 1
20130520 2 4 3
20130520 9 1 5
20130520 7 3 9
20130520 2 3 6
20130520 5 2 4
20130520 8 3 9
20130520 7 2 1
20130520 9 3 8
20130603 5 3 8
20130603 7 5 8
20130603 7 3 2
20130603 3 4 9
20130603 1 9 3
20130603 4 2 5
20130603 2 5 9
20130603 3 5 7
20130603 9 4 3
20130603 9 1 2
20130603 2 9 4
20130604 3 1 5
20130604 1 2 5
20130604 1 8 7
20130604 7 1 3
20130604 7 2 4
20130604 5 1 7
20130604 2 7 9
20130604 7 9 3
20130604 2 1 6
20130604 9 1 5
20130604 1 3 6
20130605 1 2 9
20130605 2 9 7
20130605 2 7 9
20130605 7 3 1
20130605 8 1 9
20130605 1 2 4
20130605 9 6 5
20130605 8 1 5
20130605 9 3 7
20130605 1 2 7
20130605 7 9 3
20130628 5 2 4
20130628 2 5 4
20130628 5 1 7
20130628 4 7 5
20130628 2 1 7
20130628 4 9 6
20130628 3 2 6
20130628 3 9 5
20130628 9 5 4
20130628 3 7 5
20130629 1 5 2
20130629 2 7 4
20130629 3 5 1
20130629 4 3 7
20130629 5 3 1
20130629 9 7 6
20130629 7 5 9
20130629 7 2 9
20130629 5 3 9
20130629 3 9 2
20130630 3 2 4
20130630 4 7 5
20130630 4 1 6
20130630 4 7 1
20130630 2 9 4
20130630 2 1 5
20130630 1 3 5
20130630 1 3 9
20130630 4 3 9
20130630 1 5 3
20130709 1 4 3
20130709 2 5 7
20130709 3 4 7
20130709 2 5 4
20130709 5 7 4
20130709 9 3 7
20130709 4 7 2
20130709 1 5 7
20130709 7 3 2
20130709 4 6 5
20130710 7 1 5
20130710 2 7 3
20130710 2 7 1
20130710 3 1 5
20130710 7 3 6
20130710 9 3 7
20130710 7 8 3
20130710 7 1 8
20130710 9 1 7
20130710 2 7 9
20130711 7 2 6
20130711 5 2 6
20130711 3 5 4
20130711 3 6 2
20130711 3 2 8
20130711 1 2 4
20130711 3 7 1
20130711 5 1 8
20130711 8 7 1
20130711 1 2 9
20130716 1 4 3
20130716 2 4 1
20130716 7 1 5
20130716 4 7 5
20130716 5 1 7
20130716 9 1 2
20130716 2 5 1
20130716 5 1 6
20130716 5 3 7
20130716 1 5 9
20130716 5 1 9
20130717 1 7 2
20130717 2 7 4
20130717 7 2 1
20130717 2 3 7
20130717 4 5 7
20130717 2 8 4
20130717 7 9 5
20130717 5 9 3
20130717 7 2 5
20130717 2 7 9
20130718 7 4 2
20130718 7 4 5
20130718 3 7 4
20130718 5 3 2
20130718 1 3 4
20130718 2 4 3
20130718 5 2 6
20130718 1 5 2
20130718 3 4 9
20130718 2 4 7
20130718 3 5 9
20130812 3 8 4
20130812 3 4 6
20130812 2 7 4
20130812 8 7 3
20130812 2 5 8
20130812 2 3 5
20130812 9 1 7
20130812 3 5 9
20130812 7 2 9
20130812 5 9 2
20130812 5 6 3
20130813 3 4 8
20130813 2 9 7
20130813 3 9 6
20130813 7 3 5
20130813 2 3 7
20130813 3 9 2
20130813 3 5 9
20130813 5 8 4
20130813 1 5 7
20130813 3 7 9
20130813 1 5 2
20130814 1 7 3
20130814 9 3 4
20130814 9 1 5
20130814 1 9 5
20130814 3 8 2
20130814 2 1 9
20130814 5 2 7
20130814 3 7 4
20130814 3 2 9
20130814 3 7 2
20130814 8 4 3
20130905 1 2 9
20130905 1 2 7
20130905 2 3 9
20130905 1 7 9
20130905 9 7 1
20130905 1 9 3
20130905 2 3 1
20130905 3 4 9
20130905 7 3 9
20130905 2 7 1
20130906 3 1 2
20130906 1 9 8
20130906 3 4 1
20130906 9 6 3
20130906 3 5 7
20130906 1 7 2
20130906 9 5 1
20130906 7 3 5
20130906 1 9 2
20130906 7 9 5
20130907 7 1 4
20130907 7 5 2
20130907 2 9 1
20130907 2 5 7
20130907 8 5 9
20130907 3 2 1
20130907 1 7 9
20130907 7 9 1
20130907 3 5 2
20130907 6 2 5
20130920 1 5 2
20130920 2 1 3
20130920 3 5 4
20130920 4 1 5
20130920 5 7 1
20130920 2 6 1
20130920 7 5 1
20130920 2 9 3
20130920 9 5 1
20130920 3 1 5
20130920 5 3 7
20130920 3 6 1
20130921 5 2 4
20130921 2 5 3
20130921 7 3 2
20130921 4 1 5
20130921 2 7 4
20130921 4 2 7
20130921 2 1 6
20130921 5 2 1
20130921 3 9 5
20130921 1 9 4
20130921 7 2 1
20130921 1 9 6
20130922 1 7 4
20130922 2 5 6
20130922 2 4 3
20130922 3 7 1
20130922 3 1 6
20130922 9 3 5
20130922 1 2 7
20130922 6 2 5
20130922 2 1 6
20130922 5 9 6
20130922 4 2 3
20130922 3 9 7
20131003 1 7 4
20131003 5 2 4
20131003 3 7 5
20131003 1 4 7
20131003 5 7 1
20131003 7 3 4
20131003 2 3 7
20131003 7 2 1
20131003 5 1 2
20131003 8 7 2
20131004 4 2 1
20131004 4 5 3
20131004 2 5 1
20131004 5 4 2
20131004 3 4 1
20131004 7 3 5
20131004 3 8 1
20131004 8 2 1
20131004 1 7 3
20131004 1 2 3
20131005 2 7 5
20131005 5 1 3
20131005 3 1 4
20131005 7 4 2
20131005 3 2 7
20131005 9 2 6
20131005 2 5 6
20131005 2 7 8
20131005 4 8 6
20131005 2 4 9
20131101 1 4 7
20131101 2 5 1
20131101 4 2 3
20131101 4 1 5
20131101 5 7 4
20131101 2 5 1
20131101 1 5 8
20131101 2 3 7
20131101 4 5 9
20131101 9 2 7
20131102 1 4 3
20131102 7 3 2
20131102 5 4 2
20131102 3 7 5
20131102 7 2 4
20131102 2 5 3
20131102 2 6 1
20131102 5 7 2
20131102 7 1 8
20131102 5 1 2
20131103 4 1 3
20131103 2 4 7
20131103 1 5 6
20131103 1 4 3
20131103 9 3 5
20131103 7 4 9
20131103 1 4 2
20131103 1 9 8
20131103 9 5 2
20131103 5 2 1
20131212 3 5 7
20131212 7 5 9
20131212 5 3 7
20131212 7 4 1
20131212 9 2 4
20131212 5 6 7
20131212 4 1 7
20131212 1 5 3
20131212 9 3 2
20131212 1 5 3
20131212 3 9 7
20131212 2 7 9
20131213 7 1 2
20131213 5 7 2
20131213 9 2 7
20131213 9 1 2
20131213 3 9 4
20131213 4 2 1
20131213 7 3 2
20131213 8 7 3
20131213 1 7 4
20131213 1 9 2
20131213 9 6 4
20131213 7 2 9
20131214 1 9 6
20131214 4 1 3
20131214 2 7 9
20131214 9 1 6
20131214 4 2 7
20131214 8 7 3
20131214 5 2 1
20131214 2 3 9
20131214 2 1 6
20131214 3 6 9
20131214 1 9 5
20131214 3 7 1
20131225 7 5 2
20131225 4 3 1
20131225 3 2 4
20131225 4 5 2
20131225 5 1 3
20131225 2 1 5
20131225 4 7 1
20131225 3 1 2
20131225 1 2 3
20131225 6 3 9
20131226 1 5 4
20131226 5 1 4
20131226 7 3 1
20131226 4 1 2
20131226 7 2 1
20131226 7 5 9
20131226 1 6 2
20131226 9 7 3
20131226 1 7 4
20131226 1 5 3
20131227 1 2 7
20131227 7 4 2
20131227 1 3 7
20131227 1 3 4
20131227 2 7 8
20131227 9 2 5
20131227 1 4 7
20131227 3 5 9
20131227 4 7 9
20131227 1 7 8
20140101 8 2 3
20140101 1 7 4
20140101 2 3 7
20140101 9 7 2
20140101 5 7 4
20140101 5 2 6
20140101 7 1 3
20140101 1 3 9
20140101 1 9 3
20140101 5 7 3
20140101 8 5 4
20140101 2 3 8
20140102 4 8 6
20140102 7 5 1
20140102 9 2 3
20140102 9 1 4
20140102 5 7 1
20140102 5 4 3
20140102 2 1 3
20140102 2 4 3
20140102 3 4 2
20140102 2 4 3
20140102 5 2 1
20140102 7 2 9
20140103 3 9 6
20140103 2 4 9
20140103 9 7 1
20140103 4 9 5
20140103 4 3 1
20140103 5 3 1
20140103 3 2 1
20140103 5 3 1
20140103 5 1 6
20140103 5 1 3
20140103 5 2 9
20140103 3 2 9
20140122 1 4 5
20140122 7 5 2
20140122 3 5 1
20140122 4 7 2
20140122 5 3 2
20140122 9 8 4
20140122 3 1 7
20140122 2 5 8
20140122 8 2 3
20140122 2 3 1
20140123 6 1 7
20140123 5 4 1
20140123 6 3 7
20140123 4 2 1
20140123 1 3 6
20140123 9 5 7
20140123 6 9 7
20140123 7 1 8
20140123 3 1 7
20140123 4 2 6
20140124 1 5 3
20140124 4 1 7
20140124 4 7 1
20140124 5 1 3
20140124 4 3 5
20140124 6 9 1
20140124 2 5 6
20140124 1 3 7
20140124 1 4 9
20140124 3 5 9
20140124 1 2 3
20140222 2 4 3
20140222 5 4 2
20140222 8 3 2
20140222 9 2 1
20140222 5 3 9
20140222 9 3 4
20140222 5 4 7
20140222 3 7 1
20140222 1 5 7
20140222 7 5 3
20140222 1 9 4
20140223 2 9 5
20140223 5 1 9
20140223 7 2 9
20140223 1 9 7
20140223 1 3 8
20140223 9 1 5
20140223 9 7 6
20140223 8 2 3
20140223 2 5 8
20140223 3 5 7
20140223 2 9 5
20140224 5 3 7
20140224 5 7 3
20140224 7 9 3
20140224 9 1 3
20140224 9 6 3
20140224 2 7 4
20140224 7 3 9
20140224 1 7 2
20140224 3 2 4
20140224 1 5 6
20140224 5 3 4
20140224 1 7 9
20140225 1 7 3
20140225 7 2 5
20140225 5 7 9
20140225 2 7 4
20140225 9 1 6
20140225 7 9 4
20140225 3 7 2
20140225 7 1 6
20140225 1 5 9
20140225 7 9 1
20140225 9 2 5
20140302 9 5 1
20140302 9 5 3
20140302 4 1 7
20140302 5 1 7
20140302 9 4 2
20140302 3 5 2
20140302 7 4 2
20140302 3 2 5
20140302 1 5 6
20140302 7 3 5
20140302 1 7 4
20140302 1 5 2
20140303 9 8 6
20140303 2 3 5
20140303 2 7 9
20140303 1 9 7
20140303 7 3 2
20140303 3 4 5
20140303 4 7 1
20140303 4 1 2
20140303 7 2 9
20140303 3 6 9
20140303 2 9 4
20140303 1 7 5
20140304 1 2 5
20140304 6 2 3
20140304 1 7 9
20140304 3 1 9
20140304 1 3 2
20140304 1 5 9
20140304 3 8 7
20140304 4 2 6
20140304 7 6 4
20140304 8 1 2
20140304 9 2 3
20140304 7 9 3
20140404 2 4 3
20140404 1 2 9
20140404 9 2 6
20140404 9 2 7
20140404 5 9 6
20140404 9 5 6
20140404 1 4 7
20140404 7 9 5
20140404 4 3 5
20140404 1 5 2
20140404 3 7 9
20140404 1 2 6
20140405 3 7 1
20140405 2 3 5
20140405 5 6 3
20140405 3 5 8
20140405 6 8 1
20140405 2 5 1
20140405 5 7 6
20140405 9 7 1
20140405 3 9 1
20140405 7 2 6
20140405 7 9 3
20140406 8 3 4
20140406 2 5 4
20140406 5 3 2
20140406 7 2 9
20140406 1 2 5
20140406 8 2 1
20140406 6 3 7
20140406 9 6 3
20140406 4 3 5
20140406 9 6 2
20140406 1 9 2
20140509 2 7 3
20140509 2 3 5
20140509 2 1 5
20140509 2 4 7
20140509 5 1 3
20140509 2 9 1
20140509 1 8 7
20140509 7 2 4
20140509 1 5 7
20140509 2 3 5
20140510 1 3 5
20140510 3 5 1
20140510 2 5 1
20140510 4 2 1
20140510 1 7 4
20140510 1 9 7
20140510 9 3 2
20140510 1 3 7
20140510 2 1 8
20140510 2 7 1
20140511 1 7 4
20140511 3 5 1
20140511 5 3 6
20140511 5 2 4
20140511 2 7 8
20140511 2 7 9
20140511 2 3 7
20140511 4 5 2
20140511 1 5 6
20140511 1 9 3
20140511 3 5 4
20140619 1 7 4
20140619 4 5 6
20140619 7 3 4
20140619 4 1 5
20140619 3 6 7
20140619 5 1 3
20140619 9 1 5
20140619 3 5 2
20140619 1 8 9
20140619 1 9 2
20140620 1 5 7
20140620 2 6 5
20140620 1 4 3
20140620 5 2 7
20140620 5 1 2
20140620 5 3 1
20140620 9 2 5
20140620 1 2 3
20140620 1 3 2
20140620 7 3 9
20140620 9 3 5
20140621 1 4 3
20140621 1 4 5
20140621 7 3 2
20140621 5 1 3
20140621 3 5 2
20140621 9 7 3
20140621 4 1 5
20140621 4 3 6
20140621 2 7 1
20140621 9 3 7
20140621 7 6 1
20140625 3 8 2
20140625 9 1 2
20140625 2 7 5
20140625 8 7 9
20140625 5 1 8
20140625 4 1 9
20140625 3 8 1
20140625 9 3 1
20140625 2 8 9
20140625 3 9 1
20140625 8 3 9
20140626 2 1 4
20140626 3 1 2
20140626 4 7 8
20140626 9 1 5
20140626 3 9 2
20140626 7 1 5
20140626 1 3 9
20140626 9 7 2
20140626 1 2 8
20140626 3 9 7
20140626 7 1 2
20140627 1 7 4
20140627 1 6 4
20140627 2 3 9
20140627 3 8 7
20140627 9 1 5
20140627 1 9 5
20140627 9 8 1
20140627 4 9 2
20140627 9 1 6
20140627 5 2 4
20140627 7 3 9
20140712 3 2 4
20140712 4 6 3
20140712 7 2 1
20140712 4 5 3
20140712 5 1 4
20140712 2 6 4
20140712 1 4 7
20140712 2 9 1
20140712 9 5 2
20140712 3 8 1
20140712 3 8 2
20140712 9 7 4
20140713 1 5 7
20140713 1 3 2
20140713 6 3 7
20140713 3 5 2
20140713 2 5 6
20140713 4 6 1
20140713 3 6 5
20140713 7 3 4
20140713 4 1 9
20140713 9 5 1
20140713 9 1 3
20140713 9 1 3
20140714 7 1 4
20140714 1 2 7
20140714 3 2 1
20140714 7 2 3
20140714 4 6 5
20140714 5 7 9
20140714 9 1 3
20140714 2 3 1
20140714 2 4 6
20140714 2 9 3
20140714 1 3 8
20140714 6 2 5
20140808 5 3 7
20140808 5 9 2
20140808 3 5 2
20140808 2 9 1
20140808 3 4 2
20140808 3 1 7
20140808 6 3 1
20140808 9 2 4
20140808 5 9 1
20140808 7 1 6
20140808 1 7 4
20140808 7 2 5
20140809 5 4 3
20140809 2 5 9
20140809 3 7 4
20140809 7 1 9
20140809 1 9 2
20140809 6 7 1
20140809 3 5 6
20140809 7 8 5
20140809 5 4 3
20140809 9 7 3
20140809 1 3 9
20140809 2 7 5
20140810 3 5 1
20140810 1 2 8
20140810 7 3 2
20140810 7 2 3
20140810 4 6 3
20140810 2 7 4
20140810 3 9 6
20140810 2 7 3
20140810 2 4 5
20140810 2 9 8
20140810 1 3 2
20140810 9 1 4
20140830 2 1 7
20140830 2 3 4
20140830 4 1 6
20140830 7 2 4
20140830 3 4 5
20140830 3 5 8
20140830 9 2 5
20140830 5 7 3
20140830 5 1 7
20140830 8 2 7
20140830 8 7 2
20140831 5 1 4
20140831 2 4 1
20140831 7 5 2
20140831 1 2 4
20140831 5 1 3
20140831 5 1 7
20140831 2 3 9
20140831 7 3 9
20140831 8 1 9
20140831 7 5 9
20140831 5 2 8
20140901 4 5 6
20140901 2 7 3
20140901 7 5 6
20140901 7 2 5
20140901 6 7 9
20140901 2 3 5
20140901 3 2 5
20140901 1 3 2
20140901 6 4 9
20140901 3 2 5
20140919 3 1 5
20140919 5 4 6
20140919 4 3 7
20140919 4 1 2
20140919 1 7 2
20140919 9 1 2
20140919 4 3 8
20140919 1 5 9
20140919 3 9 2
20140919 3 4 5
20140920 7 1 2
20140920 5 4 1
20140920 3 4 5
20140920 1 3 7
20140920 4 5 7
20140920 4 7 5
20140920 3 4 9
20140920 7 3 1
20140920 5 7 3
20140920 2 3 5
20140921 1 2 3
20140921 4 3 1
20140921 3 4 7
20140921 2 1 7
20140921 3 4 2
20140921 1 9 2
20140921 3 7 4
20140921 3 4 5
20140921 1 5 4
20140921 5 3 2
20141001 3 1 2
20141001 2 5 3
20141001 3 2 6
20141001 5 4 3
20141001 5 7 1
20141001 9 1 7
20141001 1 4 5
20141001 2 1 9
20141001 3 7 1
20141001 1 4 2
20141002 1 5 4
20141002 4 2 1
20141002 7 2 5
20141002 5 2 1
20141002 7 2 5
20141002 5 1 7
20141002 3 9 5
20141002 5 9 1
20141002 1 7 5
20141002 3 1 9
20141003 4 3 2
20141003 7 3 5
20141003 6 5 3
20141003 4 3 7
20141003 3 2 9
20141003 9 7 8
20141003 2 3 4
20141003 7 9 3
20141003 5 4 1
20141003 5 2 4
20141008 1 4 6
20141008 1 7 2
20141008 3 1 4
20141008 4 7 1
20141008 5 1 2
20141008 6 1 7
20141008 3 7 8
20141008 5 3 7
20141008 9 3 6
20141008 3 2 6
20141009 1 2 6
20141009 7 4 2
20141009 6 4 7
20141009 6 5 2
20141009 7 1 3
20141009 9 3 2
20141009 6 9 2
20141009 1 3 9
20141009 7 9 2
20141009 7 4 1
20141010 1 3 5
20141010 2 4 7
20141010 5 4 1
20141010 5 3 2
20141010 7 9 2
20141010 9 7 2
20141010 3 6 9
20141010 2 4 7
20141010 9 2 5
20141010 2 8 1
20141010 1 8 5
20141128 3 1 4
20141128 3 7 6
20141128 2 4 3
20141128 4 7 1
20141128 5 3 2
20141128 2 7 9
20141128 1 4 7
20141128 8 3 9
20141128 8 2 4
20141128 1 8 5
20141129 5 4 1
20141129 7 2 4
20141129 4 2 7
20141129 5 2 3
20141129 2 4 6
20141129 7 2 5
20141129 1 5 9
20141129 3 7 4
20141129 2 9 4
20141129 7 9 4
20141130 7 3 6
20141130 4 2 1
20141130 3 4 6
20141130 7 2 4
20141130 1 5 4
20141130 2 7 9
20141130 4 2 7
20141130 3 2 9
20141130 3 7 1
20141130 2 3 8
20141225 7 1 4
20141225 3 5 6
20141225 1 9 7
20141225 9 2 4
20141225 5 9 7
20141225 9 6 3
20141225 9 7 2
20141225 3 5 9
20141225 1 9 8
20141225 1 7 3
20141225 3 9 5
20141226 5 9 3
20141226 2 8 6
20141226 9 2 3
20141226 9 7 2
20141226 7 3 9
20141226 9 5 2
20141226 3 6 9
20141226 9 3 6
20141226 7 5 2
20141226 9 1 7
20141226 9 2 1
20141227 7 2 4
20141227 9 3 1
20141227 3 9 7
20141227 9 3 4
20141227 1 9 5
20141227 4 5 9
20141227 5 7 8
20141227 7 8 2
20141227 2 7 6
20141227 1 7 3
20141227 5 1 4
20150109 3 1 4
20150109 7 6 5
20150109 3 4 5
20150109 4 1 3
20150109 5 2 1
20150109 1 5 3
20150109 9 7 3
20150109 3 6 1
20150109 5 3 2
20150109 6 3 5
20150110 5 1 2
20150110 2 5 4
20150110 7 1 2
20150110 5 1 4
20150110 2 5 3
20150110 4 2 1
20150110 5 8 6
20150110 7 3 1
20150110 2 1 6
20150110 5 2 1
20150111 7 3 4
20150111 3 7 4
20150111 4 5 2
20150111 5 7 2
20150111 5 1 8
20150111 7 2 8
20150111 3 6 4
20150111 4 3 8
20150111 1 2 9
20150111 9 7 2
20150212 1 5 2
20150212 7 8 3
20150212 8 7 5
20150212 2 4 1
20150212 8 9 2
20150212 4 8 7
20150212 1 9 2
20150212 5 4 6
20150212 9 3 4
20150212 9 7 5
20150212 7 8 4
20150212 5 1 8
20150213 7 3 2
20150213 3 2 7
20150213 2 7 5
20150213 9 5 1
20150213 6 8 3
20150213 4 3 6
20150213 3 7 8
20150213 7 1 4
20150213 3 7 2
20150213 1 5 2
20150213 2 1 5
20150213 5 9 2
20150214 1 5 9
20150214 6 1 3
20150214 7 2 6
20150214 2 8 7
20150214 4 9 3
20150214 8 3 1
20150214 8 7 4
20150214 7 4 2
20150214 2 8 9
20150214 7 4 2
20150214 3 5 2
20150214 4 9 1
20150215 1 7 3
20150215 9 5 4
20150215 3 6 5
20150215 8 2 9
20150215 9 8 3
20150215 5 1 9
20150215 2 1 9
20150215 1 5 3
20150215 3 5 7
20150215 1 6 9
20150215 4 7 5
20150218 2 5 1
20150218 3 5 2
20150218 3 1 2
20150218 4 1 5
20150218 5 7 1
20150218 7 2 1
20150218 7 8 9
20150218 5 9 3
20150218 4 5 1
20150218 8 5 2
20150219 1 2 5
20150219 1 5 4
20150219 5 3 2
20150219 1 3 2
20150219 5 4 1
20150219 7 9 1
20150219 3 5 1
20150219 5 3 1
20150219 1 5 9
20150219 2 5 3
20150220 2 1 4
20150220 1 5 3
20150220 3 4 1
20150220 4 7 5
20150220 2 5 9
20150220 6 9 5
20150220 2 3 1
20150220 2 7 3
20150220 2 8 4
20150220 2 1 9
20150306 1 3 4
20150306 2 4 7
20150306 1 5 4
20150306 1 4 3
20150306 5 7 4
20150306 6 2 5
20150306 7 1 5
20150306 7 2 5
20150306 5 1 3
20150306 5 3 1
20150306 9 3 4
20150306 7 5 6
20150307 2 4 1
20150307 5 2 3
20150307 4 2 3
20150307 7 1 4
20150307 7 4 1
20150307 3 7 2
20150307 4 6 2
20150307 5 2 8
20150307 7 1 6
20150307 8 2 7
20150307 1 3 9
20150307 7 1 3
20150308 2 4 5
20150308 5 7 4
20150308 7 4 6
20150308 4 3 7
20150308 7 3 6
20150308 9 3 5
20150308 3 6 1
20150308 5 2 1
20150308 4 2 3
20150308 6 7 2
20150308 3 2 5
20150308 7 3 8
20150327 1 5 4
20150327 3 2 5
20150327 2 1 4
20150327 4 5 1
20150327 5 9 1
20150327 1 2 5
20150327 1 2 9
20150327 7 3 2
20150327 6 3 4
20150327 3 8 1
20150327 2 4 6
20150328 1 9 8
20150328 9 2 8
20150328 9 1 4
20150328 2 9 3
20150328 3 5 2
20150328 9 3 7
20150328 2 9 5
20150328 7 5 2
20150328 8 7 2
20150328 1 5 7
20150328 2 7 5
20150329 5 2 8
20150329 7 2 5
20150329 4 9 2
20150329 8 1 5
20150329 3 9 2
20150329 5 1 9
20150329 3 7 9
20150329 7 5 6
20150329 3 9 1
20150329 7 5 3
20150329 6 5 7
20150404 3 4 1
20150404 4 1 6
20150404 2 5 8
20150404 2 7 3
20150404 1 3 9
20150404 3 5 9
20150404 1 4 3
20150404 5 9 7
20150404 9 1 2
20150404 3 7 5
20150404 1 9 4
20150405 3 4 9
20150405 3 8 5
20150405 4 7 1
20150405 3 7 9
20150405 7 8 1
20150405 9 2 3
20150405 1 2 5
20150405 6 5 2
20150405 6 3 4
20150405 1 6 4
20150405 7 3 8
20150406 4 2 3
20150406 2 3 7
20150406 9 2 5
20150406 5 1 6
20150406 5 2 1
20150406 4 2 9
20150406 3 2 7
20150406 5 6 2
20150406 6 9 2
20150406 2 8 3
20150406 3 1 5
20150430 3 7 1
20150430 2 5 1
20150430 3 1 7
20150430 4 5 7
20150430 3 2 6
20150430 6 2 5
20150430 7 4 5
20150430 2 7 3
20150430 9 3 2
20150430 5 7 3
20150430 7 1 2
20150430 9 8 3
20150501 7 1 2
20150501 4 2 6
20150501 1 2 7
20150501 5 4 2
20150501 1 7 2
20150501 1 3 6
20150501 4 7 3
20150501 4 1 9
20150501 5 7 1
20150501 7 3 5
20150501 2 9 5
20150501 2 7 9
20150502 1 2 3
20150502 3 7 2
20150502 1 7 2
20150502 5 4 1
20150502 1 6 2
20150502 8 3 6
20150502 9 5 1
20150502 3 2 5
20150502 3 2 5
20150502 2 5 9
20150502 9 8 5
20150502 6 9 4
