20111219 4 3 9
20111219 3 6 7
20111219 1 9 3
20111219 7 1 9
20111219 7 1 5
20111219 3 5 9
20111219 9 3 4
20111219 5 3 1
20111219 3 1 7
20111219 1 7 4
20111219 9 1 5
20111219 4 1 9
20111220 5 2 7
20111220 1 2 7
20111220 7 4 3
20111220 7 1 5
20111220 3 7 4
20111220 1 5 2
20111220 1 3 5
20111220 5 2 8
20111220 9 2 4
20111220 9 1 2
20111220 5 1 4
20111220 7 1 9
20111221 2 5 1
20111221 5 9 1
20111221 1 7 5
20111221 6 9 1
20111221 7 1 9
20111221 4 7 3
20111221 1 9 8
20111221 9 2 8
20111221 5 1 4
20111221 1 9 5
20111221 5 1 9
20111221 9 3 2
20111229 3 7 9
20111229 7 2 4
20111229 2 7 3
20111229 5 2 7
20111229 5 1 9
20111229 9 1 2
20111229 5 9 1
20111229 2 7 5
20111229 5 9 2
20111229 7 1 5
20111229 1 5 6
20111229 7 5 8
20111230 5 2 7
20111230 5 3 4
20111230 2 1 5
20111230 4 3 7
20111230 7 1 5
20111230 1 5 4
20111230 2 5 9
20111230 4 2 8
20111230 5 2 9
20111230 3 5 2
20111230 1 5 7
20111230 2 1 9
20111231 8 7 4
20111231 1 5 2
20111231 5 3 2
20111231 1 9 5
20111231 4 9 3
20111231 1 2 9
20111231 7 2 1
20111231 7 2 8
20111231 5 9 6
20111231 4 9 2
20111231 1 9 5
20111231 9 5 7
20111231 3 1 4
20120108 7 3 5
20120108 1 7 4
20120108 1 5 4
20120108 3 1 4
20120108 1 7 2
20120108 5 1 9
20120108 2 1 7
20120108 3 8 5
20120108 2 9 3
20120108 7 5 1
20120109 5 3 4
20120109 1 7 3
20120109 4 2 7
20120109 5 1 3
20120109 1 7 3
20120109 5 4 7
20120109 7 1 4
20120109 3 8 7
20120109 7 3 1
20120109 1 9 2
20120109 4 7 5
20120110 2 5 3
20120110 7 3 4
20120110 4 2 1
20120110 1 7 2
20120110 7 5 3
20120110 8 1 2
20120110 7 3 1
20120110 1 7 4
20120110 7 1 4
20120110 1 5 7
20120110 2 1 5
20120110 7 2 1
20120118 3 4 7
20120118 5 1 6
20120118 9 1 3
20120118 9 6 7
20120118 2 6 7
20120118 4 7 9
20120118 1 4 5
20120118 2 7 1
20120118 3 4 9
20120118 9 2 7
20120118 2 9 5
20120118 1 2 7
20120119 1 2 5
20120119 9 4 2
20120119 1 2 5
20120119 1 7 5
20120119 1 9 2
20120119 1 9 5
20120119 1 6 4
20120119 7 3 4
20120119 3 2 5
20120119 3 4 1
20120119 5 2 1
20120119 5 2 9
20120222 2 7 4
20120222 1 2 4
20120222 1 7 2
20120222 2 5 7
20120222 4 1 2
20120222 1 9 8
20120222 2 5 9
20120222 9 2 4
20120222 7 3 2
20120222 9 5 1
20120222 7 1 3
20120223 3 6 1
20120223 2 1 5
20120223 5 6 4
20120223 1 7 3
20120223 1 5 4
20120223 7 9 4
20120223 2 4 3
20120223 2 9 5
20120223 7 2 1
20120223 9 1 6
20120223 7 3 1
20120224 3 7 4
20120224 4 2 5
20120224 5 1 7
20120224 7 1 5
20120224 3 4 2
20120224 4 2 3
20120224 9 1 7
20120224 9 7 2
20120224 9 2 3
20120224 9 3 5
20120224 6 9 7
20120314 2 4 7
20120314 2 1 5
20120314 2 3 4
20120314 2 1 5
20120314 4 1 2
20120314 7 3 5
20120314 3 9 7
20120314 2 8 5
20120314 8 9 1
20120314 1 7 9
20120314 3 7 5
20120315 5 7 6
20120315 1 7 3
20120315 4 5 3
20120315 1 7 6
20120315 3 1 5
20120315 7 5 3
20120315 5 1 2
20120315 3 9 1
20120315 4 1 7
20120315 3 7 5
20120315 3 2 4
20120316 2 5 4
20120316 6 1 3
20120316 1 7 3
20120316 2 5 4
20120316 1 7 2
20120316 4 2 3
20120316 5 2 7
20120316 8 5 3
20120316 5 7 3
20120316 9 6 7
20120316 7 2 3
20120410 1 7 6
20120410 4 7 5
20120410 5 1 2
20120410 2 4 6
20120410 3 5 7
20120410 3 7 2
20120410 1 5 7
20120410 3 5 4
20120410 7 1 5
20120410 8 5 2
20120410 8 7 4
20120411 2 7 1
20120411 1 7 4
20120411 4 1 3
20120411 1 5 3
20120411 5 2 1
20120411 3 1 7
20120411 2 5 3
20120411 1 4 5
20120411 4 1 5
20120411 2 7 1
20120411 2 3 1
20120412 4 1 3
20120412 4 1 3
20120412 1 7 4
20120412 7 1 3
20120412 2 4 1
20120412 2 6 7
20120412 1 7 5
20120412 7 2 9
20120412 1 7 8
20120412 7 4 5
20120412 2 3 6
20120416 9 3 7
20120416 7 5 9
20120416 9 2 7
20120416 5 1 6
20120416 7 2 3
20120416 7 2 4
20120416 4 9 3
20120416 5 7 2
20120416 1 3 2
20120416 7 2 9
20120416 2 7 9
20120416 9 2 8
20120417 1 5 9
20120417 9 1 3
20120417 7 9 1
20120417 7 2 5
20120417 5 9 3
20120417 3 9 1
20120417 8 4 6
20120417 7 3 8
20120417 6 2 5
20120417 2 7 1
20120417 7 6 2
20120417 8 2 3
20120418 5 2 1
20120418 7 5 3
20120418 3 2 9
20120418 3 6 5
20120418 1 3 9
20120418 7 8 5
20120418 3 5 7
20120418 2 9 1
20120418 7 9 1
20120418 3 1 5
20120418 1 7 9
20120418 8 1 4
20120514 2 9 1
20120514 3 7 2
20120514 9 7 8
20120514 5 2 7
20120514 7 1 9
20120514 7 8 9
20120514 5 3 9
20120514 3 5 2
20120514 5 9 1
20120514 2 1 7
20120514 2 9 7
20120514 1 2 3
20120515 2 5 9
20120515 5 8 7
20120515 1 9 7
20120515 1 7 4
20120515 5 3 6
20120515 1 2 5
20120515 7 2 9
20120515 7 1 9
20120515 8 7 1
20120515 7 4 2
20120515 9 5 2
20120515 6 2 3
20120516 8 7 2
20120516 1 9 4
20120516 2 5 9
20120516 1 8 7
20120516 1 7 9
20120516 1 5 2
20120516 2 1 4
20120516 7 2 1
20120516 2 1 7
20120516 3 7 9
20120516 9 3 4
20120516 5 2 4
20120710 7 4 6
20120710 1 2 7
20120710 4 1 6
20120710 4 1 7
20120710 1 5 2
20120710 9 5 3
20120710 1 9 2
20120710 5 1 9
20120710 6 5 3
20120710 2 7 9
20120710 4 2 3
20120711 5 2 1
20120711 1 7 2
20120711 5 1 6
20120711 1 3 6
20120711 5 3 4
20120711 1 7 6
20120711 7 2 9
20120711 7 1 6
20120711 8 1 7
20120711 1 5 8
20120711 1 7 5
20120712 6 3 7
20120712 4 7 5
20120712 4 5 2
20120712 2 7 4
20120712 3 7 4
20120712 3 9 2
20120712 7 1 6
20120712 2 9 8
20120712 9 4 1
20120712 1 7 3
20120712 7 5 9
20120725 1 2 4
20120725 1 4 3
20120725 4 3 2
20120725 7 5 1
20120725 1 2 7
20120725 9 2 3
20120725 5 2 9
20120725 3 1 7
20120725 4 7 3
20120725 3 6 7
20120725 7 1 5
20120726 5 7 1
20120726 6 2 1
20120726 6 7 1
20120726 7 2 1
20120726 2 5 7
20120726 5 6 3
20120726 3 6 9
20120726 5 9 2
20120726 3 7 8
20120726 9 7 3
20120726 1 9 5
20120727 7 3 2
20120727 3 5 2
20120727 1 7 2
20120727 3 5 6
20120727 7 6 4
20120727 8 2 9
20120727 3 1 5
20120727 5 1 3
20120727 5 1 9
20120727 8 5 2
20120727 1 5 4
20120729 1 3 6
20120729 2 5 7
20120729 5 4 2
20120729 5 1 4
20120729 5 2 1
20120729 5 2 9
20120729 3 2 5
20120729 7 3 5
20120729 4 5 3
20120729 5 9 1
20120729 5 3 2
20120730 5 2 4
20120730 2 3 4
20120730 5 4 1
20120730 1 3 5
20120730 1 5 4
20120730 7 9 1
20120730 1 2 7
20120730 9 1 5
20120730 3 9 1
20120730 1 9 3
20120730 7 1 4
20120731 3 5 1
20120731 2 5 6
20120731 2 1 6
20120731 2 4 7
20120731 1 6 7
20120731 3 2 8
20120731 2 5 1
20120731 7 3 1
20120731 2 1 3
20120731 9 2 7
20120731 3 7 5
20120806 1 5 2
20120806 5 3 4
20120806 1 5 6
20120806 1 7 4
20120806 1 4 5
20120806 2 7 4
20120806 3 5 7
20120806 9 1 5
20120806 4 7 2
20120806 1 7 3
20120806 1 6 9
20120807 3 5 4
20120807 1 7 2
20120807 4 1 6
20120807 7 1 3
20120807 4 1 3
20120807 4 6 2
20120807 1 5 9
20120807 3 1 7
20120807 9 7 5
20120807 1 5 3
20120807 7 5 2
20120808 4 1 5
20120808 7 3 5
20120808 5 3 6
20120808 4 3 1
20120808 7 4 2
20120808 5 3 7
20120808 2 4 7
20120808 9 2 7
20120808 1 7 2
20120808 3 5 6
20120808 9 5 4
20120813 2 4 7
20120813 4 2 3
20120813 3 9 5
20120813 1 9 2
20120813 1 7 5
20120813 7 3 9
20120813 2 3 5
20120813 2 5 8
20120813 1 9 5
20120813 4 2 3
20120813 4 7 8
20120814 2 8 7
20120814 8 2 3
20120814 9 2 5
20120814 7 9 5
20120814 2 7 4
20120814 5 1 3
20120814 5 1 6
20120814 1 8 5
20120814 1 2 4
20120814 7 2 1
20120814 2 7 4
20120815 2 9 3
20120815 2 7 8
20120815 1 2 7
20120815 7 3 8
20120815 2 1 9
20120815 7 1 8
20120815 7 1 2
20120815 5 7 3
20120815 8 9 7
20120815 5 1 6
20120815 1 3 9
20120903 5 3 1
20120903 7 2 5
20120903 1 5 4
20120903 3 4 2
20120903 5 2 6
20120903 9 6 2
20120903 7 8 3
20120903 3 9 4
20120903 5 2 7
20120903 1 9 4
20120903 7 3 8
20120904 3 7 5
20120904 2 4 5
20120904 1 6 3
20120904 1 7 3
20120904 1 3 7
20120904 1 2 4
20120904 9 2 7
20120904 1 5 4
20120904 5 9 1
20120904 3 1 2
20120904 6 3 4
20120905 3 7 5
20120905 7 1 3
20120905 3 7 2
20120905 3 2 7
20120905 3 2 4
20120905 7 3 4
20120905 7 9 3
20120905 9 3 2
20120905 1 7 5
20120905 2 5 3
20120905 8 7 2
20121006 5 4 6
20121006 7 3 1
20121006 3 5 7
20121006 4 2 5
20121006 5 1 7
20121006 7 3 5
20121006 1 9 3
20121006 9 2 5
20121006 1 7 2
20121006 2 5 6
20121006 1 6 2
20121007 2 1 7
20121007 7 1 4
20121007 4 5 1
20121007 5 3 4
20121007 3 2 6
20121007 2 7 8
20121007 5 2 6
20121007 7 1 2
20121007 9 3 1
20121007 9 3 2
20121007 1 5 7
20121007 1 8 6
20121008 4 2 3
20121008 1 5 3
20121008 2 6 1
20121008 3 5 7
20121008 1 3 4
20121008 1 4 3
20121008 9 7 3
20121008 7 4 1
20121008 4 9 6
20121008 4 7 2
20121008 1 7 5
20121025 7 3 9
20121025 1 5 6
20121025 9 7 2
20121025 3 6 2
20121025 9 3 7
20121025 1 3 9
20121025 2 1 5
20121025 5 3 1
20121025 3 5 2
20121025 1 3 4
20121025 2 7 6
20121026 5 1 4
20121026 4 3 1
20121026 1 9 3
20121026 1 5 2
20121026 9 1 2
20121026 7 6 1
20121026 8 3 1
20121026 7 9 3
20121026 7 5 4
20121026 2 1 6
20121026 3 1 5
20121027 7 9 4
20121027 3 9 6
20121027 1 2 7
20121027 7 5 6
20121027 7 1 8
20121027 3 6 9
20121027 2 7 5
20121027 4 3 2
20121027 2 5 8
20121027 7 2 3
20121027 5 1 7
20121028 7 9 4
20121028 3 4 7
20121028 1 9 7
20121028 7 2 8
20121028 3 9 5
20121028 3 5 7
20121028 3 7 2
20121028 2 9 6
20121028 3 9 5
20121028 8 4 5
20121028 2 1 3
20121121 9 7 3
20121121 1 7 3
20121121 1 7 4
20121121 4 3 6
20121121 7 3 2
20121121 1 9 4
20121121 1 5 2
20121121 5 2 1
20121121 7 9 2
20121121 1 5 8
20121121 5 3 7
20121121 2 3 7
20121122 5 1 7
20121122 3 9 2
20121122 3 5 1
20121122 7 1 8
20121122 3 5 7
20121122 9 7 1
20121122 4 8 5
20121122 2 8 3
20121122 5 8 9
20121122 7 1 3
20121122 5 3 9
20121123 9 1 3
20121123 9 3 1
20121123 7 1 8
20121123 1 5 8
20121123 1 3 2
20121123 1 3 7
20121123 5 7 2
20121123 3 5 7
20121123 1 5 2
20121123 2 1 8
20121123 2 8 1
20121123 7 3 9
20121123 1 7 2
20121123 1 9 4
20121125 5 1 3
20121125 4 3 7
20121125 3 1 2
20121125 5 3 2
20121125 2 5 1
20121125 3 1 5
20121125 4 9 7
20121125 7 1 3
20121125 7 1 9
20121125 1 8 3
20121125 9 1 2
20121126 3 1 2
20121126 4 7 3
20121126 2 5 1
20121126 3 2 7
20121126 5 1 3
20121126 1 5 6
20121126 5 7 1
20121126 4 2 5
20121126 5 3 9
20121126 9 2 5
20121126 1 7 9
20121127 1 3 5
20121127 5 2 3
20121127 2 1 4
20121127 3 5 1
20121127 6 2 3
20121127 6 5 2
20121127 7 1 4
20121127 6 7 8
20121127 9 4 2
20121127 9 4 7
20121127 5 4 3
20121206 5 9 3
20121206 7 1 5
20121206 5 7 8
20121206 3 1 7
20121206 9 1 5
20121206 1 5 9
20121206 5 2 9
20121206 1 3 8
20121206 2 5 9
20121206 9 2 5
20121206 1 2 7
20121207 7 5 3
20121207 1 2 9
20121207 9 1 5
20121207 5 8 2
20121207 7 2 1
20121207 1 3 7
20121207 7 5 1
20121207 1 4 2
20121207 5 8 1
20121207 8 1 5
20121207 1 4 9
20121208 2 7 1
20121208 5 9 1
20121208 9 2 3
20121208 2 7 5
20121208 5 2 3
20121208 1 7 5
20121208 2 3 4
20121208 9 2 3
20121208 7 9 3
20121208 9 5 2
20121208 9 2 1
20121218 4 7 3
20121218 1 7 4
20121218 2 5 7
20121218 3 2 1
20121218 5 1 2
20121218 2 5 7
20121218 5 7 1
20121218 9 1 7
20121218 7 1 9
20121218 8 3 5
20121218 7 4 3
20121219 7 4 3
20121219 5 1 4
20121219 7 5 1
20121219 5 7 3
20121219 5 1 3
20121219 6 8 5
20121219 2 1 5
20121219 9 3 6
20121219 3 7 8
20121219 7 1 4
20121219 6 5 9
20121220 2 7 5
20121220 5 2 4
20121220 2 6 4
20121220 1 5 2
20121220 2 3 7
20121220 5 2 1
20121220 1 5 9
20121220 2 1 3
20121220 9 7 2
20121220 1 9 5
20121220 6 7 4
20130123 1 5 9
20130123 1 2 5
20130123 7 3 9
20130123 5 1 2
20130123 1 5 3
20130123 7 5 1
20130123 7 2 3
20130123 7 1 8
20130123 7 1 4
20130123 5 3 1
20130123 3 5 1
20130124 5 3 7
20130124 9 4 7
20130124 2 7 8
20130124 3 5 1
20130124 2 8 5
20130124 5 1 9
20130124 2 7 8
20130124 4 1 3
20130124 3 5 7
20130124 2 3 7
20130124 1 5 8
20130125 6 3 7
20130125 3 8 2
20130125 2 7 3
20130125 5 7 9
20130125 3 7 1
20130125 2 6 8
20130125 7 5 3
20130125 7 1 8
20130125 1 5 7
20130125 5 2 7
20130125 3 1 7
20130219 3 1 4
20130219 7 3 5
20130219 2 5 1
20130219 7 4 3
20130219 1 2 5
20130219 5 1 7
20130219 2 9 1
20130219 3 9 2
20130219 1 7 8
20130219 6 1 9
20130219 1 8 7
20130220 3 1 4
20130220 2 1 5
20130220 2 5 3
20130220 7 3 2
20130220 5 7 1
20130220 9 7 5
20130220 3 5 1
20130220 5 7 2
20130220 4 7 1
20130220 1 9 7
20130220 6 1 2
20130221 2 4 5
20130221 3 7 4
20130221 1 7 3
20130221 5 1 4
20130221 5 2 4
20130221 4 1 3
20130221 3 8 1
20130221 3 8 9
20130221 4 1 9
20130221 3 7 2
20130221 4 8 7
20130308 4 3 1
20130308 4 7 2
20130308 4 7 3
20130308 1 7 5
20130308 4 2 5
20130308 1 4 2
20130308 2 5 8
20130308 9 1 5
20130308 9 5 1
20130308 1 8 7
20130308 7 1 3
20130308 5 2 6
20130309 7 3 2
20130309 5 1 3
20130309 1 5 4
20130309 2 3 4
20130309 5 3 1
20130309 3 9 5
20130309 2 6 8
20130309 4 6 5
20130309 3 9 6
20130309 9 1 5
20130309 4 7 3
20130310 2 7 3
20130310 5 7 4
20130310 2 4 6
20130310 2 1 5
20130310 2 7 3
20130310 6 7 3
20130310 5 7 4
20130310 3 1 5
20130310 9 1 4
20130310 3 9 1
20130310 9 5 1
20130312 2 5 6
20130312 2 1 6
20130312 3 7 2
20130312 2 1 4
20130312 5 7 2
20130312 1 3 2
20130312 5 7 2
20130312 3 9 1
20130312 8 1 9
20130312 3 1 4
20130312 8 2 4
20130313 5 3 1
20130313 7 2 5
20130313 7 3 1
20130313 1 3 2
20130313 1 5 4
20130313 7 1 3
20130313 9 1 3
20130313 6 1 5
20130313 1 9 3
20130313 7 1 5
20130313 4 1 7
20130314 4 1 2
20130314 7 1 3
20130314 4 2 1
20130314 4 1 2
20130314 3 2 1
20130314 5 1 3
20130314 6 9 3
20130314 4 9 6
20130314 1 7 9
20130314 1 7 9
20130314 1 7 3
20130417 5 2 6
20130417 5 7 3
20130417 7 3 1
20130417 3 5 1
20130417 1 7 2
20130417 5 3 7
20130417 2 5 9
20130417 1 7 2
20130417 1 7 2
20130417 7 1 5
20130418 4 1 2
20130418 7 3 4
20130418 1 4 2
20130418 5 7 2
20130418 7 2 4
20130418 5 1 9
20130418 4 6 2
20130418 4 1 9
20130418 9 2 7
20130418 5 1 9
20130419 5 2 1
20130419 5 3 7
20130419 1 4 7
20130419 3 4 2
20130419 1 4 2
20130419 7 5 9
20130419 7 8 1
20130419 7 2 3
20130419 5 8 1
20130419 4 6 9
20130430 2 7 4
20130430 1 4 7
20130430 2 1 5
20130430 2 7 1
20130430 4 1 2
20130430 5 9 1
20130430 8 2 1
20130430 5 1 3
20130430 5 1 7
20130430 3 6 7
20130430 5 6 1
20130501 4 7 1
20130501 2 4 5
20130501 2 6 7
20130501 4 7 1
20130501 7 2 3
20130501 5 9 8
20130501 1 5 7
20130501 2 3 4
20130501 6 5 1
20130501 1 5 3
20130502 2 7 5
20130502 2 4 3
20130502 2 3 4
20130502 4 5 6
20130502 2 5 1
20130502 9 2 5
20130502 1 3 5
20130502 3 5 4
20130502 7 2 1
20130502 5 4 7
20130531 2 3 5
20130531 2 4 5
20130531 7 5 2
20130531 3 1 5
20130531 1 5 3
20130531 7 2 5
20130531 8 7 2
20130531 2 7 1
20130531 3 7 4
20130531 1 4 9
20130601 5 3 1
20130601 1 5 2
20130601 5 1 4
20130601 4 1 7
20130601 2 5 1
20130601 9 6 5
20130601 2 3 9
20130601 2 1 5
20130601 9 2 8
20130601 5 8 2
20130602 7 3 1
20130602 3 5 2
20130602 7 1 4
20130602 4 7 5
20130602 3 2 4
20130602 9 3 1
20130602 9 1 7
20130602 5 3 1
20130602 1 2 4
20130602 1 2 7
20130610 9 4 7
20130610 3 5 7
20130610 9 6 1
20130610 2 5 3
20130610 2 6 4
20130610 7 4 2
20130610 9 3 7
20130610 9 3 7
20130610 7 1 8
20130610 1 7 9
20130610 7 4 2
20130611 2 4 7
20130611 4 9 6
20130611 7 2 8
20130611 3 7 9
20130611 1 9 7
20130611 1 9 5
20130611 1 2 7
20130611 5 1 7
20130611 7 5 6
20130611 3 2 8
20130611 5 1 4
20130612 7 4 3
20130612 8 6 9
20130612 1 5 8
20130612 1 7 3
20130612 3 5 7
20130612 5 1 4
20130612 8 5 3
20130612 7 1 2
20130612 4 9 1
20130612 2 9 8
20130612 3 1 2
20130717 3 5 1
20130717 5 1 3
20130717 5 7 2
20130717 5 7 2
20130717 1 9 6
20130717 1 3 4
20130717 7 8 2
20130717 7 1 8
20130717 1 5 2
20130717 7 5 1
20130717 9 2 5
20130718 8 2 5
20130718 7 1 4
20130718 1 9 5
20130718 5 2 3
20130718 5 9 3
20130718 5 2 7
20130718 5 3 8
20130718 8 3 1
20130718 9 5 2
20130718 3 7 2
20130718 1 5 2
20130719 6 9 7
20130719 2 9 3
20130719 7 1 3
20130719 2 7 9
20130719 3 5 9
20130719 1 6 5
20130719 1 9 7
20130719 1 7 8
20130719 5 3 2
20130719 7 3 1
20130719 7 3 5
20130724 4 3 1
20130724 6 3 5
20130724 7 4 5
20130724 1 7 5
20130724 2 3 1
20130724 3 9 5
20130724 2 5 9
20130724 1 7 4
20130724 1 7 4
20130724 1 7 9
20130724 7 1 9
20130725 1 3 5
20130725 1 3 4
20130725 5 7 2
20130725 5 7 3
20130725 2 4 1
20130725 1 5 4
20130725 5 1 9
20130725 2 7 5
20130725 2 4 8
20130725 7 2 3
20130725 5 9 7
20130726 4 5 2
20130726 5 3 1
20130726 2 5 3
20130726 3 2 5
20130726 1 5 3
20130726 9 1 5
20130726 1 5 7
20130726 9 7 4
20130726 3 1 2
20130726 7 5 2
20130828 1 7 3
20130828 2 4 5
20130828 4 1 2
20130828 2 1 4
20130828 5 1 2
20130828 2 7 3
20130828 2 4 7
20130828 2 7 1
20130828 7 5 1
20130828 7 2 3
20130829 4 7 1
20130829 3 2 1
20130829 3 4 1
20130829 4 7 1
20130829 1 7 5
20130829 9 4 7
20130829 2 7 5
20130829 7 1 5
20130829 1 9 3
20130829 5 7 1
20130830 4 2 1
20130830 5 3 2
20130830 7 5 2
20130830 4 1 2
20130830 1 2 3
20130830 1 2 9
20130830 5 1 9
20130830 9 6 5
20130830 5 1 9
20130830 5 9 8
20130925 3 4 5
20130925 3 1 7
20130925 5 3 2
20130925 7 5 4
20130925 2 7 4
20130925 1 3 7
20130925 1 7 3
20130925 7 9 5
20130925 3 8 2
20130925 7 5 1
20130925 3 4 1
20130926 2 3 4
20130926 4 7 3
20130926 4 2 1
20130926 4 2 5
20130926 1 5 7
20130926 3 6 4
20130926 1 5 6
20130926 1 2 3
20130926 6 2 3
20130926 5 1 2
20130927 2 1 5
20130927 5 3 1
20130927 3 2 7
20130927 1 2 4
20130927 4 1 2
20130927 6 7 1
20130927 1 7 5
20130927 3 4 9
20130927 9 4 7
20130927 9 7 6
20131026 3 2 8
20131026 4 3 2
20131026 5 3 4
20131026 7 1 3
20131026 5 3 9
20131026 7 1 8
20131026 3 7 5
20131026 7 1 4
20131026 2 1 9
20131026 1 2 7
20131026 7 1 9
20131027 7 1 2
20131027 5 1 4
20131027 5 3 6
20131027 5 4 1
20131027 2 9 1
20131027 1 3 8
20131027 3 7 1
20131027 9 1 2
20131027 5 3 8
20131027 8 9 1
20131027 9 7 5
20131028 1 7 5
20131028 8 5 7
20131028 9 8 7
20131028 7 3 2
20131028 4 3 7
20131028 9 4 3
20131028 4 5 3
20131028 1 4 5
20131028 9 3 4
20131028 2 5 4
20131028 7 3 5
20131029 7 1 8
20131029 5 7 1
20131029 2 1 7
20131029 2 9 5
20131029 5 7 1
20131029 2 8 7
20131029 3 9 5
20131029 1 7 3
20131029 6 7 5
20131029 2 1 6
20131029 2 1 4
20131106 2 1 7
20131106 1 8 6
20131106 9 5 1
20131106 1 3 7
20131106 2 5 7
20131106 6 3 1
20131106 7 6 9
20131106 7 1 4
20131106 3 4 2
20131106 3 9 5
20131106 3 4 8
20131107 9 6 2
20131107 7 8 9
20131107 9 1 7
20131107 3 2 4
20131107 3 4 9
20131107 7 1 3
20131107 7 6 9
20131107 5 2 4
20131107 3 4 5
20131107 2 3 5
20131107 5 1 2
20131108 7 3 1
20131108 5 3 9
20131108 9 1 3
20131108 2 3 5
20131108 7 5 2
20131108 5 7 1
20131108 7 2 5
20131108 7 1 6
20131108 8 3 5
20131108 7 1 2
20131108 5 9 4
20131112 7 2 3
20131112 1 3 6
20131112 9 1 7
20131112 7 9 3
20131112 7 1 2
20131112 9 4 6
20131112 1 9 6
20131112 1 7 5
20131112 5 1 4
20131112 2 1 3
20131112 5 9 7
20131113 3 5 7
20131113 3 5 2
20131113 3 9 1
20131113 7 2 3
20131113 7 2 4
20131113 3 5 1
20131113 1 5 2
20131113 1 3 8
20131113 1 7 3
20131113 1 4 5
20131113 7 2 5
20131114 3 7 1
20131114 9 1 3
20131114 2 5 7
20131114 9 6 2
20131114 1 5 7
20131114 2 5 1
20131114 5 2 6
20131114 3 6 1
20131114 1 5 7
20131114 3 1 5
20131114 7 3 2
20131206 2 7 5
20131206 4 2 7
20131206 3 7 1
20131206 7 1 5
20131206 4 1 7
20131206 4 2 3
20131206 5 2 9
20131206 5 9 2
20131206 3 5 7
20131206 2 5 7
20131206 3 9 5
20131207 1 5 2
20131207 1 5 7
20131207 7 3 5
20131207 4 7 2
20131207 5 7 1
20131207 1 7 5
20131207 2 7 1
20131207 2 7 9
20131207 5 3 7
20131207 9 5 2
20131207 7 2 5
20131208 7 1 4
20131208 3 5 7
20131208 2 5 7
20131208 7 5 6
20131208 5 7 3
20131208 3 6 4
20131208 1 5 2
20131208 5 3 8
20131208 5 8 7
20131208 1 5 7
20131210 4 7 3
20131210 4 1 3
20131210 1 5 3
20131210 2 5 3
20131210 7 1 5
20131210 1 7 5
20131210 9 2 3
20131210 5 7 1
20131210 1 5 7
20131210 5 3 4
20131211 2 4 6
20131211 2 4 1
20131211 5 3 2
20131211 7 4 1
20131211 3 7 2
20131211 7 4 5
20131211 1 7 3
20131211 2 7 6
20131211 7 2 9
20131211 7 4 5
20131212 5 2 4
20131212 2 3 4
20131212 2 1 5
20131212 5 1 2
20131212 1 2 4
20131212 9 7 2
20131212 2 9 5
20131212 8 1 5
20131212 8 5 2
20131212 2 9 7
20140101 1 5 4
20140101 9 3 1
20140101 3 5 7
20140101 5 2 9
20140101 3 7 8
20140101 5 1 9
20140101 6 3 5
20140101 4 2 1
20140101 4 3 7
20140101 1 3 7
20140101 8 1 3
20140102 3 7 4
20140102 4 2 9
20140102 7 2 9
20140102 9 7 1
20140102 1 2 6
20140102 2 5 4
20140102 7 3 1
20140102 5 6 8
20140102 7 1 3
20140102 1 2 7
20140102 9 1 2
20140103 2 5 9
20140103 2 9 5
20140103 3 9 1
20140103 7 2 9
20140103 2 4 5
20140103 7 1 8
20140103 5 3 4
20140103 6 4 3
20140103 5 9 2
20140103 5 1 9
20140103 2 5 6
20140103 2 3 7
20140118 3 6 4
20140118 1 5 2
20140118 3 5 1
20140118 7 1 4
20140118 2 7 4
20140118 4 7 3
20140118 2 9 6
20140118 9 7 1
20140118 1 7 2
20140118 5 9 2
20140119 2 4 3
20140119 3 7 1
20140119 3 4 6
20140119 5 1 4
20140119 1 7 4
20140119 2 3 9
20140119 1 2 3
20140119 7 2 5
20140119 2 9 7
20140119 9 8 3
20140120 5 4 1
20140120 6 1 2
20140120 4 6 7
20140120 3 5 1
20140120 1 4 7
20140120 9 3 4
20140120 3 2 7
20140120 2 7 5
20140120 1 6 5
20140120 5 3 2
20140202 3 7 6
20140202 5 2 8
20140202 1 5 9
20140202 7 9 3
20140202 7 9 3
20140202 3 7 4
20140202 3 7 5
20140202 2 5 3
20140202 1 5 7
20140202 3 9 5
20140202 5 7 3
20140203 5 7 2
20140203 6 5 7
20140203 9 3 5
20140203 9 2 1
20140203 1 5 3
20140203 3 4 2
20140203 4 2 5
20140203 4 7 2
20140203 1 9 7
20140203 1 5 9
20140203 7 2 4
20140204 5 4 3
20140204 1 7 5
20140204 2 7 6
20140204 3 6 5
20140204 9 2 7
20140204 1 5 7
20140204 5 1 7
20140204 6 3 2
20140204 7 2 9
20140204 9 1 8
20140204 4 9 6
20140219 4 9 3
20140219 7 1 4
20140219 8 7 5
20140219 9 3 1
20140219 1 7 9
20140219 7 8 6
20140219 2 1 9
20140219 4 3 5
20140219 1 5 9
20140219 2 1 5
20140219 5 6 3
20140220 2 5 3
20140220 8 1 3
20140220 6 1 9
20140220 2 7 5
20140220 7 2 5
20140220 5 6 3
20140220 3 5 7
20140220 2 5 1
20140220 1 2 9
20140220 1 5 2
20140220 3 7 6
20140221 6 1 3
20140221 1 2 7
20140221 8 9 3
20140221 7 8 2
20140221 7 1 6
20140221 2 5 9
20140221 5 1 7
20140221 2 1 7
20140221 7 9 1
20140221 5 1 4
20140221 3 9 1
20140308 1 3 4
20140308 1 6 3
20140308 1 5 3
20140308 5 1 3
20140308 7 1 4
20140308 2 4 7
20140308 7 9 3
20140308 7 2 9
20140308 1 5 3
20140308 4 2 5
20140308 7 4 2
20140309 1 3 4
20140309 3 1 7
20140309 3 4 2
20140309 6 4 2
20140309 5 2 7
20140309 1 8 7
20140309 1 8 7
20140309 1 7 3
20140309 1 5 3
20140310 3 4 1
20140310 7 2 4
20140310 5 4 7
20140310 2 4 3
20140310 1 5 7
20140310 5 7 2
20140310 2 5 9
20140310 9 7 5
20140310 2 9 4
20140310 7 3 1
20140310 7 3 5
20140314 5 3 2
20140314 5 2 3
20140314 1 4 2
20140314 3 4 5
20140314 1 3 7
20140314 1 9 7
20140314 5 7 4
20140314 7 2 1
20140314 1 7 9
20140314 2 4 6
20140315 4 1 7
20140315 7 5 4
20140315 1 5 6
20140315 7 2 1
20140315 5 7 1
20140315 2 7 1
20140315 7 6 3
20140315 2 1 7
20140315 2 7 9
20140315 7 1 5
20140316 1 5 3
20140316 5 3 2
20140316 4 7 1
20140316 4 2 7
20140316 5 1 4
20140316 3 5 1
20140316 4 1 3
20140316 1 2 5
20140316 4 7 5
