20111214 9 3 4
20111214 7 1 5
20111214 9 3 1
20111214 5 2 7
20111214 2 1 6
20111214 9 4 6
20111214 1 7 2
20111214 9 2 1
20111214 7 2 5
20111214 3 2 1
20111214 3 7 4
20111214 1 8 7
20111215 2 7 3
20111215 2 5 7
20111215 5 3 4
20111215 7 3 8
20111215 7 2 9
20111215 1 7 3
20111215 3 7 2
20111215 2 7 4
20111215 2 9 6
20111215 3 6 7
20111215 1 9 2
20111215 9 1 4
20111216 3 7 4
20111216 9 2 5
20111216 7 2 9
20111216 1 2 3
20111216 7 4 1
20111216 6 5 1
20111216 6 5 7
20111216 2 4 5
20111216 1 2 7
20111216 3 2 7
20111216 9 2 7
20111216 1 9 3
20111216 7 1 9
20120104 5 1 3
20120104 5 1 7
20120104 2 3 4
20120104 5 3 1
20120104 1 7 6
20120104 7 9 3
20120104 7 1 5
20120104 5 2 9
20120104 6 5 3
20120104 9 1 5
20120104 5 7 1
20120105 2 3 4
20120105 4 2 1
20120105 1 4 6
20120105 1 7 2
20120105 5 2 6
20120105 7 9 2
20120105 3 7 8
20120105 8 7 5
20120105 9 2 3
20120105 9 3 2
20120105 9 7 6
20120105 1 2 7
20120106 1 7 5
20120106 1 5 2
20120106 2 7 4
20120106 2 5 7
20120106 4 7 2
20120106 1 3 7
20120106 7 2 8
20120106 1 8 5
20120106 1 5 4
20120106 1 8 2
20120106 4 6 5
20120121 7 4 3
20120121 4 2 3
20120121 5 2 7
20120121 1 5 7
20120121 5 3 4
20120121 3 5 7
20120121 9 1 2
20120121 7 3 2
20120121 2 9 3
20120121 7 2 3
20120121 2 3 8
20120122 7 6 1
20120122 1 2 4
20120122 2 4 6
20120122 5 3 2
20120122 1 3 6
20120122 7 4 2
20120122 2 7 5
20120122 6 3 1
20120122 1 4 6
20120122 2 3 4
20120122 7 1 4
20120123 6 3 5
20120123 2 1 7
20120123 5 7 1
20120123 2 7 3
20120123 3 1 5
20120123 3 1 5
20120123 3 7 4
20120123 2 6 3
20120123 1 7 9
20120123 1 9 3
20120123 5 1 9
20120131 1 7 3
20120131 1 4 5
20120131 3 7 4
20120131 7 2 4
20120131 5 1 3
20120131 1 2 5
20120131 1 5 9
20120131 1 7 5
20120131 1 3 2
20120131 7 2 9
20120131 9 4 2
20120201 1 7 3
20120201 3 5 1
20120201 4 2 1
20120201 5 1 3
20120201 5 1 2
20120201 1 7 8
20120201 1 7 2
20120201 5 1 8
20120201 9 2 3
20120201 2 7 4
20120201 7 1 2
20120225 2 4 1
20120225 5 7 3
20120225 5 2 4
20120225 1 7 4
20120225 2 5 4
20120225 3 7 9
20120225 7 5 8
20120225 7 2 1
20120225 4 7 3
20120225 1 7 3
20120225 9 2 6
20120226 4 7 1
20120226 1 3 4
20120226 4 3 5
20120226 5 3 7
20120226 4 7 2
20120226 1 2 7
20120226 7 3 1
20120226 1 7 9
20120226 4 2 8
20120226 1 9 7
20120226 1 7 5
20120227 4 1 5
20120227 3 2 7
20120227 7 1 5
20120227 1 7 6
20120227 3 5 7
20120227 2 4 1
20120227 1 9 3
20120227 1 2 9
20120227 7 3 9
20120227 4 1 3
20120227 9 7 1
20120227 9 7 5
20120324 5 9 3
20120324 2 4 9
20120324 3 6 5
20120324 1 5 7
20120324 7 2 3
20120324 9 3 7
20120324 5 1 9
20120324 1 5 6
20120324 5 4 3
20120324 2 9 1
20120324 7 2 1
20120325 3 5 2
20120325 2 6 1
20120325 5 7 1
20120325 3 1 7
20120325 3 7 4
20120325 9 4 2
20120325 3 9 7
20120325 1 5 2
20120325 5 7 9
20120325 5 1 3
20120325 4 7 1
20120326 9 2 1
20120326 1 8 3
20120326 9 3 1
20120326 4 1 7
20120326 3 1 6
20120326 3 7 4
20120326 4 3 2
20120326 1 7 3
20120326 1 7 9
20120326 7 1 9
20120326 1 3 2
20120327 9 2 4
20120327 5 2 3
20120327 7 3 4
20120327 7 1 5
20120327 7 1 9
20120327 2 7 6
20120327 7 3 9
20120327 7 3 6
20120327 1 9 5
20120327 3 1 6
20120327 4 1 5
20120427 7 1 9
20120427 9 8 3
20120427 2 6 7
20120427 7 1 5
20120427 1 3 5
20120427 8 1 3
20120427 1 9 2
20120427 2 7 9
20120427 3 7 9
20120427 2 5 9
20120427 1 5 9
20120427 5 3 7
20120428 5 3 1
20120428 1 5 9
20120428 7 1 5
20120428 8 6 1
20120428 1 6 8
20120428 5 1 3
20120428 2 1 8
20120428 9 1 5
20120428 1 9 6
20120428 3 2 6
20120428 9 3 5
20120428 4 1 9
20120429 8 7 9
20120429 2 5 1
20120429 8 2 9
20120429 4 3 8
20120429 1 4 7
20120429 9 7 4
20120429 4 2 7
20120429 4 1 7
20120429 3 1 8
20120429 3 5 1
20120429 5 3 1
20120429 3 2 8
20120430 1 7 3
20120430 3 2 9
20120430 1 5 4
20120430 3 8 2
20120430 2 7 1
20120430 3 8 9
20120430 2 4 5
20120430 3 9 5
20120430 9 2 1
20120430 7 3 2
20120430 5 2 7
20120506 2 5 7
20120506 3 5 2
20120506 5 4 2
20120506 7 1 3
20120506 2 4 5
20120506 7 2 5
20120506 5 9 3
20120506 4 9 2
20120506 5 1 2
20120506 5 1 9
20120506 7 9 1
20120506 5 9 3
20120507 3 7 2
20120507 2 5 7
20120507 1 5 7
20120507 2 3 1
20120507 4 5 2
20120507 2 6 9
20120507 7 1 5
20120507 3 9 5
20120507 7 6 2
20120507 4 2 7
20120507 9 1 3
20120508 2 4 3
20120508 1 6 2
20120508 5 4 3
20120508 1 2 5
20120508 2 7 4
20120508 7 2 9
20120508 9 1 2
20120508 3 4 7
20120508 7 5 1
20120508 9 3 1
20120508 6 9 2
20120517 5 1 2
20120517 4 2 5
20120517 5 3 6
20120517 7 3 5
20120517 5 2 7
20120517 7 3 6
20120517 3 9 5
20120517 7 5 2
20120517 2 7 3
20120517 9 5 2
20120517 5 3 4
20120518 4 7 5
20120518 2 7 1
20120518 1 6 7
20120518 5 7 3
20120518 4 5 7
20120518 9 2 3
20120518 2 4 7
20120518 2 1 9
20120518 1 3 2
20120518 1 8 2
20120518 5 9 3
20120519 2 7 3
20120519 1 3 4
20120519 1 2 7
20120519 2 7 5
20120519 2 3 5
20120519 3 7 5
20120519 1 9 5
20120519 3 5 9
20120519 8 2 3
20120519 5 1 2
20120519 7 8 2
20120626 3 5 7
20120626 3 7 5
20120626 1 4 2
20120626 5 7 1
20120626 2 3 5
20120626 3 5 7
20120626 9 1 2
20120626 4 8 5
20120626 1 7 4
20120626 1 9 7
20120626 6 7 1
20120626 4 1 7
20120627 7 1 6
20120627 3 5 7
20120627 1 3 5
20120627 4 1 3
20120627 7 4 1
20120627 1 5 7
20120627 2 7 4
20120627 9 7 2
20120627 3 2 6
20120627 1 7 9
20120627 5 7 9
20120628 5 1 3
20120628 4 1 5
20120628 1 5 2
20120628 7 4 6
20120628 4 1 5
20120628 3 4 1
20120628 1 3 5
20120628 2 1 9
20120628 9 1 7
20120628 1 3 5
20120628 3 8 1
20120703 5 2 6
20120703 1 3 7
20120703 7 1 3
20120703 1 5 7
20120703 9 1 6
20120703 5 9 4
20120703 2 7 5
20120703 5 9 3
20120703 2 7 4
20120703 1 5 3
20120703 1 7 4
20120704 3 9 1
20120704 7 3 9
20120704 1 6 9
20120704 2 7 1
20120704 2 7 9
20120704 7 2 9
20120704 2 6 8
20120704 8 3 6
20120704 3 9 7
20120704 1 6 7
20120704 5 9 3
20120705 9 3 8
20120705 9 6 5
20120705 5 2 9
20120705 9 1 5
20120705 2 5 4
20120705 9 4 5
20120705 4 6 7
20120705 6 2 3
20120705 4 1 6
20120705 3 9 5
20120705 3 4 2
20120801 9 5 3
20120801 3 5 1
20120801 3 7 2
20120801 1 9 5
20120801 3 7 9
20120801 1 6 2
20120801 2 5 4
20120801 5 2 7
20120801 5 1 3
20120801 4 9 7
20120801 8 6 9
20120802 8 3 1
20120802 3 1 5
20120802 2 9 3
20120802 2 1 3
20120802 1 5 7
20120802 3 1 5
20120802 4 9 2
20120802 7 4 1
20120802 7 1 9
20120802 7 2 1
20120802 6 1 5
20120803 9 2 7
20120803 9 3 2
20120803 3 1 4
20120803 5 3 9
20120803 1 9 5
20120803 3 5 9
20120803 1 4 2
20120803 5 7 3
20120803 2 3 7
20120803 1 8 5
20120803 2 3 5
20120810 5 1 7
20120810 5 2 1
20120810 1 4 7
20120810 1 7 4
20120810 3 1 7
20120810 2 1 7
20120810 3 1 9
20120810 5 1 6
20120810 9 5 1
20120810 2 5 7
20120810 2 4 7
20120810 7 1 6
20120811 1 5 7
20120811 5 1 2
20120811 2 5 7
20120811 5 2 7
20120811 1 3 4
20120811 5 1 3
20120811 2 8 7
20120811 2 4 9
20120811 1 2 9
20120811 1 5 8
20120811 1 5 7
20120812 5 1 7
20120812 4 7 2
20120812 4 1 7
20120812 4 2 5
20120812 1 2 4
20120812 5 9 1
20120812 9 7 8
20120812 9 2 7
20120812 5 4 9
20120812 2 7 1
20120812 7 1 9
20120910 3 1 9
20120910 9 2 1
20120910 4 1 7
20120910 2 9 7
20120910 1 9 7
20120910 1 8 9
20120910 7 1 4
20120910 7 3 2
20120910 6 1 7
20120910 5 3 1
20120910 8 3 1
20120911 5 2 9
20120911 3 9 2
20120911 7 2 9
20120911 1 5 9
20120911 2 6 3
20120911 4 9 1
20120911 7 3 5
20120911 8 1 3
20120911 9 7 1
20120911 3 8 1
20120911 9 3 7
20120912 7 2 9
20120912 4 3 8
20120912 8 7 1
20120912 1 7 2
20120912 9 6 2
20120912 5 1 8
20120912 2 3 5
20120912 3 2 6
20120912 4 9 5
20120912 1 7 5
20120912 1 5 8
20120926 3 7 2
20120926 5 1 3
20120926 5 7 1
20120926 2 4 6
20120926 4 2 7
20120926 7 2 4
20120926 1 7 8
20120926 2 9 4
20120926 9 2 3
20120926 2 5 4
20120926 7 8 1
20120927 2 1 7
20120927 5 2 6
20120927 7 1 2
20120927 3 5 4
20120927 7 2 4
20120927 1 9 7
20120927 5 3 9
20120927 5 1 8
20120927 2 5 8
20120927 3 7 2
20120927 1 5 6
20120928 7 4 2
20120928 7 2 3
20120928 5 2 4
20120928 4 2 5
20120928 3 4 6
20120928 3 5 2
20120928 1 9 3
20120928 1 2 9
20120928 2 3 9
20120928 7 3 1
20120928 1 3 7
20121003 5 9 3
20121003 9 3 2
20121003 7 5 9
20121003 8 2 1
20121003 1 8 2
20121003 9 3 6
20121003 5 1 9
20121003 3 9 2
20121003 5 8 3
20121003 2 7 1
20121003 7 2 1
20121003 1 2 7
20121004 9 2 5
20121004 3 7 2
20121004 9 2 3
20121004 9 3 2
20121004 5 2 7
20121004 9 1 5
20121004 7 1 6
20121004 6 1 5
20121004 1 5 4
20121004 5 1 9
20121004 3 6 8
20121005 7 2 5
20121005 5 3 9
20121005 9 6 3
20121005 1 2 9
20121005 2 1 7
20121005 1 2 9
20121005 4 3 7
20121005 9 2 7
20121005 5 3 8
20121005 1 9 3
20121005 1 9 8
20121105 1 3 5
20121105 5 7 8
20121105 6 5 9
20121105 2 4 5
20121105 2 1 5
20121105 7 8 9
20121105 2 9 5
20121105 5 2 6
20121105 1 7 2
20121105 9 3 5
20121105 5 3 7
20121106 2 3 5
20121106 9 5 2
20121106 1 7 6
20121106 7 1 3
20121106 7 1 8
20121106 3 5 1
20121106 2 1 5
20121106 2 3 7
20121106 3 2 7
20121106 9 5 7
20121106 1 7 8
20121106 9 1 7
20121107 1 3 5
20121107 6 3 4
20121107 5 7 3
20121107 9 2 5
20121107 5 3 7
20121107 1 4 5
20121107 1 5 4
20121107 5 2 8
20121107 3 7 5
20121107 5 4 3
20121107 6 9 4
20121107 7 3 1
20121221 7 5 1
20121221 1 4 2
20121221 5 1 2
20121221 1 5 3
20121221 2 1 7
20121221 7 5 2
20121221 7 5 1
20121221 1 2 9
20121221 9 5 1
20121221 2 5 7
20121221 7 1 9
20121222 2 4 7
20121222 5 2 4
20121222 5 3 2
20121222 7 3 5
20121222 7 3 1
20121222 2 8 5
20121222 2 8 7
20121222 2 6 7
20121222 1 5 2
20121222 7 2 5
20121222 9 7 4
20121223 5 1 7
20121223 4 5 7
20121223 7 4 2
20121223 1 2 4
20121223 2 5 3
20121223 7 3 5
20121223 2 5 8
20121223 7 8 2
20121223 2 9 5
20121223 1 3 2
20121223 4 1 6
20121225 3 1 5
20121225 5 1 7
20121225 7 1 4
20121225 3 7 4
20121225 7 2 4
20121225 5 3 8
20121225 1 3 5
20121225 5 1 2
20121225 7 2 5
20121225 3 7 2
20121225 1 9 2
20121226 7 1 4
20121226 2 5 3
20121226 1 7 2
20121226 1 7 5
20121226 1 5 4
20121226 2 4 3
20121226 2 3 9
20121226 9 3 5
20121226 9 1 5
20121226 9 4 2
20121226 7 1 3
20121226 7 1 6
20121227 1 4 6
20121227 1 2 5
20121227 1 7 3
20121227 4 2 7
20121227 4 5 7
20121227 5 1 4
20121227 3 2 5
20121227 7 8 5
20121227 5 9 3
20121227 5 2 1
20121227 5 2 3
20130101 3 7 4
20130101 4 6 3
20130101 1 5 2
20130101 2 1 5
20130101 3 5 4
20130101 4 2 8
20130101 9 5 1
20130101 1 7 3
20130101 7 1 3
20130101 1 6 4
20130101 6 9 2
20130102 7 3 5
20130102 1 3 2
20130102 7 3 5
20130102 3 5 2
20130102 7 1 2
20130102 1 2 7
20130102 4 1 2
20130102 7 2 4
20130102 1 7 5
20130102 3 7 2
20130102 9 5 2
20130103 1 7 2
20130103 3 6 4
20130103 1 6 7
20130103 6 3 7
20130103 6 4 3
20130103 3 1 5
20130103 2 7 9
20130103 5 1 7
20130103 5 2 1
20130103 4 3 5
20130103 1 7 8
20130114 1 6 5
20130114 4 1 7
20130114 7 3 5
20130114 1 4 6
20130114 3 1 4
20130114 6 3 2
20130114 5 3 7
20130114 1 9 5
20130114 2 7 5
20130114 9 1 5
20130114 6 7 4
20130115 7 3 5
20130115 1 5 6
20130115 5 7 1
20130115 4 5 2
20130115 1 3 5
20130115 5 9 1
20130115 9 2 1
20130115 2 5 7
20130115 9 5 7
20130115 1 5 9
20130115 1 7 9
20130116 5 3 4
20130116 5 3 2
20130116 4 2 5
20130116 5 4 6
20130116 5 6 4
20130116 9 4 3
20130116 9 4 5
20130116 6 7 3
20130116 7 3 9
20130116 7 1 3
20130116 5 1 3
20130116 8 3 9
20130204 5 2 7
20130204 5 2 3
20130204 4 2 5
20130204 1 7 3
20130204 5 2 3
20130204 2 7 4
20130204 3 2 6
20130204 7 1 9
20130204 1 7 4
20130204 1 7 8
20130204 7 1 6
20130205 2 4 7
20130205 4 1 2
20130205 3 5 4
20130205 4 2 7
20130205 2 1 7
20130205 3 4 1
20130205 1 7 9
20130205 6 1 9
20130205 3 9 5
20130205 2 4 7
20130205 4 1 9
20130206 1 4 7
20130206 4 5 2
20130206 7 5 6
20130206 5 4 1
20130206 1 3 2
20130206 5 3 6
20130206 5 3 2
20130206 2 5 7
20130206 3 5 9
20130206 7 8 1
20130206 5 7 2
20130226 7 3 5
20130226 7 3 2
20130226 3 5 6
20130226 2 5 3
20130226 1 7 2
20130226 2 9 5
20130226 7 5 6
20130226 4 1 7
20130226 1 2 9
20130226 6 3 1
20130226 2 4 8
20130227 7 3 5
20130227 7 2 3
20130227 2 6 3
20130227 2 7 4
20130227 2 5 3
20130227 4 7 3
20130227 9 1 5
20130227 5 3 1
20130227 1 3 9
20130227 9 3 4
20130227 2 6 4
20130227 2 6 9
20130228 2 6 3
20130228 7 3 1
20130228 7 1 6
20130228 6 2 5
20130228 7 4 6
20130228 1 5 3
20130228 3 9 5
20130228 5 3 1
20130228 2 4 6
20130228 1 5 8
20130228 3 5 1
20130304 2 3 9
20130304 1 5 7
20130304 7 9 3
20130304 7 9 1
20130304 2 5 3
20130304 9 8 1
20130304 9 1 7
20130304 1 9 5
20130304 1 2 7
20130304 7 2 4
20130304 7 3 2
20130305 3 9 1
20130305 1 2 5
20130305 7 1 5
20130305 3 5 6
20130305 3 5 1
20130305 6 3 9
20130305 9 6 1
20130305 1 5 9
20130305 2 3 9
20130305 8 5 9
20130305 1 9 5
20130306 3 9 7
20130306 1 2 6
20130306 1 5 4
20130306 3 1 5
20130306 9 3 5
20130306 2 4 5
20130306 1 5 3
20130306 8 9 4
20130306 3 7 8
20130306 9 1 2
20130306 1 6 4
20130328 1 3 7
20130328 1 5 4
20130328 3 5 7
20130328 4 1 6
20130328 7 4 3
20130328 5 2 7
20130328 5 1 4
20130328 1 4 7
20130328 9 2 5
20130328 2 7 9
20130328 6 2 3
20130329 3 6 7
20130329 2 7 1
20130329 1 3 5
20130329 2 7 4
20130329 5 1 3
20130329 5 4 2
20130329 7 3 1
20130329 9 5 7
20130329 7 3 2
20130329 7 3 8
20130329 9 5 1
20130330 1 4 5
20130330 5 1 3
20130330 1 2 3
20130330 1 3 2
20130330 2 7 1
20130330 6 1 2
20130330 7 4 5
20130330 9 3 4
20130330 2 8 5
20130330 7 4 8
20130330 7 5 1
20130330 1 3 7
20130402 2 7 1
20130402 2 7 1
20130402 1 4 6
20130402 5 4 6
20130402 1 4 7
20130402 5 3 9
20130402 5 9 1
20130402 2 7 5
20130402 5 4 3
20130402 1 5 6
20130403 3 5 7
20130403 1 3 5
20130403 4 1 7
20130403 7 1 5
20130403 2 5 4
20130403 9 2 5
20130403 2 5 9
20130403 7 1 5
20130403 1 3 4
20130403 7 3 5
20130404 1 7 5
20130404 3 1 4
20130404 5 2 1
20130404 3 5 7
20130404 2 3 7
20130404 1 4 3
20130404 9 6 2
20130404 5 2 8
20130404 5 1 9
20130404 2 5 3
20130410 5 1 7
20130410 1 3 5
20130410 2 5 3
20130410 5 3 4
20130410 3 5 1
20130410 9 2 7
20130410 2 4 3
20130410 3 5 9
20130410 1 7 2
20130410 4 5 6
20130411 1 4 2
20130411 2 7 4
20130411 7 1 3
20130411 3 5 4
20130411 5 6 3
20130411 7 1 9
20130411 5 2 3
20130411 1 2 9
20130411 9 7 2
20130411 1 9 5
20130412 5 3 4
20130412 2 3 4
20130412 2 3 4
20130412 1 4 2
20130412 7 4 2
20130412 2 1 9
20130412 3 5 1
20130412 2 4 1
20130412 7 2 3
20130412 9 1 3
20130519 9 2 6
20130519 3 7 1
20130519 1 7 2
20130519 7 8 2
20130519 1 5 8
20130519 5 3 7
20130519 9 1 8
20130519 1 9 2
20130519 1 9 3
20130519 4 3 9
20130519 1 2 5
20130519 7 1 4
20130520 4 3 9
20130520 9 1 6
20130520 2 7 5
20130520 2 4 1
20130520 9 5 3
20130520 5 3 7
20130520 1 9 3
20130520 2 1 9
20130520 2 9 7
20130520 1 8 7
20130520 2 7 5
20130521 2 4 3
20130521 3 7 5
20130521 1 6 9
20130521 7 1 3
20130521 7 1 5
20130521 3 5 1
20130521 7 1 5
20130521 7 4 3
20130521 7 5 9
20130521 1 8 2
20130521 8 9 3
20130521 1 6 4
20130524 4 5 1
20130524 5 2 7
20130524 5 3 1
20130524 4 3 1
20130524 3 4 5
20130524 2 4 1
20130524 4 3 6
20130524 2 9 5
20130524 8 2 3
20130524 3 7 5
20130524 5 1 2
20130524 2 6 3
20130525 4 3 7
20130525 1 2 7
20130525 2 3 6
20130525 7 3 2
20130525 5 1 4
20130525 7 3 2
20130525 3 2 4
20130525 1 5 2
20130525 5 4 3
20130525 3 2 5
20130525 9 7 1
20130525 3 5 6
20130526 1 3 5
20130526 1 6 3
20130526 3 6 4
20130526 4 1 2
20130526 3 4 6
20130526 5 7 4
20130526 3 8 5
20130526 4 8 2
20130526 9 1 4
20130526 2 9 7
20130526 5 3 2
20130526 3 8 9
20130620 5 3 7
20130620 2 1 6
20130620 1 5 8
20130620 7 3 2
20130620 4 7 1
20130620 9 6 5
20130620 2 4 7
20130620 5 9 2
20130620 1 7 5
20130620 3 5 7
20130620 1 4 3
20130621 1 7 2
20130621 9 1 7
20130621 2 3 4
20130621 2 5 1
20130621 1 5 4
20130621 7 1 4
20130621 3 9 1
20130621 9 1 7
20130621 5 7 3
20130621 7 3 9
20130621 2 9 5
20130622 1 7 5
20130622 1 4 7
20130622 9 7 3
20130622 2 1 3
20130622 1 7 9
20130622 8 9 2
20130622 1 5 3
20130622 5 4 2
20130622 4 6 9
20130622 5 3 2
20130622 3 8 6
20130626 4 5 7
20130626 1 3 4
20130626 4 2 5
20130626 7 3 4
20130626 1 4 5
20130626 9 1 2
20130626 3 5 1
20130626 3 9 4
20130626 9 1 7
20130626 5 7 2
20130627 4 3 2
20130627 5 2 7
20130627 1 4 6
20130627 7 3 2
20130627 4 1 5
20130627 5 7 3
20130627 2 3 9
20130627 7 3 2
20130627 9 3 5
20130627 2 5 4
20130628 1 2 5
20130628 7 4 1
20130628 7 4 1
20130628 3 1 2
20130628 4 1 3
20130628 2 8 7
20130628 8 2 7
20130628 9 7 3
20130628 5 3 9
20130628 5 6 9
20130628 3 9 7
20130709 1 5 3
20130709 5 3 2
20130709 4 3 5
20130709 1 5 3
20130709 2 4 5
20130709 3 5 1
20130709 5 3 7
20130709 5 2 3
20130709 9 5 7
20130709 5 6 8
20130710 5 2 7
20130710 7 5 2
20130710 1 7 2
20130710 3 1 4
20130710 4 1 7
20130710 5 6 1
20130710 7 1 4
20130710 4 9 5
20130710 7 3 9
20130710 2 1 9
20130711 1 2 6
20130711 3 7 5
20130711 7 1 3
20130711 5 4 6
20130711 1 4 7
20130711 7 3 6
20130711 9 1 3
20130711 5 8 6
20130711 2 4 1
20130711 1 7 5
20130823 1 6 5
20130823 3 6 1
20130823 3 6 5
20130823 5 7 1
20130823 5 1 3
20130823 5 2 3
20130823 4 3 7
20130823 2 1 5
20130823 2 7 4
20130823 1 7 3
20130823 2 9 1
20130823 1 9 4
20130823 8 6 3
20130824 7 4 3
20130824 7 1 4
20130824 5 1 3
20130824 5 3 6
20130824 2 7 3
20130824 6 2 3
20130824 7 5 3
20130824 1 5 3
20130824 9 6 2
20130824 3 7 2
20130824 9 7 3
20130824 5 1 2
20130825 1 5 4
20130825 1 5 2
20130825 4 5 7
20130825 1 5 3
20130825 5 2 1
20130825 3 6 5
20130825 5 2 9
20130825 9 5 6
20130825 3 6 2
20130825 7 1 9
20130825 4 3 1
20130825 6 3 2
20130908 9 7 2
20130908 1 7 2
20130908 9 7 3
20130908 5 1 2
20130908 5 7 3
20130908 7 1 9
20130908 7 2 4
20130908 7 1 2
20130908 5 7 3
20130908 3 7 1
20130908 3 5 1
20130909 3 2 1
20130909 9 5 1
20130909 4 3 5
20130909 2 1 7
20130909 7 9 4
20130909 2 4 1
20130909 5 3 2
20130909 2 3 6
20130909 9 3 7
20130909 3 5 4
20130909 5 6 7
20130910 2 6 1
20130910 5 2 6
20130910 4 5 7
20130910 7 3 9
20130910 3 1 7
20130910 1 5 2
20130910 3 7 5
20130910 1 4 6
20130910 5 9 3
20130910 1 4 8
20130910 7 1 6
20130911 4 7 6
20130911 5 2 6
20130911 7 1 4
20130911 7 5 1
20130911 1 9 6
20130911 3 7 5
20130911 2 5 4
20130911 4 2 7
20130911 4 1 8
20130911 7 9 1
20130911 2 4 7
20131009 2 9 7
20131009 9 1 3
20131009 9 3 5
20131009 1 5 3
20131009 9 5 1
20131009 1 7 2
20131009 9 3 7
20131009 1 2 3
20131009 7 1 4
20131009 2 7 9
20131009 9 5 3
20131010 3 1 6
20131010 2 9 4
20131010 2 7 3
20131010 7 5 1
20131010 7 1 9
20131010 1 5 3
20131010 2 4 7
20131010 1 5 9
20131010 2 3 9
20131010 2 7 5
20131010 2 4 8
20131011 3 5 6
20131011 2 9 5
20131011 2 8 1
20131011 7 1 9
20131011 7 1 2
20131011 7 2 3
20131011 7 1 5
20131011 3 8 5
20131011 5 7 3
20131011 1 7 3
20131011 2 7 3
20131016 3 1 7
20131016 5 3 7
20131016 1 7 6
20131016 9 1 2
20131016 7 1 2
20131016 9 3 5
20131016 2 4 9
20131016 9 5 8
20131016 5 1 3
20131016 3 7 5
20131016 8 2 3
20131017 5 9 3
20131017 1 8 5
20131017 3 2 1
20131017 3 9 5
20131017 5 3 7
20131017 5 2 3
20131017 4 3 7
20131017 2 7 9
20131017 7 3 5
20131017 1 5 9
20131017 1 2 7
20131018 3 4 6
20131018 6 4 5
20131018 1 3 4
20131018 4 1 9
20131018 1 7 4
20131018 1 5 7
20131018 7 2 5
20131018 3 1 4
20131018 1 7 5
20131018 2 7 1
20131018 1 2 9
20131228 3 5 2
20131228 1 5 4
20131228 2 4 1
20131228 2 4 3
20131228 5 3 6
20131228 1 9 6
20131228 5 1 7
20131228 5 1 7
20131228 5 9 7
20131228 7 1 2
20131229 4 7 2
20131229 7 2 4
20131229 1 6 7
20131229 5 3 7
20131229 1 6 5
20131229 2 9 5
20131229 5 2 1
20131229 9 2 5
20131229 9 1 7
20131229 5 2 9
20131230 2 3 4
20131230 3 2 4
20131230 1 2 7
20131230 4 7 2
20131230 5 2 3
20131230 2 7 3
20131230 7 5 3
20131230 1 9 7
20131230 4 2 5
20131230 3 4 9
20140108 7 1 3
20140108 5 9 1
20140108 6 2 8
20140108 1 9 8
20140108 7 3 5
20140108 8 3 7
20140108 5 1 7
20140108 3 2 5
20140108 5 3 7
20140108 1 2 6
20140108 5 1 9
20140109 1 5 7
20140109 8 2 4
20140109 3 7 5
20140109 4 1 5
20140109 9 1 2
20140109 9 4 1
20140109 9 1 8
20140109 2 6 4
20140109 9 2 3
20140109 9 2 1
20140109 1 7 3
20140110 3 4 1
20140110 7 1 9
20140110 5 9 2
20140110 1 7 6
20140110 5 8 2
20140110 1 8 7
20140110 4 5 9
20140110 1 6 3
20140110 3 1 8
20140110 7 9 3
20140110 2 6 7
20140128 7 3 2
20140128 1 4 3
20140128 7 1 4
20140128 2 5 3
20140128 1 7 2
20140128 7 2 8
20140128 5 6 9
20140128 9 7 5
20140128 7 3 2
20140128 2 5 9
20140129 2 7 6
20140129 2 6 3
20140129 3 4 5
20140129 1 4 2
20140129 4 2 1
20140129 5 9 2
20140129 6 8 3
20140129 7 3 2
20140129 7 3 9
20140129 7 1 2
20140130 3 2 6
20140130 4 2 3
20140130 1 7 4
20140130 1 3 4
20140130 7 1 5
20140130 2 5 1
20140130 7 5 1
20140130 3 1 7
20140130 3 2 7
20140130 9 7 5
20140222 7 1 3
20140222 3 7 1
20140222 4 2 5
20140222 1 4 7
20140222 1 4 5
20140222 4 7 1
20140222 5 3 1
20140222 5 1 8
20140222 8 7 2
20140222 3 9 4
20140222 5 2 9
20140222 1 4 2
20140223 4 2 3
20140223 7 2 3
20140223 5 7 1
20140223 3 2 7
20140223 4 2 1
20140223 4 2 3
20140223 1 6 5
20140223 3 7 9
20140223 3 5 9
20140223 9 2 4
20140223 5 1 3
20140223 3 7 9
20140224 2 1 5
20140224 6 7 1
20140224 7 3 2
20140224 3 1 5
20140224 3 1 4
20140224 2 4 7
20140224 4 2 1
20140224 2 8 1
20140224 1 5 3
20140224 3 5 7
20140224 5 3 1
20140224 7 6 5
20140226 3 5 1
20140226 1 4 2
20140226 1 6 2
20140226 5 3 7
20140226 2 5 6
20140226 8 2 3
20140226 4 9 3
20140226 9 1 6
20140226 2 1 7
20140226 2 1 7
20140227 5 2 3
20140227 3 1 7
20140227 2 3 5
20140227 1 7 4
20140227 7 2 1
20140227 5 2 9
20140227 6 8 1
20140227 7 1 9
20140227 2 5 6
20140227 9 3 7
20140228 2 7 6
20140228 2 4 1
20140228 4 6 2
20140228 5 7 3
20140228 3 4 5
20140228 1 5 3
20140228 5 4 2
20140228 4 9 2
20140228 1 2 8
20140228 1 5 4
20140318 1 7 3
20140318 2 7 3
20140318 2 8 6
20140318 7 9 2
20140318 1 7 4
20140318 5 7 1
20140318 3 9 4
20140318 3 4 1
20140318 5 7 1
20140318 1 9 4
20140318 5 1 8
20140319 2 9 4
20140319 5 9 2
20140319 3 8 1
20140319 3 9 6
20140319 9 2 1
20140319 3 9 6
20140319 5 1 7
20140319 7 1 2
20140319 4 7 1
20140319 4 5 3
20140319 1 4 3
20140320 1 5 9
20140320 2 4 8
20140320 1 7 4
20140320 2 5 3
20140320 1 2 6
20140320 5 3 9
20140320 8 5 3
20140320 5 7 1
20140320 7 2 3
20140320 7 1 2
20140320 5 1 7
20140321 3 5 6
20140321 2 9 4
20140321 7 5 2
20140321 9 1 5
20140321 3 5 7
20140321 4 1 8
20140321 4 3 8
20140321 1 9 5
20140321 3 9 8
20140321 9 1 5
20140321 7 2 4
20140322 9 6 1
20140322 7 1 3
20140322 9 2 7
20140322 5 2 8
20140322 3 6 4
20140322 9 2 1
20140322 1 3 6
20140322 9 2 5
20140322 5 6 3
20140322 5 7 9
20140322 9 8 3
20140322 3 5 1
20140323 2 9 8
20140323 7 5 3
20140323 7 5 3
20140323 5 7 3
20140323 7 1 5
20140323 4 5 3
20140323 5 6 8
20140323 9 2 5
20140323 3 5 9
20140323 3 1 9
20140323 3 2 1
20140409 7 2 4
20140409 7 9 1
20140409 9 2 3
20140409 1 9 7
20140409 5 2 9
20140409 6 8 7
20140409 9 1 5
20140409 2 9 5
20140409 3 2 4
20140409 3 7 1
20140409 1 3 9
20140410 7 6 2
20140410 1 3 7
20140410 1 3 7
20140410 7 4 9
20140410 9 3 4
20140410 2 7 9
20140410 9 5 7
20140410 8 7 9
20140410 4 1 3
20140410 3 5 8
20140410 5 2 9
20140411 1 7 2
20140411 8 5 2
20140411 3 9 6
20140411 2 3 7
20140411 8 1 3
20140411 5 7 2
20140411 7 1 5
20140411 9 1 4
20140411 2 8 9
20140411 5 3 1
20140411 9 2 8
20140423 1 3 2
20140423 4 1 5
20140423 1 2 7
20140423 7 1 5
20140423 5 2 6
20140423 2 5 9
20140423 8 1 5
20140423 1 7 3
20140423 2 9 1
20140423 7 2 5
20140424 5 7 3
20140424 2 7 3
20140424 7 4 3
20140424 2 5 1
20140424 6 4 5
20140424 1 4 7
20140424 5 1 7
20140424 9 3 1
20140424 1 9 3
20140424 1 5 4
20140425 2 4 3
20140425 1 5 7
20140425 2 5 1
20140425 3 4 7
20140425 3 2 4
20140425 1 5 3
20140425 2 4 5
20140425 9 7 3
20140425 1 8 9
20140425 7 5 2
20140512 2 1 7
20140512 3 9 5
20140512 2 9 5
20140512 5 2 3
20140512 1 9 2
20140512 5 3 4
20140512 7 9 2
20140512 9 3 2
20140512 7 1 5
20140512 9 1 4
20140512 2 3 4
20140513 4 2 5
20140513 1 6 2
20140513 2 4 9
20140513 3 7 6
20140513 7 4 3
20140513 9 3 2
20140513 7 2 4
20140513 1 9 2
20140513 7 1 3
20140513 8 2 5
20140513 5 9 1
20140514 5 7 3
20140514 7 4 1
20140514 9 1 2
20140514 3 9 2
20140514 3 8 9
20140514 1 3 5
20140514 5 1 6
20140514 3 2 6
20140514 2 7 4
20140514 9 5 6
20140514 1 9 3
20140529 2 5 7
20140529 3 7 4
20140529 5 7 3
20140529 1 2 4
20140529 3 5 2
20140529 3 7 4
20140529 5 3 1
20140529 2 4 1
20140529 9 7 5
20140529 5 7 2
20140529 7 3 9
20140529 3 5 1
20140530 1 5 4
20140530 7 3 5
20140530 3 1 2
20140530 2 7 1
20140530 7 2 3
20140530 1 4 2
20140530 5 3 1
20140530 1 2 3
20140530 1 7 3
20140530 3 2 7
20140530 1 5 3
20140530 9 7 1
20140531 1 5 2
20140531 5 1 2
20140531 7 2 1
20140531 7 2 1
20140531 4 5 3
20140531 1 4 3
20140531 9 3 1
20140531 5 1 8
20140531 7 9 3
20140531 3 1 9
20140531 4 9 7
20140531 1 5 7
20140618 3 1 6
20140618 5 3 7
20140618 2 1 3
20140618 7 1 3
20140618 1 4 5
20140618 3 5 2
20140618 7 3 4
20140618 5 1 6
20140618 9 4 7
20140618 3 1 9
20140619 7 2 5
20140619 7 5 4
20140619 5 7 2
20140619 2 4 7
20140619 3 1 4
20140619 9 7 1
20140619 1 9 2
20140619 2 3 5
20140619 9 1 6
20140619 5 2 4
20140620 7 4 5
20140620 7 3 2
20140620 5 4 1
20140620 3 2 4
20140620 7 2 4
20140620 3 2 9
20140620 1 5 9
20140620 1 5 2
20140620 9 2 7
20140620 2 3 7
20140630 3 2 7
20140630 1 5 3
20140630 1 4 3
20140630 1 3 4
20140630 5 3 6
20140630 9 5 1
20140630 7 9 4
20140630 6 3 1
20140630 2 5 1
20140630 9 7 5
20140701 4 7 2
20140701 3 1 4
20140701 1 4 2
20140701 2 3 6
20140701 5 4 3
20140701 5 1 2
20140701 9 5 2
20140701 2 1 9
20140701 3 7 9
20140701 5 1 3
20140702 5 3 2
20140702 2 4 3
20140702 1 4 2
20140702 4 1 2
20140702 3 1 7
20140702 1 5 4
20140702 2 1 9
20140702 5 2 7
20140702 1 5 2
20140702 1 4 7
20140702 9 7 5
20140707 9 3 2
20140707 7 2 9
20140707 8 1 5
20140707 1 7 3
20140707 3 5 8
20140707 5 4 2
20140707 7 6 1
20140707 3 2 6
20140707 9 1 5
20140707 9 5 2
20140707 3 1 7
20140707 4 7 6
20140708 1 4 2
20140708 1 3 7
20140708 4 7 5
20140708 8 2 9
20140708 7 1 2
20140708 3 5 7
20140708 1 7 3
20140708 2 9 6
20140708 5 2 1
20140708 2 6 1
20140708 1 5 7
20140708 3 8 6
20140709 1 5 2
20140709 1 7 4
20140709 7 2 8
20140709 9 1 7
20140709 3 4 2
20140709 1 7 3
20140709 5 2 3
20140709 2 3 1
20140709 9 6 3
20140709 9 1 3
20140709 4 2 6
20140709 5 1 2
20140811 1 4 7
20140811 1 7 3
20140811 7 5 2
20140811 7 5 2
20140811 5 2 3
20140811 7 8 2
20140811 8 5 6
20140811 5 3 9
20140811 3 1 9
20140811 1 3 9
20140812 5 2 7
20140812 1 7 2
20140812 2 1 4
20140812 5 2 7
20140812 7 4 2
20140812 9 1 5
20140812 7 2 4
20140812 7 2 1
20140812 2 3 1
20140812 1 9 2
20140813 4 3 7
20140813 4 7 3
20140813 2 1 5
20140813 1 3 7
20140813 4 7 3
20140813 2 3 1
20140813 3 1 7
20140813 7 6 4
20140813 7 2 1
20140813 2 9 7
20140901 5 3 1
20140901 7 2 6
20140901 2 5 1
20140901 3 2 7
20140901 5 3 2
20140901 3 9 1
20140901 1 5 7
20140901 2 5 7
20140901 8 9 2
20140901 3 6 9
20140902 3 1 5
20140902 3 7 1
20140902 7 3 5
20140902 4 5 7
20140902 2 4 1
20140902 5 7 1
20140902 9 1 4
20140902 3 1 7
20140902 1 6 4
20140902 7 1 8
20140903 5 7 1
20140903 3 5 2
20140903 1 2 5
20140903 4 3 7
20140903 7 2 5
20140903 7 8 2
20140903 9 3 5
20140903 9 2 5
20140903 5 1 2
20140903 1 5 2
20141007 7 9 5
20141007 3 2 5
20141007 9 1 7
20141007 1 5 7
20141007 7 1 4
20141007 4 5 3
20141007 5 1 9
20141007 4 5 9
20141007 1 9 2
20141007 9 7 2
20141007 3 5 9
20141008 1 3 5
20141008 2 5 6
20141008 4 1 7
20141008 5 3 7
20141008 3 1 5
20141008 9 2 1
20141008 1 2 7
20141008 4 1 2
20141008 1 2 9
20141008 3 1 8
20141008 1 5 4
20141009 3 5 1
20141009 3 5 1
20141009 1 4 9
20141009 9 4 5
20141009 7 6 4
20141009 2 7 6
20141009 1 7 5
20141009 1 7 3
20141009 5 3 8
20141009 6 4 9
20141009 4 2 3
20141016 7 1 4
20141016 4 3 2
20141016 5 1 2
20141016 1 3 7
20141016 2 3 7
20141016 2 9 5
20141016 7 1 9
20141016 5 1 6
20141016 9 7 5
20141016 6 3 2
20141017 4 7 2
20141017 1 5 3
20141017 2 5 4
20141017 2 1 7
20141017 5 1 3
20141017 2 7 4
20141017 9 8 3
20141017 7 2 9
20141017 1 9 5
20141017 5 1 4
20141018 1 5 4
20141018 4 1 7
20141018 7 1 4
20141018 4 1 3
20141018 5 3 1
20141018 3 5 2
20141018 4 9 3
20141018 1 4 2
20141018 3 1 9
20141018 5 2 8
20141110 7 2 5
20141110 8 1 5
20141110 5 2 1
20141110 7 3 1
20141110 9 7 3
20141110 3 1 8
20141110 8 5 1
20141110 1 9 7
20141110 7 2 9
20141110 3 1 9
20141110 8 3 5
20141111 3 2 1
20141111 1 3 4
20141111 5 7 2
20141111 9 2 1
20141111 1 7 9
20141111 9 1 7
20141111 9 3 6
20141111 7 1 3
20141111 2 9 1
20141111 1 5 7
20141111 9 2 1
20141112 9 5 3
20141112 9 4 2
20141112 9 3 8
20141112 3 9 2
20141112 1 3 9
20141112 3 9 7
20141112 5 3 9
20141112 4 3 7
20141112 3 8 5
20141112 9 3 1
20141112 5 3 6
20141217 7 5 1
20141217 1 8 9
20141217 7 2 8
20141217 5 7 1
20141217 2 5 1
20141217 6 3 1
20141217 1 4 6
20141217 9 2 3
20141217 5 2 3
20141217 3 4 5
20141217 6 3 1
20141217 7 3 4
20141219 1 2 9
20141219 6 2 4
20141219 2 5 6
20141219 1 2 4
20141219 1 3 5
20141219 3 1 7
20141219 6 1 2
20141219 3 1 5
20141219 5 2 7
20141219 1 2 3
20141219 1 7 9
20141219 7 3 6
20141220 1 5 2
20141220 2 1 5
20141220 2 1 9
20141220 1 9 7
20141220 2 1 3
20141220 5 2 4
20141220 5 1 3
20141220 3 5 2
20141220 1 5 7
20141220 5 8 2
20141220 7 9 1
20141220 1 2 3
20141220 1 4 2
20150108 2 5 1
20150108 3 7 2
20150108 5 1 2
20150108 5 3 1
20150108 6 7 2
20150108 2 9 5
20150108 3 7 5
20150108 3 7 5
20150108 1 7 2
20150108 1 9 4
20150109 5 1 6
20150109 1 7 4
20150109 2 1 4
20150109 1 6 3
20150109 1 6 5
20150109 2 1 3
20150109 7 1 8
20150109 2 5 1
20150109 5 1 2
20150109 9 1 2
20150110 3 5 4
20150110 2 7 1
20150110 4 7 2
20150110 7 3 2
20150110 5 2 1
20150110 3 4 5
20150110 2 3 5
20150110 2 1 5
20150110 3 2 5
20150110 5 2 1
20150119 2 7 1
20150119 3 9 1
20150119 2 9 8
20150119 6 1 3
20150119 7 6 2
20150119 7 9 3
20150119 2 5 3
20150119 7 2 1
20150119 9 3 7
20150119 7 1 8
20150119 7 8 1
20150120 1 9 7
20150120 3 7 8
20150120 1 7 8
20150120 5 9 2
20150120 2 1 5
20150120 7 1 5
20150120 7 5 9
20150120 7 9 3
20150120 9 6 5
20150120 5 1 3
20150120 1 2 9
20150121 1 4 5
20150121 9 3 2
20150121 4 3 8
20150121 8 2 7
20150121 7 2 6
20150121 2 9 7
20150121 9 1 5
20150121 5 1 9
20150121 3 5 9
20150121 5 3 9
20150121 3 1 2
20150121 5 1 9
20150207 1 7 5
20150207 3 1 7
20150207 7 2 6
20150207 2 3 5
20150207 7 1 4
20150207 7 2 8
20150207 9 2 3
20150207 7 3 8
20150207 7 8 9
20150207 5 2 9
20150208 5 2 3
20150208 7 3 1
20150208 3 7 1
20150208 1 4 3
20150208 4 2 7
20150208 5 9 4
20150208 1 3 9
20150208 1 9 3
20150208 7 1 4
20150208 5 3 1
20150208 3 1 5
20150209 3 5 4
20150209 4 1 7
20150209 5 2 1
20150209 5 6 1
20150209 7 4 6
20150209 8 2 3
20150209 1 9 6
20150209 6 3 7
20150209 3 2 7
20150209 1 7 2
20150307 4 9 7
20150307 3 4 8
20150307 9 3 7
20150307 9 7 1
20150307 5 8 3
20150307 1 7 3
20150307 1 3 6
20150307 2 5 9
20150307 2 3 7
20150307 7 9 1
20150307 2 1 5
20150307 1 7 2
20150308 2 4 7
20150308 9 1 7
20150308 3 9 1
20150308 9 1 3
20150308 5 1 2
20150308 2 4 3
20150308 7 2 3
20150308 3 1 9
20150308 2 9 1
20150308 5 3 7
20150308 5 1 7
20150308 7 8 3
20150309 1 9 7
20150309 5 3 2
20150309 5 1 8
20150309 2 5 4
20150309 7 3 6
20150309 5 9 6
20150309 3 9 7
20150309 2 8 5
20150309 7 2 5
20150309 2 6 4
20150309 7 9 1
20150309 1 2 7
20150310 5 1 4
20150310 7 6 3
20150310 7 1 4
20150310 3 9 5
20150310 7 2 5
20150310 7 1 4
20150310 3 8 2
20150310 5 2 9
20150310 7 4 1
20150310 3 8 6
20150310 2 7 6
20150402 1 9 5
20150402 7 9 2
20150402 3 9 7
20150402 7 9 2
20150402 3 4 8
20150402 4 6 2
20150402 3 1 5
20150402 1 9 3
20150402 8 7 2
20150402 5 1 2
20150402 7 1 6
20150402 2 7 5
20150403 7 2 8
20150403 1 3 8
20150403 9 2 6
20150403 2 9 4
20150403 3 5 8
20150403 1 7 3
20150403 4 7 1
20150403 2 7 1
20150403 5 3 4
20150403 2 3 1
20150403 1 3 9
20150403 9 1 2
20150404 9 5 1
20150404 9 5 6
20150404 3 2 9
20150404 9 3 2
20150404 1 3 2
20150404 9 1 2
20150404 3 4 2
20150404 9 5 2
20150404 6 7 5
20150404 4 5 3
20150404 7 3 4
20150404 7 2 3
20150604 7 5 2
20150604 2 5 3
20150604 5 1 3
20150604 4 3 5
20150604 5 3 2
20150604 3 6 7
20150604 5 2 7
20150604 1 7 2
20150604 9 2 8
20150604 7 3 4
20150604 9 2 8
20150604 7 2 9
20150605 7 5 2
20150605 2 5 3
20150605 2 6 1
20150605 2 1 4
20150605 1 6 2
20150605 5 1 4
20150605 1 7 2
20150605 3 9 6
20150605 4 2 3
20150605 4 2 5
20150605 7 3 5
20150605 1 4 5
20150605 1 2 4
20150606 2 5 1
20150606 7 2 3
20150606 5 1 6
20150606 3 5 1
20150606 7 4 5
20150606 7 5 6
20150606 9 3 4
20150606 3 9 2
20150606 3 2 7
20150606 3 7 9
20150606 6 2 1
20150606 5 8 3
