20111208 3 7 4
20111208 7 4 2
20111208 3 2 5
20111208 9 3 5
20111208 9 2 7
20111208 8 1 5
20111208 1 9 2
20111208 9 1 5
20111208 7 1 5
20111208 2 7 9
20111208 9 1 3
20111208 3 4 1
20111209 5 1 9
20111209 1 4 3
20111209 9 1 2
20111209 3 5 7
20111209 1 7 5
20111209 9 1 5
20111209 3 8 5
20111209 2 6 8
20111209 7 8 3
20111209 7 9 1
20111209 7 8 6
20111209 1 5 4
20111210 3 5 8
20111210 9 2 3
20111210 1 5 7
20111210 4 3 7
20111210 3 9 1
20111210 3 5 4
20111210 2 7 8
20111210 7 2 4
20111210 5 9 4
20111210 1 7 4
20111210 5 2 9
20111210 1 5 8
20120112 3 1 5
20120112 7 3 1
20120112 1 5 4
20120112 2 1 7
20120112 2 7 4
20120112 7 9 2
20120112 1 7 5
20120112 5 1 3
20120112 5 3 1
20120112 7 5 2
20120112 3 7 5
20120112 8 5 3
20120113 4 3 1
20120113 4 1 2
20120113 4 7 3
20120113 3 1 5
20120113 3 5 1
20120113 7 1 5
20120113 9 8 3
20120113 3 8 5
20120113 1 8 3
20120113 5 7 3
20120113 5 7 2
20120113 5 1 9
20120114 2 5 1
20120114 2 5 7
20120114 4 5 3
20120114 3 5 6
20120114 4 1 7
20120114 7 4 5
20120114 5 7 2
20120114 1 8 7
20120114 3 6 7
20120114 2 5 6
20120114 7 2 9
20120114 1 6 9
20120128 9 1 2
20120128 5 3 1
20120128 1 7 9
20120128 7 4 3
20120128 1 3 5
20120128 4 3 6
20120128 5 6 7
20120128 2 9 7
20120128 8 7 9
20120128 4 1 7
20120128 7 1 9
20120128 9 5 1
20120129 6 5 2
20120129 3 2 7
20120129 9 3 7
20120129 3 5 8
20120129 2 5 9
20120129 7 5 1
20120129 9 2 8
20120129 7 2 3
20120129 5 1 9
20120129 1 7 6
20120129 2 3 5
20120129 7 1 9
20120130 5 7 4
20120130 2 1 6
20120130 7 3 8
20120130 7 2 5
20120130 1 7 2
20120130 1 3 4
20120130 1 4 7
20120130 9 1 5
20120130 3 2 7
20120130 7 1 4
20120130 5 3 4
20120130 3 1 2
20120209 5 1 3
20120209 5 2 3
20120209 5 2 3
20120209 3 2 1
20120209 1 7 2
20120209 7 1 3
20120209 1 2 6
20120209 5 3 7
20120209 1 2 7
20120209 1 5 2
20120209 1 8 5
20120210 7 1 4
20120210 5 2 7
20120210 7 5 4
20120210 5 4 7
20120210 3 5 4
20120210 3 5 7
20120210 2 3 9
20120210 2 9 8
20120210 7 5 1
20120210 7 3 4
20120210 1 7 3
20120210 1 5 7
20120211 4 5 2
20120211 1 4 2
20120211 3 4 5
20120211 6 4 2
20120211 7 3 2
20120211 5 7 9
20120211 7 3 4
20120211 7 5 3
20120211 9 4 7
20120211 5 9 1
20120211 3 9 7
20120215 7 2 4
20120215 3 5 7
20120215 5 3 7
20120215 3 5 1
20120215 1 4 6
20120215 2 3 4
20120215 2 7 5
20120215 2 4 3
20120215 2 9 8
20120215 1 9 7
20120215 7 2 3
20120215 2 1 9
20120216 3 5 1
20120216 2 4 6
20120216 4 2 1
20120216 2 7 5
20120216 5 2 3
20120216 2 5 6
20120216 2 5 1
20120216 2 7 3
20120216 2 9 3
20120216 1 8 9
20120216 5 1 3
20120217 7 4 2
20120217 3 2 4
20120217 2 7 4
20120217 4 5 2
20120217 6 1 5
20120217 7 2 9
20120217 1 9 7
20120217 3 2 9
20120217 9 6 3
20120217 7 3 1
20120217 4 9 3
20120308 2 7 6
20120308 7 1 5
20120308 5 2 1
20120308 2 4 5
20120308 3 2 1
20120308 2 1 9
20120308 9 6 3
20120308 2 8 9
20120308 1 5 2
20120308 2 7 3
20120308 1 6 5
20120309 1 5 4
20120309 4 1 7
20120309 4 7 3
20120309 4 3 5
20120309 1 2 6
20120309 7 2 3
20120309 7 2 3
20120309 5 8 1
20120309 8 9 7
20120309 2 7 5
20120309 7 3 5
20120310 5 1 3
20120310 3 7 6
20120310 5 7 4
20120310 6 1 4
20120310 7 1 2
20120310 4 2 5
20120310 9 1 7
20120310 3 5 1
20120310 9 2 1
20120310 1 6 2
20120310 1 9 8
20120321 7 5 4
20120321 2 5 4
20120321 1 4 6
20120321 2 4 1
20120321 7 3 4
20120321 9 4 5
20120321 7 2 8
20120321 7 9 5
20120321 3 7 8
20120321 5 1 9
20120321 2 7 3
20120322 5 4 2
20120322 1 2 7
20120322 3 5 2
20120322 3 4 5
20120322 5 4 7
20120322 6 2 9
20120322 2 4 9
20120322 2 3 9
20120322 5 9 3
20120322 7 2 1
20120322 7 2 1
20120323 4 1 7
20120323 1 4 2
20120323 4 1 2
20120323 7 3 5
20120323 4 1 5
20120323 5 1 2
20120323 7 1 2
20120323 9 5 6
20120323 3 5 2
20120323 3 5 8
20120323 2 1 9
20120323 4 1 7
20120328 3 6 1
20120328 5 1 7
20120328 5 7 1
20120328 1 7 5
20120328 9 3 2
20120328 7 9 3
20120328 1 8 9
20120328 7 2 5
20120328 7 9 6
20120328 7 2 5
20120329 5 1 4
20120329 7 5 2
20120329 2 1 6
20120329 4 7 3
20120329 3 5 4
20120329 5 7 2
20120329 1 7 5
20120329 3 9 4
20120329 3 2 1
20120329 7 1 9
20120329 1 9 5
20120329 1 9 7
20120330 5 3 4
20120330 6 1 4
20120330 5 7 1
20120330 5 3 7
20120330 3 6 1
20120330 6 5 1
20120330 1 3 9
20120330 4 1 9
20120330 1 3 5
20120330 4 8 2
20120330 1 5 9
20120423 7 2 5
20120423 2 1 8
20120423 5 3 2
20120423 5 3 9
20120423 7 2 9
20120423 1 7 4
20120423 2 5 9
20120423 7 2 4
20120423 7 1 2
20120423 8 2 9
20120423 7 5 3
20120423 5 1 2
20120424 3 2 5
20120424 5 1 2
20120424 5 4 6
20120424 4 3 2
20120424 2 5 3
20120424 1 5 4
20120424 5 1 6
20120424 7 6 1
20120424 1 5 3
20120424 3 7 5
20120424 9 1 2
20120424 5 1 9
20120425 7 1 2
20120425 5 1 7
20120425 9 1 5
20120425 2 5 7
20120425 2 7 5
20120425 2 4 7
20120425 2 7 1
20120425 9 2 3
20120425 7 9 3
20120425 6 7 2
20120425 6 7 3
20120425 1 4 5
20120425 7 1 2
20120501 1 7 5
20120501 3 5 2
20120501 7 2 3
20120501 5 2 4
20120501 3 1 5
20120501 1 9 2
20120501 1 5 3
20120501 1 9 7
20120501 3 9 4
20120501 2 5 3
20120501 9 1 7
20120502 2 4 7
20120502 3 4 2
20120502 3 2 1
20120502 4 5 1
20120502 2 7 1
20120502 7 3 1
20120502 7 3 5
20120502 5 6 7
20120502 1 9 5
20120502 5 2 3
20120502 2 4 6
20120503 4 2 3
20120503 2 4 1
20120503 2 5 3
20120503 3 7 4
20120503 2 1 4
20120503 9 3 7
20120503 2 3 9
20120503 7 9 2
20120503 4 3 9
20120503 7 3 2
20120503 9 2 7
20120523 9 7 2
20120523 5 1 9
20120523 3 5 9
20120523 9 2 1
20120523 2 9 5
20120523 6 2 7
20120523 7 1 9
20120523 2 3 5
20120523 5 9 2
20120523 9 2 3
20120523 1 7 2
20120523 1 4 9
20120524 3 5 9
20120524 3 1 6
20120524 3 2 1
20120524 5 1 4
20120524 5 2 4
20120524 6 4 3
20120524 7 5 1
20120524 9 2 3
20120524 3 4 7
20120524 8 1 2
20120524 3 2 9
20120524 7 1 3
20120525 2 8 7
20120525 5 2 1
20120525 3 9 7
20120525 5 7 9
20120525 1 7 4
20120525 8 2 4
20120525 5 3 9
20120525 8 2 4
20120525 9 4 3
20120525 3 7 2
20120525 1 9 8
20120525 1 9 6
20120601 5 7 4
20120601 7 5 1
20120601 4 3 1
20120601 3 6 1
20120601 1 4 3
20120601 7 2 8
20120601 5 6 3
20120601 7 3 9
20120601 3 7 2
20120601 9 2 3
20120601 9 5 3
20120602 2 5 1
20120602 7 3 5
20120602 3 4 2
20120602 5 2 4
20120602 2 4 7
20120602 1 7 5
20120602 3 8 1
20120602 5 2 9
20120602 9 1 5
20120602 3 9 5
20120602 1 9 3
20120603 3 4 2
20120603 7 3 4
20120603 4 2 5
20120603 3 5 1
20120603 4 6 1
20120603 4 3 5
20120603 1 9 5
20120603 9 7 1
20120603 9 7 3
20120603 5 1 2
20120603 3 7 5
20120603 5 1 8
20120629 3 7 1
20120629 1 5 6
20120629 3 9 6
20120629 2 3 1
20120629 5 7 1
20120629 1 9 4
20120629 7 1 9
20120629 5 8 3
20120629 2 9 6
20120629 3 1 7
20120629 3 1 6
20120630 5 7 1
20120630 1 2 5
20120630 2 9 5
20120630 9 7 1
20120630 1 5 2
20120630 5 7 4
20120630 9 3 5
20120630 7 1 3
20120630 2 1 7
20120630 2 3 1
20120630 1 2 3
20120701 1 4 6
20120701 7 9 1
20120701 2 9 3
20120701 1 6 9
20120701 2 3 9
20120701 2 9 3
20120701 5 1 7
20120701 5 2 6
20120701 1 5 3
20120701 7 4 1
20120701 1 5 8
20120702 3 9 7
20120702 2 1 5
20120702 9 2 8
20120702 5 2 7
20120702 2 7 3
20120702 4 2 6
20120702 8 4 3
20120702 2 9 3
20120702 5 7 9
20120702 6 8 9
20120702 7 1 5
20120717 7 4 3
20120717 1 2 7
20120717 5 4 1
20120717 4 7 2
20120717 2 5 6
20120717 4 9 2
20120717 7 3 2
20120717 1 5 2
20120717 5 2 7
20120717 1 9 3
20120717 2 6 1
20120718 7 3 4
20120718 5 3 1
20120718 1 3 5
20120718 5 7 1
20120718 3 7 5
20120718 7 3 2
20120718 7 1 9
20120718 2 4 3
20120718 5 4 1
20120718 7 9 2
20120718 1 3 7
20120719 3 5 4
20120719 1 7 5
20120719 3 2 7
20120719 7 5 4
20120719 7 4 5
20120719 3 7 4
20120719 5 7 3
20120719 4 5 2
20120719 6 1 3
20120719 3 9 5
20120719 1 5 7
20120816 5 3 7
20120816 4 2 1
20120816 1 3 7
20120816 1 5 3
20120816 7 3 2
20120816 9 2 5
20120816 2 1 3
20120816 2 7 3
20120816 9 7 5
20120816 7 2 5
20120816 3 1 7
20120817 1 4 3
20120817 7 5 1
20120817 5 4 3
20120817 1 3 7
20120817 7 3 4
20120817 3 9 6
20120817 5 9 2
20120817 2 9 6
20120817 2 5 3
20120817 9 3 7
20120817 9 1 2
20120818 5 2 6
20120818 1 4 5
20120818 5 2 4
20120818 4 7 2
20120818 7 2 3
20120818 2 7 1
20120818 9 4 3
20120818 1 2 5
20120818 2 1 5
20120818 7 2 4
20120818 6 5 1
20120819 5 2 1
20120819 1 7 5
20120819 2 4 6
20120819 4 3 1
20120819 5 1 7
20120819 7 9 2
20120819 1 5 3
20120819 4 9 3
20120819 1 3 2
20120819 1 5 2
20120819 2 7 4
20120820 7 5 3
20120820 3 7 4
20120820 4 7 1
20120820 2 7 5
20120820 1 7 4
20120820 2 7 1
20120820 5 7 1
20120820 2 9 1
20120820 7 5 2
20120820 5 1 7
20120820 1 9 2
20120821 7 2 4
20120821 1 4 5
20120821 2 5 7
20120821 7 2 4
20120821 5 7 2
20120821 9 1 3
20120821 5 7 8
20120821 1 4 5
20120821 1 2 8
20120821 1 5 3
20120821 5 1 9
20120919 4 3 1
20120919 3 7 6
20120919 4 3 6
20120919 3 2 5
20120919 1 5 6
20120919 1 7 5
20120919 9 3 7
20120919 3 7 5
20120919 1 9 5
20120919 5 1 8
20120919 1 7 9
20120920 3 1 4
20120920 4 2 5
20120920 1 7 4
20120920 5 7 2
20120920 4 3 7
20120920 7 2 4
20120920 9 7 3
20120920 7 6 3
20120920 5 9 7
20120920 3 5 1
20120920 3 9 7
20120921 7 4 3
20120921 7 3 2
20120921 5 7 1
20120921 7 4 2
20120921 5 4 2
20120921 7 5 9
20120921 7 1 2
20120921 9 3 1
20120921 3 5 7
20120921 9 1 5
20120921 1 7 5
20120923 5 2 3
20120923 9 3 2
20120923 5 7 2
20120923 3 7 4
20120923 1 2 7
20120923 5 9 6
20120923 7 2 5
20120923 7 5 2
20120923 7 1 2
20120923 2 9 3
20120923 2 5 8
20120923 2 9 5
20120924 9 2 8
20120924 7 5 1
20120924 8 5 1
20120924 3 5 4
20120924 1 2 3
20120924 1 7 5
20120924 5 1 8
20120924 5 7 3
20120924 9 7 2
20120924 2 9 3
20120924 3 7 2
20120925 1 8 5
20120925 1 9 4
20120925 4 3 9
20120925 2 7 1
20120925 3 1 9
20120925 5 4 7
20120925 9 1 4
20120925 6 9 1
20120925 3 5 7
20120925 3 9 8
20120925 3 5 8
20121010 2 5 7
20121010 7 3 4
20121010 4 1 7
20121010 3 1 4
20121010 1 7 2
20121010 7 5 9
20121010 9 5 7
20121010 3 7 1
20121010 2 9 3
20121010 1 5 8
20121010 6 2 8
20121011 1 7 4
20121011 5 4 3
20121011 4 5 2
20121011 5 3 1
20121011 7 1 5
20121011 1 9 7
20121011 6 1 5
20121011 2 9 5
20121011 9 1 5
20121011 3 4 1
20121011 2 5 7
20121011 5 2 7
20121012 1 5 7
20121012 1 3 5
20121012 3 1 5
20121012 3 6 4
20121012 1 6 7
20121012 2 8 7
20121012 6 5 4
20121012 1 7 9
20121012 4 3 1
20121012 2 9 5
20121012 2 5 1
20121029 7 1 3
20121029 3 7 5
20121029 2 3 4
20121029 1 2 4
20121029 1 5 7
20121029 9 2 1
20121029 3 5 2
20121029 7 9 1
20121029 7 3 5
20121029 7 4 2
20121029 3 7 1
20121030 3 1 4
20121030 7 1 2
20121030 4 1 3
20121030 3 6 5
20121030 7 3 5
20121030 2 4 9
20121030 9 1 5
20121030 6 2 1
20121030 7 2 1
20121030 9 3 7
20121030 1 9 6
20121031 5 2 4
20121031 3 7 4
20121031 1 4 6
20121031 5 2 1
20121031 2 7 3
20121031 2 5 7
20121031 2 1 7
20121031 9 1 2
20121031 7 2 8
20121031 7 1 9
20121031 7 1 3
20121113 2 9 7
20121113 3 7 5
20121113 7 3 1
20121113 2 5 7
20121113 1 9 5
20121113 7 5 2
20121113 1 5 2
20121113 5 1 6
20121113 1 2 7
20121113 5 2 1
20121113 7 1 4
20121114 3 4 5
20121114 2 7 3
20121114 7 5 2
20121114 5 3 4
20121114 2 1 9
20121114 2 5 1
20121114 1 3 6
20121114 9 2 8
20121114 4 2 8
20121114 8 1 6
20121114 3 7 2
20121115 2 3 4
20121115 7 1 4
20121115 7 2 1
20121115 6 7 5
20121115 7 1 5
20121115 7 2 5
20121115 5 7 6
20121115 7 2 5
20121115 5 3 8
20121115 2 1 7
20121115 1 9 5
20121213 4 3 7
20121213 2 5 3
20121213 2 5 9
20121213 2 5 9
20121213 5 9 7
20121213 2 4 5
20121213 2 4 6
20121213 9 3 1
20121213 3 9 2
20121213 2 3 5
20121213 7 1 9
20121213 5 2 4
20121214 3 1 5
20121214 7 3 2
20121214 3 2 5
20121214 1 4 5
20121214 2 3 1
20121214 5 7 2
20121214 1 4 3
20121214 9 4 3
20121214 1 8 7
20121214 7 5 1
20121214 2 9 7
20121215 2 3 7
20121215 2 5 9
20121215 1 9 3
20121215 5 1 2
20121215 9 1 5
20121215 7 2 5
20121215 1 4 2
20121215 1 9 7
20121215 5 1 2
20121215 1 3 8
20121215 3 2 4
20121229 5 7 2
20121229 1 5 4
20121229 1 5 7
20121229 1 3 4
20121229 3 1 7
20121229 4 5 3
20121229 7 2 9
20121229 3 9 1
20121229 1 5 2
20121229 7 3 4
20121229 9 5 2
20121229 9 2 5
20121230 5 2 7
20121230 2 3 1
20121230 2 3 7
20121230 5 1 4
20121230 2 3 5
20121230 9 2 3
20121230 3 9 2
20121230 5 1 7
20121230 7 4 3
20121230 5 2 9
20121230 9 2 1
20121231 2 1 4
20121231 1 4 3
20121231 5 7 3
20121231 2 4 1
20121231 3 4 6
20121231 9 5 2
20121231 3 9 4
20121231 1 8 3
20121231 9 4 3
20121231 1 2 3
20121231 3 8 5
20130109 1 5 7
20130109 7 9 5
20130109 7 3 9
20130109 5 3 2
20130109 5 6 9
20130109 6 4 2
20130109 2 7 9
20130109 3 8 9
20130109 9 2 5
20130109 3 7 1
20130109 1 2 3
20130110 1 7 9
20130110 3 1 8
20130110 2 9 6
20130110 7 4 6
20130110 1 9 2
20130110 7 4 1
20130110 5 3 6
20130110 7 8 5
20130110 5 2 3
20130110 1 3 5
20130110 5 1 3
20130111 6 7 9
20130111 7 9 1
20130111 7 1 8
20130111 1 7 2
20130111 9 2 1
20130111 2 4 7
20130111 2 7 6
20130111 2 9 8
20130111 2 6 5
20130111 8 1 3
20130111 5 1 3
20130117 1 4 5
20130117 3 4 1
20130117 2 1 5
20130117 4 5 2
20130117 4 1 5
20130117 7 8 9
20130117 9 5 4
20130117 9 4 2
20130117 1 7 5
20130117 5 2 9
20130117 3 9 1
20130118 1 2 6
20130118 5 1 3
20130118 3 2 5
20130118 5 1 4
20130118 3 7 5
20130118 1 9 5
20130118 2 9 7
20130118 3 7 8
20130118 5 7 3
20130118 5 2 1
20130118 1 2 3
20130119 4 2 6
20130119 7 4 1
20130119 3 1 4
20130119 7 1 5
20130119 7 3 5
20130119 5 3 8
20130119 6 3 2
20130119 3 4 2
20130119 3 1 2
20130119 3 9 4
20130119 5 1 8
20130215 1 4 6
20130215 4 5 1
20130215 7 3 4
20130215 3 2 7
20130215 2 5 7
20130215 6 7 2
20130215 7 3 1
20130215 5 3 9
20130215 3 9 6
20130215 1 9 4
20130215 7 6 5
20130216 2 5 7
20130216 3 2 7
20130216 4 7 2
20130216 5 2 4
20130216 1 3 2
20130216 9 5 2
20130216 8 3 9
20130216 3 9 5
20130216 9 3 5
20130216 7 4 5
20130216 3 5 9
20130216 1 7 9
20130217 1 2 3
20130217 4 6 1
20130217 6 7 3
20130217 7 4 6
20130217 3 1 2
20130217 9 2 5
20130217 3 7 8
20130217 7 3 1
20130217 7 3 2
20130217 7 1 8
20130217 3 1 2
20130325 2 7 9
20130325 2 9 5
20130325 3 4 2
20130325 9 7 8
20130325 7 2 9
20130325 8 3 1
20130325 3 1 7
20130325 3 4 7
20130325 4 6 1
20130325 4 7 1
20130325 9 2 5
20130326 9 2 7
20130326 8 3 5
20130326 9 1 5
20130326 7 3 2
20130326 7 1 8
20130326 7 1 2
20130326 1 4 5
20130326 5 7 8
20130326 2 9 3
20130326 1 5 3
20130326 5 1 2
20130327 1 9 6
20130327 2 4 3
20130327 3 9 5
20130327 2 1 9
20130327 9 2 1
20130327 5 3 2
20130327 1 5 9
20130327 4 2 3
20130327 7 1 4
20130327 2 6 9
20130327 1 2 4
20130406 7 2 1
20130406 2 1 7
20130406 5 1 4
20130406 5 3 7
20130406 7 2 3
20130406 7 5 3
20130406 1 2 3
20130406 9 1 8
20130406 7 1 4
20130406 1 5 7
20130407 1 5 2
20130407 4 5 7
20130407 5 7 1
20130407 4 7 2
20130407 5 7 1
20130407 3 7 9
20130407 9 1 3
20130407 9 2 3
20130407 5 1 2
20130407 9 7 3
20130408 5 2 7
20130408 1 4 3
20130408 5 2 7
20130408 7 3 4
20130408 7 3 2
20130408 2 9 7
20130408 5 7 1
20130408 7 5 1
20130408 5 2 3
20130408 4 7 6
20130423 5 1 7
20130423 1 5 2
20130423 3 7 2
20130423 2 1 3
20130423 9 4 3
20130423 1 6 2
20130423 5 7 2
20130423 9 1 6
20130423 7 1 4
20130423 3 5 9
20130423 5 1 2
20130424 7 3 4
20130424 3 6 8
20130424 4 3 2
20130424 5 2 1
20130424 7 2 9
20130424 9 3 6
20130424 5 9 6
20130424 5 7 2
20130424 2 8 6
20130424 7 1 2
20130424 8 2 6
20130425 7 2 1
20130425 1 2 4
20130425 2 4 7
20130425 2 7 4
20130425 7 1 3
20130425 8 2 7
20130425 5 3 4
20130425 9 1 8
20130425 3 5 9
20130425 7 4 3
20130425 7 9 5
20130425 8 9 5
20130503 7 5 4
20130503 1 5 3
20130503 4 2 5
20130503 2 5 7
20130503 5 3 7
20130503 7 3 5
20130503 5 7 2
20130503 7 5 8
20130503 1 5 9
20130503 4 8 7
20130504 7 3 6
20130504 2 4 6
20130504 2 3 7
20130504 5 4 3
20130504 1 4 5
20130504 2 8 3
20130504 3 5 7
20130504 1 2 7
20130504 9 7 2
20130504 9 1 3
20130505 1 2 7
20130505 7 3 4
20130505 5 2 7
20130505 1 5 3
20130505 2 3 5
20130505 3 8 2
20130505 2 5 8
20130505 5 9 2
20130505 3 9 7
20130505 7 1 8
20130706 2 4 1
20130706 7 1 4
20130706 2 1 9
20130706 1 7 4
20130706 1 4 5
20130706 7 3 4
20130706 8 2 9
20130706 5 1 8
20130706 7 1 4
20130706 2 9 5
20130706 6 9 2
20130707 9 7 5
20130707 9 5 3
20130707 2 9 7
20130707 8 5 9
20130707 1 2 7
20130707 1 9 5
20130707 5 3 9
20130707 2 4 1
20130707 2 5 7
20130707 2 9 4
20130707 5 1 2
20130708 7 5 9
20130708 2 7 4
20130708 9 1 3
20130708 7 2 3
20130708 3 9 5
20130708 1 8 4
20130708 9 1 8
20130708 9 6 2
20130708 7 3 9
20130708 9 4 3
20130708 3 9 8
20130729 4 1 5
20130729 2 1 5
20130729 3 1 2
20130729 5 3 1
20130729 2 4 3
20130729 7 1 3
20130729 5 1 2
20130729 9 2 7
20130729 5 1 3
20130729 1 6 4
20130730 3 1 7
20130730 3 2 4
20130730 3 6 5
20130730 4 2 7
20130730 7 4 5
20130730 7 4 1
20130730 2 3 9
20130730 5 9 3
20130730 5 1 2
20130730 7 1 9
20130731 7 1 6
20130731 5 1 7
20130731 2 4 7
20130731 2 4 7
20130731 1 4 5
20130731 1 5 4
20130731 3 1 4
20130731 2 1 7
20130731 7 8 9
20130731 6 9 7
20130731 3 5 1
20130807 2 5 6
20130807 5 9 1
20130807 1 3 9
20130807 3 8 7
20130807 2 9 3
20130807 5 2 7
20130807 6 2 7
20130807 2 7 9
20130807 4 9 1
20130807 3 7 4
20130807 5 1 7
20130808 9 3 5
20130808 4 1 7
20130808 1 4 6
20130808 6 3 9
20130808 7 2 1
20130808 9 1 3
20130808 7 2 5
20130808 2 4 6
20130808 5 1 9
20130808 4 5 3
20130808 3 9 1
20130809 5 6 1
20130809 2 8 5
20130809 9 8 1
20130809 3 1 5
20130809 9 3 1
20130809 2 5 1
20130809 9 3 7
20130809 1 3 7
20130809 5 9 1
20130809 1 4 3
20130809 5 7 2
20130819 7 9 1
20130819 2 7 3
20130819 9 3 5
20130819 5 2 7
20130819 2 9 1
20130819 7 3 9
20130819 3 7 9
20130819 1 9 5
20130819 7 2 1
20130819 7 3 2
20130819 9 2 8
20130820 5 1 8
20130820 1 7 4
20130820 5 9 7
20130820 1 9 4
20130820 5 1 3
20130820 9 2 8
20130820 9 5 4
20130820 3 5 9
20130820 4 5 2
20130820 2 9 3
20130820 7 1 5
20130821 7 1 2
20130821 5 9 1
20130821 5 9 4
20130821 5 4 2
20130821 3 5 8
20130821 3 4 7
20130821 2 6 7
20130821 2 7 6
20130821 7 3 1
20130821 5 2 8
20130821 1 7 5
20130821 7 1 5
20130821 5 7 9
20130831 2 7 9
20130831 7 9 1
20130831 1 5 2
20130831 1 5 8
20130831 1 5 3
20130831 3 8 4
20130831 5 3 6
20130831 7 9 2
20130831 9 8 7
20130831 3 1 9
20130831 1 9 7
20130901 3 9 4
20130901 1 9 2
20130901 7 8 2
20130901 1 7 2
20130901 5 4 3
20130901 5 2 1
20130901 9 1 2
20130901 9 3 4
20130901 6 8 5
20130901 5 7 8
20130901 7 3 8
20130902 5 2 7
20130902 3 5 7
20130902 7 3 4
20130902 4 9 2
20130902 3 7 2
20130902 7 3 5
20130902 6 4 1
20130902 4 9 3
20130902 9 2 5
20130902 5 7 2
20130902 1 9 3
20130903 5 4 2
20130903 2 7 8
20130903 1 9 3
20130903 2 4 5
20130903 7 1 3
20130903 8 3 2
20130903 7 1 5
20130903 1 9 7
20130903 9 5 2
20130903 1 2 5
20130903 1 9 8
20130918 1 7 3
20130918 2 1 3
20130918 3 5 1
20130918 4 5 7
20130918 5 2 4
20130918 3 5 7
20130918 5 9 2
20130918 7 2 1
20130918 5 7 1
20130918 7 2 3
20130919 1 3 6
20130919 3 4 2
20130919 6 5 2
20130919 5 1 7
20130919 1 3 7
20130919 9 1 5
20130919 5 9 1
20130919 2 7 5
20130919 2 9 1
20130919 9 3 7
20130920 1 3 5
20130920 2 1 3
20130920 3 2 4
20130920 5 1 2
20130920 3 4 7
20130920 7 9 2
20130920 2 5 6
20130920 4 3 5
20130920 4 3 8
20130920 7 2 3
20130920 2 9 4
20131002 1 3 7
20131002 7 5 1
20131002 2 1 3
20131002 3 1 7
20131002 5 7 2
20131002 2 9 5
20131002 7 5 1
20131002 5 1 7
20131002 5 9 3
20131002 7 4 1
20131003 7 1 3
20131003 7 3 6
20131003 3 7 2
20131003 5 1 4
20131003 1 2 7
20131003 7 1 3
20131003 2 9 1
20131003 1 5 9
20131003 5 7 9
20131003 5 1 7
20131004 5 4 2
20131004 2 6 5
20131004 4 2 5
20131004 1 3 5
20131004 1 2 5
20131004 9 7 3
20131004 2 1 7
20131004 7 5 8
20131004 2 1 9
20131004 1 5 7
20131020 7 1 4
20131020 1 2 4
20131020 5 3 1
20131020 3 2 1
20131020 2 1 7
20131020 3 7 2
20131020 4 5 2
20131020 5 1 9
20131020 2 6 9
20131020 1 7 8
20131021 3 5 4
20131021 1 5 7
20131021 2 1 6
20131021 7 1 5
20131021 3 2 5
20131021 8 1 3
20131021 3 1 5
20131021 8 3 7
20131021 2 7 8
20131021 9 2 1
20131022 1 4 3
20131022 3 1 4
20131022 2 3 5
20131022 2 5 3
20131022 5 2 1
20131022 7 4 3
20131022 7 2 1
20131022 9 7 8
20131022 9 2 7
20131022 8 1 5
20131022 1 5 8
20131119 1 7 6
20131119 5 1 7
20131119 4 1 3
20131119 7 2 5
20131119 3 7 2
20131119 3 8 9
20131119 3 8 2
20131119 1 5 2
20131119 7 1 8
20131119 1 5 9
20131120 4 2 6
20131120 7 1 2
20131120 5 1 4
20131120 5 3 7
20131120 2 5 6
20131120 7 2 1
20131120 5 1 2
20131120 2 9 5
20131120 3 5 9
20131120 2 3 7
20131121 3 4 6
20131121 3 6 1
20131121 7 1 3
20131121 2 1 5
20131121 4 2 3
20131121 5 1 8
20131121 3 4 7
20131121 1 4 7
20131121 4 1 7
20131121 8 5 2
20131121 2 9 8
20131203 3 5 9
20131203 4 2 7
20131203 7 3 8
20131203 9 3 2
20131203 7 1 9
20131203 2 1 7
20131203 2 7 5
20131203 7 2 1
20131203 1 9 4
20131203 5 8 4
20131203 2 1 3
20131204 5 9 2
20131204 1 3 7
20131204 6 1 2
20131204 3 9 1
20131204 1 5 7
20131204 3 9 5
20131204 3 6 8
20131204 7 9 3
20131204 2 7 1
20131204 1 5 6
20131204 9 2 4
20131205 4 9 1
20131205 5 2 3
20131205 3 1 5
20131205 5 1 9
20131205 7 1 5
20131205 2 6 4
20131205 5 1 2
20131205 5 1 7
20131205 1 3 8
20131205 2 6 9
20131205 9 7 5
20131205 3 2 4
20131225 3 1 5
20131225 2 5 7
20131225 5 3 4
20131225 1 7 3
20131225 1 4 7
20131225 2 7 9
20131225 1 3 5
20131225 9 2 7
20131225 9 7 2
20131225 3 5 8
20131225 7 3 1
20131226 4 7 1
20131226 3 5 6
20131226 5 7 2
20131226 2 3 6
20131226 1 5 3
20131226 1 9 3
20131226 5 2 7
20131226 7 5 1
20131226 1 4 3
20131226 9 7 4
20131227 1 5 2
20131227 1 5 7
20131227 1 3 7
20131227 2 1 7
20131227 5 1 2
20131227 7 1 4
20131227 3 5 4
20131227 3 4 5
20131227 3 9 7
20131227 3 9 1
20140104 4 2 5
20140104 7 3 1
20140104 3 5 7
20140104 7 4 1
20140104 1 3 2
20140104 3 5 1
20140104 3 4 2
20140104 1 3 5
20140104 2 7 1
20140104 7 5 2
20140105 1 7 3
20140105 7 5 3
20140105 3 1 4
20140105 2 7 6
20140105 2 5 6
20140105 7 4 1
20140105 6 5 9
20140105 2 5 9
20140105 5 1 2
20140105 7 1 3
20140105 7 1 9
20140106 3 5 6
20140106 3 1 2
20140106 3 2 7
20140106 4 1 5
20140106 4 3 1
20140106 2 9 1
20140106 4 7 1
20140106 1 8 2
20140106 3 9 8
20140106 5 8 7
20140205 2 9 4
20140205 3 5 9
20140205 2 3 6
20140205 1 7 9
20140205 1 3 2
20140205 1 3 7
20140205 6 5 2
20140205 3 5 8
20140205 3 6 9
20140205 2 9 7
20140205 8 7 1
20140205 6 8 1
20140206 6 1 9
20140206 1 2 3
20140206 3 9 2
20140206 1 4 7
20140206 7 6 2
20140206 9 2 7
20140206 8 7 4
20140206 9 2 3
20140206 4 5 1
20140206 9 7 1
20140206 5 2 6
20140207 7 8 5
20140207 7 2 8
20140207 3 9 5
20140207 2 5 8
20140207 2 7 5
20140207 5 3 7
20140207 8 3 2
20140207 7 2 8
20140207 1 5 3
20140207 5 1 9
20140207 2 9 7
20140311 4 1 6
20140311 1 2 5
20140311 3 1 4
20140311 5 1 4
20140311 2 7 4
20140311 5 1 8
20140311 3 9 2
20140311 9 3 1
20140311 1 9 6
20140311 9 8 3
20140312 1 3 2
20140312 1 3 4
20140312 4 7 2
20140312 2 1 3
20140312 3 7 1
20140312 7 2 4
20140312 5 7 9
20140312 9 2 5
20140312 9 3 1
20140313 2 1 7
20140313 1 2 3
20140313 5 2 7
20140313 1 7 2
20140313 1 5 7
20140313 9 2 7
20140313 1 9 2
20140313 9 1 3
20140313 3 2 9
20140313 3 1 9
20140328 1 5 3
20140328 3 2 5
20140328 9 7 4
20140328 2 5 7
20140328 9 3 2
20140328 1 2 7
20140328 4 7 1
20140328 2 7 5
20140328 5 3 2
20140328 1 7 2
20140328 3 7 6
20140329 9 3 5
20140329 7 1 6
20140329 2 7 5
20140329 2 3 1
20140329 7 5 9
20140329 7 9 5
20140329 3 5 4
20140329 2 3 8
20140329 4 8 3
20140329 9 2 4
20140329 2 7 8
20140329 5 7 9
20140330 1 9 2
20140330 1 2 3
20140330 3 4 5
20140330 3 4 9
20140330 7 2 8
20140330 7 5 1
20140330 9 7 8
20140330 9 2 5
20140330 5 7 1
20140330 1 3 4
20140330 5 7 9
20140330 2 9 1
20140416 1 3 4
20140416 1 5 3
20140416 1 5 6
20140416 3 4 6
20140416 4 6 1
20140416 5 2 9
20140416 3 1 7
20140416 5 1 2
20140416 1 5 7
20140416 2 5 8
20140417 1 5 6
20140417 7 2 4
20140417 7 3 2
20140417 7 4 3
20140417 1 2 7
20140417 1 6 4
20140417 1 9 3
20140417 3 1 2
20140417 9 7 1
20140417 7 5 3
20140418 1 2 7
20140418 2 5 3
20140418 2 6 7
20140418 1 4 5
20140418 1 4 3
20140418 7 5 2
20140418 1 2 5
20140418 1 5 2
20140418 9 1 3
20140418 1 4 2
20140418 4 1 2
20140505 2 7 3
20140505 7 1 9
20140505 3 1 4
20140505 1 5 2
20140505 5 1 2
20140505 2 8 9
20140505 3 8 4
20140505 9 3 5
20140505 2 5 4
20140505 7 1 5
20140505 4 2 8
20140506 8 2 3
20140506 9 7 5
20140506 5 1 7
20140506 3 9 1
20140506 5 7 3
20140506 9 1 5
20140506 2 7 3
20140506 3 5 9
20140506 7 1 4
20140506 1 7 9
20140506 9 7 1
20140507 9 3 1
20140507 7 9 1
20140507 3 6 5
20140507 3 9 2
20140507 7 3 8
20140507 8 2 5
20140507 3 7 2
20140507 4 5 6
20140507 8 7 3
20140507 9 7 2
20140507 8 1 5
20140602 1 3 7
20140602 7 3 5
20140602 1 3 4
20140602 7 3 2
20140602 5 3 4
20140602 7 5 2
20140602 9 2 6
20140602 1 5 3
20140602 9 3 1
20140602 4 5 9
20140603 1 3 7
20140603 3 1 7
20140603 3 1 7
20140603 1 7 5
20140603 7 1 2
20140603 7 5 1
20140603 7 1 5
20140603 3 2 7
20140603 9 1 5
20140604 6 1 3
20140604 3 1 5
20140604 3 2 4
20140604 6 7 5
20140604 3 4 6
20140604 9 7 3
20140604 1 2 9
20140604 2 9 1
20140604 3 2 5
20140604 1 8 5
20140604 8 1 5
20140626 7 5 3
20140626 1 5 7
20140626 2 3 7
20140626 3 7 5
20140626 7 2 5
20140626 3 2 8
20140626 7 5 3
20140626 7 5 3
20140626 1 9 2
20140626 7 2 5
20140627 5 7 1
20140627 2 5 7
20140627 7 4 3
20140627 1 7 3
20140627 1 4 7
20140627 2 5 7
20140627 3 5 8
20140627 7 2 1
20140627 5 1 7
20140627 1 7 2
20140628 2 5 3
20140628 1 7 2
20140628 4 3 2
20140628 7 1 5
20140628 5 3 7
20140628 1 9 3
20140628 7 1 9
20140628 1 2 3
20140628 4 1 5
20140628 2 9 1
20140714 8 9 2
20140714 2 5 8
20140714 9 4 2
20140714 9 7 2
20140714 8 3 6
20140714 2 3 1
20140714 3 7 4
20140714 1 9 7
20140714 5 2 7
20140714 7 1 4
20140714 7 9 1
20140714 3 7 9
20140715 2 1 4
20140715 9 1 6
20140715 5 1 7
20140715 9 1 7
20140715 1 9 5
20140715 7 1 4
20140715 2 7 1
20140715 8 7 2
20140715 7 8 4
20140715 6 2 7
20140715 3 2 1
20140715 5 1 2
20140716 9 2 5
20140716 2 8 4
20140716 1 7 9
20140716 9 1 5
20140716 6 1 7
20140716 9 1 3
20140716 7 1 4
20140716 1 7 9
20140716 5 4 3
20140716 3 9 4
20140716 7 1 5
20140716 1 8 4
20140825 1 3 9
20140825 9 3 1
20140825 2 5 8
20140825 7 3 4
20140825 1 5 7
20140825 7 5 9
20140825 4 2 7
20140825 1 7 9
20140825 1 7 4
20140825 9 5 7
20140825 1 4 9
20140826 1 9 6
20140826 2 5 1
20140826 3 2 7
20140826 7 3 9
20140826 1 5 7
20140826 7 1 2
20140826 9 2 1
20140826 2 5 7
20140826 2 5 3
20140826 1 2 9
20140826 7 3 5
20140827 1 9 6
20140827 4 8 2
20140827 3 8 4
20140827 3 7 8
20140827 9 2 5
20140827 3 7 1
20140827 9 2 3
20140827 2 1 5
20140827 1 3 9
20140827 3 7 1
20140827 5 2 1
20140920 9 2 6
20140920 9 6 2
20140920 8 2 9
20140920 5 2 3
20140920 7 9 5
20140920 6 2 9
20140920 7 9 2
20140920 3 5 4
20140920 2 8 3
20140920 3 1 8
20140920 2 6 1
20140920 1 5 3
20140920 9 6 3
20140921 9 7 1
20140921 5 9 3
20140921 9 4 3
20140921 2 9 4
20140921 9 1 2
20140921 1 5 3
20140921 1 5 9
20140921 1 9 7
20140921 9 5 4
20140921 9 7 5
20140921 2 5 1
20140921 1 4 6
20140922 5 4 2
20140922 7 5 4
20140922 2 5 8
20140922 9 7 1
20140922 9 1 4
20140922 2 4 3
20140922 5 7 1
20140922 3 7 1
20140922 7 4 2
20140922 5 2 9
20140922 3 1 2
20140922 9 3 7
20140923 9 7 3
20140923 1 5 3
20140923 4 9 3
20140923 7 2 4
20140923 1 3 2
20140923 1 4 7
20140923 3 5 1
20140923 3 2 1
20140923 5 1 2
20140923 7 3 6
20140923 6 3 5
20141022 4 3 2
20141022 7 1 5
20141022 2 4 1
20141022 1 5 7
20141022 3 7 5
20141022 6 3 2
20141022 6 1 4
20141022 7 5 9
20141022 7 2 1
20141022 1 5 7
20141022 1 5 7
20141022 1 7 5
20141022 8 3 4
20141023 7 4 3
20141023 1 7 5
20141023 4 3 6
20141023 7 2 3
20141023 1 2 4
20141023 1 4 6
20141023 5 2 4
20141023 1 5 8
20141023 1 3 9
20141023 9 3 1
20141023 2 6 1
20141023 7 2 4
20141024 5 6 4
20141024 2 1 5
20141024 4 2 1
20141024 5 3 4
20141024 2 6 5
20141024 1 5 7
20141024 1 9 7
20141024 9 5 4
20141024 4 5 1
20141024 5 4 1
20141024 1 3 9
20141024 3 5 8
20141024 4 1 9
20141031 1 7 9
20141031 2 3 1
20141031 5 9 1
20141031 2 5 6
20141031 1 5 7
20141031 4 2 7
20141031 2 9 5
20141031 5 9 2
20141031 7 1 9
20141031 2 5 1
20141031 4 7 8
20141101 5 7 1
20141101 1 5 4
20141101 2 6 3
20141101 3 9 4
20141101 3 7 9
20141101 9 1 5
20141101 2 5 3
20141101 6 1 2
20141101 5 9 1
20141101 5 9 7
20141101 7 3 5
20141101 7 1 9
20141102 3 5 9
20141102 8 1 5
20141102 9 3 5
20141102 2 9 1
20141102 5 1 3
20141102 9 8 3
20141102 2 5 1
20141102 7 6 3
20141102 3 2 8
20141102 3 8 2
20141102 1 8 3
20141102 8 7 5
20141104 2 3 4
20141104 5 1 3
20141104 1 3 5
20141104 5 2 4
20141104 7 5 2
20141104 7 4 5
20141104 5 2 7
20141104 8 7 1
20141104 2 4 5
20141104 1 2 7
20141104 1 3 5
20141104 7 1 2
20141105 2 5 3
20141105 3 1 5
20141105 2 7 3
20141105 4 3 2
20141105 2 4 1
20141105 1 6 7
20141105 1 3 4
20141105 1 5 2
20141105 4 9 5
20141105 1 9 2
20141105 3 9 1
20141105 1 5 3
20141106 1 4 2
20141106 7 5 1
20141106 3 1 2
20141106 5 1 7
20141106 7 3 6
20141106 7 2 4
20141106 3 5 4
20141106 5 9 2
20141106 3 7 4
20141106 2 5 1
20141106 3 5 1
20141106 5 8 6
20141210 1 2 3
20141210 3 2 1
20141210 3 2 8
20141210 9 2 5
20141210 7 2 5
20141210 9 1 5
20141210 5 7 2
20141210 5 9 3
20141210 1 7 2
20141210 5 3 7
20141210 4 6 3
20141211 9 7 1
20141211 9 3 2
20141211 2 9 5
20141211 4 7 9
20141211 7 4 2
20141211 2 6 1
20141211 5 1 9
20141211 1 5 8
20141211 1 3 9
20141211 7 3 5
20141211 1 3 5
20141212 4 9 3
20141212 7 1 4
20141212 3 6 9
20141212 7 2 8
20141212 5 3 2
20141212 1 3 5
20141212 3 2 7
20141212 9 3 2
20141212 1 9 4
20141212 9 2 1
20141226 5 4 7
20141226 2 4 3
20141226 7 1 4
20141226 2 7 3
20141226 5 4 7
20141226 3 7 5
20141226 2 7 1
20141226 2 1 9
20141226 4 7 6
20141227 7 5 1
20141227 7 2 5
20141227 4 1 5
20141227 3 6 4
20141227 4 2 3
20141227 7 4 8
20141227 1 5 9
20141227 7 1 9
20141227 5 2 9
20141227 1 5 7
20141228 1 3 5
20141228 5 1 2
20141228 1 4 7
20141228 3 5 2
20141228 4 2 1
20141228 5 1 4
20141228 9 6 1
20141228 3 1 6
20141228 9 5 1
20141228 5 1 2
20150101 1 9 3
20150101 3 5 7
20150101 7 2 3
20150101 2 3 4
20150101 7 4 1
20150101 2 9 5
20150101 5 3 8
20150101 1 5 6
20150101 9 1 7
20150101 3 7 2
20150101 5 3 4
20150102 3 4 6
20150102 2 9 6
20150102 1 9 2
20150102 2 5 3
20150102 1 3 7
20150102 1 7 9
20150102 5 1 4
20150102 2 9 3
20150102 2 7 9
20150102 1 3 9
20150102 2 1 3
20150103 3 5 1
20150103 1 7 2
20150103 7 9 3
20150103 5 1 7
20150103 1 7 9
20150103 8 1 5
20150103 7 2 5
20150103 5 1 8
20150103 3 5 8
20150103 3 1 2
20150103 2 7 4
20150204 1 4 3
20150204 4 2 1
20150204 5 7 1
20150204 1 5 3
20150204 1 7 4
20150204 3 4 9
20150204 3 7 2
20150204 6 5 9
20150204 1 6 7
20150204 3 4 2
20150205 7 3 6
20150205 5 3 4
20150205 5 2 6
20150205 3 5 4
20150205 4 2 5
20150205 4 9 3
20150205 9 4 3
20150205 8 7 4
20150205 7 9 6
20150205 2 1 9
20150205 9 5 7
20150206 3 5 2
20150206 2 4 1
20150206 3 4 5
20150206 6 4 1
20150206 7 4 3
20150206 9 4 1
20150206 1 2 3
20150206 2 3 8
20150206 3 2 9
20150206 5 3 9
20150216 1 2 3
20150216 4 7 2
20150216 7 5 2
20150216 1 6 7
20150216 5 2 3
20150216 7 5 9
20150216 7 5 1
20150216 5 2 8
20150216 6 5 1
20150216 3 5 2
20150217 1 5 2
20150217 4 2 1
20150217 5 6 3
20150217 5 3 4
20150217 7 1 2
20150217 9 1 4
20150217 7 3 9
20150217 9 1 7
20150217 3 4 1
20150217 5 3 8
20150218 3 4 2
20150218 3 7 4
20150218 2 5 1
20150218 1 4 3
20150218 4 3 7
20150218 8 5 9
20150218 9 6 2
20150218 6 4 3
20150218 5 2 3
20150218 9 3 7
20150314 1 5 3
20150314 5 1 2
20150314 1 3 5
20150314 4 2 1
20150314 2 5 4
20150314 5 7 2
20150314 2 5 7
20150314 3 5 2
20150314 2 1 4
20150314 1 5 2
20150314 5 1 2
20150315 3 5 7
20150315 2 4 5
20150315 7 2 1
20150315 1 5 3
20150315 3 5 2
20150315 9 3 1
20150315 5 6 8
20150315 3 9 1
20150315 7 1 5
20150315 7 5 1
20150315 2 5 7
20150316 7 2 1
20150316 1 3 4
20150316 3 4 1
20150316 3 1 2
20150316 5 3 6
20150316 2 5 4
20150316 3 9 5
20150316 8 9 1
20150316 4 9 3
20150316 6 9 7
20150326 1 7 2
20150326 1 2 3
20150326 5 3 7
20150326 7 3 1
20150326 4 1 6
20150326 9 3 5
20150326 7 1 9
20150326 3 1 5
20150326 5 1 9
20150326 2 7 3
20150327 4 5 7
20150327 3 2 1
20150327 5 2 3
20150327 7 3 2
20150327 4 1 3
20150327 1 3 2
20150327 1 7 5
20150327 3 9 1
20150327 5 8 3
20150327 7 9 5
20150328 2 5 7
20150328 2 4 6
20150328 7 2 3
20150328 7 1 3
20150328 1 3 7
20150328 7 8 2
20150328 5 7 3
20150328 2 4 9
20150328 8 6 3
20150328 2 6 5
20150423 5 2 7
20150423 3 5 2
20150423 3 2 1
20150423 7 3 5
20150423 3 1 4
20150423 4 5 1
20150423 5 3 2
20150423 5 1 8
20150423 1 7 2
20150423 5 9 1
20150424 7 2 1
20150424 7 2 3
20150424 5 4 3
20150424 3 1 5
20150424 3 5 4
20150424 4 2 1
20150424 3 7 4
20150424 4 1 5
20150424 3 7 9
20150424 1 4 7
20150425 4 1 2
20150425 1 7 4
20150425 5 6 3
20150425 5 3 2
20150425 5 3 2
20150425 5 7 8
20150425 4 3 5
20150425 1 9 3
20150425 5 3 6
20150425 7 9 2
20150430 3 5 9
20150430 3 8 4
20150430 3 7 4
20150430 7 5 2
20150430 9 1 5
20150430 2 8 4
20150430 2 1 6
20150430 4 2 3
20150430 8 5 2
20150430 1 5 4
20150430 2 7 9
20150501 5 7 3
20150501 9 1 6
20150501 2 9 1
20150501 9 8 6
20150501 9 3 5
20150501 7 3 1
20150501 9 1 5
20150501 5 1 2
20150501 9 2 1
20150501 2 7 4
20150501 1 8 7
20150502 7 3 1
20150502 2 7 1
20150502 1 8 3
20150502 7 5 9
20150502 1 9 3
20150502 2 8 5
20150502 3 6 2
20150502 8 2 6
20150502 1 7 9
20150502 5 3 2
20150502 5 7 4
20150518 7 1 8
20150518 6 2 3
20150518 2 5 1
20150518 2 1 5
20150518 5 1 2
20150518 7 4 1
20150518 5 1 9
20150518 3 5 1
20150518 1 2 5
20150518 2 7 5
20150518 1 3 7
20150519 5 1 9
20150519 5 2 7
20150519 2 6 4
20150519 7 1 6
20150519 9 1 8
20150519 1 5 4
20150519 9 8 5
20150519 2 7 8
20150519 1 5 3
20150519 5 2 9
20150519 4 3 5
20150520 5 9 7
20150520 9 5 3
20150520 7 3 4
20150520 1 5 7
20150520 9 8 3
20150520 7 6 3
20150520 2 7 6
20150520 3 1 6
20150520 1 7 8
20150520 2 7 3
20150520 2 5 1
