20120206 9 2 7
20120206 7 3 2
20120206 5 7 3
20120206 7 3 2
20120206 1 9 2
20120206 7 1 4
20120206 5 8 9
20120206 9 3 5
20120206 2 9 4
20120206 2 9 7
20120206 1 4 2
20120206 2 7 9
20120207 5 9 8
20120207 7 3 4
20120207 1 2 6
20120207 6 5 7
20120207 9 3 5
20120207 7 1 3
20120207 4 1 7
20120207 1 7 5
20120207 7 2 6
20120207 2 1 8
20120207 2 4 1
20120207 9 3 2
20120208 2 9 3
20120208 4 3 7
20120208 5 1 7
20120208 5 7 1
20120208 2 7 4
20120208 2 6 3
20120208 5 7 4
20120208 3 5 6
20120208 3 8 7
20120208 5 1 9
20120208 9 1 7
20120208 5 9 3
20120208 5 9 7
20120218 7 1 4
20120218 9 1 6
20120218 1 7 5
20120218 3 5 2
20120218 1 5 7
20120218 3 4 2
20120218 3 1 7
20120218 1 9 7
20120218 5 3 8
20120218 9 3 2
20120218 7 1 9
20120218 2 5 1
20120219 7 1 2
20120219 1 3 9
20120219 3 8 2
20120219 2 3 5
20120219 1 9 3
20120219 1 7 9
20120219 2 9 4
20120219 7 9 2
20120219 3 7 1
20120219 7 5 1
20120219 5 2 3
20120219 9 7 3
20120220 9 1 8
20120220 5 2 7
20120220 3 9 1
20120220 2 6 8
20120220 1 2 5
20120220 3 9 5
20120220 5 6 2
20120220 7 4 3
20120220 2 1 3
20120220 9 2 1
20120220 1 2 7
20120220 7 3 6
20120305 7 5 3
20120305 9 1 3
20120305 5 1 8
20120305 7 3 5
20120305 7 2 1
20120305 2 4 8
20120305 9 3 8
20120305 3 9 2
20120305 1 5 7
20120305 8 9 5
20120305 5 1 7
20120305 3 5 8
20120306 1 7 3
20120306 9 4 6
20120306 4 3 1
20120306 7 9 1
20120306 1 6 4
20120306 5 2 1
20120306 1 5 7
20120306 4 5 9
20120306 5 6 2
20120306 2 7 9
20120306 6 3 2
20120306 2 8 6
20120307 1 9 7
20120307 9 2 4
20120307 2 1 5
20120307 7 1 5
20120307 5 7 9
20120307 2 7 9
20120307 3 7 2
20120307 7 1 8
20120307 1 5 7
20120307 9 5 3
20120307 7 1 8
20120307 2 5 8
20120317 5 4 2
20120317 4 5 1
20120317 2 1 7
20120317 1 2 7
20120317 3 1 5
20120317 3 1 7
20120317 7 1 2
20120317 2 5 4
20120317 9 2 1
20120317 5 1 9
20120317 1 4 6
20120318 1 4 2
20120318 4 5 2
20120318 7 3 5
20120318 2 6 4
20120318 5 1 2
20120318 5 9 1
20120318 7 9 5
20120318 5 8 2
20120318 9 3 2
20120318 9 2 1
20120318 7 3 1
20120319 7 2 5
20120319 2 7 5
20120319 5 2 6
20120319 1 4 6
20120319 2 4 1
20120319 5 2 9
20120319 2 5 3
20120319 5 2 4
20120319 9 7 5
20120319 2 4 9
20120319 3 7 2
20120403 4 3 7
20120403 1 5 7
20120403 5 2 4
20120403 3 4 7
20120403 1 4 5
20120403 2 1 3
20120403 4 1 2
20120403 5 2 1
20120403 3 8 5
20120403 3 5 1
20120403 5 8 7
20120404 7 4 3
20120404 4 5 1
20120404 7 4 1
20120404 1 2 7
20120404 5 3 1
20120404 1 4 2
20120404 1 7 5
20120404 1 5 9
20120404 3 1 7
20120404 9 1 7
20120404 9 1 2
20120405 5 3 2
20120405 7 5 4
20120405 2 5 7
20120405 5 1 4
20120405 1 6 5
20120405 1 8 2
20120405 7 3 2
20120405 2 6 8
20120405 4 3 7
20120405 2 9 4
20120405 9 2 5
20120509 9 5 3
20120509 1 7 4
20120509 5 1 2
20120509 5 7 3
20120509 2 5 1
20120509 4 5 3
20120509 2 3 8
20120509 5 7 9
20120509 3 1 9
20120509 9 3 1
20120509 7 2 1
20120509 9 7 8
20120510 1 5 4
20120510 1 5 9
20120510 5 3 4
20120510 9 1 3
20120510 9 2 5
20120510 2 5 1
20120510 1 7 4
20120510 5 2 1
20120510 1 3 7
20120510 5 1 3
20120510 3 2 1
20120510 5 1 7
20120511 9 7 3
20120511 5 9 3
20120511 1 9 8
20120511 8 7 2
20120511 8 1 4
20120511 6 2 9
20120511 7 1 5
20120511 1 8 5
20120511 5 2 9
20120511 1 5 4
20120511 2 9 5
20120511 7 9 8
20120604 6 2 9
20120604 2 3 4
20120604 9 4 7
20120604 9 6 1
20120604 7 8 2
20120604 7 1 4
20120604 3 9 7
20120604 9 5 1
20120604 3 9 7
20120604 5 3 8
20120604 9 5 2
20120604 1 2 9
20120605 2 7 1
20120605 8 3 2
20120605 1 2 3
20120605 5 6 4
20120605 9 3 4
20120605 2 4 5
20120605 3 5 9
20120605 5 1 9
20120605 7 6 3
20120605 8 7 2
20120605 7 1 4
20120605 9 2 5
20120606 3 7 9
20120606 9 2 4
20120606 5 3 7
20120606 2 5 6
20120606 7 9 4
20120606 5 7 3
20120606 4 3 2
20120606 2 1 5
20120606 3 7 9
20120606 8 2 9
20120606 5 7 2
20120606 5 8 1
20120611 7 3 2
20120611 2 5 1
20120611 9 5 2
20120611 5 3 6
20120611 3 7 9
20120611 7 8 2
20120611 5 3 1
20120611 5 3 6
20120611 1 7 2
20120611 3 6 7
20120611 2 6 4
20120611 2 7 9
20120611 3 7 5
20120612 2 9 5
20120612 9 1 6
20120612 1 9 4
20120612 3 8 5
20120612 1 7 5
20120612 1 5 3
20120612 2 7 4
20120612 3 2 5
20120612 3 9 6
20120612 6 7 4
20120612 2 7 1
20120612 9 1 7
20120613 3 9 5
20120613 1 2 8
20120613 4 3 2
20120613 2 1 9
20120613 9 3 4
20120613 3 1 5
20120613 3 5 7
20120613 3 6 1
20120613 7 5 2
20120613 6 1 9
20120613 7 1 8
20120613 1 5 3
20120618 2 4 3
20120618 7 4 1
20120618 1 3 5
20120618 5 3 2
20120618 7 2 5
20120618 9 7 1
20120618 3 1 9
20120618 2 5 7
20120618 5 1 3
20120618 5 8 3
20120618 1 5 7
20120619 1 2 3
20120619 1 5 2
20120619 4 1 2
20120619 3 5 7
20120619 4 1 7
20120619 8 1 5
20120619 2 7 6
20120619 2 6 5
20120619 9 4 3
20120619 9 2 5
20120619 1 2 9
20120620 4 1 3
20120620 4 1 3
20120620 2 1 3
20120620 7 2 4
20120620 2 1 7
20120620 5 3 7
20120620 5 2 3
20120620 3 5 4
20120620 2 3 9
20120620 3 1 5
20120620 3 4 5
20120720 5 4 2
20120720 2 4 1
20120720 1 4 3
20120720 2 7 1
20120720 3 5 4
20120720 2 5 3
20120720 3 4 9
20120720 5 2 7
20120720 5 3 8
20120720 4 2 1
20120720 2 9 5
20120721 4 1 2
20120721 7 2 3
20120721 3 1 2
20120721 4 5 2
20120721 4 3 7
20120721 7 2 1
20120721 1 5 7
20120721 7 1 8
20120721 3 7 5
20120721 7 2 9
20120721 9 7 3
20120722 2 6 1
20120722 5 2 4
20120722 7 2 6
20120722 3 1 2
20120722 5 7 1
20120722 2 8 9
20120722 7 3 1
20120722 9 2 1
20120722 5 9 7
20120722 9 1 3
20120722 3 5 2
20120829 2 5 4
20120829 7 1 3
20120829 3 5 1
20120829 5 1 7
20120829 4 3 6
20120829 2 7 6
20120829 3 5 9
20120829 2 3 7
20120829 1 9 3
20120829 5 8 1
20120829 3 7 1
20120830 5 6 2
20120830 7 5 4
20120830 4 1 7
20120830 2 3 4
20120830 3 5 4
20120830 5 4 7
20120830 3 1 6
20120830 5 3 6
20120830 7 2 5
20120830 2 1 9
20120830 1 7 5
20120831 3 5 6
20120831 2 1 6
20120831 7 3 4
20120831 4 2 7
20120831 4 3 1
20120831 9 1 7
20120831 1 3 7
20120831 2 8 4
20120831 3 9 4
20120831 2 7 3
20120831 5 4 2
20120906 9 3 2
20120906 7 5 2
20120906 7 5 4
20120906 9 3 1
20120906 2 4 1
20120906 4 1 2
20120906 7 3 2
20120906 5 1 4
20120906 1 9 3
20120906 7 4 2
20120906 9 4 2
20120907 5 9 3
20120907 9 3 5
20120907 2 3 5
20120907 3 7 1
20120907 9 7 1
20120907 7 4 8
20120907 3 5 8
20120907 4 9 6
20120907 3 5 8
20120907 3 8 2
20120907 3 7 6
20120908 5 2 3
20120908 8 4 9
20120908 2 5 6
20120908 7 9 3
20120908 5 6 1
20120908 1 6 2
20120908 4 3 9
20120908 2 1 9
20120908 9 7 2
20120908 5 2 9
20120908 9 5 2
20121017 3 2 1
20121017 9 7 1
20121017 2 7 9
20121017 1 7 9
20121017 5 3 4
20121017 2 7 1
20121017 9 2 4
20121017 7 3 5
20121017 2 7 5
20121017 5 3 1
20121017 1 4 8
20121018 9 3 2
20121018 9 6 2
20121018 2 3 8
20121018 7 4 8
20121018 2 8 7
20121018 7 1 2
20121018 1 5 9
20121018 2 5 9
20121018 1 7 9
20121018 1 3 4
20121018 2 1 9
20121019 1 2 5
20121019 2 7 3
20121019 9 3 5
20121019 7 1 2
20121019 3 5 9
20121019 2 1 9
20121019 5 1 6
20121019 1 8 3
20121019 6 1 5
20121019 7 3 9
20121019 9 5 7
20121022 2 5 7
20121022 3 2 5
20121022 1 4 5
20121022 2 5 4
20121022 4 1 7
20121022 3 2 7
20121022 1 9 7
20121022 9 1 7
20121022 1 9 4
20121022 1 7 5
20121022 5 9 3
20121022 2 3 5
20121023 1 4 7
20121023 4 3 5
20121023 1 4 5
20121023 2 7 1
20121023 5 1 4
20121023 1 5 8
20121023 5 7 1
20121023 2 4 5
20121023 9 2 1
20121023 2 1 3
20121023 5 9 4
20121024 3 5 7
20121024 7 5 1
20121024 3 4 1
20121024 4 1 3
20121024 3 7 6
20121024 5 9 3
20121024 4 9 2
20121024 5 1 3
20121024 9 3 2
20121024 7 5 3
20121024 3 7 2
20121101 7 4 2
20121101 3 5 2
20121101 3 7 5
20121101 5 9 1
20121101 5 9 3
20121101 2 7 8
20121101 1 2 8
20121101 6 1 2
20121101 9 3 5
20121101 2 5 8
20121101 3 9 4
20121102 3 8 1
20121102 7 2 5
20121102 7 5 9
20121102 7 1 4
20121102 5 9 2
20121102 1 9 3
20121102 1 2 6
20121102 2 1 6
20121102 1 3 7
20121102 7 3 2
20121102 7 5 3
20121102 9 1 6
20121103 2 4 8
20121103 1 5 7
20121103 9 3 7
20121103 3 5 7
20121103 9 1 7
20121103 3 1 2
20121103 5 2 8
20121103 1 9 7
20121103 2 8 5
20121103 3 5 7
20121103 5 3 8
20121104 1 7 6
20121104 5 3 2
20121104 6 2 3
20121104 7 1 9
20121104 3 9 4
20121104 9 1 5
20121104 1 2 7
20121104 5 9 8
20121104 5 7 2
20121104 9 2 1
20121104 1 7 6
20121109 2 4 7
20121109 4 7 3
20121109 1 4 3
20121109 2 3 4
20121109 1 3 4
20121109 7 4 5
20121109 7 1 5
20121109 1 2 9
20121109 1 5 9
20121109 1 3 9
20121109 1 8 3
20121110 2 3 6
20121110 1 5 7
20121110 7 3 5
20121110 4 5 7
20121110 1 4 2
20121110 5 3 2
20121110 5 1 2
20121110 2 1 7
20121110 3 7 2
20121110 9 2 1
20121110 7 1 3
20121111 5 7 1
20121111 3 2 1
20121111 4 3 2
20121111 4 2 7
20121111 3 6 7
20121111 9 3 7
20121111 8 1 2
20121111 8 1 4
20121111 9 7 6
20121111 9 1 3
20121111 9 3 5
20121111 2 3 5
20121203 1 7 2
20121203 5 2 1
20121203 5 7 1
20121203 3 7 4
20121203 1 4 7
20121203 5 2 7
20121203 5 9 1
20121203 2 7 3
20121203 9 7 3
20121203 1 5 6
20121203 9 1 4
20121204 1 4 7
20121204 1 3 7
20121204 7 3 1
20121204 7 2 6
20121204 4 1 3
20121204 4 2 7
20121204 5 7 1
20121204 2 7 9
20121204 7 2 4
20121204 3 5 7
20121204 1 7 5
20121205 5 1 4
20121205 2 1 5
20121205 4 1 5
20121205 3 1 7
20121205 1 3 5
20121205 5 2 9
20121205 1 7 4
20121205 7 3 2
20121205 9 7 3
20121205 5 9 7
20121205 1 3 5
20130104 3 5 6
20130104 3 1 6
20130104 2 3 4
20130104 5 4 1
20130104 4 1 3
20130104 1 9 3
20130104 2 3 9
20130104 3 5 2
20130104 3 7 2
20130104 7 2 5
20130104 2 7 9
20130105 1 2 6
20130105 4 7 2
20130105 5 4 1
20130105 3 1 4
20130105 1 3 7
20130105 7 1 4
20130105 7 5 2
20130105 1 9 7
20130105 9 7 2
20130105 9 3 5
20130105 2 5 7
20130106 5 3 1
20130106 5 3 4
20130106 3 4 1
20130106 1 4 7
20130106 2 4 6
20130106 8 4 3
20130106 5 1 3
20130106 2 4 9
20130106 9 2 6
20130106 5 1 3
20130106 2 5 9
20130128 7 3 5
20130128 4 5 2
20130128 1 3 4
20130128 3 1 4
20130128 5 1 4
20130128 7 5 1
20130128 2 5 1
20130128 5 1 8
20130128 2 7 4
20130128 2 9 6
20130128 9 3 2
20130129 2 4 1
20130129 5 3 1
20130129 1 2 7
20130129 4 7 3
20130129 2 4 7
20130129 6 1 9
20130129 8 1 7
20130129 5 7 4
20130129 4 8 9
20130129 7 9 1
20130129 1 7 5
20130130 7 4 3
20130130 1 3 6
20130130 4 1 2
20130130 3 1 4
20130130 2 1 6
20130130 2 7 5
20130130 2 1 7
20130130 2 6 3
20130130 2 9 6
20130130 9 2 3
20130130 7 2 5
20130212 9 2 5
20130212 9 1 8
20130212 7 1 4
20130212 2 7 8
20130212 1 3 5
20130212 7 1 5
20130212 9 1 4
20130212 2 1 7
20130212 1 5 2
20130212 3 5 7
20130212 4 1 2
20130213 4 1 8
20130213 5 7 2
20130213 9 3 6
20130213 7 1 2
20130213 4 2 5
20130213 4 1 5
20130213 5 3 2
20130213 9 3 1
20130213 5 1 3
20130213 7 3 9
20130213 5 2 9
20130214 1 3 2
20130214 8 3 7
20130214 1 2 9
20130214 9 3 4
20130214 2 5 9
20130214 5 3 1
20130214 4 6 5
20130214 2 8 3
20130214 1 7 5
20130214 1 8 6
20130214 2 8 5
20130222 4 3 7
20130222 7 4 6
20130222 2 4 3
20130222 3 1 7
20130222 5 7 2
20130222 8 1 4
20130222 4 9 3
20130222 5 1 7
20130222 5 1 4
20130222 7 1 5
20130222 7 1 4
20130223 3 5 7
20130223 3 5 7
20130223 4 3 1
20130223 7 5 4
20130223 5 1 2
20130223 5 7 8
20130223 3 1 4
20130223 6 1 9
20130223 3 1 5
20130223 3 6 7
20130223 7 3 9
20130224 2 4 3
20130224 3 2 4
20130224 7 5 4
20130224 5 4 2
20130224 6 3 5
20130224 4 5 8
20130224 1 5 3
20130224 3 2 7
20130224 2 7 3
20130224 7 1 8
20130224 2 9 3
20130301 1 4 3
20130301 2 1 4
20130301 3 2 4
20130301 1 5 7
20130301 1 7 2
20130301 9 7 1
20130301 7 1 3
20130301 2 1 4
20130301 5 2 3
20130301 7 2 1
20130301 1 8 9
20130302 5 4 3
20130302 7 4 1
20130302 3 4 7
20130302 2 7 5
20130302 5 2 6
20130302 7 9 5
20130302 7 9 4
20130302 2 1 5
20130302 1 2 7
20130302 2 9 7
20130302 7 5 8
20130303 3 5 2
20130303 3 7 4
20130303 2 4 1
20130303 4 7 3
20130303 1 4 5
20130303 8 2 5
20130303 7 9 1
20130303 7 8 2
20130303 5 2 7
20130303 7 2 3
20130303 9 4 3
20130315 7 5 2
20130315 1 4 9
20130315 1 7 2
20130315 7 1 3
20130315 5 7 4
20130315 3 4 6
20130315 3 9 1
20130315 5 1 3
20130315 6 7 1
20130315 1 5 2
20130315 4 1 9
20130316 7 6 3
20130316 9 1 3
20130316 1 3 7
20130316 5 2 1
20130316 1 5 9
20130316 7 6 1
20130316 7 6 9
20130316 7 4 6
20130316 7 5 9
20130316 2 4 5
20130316 7 1 4
20130316 7 4 1
20130317 9 5 8
20130317 9 4 5
20130317 2 7 9
20130317 2 7 3
20130317 1 7 2
20130317 8 1 3
20130317 7 9 5
20130317 5 8 6
20130317 3 7 4
20130317 1 2 4
20130317 1 5 8
20130414 5 2 1
20130414 1 3 7
20130414 4 1 5
20130414 3 2 6
20130414 2 7 1
20130414 9 1 5
20130414 1 7 9
20130414 5 2 7
20130414 5 4 3
20130414 2 7 9
20130415 2 3 5
20130415 2 4 1
20130415 3 4 2
20130415 2 7 5
20130415 7 3 1
20130415 9 1 8
20130415 1 8 5
20130415 5 3 4
20130415 3 5 4
20130415 5 9 2
20130416 4 1 6
20130416 7 1 6
20130416 1 7 4
20130416 1 5 3
20130416 3 6 7
20130416 5 7 6
20130416 5 3 1
20130416 3 2 6
20130416 3 1 5
20130416 6 2 7
20130507 1 5 7
20130507 3 2 9
20130507 1 7 3
20130507 7 9 3
20130507 1 2 5
20130507 9 2 3
20130507 7 9 8
20130507 3 5 9
20130507 7 5 4
20130507 5 1 4
20130507 1 6 9
20130508 2 5 4
20130508 8 3 7
20130508 5 2 6
20130508 1 9 7
20130508 9 6 5
20130508 2 7 8
20130508 7 9 3
20130508 5 4 7
20130508 2 3 4
20130508 3 5 2
20130508 7 1 3
20130509 3 2 9
20130509 7 3 2
20130509 7 8 2
20130509 1 8 2
20130509 9 5 2
20130509 7 2 5
20130509 7 3 9
20130509 9 5 3
20130509 7 1 2
20130509 3 2 4
20130509 5 7 2
20130515 7 5 2
20130515 2 5 1
20130515 1 5 7
20130515 5 2 1
20130515 1 2 9
20130515 5 1 2
20130515 2 7 5
20130515 9 5 1
20130515 9 5 2
20130515 9 7 2
20130515 1 7 5
20130516 5 3 8
20130516 5 9 8
20130516 2 7 5
20130516 5 7 1
20130516 9 3 7
20130516 7 9 5
20130516 2 4 5
20130516 5 9 2
20130516 5 6 2
20130516 2 1 3
20130516 7 1 9
20130517 2 4 3
20130517 8 1 3
20130517 1 2 7
20130517 2 5 7
20130517 1 2 5
20130517 1 6 3
20130517 3 5 9
20130517 2 7 9
20130517 8 4 1
20130517 3 4 2
20130517 1 8 2
20130604 3 4 1
20130604 2 1 6
20130604 3 7 2
20130604 2 3 7
20130604 2 6 1
20130604 1 9 6
20130604 7 3 5
20130604 1 5 3
20130604 5 1 6
20130604 3 7 9
20130605 5 7 1
20130605 1 7 5
20130605 4 7 2
20130605 2 5 3
20130605 3 2 4
20130605 7 5 1
20130605 1 9 3
20130605 7 5 9
20130605 7 5 3
20130605 5 7 2
20130606 2 3 4
20130606 2 4 3
20130606 1 2 6
20130606 3 4 6
20130606 2 3 1
20130606 4 3 2
20130606 2 7 5
20130606 1 3 9
20130606 1 5 9
20130606 4 8 5
20130617 9 2 3
20130617 5 1 6
20130617 9 7 1
20130617 3 1 5
20130617 5 2 3
20130617 5 1 2
20130617 5 7 9
20130617 6 2 5
20130617 9 2 5
20130617 3 2 9
20130617 7 4 9
20130618 9 1 5
20130618 3 7 4
20130618 4 1 7
20130618 4 9 3
20130618 2 7 3
20130618 2 7 9
20130618 6 5 2
20130618 1 2 6
20130618 5 9 3
20130618 7 1 5
20130618 7 3 8
20130619 3 5 9
20130619 3 5 1
20130619 2 5 8
20130619 9 2 3
20130619 5 8 7
20130619 3 7 5
20130619 2 7 6
20130619 4 9 6
20130619 9 4 5
20130619 3 2 9
20130619 1 6 3
20130702 5 4 2
20130702 1 4 2
20130702 4 1 5
20130702 7 1 5
20130702 5 3 4
20130702 7 2 9
20130702 1 9 2
20130702 9 2 5
20130702 7 3 5
20130702 3 8 7
20130703 6 3 5
20130703 5 2 3
20130703 2 3 6
20130703 1 3 6
20130703 1 7 2
20130703 5 2 1
20130703 5 2 4
20130703 7 9 2
20130703 1 9 7
20130703 1 2 7
20130704 3 6 1
20130704 7 3 1
20130704 7 2 4
20130704 3 7 4
20130704 3 7 1
20130704 9 4 7
20130704 6 5 1
20130704 7 4 9
20130704 2 5 1
20130704 3 6 8
20130803 2 7 9
20130803 3 5 1
20130803 5 3 7
20130803 2 9 5
20130803 7 1 4
20130803 8 7 2
20130803 5 7 9
20130803 8 1 2
20130803 5 7 1
20130803 3 1 4
20130803 2 7 8
20130804 9 2 5
20130804 1 5 7
20130804 1 5 3
20130804 1 9 6
20130804 1 7 2
20130804 7 3 5
20130804 7 3 2
20130804 8 3 9
20130804 7 8 3
20130804 2 3 7
20130804 5 7 2
20130805 5 3 6
20130805 5 3 8
20130805 2 9 6
20130805 9 1 3
20130805 5 3 9
20130805 2 7 1
20130805 1 5 3
20130805 1 9 5
20130805 1 2 7
20130805 1 3 6
20130805 5 9 1
20130814 5 7 1
20130814 3 4 5
20130814 5 6 2
20130814 3 7 1
20130814 1 2 3
20130814 9 1 6
20130814 3 9 1
20130814 2 4 7
20130814 3 1 2
20130814 1 7 8
20130815 5 4 3
20130815 2 1 7
20130815 4 5 1
20130815 2 1 7
20130815 1 3 5
20130815 1 5 3
20130815 7 1 5
20130815 2 4 5
20130815 7 5 3
20130815 3 2 1
20130816 5 4 2
20130816 1 5 2
20130816 5 2 3
20130816 2 1 3
20130816 1 5 7
20130816 2 7 5
20130816 1 3 7
20130816 3 5 2
20130816 1 9 3
20130816 4 1 5
20130905 7 1 5
20130905 1 2 7
20130905 7 2 1
20130905 1 4 3
20130905 1 5 7
20130905 5 9 3
20130905 1 7 9
20130905 9 3 2
20130905 1 7 4
20130905 3 5 6
20130906 7 2 4
20130906 3 4 5
20130906 4 5 1
20130906 1 6 2
20130906 5 1 3
20130906 3 4 1
20130906 6 9 7
20130906 5 9 2
20130906 9 5 3
20130906 9 5 3
20130907 4 7 1
20130907 7 2 3
20130907 3 2 4
20130907 5 6 2
20130907 5 4 1
20130907 1 9 3
20130907 3 8 5
20130907 7 9 6
20130907 6 2 5
20130907 1 2 6
20131023 7 1 5
20131023 2 5 7
20131023 5 1 2
20131023 1 5 2
20131023 1 3 5
20131023 3 5 9
20131023 1 7 2
20131023 7 2 3
20131023 2 1 3
20131023 9 7 3
20131023 7 5 2
20131024 3 9 8
20131024 1 7 2
20131024 7 3 8
20131024 1 7 4
20131024 7 3 2
20131024 5 2 9
20131024 4 3 1
20131024 5 9 1
20131024 7 3 9
20131024 5 9 1
20131024 5 7 2
20131025 9 2 3
20131025 2 5 1
20131025 1 8 9
20131025 6 2 4
20131025 7 8 3
20131025 3 9 1
20131025 5 7 2
20131025 2 3 4
20131025 9 5 8
20131025 2 7 8
20131025 1 5 3
20131102 5 1 2
20131102 1 5 7
20131102 9 1 2
20131102 1 4 7
20131102 7 9 4
20131102 2 8 9
20131102 5 9 1
20131102 5 1 3
20131102 5 9 8
20131102 9 1 3
20131102 1 2 7
20131103 3 9 1
20131103 3 2 7
20131103 4 1 9
20131103 2 9 7
20131103 5 1 2
20131103 9 1 5
20131103 9 1 8
20131103 7 2 8
20131103 2 1 4
20131103 5 1 7
20131103 2 9 1
20131104 3 9 4
20131104 1 2 5
20131104 7 3 4
20131104 7 2 6
20131104 8 4 2
20131104 5 2 7
20131104 9 3 1
20131104 5 1 2
20131104 1 5 4
20131104 9 2 7
20131104 1 3 5
20131105 1 6 3
20131105 7 5 4
20131105 1 5 3
20131105 1 9 3
20131105 7 5 2
20131105 2 7 1
20131105 1 7 9
20131105 1 4 3
20131105 2 4 7
20131105 2 9 5
20131105 3 5 4
20131125 3 1 5
20131125 7 1 3
20131125 2 5 1
20131125 4 1 2
20131125 3 2 4
20131125 2 4 1
20131125 1 7 4
20131125 2 7 5
20131125 5 1 4
20131125 3 7 5
20131126 2 5 3
20131126 5 2 4
20131126 5 4 3
20131126 5 1 2
20131126 4 1 3
20131126 1 9 3
20131126 7 3 5
20131126 7 5 3
20131126 1 4 7
20131126 3 2 9
20131126 2 7 5
20131127 5 7 1
20131127 1 5 7
20131127 1 3 5
20131127 7 1 5
20131127 2 7 3
20131127 9 2 1
20131127 9 2 7
20131127 5 2 7
20131127 9 7 8
20131127 2 8 3
20131213 4 5 7
20131213 2 3 7
20131213 7 4 1
20131213 1 4 7
20131213 1 7 3
20131213 7 2 3
20131213 1 5 8
20131213 7 8 2
20131213 4 1 9
20131213 3 5 8
20131214 5 1 7
20131214 2 7 4
20131214 2 3 7
20131214 5 7 2
20131214 2 4 6
20131214 1 7 2
20131214 2 5 9
20131214 1 3 5
20131214 2 5 9
20131214 9 2 3
20131215 7 3 5
20131215 1 4 5
20131215 5 2 6
20131215 4 1 5
20131215 5 2 6
20131215 2 7 5
20131215 2 4 7
20131215 4 9 8
20131215 2 7 4
20131215 1 7 4
20131217 1 4 3
20131217 2 7 1
20131217 5 4 2
20131217 3 2 1
20131217 7 5 3
20131217 3 2 7
20131217 1 7 2
20131217 7 3 5
20131217 2 1 4
20131217 9 7 5
20131218 6 4 7
20131218 7 5 4
20131218 4 5 1
20131218 1 5 6
20131218 2 3 5
20131218 9 2 4
20131218 5 2 1
20131218 9 2 4
20131218 3 7 1
20131218 5 9 4
20131219 1 4 3
20131219 1 5 4
20131219 4 1 3
20131219 1 7 4
20131219 2 1 3
20131219 5 1 6
20131219 1 7 2
20131219 9 7 2
20131219 7 2 3
20131219 3 5 2
20140115 4 6 5
20140115 4 7 3
20140115 5 1 2
20140115 5 1 2
20140115 7 3 6
20140115 1 7 2
20140115 3 7 1
20140115 1 3 9
20140115 1 5 2
20140115 3 7 6
20140116 5 4 7
20140116 5 1 7
20140116 1 3 2
20140116 4 2 3
20140116 4 5 2
20140116 5 8 9
20140116 3 4 5
20140116 1 3 9
20140116 7 3 9
20140116 3 1 5
20140117 2 5 7
20140117 1 6 3
20140117 6 1 5
20140117 3 4 7
20140117 3 1 4
20140117 9 1 8
20140117 5 3 1
20140117 7 3 9
20140117 7 1 3
20140117 4 5 1
20140122 5 1 2
20140122 3 7 9
20140122 1 7 4
20140122 3 4 9
20140122 3 9 4
20140122 5 7 4
20140122 1 7 3
20140122 9 7 1
20140122 2 5 9
20140122 7 3 1
20140122 5 2 4
20140122 9 2 3
20140123 5 6 2
20140123 9 5 3
20140123 8 5 3
20140123 8 6 3
20140123 1 9 4
20140123 7 8 1
20140123 5 2 8
20140123 2 9 6
20140123 2 1 9
20140123 9 4 1
20140123 5 7 1
20140124 1 6 9
20140124 5 9 1
20140124 9 7 2
20140124 7 1 5
20140124 2 3 8
20140124 4 2 8
20140124 9 7 3
20140124 1 2 7
20140124 9 1 8
20140124 7 9 2
20140124 1 3 5
20140212 5 3 2
20140212 1 9 5
20140212 3 5 7
20140212 6 2 7
20140212 5 9 2
20140212 3 7 5
20140212 1 9 7
20140212 9 3 2
20140212 5 3 2
20140212 8 1 6
20140212 7 2 3
20140213 5 4 3
20140213 1 4 7
20140213 1 2 9
20140213 1 7 2
20140213 2 5 1
20140213 1 9 5
20140213 4 3 2
20140213 7 5 2
20140213 9 3 1
20140213 7 2 3
20140213 6 1 3
20140214 3 5 7
20140214 5 8 2
20140214 1 4 9
20140214 9 2 6
20140214 2 1 5
20140214 3 8 1
20140214 7 4 2
20140214 9 7 5
20140214 2 5 3
20140214 3 5 1
20140214 7 5 9
20140324 1 5 2
20140324 4 3 7
20140324 1 2 3
20140324 5 2 4
20140324 4 1 7
20140324 5 2 9
20140324 3 7 2
20140324 2 3 5
20140324 2 1 9
20140324 2 3 8
20140325 1 6 4
20140325 5 4 2
20140325 1 7 5
20140325 1 2 3
20140325 7 3 4
20140325 1 5 9
20140325 7 1 2
20140325 2 6 8
20140326 3 2 1
20140326 1 7 6
20140326 4 1 7
20140326 2 1 3
20140326 4 2 1
20140326 6 2 3
20140326 5 6 2
20140326 1 7 9
20140326 3 4 9
20140326 5 1 2
20140402 1 3 4
20140402 7 4 3
20140402 5 1 2
20140402 1 4 3
20140402 2 4 1
20140402 9 2 1
20140402 1 2 9
20140402 1 5 2
20140402 1 7 5
20140402 1 3 2
20140402 1 3 6
20140403 3 1 6
20140403 1 7 3
20140403 6 1 2
20140403 7 1 2
20140403 4 1 7
20140403 1 8 3
20140403 7 4 3
20140403 5 2 7
20140403 9 2 5
20140403 5 2 9
20140404 4 1 3
20140404 7 2 1
20140404 5 3 4
20140404 1 2 6
20140404 4 2 3
20140404 6 3 1
20140404 1 3 8
20140404 2 3 5
20140404 4 3 1
20140404 1 8 3
20140430 2 6 1
20140430 7 3 5
20140430 1 5 7
20140430 3 4 5
20140430 2 4 5
20140430 7 4 5
20140430 3 9 7
20140430 9 1 3
20140430 8 2 1
20140430 7 2 4
20140501 5 4 6
20140501 4 7 2
20140501 2 6 3
20140501 7 5 3
20140501 5 6 2
20140501 3 1 8
20140501 5 9 3
20140501 1 5 3
20140501 1 2 3
20140501 1 7 4
20140502 4 6 2
20140502 7 5 1
20140502 1 4 5
20140502 3 6 2
20140502 4 5 7
20140502 5 9 1
20140502 1 6 3
20140502 3 2 5
20140502 3 1 9
20140502 5 1 7
20140519 1 5 2
20140519 5 3 7
20140519 4 7 2
20140519 2 4 3
20140519 3 1 5
20140519 2 1 3
20140519 5 7 2
20140519 7 3 1
20140519 1 5 7
20140519 1 3 9
20140520 7 2 4
20140520 1 5 4
20140520 3 1 2
20140520 4 7 3
20140520 1 2 3
20140520 3 2 8
20140520 7 3 1
20140520 9 1 7
20140520 2 8 3
20140520 1 3 9
20140521 7 5 1
20140521 7 5 4
20140521 1 4 5
20140521 1 4 7
20140521 4 2 7
20140521 7 4 2
20140521 2 5 7
20140521 5 7 1
20140521 1 9 5
20140521 1 2 7
20140609 9 7 1
20140609 1 9 4
20140609 7 1 4
20140609 2 3 5
20140609 7 1 4
20140609 5 2 7
20140609 5 7 3
20140609 9 3 4
20140609 7 1 5
20140609 5 1 8
20140609 2 9 6
20140610 3 1 2
20140610 1 7 2
20140610 9 3 2
20140610 5 2 9
20140610 9 2 4
20140610 1 4 8
20140610 1 9 2
20140610 2 6 1
20140610 7 5 1
20140610 1 5 7
20140610 9 2 7
20140611 3 7 9
20140611 9 3 6
20140611 5 1 7
20140611 3 4 1
20140611 3 7 1
20140611 1 7 2
20140611 1 7 2
20140611 1 5 4
20140611 6 4 3
20140611 1 2 8
20140611 8 9 4
20140724 5 7 6
20140724 4 2 7
20140724 3 2 7
20140724 2 7 3
20140724 2 4 7
20140724 5 6 4
20140724 7 5 3
20140724 3 5 2
20140724 2 8 1
20140724 7 1 4
20140724 1 5 7
20140724 2 5 7
20140725 4 2 3
20140725 7 6 3
20140725 1 3 5
20140725 1 7 5
20140725 5 1 4
20140725 2 3 5
20140725 3 1 6
20140725 7 8 1
20140725 5 6 3
20140725 5 7 3
20140725 7 1 4
20140725 1 5 9
20140726 6 4 2
20140726 1 5 3
20140726 5 3 7
20140726 3 7 4
20140726 2 1 3
20140726 1 5 3
20140726 2 5 4
20140726 3 7 2
20140726 2 6 7
20140726 3 2 1
20140726 5 3 9
20140726 1 3 9
20140804 2 4 3
20140804 4 3 1
20140804 1 5 8
20140804 3 9 1
20140804 8 1 7
20140804 7 8 3
20140804 9 2 6
20140804 3 7 8
20140804 7 5 3
20140804 2 9 7
20140804 5 3 8
20140805 7 1 2
20140805 6 9 1
20140805 5 1 3
20140805 6 2 5
20140805 2 8 5
20140805 8 2 5
20140805 3 1 5
20140805 3 1 2
20140805 9 5 1
20140805 6 2 5
20140805 9 5 1
20140805 1 7 3
20140806 1 8 4
20140806 3 9 1
20140806 2 5 9
20140806 9 1 3
20140806 4 5 2
20140806 7 9 5
20140806 7 3 2
20140806 9 6 4
20140806 5 7 3
20140806 1 4 3
20140806 3 9 1
20140818 1 7 2
20140818 5 9 7
20140818 7 2 3
20140818 2 6 9
20140818 5 1 6
20140818 9 4 5
20140818 3 5 8
20140818 5 2 6
20140818 7 5 1
20140818 2 1 3
20140818 8 5 1
20140819 9 8 3
20140819 5 3 2
20140819 3 9 5
20140819 4 9 3
20140819 2 9 3
20140819 1 5 7
20140819 4 1 6
20140819 5 2 7
20140819 9 1 7
20140819 9 2 3
20140819 3 6 1
20140820 3 7 9
20140820 2 4 1
20140820 5 9 2
20140820 9 1 3
20140820 3 4 2
20140820 2 7 1
20140820 1 9 7
20140820 7 2 5
20140820 9 7 2
20140820 2 5 1
20140820 8 2 6
20140908 1 2 4
20140908 1 6 3
20140908 2 4 7
20140908 5 7 3
20140908 3 2 1
20140908 5 7 8
20140908 2 9 8
20140908 3 5 8
20140908 1 5 9
20140908 3 5 4
20140909 5 3 7
20140909 1 4 7
20140909 4 2 7
20140909 1 4 3
20140909 7 5 2
20140909 7 5 3
20140909 1 9 7
20140909 5 7 3
20140909 3 1 9
20140909 7 1 4
20140910 1 5 6
20140910 5 1 6
20140910 5 1 3
20140910 3 7 1
20140910 7 1 4
20140910 5 3 4
20140910 3 7 5
20140910 3 5 9
20140910 9 4 8
20140910 2 4 5
20140910 5 1 6
20141002 5 2 9
20141002 5 7 1
20141002 3 7 4
20141002 7 8 9
20141002 5 9 3
20141002 9 1 2
20141002 3 9 6
20141002 7 1 2
20141002 1 2 6
20141002 7 2 9
20141002 2 5 3
20141002 1 7 5
20141003 9 3 5
20141003 9 6 1
20141003 2 5 1
20141003 9 2 3
20141003 9 2 5
20141003 1 7 8
20141003 1 3 6
20141003 1 9 2
20141003 5 2 7
20141003 2 5 9
20141003 7 9 5
20141003 1 9 2
20141003 1 2 9
20141004 3 7 1
20141004 1 9 5
20141004 9 1 2
20141004 7 9 3
20141004 2 3 9
20141004 1 3 6
20141004 3 2 7
20141004 1 9 4
20141004 7 9 2
20141004 8 5 9
20141004 5 1 2
20141004 3 9 1
20141005 2 4 7
20141005 1 5 6
20141005 9 3 6
20141005 7 3 1
20141005 5 7 3
20141005 1 7 8
20141005 7 2 3
20141005 5 1 8
20141005 9 7 1
20141005 2 7 1
20141005 2 5 9
20141118 3 9 5
20141118 5 1 2
20141118 3 9 5
20141118 7 5 1
20141118 7 9 3
20141118 4 3 2
20141118 1 8 7
20141118 3 9 7
20141118 5 2 1
20141118 8 5 3
20141118 1 7 5
20141119 5 1 3
20141119 7 8 2
20141119 2 9 1
20141119 7 3 8
20141119 5 3 7
20141119 8 3 5
20141119 7 3 2
20141119 2 5 1
20141119 6 1 2
20141119 9 1 5
20141119 7 1 8
20141120 3 5 2
20141120 7 9 2
20141120 9 3 4
20141120 2 9 7
20141120 3 4 2
20141120 7 2 9
20141120 4 2 3
20141120 4 5 7
20141120 2 4 9
20141120 5 7 1
20141120 6 5 1
20141127 5 6 1
20141127 3 5 4
20141127 3 2 1
20141127 5 7 1
20141127 2 1 4
20141127 9 3 1
20141127 5 2 7
20141127 1 7 3
20141127 3 5 2
20141127 6 3 4
20141128 3 6 4
20141128 1 5 3
20141128 4 3 5
20141128 4 7 1
20141128 1 4 7
20141128 9 5 3
20141128 5 4 3
20141128 9 2 5
20141128 1 7 3
20141128 7 1 2
20141129 2 5 4
20141129 5 1 4
20141129 2 5 7
20141129 1 5 4
20141129 1 4 5
20141129 1 3 9
20141129 2 9 3
20141129 2 1 5
20141129 9 1 7
20141129 1 4 2
20141203 8 2 5
20141203 5 7 1
20141203 3 5 7
20141203 2 9 7
20141203 1 7 2
20141203 1 3 4
20141203 2 7 3
20141203 9 5 2
20141203 2 7 4
20141203 2 7 9
20141203 7 1 5
20141203 9 7 3
20141204 1 2 7
20141204 2 9 3
20141204 8 3 2
20141204 7 3 8
20141204 2 5 1
20141204 3 2 5
20141204 3 9 7
20141204 9 3 5
20141204 7 3 9
20141204 1 7 8
20141204 1 5 9
20141205 5 3 1
20141205 7 3 4
20141205 4 1 3
20141205 7 2 3
20141205 5 2 9
20141205 2 7 5
20141205 9 5 3
20141205 4 2 7
20141205 6 2 3
20141205 3 1 7
20141205 5 9 2
20141205 5 9 7
20150112 5 1 3
20150112 1 3 4
20150112 5 3 6
20150112 7 2 3
20150112 3 1 2
20150112 3 6 1
20150112 7 1 4
20150112 3 1 9
20150112 3 4 2
20150112 1 8 7
20150112 3 1 9
20150112 2 5 6
20150113 2 4 5
20150113 5 3 1
20150113 5 4 2
20150113 7 2 1
20150113 4 5 3
20150113 6 7 2
20150113 2 3 5
20150113 1 7 9
20150113 5 3 8
20150113 7 1 5
20150113 9 7 2
20150113 1 9 4
20150114 4 1 2
20150114 5 3 6
20150114 6 3 2
20150114 1 7 3
20150114 2 3 1
20150114 3 1 7
20150114 5 2 6
20150114 5 2 7
20150114 1 2 4
20150114 5 4 2
20150114 2 9 1
20150114 1 4 2
20150114 1 3 7
20150126 5 3 1
20150126 1 4 7
20150126 5 2 7
20150126 1 2 4
20150126 4 1 7
20150126 2 7 5
20150126 4 9 8
20150126 1 5 9
20150126 9 2 7
20150126 2 1 5
20150127 3 4 1
20150127 6 7 5
20150127 3 4 2
20150127 7 1 3
20150127 1 4 3
20150127 9 1 3
20150127 1 4 9
20150127 1 2 9
20150127 1 9 7
20150127 1 5 3
20150128 4 6 1
20150128 5 2 7
20150128 2 4 7
20150128 1 4 6
20150128 5 2 6
20150128 5 6 2
20150128 1 3 7
20150128 9 2 1
20150128 1 4 3
20150128 7 3 1
20150128 5 1 6
20150131 3 6 7
20150131 2 7 5
20150131 4 1 2
20150131 3 7 1
20150131 3 5 4
20150131 1 7 9
20150131 5 2 9
20150131 9 7 5
20150131 7 9 3
20150131 9 1 6
20150201 2 3 5
20150201 5 6 3
20150201 1 7 2
20150201 2 4 1
20150201 2 3 5
20150201 1 9 7
20150201 4 3 5
20150201 6 1 3
20150201 7 3 2
20150201 3 1 9
20150202 3 1 7
20150202 2 3 7
20150202 3 2 7
20150202 3 7 2
20150202 1 3 2
20150202 4 5 6
20150202 5 1 9
20150202 2 9 5
20150202 6 9 7
20150202 2 3 5
20150202 5 7 8
20150225 7 1 5
20150225 2 7 4
20150225 5 3 9
20150225 1 7 9
20150225 3 5 6
20150225 9 1 7
20150225 1 9 6
20150225 3 5 9
20150225 1 7 9
20150225 7 1 5
20150225 1 2 9
20150226 9 4 2
20150226 1 2 7
20150226 2 5 7
20150226 1 7 9
20150226 3 7 4
20150226 7 6 3
20150226 1 7 5
20150226 1 7 8
20150226 3 5 8
20150226 1 5 7
20150226 9 1 6
20150227 1 5 7
20150227 4 5 1
20150227 3 6 1
20150227 3 9 2
20150227 5 9 3
20150227 1 5 2
20150227 2 4 7
20150227 9 3 4
20150227 3 7 5
20150227 7 2 8
20150227 7 2 1
20150304 5 7 4
20150304 1 5 8
20150304 1 2 4
20150304 4 7 1
20150304 2 5 3
20150304 5 9 8
20150304 7 1 9
20150304 1 7 8
20150304 1 5 7
20150304 4 3 8
20150304 7 3 1
20150305 9 2 7
20150305 2 5 7
20150305 7 1 2
20150305 5 6 9
20150305 1 9 5
20150305 9 5 3
20150305 2 4 7
20150305 9 3 1
20150305 1 3 2
20150305 5 9 1
20150305 7 3 1
20150306 7 9 3
20150306 5 3 9
20150306 7 4 6
20150306 3 2 5
20150306 1 5 3
20150306 9 3 1
20150306 7 5 2
20150306 1 9 4
20150306 1 4 7
20150306 9 5 1
20150306 2 5 4
20150406 1 7 9
20150406 3 7 5
20150406 7 2 8
20150406 1 7 4
20150406 5 1 3
20150406 7 9 2
20150406 5 2 9
20150406 2 9 7
20150406 1 5 2
20150406 5 2 7
20150406 1 4 5
20150407 9 7 5
20150407 5 9 1
20150407 4 3 9
20150407 1 2 5
20150407 2 5 4
20150407 3 6 9
20150407 3 5 9
20150407 2 9 4
20150407 7 5 1
20150407 7 9 1
20150407 7 2 3
20150408 9 2 3
20150408 7 8 4
20150408 5 7 4
20150408 7 9 6
20150408 5 9 1
20150408 1 6 7
20150408 6 1 3
20150408 2 9 1
20150408 1 3 6
20150408 3 7 1
20150408 3 4 9
20150528 2 5 7
20150528 2 3 5
20150528 5 2 6
20150528 3 5 4
20150528 1 7 2
20150528 9 2 1
20150528 7 3 9
20150528 5 3 8
20150528 1 7 5
20150528 9 6 3
20150529 1 2 5
20150529 4 3 1
20150529 7 3 2
20150529 5 1 2
20150529 3 7 5
20150529 2 5 7
20150529 2 7 5
20150529 5 9 1
20150529 1 7 8
20150529 2 7 4
20150529 9 2 1
20150530 1 2 5
20150530 2 1 5
20150530 5 2 4
20150530 2 7 4
20150530 7 2 6
20150530 7 2 5
20150530 7 2 1
20150530 9 1 3
20150530 5 6 3
20150530 3 7 4
20150530 2 3 1
