20120622 8 3 9
20120622 4 1 5
20120622 5 2 9
20120622 8 3 5
20120622 1 9 5
20120622 6 2 5
20120622 7 8 5
20120622 6 3 2
20120622 3 5 2
20120622 1 7 6
20120622 2 5 7
20120623 6 1 2
20120623 3 8 2
20120623 7 1 4
20120623 7 4 2
20120623 3 2 5
20120623 9 5 2
20120623 9 1 5
20120623 5 4 1
20120623 7 8 1
20120623 7 1 5
20120623 5 1 4
20120624 7 2 8
20120624 2 1 3
20120624 2 7 3
20120624 6 1 3
20120624 3 2 9
20120624 2 3 5
20120624 3 7 5
20120624 2 3 4
20120624 8 3 6
20120624 2 9 5
20120624 7 4 8
20120625 4 7 3
20120625 7 3 2
20120625 3 4 1
20120625 9 2 5
20120625 1 4 6
20120625 3 2 6
20120625 8 1 4
20120625 3 7 1
20120625 5 7 9
20120625 1 2 7
20120625 2 9 3
20120709 2 5 6
20120709 2 3 9
20120709 2 1 3
20120709 7 9 1
20120709 1 3 9
20120709 4 3 9
20120709 7 1 3
20120709 1 5 9
20120709 5 1 2
20120709 1 6 5
20120709 7 9 3
20120710 8 1 2
20120710 7 1 5
20120710 8 2 3
20120710 3 1 2
20120710 9 3 2
20120710 5 3 8
20120710 3 9 2
20120710 7 4 3
20120710 4 9 7
20120710 9 5 6
20120710 9 2 7
20120711 3 1 2
20120711 2 4 7
20120711 2 1 8
20120711 6 3 9
20120711 6 3 7
20120711 1 4 2
20120711 7 9 1
20120711 5 9 1
20120711 1 5 2
20120711 1 4 5
20120711 2 9 5
20120725 3 1 7
20120725 7 1 5
20120725 2 9 1
20120725 9 3 4
20120725 1 7 2
20120725 4 2 5
20120725 8 5 1
20120725 3 2 5
20120725 3 9 7
20120725 2 7 4
20120725 2 3 7
20120726 4 7 9
20120726 4 9 2
20120726 8 7 3
20120726 2 1 5
20120726 7 1 5
20120726 4 1 9
20120726 1 9 2
20120726 2 5 1
20120726 9 1 2
20120726 9 3 7
20120726 1 5 2
20120727 1 2 9
20120727 3 9 7
20120727 1 7 3
20120727 2 5 3
20120727 5 3 1
20120727 5 2 1
20120727 7 5 9
20120727 7 3 8
20120727 1 9 6
20120727 8 4 6
20120727 3 1 2
20120822 7 3 5
20120822 1 3 4
20120822 3 5 9
20120822 2 5 9
20120822 5 2 9
20120822 9 1 3
20120822 7 5 4
20120822 5 2 3
20120822 8 3 9
20120822 3 9 2
20120822 9 1 5
20120822 3 6 8
20120823 3 7 2
20120823 2 5 1
20120823 8 4 6
20120823 9 3 1
20120823 5 3 1
20120823 9 1 5
20120823 2 5 8
20120823 3 4 8
20120823 1 9 3
20120823 1 2 9
20120823 3 5 7
20120824 1 8 4
20120824 5 3 9
20120824 5 2 7
20120824 7 6 2
20120824 9 5 2
20120824 5 2 1
20120824 7 9 5
20120824 3 5 1
20120824 5 6 3
20120824 6 5 3
20120824 3 5 9
20120824 8 1 5
20120909 5 7 2
20120909 3 2 1
20120909 2 4 1
20120909 1 5 2
20120909 3 4 1
20120909 2 1 7
20120909 2 1 7
20120909 1 5 3
20120909 2 5 7
20120909 3 7 9
20120909 6 9 5
20120910 1 5 7
20120910 7 1 5
20120910 5 2 7
20120910 1 4 2
20120910 5 2 4
20120910 9 2 7
20120910 7 1 8
20120910 7 3 5
20120910 2 3 6
20120910 1 9 2
20120910 2 7 4
20120911 4 3 1
20120911 4 3 2
20120911 5 3 4
20120911 2 4 1
20120911 7 3 2
20120911 5 2 7
20120911 3 4 9
20120911 7 9 3
20120911 1 2 7
20120911 2 1 7
20120911 1 7 4
20120911 7 1 9
20120928 3 7 4
20120928 7 2 1
20120928 5 2 4
20120928 3 1 4
20120928 3 7 1
20120928 1 5 3
20120928 2 7 9
20120928 3 7 2
20120928 7 3 2
20120928 1 7 4
20120928 9 1 2
20120928 2 5 9
20120929 5 1 6
20120929 2 4 7
20120929 1 7 2
20120929 4 1 2
20120929 2 7 1
20120929 3 2 4
20120929 2 7 1
20120929 5 6 9
20120929 7 3 6
20120929 4 3 9
20120929 7 3 1
20120930 1 4 3
20120930 1 5 4
20120930 4 1 7
20120930 3 7 2
20120930 3 2 4
20120930 2 9 6
20121126 4 5 3
20121126 2 4 5
20121126 4 1 7
20121126 3 7 2
20121126 7 2 5
20121126 2 4 8
20121126 5 3 8
20121126 3 7 2
20121126 1 7 5
20121126 7 5 6
20121126 1 7 4
20121128 5 7 1
20121128 3 1 2
20121128 3 5 4
20121128 4 2 7
20121128 2 3 7
20121128 2 4 1
20121128 9 6 5
20121128 7 5 1
20121128 3 5 9
20121128 5 4 1
20121128 3 9 1
20121129 4 7 2
20121129 5 2 7
20121129 3 1 2
20121129 5 1 7
20121129 3 5 1
20121129 1 7 8
20121129 1 3 4
20121129 3 5 9
20121129 3 5 2
20121129 1 7 9
20121129 2 5 7
20121203 3 7 1
20121203 5 9 1
20121203 9 3 5
20121203 5 3 9
20121203 3 5 8
20121203 1 6 5
20121203 5 7 3
20121203 5 2 3
20121203 7 3 5
20121203 1 2 5
20121203 7 1 2
20121204 5 2 7
20121204 9 2 5
20121204 1 2 8
20121204 9 2 6
20121204 1 3 4
20121204 1 4 3
20121204 3 9 1
20121204 8 5 9
20121204 9 8 3
20121204 7 1 6
20121204 3 2 1
20121204 1 9 3
20121205 6 9 1
20121205 1 4 2
20121205 7 9 4
20121205 4 1 5
20121205 2 7 3
20121205 7 9 2
20121205 5 9 4
20121205 2 7 3
20121205 2 1 8
20121205 9 2 4
20121205 3 1 5
20121228 2 4 3
20121228 5 2 3
20121228 2 7 4
20121228 3 4 5
20121228 4 7 2
20121228 7 8 4
20121228 9 3 1
20121228 3 7 5
20121228 7 2 3
20121228 5 3 2
20121228 7 9 3
20121229 4 7 2
20121229 3 5 4
20121229 7 4 1
20121229 2 4 7
20121229 4 3 5
20121229 2 1 4
20121229 1 5 3
20121229 4 6 2
20121229 1 7 9
20121229 9 3 2
20121229 3 2 7
20121230 7 1 5
20121230 5 7 4
20121230 2 5 4
20121230 2 5 4
20121230 4 2 1
20121230 7 1 9
20121230 1 2 3
20121230 9 1 4
20121230 3 7 2
20121230 3 7 1
20121230 7 1 3
20130109 1 7 3
20130109 4 1 3
20130109 4 7 2
20130109 4 7 3
20130109 1 3 7
20130109 2 4 7
20130109 9 3 5
20130109 3 5 7
20130109 2 5 1
20130109 9 7 1
20130109 9 1 3
20130109 9 3 5
20130110 2 3 5
20130110 5 1 6
20130110 4 5 3
20130110 4 2 7
20130110 3 7 4
20130110 9 3 6
20130110 9 8 1
20130110 3 9 1
20130110 7 5 1
20130110 9 2 3
20130110 7 1 9
20130111 7 1 4
20130111 1 5 2
20130111 5 4 1
20130111 7 4 2
20130111 5 6 2
20130111 3 7 5
20130111 7 2 3
20130111 2 3 7
20130111 1 3 9
20130111 7 1 9
20130111 5 2 7
20130124 6 2 4
20130124 2 5 1
20130124 1 7 2
20130124 2 3 6
20130124 3 7 2
20130124 7 4 3
20130124 2 1 5
20130124 8 1 7
20130124 5 9 7
20130124 3 9 5
20130124 7 1 5
20130124 2 1 6
20130125 7 1 3
20130125 7 2 4
20130125 1 4 3
20130125 5 7 1
20130125 1 4 5
20130125 2 5 6
20130125 7 3 6
20130125 5 9 2
20130125 9 8 1
20130125 5 7 1
20130125 1 3 9
20130125 8 5 7
20130126 3 5 4
20130126 2 5 4
20130126 7 2 5
20130126 7 2 6
20130126 2 5 4
20130126 3 6 5
20130126 7 1 3
20130126 2 4 1
20130126 6 7 3
20130126 9 1 2
20130126 4 3 7
20130126 9 3 2
20130204 5 2 9
20130204 7 3 5
20130204 5 3 1
20130204 9 3 5
20130204 7 9 4
20130204 2 7 1
20130204 3 4 8
20130204 2 5 1
20130204 9 1 5
20130204 1 7 9
20130204 3 5 4
20130205 3 1 7
20130205 9 5 3
20130205 9 7 3
20130205 1 5 2
20130205 9 2 7
20130205 7 1 9
20130205 5 3 2
20130205 7 3 1
20130205 5 9 1
20130205 5 9 6
20130205 7 3 8
20130206 2 7 6
20130206 7 5 9
20130206 1 7 4
20130206 5 8 4
20130206 8 9 5
20130206 2 5 9
20130206 7 8 1
20130206 1 5 3
20130206 4 8 3
20130206 8 1 2
20130206 9 7 3
20130304 1 3 2
20130304 1 7 2
20130304 7 4 2
20130304 1 4 5
20130304 3 7 1
20130304 5 3 1
20130304 9 7 3
20130304 3 5 7
20130304 7 1 5
20130304 5 1 9
20130304 1 6 7
20130305 1 7 4
20130305 4 2 3
20130305 5 7 2
20130305 4 5 3
20130305 2 3 4
20130305 2 7 3
20130305 1 5 4
20130305 8 7 3
20130305 9 5 1
20130305 1 9 7
20130305 2 5 3
20130306 5 7 4
20130306 1 7 3
20130306 3 2 4
20130306 7 6 2
20130306 4 7 5
20130306 3 5 1
20130306 5 1 2
20130306 2 1 7
20130306 7 3 2
20130306 2 3 8
20130306 1 3 7
20130316 1 7 4
20130316 4 1 2
20130316 4 2 3
20130316 1 5 7
20130316 3 2 5
20130316 4 5 7
20130316 3 7 5
20130316 1 9 5
20130316 1 5 7
20130316 7 5 2
20130316 2 4 5
20130317 5 4 1
20130317 2 6 4
20130317 4 3 1
20130317 5 2 4
20130317 4 7 3
20130317 1 8 2
20130317 7 6 9
20130317 5 6 8
20130317 5 2 1
20130317 7 8 3
20130317 5 7 1
20130318 5 3 2
20130318 1 5 7
20130318 7 4 2
20130318 4 3 2
20130318 3 4 7
20130318 2 7 5
20130318 5 2 9
20130318 3 5 9
20130318 7 4 1
20130318 1 7 4
20130318 4 2 7
20130329 4 3 6
20130329 1 5 7
20130329 2 1 3
20130329 1 4 7
20130329 5 2 7
20130329 3 8 1
20130329 3 9 5
20130329 2 1 9
20130329 2 1 4
20130329 2 9 7
20130329 1 4 7
20130330 3 4 2
20130330 4 7 2
20130330 1 7 2
20130330 7 2 3
20130330 2 1 3
20130330 5 4 2
20130330 1 5 3
20130330 3 1 7
20130330 2 9 7
20130330 5 3 1
20130330 7 5 1
20130331 4 2 7
20130331 7 1 5
20130331 2 4 1
20130331 1 3 7
20130331 1 4 3
20130331 4 5 1
20130331 9 3 6
20130331 4 7 6
20130331 2 7 6
20130331 9 1 5
20130331 2 3 1
20130401 2 6 5
20130401 1 5 4
20130401 4 3 1
20130401 1 3 2
20130401 5 6 2
20130401 6 8 1
20130401 1 9 2
20130401 9 3 1
20130401 9 3 2
20130401 5 2 1
20130401 3 9 6
20130402 8 9 2
20130402 9 7 1
20130402 1 4 9
20130402 3 9 7
20130402 5 3 2
20130402 1 3 7
20130402 2 9 5
20130402 3 1 2
20130402 8 1 4
20130402 3 7 8
20130402 2 6 9
20130403 3 7 5
20130403 5 7 2
20130403 9 2 1
20130403 4 7 3
20130403 7 1 6
20130403 3 7 1
20130403 7 5 9
20130403 8 4 9
20130403 9 1 7
20130403 1 4 3
20130403 7 5 1
20130420 4 7 3
20130420 4 1 7
20130420 2 5 3
20130420 1 7 6
20130420 1 4 5
20130420 3 5 8
20130420 2 3 1
20130420 3 5 7
20130420 2 5 9
20130420 7 5 2
20130421 4 3 5
20130421 2 3 5
20130421 5 7 1
20130421 2 1 6
20130421 3 2 7
20130421 2 5 6
20130421 1 9 2
20130421 9 3 1
20130421 1 8 5
20130421 5 1 6
20130422 2 5 3
20130422 3 7 5
20130422 7 3 1
20130422 7 2 5
20130422 1 7 3
20130422 3 6 2
20130422 3 9 7
20130422 5 3 1
20130422 2 9 1
20130422 1 3 9
20130430 5 3 1
20130430 1 5 9
20130430 1 7 5
20130430 1 5 7
20130430 3 9 5
20130430 5 8 1
20130430 7 5 2
20130430 9 4 1
20130430 5 6 1
20130430 5 9 2
20130430 8 3 1
20130501 8 9 2
20130501 5 7 2
20130501 8 7 2
20130501 2 9 5
20130501 9 5 6
20130501 9 3 7
20130501 9 5 3
20130501 1 7 4
20130501 1 2 5
20130501 7 2 5
20130501 3 4 6
20130502 2 8 1
20130502 7 3 2
20130502 5 7 1
20130502 2 7 5
20130502 2 5 9
20130502 1 3 5
20130502 9 5 7
20130502 7 1 3
20130502 2 9 1
20130502 2 1 8
20130502 2 5 1
20130603 5 7 1
20130603 9 1 2
20130603 7 1 2
20130603 2 9 7
20130603 1 5 7
20130603 6 1 9
20130603 2 7 5
20130603 9 2 4
20130603 7 3 4
20130603 1 4 7
20130603 5 3 6
20130604 2 8 6
20130604 7 5 9
20130604 2 1 6
20130604 1 5 7
20130604 3 9 8
20130604 5 1 3
20130604 1 5 7
20130604 7 2 5
20130604 7 2 9
20130604 2 7 1
20130604 5 3 6
20130605 3 2 6
20130605 2 4 8
20130605 3 7 1
20130605 9 3 7
20130605 2 9 7
20130605 8 1 5
20130605 6 3 9
20130605 2 5 9
20130605 2 1 5
20130605 5 3 2
20130605 4 9 1
20130610 3 1 2
20130610 3 4 5
20130610 5 4 1
20130610 2 1 3
20130610 2 7 4
20130610 7 1 3
20130610 2 7 1
20130610 5 9 1
20130610 9 5 1
20130610 7 1 4
20130610 5 1 9
20130611 2 5 4
20130611 7 1 5
20130611 1 5 2
20130611 7 2 3
20130611 5 4 2
20130611 2 1 7
20130611 9 1 4
20130611 3 8 4
20130611 3 8 2
20130611 9 5 3
20130612 4 2 5
20130612 4 5 7
20130612 5 3 4
20130612 1 2 3
20130612 2 1 3
20130612 4 3 2
20130612 1 2 9
20130612 1 9 5
20130612 1 5 9
20130612 1 9 5
20130612 3 9 5
20130612 9 3 5
20130612 2 4 1
20130720 1 7 2
20130720 3 5 1
20130720 2 7 1
20130720 5 1 2
20130720 1 9 7
20130720 3 7 5
20130720 2 7 1
20130720 3 7 1
20130720 5 3 4
20130720 9 8 3
20130720 1 7 3
20130721 7 3 9
20130721 1 5 6
20130721 5 3 9
20130721 1 7 9
20130721 5 3 7
20130721 9 2 7
20130721 7 9 5
20130721 5 1 7
20130721 1 5 9
20130721 9 2 3
20130721 5 7 2
20130722 3 2 7
20130722 8 4 3
20130722 2 9 6
20130722 2 5 7
20130722 6 1 5
20130722 6 1 5
20130722 5 7 2
20130722 9 7 1
20130722 5 9 3
20130722 2 3 7
20130722 3 1 2
20130723 5 2 3
20130723 2 7 8
20130723 1 9 2
20130723 2 4 1
20130723 7 5 3
20130723 9 1 7
20130723 5 1 7
20130723 1 9 2
20130723 5 2 4
20130723 2 9 7
20130723 7 1 2
20130729 2 1 3
20130729 3 7 1
20130729 5 3 7
20130729 5 2 7
20130729 1 3 2
20130729 9 2 8
20130729 2 4 9
20130729 4 3 2
20130729 6 9 7
20130729 3 2 9
20130730 3 7 1
20130730 1 4 5
20130730 7 2 4
20130730 7 2 5
20130730 4 7 1
20130730 7 4 3
20130730 2 7 1
20130730 1 9 7
20130730 9 1 2
20130730 5 3 7
20130731 1 3 2
20130731 3 4 2
20130731 2 3 5
20130731 2 5 3
20130731 2 1 5
20130731 2 7 8
20130731 8 3 2
20130731 6 5 3
20130731 5 2 3
20130731 7 1 2
20130807 4 3 7
20130807 4 5 7
20130807 1 5 4
20130807 2 5 7
20130807 3 1 2
20130807 1 4 9
20130807 4 7 1
20130807 9 7 2
20130807 5 3 2
20130807 7 9 4
20130808 7 3 4
20130808 4 3 2
20130808 4 3 5
20130808 1 2 6
20130808 2 3 7
20130808 5 7 2
20130808 1 2 7
20130808 1 7 5
20130808 3 1 9
20130808 7 3 1
20130808 9 1 6
20130809 7 4 2
20130809 7 3 6
20130809 5 7 2
20130809 2 5 7
20130809 2 4 7
20130809 1 3 7
20130809 2 4 6
20130809 9 5 1
20130809 2 7 5
20130809 5 1 3
20130907 4 5 3
20130907 7 5 3
20130907 7 1 6
20130907 3 7 5
20130907 5 7 2
20130907 4 7 5
20130907 7 6 2
20130907 7 3 2
20130907 2 3 1
20130907 1 7 5
20130907 1 7 8
20130907 9 8 7
20130908 7 1 4
20130908 5 1 3
20130908 1 3 4
20130908 4 2 6
20130908 2 5 3
20130908 6 3 5
20130908 5 1 2
20130908 4 3 5
20130908 5 7 3
20130908 2 5 3
20130908 2 3 5
20130908 1 2 5
20130909 2 4 5
20130909 4 7 6
20130909 3 1 5
20130909 4 5 6
20130909 3 7 5
20130909 2 3 9
20130909 2 6 5
20130909 5 1 6
20130909 2 5 1
20130909 1 6 5
20130909 3 6 4
20130909 3 7 2
20130925 9 5 2
20130925 3 9 2
20130925 7 1 2
20130925 5 7 1
20130925 3 2 1
20130925 1 4 7
20130925 7 5 9
20130925 7 9 2
20130925 2 3 7
20130925 1 3 9
20130925 3 4 5
20130926 7 3 1
20130926 3 9 5
20130926 9 3 6
20130926 2 1 7
20130926 2 9 1
20130926 7 1 2
20130926 3 7 2
20130926 2 5 3
20130926 7 5 2
20130926 3 1 9
20130926 3 9 7
20130927 5 1 2
20130927 3 9 5
20130927 9 5 3
20130927 3 9 5
20130927 9 5 1
20130927 3 8 2
20130927 2 8 1
20130927 7 1 5
20130927 2 1 6
20130927 2 9 3
20130927 2 4 9
20131002 7 1 2
20131002 3 9 1
20131002 7 2 3
20131002 5 1 2
20131002 9 2 5
20131002 6 1 5
20131002 2 7 1
20131002 1 9 4
20131002 5 7 9
20131002 7 2 3
20131002 1 9 3
20131003 9 4 7
20131003 1 5 6
20131003 1 4 9
20131003 9 5 8
20131003 1 3 6
20131003 1 9 8
20131003 2 9 7
20131003 5 3 2
20131003 5 7 8
20131003 7 3 1
20131003 3 9 2
20131004 5 3 9
20131004 2 9 3
20131004 1 3 7
20131004 9 1 5
20131004 1 9 3
20131004 7 8 5
20131004 3 9 5
20131004 5 9 6
20131004 7 1 3
20131004 5 3 9
20131004 9 4 5
20131217 3 5 4
20131217 3 1 2
20131217 5 2 3
20131217 2 8 7
20131217 9 3 1
20131217 1 3 4
20131217 2 5 9
20131217 2 5 3
20131217 5 1 7
20131217 7 1 3
20131217 2 3 8
20131218 9 4 2
20131218 1 2 5
20131218 3 7 8
20131218 1 5 8
20131218 5 2 1
20131218 7 9 6
20131218 9 7 8
20131218 4 9 5
20131218 3 1 2
20131218 1 3 5
20131218 9 3 8
20131219 3 9 5
20131219 2 3 9
20131219 7 5 1
20131219 1 7 4
20131219 5 3 7
20131219 5 3 2
20131219 3 1 5
20131219 3 8 9
20131219 3 5 1
20131219 9 7 3
20131219 2 3 9
20140101 1 4 6
20140101 7 3 4
20140101 5 3 2
20140101 2 1 7
20140101 4 6 7
20140101 1 2 3
20140101 9 8 2
20140101 2 6 5
20140101 1 9 5
20140101 3 9 8
20140102 7 1 4
20140102 4 2 1
20140102 1 7 6
20140102 2 3 7
20140102 7 3 2
20140102 8 7 6
20140102 5 2 3
20140102 3 8 9
20140102 9 8 5
20140102 7 9 2
20140103 1 4 6
20140103 4 2 3
20140103 7 6 2
20140103 5 3 6
20140103 2 4 3
20140103 3 7 4
20140103 3 9 1
20140103 4 2 3
20140103 4 6 2
20140103 2 5 3
20140205 1 3 6
20140205 1 5 7
20140205 4 7 3
20140205 3 5 1
20140205 5 1 2
20140205 9 1 7
20140205 2 7 3
20140205 2 7 3
20140205 1 5 3
20140205 7 8 3
20140205 7 8 5
20140206 3 1 7
20140206 7 3 4
20140206 4 3 2
20140206 5 3 2
20140206 4 7 6
20140206 2 9 1
20140206 3 7 9
20140206 7 2 5
20140206 9 3 7
20140206 2 6 7
20140207 2 5 3
20140207 1 4 7
20140207 6 4 7
20140207 2 1 4
20140207 4 2 3
20140207 3 5 9
20140207 1 5 7
20140207 6 5 4
20140207 1 4 3
20140207 4 1 3
20140207 4 2 7
20140212 1 5 7
20140212 1 5 7
20140212 3 7 1
20140212 5 4 3
20140212 2 3 7
20140212 1 9 5
20140212 1 7 9
20140212 2 5 4
20140212 9 7 3
20140212 7 2 9
20140213 6 7 3
20140213 6 7 3
20140213 7 2 6
20140213 3 7 4
20140213 4 3 7
20140213 9 4 3
20140213 1 3 9
20140213 3 7 2
20140213 5 7 2
20140213 5 1 4
20140214 4 5 1
20140214 4 5 1
20140214 7 5 1
20140214 2 5 6
20140214 4 3 2
20140214 2 5 8
20140214 8 4 3
20140214 7 5 3
20140214 1 7 2
20140214 5 9 1
20140219 3 5 7
20140219 3 4 7
20140219 1 7 3
20140219 3 7 5
20140219 5 1 3
20140219 9 2 3
20140219 7 3 1
20140219 1 9 6
20140219 1 5 3
20140219 3 1 4
20140220 7 1 2
20140220 2 4 3
20140220 1 2 5
20140220 3 4 6
20140220 2 5 1
20140220 3 1 9
20140220 4 3 8
20140220 5 3 1
20140220 9 1 4
20140220 8 9 4
20140221 1 4 7
20140221 7 3 5
20140221 5 2 1
20140221 7 3 6
20140221 7 2 5
20140221 9 5 3
20140221 1 9 3
20140221 2 7 3
20140221 7 4 1
20140221 2 4 9
20140324 5 7 6
20140324 8 7 5
20140324 1 7 3
20140324 9 1 2
20140324 7 5 1
20140324 3 5 1
20140324 2 9 7
20140324 3 2 9
20140324 1 5 4
20140324 1 3 2
20140324 7 1 5
20140325 5 9 1
20140325 3 9 1
20140325 3 5 7
20140325 1 7 2
20140325 2 7 1
20140325 5 1 7
20140325 7 1 4
20140325 2 1 7
20140325 1 9 2
20140325 1 7 8
20140325 9 3 5
20140326 9 3 6
20140326 2 1 9
20140326 2 7 5
20140326 1 6 2
20140326 2 1 9
20140326 3 5 1
20140326 3 2 9
20140326 7 4 8
20140326 1 7 9
20140326 2 3 5
20140326 2 7 3
20140329 3 5 2
20140329 2 4 3
20140329 1 4 5
20140329 2 7 3
20140329 4 1 6
20140329 9 1 8
20140329 3 7 2
20140329 4 1 7
20140329 7 2 3
20140329 6 2 9
20140330 3 2 6
20140330 4 5 3
20140330 7 5 1
20140330 3 4 5
20140330 2 6 7
20140330 2 9 4
20140330 7 3 4
20140330 7 8 4
20140330 3 5 7
20140330 1 2 3
20140331 6 1 2
20140331 2 4 5
20140331 3 1 7
20140331 5 6 2
20140331 7 9 6
20140331 2 5 1
20140331 9 1 5
20140331 6 7 4
20140331 5 2 1
20140331 3 1 6
20140402 5 3 7
20140402 5 4 3
20140402 5 3 8
20140402 3 2 1
20140402 3 7 9
20140402 5 7 2
20140402 3 6 4
20140402 1 5 2
20140402 5 1 3
20140402 2 5 9
20140402 1 7 5
20140402 2 4 3
20140403 5 1 3
20140403 2 9 5
20140403 2 7 5
20140403 5 7 2
20140403 1 2 3
20140403 7 4 6
20140403 6 1 3
20140403 1 7 8
20140403 2 5 6
20140403 5 3 2
20140403 5 1 3
20140403 7 1 4
20140404 4 1 3
20140404 8 6 5
20140404 5 3 2
20140404 5 3 9
20140404 3 1 5
20140404 2 5 7
20140404 7 3 6
20140404 2 9 7
20140404 2 1 7
20140404 7 9 3
20140404 5 2 6
20140404 4 2 8
20140409 7 4 1
20140409 4 1 2
20140409 4 2 5
20140409 2 1 4
20140409 5 3 4
20140409 9 7 2
20140409 9 5 2
20140409 3 5 7
20140409 7 3 4
20140409 5 4 8
20140410 7 3 5
20140410 1 7 3
20140410 5 6 1
20140410 3 4 2
20140410 1 7 3
20140410 2 5 3
20140410 7 2 3
20140410 1 9 7
20140410 4 9 6
20140410 3 7 4
20140411 7 6 1
20140411 3 5 1
20140411 5 1 4
20140411 5 2 1
20140411 2 9 1
20140411 1 5 7
20140411 5 9 7
20140411 2 1 9
20140411 5 2 7
20140411 4 6 8
20140421 7 3 4
20140421 2 5 1
20140421 1 5 7
20140421 5 8 9
20140421 2 7 9
20140421 3 7 8
20140421 9 2 1
20140421 7 3 1
20140421 3 5 2
20140421 7 5 1
20140421 3 6 7
20140422 2 9 7
20140422 2 5 7
20140422 3 4 7
20140422 9 8 5
20140422 9 3 5
20140422 9 8 7
20140422 8 6 7
20140422 2 5 7
20140422 1 9 5
20140422 2 3 9
20140422 9 1 7
20140423 5 2 9
20140423 5 7 8
20140423 5 7 3
20140423 1 8 7
20140423 2 5 6
20140423 5 2 1
20140423 7 1 8
20140423 1 5 6
20140423 5 4 9
20140423 7 5 9
20140423 1 3 7
20140519 9 2 7
20140519 5 2 8
20140519 7 1 9
20140519 1 2 8
20140519 1 5 3
20140519 2 4 1
20140519 1 7 3
20140519 3 7 1
20140519 3 5 9
20140519 2 3 1
20140519 9 7 4
20140520 2 7 9
20140520 8 1 2
20140520 3 8 9
20140520 7 1 4
20140520 2 5 7
20140520 1 5 9
20140520 1 7 8
20140520 7 4 3
20140520 5 1 9
20140520 2 1 7
20140520 1 9 3
20140521 9 7 5
20140521 2 9 5
20140521 2 7 4
20140521 7 2 4
20140521 4 7 3
20140521 5 2 7
20140521 1 7 5
20140521 5 2 7
20140521 3 9 7
20140521 5 1 9
20140521 1 9 4
20140521 2 6 8
20140704 5 7 1
20140704 2 7 3
20140704 4 7 3
20140704 4 2 5
20140704 1 3 7
20140704 1 9 5
20140704 9 5 2
20140704 2 9 5
20140704 1 9 5
20140704 5 1 3
20140705 3 4 2
20140705 3 5 7
20140705 7 2 6
20140705 3 7 1
20140705 5 2 1
20140705 9 3 4
20140705 5 6 2
20140705 7 2 3
20140705 1 3 4
20140705 2 9 5
20140706 3 7 5
20140706 6 5 7
20140706 4 3 6
20140706 4 5 7
20140706 1 6 5
20140706 9 4 7
20140706 2 9 7
20140706 9 2 7
20140706 5 1 3
20140706 7 6 4
20140810 3 2 5
20140810 1 7 4
20140810 2 6 3
20140810 3 4 1
20140810 5 3 4
20140810 2 3 9
20140810 2 6 3
20140810 7 9 1
20140810 7 9 2
20140810 7 1 3
20140810 5 7 2
20140811 3 6 4
20140811 3 7 1
20140811 7 3 2
20140811 2 4 5
20140811 2 3 1
20140811 2 5 9
20140811 5 2 9
20140811 7 1 4
20140811 8 6 2
20140811 7 3 9
20140811 5 7 3
20140812 2 1 3
20140812 2 3 1
20140812 2 4 3
20140812 4 6 1
20140812 6 5 3
20140812 2 9 7
20140812 9 7 1
20140812 5 2 9
20140812 7 1 3
20140812 1 3 5
20140821 2 4 7
20140821 5 1 3
20140821 2 1 5
20140821 3 2 8
20140821 1 9 7
20140821 2 9 3
20140821 9 1 4
20140821 5 3 8
20140821 3 4 2
20140821 7 2 1
20140821 1 5 8
20140821 2 3 9
20140822 9 4 8
20140822 7 2 1
20140822 7 2 9
20140822 9 3 5
20140822 8 2 1
20140822 1 7 9
20140822 5 1 9
20140822 3 7 1
20140822 9 5 1
20140822 9 3 8
20140822 2 3 5
20140822 9 6 5
20140823 1 8 7
20140823 1 5 7
20140823 9 1 5
20140823 2 9 8
20140823 9 5 1
20140823 7 1 9
20140823 5 1 9
20140823 2 7 8
20140823 9 1 4
20140823 1 2 9
20140823 1 5 2
20140823 3 1 5
20140824 4 5 2
20140824 2 6 4
20140824 5 3 7
20140824 3 9 7
20140824 2 9 3
20140824 1 4 2
20140824 9 2 4
20140824 1 2 9
20140824 2 5 4
20140824 4 2 1
20140824 7 1 4
20140901 3 5 4
20140901 2 7 4
20140901 3 7 4
20140901 3 1 5
20140901 7 4 1
20140901 4 2 6
20140901 1 4 7
20140901 9 1 2
20140901 9 1 3
20140901 9 5 7
20140902 7 5 4
20140902 7 1 3
20140902 1 7 2
20140902 5 1 2
20140902 7 1 2
20140902 1 5 9
20140902 4 1 2
20140902 2 1 5
20140902 9 7 3
20140902 7 1 3
20140903 1 5 3
20140903 3 5 1
20140903 1 4 3
20140903 1 7 5
20140903 3 2 6
20140903 9 2 1
20140903 6 2 4
20140903 9 5 1
20140903 7 5 4
20140903 5 9 7
20141007 5 2 7
20141007 1 7 5
20141007 3 2 4
20141007 5 2 6
20141007 4 1 2
20141007 9 2 3
20141007 1 5 7
20141007 1 9 4
20141007 4 2 7
20141007 4 1 2
20141008 2 7 6
20141008 4 5 3
20141008 5 2 1
20141008 2 7 4
20141008 1 2 7
20141008 7 5 1
20141008 5 7 1
20141008 9 1 6
20141008 1 2 3
20141008 2 5 7
20141009 1 3 7
20141009 5 3 4
20141009 2 7 5
20141009 4 2 1
20141009 3 5 2
20141009 7 1 8
20141009 1 7 2
20141009 5 1 6
20141009 2 7 1
20141009 9 2 3
20141015 2 5 1
20141015 1 9 2
20141015 3 5 4
20141015 2 1 5
20141015 2 1 8
20141015 7 2 5
20141015 2 7 3
20141015 1 3 4
20141015 3 7 8
20141015 3 2 7
20141015 2 7 4
20141015 8 3 1
20141016 9 1 5
20141016 5 1 2
20141016 9 2 7
20141016 1 9 5
20141016 2 5 3
20141016 5 4 7
20141016 3 5 1
20141016 3 7 5
20141016 5 2 9
20141016 5 9 2
20141016 2 3 1
20141016 8 4 9
20141016 9 1 4
20141017 2 3 6
20141017 3 1 9
20141017 3 5 2
20141017 5 2 9
20141017 5 3 2
20141017 2 9 4
20141017 2 5 1
20141017 3 1 2
20141017 7 6 2
20141017 7 3 4
20141017 1 5 3
20141017 3 5 8
20141211 1 5 3
20141211 3 2 6
20141211 4 7 1
20141211 3 6 1
20141211 4 1 5
20141211 5 9 2
20141211 5 1 3
20141211 5 1 7
20141211 3 6 1
20141211 4 6 7
20141212 5 2 6
20141212 2 5 1
20141212 4 5 1
20141212 2 1 3
20141212 5 1 7
20141212 7 3 9
20141212 2 1 6
20141212 2 4 9
20141212 6 9 3
20141212 5 4 9
20141213 2 5 4
20141213 5 2 3
20141213 5 7 2
20141213 5 2 4
20141213 9 3 4
20141213 1 4 5
20141213 2 7 3
20141213 1 4 2
20141213 1 7 2
20141213 7 5 2
20141225 2 4 7
20141225 1 3 7
20141225 1 7 5
20141225 3 1 5
20141225 5 1 3
20141225 4 5 1
20141225 6 2 7
20141225 2 7 8
20141225 4 5 3
20141225 5 9 2
20141225 7 4 8
20141225 3 2 1
20141226 3 7 6
20141226 4 7 5
20141226 7 1 5
20141226 6 1 4
20141226 4 3 7
20141226 7 3 2
20141226 1 2 3
20141226 6 2 4
20141226 8 2 9
20141226 1 5 6
20141226 4 3 6
20141226 3 5 1
20141226 5 3 1
20141227 1 3 6
20141227 4 7 6
20141227 2 1 7
20141227 1 5 2
20141227 6 1 3
20141227 1 6 3
20141227 8 5 3
20141227 3 5 6
20141227 3 2 1
20141227 1 3 7
20141227 5 3 2
20141227 7 2 8
20150204 3 5 1
20150204 1 3 2
20150204 7 4 3
20150204 2 6 5
20150204 1 5 4
20150204 7 3 2
20150204 5 9 4
20150204 6 3 1
20150204 2 7 5
20150204 8 2 4
20150204 8 2 7
20150205 2 3 5
20150205 7 2 4
20150205 3 7 1
20150205 5 2 7
20150205 6 1 2
20150205 2 7 3
20150205 7 8 2
20150205 9 1 3
20150205 9 2 5
20150205 5 7 2
20150206 3 6 4
20150206 1 4 2
20150206 7 3 5
20150206 4 1 3
20150206 3 7 9
20150206 7 9 1
20150206 3 1 4
20150206 1 4 5
20150206 8 3 5
20150206 5 8 1
20150209 2 8 4
20150209 1 5 7
20150209 1 4 3
20150209 1 7 9
20150209 5 1 9
20150209 8 2 1
20150209 3 4 1
20150209 1 8 5
20150209 2 7 4
20150209 3 5 7
20150209 7 1 3
20150210 7 1 5
20150210 5 2 7
20150210 9 1 6
20150210 4 3 7
20150210 1 7 8
20150210 5 2 3
20150210 9 7 2
20150210 9 3 1
20150210 5 1 8
20150210 9 5 1
20150210 2 3 5
20150211 1 8 2
20150211 3 8 5
20150211 5 8 3
20150211 2 5 9
20150211 7 1 5
20150211 7 1 3
20150211 9 3 5
20150211 1 2 9
20150211 8 1 6
20150211 7 9 4
20150211 3 7 5
20150226 2 5 3
20150226 4 6 3
20150226 1 7 2
20150226 3 7 2
20150226 4 3 1
20150226 5 8 3
20150226 2 5 3
20150226 4 3 9
20150226 9 1 2
20150226 5 9 3
20150227 3 2 6
20150227 7 4 2
20150227 3 5 7
20150227 7 3 4
20150227 5 1 2
20150227 2 1 5
20150227 3 1 9
20150227 9 2 6
20150227 7 1 3
20150227 9 2 6
20150228 6 5 4
20150228 4 6 3
20150228 5 7 1
20150228 7 4 3
20150228 7 2 1
20150228 5 3 9
20150228 3 5 2
20150228 1 7 4
20150228 3 7 8
20150228 7 5 3
20150311 2 4 5
20150311 5 2 4
20150311 7 3 2
20150311 1 7 4
20150311 5 2 3
20150311 2 9 3
20150311 5 1 7
20150311 9 5 2
20150311 7 1 3
20150311 2 5 7
20150312 3 5 1
20150312 4 7 1
20150312 1 7 4
20150312 5 1 3
20150312 1 7 5
20150312 3 2 4
20150312 3 5 1
20150312 3 9 2
20150312 9 1 3
20150312 7 1 5
20150313 7 2 4
20150313 3 1 2
20150313 5 3 4
20150313 5 1 2
20150313 9 1 7
20150313 3 9 1
20150313 2 1 4
20150313 9 1 7
20150313 9 2 5
20150313 1 3 6
20150325 2 3 6
20150325 7 3 1
20150325 1 9 2
20150325 1 3 9
20150325 2 9 4
20150325 4 3 8
20150325 5 3 9
20150325 9 7 1
20150325 9 4 5
20150325 5 3 7
20150325 3 7 6
20150326 1 8 3
20150326 2 9 5
20150326 3 7 5
20150326 9 2 4
20150326 9 1 3
20150326 7 1 6
20150326 8 7 4
20150326 9 3 1
20150326 5 9 6
20150326 2 7 6
20150326 2 5 9
20150327 7 9 8
20150327 9 1 7
20150327 2 9 5
20150327 1 5 7
20150327 6 9 8
20150327 3 2 5
20150327 2 1 6
20150327 3 5 7
20150327 3 1 8
20150327 1 2 9
20150327 1 3 9
20150406 4 3 7
20150406 5 2 7
20150406 3 7 2
20150406 1 4 2
20150406 2 5 1
20150406 1 9 2
20150406 1 2 9
20150406 2 3 9
20150406 4 2 3
20150406 9 5 3
20150407 2 1 4
20150407 4 3 7
20150407 4 2 5
20150407 2 4 5
20150407 2 7 3
20150407 7 4 2
20150407 1 3 7
20150407 5 9 3
20150407 7 5 3
20150407 7 1 4
20150408 5 4 3
20150408 1 6 3
20150408 1 3 2
20150408 5 1 6
20150408 7 8 2
20150408 7 8 5
20150408 1 3 5
20150408 5 7 3
20150408 5 2 1
20150408 7 9 2
20150408 9 7 1
20150423 3 8 4
20150423 5 2 4
20150423 2 9 7
20150423 5 9 2
20150423 1 3 7
20150423 6 3 7
20150423 5 7 2
20150423 3 9 7
20150423 2 9 1
20150423 5 2 8
20150423 5 2 3
20150423 9 3 7
20150424 4 1 3
20150424 7 9 8
20150424 2 7 1
20150424 1 5 2
20150424 5 7 1
20150424 4 2 6
20150424 3 2 4
20150424 7 9 1
20150424 5 7 8
20150424 3 1 7
20150424 3 9 6
20150424 3 4 5
20150425 3 5 1
20150425 1 5 3
20150425 2 8 5
20150425 9 5 7
20150425 7 5 6
20150425 7 9 4
20150425 5 9 2
20150425 5 1 2
20150425 2 1 5
20150425 5 4 9
20150425 7 9 8
20150425 9 5 2
20150521 4 6 2
20150521 2 4 7
20150521 1 5 3
20150521 5 4 7
20150521 7 4 1
20150521 2 5 7
20150521 9 2 4
20150521 7 2 1
20150521 5 9 1
20150521 7 3 2
20150522 4 1 3
20150522 7 1 5
20150522 2 1 7
20150522 2 5 3
20150522 3 5 4
20150522 5 1 7
20150522 2 9 5
20150522 7 1 5
20150522 7 2 3
20150522 5 3 2
20150523 2 6 1
20150523 4 2 7
20150523 2 5 7
20150523 6 2 4
20150523 7 8 2
20150523 7 8 5
20150523 1 2 5
20150523 3 7 9
20150523 9 4 6
20150523 9 7 1
