20120422 1 5 2
20120422 5 2 7
20120422 2 4 5
20120422 7 2 4
20120422 3 1 4
20120422 1 4 8
20120422 5 3 7
20120422 7 3 2
20120422 9 1 3
20120422 7 9 3
20120422 9 7 5
20120423 3 1 7
20120423 7 3 1
20120423 1 5 2
20120423 7 2 6
20120423 2 3 7
20120423 7 4 1
20120423 9 3 6
20120423 3 1 9
20120423 1 2 7
20120423 8 1 2
20120423 2 9 1
20120424 2 5 4
20120424 7 4 2
20120424 2 4 7
20120424 2 3 6
20120424 2 5 1
20120424 3 9 6
20120424 2 9 4
20120424 7 1 4
20120424 7 9 1
20120424 3 5 1
20120424 5 6 1
20120501 8 1 2
20120501 1 7 5
20120501 2 3 9
20120501 3 2 5
20120501 5 7 9
20120501 3 7 1
20120501 9 4 2
20120501 2 8 4
20120501 1 7 8
20120501 2 1 8
20120501 2 1 9
20120501 2 1 5
20120501 2 3 1
20120502 9 6 4
20120502 2 6 1
20120502 9 7 5
20120502 7 5 9
20120502 5 9 4
20120502 1 5 2
20120502 5 3 9
20120502 5 9 2
20120502 2 1 7
20120502 2 6 4
20120502 2 5 4
20120502 1 5 9
20120503 2 8 5
20120503 3 6 1
20120503 5 1 9
20120503 5 3 9
20120503 1 7 4
20120503 1 9 2
20120503 2 5 9
20120503 9 2 8
20120503 2 7 5
20120503 9 3 4
20120503 7 3 2
20120503 9 5 2
20120512 2 3 7
20120512 3 2 1
20120512 1 3 5
20120512 7 2 3
20120512 1 7 5
20120512 3 9 7
20120512 5 2 1
20120512 9 3 1
20120512 3 2 5
20120512 9 3 1
20120512 7 9 2
20120513 5 1 7
20120513 1 7 4
20120513 1 4 3
20120513 5 1 6
20120513 7 4 1
20120513 4 2 9
20120513 3 7 4
20120513 2 7 1
20120513 3 7 8
20120513 2 7 3
20120513 1 7 5
20120514 7 5 1
20120514 2 3 1
20120514 5 1 6
20120514 6 3 2
20120514 6 3 2
20120514 2 5 7
20120514 3 9 5
20120514 2 9 4
20120514 3 5 4
20120514 2 5 7
20120514 7 1 2
20120530 3 1 5
20120530 1 2 7
20120530 1 7 2
20120530 3 7 5
20120530 2 9 7
20120530 3 7 5
20120530 3 7 8
20120530 1 2 9
20120530 3 1 5
20120530 3 9 5
20120530 3 7 1
20120530 3 1 5
20120530 7 1 6
20120531 9 5 7
20120531 3 9 4
20120531 1 9 7
20120531 7 1 4
20120531 8 3 2
20120531 5 7 1
20120531 2 1 9
20120531 5 1 7
20120531 3 5 8
20120531 5 6 4
20120531 9 7 2
20120531 9 1 4
20120601 2 5 9
20120601 9 2 5
20120601 6 1 2
20120601 5 7 4
20120601 3 2 1
20120601 2 5 6
20120601 3 1 7
20120601 2 5 7
20120601 2 3 7
20120601 7 3 5
20120601 9 3 2
20120601 5 8 3
20120607 4 2 6
20120607 1 7 3
20120607 4 6 1
20120607 1 3 2
20120607 2 7 5
20120607 9 2 7
20120607 7 2 9
20120607 9 1 3
20120607 2 5 9
20120607 9 3 1
20120607 5 1 2
20120607 5 1 3
20120608 7 2 5
20120608 3 7 5
20120608 2 7 3
20120608 5 7 2
20120608 1 4 7
20120608 5 2 7
20120608 4 7 5
20120608 5 1 9
20120608 2 1 5
20120608 3 5 1
20120608 9 3 7
20120609 3 6 4
20120609 4 2 1
20120609 1 3 2
20120609 5 1 4
20120609 3 7 5
20120609 4 3 9
20120609 7 8 2
20120609 3 8 1
20120609 1 7 3
20120609 1 5 3
20120609 8 3 2
20120611 2 5 7
20120611 1 7 2
20120611 3 7 2
20120611 3 7 2
20120611 5 1 4
20120611 4 2 5
20120611 7 3 5
20120611 2 5 9
20120611 1 8 3
20120611 7 3 9
20120611 5 2 7
20120612 2 7 5
20120612 2 5 4
20120612 7 4 1
20120612 7 5 1
20120612 3 2 5
20120612 4 1 9
20120612 7 2 5
20120612 3 7 6
20120612 1 3 6
20120612 5 1 2
20120612 1 7 8
20120613 4 2 7
20120613 2 3 5
20120613 1 3 6
20120613 2 7 4
20120613 5 1 6
20120613 1 5 3
20120613 9 5 2
20120613 2 3 7
20120613 1 7 3
20120613 1 5 2
20120613 9 1 3
20120618 2 9 7
20120618 2 5 8
20120618 1 9 7
20120618 7 4 3
20120618 2 7 3
20120618 9 2 1
20120618 5 8 1
20120618 9 4 3
20120618 3 1 5
20120618 4 9 8
20120618 7 1 4
20120618 9 3 7
20120619 5 1 7
20120619 5 1 9
20120619 5 9 1
20120619 1 7 5
20120619 5 2 3
20120619 8 9 3
20120619 5 2 9
20120619 8 6 9
20120619 3 4 8
20120619 2 1 5
20120619 9 2 1
20120619 5 7 9
20120619 5 2 3
20120620 5 8 7
20120620 4 2 3
20120620 3 2 9
20120620 3 9 5
20120620 3 9 2
20120620 5 2 3
20120620 1 3 7
20120620 3 7 1
20120620 7 5 2
20120620 9 6 3
20120620 1 3 4
20120620 7 4 2
20120705 3 4 1
20120705 4 2 5
20120705 4 1 7
20120705 4 7 1
20120705 4 1 3
20120705 7 2 4
20120705 2 4 9
20120705 1 5 9
20120705 2 9 7
20120705 1 3 9
20120705 3 9 7
20120705 2 3 9
20120706 3 1 4
20120706 2 5 7
20120706 1 7 5
20120706 5 4 1
20120706 7 5 2
20120706 1 5 3
20120706 3 2 4
20120706 2 1 5
20120706 1 3 9
20120706 5 2 3
20120706 3 8 1
20120707 7 2 4
20120707 1 7 5
20120707 2 4 6
20120707 2 4 7
20120707 6 4 5
20120707 9 3 1
20120707 4 1 9
20120707 9 1 3
20120707 7 4 1
20120707 2 1 3
20120717 2 7 6
20120717 9 1 5
20120717 1 7 3
20120717 1 5 8
20120717 5 1 9
20120717 2 9 4
20120717 4 1 9
20120717 3 7 4
20120717 1 2 9
20120717 3 9 5
20120717 9 6 5
20120718 3 1 7
20120718 1 3 2
20120718 1 9 8
20120718 3 9 4
20120718 5 2 9
20120718 1 7 2
20120718 2 7 1
20120718 8 1 3
20120718 1 5 9
20120718 3 9 5
20120718 1 4 7
20120719 2 1 8
20120719 3 5 8
20120719 2 5 4
20120719 2 6 7
20120719 9 4 1
20120719 2 9 5
20120719 7 2 9
20120719 2 3 6
20120719 2 1 4
20120719 3 7 4
20120719 3 1 9
20120801 3 2 5
20120801 5 3 4
20120801 7 1 4
20120801 1 2 5
20120801 5 1 2
20120801 2 7 9
20120801 9 1 3
20120801 3 1 4
20120801 2 7 3
20120801 7 1 3
20120801 8 4 1
20120802 3 4 6
20120802 5 3 6
20120802 3 1 2
20120802 7 6 3
20120802 1 7 5
20120802 5 1 9
20120802 5 1 3
20120802 9 2 5
20120802 2 3 7
20120802 5 1 7
20120802 1 3 6
20120803 3 1 2
20120803 7 3 1
20120803 6 4 3
20120803 5 7 3
20120803 4 5 3
20120803 4 3 8
20120803 3 5 1
20120803 7 8 2
20120803 5 8 2
20120803 1 5 3
20120803 7 1 9
20120825 7 1 2
20120825 3 2 9
20120825 7 9 8
20120825 5 2 4
20120825 5 1 9
20120825 3 1 2
20120825 2 3 9
20120825 5 2 9
20120825 5 1 7
20120825 5 7 1
20120825 1 3 4
20120825 3 8 9
20120826 3 2 7
20120826 3 2 1
20120826 3 4 6
20120826 3 5 7
20120826 1 7 5
20120826 4 3 9
20120826 9 3 2
20120826 6 1 7
20120826 1 7 9
20120826 1 8 3
20120826 1 8 5
20120826 7 5 6
20120827 5 1 9
20120827 2 4 7
20120827 5 1 6
20120827 9 4 3
20120827 1 5 4
20120827 8 4 3
20120827 8 2 3
20120827 9 1 5
20120827 2 1 7
20120827 1 5 7
20120827 5 1 3
20120828 3 1 6
20120828 3 1 9
20120828 5 1 8
20120828 1 3 4
20120828 9 3 4
20120828 7 1 9
20120828 7 1 2
20120828 2 7 9
20120828 7 2 1
20120828 1 4 5
20120828 2 4 8
20120910 5 1 3
20120910 1 5 7
20120910 3 4 1
20120910 7 2 3
20120910 1 5 4
20120910 1 3 5
20120910 1 7 3
20120910 9 2 3
20120910 3 7 1
20120910 7 1 5
20120910 5 2 4
20120911 5 1 3
20120911 5 3 4
20120911 7 2 4
20120911 1 3 5
20120911 3 5 4
20120911 1 3 9
20120911 3 9 1
20120911 2 3 1
20120911 2 3 9
20120911 1 5 3
20120911 1 7 5
20120912 5 3 1
20120912 4 1 6
20120912 3 6 2
20120912 4 2 3
20120912 3 1 2
20120912 2 8 1
20120912 8 3 5
20120912 1 7 5
20120912 5 7 1
20120912 9 2 1
20120912 3 7 9
20120921 5 4 6
20120921 3 1 4
20120921 1 5 3
20120921 2 7 3
20120921 2 4 7
20120921 7 1 2
20120921 7 2 1
20120921 2 8 1
20120921 2 5 4
20120921 5 1 7
20120921 2 7 4
20120921 2 7 4
20120922 1 7 3
20120922 5 4 6
20120922 1 5 7
20120922 5 2 3
20120922 3 4 5
20120922 7 2 8
20120922 1 9 5
20120922 3 1 9
20120922 3 5 1
20120922 2 3 8
20120922 1 2 9
20120923 2 5 1
20120923 5 2 1
20120923 5 1 4
20120923 5 4 1
20120923 3 1 7
20120923 7 4 3
20120923 5 1 7
20120923 2 9 5
20120923 1 9 4
20120923 7 9 6
20120923 4 7 1
20120923 3 1 5
20120923 9 8 1
20120927 9 2 3
20120927 1 5 3
20120927 3 9 2
20120927 2 1 7
20120927 3 5 7
20120927 2 5 3
20120927 7 3 4
20120927 3 7 9
20120927 2 3 1
20120927 1 4 5
20120927 7 5 2
20120928 1 7 8
20120928 7 1 4
20120928 6 9 7
20120928 3 1 7
20120928 5 1 3
20120928 8 4 9
20120928 7 9 2
20120928 5 1 9
20120928 2 1 4
20120928 9 5 2
20120928 1 2 5
20120929 9 1 3
20120929 5 1 7
20120929 2 3 6
20120929 1 4 9
20120929 5 1 3
20120929 5 1 4
20120929 2 5 1
20120929 1 2 7
20120929 1 2 4
20120929 5 2 7
20120929 3 1 8
20121010 1 9 3
20121010 5 1 9
20121010 2 5 9
20121010 1 7 2
20121010 1 2 7
20121010 2 8 7
20121010 9 6 4
20121010 7 1 3
20121010 5 3 2
20121010 7 8 4
20121010 3 8 2
20121011 5 7 2
20121011 1 9 7
20121011 9 1 6
20121011 9 3 7
20121011 1 5 4
20121011 2 7 1
20121011 5 9 2
20121011 5 2 1
20121011 7 1 2
20121011 1 5 2
20121011 9 3 2
20121012 1 3 6
20121012 2 9 5
20121012 2 9 6
20121012 5 2 9
20121012 7 1 4
20121012 2 7 1
20121012 4 2 7
20121012 8 4 5
20121012 2 9 1
20121012 2 9 7
20121012 1 7 2
20121012 7 1 4
20121012 7 9 2
20121022 2 5 1
20121022 2 9 7
20121022 9 3 4
20121022 7 3 2
20121022 5 3 7
20121022 8 1 4
20121022 7 3 9
20121022 2 8 5
20121022 4 1 2
20121022 5 2 3
20121022 1 6 9
20121023 2 9 4
20121023 1 7 2
20121023 9 1 3
20121023 7 1 3
20121023 7 3 4
20121023 2 5 3
20121023 3 4 1
20121023 5 2 8
20121023 9 5 3
20121023 1 3 5
20121023 7 1 5
20121024 4 9 3
20121024 3 1 5
20121024 7 1 3
20121024 7 9 2
20121024 2 9 6
20121024 7 1 4
20121024 1 4 6
20121024 3 5 1
20121024 1 9 3
20121024 1 8 7
20121024 3 1 5
20121105 4 2 1
20121105 2 7 4
20121105 4 2 3
20121105 3 5 6
20121105 7 2 4
20121105 2 7 4
20121105 9 1 7
20121105 5 1 6
20121105 1 5 7
20121105 1 2 3
20121105 3 9 2
20121106 2 7 4
20121106 1 4 6
20121106 7 3 5
20121106 1 7 5
20121106 2 4 7
20121106 5 2 9
20121106 3 9 2
20121106 9 7 6
20121106 9 3 7
20121106 2 1 7
20121106 1 9 5
20121107 7 1 2
20121107 3 1 2
20121107 4 1 7
20121107 2 3 5
20121107 5 3 6
20121107 7 9 2
20121107 7 1 9
20121107 1 8 9
20121107 1 2 4
20121107 7 2 9
20121107 9 1 3
20121114 5 7 3
20121114 1 7 3
20121114 2 1 5
20121114 3 2 4
20121114 5 1 4
20121114 9 1 5
20121114 3 1 7
20121114 7 2 4
20121114 7 9 2
20121114 3 9 7
20121114 3 1 6
20121115 5 3 1
20121115 7 1 3
20121115 3 6 1
20121115 1 3 5
20121115 2 7 3
20121115 5 2 7
20121115 9 3 1
20121115 4 9 8
20121115 9 1 7
20121115 3 1 4
20121115 7 1 2
20121116 3 4 7
20121116 3 5 2
20121116 1 2 3
20121116 3 5 2
20121116 7 2 3
20121116 5 7 2
20121116 3 7 2
20121116 7 9 4
20121116 1 4 9
20121116 9 1 6
20121116 2 4 7
20121208 7 4 2
20121208 1 2 5
20121208 7 3 4
20121208 5 2 1
20121208 4 3 7
20121208 5 1 2
20121208 7 1 3
20121208 7 3 1
20121208 7 3 5
20121208 1 7 4
20121208 7 1 4
20121208 6 1 4
20121210 5 2 7
20130411 3 7 4
20130411 4 2 7
20130411 5 3 1
20130411 1 5 2
20130411 4 1 2
20130411 8 5 7
20130411 3 2 1
20130411 8 1 9
20130411 5 3 2
20130411 3 2 5
20130412 1 4 7
20130412 2 4 6
20130412 3 5 1
20130412 2 1 4
20130412 1 7 5
20130412 7 1 4
20130412 1 5 3
20130412 3 5 9
20130412 6 2 3
20130412 5 7 8
20130413 2 3 6
20130413 3 7 2
20130413 4 1 3
20130413 1 4 7
20130413 1 2 6
20130413 5 2 9
20130413 4 6 8
20130413 1 9 3
20130413 3 9 2
20130413 1 5 9
20130423 7 3 5
20130423 5 3 7
20130423 5 1 7
20130423 1 4 6
20130423 2 7 5
20130423 5 2 4
20130423 9 5 2
20130423 9 1 4
20130423 5 3 8
20130423 5 9 2
20130423 5 9 7
20130424 2 4 7
20130424 7 5 3
20130424 5 2 6
20130424 3 5 7
20130424 7 5 2
20130424 8 5 2
20130424 9 2 5
20130424 3 7 5
20130424 5 3 2
20130424 6 1 5
20130425 1 2 5
20130425 7 5 2
20130425 2 4 5
20130425 2 4 7
20130425 4 6 2
20130425 7 3 5
20130425 7 5 3
20130425 1 6 2
20130425 7 3 1
20130425 3 9 5
20130425 3 4 2
20130510 7 5 2
20130510 4 1 2
20130510 5 3 1
20130510 7 3 4
20130510 4 1 3
20130510 5 3 2
20130510 7 5 4
20130510 3 5 1
20130510 5 7 1
20130510 3 7 8
20130511 1 3 4
20130511 4 2 1
20130511 4 5 3
20130511 1 5 2
20130511 1 3 7
20130511 7 1 9
20130511 4 1 7
20130511 7 3 9
20130511 1 5 2
20130511 5 8 2
20130512 1 3 4
20130512 1 4 5
20130512 1 5 4
20130512 7 3 2
20130512 5 1 3
20130512 2 3 4
20130512 3 2 7
20130512 9 1 5
20130512 1 7 3
20130512 4 3 7
20130528 3 7 2
20130528 3 7 4
20130528 9 4 6
20130528 7 2 1
20130528 9 4 1
20130528 1 5 3
20130528 8 3 7
20130528 1 7 6
20130528 7 2 3
20130528 7 2 4
20130528 2 7 3
20130529 9 2 3
20130529 8 3 2
20130529 9 3 7
20130529 7 1 4
20130529 5 4 9
20130529 2 7 1
20130529 2 4 3
20130529 5 1 2
20130529 2 4 5
20130529 7 2 9
20130529 7 1 5
20130530 4 3 7
20130530 1 3 5
20130530 1 5 2
20130530 7 3 2
20130530 2 4 9
20130530 1 7 2
20130530 4 1 8
20130530 3 6 8
20130530 6 3 8
20130530 2 5 9
20130530 2 1 8
20130530 2 8 5
20130606 3 7 2
20130606 7 4 1
20130606 5 1 3
20130606 5 7 1
20130606 7 5 2
20130606 1 7 2
20130606 7 1 6
20130606 7 9 2
20130606 7 2 6
20130606 2 5 9
20130607 5 6 2
20130607 1 3 4
20130607 4 1 7
20130607 1 3 2
20130607 2 1 4
20130607 9 2 1
20130607 1 7 3
20130607 5 3 2
20130607 2 7 9
20130607 7 1 5
20130608 2 6 3
20130608 5 3 7
20130608 2 5 3
20130608 1 3 4
20130608 3 2 5
20130608 1 9 7
20130608 3 5 1
20130608 5 2 7
20130608 3 4 9
20130608 3 9 7
20130617 5 3 7
20130617 1 3 4
20130617 1 7 3
20130617 5 3 1
20130617 5 2 6
20130617 9 4 1
20130617 3 9 2
20130617 2 8 3
20130617 3 1 2
20130617 1 2 3
20130618 5 4 2
20130618 4 1 5
20130618 7 4 3
20130618 2 5 1
20130618 1 3 5
20130618 7 4 9
20130618 7 1 9
20130618 3 9 7
20130618 1 3 5
20130618 8 2 7
20130619 1 3 6
20130619 5 4 1
20130619 7 3 1
20130619 1 7 4
20130619 1 5 6
20130619 9 3 7
20130619 1 3 7
20130619 5 2 3
20130619 3 7 8
20130619 9 7 3
20130625 1 5 6
20130625 2 3 5
20130625 3 9 1
20130625 1 9 3
20130625 2 7 9
20130625 2 9 7
20130625 3 7 9
20130625 1 9 2
20130625 1 9 5
20130625 3 1 7
20130625 1 7 3
20130626 1 3 5
20130626 7 1 4
20130626 9 7 5
20130626 7 2 5
20130626 3 6 9
20130626 3 7 2
20130626 8 2 3
20130626 9 2 1
20130626 7 9 5
20130626 9 1 2
20130626 3 1 2
20130627 4 1 6
20130627 4 6 1
20130627 5 3 2
20130627 1 7 9
20130627 2 3 7
20130627 5 2 9
20130627 9 3 5
20130627 1 4 5
20130627 3 6 2
20130627 1 9 5
20130627 6 3 7
20130627 9 3 1
20130702 4 6 3
20130702 7 5 3
20130702 3 7 1
20130702 7 5 1
20130702 7 3 5
20130702 7 3 1
20130702 7 1 2
20130702 1 3 7
20130702 7 2 3
20130702 2 1 7
20130703 3 2 7
20130703 1 4 7
20130703 4 3 6
20130703 5 2 4
20130703 4 7 2
20130703 9 3 4
20130703 7 1 9
20130703 7 5 3
20130703 2 9 6
20130703 1 7 5
20130704 4 6 3
20130704 2 5 3
20130704 5 6 4
20130704 7 1 4
20130704 1 4 7
20130704 9 1 5
20130704 3 5 2
20130704 9 3 7
20130704 2 4 7
20130704 4 2 6
20130709 1 6 4
20130709 1 5 8
20130709 7 9 8
20130709 9 1 3
20130709 1 5 2
20130709 5 3 2
20130709 1 2 7
20130709 9 2 6
20130709 7 1 9
20130709 7 1 8
20130709 3 7 9
20130710 2 3 1
20130710 5 2 7
20130710 7 2 1
20130710 7 1 3
20130710 5 7 8
20130710 7 2 3
20130710 3 7 4
20130710 5 1 2
20130710 9 5 7
20130710 5 1 8
20130710 9 1 3
20130711 6 9 1
20130711 2 1 7
20130711 1 4 6
20130711 7 1 2
20130711 8 5 9
20130711 1 7 4
20130711 1 4 3
20130711 6 7 8
20130711 7 9 1
20130711 9 2 1
20130711 7 1 4
20130810 7 1 4
20130810 1 9 3
20130810 5 9 1
20130810 3 2 9
20130810 1 7 3
20130810 1 7 8
20130810 1 9 7
20130810 7 5 1
20130810 1 8 9
20130810 1 4 9
20130810 3 1 4
20130811 5 8 2
20130811 6 7 9
20130811 1 5 3
20130811 1 5 7
20130811 9 1 4
20130811 3 9 5
20130811 7 1 9
20130811 1 9 2
20130811 1 7 9
20130811 1 7 3
20130811 1 3 2
20130812 7 1 9
20130812 1 7 2
20130812 6 9 5
20130812 3 7 5
20130812 9 4 2
20130812 7 1 3
20130812 1 3 5
20130812 3 1 8
20130812 2 9 5
20130812 2 4 9
20130812 9 8 6
20130813 9 3 2
20130813 9 1 8
20130813 3 2 4
20130813 2 5 8
20130813 2 6 9
20130813 1 2 4
20130813 5 1 4
20130813 3 9 4
20130813 5 6 8
20130813 3 8 7
20130813 2 7 3
20130819 3 7 1
20130819 7 3 2
20130819 5 2 1
20130819 3 5 2
20130819 1 5 2
20130819 2 1 9
20130819 1 5 2
20130819 1 9 3
20130819 9 5 7
20130819 7 5 3
20130820 3 5 4
20130820 3 1 7
20130820 7 4 5
20130820 4 5 2
20130820 4 1 2
20130820 1 5 7
20130820 5 1 7
20130820 2 5 7
20130820 3 7 1
20130820 1 4 8
20130821 1 5 4
20130821 2 3 7
20130821 3 1 4
20130821 1 2 5
20130821 5 6 1
20130821 2 5 1
20130821 3 1 2
20130821 1 6 7
20130821 8 4 2
20130821 1 7 3
20130917 1 7 4
20130917 1 5 7
20130917 1 7 5
20130917 3 5 6
20130917 2 7 9
20130917 5 7 3
20130917 8 1 7
20130917 4 7 6
20130917 2 9 3
20130917 1 2 8
20130917 2 9 7
20130917 3 8 5
20130917 8 3 5
20130918 9 5 3
20130918 4 1 7
20130918 5 6 7
20130918 7 6 5
20130918 3 9 2
20130918 2 7 9
20130918 5 3 2
20130918 4 2 9
20130918 4 9 8
20130918 1 7 9
20130918 9 3 1
20130919 2 1 7
20130919 3 2 9
20130919 5 1 9
20130919 2 3 9
20130919 5 9 4
20130919 1 3 4
20130919 2 1 7
20130919 2 7 5
20130919 9 4 7
20130919 9 1 3
20130919 3 4 5
20130925 1 7 3
20130925 3 1 6
20130925 2 3 7
20130925 5 1 2
20130925 4 3 5
20130925 1 5 2
20130925 2 1 3
20130925 1 7 5
20130925 9 5 4
20130925 7 2 8
20130926 2 5 1
20130926 5 2 7
20130926 1 3 7
20130926 5 2 7
20130926 3 1 5
20130926 1 2 5
20130926 5 1 3
20130926 5 1 2
20130926 7 5 2
20130926 1 7 4
20130927 5 3 4
20130927 1 4 5
20130927 3 2 4
20130927 3 6 5
20130927 1 6 3
20130927 3 7 6
20130927 5 1 9
20130927 3 8 1
20130927 7 2 1
20130927 1 9 3
20131004 2 1 4
20131004 2 4 1
20131004 7 3 5
20131004 3 5 1
20131004 5 7 4
20131004 6 2 1
20131004 5 7 2
20131004 5 2 9
20131004 1 2 7
20131004 5 1 3
20131004 9 1 3
20131004 3 6 8
20131005 5 2 7
20131005 1 4 5
20131005 3 1 4
20131005 1 4 3
20131005 7 1 4
20131005 2 7 3
20131005 3 5 2
20131005 3 9 1
20131005 2 9 4
20131005 3 9 2
20131005 1 5 9
20131005 6 2 8
20131006 2 4 3
20131006 3 1 5
20131006 1 2 7
20131006 5 2 3
20131006 1 3 6
20131006 7 3 2
20131006 9 3 2
20131006 5 3 4
20131006 2 7 1
20131006 8 2 1
20131006 7 8 6
20131006 9 2 4
20131010 5 1 3
20131010 7 6 2
20131010 4 2 7
20131010 4 2 7
20131010 5 1 6
20131010 1 8 3
20131010 3 7 2
20131010 3 8 1
20131010 5 1 7
20131010 9 1 5
20131011 4 1 5
20131011 7 1 4
20131011 5 1 6
20131011 1 5 4
20131011 5 3 2
20131011 7 1 3
20131011 5 7 1
20131011 1 9 7
20131011 3 1 7
20131011 5 2 1
20131012 2 5 4
20131012 1 2 4
20131012 4 1 2
20131012 2 4 5
20131012 1 4 7
20131012 9 2 3
20131012 7 2 1
20131012 1 7 3
20131012 8 9 3
20131012 5 7 2
20131014 7 3 2
20131014 2 3 6
20131014 9 5 4
20131014 4 1 3
20131014 3 9 7
20131014 9 1 3
20131014 4 9 7
20131014 7 1 3
20131014 9 1 2
20131014 3 1 7
20131015 7 3 2
20131015 1 5 3
20131015 2 1 3
20131015 1 3 5
20131015 1 5 3
20131015 9 4 2
20131015 9 5 2
20131015 9 7 1
20131015 9 4 7
20131015 1 3 5
20131016 1 5 7
20131016 1 3 4
20131016 3 5 7
20131016 9 4 3
20131016 7 1 3
20131016 5 9 4
20131016 3 7 9
20131016 3 5 7
20131016 7 2 9
20131016 1 5 7
20131109 7 4 3
20131109 3 2 1
20131109 5 1 4
20131109 4 1 7
20131109 2 4 3
20131109 4 7 1
20131109 6 5 2
20131109 7 2 3
20131109 4 6 8
20131109 7 1 5
20131109 5 1 9
20131109 2 3 4
20131110 3 1 7
20131110 4 1 5
20131110 4 1 2
20131110 4 6 2
20131110 7 1 5
20131110 5 1 4
20131110 3 2 6
20131110 7 1 3
20131110 9 2 7
20131110 1 7 2
20131110 3 7 8
20131110 2 7 1
20131111 4 2 3
20131111 1 4 3
20131111 7 2 1
20131111 1 3 2
20131111 3 1 2
20131111 6 1 2
20131111 3 1 4
20131111 7 3 5
20131111 5 3 7
20131111 1 2 3
20131111 3 2 7
20131111 7 8 2
20131111 4 1 9
20131119 5 2 7
20131119 3 7 2
20131119 9 3 5
20131119 7 5 1
20131119 5 2 6
20131119 3 9 2
20131119 3 7 8
20131119 3 9 2
20131119 5 1 9
20131119 2 9 1
20131119 7 2 8
20131120 5 3 1
20131120 9 2 5
20131120 1 7 6
20131120 9 1 8
20131120 7 3 2
20131120 2 9 1
20131120 5 7 6
20131120 2 7 1
20131120 2 7 5
20131120 3 9 4
20131120 1 4 6
20131121 9 2 1
20131121 3 4 1
20131121 1 7 3
20131121 5 1 2
20131121 7 9 1
20131121 1 7 8
20131121 9 5 1
20131121 9 3 1
20131121 1 2 3
20131121 1 5 9
20131121 5 9 2
20131125 1 9 2
20131125 1 9 4
20131125 1 7 3
20131125 5 6 1
20131125 7 4 3
20131125 9 1 5
20131125 5 2 1
20131125 3 9 2
20131125 1 9 2
20131125 9 2 1
20131125 5 2 8
20131125 2 7 3
20131126 7 2 4
20131126 9 5 1
20131126 5 3 2
20131126 7 2 9
20131126 9 1 4
20131126 7 2 4
20131126 1 7 2
20131126 5 3 2
20131126 1 4 7
20131126 2 7 4
20131126 1 9 4
20131126 9 1 4
20131127 3 8 9
20131127 5 4 9
20131127 5 1 8
20131127 2 3 5
20131127 9 1 4
20131127 7 3 9
20131127 9 5 2
20131127 1 5 3
20131127 7 3 6
20131127 2 7 5
20131127 7 9 5
20140419 1 2 7
20140419 7 1 3
20140419 1 3 2
20140419 1 5 3
20140419 3 1 7
20140419 5 1 9
20140419 2 9 3
20140419 1 5 7
20140419 7 9 5
20140419 1 9 7
20140420 7 3 1
20140420 2 7 3
20140420 2 7 1
20140420 5 7 3
20140420 7 3 4
20140420 5 9 4
20140420 5 3 9
20140420 9 1 5
20140420 3 2 9
20140420 7 1 5
20140421 7 1 5
20140421 5 7 2
20140421 6 3 5
20140421 2 5 3
20140421 1 3 4
20140421 5 3 6
20140421 9 7 5
20140421 1 5 3
20140421 4 3 5
20140421 3 7 5
20140421 7 3 5
20140512 5 3 7
20140512 5 2 3
20140512 2 4 3
20140512 3 5 2
20140512 7 1 4
20140512 9 1 7
20140512 1 9 3
20140512 7 5 8
20140512 1 3 4
20140512 5 3 2
20140513 1 4 3
20140513 3 2 1
20140513 2 4 6
20140513 1 4 6
20140513 1 2 3
20140513 5 9 3
20140513 1 4 3
20140513 1 3 8
20140513 9 3 2
20140513 9 1 2
20140514 4 7 3
20140514 1 7 4
20140514 5 2 4
20140514 7 4 1
20140514 7 4 3
20140514 7 3 2
20140514 1 2 7
20140514 7 2 3
20140514 2 9 7
20140514 7 1 3
20140514 2 9 1
20140607 4 1 5
20140607 1 3 7
20140607 1 5 3
20140607 1 7 4
20140607 2 4 7
20140607 7 2 5
20140607 6 2 1
20140607 9 2 1
20140607 1 3 4
20140607 2 5 1
20140607 7 5 4
20140607 3 9 1
20140608 4 6 1
20140608 3 6 4
20140608 5 2 7
20140608 5 1 2
20140608 4 3 1
20140608 4 1 3
20140608 1 6 4
20140608 5 2 9
20140608 5 1 2
20140608 5 1 7
20140608 7 6 2
20140608 1 7 2
20140609 2 5 4
20140609 5 1 4
20140609 3 5 2
20140609 3 1 7
20140609 5 3 4
20140609 7 2 4
20140609 7 1 5
20140609 4 3 2
20140609 5 7 1
20140609 3 2 6
20140609 7 1 4
20140609 5 4 8
20140618 4 1 5
20140618 7 2 3
20140618 1 5 8
20140618 5 1 3
20140618 3 1 7
20140618 3 9 2
20140618 1 4 9
20140618 9 2 5
20140618 5 8 7
20140618 2 7 3
20140618 3 7 1
20140619 1 2 5
20140619 3 5 8
20140619 5 7 2
20140619 2 9 6
20140619 7 2 5
20140619 1 4 6
20140619 6 7 1
20140619 2 5 3
20140619 5 8 4
20140619 1 9 3
20140619 3 2 9
20140620 5 2 1
20140620 1 5 3
20140620 9 3 8
20140620 3 4 8
20140620 5 9 6
20140620 3 2 9
20140620 7 9 2
20140620 2 8 9
20140620 1 4 6
20140620 8 2 7
20140620 2 5 8
20140622 5 2 7
20140622 7 1 4
20140622 7 1 4
20140622 5 1 7
20140622 2 6 3
20140622 5 3 9
20140622 9 7 1
20140622 1 4 9
20140622 2 3 8
20140622 4 2 9
20140623 4 7 3
20140623 4 7 2
20140623 4 1 7
20140623 2 1 4
20140623 3 7 5
20140623 1 5 2
20140623 9 2 5
20140623 7 2 5
20140623 2 9 3
20140623 1 5 6
20140624 3 6 5
20140624 3 7 5
20140624 7 2 3
20140624 3 2 1
20140624 7 2 3
20140624 8 4 1
20140624 4 2 5
20140624 9 1 5
20140624 8 1 4
20140624 4 7 3
20140707 7 3 5
20140707 7 2 1
20140707 2 4 6
20140707 5 7 3
20140707 3 7 4
20140707 9 3 5
20140707 7 1 2
20140707 1 5 9
20140707 2 7 1
20140707 2 6 7
20140708 1 3 6
20140708 5 3 1
20140708 5 1 3
20140708 3 7 5
20140708 4 1 2
20140708 7 1 4
20140708 1 8 5
20140708 1 5 8
20140708 9 1 7
20140708 1 9 8
20140709 5 2 4
20140709 2 6 4
20140709 2 5 1
20140709 4 5 3
20140709 3 6 2
20140709 8 7 5
20140709 4 3 9
20140709 7 3 1
20140709 5 2 1
20140709 7 2 6
20140723 4 3 9
20140723 7 1 4
20140723 5 2 6
20140723 1 5 3
20140723 7 1 9
20140723 7 1 5
20140723 6 5 9
20140723 7 1 6
20140723 8 9 3
20140723 4 1 8
20140723 3 4 1
20140724 3 4 1
20140724 2 5 8
20140724 1 9 3
20140724 9 5 2
20140724 1 9 4
20140724 3 1 9
20140724 9 4 3
20140724 4 2 1
20140724 7 1 5
20140724 3 4 1
20140724 7 4 1
20140725 3 2 1
20140725 7 2 8
20140725 1 8 7
20140725 2 9 1
20140725 9 1 7
20140725 1 5 2
20140725 5 4 1
20140725 3 9 7
20140725 2 5 7
20140725 7 3 5
20140725 2 6 7
20140801 1 4 2
20140801 7 5 2
20140801 4 1 5
20140801 5 4 7
20140801 3 7 2
20140801 7 1 6
20140801 9 7 5
20140801 7 1 9
20140801 5 4 6
20140801 5 6 4
20140801 1 2 7
20140802 4 1 3
20140802 4 7 6
20140802 5 3 1
20140802 4 6 2
20140802 4 1 3
20140802 2 5 9
20140802 2 7 1
20140802 9 7 1
20140802 2 5 8
20140802 5 1 3
20140803 5 7 3
20140803 5 2 4
20140803 3 5 6
20140803 4 2 6
20140803 5 1 4
20140803 2 9 3
20140803 6 2 9
20140803 5 9 2
20140803 9 7 1
20140803 1 7 9
20140828 2 6 3
20140828 9 1 2
20140828 9 2 7
20140828 5 1 9
20140828 1 9 2
20140828 1 7 5
20140828 7 2 9
20140828 2 9 7
20140828 2 5 8
20140828 3 1 4
20140828 2 1 7
20140828 5 8 6
20140829 3 5 8
20140829 1 5 8
20140829 3 9 7
20140829 1 9 8
20140829 1 7 4
20140829 6 1 9
20140829 1 2 8
20140829 3 4 7
20140829 2 9 5
20140829 9 7 2
20140829 1 7 9
20140829 7 2 9
20140830 6 3 2
20140830 5 4 2
20140830 7 1 5
20140830 2 8 4
20140830 3 7 8
20140830 1 5 3
20140830 7 3 5
20140830 7 3 5
20140830 1 7 8
20140830 1 7 3
20140830 9 3 1
20140830 7 5 1
20140831 7 2 1
20140831 1 2 9
20140831 1 2 8
20140831 2 9 1
20140831 1 5 7
20140831 2 1 7
20140831 9 1 5
20140831 1 3 4
20140831 7 1 2
20140831 4 9 1
20140831 1 2 7
20140908 5 2 1
20140908 2 6 5
20140908 2 3 7
20140908 1 5 3
20140908 2 4 1
20140908 6 7 1
20140908 5 1 2
20140908 2 9 7
20140908 7 1 6
20140908 9 3 6
20140909 1 5 3
20140909 5 2 3
20140909 1 5 3
20140909 1 5 3
20140909 2 7 4
20140909 8 7 5
20140909 5 3 2
20140909 7 3 9
20140909 7 1 3
20140909 9 2 3
20140910 2 3 1
20140910 1 4 5
20140910 2 7 3
20140910 3 4 7
20140910 1 5 4
20140910 3 5 1
20140910 5 7 8
20140910 7 3 2
20140910 5 7 9
20140910 2 7 9
20140916 5 9 1
20140916 3 7 1
20140916 5 7 1
20140916 7 1 3
20140916 5 9 1
20140916 7 1 4
20140916 2 5 1
20140916 3 1 9
20140916 3 2 9
20140916 2 1 5
20140916 9 7 2
20140917 9 1 2
20140917 1 5 2
20140917 2 8 7
20140917 1 8 2
20140917 9 2 5
20140917 1 7 2
20140917 4 2 8
20140917 8 9 3
20140917 5 7 8
20140917 9 1 7
20140917 5 1 9
20140918 5 7 2
20140918 6 1 3
20140918 5 2 8
20140918 2 4 6
20140918 9 2 1
20140918 2 3 4
20140918 3 7 1
20140918 6 5 9
20140918 6 9 5
20140918 3 6 8
20140918 7 3 5
20140918 8 1 7
20140924 7 6 1
20140924 5 7 4
20140924 1 5 7
20140924 3 9 6
20140924 7 1 5
20140924 9 4 3
20140924 7 3 8
20140924 3 2 9
20140924 1 5 4
20140924 3 7 8
20140924 9 1 2
20140925 3 8 4
20140925 2 9 5
20140925 9 2 3
20140925 7 3 9
20140925 5 2 4
20140925 1 3 4
20140925 3 5 8
20140925 7 1 4
20140925 7 3 6
20140925 3 7 4
20140925 3 1 9
20140926 7 2 5
20140926 7 2 4
20140926 3 7 5
20140926 2 9 6
20140926 7 1 9
20140926 7 3 4
20140926 2 5 3
20140926 3 2 7
20140926 3 9 5
20140926 3 9 6
20140926 9 1 7
20141022 5 1 8
20141022 3 7 1
20141022 2 9 1
20141022 9 5 3
20141022 5 3 1
20141022 3 6 2
20141022 1 7 2
20141022 3 9 2
20141022 2 1 7
20141022 3 8 2
20141022 2 4 9
20141023 3 7 5
20141023 2 3 7
20141023 4 5 9
20141023 1 2 5
20141023 7 1 4
20141023 5 7 1
20141023 7 1 5
20141023 2 9 5
20141023 7 1 9
20141023 2 9 5
20141023 1 5 2
20141024 1 7 9
20141024 5 3 7
20141024 3 7 4
20141024 9 3 5
20141024 3 9 6
20141024 3 7 5
20141024 3 5 8
20141024 9 6 7
20141024 3 4 1
20141024 9 5 4
20141024 4 2 6
20141029 1 7 5
20141029 1 3 7
20141029 7 1 3
20141029 7 1 5
20141029 3 5 1
20141029 1 9 3
20141029 9 7 3
20141029 3 9 4
20141029 6 1 5
20141030 2 1 4
20141030 2 7 3
20141030 2 5 7
20141030 2 5 4
20141030 1 3 6
20141030 9 1 3
20141030 9 5 1
20141030 9 7 8
20141030 9 2 5
20141030 9 3 7
20141031 5 4 7
20141031 2 3 4
20141031 2 4 3
20141031 2 4 5
20141031 3 6 7
20141031 1 3 5
20141031 4 3 2
20141031 1 9 6
20141031 2 9 1
20141031 5 2 1
20141107 2 1 3
20141107 1 7 4
20141107 5 1 3
20141107 3 5 1
20141107 2 5 7
20141107 9 7 5
20141107 7 1 3
20141107 9 2 3
20141107 3 2 9
20141107 2 1 8
20141108 7 5 1
20141108 7 4 5
20141108 1 3 5
20141108 2 7 1
20141108 3 7 1
20141108 7 9 1
20141108 4 9 2
20141108 5 6 9
20141108 3 9 7
20141108 7 5 3
20141109 5 7 6
20141109 2 4 7
20141109 4 2 5
20141109 5 2 4
20141109 1 4 3
20141109 5 2 6
20141109 5 8 2
20141109 9 2 7
20141109 2 3 9
20141109 3 5 7
20141126 4 3 1
20141126 2 3 9
20141126 3 5 4
20141126 4 1 7
20141126 5 7 1
20141126 5 4 7
20141126 1 5 3
20141126 5 2 7
20141126 1 6 2
20141126 1 6 9
20141126 1 4 5
20141126 1 7 9
20141127 3 7 2
20141127 1 7 5
20141127 9 8 5
20141127 4 7 3
20141127 2 6 1
20141127 8 5 9
20141127 2 9 7
20141127 9 3 5
20141127 2 7 8
20141127 8 6 9
20141127 7 6 5
20141128 7 2 8
20141128 9 7 6
20141128 6 4 1
20141128 7 4 2
20141128 7 2 3
20141128 5 7 4
20141128 3 2 6
20141128 5 4 2
20141128 6 8 2
20141128 3 7 5
20141128 6 2 7
20150413 1 7 3
20150413 3 2 7
20150413 7 1 2
20150413 5 3 1
20150413 2 3 7
20150413 3 5 4
20150413 9 4 7
20150413 1 5 2
20150413 2 7 9
20150413 3 8 6
20150414 1 5 4
20150414 3 1 7
20150414 6 7 1
20150414 1 4 5
20150414 7 3 5
20150414 8 1 2
20150414 1 7 5
20150414 1 3 9
20150414 3 2 4
20150414 7 1 9
20150415 5 3 2
20150415 2 7 5
20150415 3 4 7
20150415 1 6 3
20150415 4 5 3
20150415 5 7 1
20150415 3 1 4
20150415 4 7 9
20150415 2 5 7
20150415 5 1 3
20150505 3 5 4
20150505 7 5 3
20150505 5 2 3
20150505 3 1 6
20150505 2 4 5
20150505 1 4 6
20150505 6 1 4
20150505 2 5 1
20150505 1 5 8
20150505 1 5 3
20150505 3 5 1
20150505 2 8 7
20150506 4 7 2
20150506 7 3 1
20150506 4 1 3
20150506 2 7 5
20150506 5 1 7
20150506 4 7 3
20150506 5 2 1
20150506 2 9 3
20150506 9 5 2
20150506 9 4 3
20150506 1 5 7
20150506 3 2 4
20150507 4 1 7
20150507 5 2 7
20150507 4 2 5
20150507 1 7 5
20150507 4 3 7
20150507 7 3 4
20150507 7 9 1
20150507 2 9 5
20150507 1 5 4
20150507 5 1 2
20150507 3 9 8
20150507 4 8 5
20150512 1 4 6
20150512 7 1 5
20150512 5 2 1
20150512 5 7 2
20150512 3 7 5
20150512 7 2 3
20150512 9 2 1
20150512 2 7 1
20150512 2 7 3
20150512 2 4 8
20150513 5 3 1
20150513 7 4 1
20150513 3 2 7
20150513 4 3 2
20150513 1 5 7
20150513 5 7 4
20150513 3 9 5
20150513 3 6 7
20150513 2 5 1
20150513 5 3 1
20150514 5 3 2
20150514 5 4 2
20150514 4 1 3
20150514 5 4 7
20150514 6 5 1
20150514 2 9 3
20150514 4 7 2
20150514 4 1 2
20150514 3 1 8
20150514 3 1 9
