20120618 2 4 5
20120618 5 1 2
20120618 3 7 4
20120618 1 4 5
20120618 4 7 1
20120618 4 9 5
20120618 7 3 9
20120618 9 2 4
20120618 5 1 9
20120618 5 1 2
20120618 3 9 4
20120619 7 2 4
20120619 2 6 4
20120619 7 1 5
20120619 2 3 7
20120619 6 3 5
20120619 9 3 4
20120619 7 5 2
20120619 9 1 7
20120619 5 9 3
20120619 2 3 4
20120619 8 7 3
20120620 1 5 2
20120620 2 5 7
20120620 2 7 5
20120620 4 1 5
20120620 1 4 6
20120620 1 7 3
20120620 2 4 8
20120620 7 9 1
20120620 2 5 6
20120620 3 2 1
20120620 9 5 3
20120626 3 2 9
20120626 5 4 9
20120626 2 9 5
20120626 9 1 7
20120626 3 1 7
20120626 1 9 5
20120626 1 7 9
20120626 9 3 2
20120626 2 3 6
20120626 5 1 3
20120626 2 7 9
20120626 1 2 7
20120627 7 1 2
20120627 2 1 9
20120627 7 2 3
20120627 1 9 7
20120627 9 1 3
20120627 4 1 7
20120627 1 7 9
20120627 3 9 4
20120627 1 8 9
20120627 9 5 8
20120627 9 4 3
20120627 9 2 3
20120628 1 9 6
20120628 3 7 9
20120628 5 2 6
20120628 8 1 9
20120628 1 3 2
20120628 9 3 4
20120628 7 1 5
20120628 3 1 7
20120628 9 5 6
20120628 1 9 4
20120628 1 7 4
20120628 1 7 2
20120717 3 1 7
20120717 1 4 2
20120717 7 5 1
20120717 1 3 5
20120717 1 5 3
20120717 1 9 8
20120717 2 7 9
20120717 5 1 7
20120717 7 2 5
20120717 2 1 5
20120717 4 1 5
20120718 2 6 5
20120718 1 3 2
20120718 3 6 2
20120718 1 5 4
20120718 2 4 3
20120718 7 1 4
20120718 5 6 8
20120718 5 7 3
20120718 7 5 3
20120718 2 9 7
20120718 3 7 4
20120718 2 7 3
20120719 2 1 4
20120719 7 2 3
20120719 5 1 7
20120719 2 7 3
20120719 2 4 1
20120719 6 4 2
20120719 2 7 5
20120719 7 1 2
20120719 2 7 9
20120719 9 1 3
20120719 7 2 3
20120813 5 1 3
20120813 1 7 3
20120813 5 1 7
20120813 2 1 4
20120813 2 7 5
20120813 1 2 6
20120813 3 7 5
20120813 1 3 2
20120813 5 3 8
20120813 3 5 2
20120813 5 3 2
20120813 7 1 3
20120814 5 1 6
20120814 3 7 2
20120814 2 3 7
20120814 1 6 5
20120814 3 2 1
20120814 7 1 4
20120814 2 7 1
20120814 2 9 3
20120814 4 3 8
20120814 6 7 3
20120814 8 9 4
20120815 4 2 5
20120815 5 2 1
20120815 1 7 4
20120815 5 4 6
20120815 2 7 5
20120815 7 9 1
20120815 9 5 3
20120815 3 9 2
20120815 2 7 1
20120815 3 2 5
20120815 5 1 2
20120820 5 3 4
20120820 1 5 4
20120820 3 7 2
20120820 2 1 4
20120820 1 3 7
20120820 5 9 2
20120820 2 1 4
20120820 2 9 4
20120820 5 2 9
20120820 7 1 5
20120820 8 2 9
20120821 7 2 3
20120821 7 3 4
20120821 1 2 3
20120821 5 4 7
20120821 3 4 7
20120821 1 8 3
20120821 1 9 5
20120821 9 3 1
20120821 7 3 1
20120821 3 9 8
20120821 2 4 5
20120822 5 7 4
20120822 6 7 4
20120822 5 7 4
20120822 3 2 7
20120822 2 7 1
20120822 5 8 2
20120822 5 7 2
20120822 2 3 7
20120822 1 7 2
20120822 5 1 3
20120822 5 7 6
20120918 1 2 5
20120918 1 9 5
20120918 2 3 9
20120918 1 7 9
20120918 1 5 9
20120918 5 2 9
20120918 7 3 2
20120918 3 9 5
20120918 1 5 8
20120918 1 5 7
20120918 1 7 5
20120918 7 5 8
20120919 1 9 5
20120919 7 5 2
20120919 3 9 1
20120919 7 9 4
20120919 3 5 9
20120919 5 1 3
20120919 5 8 1
20120919 7 9 8
20120919 2 5 1
20120919 3 5 9
20120919 6 9 5
20120920 6 5 1
20120920 5 1 7
20120920 9 2 3
20120920 7 2 1
20120920 7 3 8
20120920 7 1 9
20120920 4 1 7
20120920 1 7 3
20120920 1 2 3
20120920 2 9 4
20120920 2 4 8
20121001 5 4 7
20121001 4 7 1
20121001 1 5 7
20121001 3 5 7
20121001 1 4 7
20121001 5 2 3
20121001 7 1 9
20121001 3 9 2
20121001 9 1 5
20121001 9 3 1
20121001 5 7 2
20121002 4 5 6
20121002 4 5 2
20121002 7 3 1
20121002 3 2 5
20121002 3 2 7
20121002 7 2 1
20121002 2 1 7
20121002 9 1 7
20121002 3 6 8
20121002 8 3 5
20121002 4 2 5
20121002 8 3 4
20121002 8 4 3
20121003 1 2 3
20121003 1 7 4
20121003 7 1 4
20121003 7 1 3
20121003 6 1 2
20121003 5 7 1
20121003 3 1 7
20121003 9 1 7
20121003 2 7 4
20121003 5 1 9
20121003 4 1 8
20121021 5 7 3
20121021 5 3 1
20121021 7 5 1
20121021 2 1 7
20121021 1 5 3
20121021 1 9 6
20121021 1 3 9
20121021 7 2 5
20121021 5 1 9
20121021 2 7 4
20121021 9 3 4
20121022 1 5 3
20121022 7 2 1
20121022 3 5 1
20121022 1 5 7
20121022 4 3 2
20121022 2 3 5
20121022 7 2 1
20121022 1 5 4
20121022 9 3 5
20121022 1 3 5
20121022 3 7 4
20121023 3 4 5
20121023 4 2 5
20121023 3 4 7
20121023 1 3 5
20121023 2 5 1
20121023 7 1 5
20121023 5 3 9
20121023 3 7 1
20121023 5 1 6
20121023 2 4 7
20121023 7 2 6
20121107 9 2 1
20121107 2 6 7
20121107 2 3 5
20121107 1 7 4
20121107 9 4 1
20121107 8 4 7
20121107 1 7 3
20121107 7 1 2
20121107 5 3 9
20121107 5 4 3
20121107 5 9 7
20121108 2 9 5
20121108 4 1 6
20121108 1 3 2
20121108 4 2 1
20121108 2 1 8
20121108 2 7 5
20121108 1 7 3
20121108 4 7 3
20121108 1 3 7
20121108 1 5 4
20121108 7 5 2
20121109 3 7 1
20121109 1 2 8
20121109 2 9 7
20121109 9 2 5
20121109 7 5 9
20121109 3 4 7
20121109 1 9 3
20121109 9 3 7
20121109 5 3 7
20121109 3 4 2
20121109 3 2 5
20121117 7 9 5
20121117 1 2 3
20121117 9 3 5
20121117 1 5 6
20121117 5 2 8
20121117 2 7 5
20121117 9 2 1
20121117 1 5 9
20121117 5 2 6
20121117 4 3 6
20121117 1 4 3
20121118 2 7 4
20121118 1 2 4
20121118 1 5 6
20121118 1 2 5
20121118 7 2 8
20121118 9 7 2
20121118 2 6 3
20121118 3 1 4
20121118 1 3 5
20121118 3 9 5
20121118 7 4 1
20121119 5 7 4
20121119 9 7 3
20121119 1 5 2
20121119 9 3 1
20121119 1 3 8
20121119 7 3 2
20121119 1 7 9
20121119 1 3 9
20121119 3 1 9
20121119 1 9 3
20121119 1 5 9
20121120 2 1 8
20121120 2 1 9
20121120 1 5 4
20121120 9 7 4
20121120 7 1 3
20121120 3 2 9
20121120 3 9 2
20121120 3 4 1
20121120 7 3 4
20121120 4 1 2
20121120 2 9 7
20121120 1 7 8
20121218 2 1 5
20121218 3 9 7
20121218 2 7 1
20121218 5 2 7
20121218 1 5 9
20121218 3 5 7
20121218 7 3 9
20121218 9 1 4
20121218 7 9 1
20121218 1 2 7
20121218 6 4 9
20121219 9 3 1
20121219 7 2 4
20121219 2 8 9
20121219 1 2 9
20121219 5 2 1
20121219 5 1 3
20121219 4 7 9
20121219 2 7 3
20121219 1 2 7
20121219 1 3 5
20121219 8 4 1
20121220 3 8 2
20121220 7 5 2
20121220 1 7 9
20121220 3 6 4
20121220 5 2 3
20121220 2 8 1
20121220 2 9 3
20121220 7 6 8
20121220 9 4 2
20121220 1 7 3
20121220 5 3 6
20130101 5 9 3
20130101 5 2 1
20130101 1 6 4
20130101 7 9 8
20130101 7 1 8
20130101 7 5 2
20130101 3 1 9
20130101 5 6 2
20130101 2 7 1
20130101 9 1 7
20130101 2 5 9
20130102 3 9 5
20130102 5 1 7
20130102 8 5 1
20130102 3 7 5
20130102 1 2 7
20130102 7 1 9
20130102 6 4 5
20130102 3 5 4
20130102 3 7 2
20130102 9 1 3
20130102 5 1 2
20130103 3 5 7
20130103 4 3 9
20130103 3 5 1
20130103 2 3 1
20130103 5 7 9
20130103 2 7 4
20130103 9 7 1
20130103 7 9 6
20130103 5 1 7
20130103 1 5 7
20130103 2 8 9
20130109 5 3 7
20130109 4 6 1
20130109 2 1 4
20130109 4 1 6
20130109 1 4 5
20130109 7 5 1
20130109 1 7 9
20130109 7 9 2
20130109 5 8 2
20130109 8 2 5
20130109 1 6 2
20130110 1 2 7
20130110 2 7 1
20130110 2 7 5
20130110 3 1 5
20130110 3 1 7
20130110 1 2 6
20130110 7 5 2
20130110 1 7 5
20130110 9 6 1
20130110 7 6 9
20130110 9 1 7
20130111 6 2 1
20130111 5 1 7
20130111 3 1 2
20130111 1 5 3
20130111 2 5 4
20130111 1 4 5
20130111 7 1 4
20130111 5 2 9
20130111 3 1 4
20130111 9 2 3
20130111 3 7 4
20130116 1 2 5
20130116 9 1 7
20130116 5 9 7
20130116 1 3 7
20130116 3 8 6
20130116 4 6 7
20130116 7 5 9
20130116 2 9 4
20130116 1 8 7
20130116 1 4 6
20130116 2 9 7
20130117 5 2 8
20130117 1 9 7
20130117 9 8 1
20130117 5 4 2
20130117 1 9 2
20130117 9 5 3
20130117 8 5 1
20130117 8 5 3
20130117 8 1 2
20130117 7 1 5
20130117 9 1 3
20130117 5 1 7
20130118 9 1 7
20130118 7 5 3
20130118 6 1 5
20130118 7 3 2
20130118 9 3 2
20130118 6 1 7
20130118 1 3 9
20130118 6 3 5
20130118 3 5 6
20130118 7 1 2
20130118 3 7 2
20130220 7 2 4
20130220 7 1 3
20130220 5 1 3
20130220 1 7 3
20130220 4 7 5
20130220 9 5 3
20130220 3 5 1
20130220 1 7 5
20130220 9 1 3
20130220 9 2 7
20130220 9 5 2
20130221 3 1 6
20130221 5 7 6
20130221 3 1 5
20130221 5 7 1
20130221 3 4 1
20130221 4 8 3
20130221 1 3 7
20130221 7 2 5
20130221 5 2 1
20130221 7 3 5
20130221 4 7 1
20130222 4 1 6
20130222 4 1 5
20130222 1 2 7
20130222 7 6 2
20130222 4 6 3
20130222 7 9 2
20130222 3 8 1
20130222 3 2 4
20130222 3 1 4
20130222 7 1 2
20130222 8 1 3
20130311 4 1 2
20130311 2 4 7
20130311 7 1 2
20130311 1 4 3
20130311 5 1 7
20130311 9 1 2
20130311 4 1 3
20130311 1 2 9
20130311 7 3 5
20130311 7 1 3
20130311 2 4 7
20130312 3 5 7
20130312 4 1 2
20130312 6 3 4
20130312 3 7 6
20130312 1 3 7
20130312 2 1 7
20130312 3 1 7
20130312 5 4 2
20130312 9 2 3
20130312 7 3 1
20130312 7 3 2
20130313 3 4 6
20130313 7 1 2
20130313 6 2 4
20130313 4 1 2
20130313 1 3 4
20130313 9 1 5
20130313 1 2 9
20130313 1 5 2
20130313 8 5 9
20130313 1 5 9
20130313 3 8 6
20130415 3 9 2
20130415 9 2 4
20130415 1 7 5
20130415 1 2 4
20130415 3 7 5
20130415 2 4 7
20130415 8 3 6
20130415 7 2 6
20130415 5 2 4
20130415 7 5 8
20130415 6 3 1
20130416 2 7 4
20130416 9 2 4
20130416 5 7 2
20130416 1 9 7
20130416 9 5 1
20130416 1 9 5
20130416 5 3 7
20130416 7 1 2
20130416 2 7 1
20130416 7 4 5
20130416 1 7 9
20130417 9 3 2
20130417 4 6 9
20130417 9 7 4
20130417 1 3 7
20130417 8 3 9
20130417 5 7 1
20130417 7 5 1
20130417 4 2 3
20130417 2 6 4
20130417 1 2 6
20130417 3 9 5
20130417 3 1 9
20130515 7 1 4
20130515 1 2 7
20130515 5 3 2
20130515 5 7 2
20130515 2 7 4
20130515 1 9 4
20130515 1 9 3
20130515 1 9 5
20130515 5 9 1
20130515 1 7 3
20130516 1 3 6
20130516 3 1 6
20130516 1 7 3
20130516 1 7 5
20130516 1 4 2
20130516 9 3 1
20130516 9 5 1
20130516 5 9 7
20130516 1 9 8
20130516 6 9 1
20130517 2 3 4
20130517 2 4 5
20130517 2 5 4
20130517 2 4 5
20130517 7 2 1
20130517 5 4 2
20130517 3 5 6
20130517 5 1 2
20130517 1 7 6
20130517 9 3 5
20130517 2 1 7
20130617 7 4 6
20130617 5 2 6
20130617 1 3 4
20130617 5 1 3
20130617 4 5 3
20130617 9 2 6
20130617 1 3 8
20130617 1 5 3
20130617 5 1 2
20130617 1 5 8
20130618 2 6 5
20130618 5 4 7
20130618 3 1 4
20130618 5 3 1
20130618 1 4 5
20130618 5 4 8
20130618 1 5 2
20130618 3 7 5
20130618 9 2 1
20130618 3 5 1
20130619 3 1 4
20130619 3 5 1
20130619 5 1 4
20130619 2 3 6
20130619 3 4 1
20130619 4 3 2
20130619 1 7 9
20130619 4 2 1
20130619 2 4 5
20130619 1 4 2
20130628 1 3 7
20130628 2 5 3
20130628 3 7 4
20130628 2 4 5
20130628 1 7 4
20130628 2 3 5
20130628 5 9 1
20130628 2 5 1
20130628 9 1 4
20130629 4 1 3
20130629 5 4 2
20130629 3 2 1
20130629 2 5 3
20130629 5 7 4
20130629 7 3 5
20130629 7 1 5
20130629 2 6 8
20130629 5 2 8
20130629 9 1 7
20130630 4 2 1
20130630 4 2 7
20130630 7 3 1
20130630 5 1 4
20130630 7 1 3
20130630 2 4 7
20130630 4 5 3
20130630 9 4 2
20130630 7 4 9
20130630 9 3 5
20130716 1 4 3
20130716 1 2 5
20130716 7 1 4
20130716 2 4 7
20130716 3 5 2
20130716 3 4 5
20130716 2 5 1
20130716 2 5 9
20130716 7 1 4
20130716 2 9 4
20130717 5 2 7
20130717 2 5 3
20130717 5 3 4
20130717 3 1 4
20130717 7 2 4
20130717 2 9 7
20130717 1 9 2
20130717 1 5 8
20130717 1 7 9
20130717 1 9 5
20130718 6 3 1
20130718 4 2 1
20130718 5 4 6
20130718 1 3 2
20130718 4 3 6
20130718 3 5 8
20130718 1 7 6
20130718 5 2 9
20130718 4 5 3
20130718 1 9 4
20130726 2 3 1
20130726 5 7 9
20130726 3 5 4
20130726 1 9 3
20130726 7 1 3
20130726 5 2 1
20130726 8 9 4
20130726 5 7 9
20130726 2 7 9
20130726 7 2 1
20130726 5 8 6
20130727 4 8 1
20130727 2 7 1
20130727 1 9 7
20130727 7 3 1
20130727 9 7 5
20130727 1 2 5
20130727 7 9 2
20130727 7 5 1
20130727 9 5 1
20130727 7 2 5
20130727 1 7 8
20130728 2 5 3
20130728 1 7 2
20130728 2 7 9
20130728 4 9 3
20130728 5 3 4
20130728 1 9 7
20130728 7 2 5
20130728 8 3 2
20130728 7 1 5
20130728 2 5 9
20130728 2 5 6
20130804 2 1 3
20130804 3 2 4
20130804 2 5 3
20130804 5 7 3
20130804 3 1 7
20130804 7 3 1
20130804 3 1 5
20130804 1 5 3
20130804 2 3 9
20130804 3 6 1
20130804 6 3 1
20130805 5 2 3
20130805 4 7 5
20130805 1 3 7
20130805 4 5 1
20130805 5 1 3
20130805 4 1 5
20130805 5 1 6
20130805 7 1 9
20130805 1 7 5
20130805 1 5 3
20130806 5 3 7
20130806 7 2 4
20130806 5 1 4
20130806 6 7 4
20130806 2 4 6
20130806 7 9 3
20130806 5 8 2
20130806 2 5 7
20130806 3 7 4
20130806 3 4 1
20130821 3 5 4
20130821 1 5 7
20130821 2 6 7
20130821 4 7 5
20130821 7 4 5
20130821 3 5 2
20130821 9 1 4
20130821 2 9 1
20130821 3 1 7
20130821 1 6 5
20130821 2 3 5
20130822 7 2 1
20130822 1 7 5
20130822 2 1 7
20130822 5 2 4
20130822 1 2 5
20130822 3 2 4
20130822 5 8 3
20130822 5 9 3
20130822 2 7 1
20130822 3 7 1
20130823 5 1 7
20130823 1 3 5
20130823 5 3 7
20130823 1 5 7
20130823 7 2 3
20130823 8 2 1
20130823 1 9 8
20130823 5 3 1
20130823 5 2 6
20130823 1 7 5
20130909 2 1 4
20130909 4 2 3
20130909 1 3 5
20130909 5 3 1
20130909 1 5 3
20130909 5 3 1
20130909 1 7 2
20130909 6 7 9
20130909 7 3 2
20130909 5 9 3
20130910 7 5 2
20130910 5 3 7
20130910 2 4 5
20130910 4 1 3
20130910 5 2 3
20130910 4 3 2
20130910 5 1 9
20130910 1 7 2
20130910 1 7 5
20130910 5 1 2
20130911 6 7 5
20130911 7 2 1
20130911 3 5 1
20130911 1 3 2
20130911 2 3 5
20130911 1 7 9
20130911 9 1 8
20130911 2 9 1
20130911 1 7 5
20130911 6 2 5
20131030 2 5 7
20131030 4 3 1
20131030 2 4 7
20131030 5 3 2
20131030 1 7 4
20131030 5 3 2
20131030 5 3 7
20131030 5 1 9
20131030 3 5 9
20131030 6 8 1
20131031 7 4 6
20131031 4 5 1
20131031 3 5 4
20131031 1 2 5
20131031 1 4 6
20131031 7 1 9
20131031 9 8 3
20131031 3 7 2
20131031 3 7 1
20131031 2 7 9
20131101 1 2 3
20131101 2 5 3
20131101 5 7 1
20131101 1 4 7
20131101 4 3 1
20131101 2 7 4
20131101 2 1 8
20131101 7 1 5
20131101 2 7 9
20131101 9 3 2
20131115 2 5 8
20131115 4 1 5
20131115 2 7 5
20131115 3 9 7
20131115 1 9 3
20131115 3 7 1
20131115 7 1 3
20131115 5 1 9
20131115 5 1 3
20131115 1 5 7
20131115 4 7 3
20131116 5 2 7
20131116 5 3 4
20131116 2 7 4
20131116 2 8 7
20131116 3 1 2
20131116 2 9 7
20131116 9 2 5
20131116 1 2 7
20131116 3 7 2
20131116 7 3 1
20131116 9 1 8
20131117 3 2 5
20131117 1 4 7
20131117 2 5 7
20131117 8 1 7
20131117 1 7 5
20131117 2 7 9
20131117 5 9 2
20131117 9 7 5
20131117 3 1 7
20131117 7 2 5
20131117 1 3 2
20131118 9 3 4
20131118 7 3 8
20131118 1 2 3
20131118 4 7 1
20131118 4 8 7
20131118 7 5 4
20131118 1 9 7
20131118 7 3 4
20131118 5 3 7
20131118 3 7 1
20131118 4 9 6
20131210 2 3 9
20131210 5 9 2
20131210 5 3 7
20131210 3 9 7
20131210 6 7 3
20131210 5 7 3
20131210 2 7 1
20131210 9 2 7
20131210 1 5 7
20131210 5 2 7
20131210 4 2 3
20131211 9 7 8
20131211 1 7 2
20131211 7 2 3
20131211 9 1 2
20131211 8 7 1
20131211 1 2 5
20131211 7 2 5
20131211 5 7 1
20131211 2 1 5
20131211 7 1 2
20131211 1 7 3
20131212 1 5 3
20131212 6 7 3
20131212 3 9 8
20131212 3 7 9
20131212 1 7 9
20131212 2 5 3
20131212 2 7 9
20131212 3 7 5
20131212 9 2 7
20131212 2 1 9
20131212 1 2 7
20131224 3 5 8
20131224 3 4 7
20131224 4 7 3
20131224 9 3 4
20131224 1 7 8
20131224 5 8 7
20131224 1 6 4
20131224 3 5 1
20131224 7 1 8
20131224 1 9 8
20131224 3 1 4
20131225 2 5 9
20131225 5 2 7
20131225 9 2 3
20131225 9 7 3
20131225 3 2 5
20131225 1 7 3
20131225 9 2 5
20131225 7 5 9
20131225 2 3 8
20131225 5 1 2
20131225 1 5 3
20131226 2 9 7
20131226 3 9 5
20131226 8 4 2
20131226 8 9 5
20131226 2 1 9
20131226 6 3 2
20131226 8 3 4
20131226 9 3 1
20131226 5 9 7
20131226 5 3 8
20131226 5 3 1
20140111 1 2 7
20140111 2 5 1
20140111 3 5 7
20140111 5 6 7
20140111 5 2 4
20140111 8 5 1
20140111 5 3 2
20140111 1 5 9
20140111 1 9 6
20140111 5 3 9
20140112 2 3 1
20140112 4 3 5
20140112 7 4 2
20140112 7 1 6
20140112 2 7 5
20140112 7 2 5
20140112 1 5 7
20140112 7 3 8
20140112 7 5 1
20140112 2 3 1
20140113 5 4 1
20140113 3 5 2
20140113 4 1 5
20140113 7 5 3
20140113 1 2 3
20140113 4 1 2
20140113 1 9 6
20140113 1 5 8
20140113 1 6 7
20140113 7 1 4
20140115 9 3 1
20140115 5 9 7
20140115 7 2 9
20140115 2 9 5
20140115 1 7 9
20140115 1 6 8
20140115 3 5 8
20140115 9 4 1
20140115 1 7 5
20140115 1 9 8
20140115 3 4 1
20140116 1 7 9
20140116 2 9 5
20140116 1 4 7
20140116 7 3 1
20140116 3 5 8
20140116 5 1 6
20140116 9 2 7
20140116 4 3 2
20140116 1 9 6
20140116 2 4 5
20140116 1 7 2
20140117 3 5 2
20140117 1 4 5
20140117 9 3 2
20140117 3 7 4
20140117 5 4 9
20140117 5 4 8
20140117 3 7 4
20140117 5 1 7
20140117 2 7 5
20140117 4 6 8
20140117 5 3 6
20140206 5 4 6
20140206 7 3 2
20140206 1 4 3
20140206 5 3 2
20140206 7 5 2
20140206 7 5 1
20140206 2 5 3
20140206 1 7 5
20140206 3 9 7
20140206 9 3 7
20140206 7 6 1
20140207 7 1 5
20140207 1 5 4
20140207 6 1 3
20140207 4 5 2
20140207 1 2 4
20140207 1 3 8
20140207 7 1 5
20140207 2 6 3
20140207 5 3 7
20140207 5 1 2
20140301 1 2 6
20140301 1 3 7
20140301 5 7 1
20140301 4 2 1
20140301 7 4 2
20140301 1 4 9
20140301 6 9 5
20140301 1 5 8
20140301 9 7 2
20140301 3 6 7
20140302 4 7 3
20140302 7 3 1
20140302 3 7 4
20140302 1 4 2
20140302 1 7 5
20140302 7 8 2
20140302 7 3 9
20140302 9 3 6
20140302 9 1 5
20140302 7 9 2
20140303 2 7 6
20140303 5 7 1
20140303 2 4 5
20140303 3 5 1
20140303 1 7 2
20140303 1 4 7
20140303 3 9 2
20140303 1 3 5
20140303 4 5 2
20140303 5 2 1
20140314 2 3 8
20140314 3 2 8
20140314 3 5 8
20140314 9 5 7
20140314 7 1 5
20140314 1 3 7
20140314 6 3 1
20140314 3 7 4
20140314 2 7 5
20140314 7 3 2
20140314 9 1 8
20140314 5 9 3
20140315 2 5 7
20140315 3 9 2
20140315 9 5 6
20140315 2 1 4
20140315 2 9 3
20140315 3 7 1
20140315 8 1 5
20140315 1 3 5
20140315 1 5 3
20140315 3 5 1
20140315 4 5 2
20140315 7 1 8
20140316 5 4 9
20140316 7 2 5
20140316 3 7 4
20140316 4 1 5
20140316 3 1 9
20140316 1 7 2
20140316 3 1 5
20140316 4 9 1
20140316 3 2 4
20140316 2 4 1
20140316 5 3 4
20140430 1 9 4
20140430 1 5 8
20140430 3 8 7
20140430 9 5 1
20140430 1 7 5
20140430 4 7 8
20140430 5 3 9
20140430 9 6 5
20140430 2 7 5
20140430 2 5 7
20140430 6 3 9
20140501 7 1 2
20140501 7 1 5
20140501 9 2 3
20140501 2 9 4
20140501 1 8 5
20140501 1 7 9
20140501 4 7 3
20140501 3 1 4
20140501 7 3 6
20140501 5 7 9
20140501 7 1 3
20140502 2 7 5
20140502 7 1 9
20140502 2 6 1
20140502 1 2 8
20140502 1 8 9
20140502 5 2 1
20140502 1 5 8
20140502 9 2 7
20140502 7 5 2
20140502 9 1 4
20140502 5 1 3
20140508 1 4 2
20140508 9 2 5
20140508 2 7 9
20140508 5 9 2
20140508 3 2 7
20140508 2 9 7
20140508 2 7 4
20140508 2 9 4
20140508 1 2 7
20140508 9 2 3
20140508 2 9 1
20140508 3 7 1
20140509 1 4 9
20140509 4 1 5
20140509 1 4 9
20140509 9 5 8
20140509 5 1 6
20140509 7 4 2
20140509 7 1 2
20140509 5 1 7
20140509 1 9 2
20140509 7 2 9
20140509 9 1 2
20140509 2 9 7
20140510 3 1 5
20140510 5 9 1
20140510 5 8 2
20140510 9 3 1
20140510 3 5 9
20140510 4 3 2
20140510 2 5 3
20140510 2 9 6
20140510 5 2 1
20140510 2 6 3
20140510 6 3 1
20140510 9 5 3
20140511 2 9 4
20140511 5 7 9
20140511 5 4 3
20140511 7 3 4
20140511 7 3 5
20140511 9 8 2
20140511 1 8 7
20140511 9 2 7
20140511 2 9 7
20140511 9 3 2
20140511 1 7 9
20140602 9 7 3
20140602 9 7 5
20140602 1 3 2
20140602 1 9 7
20140602 2 9 1
20140602 2 1 4
20140602 2 5 3
20140602 7 1 8
20140602 7 1 9
20140602 1 7 9
20140602 1 5 7
20140602 3 5 7
20140603 3 1 5
20140603 3 2 8
20140603 2 5 8
20140603 7 3 9
20140603 1 7 9
20140603 3 5 9
20140603 6 1 3
20140603 6 1 4
20140603 3 2 1
20140603 9 2 3
20140603 9 2 7
20140603 2 9 8
20140604 4 2 6
20140604 4 1 9
20140604 9 2 6
20140604 8 9 1
20140604 9 2 7
20140604 8 4 3
20140604 6 2 5
20140604 3 9 2
20140604 5 1 7
20140604 7 3 2
20140604 3 6 4
20140713 3 2 5
20140713 1 3 4
20140713 1 2 4
20140713 5 1 4
20140713 4 7 1
20140713 1 3 7
20140713 1 7 3
20140713 3 7 1
20140713 7 1 3
20140713 5 3 9
20140713 1 8 6
20140714 3 2 6
20140714 2 7 3
20140714 4 7 3
20140714 2 3 7
20140714 4 3 2
20140714 1 7 5
20140714 4 3 9
20140714 1 7 5
20140714 1 3 5
20140714 1 9 7
20140715 4 2 6
20140715 4 2 7
20140715 5 2 7
20140715 2 5 6
20140715 3 4 5
20140715 3 5 4
20140715 1 9 7
20140715 3 9 2
20140715 3 5 8
20140715 5 6 3
20140715 3 1 7
20140728 1 4 8
20140728 9 7 6
20140728 4 1 9
20140728 9 2 5
20140728 3 2 8
20140728 5 3 1
20140728 2 5 3
20140728 1 5 8
20140728 7 9 2
20140728 2 4 3
20140728 9 2 6
20140729 9 2 5
20140729 2 9 3
20140729 6 7 9
20140729 7 3 1
20140729 9 1 2
20140729 1 7 3
20140729 1 3 6
20140729 7 3 4
20140729 8 3 5
20140729 4 1 3
20140729 7 2 8
20140730 7 3 1
20140730 9 2 7
20140730 3 5 4
20140730 7 5 9
20140730 9 2 6
20140730 6 2 3
20140730 9 2 7
20140730 2 1 6
20140730 1 2 3
20140730 2 1 3
20140730 7 3 1
20140730 1 5 3
20140811 1 2 3
20140811 5 1 2
20140811 2 3 5
20140811 4 3 2
20140811 3 5 2
20140811 5 3 7
20140811 1 4 7
20140811 1 4 7
20140811 2 5 7
20140811 5 4 1
20140812 3 1 5
20140812 5 3 2
20140812 2 4 3
20140812 5 2 3
20140812 1 2 5
20140812 2 1 7
20140812 4 1 7
20140812 9 1 3
20140812 8 2 1
20140812 7 9 1
20140813 2 6 4
20140813 4 3 6
20140813 7 3 5
20140813 2 5 6
20140813 7 2 6
20140813 8 4 7
20140813 8 2 3
20140813 8 7 1
20140813 9 1 4
20140813 5 2 8
20140817 3 7 2
20140817 5 2 7
20140817 5 1 7
20140817 1 4 5
20140817 4 1 3
20140817 2 3 6
20140817 1 6 4
20140817 9 4 1
20140817 5 3 9
20140817 9 1 5
20140817 2 7 4
20140817 2 5 3
20140818 3 4 2
20140818 1 6 5
20140818 4 1 5
20140818 2 3 7
20140818 2 5 3
20140818 7 2 4
20140818 1 4 3
20140818 3 9 4
20140818 2 9 7
20140818 1 5 7
20140818 9 1 2
20140818 9 3 2
20140819 3 2 6
20140819 1 3 5
20140819 6 2 4
20140819 4 2 1
20140819 7 6 5
20140819 5 1 7
20140819 7 1 4
20140819 5 2 6
20140819 5 3 4
20140819 1 7 3
20140819 1 2 9
20140819 1 7 3
20140905 9 1 5
20140905 7 9 1
20140905 7 1 8
20140905 2 7 3
20140905 2 5 9
20140905 3 9 5
20140905 5 2 7
20140905 1 9 2
20140905 2 5 1
20140905 7 3 8
20140905 7 8 3
20140905 9 3 8
20140906 2 9 3
20140906 7 5 8
20140906 1 9 4
20140906 1 5 8
20140906 9 3 8
20140906 1 2 7
20140906 9 2 5
20140906 2 6 9
20140906 6 2 9
20140906 5 2 9
20140906 7 3 6
20140906 1 2 5
20140907 9 6 5
20140907 9 7 3
20140907 9 2 3
20140907 9 4 2
20140907 2 5 1
20140907 9 1 7
20140907 5 7 9
20140907 9 1 3
20140907 1 7 3
20140907 7 5 9
20140907 1 7 2
20141010 4 1 5
20141010 5 2 1
20141010 1 5 2
20141010 5 1 2
20141010 7 4 5
20141010 4 1 6
20141010 2 1 3
20141010 7 3 5
20141010 7 3 1
20141010 5 9 1
20141010 7 3 5
20141010 5 9 3
20141010 1 2 3
20141011 5 2 6
20141011 2 3 1
20141011 5 1 3
20141011 1 5 7
20141011 5 2 7
20141011 1 6 7
20141011 2 1 7
20141011 5 1 3
20141011 1 7 5
20141011 9 6 4
20141011 9 2 6
20141011 3 9 5
20141012 7 2 5
20141012 3 5 2
20141012 1 3 2
20141012 1 3 5
20141012 1 4 5
20141012 2 3 7
20141012 7 3 2
20141012 5 1 9
20141012 7 5 3
20141012 3 1 7
20141012 7 1 9
20141012 3 2 7
20141012 7 4 8
20141115 7 4 2
20141115 8 3 9
20141115 7 3 4
20141115 2 3 9
20141115 2 9 1
20141115 3 8 7
20141115 2 3 1
20141115 9 3 5
20141115 5 1 2
20141115 9 7 3
20141115 3 4 8
20141116 3 4 1
20141116 1 4 3
20141116 9 7 1
20141116 7 3 9
20141116 5 1 6
20141116 9 4 3
20141116 3 2 5
20141116 4 1 7
20141116 6 5 3
20141116 9 3 5
20141116 8 1 6
20141117 3 5 7
20141117 9 3 4
20141117 9 5 2
20141117 5 4 1
20141117 9 2 7
20141117 1 5 7
20141117 9 7 2
20141117 5 9 2
20141117 5 9 2
20141117 5 3 7
20141117 2 4 6
20141125 1 2 7
20141125 5 1 4
20141125 7 4 6
20141125 4 1 3
20141125 5 4 3
20141125 9 7 1
20141125 9 6 1
20141125 3 9 1
20141125 2 5 3
20141125 3 6 1
20141126 4 2 5
20141126 5 4 1
20141126 1 2 7
20141126 2 5 4
20141126 2 6 5
20141126 9 1 8
20141126 5 1 9
20141126 5 2 3
20141126 1 3 9
20141127 6 2 4
20141127 1 3 5
20141127 5 1 4
20141127 7 5 3
20141127 4 5 3
20141127 3 8 9
20141127 3 2 7
20141127 8 9 4
20141127 8 1 3
20141127 8 3 1
20141127 1 8 5
20141218 5 1 3
20141218 3 5 4
20141218 6 2 5
20141218 5 1 4
20141218 5 2 4
20141218 9 1 7
20141218 9 6 5
20141218 1 2 3
20141218 9 3 2
20141218 2 9 5
20141219 3 6 2
20141219 5 4 2
20141219 1 3 5
20141219 1 5 3
20141219 7 4 1
20141219 3 4 1
20141219 3 5 7
20141219 9 3 5
20141219 1 5 8
20141219 2 9 7
20141219 9 1 6
20141220 3 5 1
20141220 6 5 1
20141220 5 1 4
20141220 3 6 4
20141220 5 1 7
20141220 2 9 8
20141220 7 2 9
20141220 1 9 2
20141220 1 9 3
20141220 6 3 2
20150102 2 7 4
20150102 1 5 3
20150102 1 6 5
20150102 7 4 1
20150102 5 1 3
20150102 3 5 4
20150102 5 3 1
20150102 8 3 5
20150102 9 2 4
20150102 3 9 2
20150103 4 2 3
20150103 2 3 6
20150103 1 5 2
20150103 4 1 5
20150103 1 3 7
20150103 3 2 1
20150103 3 1 2
20150103 2 7 9
20150103 1 9 6
20150103 1 5 7
20150104 2 7 3
20150104 4 6 5
20150104 5 4 1
20150104 7 5 3
20150104 5 2 7
20150104 7 2 4
20150104 1 2 3
20150104 9 2 4
20150104 5 3 1
20150104 9 2 5
20150128 4 7 1
20150128 9 2 3
20150128 2 7 9
20150128 2 7 8
20150128 9 8 7
20150128 2 1 7
20150128 7 2 1
20150128 1 5 3
20150128 3 7 4
20150128 1 7 8
20150128 7 4 9
20150129 3 6 2
20150129 2 5 7
20150129 5 7 8
20150129 5 8 7
20150129 9 2 5
20150129 2 1 9
20150129 5 7 1
20150129 5 2 7
20150129 2 5 4
20150129 9 4 2
20150129 1 8 9
20150129 2 9 5
20150130 5 2 3
20150130 9 7 5
20150130 7 5 6
20150130 9 7 8
20150130 3 7 4
20150130 2 9 4
20150130 7 1 8
20150130 9 5 7
20150130 9 5 1
20150130 2 3 5
20150130 2 7 3
20150216 5 1 7
20150216 2 7 5
20150216 2 7 1
20150216 4 1 8
20150216 7 2 3
20150216 2 5 6
20150216 5 7 2
20150216 9 7 1
20150216 7 1 2
20150216 2 9 3
20150216 6 2 8
20150217 2 7 1
20150217 5 6 3
20150217 5 2 6
20150217 9 2 8
20150217 5 2 4
20150217 9 4 8
20150217 7 4 5
20150217 9 2 7
20150217 5 2 4
20150217 9 2 1
20150217 5 1 7
20150218 5 2 9
20150218 3 9 5
20150218 2 7 1
20150218 1 2 7
20150218 9 2 7
20150218 9 1 2
20150218 1 4 5
20150218 2 8 3
20150218 4 2 1
20150218 1 9 7
20150218 4 6 3
20150315 7 3 4
20150315 1 3 5
20150315 3 1 7
20150315 2 5 7
20150315 3 1 4
20150315 2 3 1
20150315 3 7 1
20150315 9 6 1
20150315 7 2 1
20150315 2 1 9
20150316 6 1 4
20150316 4 5 7
20150316 7 2 5
20150316 3 7 5
20150316 5 7 4
20150316 2 1 4
20150316 7 2 1
20150316 8 7 5
20150316 9 5 7
20150316 9 5 1
20150317 1 4 3
20150317 5 7 6
20150317 2 7 3
20150317 7 1 4
20150317 4 7 3
20150317 4 1 7
20150317 3 2 4
20150317 2 8 7
20150317 1 4 5
20150317 1 4 5
20150326 7 4 1
20150326 7 5 6
20150326 5 1 7
20150326 1 7 3
20150326 3 1 7
20150326 6 5 2
20150326 3 1 6
20150326 7 5 1
20150326 2 7 8
20150326 7 1 9
20150326 3 9 1
20150326 3 9 4
20150327 5 4 2
20150327 7 1 6
20150327 5 1 4
20150327 4 3 7
20150327 3 5 6
20150327 4 7 6
20150327 4 2 6
20150327 9 1 4
20150327 4 7 1
20150327 3 9 1
20150327 1 9 3
20150327 5 2 9
20150328 2 4 6
20150328 5 1 6
20150328 4 1 6
20150328 2 5 4
20150328 2 7 4
20150328 5 1 6
20150328 1 5 9
20150328 6 2 1
20150328 6 5 7
20150328 3 1 5
20150328 7 1 3
20150328 1 5 3
20150413 2 6 1
20150413 2 7 1
20150413 3 4 2
20150413 5 1 4
20150413 5 3 1
20150413 1 7 2
20150413 9 5 2
20150413 1 9 5
20150413 3 1 5
20150413 3 5 1
20150413 1 3 8
20150414 1 7 2
20150414 2 6 7
20150414 7 3 1
20150414 2 4 3
20150414 2 7 3
20150414 1 7 2
20150414 5 7 3
20150414 2 7 5
20150414 9 2 3
20150414 9 3 5
20150415 4 3 1
20150415 1 5 4
20150415 1 4 7
20150415 5 2 6
20150415 2 7 3
20150415 1 9 3
20150415 9 1 3
20150415 4 2 9
20150415 1 5 3
20150415 5 2 9
20150415 2 7 1
20150508 9 2 4
20150508 2 3 1
20150508 7 1 2
20150508 1 9 2
20150508 3 8 9
20150508 2 9 7
20150508 2 9 3
20150508 9 1 5
20150508 2 9 7
20150508 5 2 3
20150508 5 1 3
20150508 5 2 6
20150509 1 9 2
20150509 3 1 2
20150509 7 2 5
20150509 7 5 2
20150509 5 3 1
20150509 5 6 9
20150509 1 2 5
20150509 7 9 4
20150509 9 2 3
20150509 3 1 9
20150509 7 4 2
20150509 9 3 7
20150509 4 1 5
20150510 1 4 5
20150510 1 7 5
20150510 2 9 5
20150510 7 1 5
20150510 7 9 3
20150510 9 2 3
20150510 9 2 3
20150510 1 7 9
20150510 2 5 8
20150510 3 5 8
20150510 3 8 1
20150510 7 5 2
20150511 4 9 7
20150511 4 1 6
20150511 3 8 4
20150511 2 5 4
20150511 5 9 2
20150511 9 2 6
20150511 5 3 8
20150511 1 3 5
20150511 2 4 1
20150511 1 8 3
20150511 1 8 7
20150511 6 9 5
20150603 2 9 7
20150603 9 2 7
20150603 5 1 4
20150603 1 7 3
20150603 2 4 3
20150603 1 2 8
20150603 7 8 3
20150603 5 1 9
20150603 9 4 5
20150603 2 5 9
20150603 1 3 5
20150604 7 9 2
20150604 7 3 9
20150604 4 1 3
20150604 5 1 4
20150604 8 3 2
20150604 3 1 5
20150604 1 3 5
20150604 7 3 8
20150604 7 2 1
20150604 9 7 1
20150604 1 9 7
20150605 3 4 8
20150605 7 6 2
20150605 6 8 7
20150605 3 6 5
20150605 2 3 6
20150605 7 4 2
20150605 3 2 5
20150605 2 9 7
20150605 3 1 7
20150605 7 2 1
20150605 8 5 1
