20111218 5 1 3
20111218 1 3 5
20111218 7 5 3
20111218 7 2 9
20111218 1 9 2
20111218 7 1 3
20111218 7 2 1
20111218 9 1 3
20111218 2 7 1
20111218 7 2 1
20111218 2 7 5
20111218 1 2 8
20111218 1 8 9
20111219 5 7 6
20111219 9 1 5
20111219 3 1 7
20111219 3 5 2
20111219 2 9 8
20111219 4 9 6
20111219 7 9 5
20111219 2 7 8
20111219 5 9 3
20111219 2 5 1
20111219 3 5 9
20111219 5 1 7
20111220 8 2 5
20111220 1 7 3
20111220 5 1 7
20111220 9 5 1
20111220 5 7 1
20111220 7 1 8
20111220 1 2 3
20111220 1 2 9
20111220 9 1 3
20111220 1 3 5
20111220 1 2 3
20111220 5 1 8
20111220 3 6 9
20111228 9 2 3
20111228 2 9 6
20111228 7 1 3
20111228 9 4 1
20111228 1 5 7
20111228 5 3 1
20111228 7 5 1
20111228 5 3 7
20111228 5 1 7
20111228 9 2 7
20111228 3 1 4
20111228 8 9 2
20111229 1 5 3
20111229 2 6 9
20111229 7 1 4
20111229 7 1 3
20111229 1 9 6
20111229 5 3 7
20111229 5 2 4
20111229 5 7 3
20111229 4 6 5
20111229 7 5 2
20111229 1 3 9
20111229 7 2 5
20111230 4 2 7
20111230 1 5 2
20111230 3 1 4
20111230 9 4 3
20111230 9 4 5
20111230 5 8 3
20111230 3 1 6
20111230 3 9 7
20111230 9 2 3
20111230 4 5 2
20111230 5 8 1
20111230 1 7 5
20120108 7 2 4
20120108 4 3 7
20120108 1 2 4
20120108 2 7 6
20120108 3 7 1
20120108 2 5 9
20120108 1 4 3
20120108 4 7 2
20120108 9 7 1
20120108 9 7 2
20120108 3 8 2
20120109 3 1 2
20120109 4 1 2
20120109 7 2 6
20120109 7 6 2
20120109 3 4 7
20120109 3 1 5
20120109 7 3 9
20120109 5 7 3
20120109 6 3 4
20120109 5 1 2
20120109 9 3 1
20120109 1 7 8
20120110 3 2 4
20120110 4 5 2
20120110 6 5 2
20120110 2 7 1
20120110 9 3 7
20120110 2 7 5
20120110 1 7 3
20120110 2 5 7
20120110 1 4 7
20120110 1 5 4
20120110 5 9 7
20120125 1 5 2
20120125 1 5 4
20120125 1 3 4
20120125 5 7 2
20120125 2 1 4
20120125 3 9 5
20120125 7 1 5
20120125 1 5 6
20120125 7 2 9
20120125 5 3 8
20120125 5 1 8
20120126 3 7 2
20120126 2 5 1
20120126 4 3 7
20120126 7 2 5
20120126 2 5 1
20120126 1 2 7
20120126 4 6 5
20120126 2 5 3
20120126 1 7 5
20120126 1 2 8
20120126 7 9 1
20120127 2 6 3
20120127 2 5 6
20120127 7 5 2
20120127 4 1 3
20120127 6 5 2
20120127 7 8 5
20120127 1 5 3
20120127 1 4 3
20120127 7 2 1
20120127 1 5 3
20120127 9 5 6
20120216 9 2 4
20120216 1 7 3
20120216 7 9 1
20120216 5 9 1
20120216 1 6 3
20120216 1 4 6
20120216 7 2 8
20120216 2 7 5
20120216 2 8 9
20120216 2 5 7
20120216 9 3 4
20120216 2 8 1
20120217 6 1 5
20120217 1 5 2
20120217 9 2 3
20120217 9 2 5
20120217 3 9 2
20120217 5 1 3
20120217 9 7 1
20120217 3 5 1
20120217 6 2 7
20120217 5 7 1
20120217 3 1 6
20120217 8 2 7
20120218 2 4 3
20120218 1 2 5
20120218 2 9 4
20120218 4 9 1
20120218 2 5 8
20120218 5 3 1
20120218 1 5 7
20120218 1 9 8
20120218 1 7 9
20120218 1 4 7
20120218 5 9 3
20120218 1 7 6
20120225 3 4 2
20120225 7 5 3
20120225 1 7 4
20120225 1 3 2
20120225 5 1 9
20120225 4 1 9
20120225 5 7 1
20120225 9 2 3
20120225 5 1 7
20120225 1 9 4
20120225 7 9 1
20120225 5 7 3
20120226 9 5 7
20120226 1 9 5
20120226 7 2 4
20120226 3 2 5
20120226 5 9 1
20120226 1 9 7
20120226 5 9 7
20120226 3 2 1
20120226 4 9 8
20120226 9 7 4
20120226 5 9 6
20120226 9 3 7
20120227 9 6 2
20120227 8 5 3
20120227 2 8 5
20120227 7 3 2
20120227 1 3 9
20120227 8 1 2
20120227 5 7 1
20120227 9 3 2
20120227 9 5 1
20120227 1 3 9
20120227 9 5 4
20120227 1 2 9
20120305 4 7 2
20120305 1 2 5
20120305 6 5 3
20120305 4 1 5
20120305 7 5 1
20120305 7 1 3
20120305 9 3 7
20120305 7 4 9
20120305 5 2 8
20120305 9 3 5
20120305 2 7 4
20120306 7 2 3
20120306 1 3 6
20120306 3 5 4
20120306 4 2 1
20120306 7 1 3
20120306 5 1 3
20120306 9 5 7
20120306 8 7 2
20120306 9 4 1
20120306 1 2 5
20120306 7 1 3
20120307 4 2 7
20120307 7 2 4
20120307 4 1 3
20120307 1 5 4
20120307 2 5 8
20120307 5 7 2
20120307 4 8 1
20120307 2 4 5
20120307 1 5 9
20120307 9 2 3
20120307 1 5 7
20120404 5 9 4
20120404 9 7 3
20120404 3 9 6
20120404 1 9 4
20120404 1 7 5
20120404 9 3 7
20120404 9 2 4
20120404 3 1 9
20120404 5 3 8
20120404 1 7 5
20120404 4 9 5
20120404 2 3 9
20120405 4 9 2
20120405 9 5 7
20120405 8 5 1
20120405 7 1 3
20120405 2 9 7
20120405 7 1 9
20120405 5 1 9
20120405 1 5 9
20120405 1 9 5
20120405 1 8 2
20120405 1 7 9
20120405 3 1 4
20120405 3 9 8
20120406 1 2 5
20120406 9 2 4
20120406 8 1 9
20120406 4 1 9
20120406 5 7 6
20120406 5 1 7
20120406 5 3 4
20120406 7 2 1
20120406 3 2 7
20120406 7 2 5
20120406 1 9 7
20120406 7 1 4
20120424 4 2 5
20120424 3 4 2
20120424 7 2 5
20120424 7 4 5
20120424 1 5 7
20120424 3 1 7
20120424 7 9 3
20120424 1 3 2
20120424 1 7 5
20120424 1 2 3
20120424 9 3 1
20120425 2 5 4
20120425 7 2 3
20120425 7 3 6
20120425 1 3 6
20120425 3 4 1
20120425 3 1 7
20120425 9 1 2
20120425 2 5 9
20120425 3 7 4
20120425 3 2 9
20120425 6 1 9
20120426 1 6 5
20120426 1 7 2
20120426 5 2 3
20120426 2 5 1
20120426 7 8 2
20120426 1 2 4
20120426 2 1 7
20120426 2 3 7
20120426 7 2 5
20120426 2 9 1
20120426 5 1 9
20120524 4 1 7
20120524 1 4 6
20120524 1 2 7
20120524 2 4 1
20120524 1 5 4
20120524 1 2 6
20120524 9 7 2
20120524 7 1 5
20120524 5 9 7
20120524 1 6 7
20120524 5 2 9
20120525 5 1 4
20120525 2 4 1
20120525 3 4 1
20120525 1 4 7
20120525 4 1 7
20120525 5 4 3
20120525 5 1 6
20120525 5 1 7
20120525 2 8 4
20120525 1 7 9
20120525 7 1 9
20120525 2 9 5
20120526 7 1 5
20120526 4 1 5
20120526 3 7 4
20120526 1 5 3
20120526 3 7 1
20120526 1 9 3
20120526 7 3 9
20120526 2 4 7
20120526 1 3 4
20120526 2 9 6
20120526 3 6 4
20120602 2 1 4
20120602 5 7 1
20120602 5 1 2
20120602 1 2 7
20120602 4 1 5
20120602 5 7 1
20120602 2 5 7
20120602 5 6 3
20120602 1 5 7
20120602 1 5 7
20120602 6 9 5
20120603 2 1 4
20120603 5 2 6
20120603 1 5 4
20120603 2 5 1
20120603 2 5 7
20120603 2 7 5
20120603 6 5 3
20120603 3 8 4
20120603 5 1 8
20120603 1 9 5
20120603 5 7 8
20120604 1 2 3
20120604 1 4 3
20120604 1 5 3
20120604 7 3 2
20120604 9 2 5
20120604 2 3 5
20120604 9 3 5
20120604 3 1 4
20120604 1 9 3
20120604 1 5 3
20120604 2 5 3
20120726 5 7 2
20120726 1 7 2
20120726 1 2 7
20120726 2 7 1
20120726 4 1 5
20120726 7 1 5
20120726 3 1 4
20120726 1 7 5
20120726 5 2 8
20120726 8 1 3
20120726 1 8 5
20120727 5 2 6
20120727 1 5 3
20120727 4 2 5
20120727 1 2 3
20120727 5 1 7
20120727 7 1 9
20120727 9 3 7
20120727 1 3 5
20120727 5 9 2
20120727 6 7 9
20120727 1 5 8
20120728 2 5 3
20120728 2 5 4
20120728 2 7 4
20120728 2 1 7
20120728 3 5 2
20120728 1 9 4
20120728 6 7 3
20120728 7 3 2
20120728 1 5 7
20120728 9 5 3
20120728 3 9 4
20120728 2 6 9
20120802 7 2 1
20120802 1 3 7
20120802 4 1 5
20120802 1 5 2
20120802 2 1 5
20120802 2 5 1
20120802 5 3 8
20120802 4 2 9
20120802 9 3 2
20120802 1 3 8
20120802 1 7 9
20120802 1 9 7
20120803 7 4 2
20120803 7 2 5
20120803 5 4 3
20120803 5 2 3
20120803 5 1 7
20120803 5 1 4
20120803 3 8 1
20120803 9 1 5
20120803 2 7 1
20120803 2 5 1
20120803 8 5 4
20120804 1 7 3
20120804 1 4 6
20120804 2 5 7
20120804 5 1 4
20120804 9 4 7
20120804 7 9 3
20120804 2 4 5
20120804 7 4 5
20120804 5 2 7
20120804 8 3 7
20120804 5 3 9
20120817 3 5 7
20120817 2 1 9
20120817 7 5 1
20120817 7 2 9
20120817 1 9 8
20120817 9 1 8
20120817 8 1 7
20120817 2 5 1
20120817 3 1 5
20120818 2 1 5
20120818 3 1 4
20120818 3 7 4
20120818 3 1 4
20120818 3 7 2
20120818 9 4 1
20120818 2 5 9
20120818 1 9 7
20120818 9 1 7
20120818 3 2 1
20120830 3 1 7
20120830 2 8 9
20120830 2 5 9
20120830 9 3 7
20120830 1 9 2
20120830 1 7 4
20120830 7 2 4
20120830 1 3 5
20120830 7 4 3
20120830 7 3 8
20120830 3 7 2
20120831 4 1 2
20120831 7 2 5
20120831 7 2 1
20120831 4 9 6
20120831 1 7 3
20120831 1 7 9
20120831 9 1 4
20120831 9 7 5
20120831 5 6 9
20120831 1 5 7
20120831 9 3 7
20120901 6 1 5
20120901 1 9 8
20120901 7 4 3
20120901 1 3 9
20120901 3 1 9
20120901 2 3 1
20120901 1 4 9
20120901 7 3 2
20120901 2 9 1
20120901 5 3 7
20120901 6 2 3
20120901 2 4 9
20120915 5 1 4
20120915 1 2 5
20120915 5 3 4
20120915 1 5 7
20120915 4 1 6
20120915 1 2 5
20120915 2 1 8
20120915 1 3 4
20120915 7 5 1
20120915 7 1 5
20120915 2 7 9
20120916 7 3 5
20120916 1 4 5
20120916 2 3 1
20120916 3 1 5
20120916 2 7 4
20120916 7 5 1
20120916 1 5 9
20120916 7 4 9
20120916 2 9 1
20120916 5 9 6
20120916 9 1 4
20120917 2 4 1
20120917 1 7 4
20120917 4 1 3
20120917 2 1 4
20120917 2 5 4
20120917 2 5 8
20120917 8 2 9
20120917 4 7 2
20120917 3 7 9
20120917 2 4 7
20120917 3 2 4
20121012 5 4 1
20121012 2 5 1
20121012 2 5 1
20121012 5 4 2
20121012 1 4 3
20121012 3 9 7
20121012 3 2 9
20121012 1 5 7
20121012 1 2 7
20121012 1 3 5
20121012 3 9 6
20121013 1 4 3
20121013 1 3 5
20121013 4 7 6
20121013 7 2 5
20121013 4 5 6
20121013 5 8 1
20121013 2 9 3
20121013 1 3 8
20121013 2 8 3
20121013 3 5 2
20121013 1 9 5
20121014 3 6 1
20121014 7 5 4
20121014 5 3 6
20121014 4 1 7
20121014 2 5 7
20121014 1 4 6
20121014 2 7 3
20121014 3 5 7
20121014 3 9 2
20121014 5 2 1
20121014 2 1 4
20121029 9 5 2
20121029 7 5 2
20121029 1 8 5
20121029 1 2 9
20121029 1 2 9
20121029 5 1 2
20121029 2 5 1
20121029 5 2 9
20121029 1 9 2
20121029 5 2 7
20121029 1 9 4
20121030 2 5 9
20121030 1 2 5
20121030 2 4 5
20121030 2 9 7
20121030 9 5 2
20121030 1 3 4
20121030 1 9 5
20121030 3 9 2
20121030 5 1 3
20121030 1 9 4
20121030 5 3 1
20121031 2 9 6
20121031 1 7 5
20121031 2 3 5
20121031 7 2 3
20121031 7 1 9
20121031 5 1 3
20121031 3 1 8
20121031 6 9 5
20121031 7 1 3
20121031 7 1 4
20121031 2 7 6
20121113 1 4 2
20121113 7 1 5
20121113 3 2 5
20121113 4 1 3
20121113 3 1 4
20121113 5 2 7
20121113 1 3 2
20121113 1 3 9
20121113 7 2 1
20121113 7 9 2
20121113 9 7 2
20121113 7 3 6
20121114 4 2 1
20121114 4 7 1
20121114 7 3 4
20121114 1 6 5
20121114 4 2 7
20121114 2 1 4
20121114 5 1 9
20121114 1 4 3
20121114 5 1 4
20121114 5 2 3
20121114 8 4 2
20121115 4 6 2
20121115 1 4 5
20121115 7 1 2
20121115 2 4 5
20121115 7 5 2
20121115 7 2 9
20121115 9 1 6
20121115 5 2 4
20121115 1 7 2
20121115 2 3 6
20121115 9 7 8
20121211 4 1 3
20121211 1 5 3
20121211 3 7 1
20121211 4 1 3
20121211 2 7 1
20121211 7 1 8
20121211 9 2 4
20121211 5 7 1
20121211 9 7 5
20121211 9 5 3
20121211 5 1 7
20121212 5 7 3
20121212 1 6 4
20121212 7 2 4
20121212 5 7 2
20121212 1 2 5
20121212 1 4 5
20121212 1 5 2
20121212 7 3 1
20121212 1 2 5
20121212 7 2 8
20121212 5 1 7
20121213 4 7 3
20121213 3 4 5
20121213 4 5 3
20121213 3 4 5
20121213 4 1 6
20121213 9 4 8
20121213 5 1 6
20121213 7 5 1
20121213 5 7 3
20121213 6 2 5
20121213 2 3 4
20121225 7 2 9
20121225 3 5 2
20121225 1 2 4
20121225 2 9 3
20121225 3 7 2
20121225 2 4 8
20121225 1 7 3
20121225 8 7 1
20121225 9 1 2
20121225 1 7 5
20121225 1 5 7
20121226 3 9 1
20121226 7 9 3
20121226 7 8 6
20121226 1 8 9
20121226 4 3 9
20121226 7 3 8
20121226 4 7 1
20121226 4 7 9
20121226 1 2 5
20121226 7 4 1
20121226 9 1 7
20121226 5 1 7
20121227 7 2 9
20121227 9 2 1
20121227 2 9 8
20121227 2 1 6
20121227 4 3 9
20121227 2 6 3
20121227 4 6 7
20121227 1 9 8
20121227 9 1 7
20121227 5 2 9
20121227 2 7 3
20130105 8 5 2
20130105 7 2 8
20130105 2 9 4
20130105 2 6 5
20130105 7 5 1
20130105 8 1 6
20130105 7 9 1
20130105 7 5 1
20130105 5 1 9
20130105 7 1 2
20130105 5 3 9
20130106 4 9 2
20130106 7 1 9
20130106 3 4 8
20130106 9 3 7
20130106 1 8 6
20130106 1 9 2
20130106 1 4 7
20130106 5 1 8
20130106 9 7 5
20130106 2 5 1
20130106 7 4 5
20130107 5 2 8
20130107 2 7 3
20130107 7 8 9
20130107 3 7 6
20130107 9 5 1
20130107 7 1 8
20130107 5 8 2
20130107 2 6 8
20130107 1 4 9
20130107 9 3 5
20130107 3 4 7
20130112 1 2 5
20130112 2 3 5
20130112 5 2 7
20130112 4 2 3
20130112 1 5 2
20130112 1 7 5
20130112 7 2 9
20130112 3 7 9
20130112 1 3 9
20130112 1 7 9
20130112 7 1 4
20130113 3 2 7
20130113 4 1 3
20130113 7 2 5
20130113 1 3 2
20130113 1 5 4
20130113 4 2 7
20130113 2 6 4
20130113 4 2 9
20130113 1 5 3
20130113 7 1 9
20130113 7 2 9
20130114 1 6 5
20130114 2 4 5
20130114 4 5 6
20130114 2 5 3
20130114 1 4 5
20130114 9 5 2
20130114 7 1 9
20130114 6 1 7
20130114 7 1 9
20130114 7 9 2
20130114 6 9 3
20130131 9 1 5
20130131 1 4 8
20130131 7 2 5
20130131 1 2 7
20130131 8 3 7
20130131 7 1 9
20130131 1 7 5
20130131 1 7 8
20130131 9 3 1
20130131 1 5 2
20130131 3 5 1
20130201 3 2 1
20130201 8 3 9
20130201 7 3 4
20130201 5 9 3
20130201 3 5 7
20130201 4 1 5
20130201 1 7 4
20130201 5 2 9
20130201 1 5 4
20130201 3 9 7
20130201 3 9 8
20130202 3 8 7
20130202 5 1 9
20130202 5 1 4
20130202 8 3 6
20130202 6 1 3
20130202 6 3 1
20130202 2 5 9
20130202 1 3 8
20130202 2 5 3
20130202 1 5 7
20130202 2 8 3
20130203 2 5 6
20130203 9 3 1
20130203 9 6 2
20130203 9 1 4
20130203 3 7 5
20130203 1 9 4
20130203 6 4 2
20130203 5 9 6
20130203 5 3 4
20130203 2 1 5
20130203 7 2 3
20130223 1 5 2
20130223 2 5 1
20130223 5 3 8
20130223 3 9 5
20130223 1 7 2
20130223 2 9 8
20130223 7 1 3
20130223 3 9 1
20130223 1 7 4
20130223 9 7 5
20130223 8 1 4
20130224 1 3 7
20130224 3 2 9
20130224 3 5 1
20130224 1 5 7
20130224 4 2 3
20130224 7 1 5
20130224 3 4 2
20130224 2 9 5
20130224 4 2 1
20130224 7 1 9
20130224 5 1 7
20130225 3 5 9
20130225 7 1 9
20130225 5 7 8
20130225 7 5 8
20130225 1 5 3
20130225 1 2 8
20130225 9 1 3
20130225 9 3 1
20130225 5 9 6
20130225 1 3 9
20130225 4 7 1
20130225 2 7 6
20130225 2 7 5
20130305 4 1 7
20130305 7 3 2
20130305 1 5 3
20130305 7 5 4
20130305 2 5 4
20130305 9 5 2
20130305 7 2 8
20130305 3 4 8
20130305 1 4 2
20130305 1 9 5
20130305 5 4 6
20130306 4 7 1
20130306 1 3 7
20130306 3 5 7
20130306 4 1 7
20130306 1 2 7
20130306 5 2 1
20130306 7 4 5
20130306 1 2 9
20130306 5 2 1
20130306 2 5 1
20130306 4 6 9
20130307 1 6 3
20130307 1 4 7
20130307 4 2 1
20130307 3 7 4
20130307 5 9 2
20130307 4 3 9
20130307 1 5 3
20130307 1 7 4
20130307 7 1 4
20130307 2 4 5
20130307 2 1 7
20130307 2 9 8
20130322 9 1 7
20130322 4 3 1
20130322 1 6 9
20130322 9 3 7
20130322 3 7 6
20130322 5 8 4
20130322 7 2 1
20130322 1 9 2
20130322 8 5 6
20130322 2 8 1
20130322 5 2 7
20130323 3 7 9
20130323 1 9 7
20130323 8 5 2
20130323 4 1 2
20130323 5 1 4
20130323 5 3 2
20130323 3 1 5
20130323 9 2 8
20130323 7 9 1
20130323 1 9 6
20130323 1 2 7
20130324 6 9 4
20130324 1 8 5
20130324 9 2 5
20130324 1 7 5
20130324 2 3 7
20130324 2 1 9
20130324 5 2 9
20130324 1 3 2
20130324 4 7 9
20130324 5 1 6
20130324 7 2 6
20130407 7 1 2
20130407 1 2 4
20130407 7 8 9
20130407 7 1 3
20130407 7 3 5
20130407 7 3 1
20130407 6 7 1
20130407 7 1 4
20130407 3 1 4
20130407 7 3 4
20130407 2 4 7
20130407 3 7 2
20130408 6 2 7
20130408 2 7 4
20130408 7 1 2
20130408 2 1 7
20130408 1 9 4
20130408 1 3 2
20130408 4 2 5
20130408 7 5 3
20130408 3 1 2
20130408 2 7 9
20130408 7 2 9
20130408 1 9 2
20130408 1 5 2
20130409 5 3 8
20130409 6 5 8
20130409 5 1 4
20130409 1 7 3
20130409 4 2 3
20130409 2 7 3
20130409 7 4 5
20130409 2 5 1
20130409 2 5 3
20130409 2 5 6
20130409 2 8 7
20130409 3 1 5
20130420 4 7 2
20130420 2 4 6
20130420 2 3 1
20130420 1 3 2
20130420 1 5 3
20130420 3 4 1
20130420 3 1 7
20130420 9 2 7
20130420 3 9 2
20130420 6 2 4
20130421 5 4 7
20130421 7 4 1
20130421 7 1 3
20130421 1 2 7
20130421 4 2 1
20130421 7 1 4
20130421 9 1 3
20130421 8 1 9
20130421 5 7 4
20130421 1 5 7
20130422 2 1 7
20130422 5 1 7
20130422 4 7 1
20130422 1 3 7
20130422 8 2 1
20130422 7 1 5
20130422 3 4 7
20130422 5 7 6
20130422 4 8 3
20130422 6 5 2
20130503 1 5 3
20130503 4 2 5
20130503 7 2 1
20130503 2 5 7
20130503 2 7 4
20130503 6 1 2
20130503 3 7 1
20130503 3 5 1
20130503 9 1 3
20130503 5 3 7
20130503 7 2 4
20130503 9 7 2
20130504 1 2 5
20130504 2 6 1
20130504 3 1 6
20130504 1 6 3
20130504 4 5 1
20130504 5 2 1
20130504 5 7 2
20130504 5 1 6
20130504 2 3 5
20130504 2 3 5
20130504 9 4 1
20130504 2 1 4
20130505 2 4 1
20130505 5 3 7
20130505 4 7 3
20130505 4 7 2
20130505 7 4 2
20130505 5 4 6
20130505 2 3 7
20130505 5 1 4
20130505 2 1 3
20130505 5 2 3
20130505 7 1 4
20130505 1 9 4
20130607 1 5 2
20130607 1 5 3
20130607 2 7 5
20130607 1 2 5
20130607 1 7 2
20130607 3 8 2
20130607 2 3 7
20130607 1 3 9
20130607 1 2 5
20130607 1 3 7
20130608 4 5 3
20130608 4 5 3
20130608 5 2 4
20130608 7 4 3
20130608 2 7 1
20130608 2 7 4
20130608 1 8 5
20130608 1 3 5
20130608 3 4 7
20130608 7 5 1
20130609 4 7 1
20130609 4 7 3
20130609 5 2 3
20130609 5 3 2
20130609 1 2 4
20130609 8 3 5
20130609 1 3 2
20130609 7 1 2
20130609 5 2 9
20130609 2 1 5
20130609 5 1 2
20130701 5 3 1
20130701 3 2 4
20130701 7 4 2
20130701 5 7 1
20130701 5 3 4
20130701 5 2 7
20130701 8 4 1
20130701 2 1 9
20130701 9 6 1
20130701 5 1 7
20130702 1 3 5
20130702 3 4 1
20130702 2 4 3
20130702 5 2 3
20130702 1 3 4
20130702 9 1 7
20130702 2 5 8
20130702 1 9 7
20130702 7 5 2
20130702 2 4 9
20130703 4 3 5
20130703 2 7 1
20130703 1 7 2
20130703 5 2 7
20130703 1 7 3
20130703 8 5 1
20130703 2 1 7
20130703 2 5 9
20130703 2 3 5
20130703 2 5 9
20130815 1 2 6
20130815 1 7 2
20130815 5 3 1
20130815 1 2 4
20130815 3 4 1
20130815 1 5 7
20130815 5 3 1
20130815 7 2 9
20130815 9 5 1
20130815 1 5 9
20130816 1 3 5
20130816 4 5 1
20130816 4 7 3
20130816 4 2 3
20130816 4 3 2
20130816 4 9 8
20130816 9 7 3
20130816 1 5 7
20130816 2 5 3
20130816 7 8 2
20130817 4 1 3
20130817 7 1 3
20130817 7 1 2
20130817 5 1 6
20130817 1 3 2
20130817 2 5 7
20130817 5 1 4
20130817 4 2 7
20130817 3 7 1
20130817 3 7 2
20130828 3 1 9
20130828 9 1 7
20130828 5 1 3
20130828 7 2 3
20130828 5 1 3
20130828 7 1 6
20130828 9 2 1
20130828 3 6 9
20130828 3 5 1
20130828 9 6 3
20130828 2 5 6
20130829 2 3 7
20130829 9 2 6
20130829 1 5 6
20130829 4 3 2
20130829 1 7 2
20130829 9 1 6
20130829 1 5 2
20130829 3 1 7
20130829 1 7 9
20130829 1 5 6
20130829 7 2 5
20130830 5 3 7
20130830 5 9 6
20130830 1 6 5
20130830 3 1 2
20130830 1 3 9
20130830 2 5 1
20130830 3 4 2
20130830 5 3 9
20130830 7 2 1
20130830 1 5 8
20130830 1 9 2
20130905 7 4 9
20130905 8 2 3
20130905 9 1 7
20130905 1 9 5
20130905 3 5 1
20130905 7 2 6
20130905 7 1 9
20130905 5 2 4
20130905 5 2 7
20130905 1 7 4
20130905 3 2 1
20130905 7 2 6
20130906 2 5 4
20130906 4 8 3
20130906 2 6 1
20130906 9 3 1
20130906 1 2 9
20130906 5 2 1
20130906 1 5 9
20130906 3 7 5
20130906 8 2 1
20130906 9 2 3
20130906 2 1 7
20130907 3 9 2
20130907 4 5 2
20130907 7 1 4
20130907 1 6 3
20130907 1 5 9
20130907 1 5 7
20130907 9 1 3
20130907 6 7 3
20130907 3 5 9
20130907 3 2 9
20130907 9 2 3
20130928 1 5 7
20130928 4 2 1
20130928 7 5 1
20130928 5 4 2
20130928 2 5 1
20130928 1 6 4
20130928 5 2 4
20130928 7 8 4
20130928 6 5 9
20130928 4 1 7
20130928 5 1 9
20130928 7 3 1
20130929 5 3 2
20130929 6 5 4
20130929 1 3 6
20130929 5 2 1
20130929 1 3 4
20130929 6 5 3
20130929 4 2 1
20130929 1 5 4
20130929 5 1 3
20130929 8 9 3
20130929 7 1 9
20130929 5 1 2
20130930 3 2 5
20130930 7 1 5
20130930 7 4 2
20130930 5 4 2
20130930 3 1 4
20130930 9 7 3
20130930 1 2 9
20130930 5 2 1
20130930 2 1 5
20130930 1 6 8
20130930 1 4 9
20130930 2 4 7
20131106 6 1 4
20131106 2 3 7
20131106 3 5 7
20131106 3 7 1
20131106 5 7 4
20131106 4 7 3
20131106 6 7 2
20131106 4 6 9
20131106 3 5 9
20131106 3 7 1
20131106 5 1 7
20131106 1 7 5
20131107 5 3 4
20131107 4 1 3
20131107 3 7 1
20131107 7 1 4
20131107 1 5 4
20131107 1 5 6
20131107 3 1 4
20131107 3 4 8
20131107 7 1 9
20131107 7 2 3
20131107 9 2 7
20131107 7 1 5
20131108 6 4 1
20131108 7 5 3
20131108 4 3 1
20131108 4 7 5
20131108 7 1 6
20131108 2 4 8
20131108 9 2 5
20131108 4 2 1
20131108 6 2 7
20131108 2 6 5
20131108 8 3 9
20131108 2 7 8
20131126 5 1 6
20131126 3 4 1
20131126 1 2 4
20131126 7 1 3
20131126 4 1 2
20131126 1 9 3
20131126 5 2 9
20131126 1 7 3
20131126 9 1 5
20131126 5 7 9
20131127 4 2 7
20131127 4 1 3
20131127 1 5 3
20131127 3 7 4
20131127 1 3 5
20131127 2 9 1
20131127 1 7 9
20131127 7 5 2
20131127 5 2 7
20131127 1 7 5
20131128 1 7 4
20131128 1 4 7
20131128 2 7 3
20131128 3 7 1
20131128 1 9 2
20131128 9 7 3
20131128 1 7 4
20131128 7 8 9
20131128 2 7 5
20131128 2 8 7
20131203 9 3 4
20131203 3 4 8
20131203 1 9 7
20131203 7 2 1
20131203 1 4 8
20131203 7 9 5
20131203 2 9 5
20131203 1 7 4
20131203 2 8 6
20131203 7 3 4
20131203 3 5 9
20131204 4 7 5
20131204 1 3 9
20131204 5 2 6
20131204 3 2 5
20131204 9 3 4
20131204 9 4 3
20131204 1 7 5
20131204 5 7 9
20131204 3 7 1
20131204 2 4 5
20131204 7 9 8
20131204 9 2 3
20131205 3 9 4
20131205 2 1 5
20131205 2 7 5
20131205 7 1 3
20131205 9 1 7
20131205 7 3 5
20131205 5 4 1
20131205 7 4 5
20131205 3 1 4
20131205 2 3 5
20131205 7 8 5
20131220 3 2 6
20131220 2 7 3
20131220 7 2 1
20131220 4 7 1
20131220 1 2 4
20131220 6 2 4
20131220 4 7 5
20131220 3 9 1
20131220 5 2 9
20131220 1 9 5
20131220 5 1 8
20131220 9 2 5
20131221 7 2 5
20131221 7 5 3
20131221 3 5 1
20131221 7 2 1
20131221 2 5 3
20131221 2 1 4
20131221 5 3 4
20131221 4 3 9
20131221 5 1 9
20131221 1 5 7
20131221 7 3 9
20131221 1 9 6
20131222 5 4 3
20131222 7 1 3
20131222 4 1 7
20131222 3 1 7
20131222 4 6 5
20131222 7 3 5
20131222 2 5 7
20131222 2 1 4
20131222 5 4 1
20131222 2 4 7
20131222 9 3 6
20131222 4 3 9
20140123 4 6 5
20140123 5 6 3
20140123 5 1 6
20140123 5 1 7
20140123 2 5 4
20140123 3 7 6
20140123 7 1 2
20140123 1 3 7
20140123 1 9 2
20140123 1 4 5
20140124 6 7 2
20140124 5 1 6
20140124 2 6 7
20140124 1 4 7
20140124 7 1 5
20140124 1 9 2
20140124 1 9 3
20140124 2 1 8
20140124 9 1 2
20140124 5 7 9
20140125 4 5 1
20140125 5 1 6
20140125 7 2 5
20140125 2 4 3
20140125 3 9 5
20140125 1 3 7
20140125 1 5 7
20140125 4 7 5
20140125 1 9 4
20140125 8 7 4
20140131 1 3 7
20140131 3 4 5
20140131 4 5 9
20140131 9 2 7
20140131 3 9 2
20140131 1 5 6
20140131 7 3 4
20140131 7 5 2
20140131 2 5 8
20140131 1 7 3
20140131 3 2 9
20140201 9 2 6
20140201 9 7 1
20140201 3 9 7
20140201 7 2 5
20140201 7 8 2
20140201 1 9 5
20140201 6 2 9
20140201 5 1 3
20140201 1 5 7
20140201 7 1 9
20140201 9 2 6
20140202 1 5 6
20140202 7 1 3
20140202 5 9 4
20140202 6 5 2
20140202 6 5 8
20140202 7 9 1
20140202 3 9 7
20140202 2 5 3
20140202 2 6 7
20140202 3 5 7
20140202 4 5 7
20140215 1 2 7
20140215 7 5 1
20140215 2 8 7
20140215 5 9 1
20140215 7 8 3
20140215 1 2 7
20140215 6 5 7
20140215 1 2 5
20140215 9 2 7
20140215 1 3 9
20140215 3 1 2
20140216 9 1 2
20140216 8 1 7
20140216 4 7 2
20140216 7 3 9
20140216 5 7 4
20140216 5 7 8
20140216 4 2 3
20140216 5 3 9
20140216 2 9 6
20140216 3 8 5
20140216 7 1 3
20140216 7 3 2
20140217 2 4 9
20140217 1 3 8
20140217 9 4 8
20140217 2 3 7
20140217 1 2 8
20140217 5 9 4
20140217 7 3 8
20140217 9 3 4
20140217 9 2 3
20140217 1 5 9
20140217 1 5 3
20140218 9 2 5
20140218 9 1 4
20140218 4 2 5
20140218 8 6 7
20140218 1 2 9
20140218 2 4 6
20140218 4 2 7
20140218 5 7 1
20140218 4 2 6
20140218 4 6 1
20140218 7 1 5
20140226 2 6 3
20140226 6 4 3
20140226 2 3 9
20140226 1 9 3
20140226 9 5 2
20140226 3 7 1
20140226 1 4 9
20140226 2 1 7
20140226 2 7 6
20140226 1 9 4
20140226 1 8 6
20140227 1 5 2
20140227 3 7 6
20140227 3 7 4
20140227 1 9 3
20140227 2 5 1
20140227 5 1 6
20140227 6 9 5
20140227 4 3 7
20140227 7 2 1
20140227 3 4 2
20140227 3 7 2
20140228 5 3 7
20140228 5 9 1
20140228 8 7 9
20140228 1 5 9
20140228 1 5 4
20140228 7 2 3
20140228 3 1 6
20140228 3 5 9
20140228 1 7 5
20140228 3 2 8
20140228 2 9 1
20140304 9 7 1
20140304 2 3 1
20140304 2 7 3
20140304 3 7 2
20140304 2 9 3
20140304 8 4 7
20140304 7 1 9
20140304 2 7 9
20140304 4 1 2
20140304 7 1 5
20140304 1 9 4
20140305 1 2 4
20140305 5 1 6
20140305 1 9 7
20140305 9 3 2
20140305 2 7 5
20140305 1 9 2
20140305 9 5 7
20140305 9 2 1
20140305 5 3 2
20140305 1 7 2
20140305 9 7 2
20140306 2 5 7
20140306 5 4 1
20140306 1 7 9
20140306 9 8 3
20140306 1 5 2
20140306 3 5 7
20140306 1 9 7
20140306 3 5 4
20140306 3 6 4
20140306 3 2 7
20140306 8 2 5
20140405 1 2 9
20140405 1 8 7
20140405 2 1 9
20140405 9 6 8
20140405 5 7 2
20140405 1 3 9
20140405 1 7 5
20140405 3 4 6
20140405 5 8 7
20140405 1 7 2
20140405 7 1 8
20140406 2 3 6
20140406 6 1 5
20140406 9 3 4
20140406 9 2 7
20140406 9 3 7
20140406 1 5 9
20140406 5 1 2
20140406 7 3 2
20140406 9 1 5
20140406 1 5 6
20140406 1 6 9
20140407 3 2 8
20140407 3 4 1
20140407 5 2 1
20140407 7 1 2
20140407 3 1 2
20140407 4 5 2
20140407 9 4 3
20140407 3 7 4
20140407 3 1 5
20140407 7 2 4
20140407 9 5 3
20140513 7 6 3
20140513 5 1 4
20140513 2 1 7
20140513 5 1 4
20140513 4 1 5
20140513 5 6 3
20140513 7 2 9
20140513 3 1 5
20140513 5 2 9
20140513 5 9 6
20140514 3 7 5
20140514 2 5 4
20140514 2 1 6
20140514 4 1 7
20140514 5 1 4
20140514 8 1 2
20140514 8 2 1
20140514 7 3 5
20140514 1 5 9
20140514 1 7 3
20140514 9 5 6
20140515 3 5 4
20140515 7 2 1
20140515 3 5 2
20140515 1 5 3
20140515 1 5 8
20140515 1 9 4
20140515 5 1 2
20140515 1 2 5
20140515 2 5 7
20140515 5 8 7
20140614 7 3 4
20140614 1 2 9
20140614 5 9 4
20140614 2 7 3
20140614 9 7 3
20140614 5 1 3
20140614 6 2 3
20140614 1 2 5
20140614 4 3 7
20140614 2 7 9
20140614 3 9 1
20140614 5 3 1
20140615 9 1 4
20140615 8 3 2
20140615 3 9 2
20140615 3 5 2
20140615 7 1 4
20140615 2 7 6
20140615 4 7 3
20140615 2 5 9
20140615 3 8 1
20140615 3 9 2
20140615 8 7 5
20140615 7 5 1
20140616 1 3 5
20140616 9 1 3
20140616 5 7 3
20140616 9 7 1
20140616 4 2 5
20140616 5 8 2
20140616 6 4 3
20140616 1 5 7
20140616 1 4 3
20140616 8 3 7
20140616 3 9 5
20140616 2 5 1
20140630 1 5 4
20140630 1 7 3
20140630 4 1 5
20140630 1 4 7
20140630 1 2 3
20140630 8 7 3
20140630 1 2 8
20140630 1 7 4
20140630 3 9 1
20140630 7 1 6
20140701 2 4 7
20140701 5 1 7
20140701 5 7 1
20140701 7 3 1
20140701 5 1 4
20140701 7 4 9
20140701 9 5 1
20140701 7 9 1
20140701 7 5 3
20140701 5 7 8
20140702 6 5 2
20140702 7 5 1
20140702 2 3 7
20140702 7 1 5
20140702 5 7 1
20140702 1 7 8
20140702 3 7 1
20140702 1 5 9
20140702 2 5 8
20140702 4 1 8
20140912 7 9 4
20140912 7 1 5
20140912 9 4 7
20140912 3 9 4
20140912 2 9 3
20140912 7 2 6
20140912 4 3 1
20140912 1 4 9
20140912 7 3 5
20140912 7 6 5
20140912 9 2 3
20140912 6 9 8
20140913 5 3 9
20140913 7 5 3
20140913 9 1 5
20140913 3 1 7
20140913 2 1 3
20140913 2 7 6
20140913 3 6 2
20140913 7 4 1
20140913 4 1 5
20140913 1 3 4
20140913 4 1 7
20140913 5 3 8
20140914 1 5 9
20140914 7 1 9
20140914 5 1 2
20140914 7 4 1
20140914 4 1 2
20140914 5 3 4
20140914 7 9 3
20140914 8 1 5
20140914 6 5 4
20140914 5 1 4
20140914 7 8 4
20140914 4 8 5
20140925 7 1 6
20140925 7 3 2
20140925 5 2 3
20140925 4 5 3
20140925 3 4 2
20140925 7 1 5
20140925 8 7 3
20140925 5 3 7
20140925 1 5 6
20140925 5 2 1
20140926 2 1 7
20140926 7 2 5
20140926 2 5 7
20140926 4 1 5
20140926 1 2 3
20140926 3 6 1
20140926 7 1 9
20140926 3 7 1
20140926 1 9 5
20140926 7 2 3
20140927 4 2 7
20140927 1 3 2
20140927 4 7 2
20140927 2 1 3
20140927 5 4 2
20140927 8 7 3
20140927 1 2 4
20140927 5 4 6
20140927 2 3 5
20140927 7 1 4
20141026 5 7 1
20141026 2 7 4
20141026 5 7 3
20141026 7 4 2
20141026 1 7 4
20141026 6 8 1
20141026 7 2 8
20141026 7 8 2
20141026 1 5 3
20141026 9 5 3
20141027 1 2 7
20141027 1 6 4
20141027 1 4 7
20141027 1 4 2
20141027 2 7 5
20141027 9 2 8
20141027 6 2 9
20141027 7 3 4
20141027 2 9 7
20141027 5 1 2
20141028 7 3 1
20141028 5 1 3
20141028 5 1 6
20141028 5 3 2
20141028 2 5 3
20141028 1 9 4
20141028 6 1 3
20141028 5 9 1
20141028 2 5 9
20141028 2 7 8
20141119 1 4 7
20141119 7 5 2
20141119 5 2 6
20141119 3 2 1
20141119 7 2 1
20141119 2 1 3
20141119 9 7 5
20141119 7 2 1
20141119 1 9 4
20141119 1 8 4
20141120 6 1 3
20141120 5 4 6
20141120 7 2 4
20141120 1 7 2
20141120 7 1 4
20141120 3 1 5
20141120 9 1 3
20141120 4 7 8
20141120 3 1 5
20141120 7 9 3
20141121 1 4 5
20141121 2 6 4
20141121 3 5 7
20141121 1 3 6
20141121 7 3 1
20141121 6 5 9
20141121 1 7 3
20141121 1 5 9
20141121 5 9 7
20141121 8 7 9
20141205 4 2 3
20141205 4 3 1
20141205 5 3 1
20141205 4 2 5
20141205 2 7 5
20141205 5 1 7
20141205 2 4 5
20141205 9 8 6
20141205 9 3 1
20141205 2 7 6
20141206 4 7 5
20141206 5 2 7
20141206 5 6 4
20141206 1 4 7
20141206 5 3 6
20141206 3 1 5
20141206 7 1 2
20141206 2 8 1
20141206 7 2 5
20141206 3 8 5
20141207 5 7 3
20141207 1 7 3
20141207 4 2 1
20141207 7 4 6
20141207 4 7 2
20141207 7 5 1
20141207 7 3 2
20141207 2 9 4
20141207 2 5 7
20141207 5 6 7
20141224 9 1 3
20141224 1 5 3
20141224 2 8 9
20141224 9 6 1
20141224 4 2 1
20141224 3 9 4
20141224 1 7 2
20141224 3 5 7
20141224 4 8 2
20141224 1 5 8
20141224 9 4 6
20141225 4 2 8
20141225 7 3 1
20141225 2 4 8
20141225 2 7 9
20141225 7 9 1
20141225 3 5 1
20141225 1 9 3
20141225 9 1 4
20141225 9 5 2
20141225 9 5 3
20141225 5 1 9
20141225 1 7 9
20141226 5 3 7
20141226 3 5 8
20141226 8 5 4
20141226 7 3 1
20141226 7 1 9
20141226 5 7 4
20141226 7 1 2
20141226 9 2 7
20141226 1 2 5
20141226 2 9 5
20141226 9 5 1
20150107 5 3 7
20150107 5 3 9
20150107 8 2 7
20150107 2 9 5
20150107 1 9 7
20150107 1 5 4
20150107 2 6 7
20150107 7 3 5
20150107 1 5 4
20150107 5 2 7
20150107 9 3 2
20150107 1 5 7
20150107 5 2 8
20150108 1 3 2
20150108 2 9 1
20150108 9 7 5
20150108 6 2 1
20150108 3 5 1
20150108 4 1 3
20150108 4 3 6
20150108 2 4 3
20150108 4 3 7
20150108 9 3 4
20150108 7 1 3
20150108 7 2 9
20150109 2 7 1
20150109 5 2 9
20150109 2 9 3
20150109 5 8 1
20150109 3 1 5
20150109 5 9 2
20150109 3 8 5
20150109 5 3 6
20150109 3 5 6
20150109 9 3 2
20150109 2 3 7
20150109 5 7 9
20150116 7 2 6
20150116 3 6 1
20150116 6 3 1
20150116 1 2 3
20150116 1 3 2
20150116 3 5 2
20150116 7 3 1
20150116 4 3 2
20150116 1 2 5
20150116 2 4 3
20150116 5 2 9
20150117 1 4 3
20150117 1 7 5
20150117 1 7 4
20150117 4 2 7
20150117 4 1 3
20150117 2 9 3
20150117 1 9 7
20150117 7 1 5
20150117 7 1 8
20150117 7 8 1
20150118 2 5 3
20150118 7 4 5
20150118 1 5 4
20150118 2 7 5
20150118 2 9 8
20150118 5 1 6
20150118 5 4 1
20150118 5 7 9
20150118 1 5 2
20150118 1 4 7
20150122 5 3 7
20150122 5 1 3
20150122 3 4 2
20150122 5 7 6
20150122 4 7 2
20150122 4 8 5
20150122 5 2 1
20150122 5 1 2
20150122 2 9 6
20150122 7 3 1
20150123 2 1 3
20150123 5 1 3
20150123 3 2 4
20150123 6 4 7
20150123 1 5 6
20150123 9 4 5
20150123 3 7 9
20150123 4 7 9
20150123 2 1 7
20150123 9 2 1
20150124 2 5 3
20150124 3 4 1
20150124 3 6 4
20150124 7 2 4
20150124 5 1 2
20150124 9 5 3
20150124 4 5 3
20150124 3 5 1
20150124 1 2 9
20150124 9 6 7
20150202 9 3 1
20150202 5 1 3
20150202 1 9 5
20150202 7 5 1
20150202 8 5 3
20150202 3 5 6
20150202 7 4 1
20150202 5 7 9
20150202 3 7 4
20150202 4 2 1
20150202 1 7 5
20150202 3 8 2
20150203 9 5 7
20150203 9 7 5
20150203 3 7 2
20150203 7 1 4
20150203 9 5 7
20150203 1 2 3
20150203 5 3 2
20150203 1 4 6
20150203 9 2 8
20150203 1 9 5
20150203 1 9 4
20150203 5 1 6
20150203 5 8 1
20150204 2 5 7
20150204 2 5 1
20150204 7 4 2
20150204 3 9 4
20150204 7 1 4
20150204 9 2 8
20150204 7 6 9
20150204 6 3 2
20150204 4 3 6
20150204 3 9 1
20150204 1 4 7
20150204 9 3 1
20150221 7 3 5
20150221 3 5 9
20150221 9 7 2
20150221 7 4 3
20150221 3 7 6
20150221 5 1 6
20150221 9 1 2
20150221 5 7 1
20150221 1 9 2
20150221 3 1 7
20150221 2 9 6
20150221 1 7 9
20150222 1 7 9
20150222 5 2 3
20150222 7 9 3
20150222 5 9 1
20150222 9 1 2
20150222 2 9 5
20150222 2 5 1
20150222 2 1 5
20150222 6 9 1
20150222 1 7 9
20150222 8 9 2
20150222 7 1 2
20150223 5 7 2
20150223 4 3 7
20150223 3 2 8
20150223 5 7 1
20150223 2 6 5
20150223 1 7 3
20150223 1 5 9
20150223 5 2 1
20150223 3 1 9
20150223 1 7 5
20150223 1 9 5
20150223 1 7 8
20150224 2 4 5
20150224 8 5 9
20150224 5 3 8
20150224 3 4 7
20150224 7 3 5
20150224 5 1 7
20150224 7 1 2
20150224 3 5 2
20150224 7 6 1
20150224 7 4 2
20150224 2 5 1
20150302 2 4 5
20150302 1 5 7
20150302 2 5 3
20150302 1 3 5
20150302 7 3 6
20150302 3 5 4
20150302 6 2 7
20150302 7 9 2
20150302 1 5 4
20150302 5 9 7
20150302 5 8 2
20150302 8 7 3
20150303 4 1 5
20150303 3 4 7
20150303 7 1 2
20150303 1 7 4
20150303 1 3 4
20150303 5 2 4
20150303 7 4 1
20150303 1 3 9
20150303 4 3 2
20150303 1 9 7
20150303 2 8 6
20150303 1 4 5
20150304 6 4 2
20150304 3 2 5
20150304 7 3 1
20150304 4 7 3
20150304 2 1 7
20150304 2 9 8
20150304 2 9 3
20150304 1 6 5
20150304 3 2 4
20150304 3 2 4
20150304 3 9 7
20150304 2 5 3
20150318 5 1 2
20150318 5 1 4
20150318 6 2 1
20150318 1 5 4
20150318 2 1 5
20150318 3 5 1
20150318 7 3 1
20150318 3 8 7
20150318 1 7 6
20150318 2 3 8
20150318 1 4 3
20150319 5 2 9
20150319 5 1 2
20150319 5 7 4
20150319 3 9 5
20150319 9 3 4
20150319 9 5 3
20150319 9 5 8
20150319 8 7 2
20150319 7 3 4
20150319 3 7 5
20150319 1 2 5
20150320 7 5 3
20150320 7 3 5
20150320 7 2 1
20150320 9 8 5
20150320 7 4 2
20150320 2 1 9
20150320 3 7 5
20150320 5 7 2
20150320 7 1 4
20150320 9 5 2
20150320 9 4 2
20150410 1 5 3
20150410 7 9 2
20150410 3 8 4
20150410 3 9 5
20150410 5 1 8
20150410 3 5 6
20150410 2 9 7
20150410 1 7 9
20150410 1 5 4
20150410 1 2 3
20150410 1 2 6
20150410 5 7 1
20150410 5 7 8
20150411 2 9 4
20150411 2 7 4
20150411 3 7 8
20150411 2 5 7
20150411 5 6 9
20150411 9 1 5
20150411 3 7 5
20150411 5 3 2
20150411 1 7 4
20150411 3 9 6
20150411 9 2 5
20150412 3 7 2
20150412 5 1 3
20150412 2 7 9
20150412 7 1 3
20150412 1 9 2
20150412 5 1 7
20150412 5 9 7
20150412 3 1 7
20150412 3 2 8
20150412 7 3 5
20150412 1 7 8
20150417 4 7 3
20150417 3 7 2
20150417 5 1 3
20150417 5 3 1
20150417 2 1 7
20150417 2 3 6
20150417 5 2 6
20150417 1 4 8
20150417 9 5 1
20150417 1 5 2
20150417 7 5 3
20150417 3 7 5
20150418 2 5 1
20150418 1 4 5
20150418 2 3 7
20150418 3 2 5
20150418 3 7 5
20150418 6 1 4
20150418 4 5 1
20150418 2 1 4
20150418 9 1 5
20150418 3 9 1
20150418 2 9 3
20150418 8 4 7
20150419 2 6 3
20150419 5 6 1
20150419 5 7 3
20150419 1 4 3
20150419 5 1 2
20150419 9 2 3
20150419 2 3 9
20150419 4 7 5
20150419 2 1 5
20150419 3 9 5
20150419 9 2 4
20150419 4 9 2
20150513 7 2 1
20150513 3 5 4
20150513 2 4 5
20150513 3 7 4
20150513 2 5 7
20150513 1 3 7
20150513 5 1 6
20150513 1 7 2
20150513 5 7 2
20150513 2 3 1
20150513 1 6 3
20150513 5 7 2
20150513 7 5 2
20150514 6 4 1
20150514 2 7 4
20150514 1 4 3
20150514 4 2 1
20150514 5 3 2
20150514 5 1 7
20150514 4 3 2
20150514 2 9 1
20150514 2 4 3
20150514 1 4 5
20150514 9 2 5
20150514 9 2 3
20150515 2 3 6
20150515 1 2 3
20150515 5 7 1
20150515 4 3 1
20150515 3 1 7
20150515 5 2 7
20150515 3 4 7
20150515 1 2 4
20150515 3 1 2
20150515 7 5 9
20150515 7 1 9
20150515 9 7 4
20150525 7 5 2
20150525 3 9 2
20150525 2 1 5
20150525 1 9 3
20150525 5 7 1
20150525 8 3 5
20150525 5 3 9
20150525 9 5 2
20150525 7 5 2
20150525 7 9 4
20150525 7 4 8
20150526 5 1 8
20150526 7 1 3
20150526 7 2 3
20150526 3 8 2
20150526 9 4 1
20150526 7 1 8
20150526 4 9 2
20150526 9 3 5
20150526 7 5 1
20150526 5 7 1
20150526 3 1 8
20150527 6 2 7
20150527 5 7 8
20150527 9 1 7
20150527 5 2 8
20150527 3 2 5
20150527 9 1 5
20150527 3 8 5
20150527 9 5 3
20150527 2 7 1
20150527 7 5 9
20150527 4 8 2
20150608 4 3 1
20150608 3 5 7
20150608 4 6 7
20150608 5 7 2
20150608 7 6 1
20150608 1 3 9
20150608 1 7 9
20150608 2 3 9
20150608 1 2 9
20150608 9 6 4
20150609 7 3 1
20150609 3 7 4
20150609 6 7 2
20150609 7 3 2
20150609 7 1 4
20150609 9 5 1
20150609 3 9 5
20150609 9 5 3
20150609 3 2 5
20150609 1 5 8
20150610 7 2 1
20150610 3 5 7
20150610 5 4 7
20150610 4 1 7
20150610 1 4 5
20150610 1 7 3
20150610 2 3 6
20150610 1 5 7
20150610 2 7 1
20150610 9 3 2
