20120403 2 7 4
20120403 7 3 1
20120403 4 6 5
20120403 7 1 2
20120403 5 4 7
20120403 7 6 4
20120403 1 7 5
20120403 7 1 6
20120403 7 4 3
20120403 4 7 2
20120403 2 7 4
20120404 7 3 2
20120404 2 4 1
20120404 7 3 4
20120404 2 3 4
20120404 1 3 4
20120404 4 7 1
20120404 1 7 9
20120404 6 5 1
20120404 4 3 6
20120404 2 9 5
20120404 5 1 3
20120405 1 3 5
20120405 5 4 6
20120405 5 2 7
20120405 6 4 5
20120405 2 4 1
20120405 1 3 6
20120405 5 2 7
20120405 1 5 6
20120405 9 6 7
20120405 9 2 7
20120405 7 1 4
20120501 1 9 5
20120501 1 6 5
20120501 2 1 4
20120501 1 7 5
20120501 7 1 5
20120501 9 1 2
20120501 4 7 1
20120501 7 2 5
20120501 8 1 5
20120501 5 3 1
20120501 3 7 5
20120501 2 7 1
20120501 7 1 2
20120502 7 1 2
20120502 3 9 2
20120502 2 7 9
20120502 2 7 5
20120502 4 7 1
20120502 4 8 3
20120502 7 1 3
20120502 3 8 5
20120502 4 7 1
20120502 8 2 4
20120502 1 7 6
20120502 3 5 1
20120503 2 3 7
20120503 1 5 7
20120503 3 2 9
20120503 9 2 5
20120503 1 9 4
20120503 9 5 3
20120503 1 7 2
20120503 7 2 3
20120503 2 5 8
20120503 8 1 9
20120503 9 7 3
20120503 9 5 8
20120508 7 2 1
20120508 2 4 3
20120508 7 1 2
20120508 3 2 7
20120508 5 4 1
20120508 3 7 2
20120508 3 7 5
20120508 1 5 9
20120508 2 9 1
20120508 7 1 3
20120508 9 2 7
20120508 8 2 4
20120509 3 4 2
20120509 1 3 6
20120509 2 5 4
20120509 5 7 3
20120509 1 3 2
20120509 7 3 2
20120509 1 5 9
20120509 5 3 1
20120509 1 9 4
20120509 3 7 1
20120509 5 2 4
20120510 4 1 3
20120510 5 2 3
20120510 4 7 6
20120510 2 1 7
20120510 2 5 3
20120510 2 4 9
20120510 7 1 6
20120510 9 5 2
20120510 2 9 7
20120510 7 1 3
20120510 1 2 8
20120514 2 1 7
20120514 4 1 5
20120514 1 4 3
20120514 3 2 7
20120514 7 1 5
20120514 4 2 5
20120514 1 9 5
20120514 5 3 8
20120514 2 3 5
20120514 3 7 9
20120514 1 8 7
20120515 3 4 1
20120515 5 2 3
20120515 7 3 2
20120515 5 1 6
20120515 1 2 6
20120515 3 8 6
20120515 3 2 1
20120515 7 9 1
20120515 3 1 9
20120515 9 2 4
20120515 1 5 7
20120516 7 5 2
20120516 3 5 7
20120516 5 7 4
20120516 1 5 3
20120516 2 1 3
20120516 1 4 9
20120516 3 9 5
20120516 3 7 9
20120516 3 5 1
20120516 2 1 8
20120516 1 5 3
20120523 2 1 9
20120523 1 2 5
20120523 5 3 7
20120523 7 8 9
20120523 3 1 5
20120523 7 5 1
20120523 7 9 3
20120523 1 9 5
20120523 2 3 8
20120523 4 7 1
20120523 1 5 7
20120523 3 5 7
20120524 5 1 9
20120524 5 7 1
20120524 2 5 6
20120524 3 1 2
20120524 2 1 3
20120524 2 7 9
20120524 6 3 9
20120524 1 4 8
20120524 3 4 7
20120524 3 4 7
20120524 1 3 4
20120524 1 5 7
20120525 9 2 7
20120525 1 4 2
20120525 7 9 1
20120525 9 2 1
20120525 2 3 8
20120525 2 8 6
20120525 1 3 2
20120525 9 7 4
20120525 1 8 7
20120525 6 1 9
20120525 5 2 1
20120525 3 9 7
20120531 5 1 2
20120531 4 2 3
20120531 4 3 1
20120531 1 7 3
20120531 7 1 3
20120531 1 2 4
20120531 5 3 2
20120531 9 2 5
20120531 7 1 3
20120531 1 7 5
20120531 3 5 7
20120531 1 5 2
20120601 7 5 3
20120601 5 3 2
20120601 4 7 2
20120601 3 1 5
20120601 2 3 7
20120601 2 6 5
20120601 9 5 4
20120601 7 2 4
20120601 5 2 3
20120601 3 1 2
20120601 3 9 5
20120602 4 1 2
20120602 3 7 6
20120602 7 3 4
20120602 5 1 4
20120602 5 2 1
20120602 3 5 6
20120602 3 7 2
20120602 5 2 3
20120602 5 3 1
20120602 3 4 2
20120602 4 3 5
20120611 1 4 3
20120611 2 5 7
20120611 1 9 7
20120611 5 1 2
20120611 2 5 1
20120611 9 3 4
20120611 1 7 3
20120611 9 2 7
20120611 7 5 2
20120611 2 7 5
20120611 9 2 4
20120611 8 1 5
20120612 9 2 4
20120612 3 2 1
20120612 7 1 5
20120612 3 4 9
20120612 1 2 8
20120612 1 9 8
20120612 1 9 5
20120612 9 3 7
20120612 1 8 5
20120612 3 5 1
20120612 9 3 4
20120612 3 4 9
20120613 5 2 1
20120613 2 7 3
20120613 5 9 1
20120613 9 5 2
20120613 5 3 6
20120613 2 1 5
20120613 9 8 1
20120613 7 2 3
20120613 8 3 9
20120613 7 1 8
20120613 2 3 1
20120613 5 3 2
20120618 4 1 5
20120618 4 7 1
20120618 7 3 5
20120618 2 7 3
20120618 4 2 5
20120618 3 9 4
20120618 9 3 1
20120618 1 7 8
20120618 7 1 9
20120618 9 2 7
20120618 1 6 7
20120619 5 7 4
20120619 3 4 1
20120619 3 6 5
20120619 7 3 2
20120619 1 5 2
20120619 8 4 1
20120619 1 5 7
20120619 9 1 3
20120619 1 5 9
20120619 7 6 3
20120619 7 8 1
20120620 5 4 2
20120620 3 4 2
20120620 7 5 2
20120620 1 4 6
20120620 6 3 1
20120620 1 7 8
20120620 8 2 4
20120620 7 9 2
20120620 2 9 3
20120620 2 9 8
20120620 3 9 4
20120728 1 7 9
20120728 7 3 4
20120728 3 5 2
20120728 2 9 4
20120728 1 7 9
20120728 9 4 8
20120728 1 3 9
20120728 6 1 3
20120728 5 1 2
20120728 3 9 1
20120728 1 2 5
20120729 4 3 8
20120729 7 3 5
20120729 8 2 5
20120729 5 4 7
20120729 5 3 4
20120729 2 3 9
20120729 5 1 7
20120729 1 2 8
20120729 1 9 7
20120729 2 9 3
20120729 5 9 4
20120730 3 8 5
20120730 2 4 7
20120730 7 9 3
20120730 3 9 6
20120730 3 7 9
20120730 9 2 5
20120730 2 7 9
20120730 4 9 1
20120730 5 2 9
20120730 2 5 3
20120730 1 3 7
20120731 1 7 2
20120731 4 1 3
20120731 5 3 9
20120731 3 9 4
20120731 4 3 8
20120731 1 2 7
20120731 7 4 3
20120731 3 6 1
20120731 2 7 3
20120731 2 9 8
20120731 2 8 4
20120823 6 1 4
20120823 2 7 3
20120823 1 3 6
20120823 1 4 5
20120823 5 7 4
20120823 7 5 9
20120823 2 3 8
20120823 8 1 9
20120823 1 4 7
20120823 9 1 7
20120823 1 7 5
20120824 5 4 6
20120824 7 1 2
20120824 3 1 7
20120824 3 5 2
20120824 1 3 7
20120824 2 7 5
20120824 1 2 9
20120824 1 3 4
20120824 5 1 7
20120824 5 1 7
20120824 7 1 3
20120825 2 1 6
20120825 2 1 7
20120825 1 4 2
20120825 2 4 6
20120825 6 1 4
20120825 3 1 7
20120825 7 9 3
20120825 2 1 6
20120825 4 1 9
20120825 2 3 7
20120825 5 7 6
20120825 2 3 9
20120830 5 2 7
20120830 5 7 3
20120830 3 2 5
20120830 4 2 1
20120830 2 1 4
20120830 5 3 8
20120830 1 8 3
20120830 2 5 7
20120830 5 3 9
20120830 9 7 4
20120830 1 2 9
20120831 5 7 3
20120831 4 3 2
20120831 5 1 4
20120831 3 7 1
20120831 2 4 3
20120831 2 6 9
20120831 3 9 1
20120831 1 7 6
20120831 5 9 7
20120831 3 1 9
20120831 7 3 4
20120901 7 5 4
20120901 3 1 2
20120901 5 7 6
20120901 4 1 5
20120901 2 3 1
20120901 5 1 3
20120901 7 3 1
20120901 3 7 6
20120901 2 5 9
20120901 3 1 7
20120901 8 6 9
20120910 1 4 5
20120910 2 5 1
20120910 3 5 7
20120910 4 5 1
20120910 5 2 7
20120910 2 3 9
20120910 9 3 6
20120910 7 1 9
20120910 9 5 1
20120910 2 1 3
20120911 2 1 3
20120911 2 7 1
20120911 3 7 2
20120911 5 2 4
20120911 3 2 1
20120911 2 3 1
20120911 9 7 2
20120911 1 9 4
20120911 5 2 7
20120911 3 5 4
20120911 3 7 1
20120912 5 7 3
20120912 4 5 1
20120912 3 4 7
20120912 7 4 6
20120912 1 4 5
20120912 7 3 4
20120912 7 1 5
20120912 7 2 3
20120912 7 3 2
20120912 1 7 3
20120912 2 1 7
20120919 2 5 9
20120919 2 7 5
20120919 3 9 5
20120919 1 3 8
20120919 9 2 6
20120919 7 1 5
20120919 1 5 9
20120919 5 8 3
20120919 2 5 8
20120919 7 1 8
20120919 6 2 8
20120920 3 6 2
20120920 1 2 5
20120920 5 3 2
20120920 7 3 5
20120920 9 2 4
20120920 9 5 1
20120920 1 9 2
20120920 1 9 4
20120920 7 1 8
20120920 9 2 5
20120920 1 3 5
20120921 1 5 4
20120921 1 3 7
20120921 3 1 5
20120921 7 4 8
20120921 5 1 7
20120921 7 1 4
20120921 7 3 6
20120921 3 5 7
20120921 1 3 5
20120921 2 9 5
20120921 3 1 8
20121010 2 9 1
20121010 7 9 2
20121010 9 2 5
20121010 7 1 5
20121010 7 3 8
20121010 6 3 8
20121010 2 5 9
20121010 3 5 1
20121010 5 1 9
20121010 5 9 1
20121010 6 9 7
20121011 9 3 8
20121011 7 5 3
20121011 7 3 5
20121011 3 1 7
20121011 9 1 3
20121011 7 3 1
20121011 7 5 3
20121011 5 3 7
20121011 9 1 7
20121011 3 5 9
20121011 5 7 4
20121012 8 2 4
20121012 7 3 2
20121012 3 1 4
20121012 1 4 2
20121012 3 7 8
20121012 2 5 9
20121012 3 5 2
20121012 5 3 2
20121012 3 1 7
20121012 2 7 9
20121012 2 4 7
20121012 3 1 9
20121022 1 7 3
20121022 2 1 4
20121022 3 5 7
20121022 5 1 4
20121022 5 2 7
20121022 7 1 8
20121022 2 9 1
20121022 1 5 3
20121022 9 2 7
20121022 1 5 2
20121022 5 7 4
20121023 4 1 3
20121023 3 1 5
20121023 2 3 5
20121023 5 3 7
20121023 1 2 3
20121023 4 7 9
20121023 1 9 2
20121023 9 6 4
20121023 1 2 7
20121023 2 1 5
20121023 1 8 4
20121024 3 1 5
20121024 5 3 7
20121024 1 2 3
20121024 1 3 7
20121024 2 3 1
20121024 2 4 3
20121024 5 7 9
20121024 2 6 7
20121024 2 9 8
20121024 1 7 9
20121024 7 1 9
20121123 2 5 7
20121123 2 7 5
20121123 2 7 3
20121123 3 7 4
20121123 4 5 1
20121123 5 2 1
20121123 5 2 1
20121123 2 1 5
20121123 1 5 9
20121123 4 1 3
20121123 2 7 8
20121123 5 3 2
20121124 4 5 6
20121124 5 3 2
20121124 4 1 2
20121124 2 4 6
20121124 1 4 2
20121124 2 3 4
20121124 9 5 1
20121124 9 3 8
20121124 9 5 1
20121124 7 3 9
20121124 5 7 2
20121125 5 6 4
20121125 5 4 3
20121125 2 4 5
20121125 7 1 2
20121125 4 7 2
20121125 1 3 7
20121125 9 3 1
20121125 9 7 2
20121125 4 2 1
20121125 1 3 5
20121125 8 2 6
20121205 5 3 1
20121205 6 1 8
20121205 1 7 5
20121205 2 7 4
20121205 2 7 5
20121205 3 7 9
20121205 2 1 5
20121205 8 5 3
20121205 9 2 6
20121205 5 1 2
20121205 9 2 4
20121206 9 3 1
20121206 9 3 7
20121206 3 7 2
20121206 1 7 9
20121206 3 2 1
20121206 3 4 7
20121207 9 2 4
20121207 2 1 4
20121207 1 5 3
20121207 9 3 2
20121207 3 1 6
20121207 2 7 1
20121207 9 3 7
20121207 9 2 3
20121207 5 1 6
20121207 2 5 3
20121207 9 5 4
20130315 2 7 5
20130315 3 1 7
20130315 1 4 2
20130315 5 7 1
20130315 5 1 2
20130315 1 3 6
20130315 9 3 1
20130315 4 3 7
20130315 3 7 2
20130315 9 2 6
20130315 2 9 4
20130316 2 5 4
20130316 7 3 5
20130316 2 4 5
20130316 5 3 7
20130316 4 1 7
20130316 9 8 5
20130316 4 1 3
20130316 2 6 8
20130316 3 5 1
20130316 9 2 8
20130316 2 7 1
20130317 3 5 4
20130317 5 7 3
20130317 5 6 1
20130317 2 4 5
20130317 3 6 2
20130317 2 7 8
20130317 6 2 7
20130317 1 2 7
20130317 2 5 3
20130317 1 5 9
20130317 7 5 3
20130329 4 1 5
20130329 7 4 2
20130329 7 2 4
20130329 3 4 1
20130329 2 1 3
20130329 9 2 7
20130329 7 2 9
20130329 5 2 3
20130329 9 3 7
20130329 5 7 2
20130329 3 1 7
20130330 4 3 1
20130330 1 3 5
20130330 1 5 2
20130330 4 2 3
20130330 2 5 3
20130330 3 9 5
20130330 9 4 2
20130330 9 1 3
20130330 8 3 1
20130330 5 1 7
20130331 5 2 7
20130331 2 1 3
20130331 4 2 5
20130331 2 7 3
20130331 7 5 1
20130331 1 3 5
20130331 1 8 2
20130331 2 4 7
20130331 2 8 6
20130331 8 4 6
20130331 2 4 3
20130407 3 5 4
20130407 2 1 5
20130407 7 2 4
20130407 1 7 4
20130407 5 7 1
20130407 3 8 9
20130407 9 7 1
20130407 3 1 7
20130407 1 3 5
20130407 7 3 4
20130408 7 1 3
20130408 4 2 3
20130408 3 5 4
20130408 2 3 7
20130408 3 1 4
20130408 2 5 1
20130408 5 2 1
20130408 3 7 9
20130408 1 2 7
20130408 5 2 1
20130408 1 7 3
20130409 3 2 4
20130409 4 7 1
20130409 4 3 7
20130409 6 3 5
20130409 9 2 5
20130409 4 2 9
20130409 5 4 7
20130409 2 5 7
20130409 1 5 2
20130409 1 8 6
20130426 5 1 8
20130426 2 7 5
20130426 1 5 2
20130426 4 9 7
20130426 1 8 5
20130426 2 3 9
20130426 8 7 9
20130426 2 1 9
20130426 2 5 9
20130426 3 5 9
20130426 3 7 2
20130426 1 7 2
20130427 2 5 9
20130427 3 4 1
20130427 5 3 9
20130427 4 7 2
20130427 9 2 3
20130427 7 5 9
20130427 9 5 2
20130427 1 3 4
20130427 2 1 9
20130427 1 5 6
20130427 9 8 5
20130427 5 4 6
20130428 2 3 9
20130428 9 2 3
20130428 2 4 5
20130428 1 5 9
20130428 2 6 4
20130428 3 4 1
20130428 5 3 4
20130428 5 7 4
20130428 1 5 2
20130428 7 6 4
20130428 3 5 1
20130428 2 1 3
20130429 3 7 8
20130429 2 5 9
20130429 1 2 5
20130429 4 9 3
20130429 1 6 9
20130429 1 9 6
20130429 2 3 1
20130429 3 1 7
20130429 5 1 8
20130429 7 9 5
20130429 2 4 1
20130429 3 2 7
20130507 4 5 3
20130507 1 4 2
20130507 7 5 3
20130507 1 4 5
20130507 5 7 2
20130507 9 5 3
20130507 9 5 2
20130507 7 2 9
20130507 9 5 2
20130507 2 1 9
20130508 7 3 5
20130508 5 7 2
20130508 2 4 6
20130508 1 5 6
20130508 3 2 5
20130508 8 5 7
20130508 5 9 3
20130508 5 1 2
20130508 2 9 8
20130508 1 7 8
20130509 7 2 4
20130509 4 7 6
20130509 4 3 1
20130509 3 5 7
20130509 1 4 2
20130509 7 2 8
20130509 5 6 2
20130509 7 9 1
20130509 7 9 3
20130509 1 5 3
20130513 3 4 7
20130513 1 2 5
20130513 2 9 3
20130513 5 1 3
20130513 2 1 3
20130513 2 9 1
20130513 5 3 2
20130513 5 9 3
20130513 5 2 8
20130513 2 9 5
20130513 6 9 3
20130514 9 2 7
20130514 1 9 6
20130514 7 1 4
20130514 3 7 2
20130514 3 9 2
20130514 2 1 7
20130514 3 7 9
20130514 4 9 5
20130514 2 3 6
20130514 1 2 9
20130514 4 5 2
20130515 3 1 5
20130515 2 9 8
20130515 5 8 2
20130515 2 7 1
20130515 2 7 5
20130515 1 9 2
20130515 9 3 1
20130515 1 7 6
20130515 7 5 4
20130515 3 8 6
20130515 7 3 4
20130523 7 5 4
20130523 2 5 6
20130523 5 4 3
20130523 2 3 1
20130523 7 2 4
20130523 2 1 7
20130523 3 9 1
20130523 3 2 4
20130523 8 3 1
20130523 2 9 5
20130524 4 5 6
20130524 2 7 1
20130524 2 5 3
20130524 1 4 5
20130524 2 1 4
20130524 1 4 2
20130524 7 9 3
20130524 3 7 4
20130524 3 5 8
20130524 1 9 2
20130525 4 1 5
20130525 5 1 4
20130525 7 3 1
20130525 7 4 3
20130525 7 1 5
20130525 8 4 6
20130525 3 2 5
20130525 3 5 2
20130525 6 2 7
20130525 7 3 2
20130525 9 2 4
20130627 3 1 2
20130627 2 4 1
20130627 5 2 3
20130627 3 7 1
20130627 2 7 3
20130627 5 1 7
20130627 2 9 5
20130627 5 3 9
20130627 1 5 4
20130627 8 1 3
20130628 1 6 3
20130628 7 4 6
20130628 4 6 2
20130628 1 7 2
20130628 4 3 2
20130628 7 5 3
20130628 1 7 3
20130628 2 4 9
20130628 5 3 1
20130628 3 1 7
20130629 3 4 1
20130629 7 3 4
20130629 4 3 6
20130629 7 4 5
20130629 5 7 1
20130629 2 7 1
20130629 1 7 3
20130629 3 2 6
20130629 7 5 1
20130629 5 7 2
20130709 4 7 5
20130709 5 3 7
20130709 7 5 2
20130709 3 7 1
20130709 1 4 3
20130709 9 6 3
20130709 7 8 9
20130709 2 3 7
20130709 3 9 5
20130710 1 2 7
20130710 5 3 4
20130710 2 7 3
20130710 2 4 1
20130710 4 5 2
20130710 5 9 2
20130710 1 3 2
20130710 5 2 4
20130710 7 1 3
20130710 4 3 9
20130711 1 3 7
20130711 2 7 5
20130711 5 7 2
20130711 1 7 3
20130711 9 1 3
20130711 3 7 1
20130711 1 3 4
20130711 8 5 6
20130711 7 1 6
20130711 5 3 2
20130716 3 8 2
20130716 3 6 5
20130716 2 9 6
20130716 7 3 2
20130716 1 9 7
20130716 4 3 1
20130716 8 3 9
20130716 9 7 2
20130716 1 7 2
20130716 5 1 8
20130716 3 9 8
20130717 9 5 8
20130717 9 2 5
20130717 9 1 2
20130717 2 9 1
20130717 3 7 5
20130717 4 9 5
20130717 4 2 8
20130717 7 5 1
20130717 9 1 2
20130717 7 4 3
20130717 5 3 8
20130718 2 3 1
20130718 7 3 2
20130718 3 5 9
20130718 7 3 4
20130718 3 5 4
20130718 7 2 1
20130718 7 2 5
20130718 2 5 4
20130718 5 9 3
20130718 3 1 4
20130718 3 5 4
20130718 3 2 4
20130807 9 2 6
20130807 3 7 1
20130807 1 9 3
20130807 2 9 1
20130807 3 9 7
20130807 8 1 5
20130807 1 7 2
20130807 9 1 5
20130807 7 2 5
20130807 1 3 5
20130807 1 6 8
20130808 8 2 1
20130808 2 7 1
20130808 1 7 2
20130808 3 2 7
20130808 9 7 3
20130808 7 3 2
20130808 9 2 4
20130808 5 3 7
20130808 2 8 1
20130808 1 3 7
20130808 3 5 4
20130809 7 1 2
20130809 7 3 2
20130809 1 7 3
20130809 1 9 3
20130809 5 2 7
20130809 1 5 7
20130809 9 2 8
20130809 3 7 9
20130809 3 9 7
20130809 1 5 3
20130809 1 5 3
20130821 3 7 4
20130821 5 2 1
20130821 4 7 1
20130821 2 5 7
20130821 3 1 5
20130821 2 9 1
20130821 7 3 9
20130821 2 5 3
20130821 9 3 5
20130822 2 3 5
20130822 7 2 4
20130822 4 5 6
20130822 3 2 1
20130822 3 1 6
20130822 7 1 8
20130822 9 8 2
20130822 5 3 1
20130822 1 2 3
20130822 3 5 6
20130823 3 2 4
20130823 7 2 1
20130823 7 2 3
20130823 3 2 4
20130823 7 3 2
20130823 7 3 1
20130823 7 2 1
20130823 5 1 4
20130823 5 1 7
20130823 6 3 9
20130829 2 3 4
20130829 5 1 7
20130829 3 4 1
20130829 7 5 4
20130829 4 1 5
20130829 1 7 3
20130829 2 9 5
20130829 7 1 5
20130829 8 3 2
20130829 2 7 8
20130830 2 5 6
20130830 5 1 2
20130830 4 1 5
20130830 1 2 5
20130830 7 1 3
20130830 1 9 3
20130830 7 2 3
20130830 9 2 5
20130830 2 9 1
20130830 9 2 1
20130831 1 4 5
20130831 1 2 4
20130831 5 3 6
20130831 3 2 1
20130831 5 2 9
20130831 9 3 4
20130831 2 4 5
20130831 1 7 3
20130831 2 1 7
20130831 1 4 3
20130907 3 8 5
20130907 1 2 9
20130907 2 6 4
20130907 9 2 1
20130907 1 7 8
20130907 9 6 2
20130907 1 4 7
20130907 9 3 2
20130907 3 5 9
20130907 1 5 3
20130907 9 2 3
20130908 1 7 3
20130908 3 7 2
20130908 1 6 2
20130908 9 2 3
20130908 4 7 5
20130908 1 9 6
20130908 2 3 6
20130908 2 9 4
20130908 1 7 9
20130908 3 1 9
20130908 5 9 4
20130909 5 1 6
20130909 5 8 6
20130909 2 7 6
20130909 9 1 7
20130909 7 3 8
20130909 9 2 1
20130909 1 5 9
20130909 9 3 5
20130909 1 5 3
20130909 6 9 2
20130909 6 2 4
20130917 1 2 5
20130917 2 3 7
20130917 1 4 7
20130917 3 5 2
20130917 1 5 7
20130917 3 1 9
20130917 8 3 2
20130917 2 9 5
20130917 8 3 7
20130917 2 5 8
20130918 7 2 5
20130918 7 1 4
20130918 2 1 6
20130918 1 4 2
20130918 3 7 4
20130918 4 3 1
20130918 5 9 3
20130918 3 5 2
20130918 1 2 3
20130918 6 2 9
20130919 4 3 6
20130919 5 3 7
20130919 3 5 6
20130919 3 7 4
20130919 9 1 7
20130919 4 3 7
20130919 1 5 2
20130919 1 5 2
20130919 3 4 6
20131114 5 2 1
20131114 5 1 7
20131114 1 4 5
20131114 4 7 3
20131114 2 5 4
20131114 7 3 2
20131114 1 9 2
20131114 2 3 7
20131114 9 7 2
20131114 1 9 3
20131115 5 1 3
20131115 4 7 2
20131115 3 6 5
20131115 1 3 4
20131115 2 4 1
20131115 8 2 7
20131115 4 6 3
20131115 9 2 3
20131115 7 4 1
20131115 5 1 3
20131116 3 1 5
20131116 3 2 1
20131116 2 5 6
20131116 1 3 7
20131116 5 8 2
20131116 9 2 4
20131116 1 4 2
20131116 1 4 3
20131116 9 2 7
20131116 4 7 9
20131119 1 3 5
20131119 1 5 9
20131119 2 9 4
20131119 3 7 8
20131119 7 1 9
20131119 9 2 4
20131119 1 7 9
20131119 1 6 9
20131119 9 7 8
20131119 9 1 2
20131119 2 1 7
20131120 2 5 3
20131120 9 2 8
20131120 6 5 8
20131120 1 9 2
20131120 3 2 8
20131120 9 8 1
20131120 3 9 4
20131120 5 2 3
20131120 2 7 8
20131120 9 3 1
20131120 5 1 4
20131121 5 2 4
20131121 9 2 4
20131121 8 6 4
20131121 7 2 6
20131121 7 2 6
20131121 7 6 4
20131121 1 2 7
20131121 1 9 8
20131121 1 5 9
20131121 7 3 5
20131121 5 6 3
20131205 5 2 4
20131205 2 3 4
20131205 4 3 7
20131205 4 5 1
20131205 7 5 2
20131205 9 2 1
20131205 3 9 8
20131205 5 3 6
20131205 9 2 4
20131205 4 2 6
20131206 5 1 4
20131206 6 5 7
20131206 4 2 7
20131206 7 2 3
20131206 3 4 2
20131206 4 3 1
20131206 1 5 9
20131206 9 2 3
20131206 7 3 5
20131206 7 5 3
20131206 1 2 3
20131207 4 5 2
20131207 5 1 3
20131207 7 2 4
20131207 7 4 2
20131207 4 1 5
20131207 1 4 6
20131207 1 2 5
20131207 9 3 7
20131207 8 7 3
20131207 8 2 4
20140315 2 3 6
20140315 2 5 9
20140315 3 9 7
20140315 9 1 5
20140315 5 4 2
20140315 2 7 5
20140315 9 2 4
20140315 3 9 5
20140315 9 7 3
20140315 7 1 4
20140315 9 1 8
20140316 7 3 2
20140316 3 5 7
20140316 4 7 8
20140316 2 3 7
20140316 2 7 3
20140316 3 5 1
20140316 7 1 5
20140316 5 9 7
20140316 2 5 1
20140316 9 7 2
20140316 2 9 1
20140316 4 9 6
20140316 9 4 6
20140317 7 5 1
20140317 1 2 8
20140317 1 2 4
20140317 3 6 9
20140317 3 4 7
20140317 3 7 5
20140317 5 2 8
20140317 1 3 5
20140317 3 4 2
20140317 5 1 7
20140317 3 6 5
20140328 5 2 4
20140328 5 3 6
20140328 3 1 2
20140328 7 6 4
20140328 3 5 7
20140328 1 7 9
20140328 5 2 9
20140328 7 9 4
20140328 3 7 8
20140328 8 4 7
20140329 4 3 5
20140329 2 4 1
20140329 4 7 2
20140329 7 3 4
20140329 5 6 1
20140329 5 3 6
20140329 3 5 8
20140329 5 2 7
20140329 9 4 2
20140329 1 5 7
20140330 5 2 6
20140330 7 2 1
20140330 3 4 5
20140330 2 4 7
20140330 2 4 3
20140330 7 8 4
20140330 2 7 5
20140330 2 9 7
20140330 9 4 2
20140330 9 5 1
20140404 1 7 4
20140404 1 2 4
20140404 3 2 4
20140404 4 7 5
20140404 5 3 6
20140404 5 9 8
20140404 1 9 7
20140404 3 7 2
20140404 1 9 6
20140404 1 2 6
20140405 4 3 1
20140405 7 4 2
20140405 2 4 5
20140405 7 5 3
20140405 1 5 2
20140405 3 5 1
20140405 4 2 7
20140405 1 7 5
20140405 9 1 2
20140405 5 3 7
20140406 1 6 3
20140406 3 2 4
20140406 5 3 6
20140406 4 7 5
20140406 9 1 7
20140406 1 3 9
20140406 5 4 3
20140406 4 5 6
20140406 3 7 9
20140406 4 3 5
20140409 9 3 7
20140409 7 2 3
20140409 5 3 1
20140409 3 7 2
20140409 9 3 8
20140409 9 3 4
20140409 5 7 1
20140409 6 3 4
20140409 2 7 9
20140409 5 2 9
20140409 7 5 2
20140410 3 9 2
20140410 3 7 1
20140410 3 1 7
20140410 4 2 7
20140410 8 3 1
20140410 3 8 7
20140410 7 2 4
20140410 3 2 1
20140410 2 9 1
20140410 5 1 3
20140410 8 1 2
20140411 1 7 5
20140411 7 3 1
20140411 9 5 1
20140411 5 3 9
20140411 7 3 5
20140411 2 3 8
20140411 8 2 5
20140411 3 7 2
20140411 5 3 1
20140411 5 7 3
20140411 9 1 2
20140424 1 5 3
20140424 5 2 4
20140424 4 3 5
20140424 4 7 5
20140424 5 1 6
20140424 3 7 1
20140424 7 1 2
20140424 2 5 1
20140424 2 7 1
20140424 6 5 1
20140425 5 4 7
20140425 3 5 1
20140425 1 4 3
20140425 7 5 3
20140425 4 7 2
20140425 4 7 2
20140425 6 8 3
20140425 2 1 9
20140425 3 9 2
20140425 2 9 8
20140426 3 5 4
20140426 1 3 5
20140426 1 5 2
20140426 5 2 4
20140426 9 5 1
20140426 3 5 9
20140426 5 4 3
20140426 5 9 3
20140426 1 2 7
20140426 1 8 4
20140516 1 7 6
20140516 4 7 2
20140516 4 2 5
20140516 4 2 3
20140516 5 1 6
20140516 1 4 2
20140516 1 7 5
20140516 7 9 3
20140516 1 5 3
20140516 2 1 7
20140517 5 2 4
20140517 4 7 2
20140517 1 3 4
20140517 2 3 7
20140517 3 1 5
20140517 5 3 7
20140517 7 2 3
20140517 1 5 4
20140517 5 4 2
20140517 1 7 5
20140518 6 3 1
20140518 4 6 2
20140518 4 1 3
20140518 3 7 4
20140518 7 1 3
20140518 5 1 9
20140518 2 1 6
20140518 3 2 5
20140518 2 9 1
20140518 5 1 7
20140602 3 8 9
20140602 7 3 2
20140602 3 5 1
20140602 1 2 6
20140602 5 3 2
20140602 3 2 9
20140602 3 7 2
20140602 9 5 4
20140602 2 8 5
20140602 1 4 9
20140602 7 1 4
20140603 5 1 3
20140603 5 1 4
20140603 1 9 2
20140603 3 9 2
20140603 5 3 1
20140603 3 5 2
20140603 5 1 3
20140603 3 9 2
20140603 3 9 4
20140603 3 5 2
20140603 1 5 4
20140604 3 7 1
20140604 9 7 3
20140604 4 9 3
20140604 5 1 2
20140604 3 7 1
20140604 9 1 4
20140604 7 3 9
20140604 2 3 4
20140604 3 9 5
20140604 3 7 2
20140604 3 1 7
20140607 5 3 6
20140607 2 4 5
20140607 5 3 1
20140607 4 3 7
20140607 5 3 7
20140607 1 5 2
20140607 3 7 9
20140607 5 1 3
20140607 9 2 6
20140607 4 9 1
20140608 3 4 5
20140608 2 7 1
20140608 3 2 6
20140608 1 5 4
20140608 7 2 6
20140608 2 7 8
20140608 1 5 2
20140608 2 1 3
20140608 9 5 7
20140608 1 5 7
20140609 1 4 6
20140609 6 4 1
20140609 4 1 7
20140609 5 1 6
20140609 3 2 5
20140609 3 9 7
20140609 2 4 1
20140609 3 6 1
20140609 7 1 8
20140609 7 9 8
20140619 1 2 7
20140619 2 7 5
20140619 3 1 7
20140619 3 7 2
20140619 5 3 7
20140619 1 9 2
20140619 6 3 5
20140619 1 2 7
20140619 3 7 5
20140619 8 4 1
20140620 5 7 6
20140620 1 2 3
20140620 7 3 1
20140620 3 4 1
20140620 4 2 5
20140620 9 7 1
20140620 5 9 1
20140620 3 4 9
20140620 1 3 2
20140620 5 1 9
20140621 2 3 4
20140621 2 3 7
20140621 4 3 2
20140621 4 7 1
20140621 7 5 6
20140621 7 1 9
20140621 8 7 3
20140621 2 3 4
20140621 5 6 3
20140621 7 1 8
20140621 9 3 1
20140710 9 1 5
20140710 2 5 9
20140710 7 4 2
20140710 3 9 4
20140710 5 1 9
20140710 5 2 4
20140710 2 8 5
20140710 9 1 3
20140710 1 8 2
20140710 8 4 1
20140710 2 9 5
20140710 5 1 3
20140711 5 7 2
20140711 7 1 4
20140711 5 4 3
20140711 3 9 8
20140711 2 3 4
20140711 9 7 1
20140711 3 5 4
20140711 9 3 1
20140711 5 7 6
20140711 3 9 1
20140711 1 2 9
20140711 2 1 9
20140711 7 5 2
20140712 4 3 1
20140712 2 5 3
20140712 2 5 3
20140712 7 2 9
20140712 7 2 8
20140712 2 9 4
20140712 9 3 7
20140712 3 8 5
20140712 2 5 3
20140712 5 7 9
20140712 1 5 7
20140712 6 9 5
20140713 5 1 9
20140713 2 7 4
20140713 9 6 1
20140713 3 7 2
20140713 1 5 2
20140713 9 1 4
20140713 5 2 9
20140713 9 2 3
20140713 7 2 5
20140713 5 3 4
20140713 2 5 8
20140825 9 2 4
20140825 3 7 4
20140825 5 2 1
20140825 1 7 3
20140825 9 3 7
20140825 3 5 8
20140825 7 2 1
20140825 1 7 8
20140825 7 3 2
20140825 3 9 2
20140825 6 3 9
20140826 3 7 1
20140826 9 5 1
20140826 7 3 2
20140826 9 1 5
20140826 3 1 9
20140826 9 1 5
20140826 7 1 8
20140826 9 5 7
20140826 5 2 6
20140826 3 7 5
20140826 2 3 9
20140827 2 3 7
20140827 3 7 5
20140827 1 7 9
20140827 3 2 6
20140827 9 3 1
20140827 1 2 6
20140827 7 1 3
20140827 7 4 2
20140827 5 2 8
20140827 2 6 7
20140827 4 5 1
20140905 1 2 4
20140905 7 2 3
20140905 3 7 2
20140905 4 1 2
20140905 5 7 1
20140905 9 6 3
20140905 1 3 5
20140905 2 7 3
20140905 3 7 1
20140905 2 7 8
20140906 2 4 3
20140906 4 3 1
20140906 1 4 2
20140906 5 6 3
20140906 3 7 2
20140906 3 5 1
20140906 7 3 2
20140906 2 7 5
20140906 1 7 8
20140906 1 3 8
20140907 2 5 1
20140907 5 1 4
20140907 5 2 7
20140907 2 4 5
20140907 1 8 7
20140907 3 2 9
20140907 4 5 6
20140907 4 9 1
20140907 1 5 6
20140907 3 2 4
20140907 3 2 8
20140916 1 2 7
20140916 7 4 1
20140916 3 5 6
20140916 4 1 5
20140916 3 5 1
20140916 9 3 4
20140916 8 3 1
20140916 2 5 8
20140916 1 9 5
20140916 5 7 4
20140917 1 7 5
20140917 1 6 4
20140917 7 5 3
20140917 2 7 5
20140917 4 1 3
20140917 8 6 1
20140917 5 1 9
20140917 5 1 6
20140917 7 5 9
20140918 7 1 4
20140918 7 5 1
20140918 7 3 1
20140918 7 3 4
20140918 5 1 8
20140918 9 7 2
20140918 3 5 7
20140918 3 5 7
20140918 2 7 1
20140918 1 4 8
20141015 4 1 2
20141015 3 9 1
20141015 1 8 5
20141015 9 7 2
20141015 5 1 7
20141015 8 3 7
20141015 7 8 5
20141015 1 9 3
20141015 9 7 3
20141015 1 3 7
20141015 9 1 5
20141016 8 5 1
20141016 9 3 1
20141016 7 2 3
20141016 3 6 1
20141016 2 9 1
20141016 7 9 2
20141016 9 4 1
20141016 9 6 5
20141016 2 9 4
20141016 3 9 7
20141016 1 9 5
20141017 3 5 8
20141017 9 5 1
20141017 5 6 2
20141017 1 7 9
20141017 6 9 3
20141017 7 1 5
20141017 1 2 7
20141017 9 7 1
20141017 6 1 2
20141017 2 5 9
20141017 3 7 2
20141030 4 1 3
20141030 4 7 2
20141030 3 1 7
20141030 1 4 7
20141030 5 3 1
20141030 2 3 9
20141030 1 8 2
20141030 2 4 9
20141030 2 9 1
20141030 9 1 2
20141031 2 1 3
20141031 2 4 7
20141031 3 6 4
20141031 4 5 1
20141031 1 3 7
20141031 7 2 1
20141031 1 9 4
20141031 7 4 6
20141031 9 2 5
20141031 7 1 4
20141101 6 2 3
20141101 6 1 2
20141101 1 5 2
20141101 4 2 6
20141101 1 3 7
20141101 3 1 8
20141101 3 7 1
20141101 2 5 1
20141101 5 2 3
20141101 2 9 7
20141117 3 1 2
20141117 7 5 1
20141117 3 1 5
20141117 3 5 9
20141117 7 2 3
20141117 7 2 5
20141117 2 7 1
20141117 7 1 2
20141117 7 5 3
20141117 9 1 7
20141117 1 3 8
20141118 2 9 4
20141118 4 3 7
20141118 7 3 2
20141118 8 2 5
20141118 9 7 5
20141118 3 9 7
20141118 5 4 1
20141118 9 1 7
20141118 5 3 1
20141118 1 7 9
20141118 2 7 1
20141119 4 2 3
20141119 3 1 5
20141119 9 2 6
20141119 5 2 3
20141119 5 7 1
20141119 7 5 4
20141119 3 1 4
20141119 6 3 7
20141119 1 6 2
20141119 7 5 4
20141119 6 9 8
20141203 2 5 3
20141203 5 3 2
20141203 3 2 4
20141203 4 2 5
20141203 4 5 1
20141203 7 4 2
20141203 4 1 8
20141203 9 1 5
20141203 9 3 4
20141203 2 5 8
20141204 5 7 2
20141204 3 4 1
20141204 4 2 5
20141204 7 4 5
20141204 5 2 1
20141204 4 2 1
20141204 5 1 7
20141204 7 5 9
20141204 5 7 3
20141204 1 5 4
20141205 2 4 7
20141205 4 2 1
20141205 2 4 3
20141205 5 2 7
20141205 7 2 1
20141205 9 3 1
20141205 2 6 3
20141205 4 2 6
20141205 2 9 5
20141205 7 1 5
20150314 7 3 5
20150314 7 2 5
20150314 3 2 1
20150314 4 5 3
20150314 5 1 2
20150314 9 3 2
20150314 5 9 2
20150314 3 7 1
20150314 8 7 4
20150314 7 4 9
20150315 1 5 4
20150315 7 4 1
20150315 5 1 2
20150315 1 4 6
20150315 1 2 4
20150315 3 4 8
20150315 7 3 9
20150315 3 6 9
20150315 9 3 4
20150315 9 1 2
20150316 6 1 7
20150316 7 2 5
20150316 2 1 7
20150316 3 4 2
20150316 1 4 5
20150316 1 9 5
20150316 5 2 3
20150316 2 3 9
20150316 2 1 5
20150316 5 2 4
20150316 5 4 2
20150329 9 2 7
20150329 6 2 7
20150329 9 5 3
20150329 5 2 9
20150329 9 1 3
20150329 4 2 3
20150329 9 2 4
20150329 3 1 9
20150329 8 1 5
20150329 7 3 5
20150329 1 3 8
20150330 5 1 2
20150330 1 2 8
20150330 8 5 3
20150330 9 1 2
20150330 7 1 5
20150330 1 5 3
20150330 5 4 8
20150330 3 4 5
20150330 4 9 2
20150330 2 5 4
20150330 3 9 7
20150331 5 9 1
20150331 2 6 1
20150331 6 9 3
20150331 3 6 2
20150331 1 7 8
20150331 3 7 4
20150331 3 8 4
20150331 9 2 5
20150331 7 9 5
20150331 7 4 3
20150331 1 7 9
20150406 3 8 6
20150406 1 5 3
20150406 3 1 5
20150406 9 2 5
20150406 1 7 8
20150406 5 1 7
20150406 3 2 9
20150406 7 1 5
20150406 8 1 6
20150406 7 4 9
20150406 2 7 8
20150407 2 4 1
20150407 7 9 3
20150407 2 1 7
20150407 1 8 7
20150407 4 3 1
20150407 7 5 3
20150407 3 7 8
20150407 7 4 3
20150407 7 3 1
20150407 4 3 9
20150407 1 7 6
20150408 6 7 2
20150408 3 9 2
20150408 1 7 2
20150408 7 5 8
20150408 2 4 5
20150408 4 5 1
20150408 4 7 2
20150408 5 3 1
20150408 3 5 2
20150408 9 3 7
20150408 5 9 4
20150505 7 4 1
20150505 1 5 2
20150505 3 5 7
20150505 4 7 5
20150505 5 1 2
20150505 7 3 4
20150505 5 7 1
20150505 9 5 2
20150505 5 1 7
20150505 5 2 4
20150506 1 5 3
20150506 2 1 4
20150506 4 1 3
20150506 3 4 7
20150506 4 3 7
20150506 5 2 7
20150506 2 5 6
20150506 1 9 4
20150506 1 3 7
20150506 5 1 3
20150506 2 5 7
20150507 1 4 5
20150507 4 1 5
20150507 3 2 7
20150507 1 4 5
20150507 2 7 9
20150507 1 2 6
20150507 1 3 6
20150507 3 7 1
20150507 1 2 5
20150507 7 2 1
20150610 3 1 5
20150610 7 5 3
20150610 2 5 3
20150610 5 9 1
20150610 5 1 9
20150610 7 8 9
20150610 1 5 6
20150610 5 3 7
20150610 9 3 4
20150610 7 9 5
20150610 2 7 6
