20121110 7 3 1
20121110 7 1 3
20121110 3 1 5
20121110 3 1 7
20121110 5 1 7
20121110 3 4 1
20121110 5 1 4
20121110 7 2 1
20121110 9 2 7
20121110 2 9 1
20121110 5 2 9
20121110 9 3 7
20121111 2 5 7
20121111 7 3 1
20121111 4 5 7
20121111 7 5 2
20121111 4 3 1
20121111 5 6 2
20121111 3 2 6
20121111 9 1 7
20121111 1 5 7
20121111 2 8 7
20121111 9 2 8
20121111 7 5 2
20121112 2 4 5
20121112 5 2 3
20121112 7 3 5
20121112 4 1 7
20121112 1 7 2
20121112 5 2 1
20121112 7 2 5
20121112 7 1 2
20121112 2 4 1
20121112 5 2 7
20121112 4 5 9
20121112 5 7 2
20121114 7 3 9
20121114 2 7 1
20121114 5 1 7
20121114 2 3 5
20121114 7 1 5
20121114 2 7 9
20121114 2 6 3
20121114 5 1 6
20121114 5 8 2
20121114 3 9 7
20121114 8 5 1
20121115 7 3 9
20121115 5 3 1
20121115 5 1 9
20121115 9 2 6
20121115 5 3 9
20121115 2 3 1
20121115 1 4 5
20121115 7 5 9
20121115 5 1 7
20121115 5 7 3
20121115 1 5 3
20121116 3 9 1
20121116 5 8 2
20121116 9 5 8
20121116 1 9 5
20121116 7 4 3
20121116 2 5 7
20121116 4 1 3
20121116 9 1 7
20121116 3 6 4
20121116 5 3 1
20121116 8 5 7
20121210 7 3 4
20121210 7 1 5
20121210 3 1 7
20121210 4 5 1
20121210 5 1 2
20121210 3 9 1
20121210 5 2 7
20121210 8 7 9
20121210 5 7 4
20121210 1 3 5
20121210 6 7 1
20121211 3 4 1
20121211 2 1 4
20121211 1 7 3
20121211 3 1 5
20121211 4 2 1
20121211 7 1 5
20121211 2 5 7
20121211 2 9 1
20121211 2 5 3
20121211 2 9 5
20121211 9 1 5
20121212 5 7 1
20121212 4 1 3
20121212 1 4 2
20121212 2 4 7
20121212 7 4 6
20121212 1 5 3
20121212 4 3 8
20121212 1 7 5
20121212 9 5 4
20121212 1 8 6
20121212 3 8 1
20130104 2 5 4
20130104 2 5 4
20130104 4 5 3
20130104 1 5 3
20130104 4 1 3
20130104 3 7 4
20130104 5 1 7
20130104 9 3 4
20130104 9 2 3
20130104 7 1 8
20130104 5 2 3
20130105 5 2 7
20130105 7 2 4
20130105 2 7 3
20130105 1 3 7
20130105 7 1 3
20130105 2 9 1
20130105 5 3 2
20130105 3 9 1
20130105 1 3 7
20130105 7 9 2
20130105 9 1 3
20130106 6 1 7
20130106 7 1 2
20130106 4 1 3
20130106 7 4 6
20130106 1 2 5
20130106 2 3 4
20130106 4 9 2
20130106 2 5 3
20130106 3 5 1
20130106 3 7 8
20130106 1 7 5
20130123 5 1 2
20130123 1 7 3
20130123 2 3 5
20130123 2 4 3
20130123 5 3 2
20130123 7 3 4
20130123 7 1 5
20130123 3 1 2
20130123 6 1 8
20130123 5 6 4
20130123 4 5 1
20130124 4 3 1
20130124 7 1 2
20130124 2 7 3
20130124 6 7 3
20130124 7 2 4
20130124 3 8 7
20130124 9 8 5
20130124 8 1 2
20130124 1 3 9
20130124 5 9 1
20130124 1 5 2
20130125 3 5 1
20130125 2 7 5
20130125 1 3 7
20130125 1 5 2
20130125 3 7 1
20130125 8 6 7
20130125 1 2 7
20130125 9 1 7
20130125 5 6 8
20130125 2 9 7
20130125 7 9 3
20130205 5 2 1
20130205 5 3 7
20130205 3 4 1
20130205 4 1 3
20130205 7 2 5
20130205 7 2 3
20130205 1 7 9
20130205 4 3 9
20130205 2 7 9
20130205 2 5 9
20130205 9 5 2
20130206 4 2 6
20130206 5 1 2
20130206 1 7 5
20130206 4 1 7
20130206 2 4 5
20130206 7 5 2
20130206 3 2 4
20130206 4 9 6
20130206 1 7 2
20130206 5 2 4
20130206 9 1 8
20130207 7 5 3
20130207 3 4 1
20130207 2 5 7
20130207 7 2 3
20130207 1 5 7
20130207 9 7 5
20130207 2 3 9
20130207 3 7 1
20130207 7 5 3
20130207 5 9 8
20130207 9 5 6
20130216 3 1 5
20130216 9 5 1
20130216 7 1 2
20130216 1 9 5
20130216 9 5 1
20130216 3 9 8
20130216 6 9 5
20130216 7 1 9
20130216 7 2 1
20130216 9 5 1
20130216 1 7 3
20130217 2 4 5
20130217 5 2 1
20130217 8 3 1
20130217 3 5 2
20130217 5 2 7
20130217 7 2 1
20130217 5 2 9
20130217 2 4 1
20130217 3 9 2
20130217 3 5 2
20130217 3 7 2
20130218 3 1 4
20130218 8 9 1
20130218 8 2 1
20130218 7 8 9
20130218 9 5 8
20130218 2 1 7
20130218 5 2 7
20130218 9 2 5
20130218 2 9 3
20130218 7 3 9
20130218 1 5 3
20130219 1 2 4
20130219 9 8 3
20130219 3 1 4
20130219 8 7 1
20130219 2 4 3
20130219 2 5 1
20130219 5 3 2
20130219 2 3 4
20130219 3 4 6
20130219 1 9 7
20130219 1 4 3
20130304 8 5 2
20130304 1 7 5
20130304 7 9 1
20130304 7 1 5
20130304 3 1 2
20130304 8 1 7
20130304 2 5 3
20130304 7 1 2
20130304 4 2 5
20130304 9 1 5
20130304 7 8 4
20130305 2 7 3
20130305 7 3 9
20130305 8 3 5
20130305 9 3 7
20130305 6 1 9
20130305 1 7 3
20130305 7 1 5
20130305 6 7 2
20130305 3 9 7
20130305 3 5 7
20130305 7 1 4
20130306 7 3 1
20130306 5 1 3
20130306 4 2 5
20130306 3 9 6
20130306 5 1 9
20130306 3 2 4
20130306 9 1 3
20130306 6 1 9
20130306 6 5 9
20130306 7 2 9
20130306 7 2 5
20130410 2 1 9
20130410 7 2 5
20130410 2 4 8
20130410 9 3 5
20130410 9 6 2
20130410 5 8 7
20130410 4 1 5
20130410 9 3 5
20130410 9 7 5
20130410 1 9 7
20130410 7 1 9
20130411 9 3 2
20130411 5 2 3
20130411 5 2 6
20130411 3 1 2
20130411 2 6 9
20130411 1 5 3
20130411 2 7 8
20130411 9 3 1
20130411 9 1 4
20130411 7 5 1
20130411 5 2 7
20130412 4 9 2
20130412 5 1 4
20130412 2 4 9
20130412 7 9 2
20130412 5 7 9
20130412 7 3 2
20130412 3 9 1
20130412 1 4 3
20130412 8 7 2
20130412 9 1 4
20130412 1 8 7
20130521 2 1 7
20130521 6 2 1
20130521 2 4 9
20130521 5 9 3
20130521 2 5 7
20130521 4 6 9
20130521 9 6 1
20130521 1 3 5
20130521 2 7 9
20130521 2 6 7
20130521 5 8 3
20130522 2 3 1
20130522 2 8 1
20130522 3 6 1
20130522 4 7 9
20130522 6 9 7
20130522 1 5 4
20130522 8 5 6
20130522 3 8 7
20130522 7 5 3
20130522 3 5 1
20130522 3 5 2
20130523 1 7 4
20130523 4 5 7
20130523 5 1 8
20130523 8 5 3
20130523 7 9 1
20130523 8 7 5
20130523 2 7 1
20130523 3 4 2
20130523 5 7 6
20130523 3 7 2
20130523 3 4 2
20130529 5 3 2
20130529 7 3 6
20130529 4 2 5
20130529 6 1 5
20130529 4 1 7
20130529 1 7 3
20130529 7 1 6
20130529 5 8 7
20130529 2 8 7
20130529 9 1 3
20130530 3 5 1
20130530 1 5 4
20130530 1 3 7
20130530 4 3 5
20130530 1 5 7
20130530 6 3 5
20130530 3 6 5
20130530 5 7 1
20130530 1 5 3
20130530 5 3 2
20130531 7 4 5
20130531 5 1 2
20130531 4 1 3
20130531 6 3 7
20130531 7 3 2
20130531 2 4 7
20130531 3 7 4
20130531 9 1 6
20130531 7 1 3
20130531 1 8 6
20130606 5 1 3
20130606 2 5 7
20130606 7 5 1
20130606 3 2 7
20130606 1 5 3
20130606 3 7 6
20130606 1 5 7
20130606 9 2 3
20130606 1 5 2
20130606 5 7 9
20130606 5 9 7
20130606 7 1 3
20130606 9 3 7
20130607 5 3 1
20130607 7 2 4
20130607 1 6 4
20130607 1 3 4
20130607 4 1 7
20130607 3 1 2
20130607 5 1 3
20130607 2 5 3
20130607 5 3 4
20130607 2 5 7
20130607 2 6 7
20130607 8 2 5
20130608 2 7 4
20130608 4 1 7
20130608 3 7 2
20130608 5 1 3
20130608 3 1 2
20130608 5 9 1
20130608 1 5 7
20130608 1 2 3
20130608 3 2 4
20130608 4 6 1
20130608 5 6 8
20130608 2 1 7
20130625 7 4 5
20130625 1 5 6
20130625 5 2 4
20130625 1 4 2
20130625 5 3 1
20130625 2 7 9
20130625 7 1 2
20130625 5 3 7
20130625 9 1 4
20130625 5 3 4
20130626 5 4 2
20130626 5 2 1
20130626 3 5 7
20130626 1 2 5
20130626 7 2 5
20130626 2 4 9
20130626 5 6 9
20130626 5 3 7
20130626 4 9 3
20130626 3 2 1
20130627 7 1 3
20130627 2 3 5
20130627 1 4 2
20130627 5 2 7
20130627 5 2 1
20130627 1 4 7
20130627 2 7 1
20130627 1 7 8
20130627 7 3 5
20130627 1 2 6
20130702 3 1 4
20130702 3 9 1
20130702 7 2 1
20130702 3 1 6
20130702 9 1 2
20130702 5 8 6
20130702 7 4 3
20130702 1 5 2
20130702 7 3 8
20130702 5 7 9
20130702 3 7 9
20130703 3 2 7
20130703 6 2 7
20130703 2 7 9
20130703 2 1 8
20130703 5 3 2
20130703 7 2 5
20130703 1 4 7
20130703 3 2 9
20130703 2 9 1
20130703 5 3 2
20130703 7 1 9
20130704 9 1 6
20130704 9 1 2
20130704 1 7 4
20130704 1 9 5
20130704 1 7 3
20130704 9 7 4
20130704 8 7 1
20130704 2 4 3
20130704 1 5 2
20130704 9 4 1
20130704 1 5 3
20130828 7 3 5
20130828 1 5 4
20130828 2 3 1
20130828 5 2 3
20130828 4 2 3
20130828 3 4 5
20130828 1 2 4
20130828 7 2 8
20130828 2 1 4
20130828 1 9 3
20130829 1 6 2
20130829 2 7 3
20130829 3 4 5
20130829 2 4 1
20130829 5 6 7
20130829 1 9 4
20130829 1 9 7
20130829 5 2 3
20130829 2 3 5
20130829 9 3 1
20130830 5 3 1
20130830 3 4 2
20130830 7 3 2
20130830 7 1 3
20130830 3 1 2
20130830 2 9 3
20130830 3 7 6
20130830 2 5 7
20130830 1 5 7
20130830 1 3 2
20130909 1 7 2
20130909 3 1 6
20130909 4 5 3
20130909 2 1 3
20130909 1 5 2
20130909 1 2 8
20130909 9 1 5
20130909 1 5 8
20130909 3 5 9
20130909 3 7 1
20130910 5 2 3
20130910 2 7 3
20130910 1 2 3
20130910 3 1 4
20130910 5 2 7
20130910 1 8 7
20130910 2 5 1
20130910 7 9 3
20130910 7 2 9
20130910 7 3 5
20130911 2 7 1
20130911 3 5 2
20130911 7 1 4
20130911 5 3 7
20130911 1 7 9
20130911 2 5 9
20130911 4 3 2
20130911 7 6 8
20130911 3 5 2
20130911 1 6 5
20131005 3 1 7
20131005 5 2 7
20131005 5 1 7
20131005 7 3 5
20131005 1 7 3
20131005 1 7 3
20131005 4 5 1
20131005 1 5 3
20131005 2 3 7
20131005 1 7 3
20131005 9 5 1
20131005 5 3 1
20131006 3 7 5
20131006 5 4 1
20131006 2 3 5
20131006 5 3 1
20131006 4 1 3
20131006 3 7 5
20131006 5 4 1
20131006 3 5 7
20131006 1 9 7
20131006 5 1 2
20131006 3 7 1
20131006 5 1 7
20131007 5 2 6
20131007 7 4 3
20131007 7 2 4
20131007 1 3 7
20131007 1 4 2
20131007 3 2 1
20131007 1 5 2
20131007 7 5 3
20131007 7 9 4
20131007 3 7 4
20131007 1 2 7
20131007 3 5 9
20131021 3 5 1
20131021 4 1 5
20131021 3 2 6
20131021 3 1 5
20131021 4 7 3
20131021 1 3 7
20131021 5 3 1
20131021 9 4 3
20131021 5 3 2
20131021 5 2 1
20131022 3 1 2
20131022 3 1 4
20131022 4 2 3
20131022 7 2 1
20131022 2 1 7
20131022 2 7 9
20131022 3 5 2
20131022 2 9 3
20131022 9 6 7
20131022 5 3 9
20131023 5 3 7
20131023 4 5 1
20131023 5 4 7
20131023 5 1 2
20131023 2 7 4
20131023 1 5 8
20131023 3 6 4
20131023 1 9 4
20131023 4 7 2
20131023 9 5 3
20131112 2 9 1
20131112 1 7 5
20131112 3 7 6
20131112 7 9 5
20131112 1 9 7
20131112 7 9 1
20131112 3 9 6
20131112 3 2 7
20131112 7 3 2
20131112 5 8 1
20131112 2 4 6
20131113 5 3 2
20131113 2 3 1
20131113 7 2 1
20131113 9 4 5
20131113 3 7 2
20131113 3 8 9
20131113 8 4 9
20131113 1 3 4
20131113 1 9 7
20131113 7 3 2
20131113 9 1 3
20131114 2 7 3
20131114 2 3 9
20131114 8 2 3
20131114 9 7 1
20131114 7 1 4
20131114 3 1 2
20131114 2 4 3
20131114 9 2 1
20131114 4 8 5
20131114 3 2 7
20131114 2 9 3
20131210 7 2 1
20131210 7 3 4
20131210 5 1 6
20131210 4 1 6
20131210 1 3 7
20131210 2 5 4
20131210 2 7 3
20131210 3 1 9
20131210 9 7 1
20131210 3 2 8
20131211 1 5 3
20131211 5 7 6
20131211 1 3 7
20131211 4 1 5
20131211 3 2 4
20131211 9 1 3
20131211 7 2 3
20131211 9 2 1
20131211 9 7 3
20131211 9 1 2
20131212 4 7 1
20131212 7 5 2
20131212 3 2 1
20131212 1 7 4
20131212 3 7 4
20131212 1 7 4
20131212 4 2 3
20131212 2 9 5
20131212 5 9 7
20131212 4 5 2
20140108 1 6 8
20140108 5 7 4
20140108 2 8 7
20140108 5 8 7
20140108 3 9 5
20140108 5 9 3
20140108 7 2 1
20140108 9 1 7
20140108 4 9 5
20140108 1 9 4
20140108 7 6 1
20140109 5 1 3
20140109 2 7 9
20140109 6 1 3
20140109 9 1 8
20140109 5 3 2
20140109 1 5 7
20140109 5 3 2
20140109 3 1 7
20140109 5 2 7
20140109 5 2 1
20140109 1 7 2
20140110 1 9 3
20140110 7 5 1
20140110 6 3 5
20140110 7 9 1
20140110 1 7 2
20140110 3 1 5
20140110 1 2 3
20140110 3 5 7
20140110 3 5 1
20140110 1 7 3
20140110 9 2 8
20140115 3 7 2
20140115 2 8 6
20140115 7 1 4
20140115 9 5 7
20140115 3 1 7
20140115 1 7 8
20140115 7 4 9
20140115 9 4 2
20140115 9 1 3
20140115 3 7 4
20140115 1 3 7
20140116 3 5 1
20140116 9 6 5
20140116 6 7 3
20140116 1 9 5
20140116 7 3 4
20140116 1 7 2
20140116 3 9 7
20140116 1 2 9
20140116 3 1 5
20140116 1 6 7
20140116 1 7 2
20140117 3 4 9
20140117 1 5 4
20140117 7 1 6
20140117 9 4 1
20140117 3 7 9
20140117 7 2 5
20140117 2 1 5
20140117 3 5 4
20140117 5 8 1
20140117 5 9 4
20140117 9 1 7
20140131 1 4 5
20140131 3 1 9
20140131 1 9 5
20140131 8 6 2
20140131 6 9 1
20140131 7 2 3
20140131 5 3 8
20140131 7 1 9
20140131 3 7 8
20140131 1 9 2
20140131 2 8 7
20140201 2 4 5
20140201 8 2 4
20140201 8 3 7
20140201 1 8 7
20140201 9 7 5
20140201 3 7 9
20140201 7 3 1
20140201 9 3 2
20140201 7 8 3
20140201 7 8 4
20140201 8 1 5
20140201 9 7 4
20140202 3 5 1
20140202 1 5 4
20140202 1 4 6
20140202 1 9 7
20140202 9 3 5
20140202 8 7 6
20140202 9 3 7
20140202 7 1 9
20140202 4 5 8
20140202 2 5 8
20140202 1 3 9
20140203 4 1 5
20140203 4 1 6
20140203 5 6 1
20140203 1 8 4
20140203 7 5 3
20140203 9 1 2
20140203 7 1 8
20140203 7 2 5
20140203 8 7 3
20140203 7 2 6
20140203 1 3 9
20140212 7 5 1
20140212 3 2 5
20140212 7 2 6
20140212 4 2 1
20140212 4 2 3
20140212 4 1 6
20140212 1 7 5
20140212 2 9 1
20140212 2 1 7
20140212 5 1 3
20140212 4 1 8
20140213 7 2 4
20140213 7 4 1
20140213 3 5 7
20140213 4 7 2
20140213 5 1 3
20140213 5 3 1
20140213 9 3 5
20140213 1 8 6
20140213 5 1 7
20140213 5 1 9
20140215 3 2 6
20140215 4 7 5
20140215 7 5 3
20140215 4 7 2
20140215 3 9 1
20140215 4 8 7
20140215 1 2 3
20140215 3 4 5
20140215 1 9 2
20140215 9 7 3
20140303 4 3 2
20140303 1 5 3
20140303 1 3 2
20140303 1 7 5
20140303 4 7 1
20140303 7 9 1
20140303 1 5 3
20140303 5 7 3
20140303 9 7 1
20140303 1 5 7
20140304 7 2 1
20140304 1 2 7
20140304 1 2 4
20140304 1 5 3
20140304 7 1 4
20140304 2 1 7
20140304 2 4 9
20140304 8 1 3
20140304 3 5 9
20140304 5 1 6
20140305 3 4 5
20140305 5 6 7
20140305 5 7 6
20140305 1 2 3
20140305 3 4 7
20140305 5 3 9
20140305 2 7 4
20140305 1 9 4
20140305 3 4 1
20140305 3 4 9
20140308 2 5 7
20140308 4 5 1
20140308 3 5 4
20140308 7 3 5
20140308 4 2 1
20140308 5 6 4
20140308 5 2 3
20140308 7 1 9
20140308 3 8 9
20140308 2 3 1
20140308 7 3 5
20140308 5 9 6
20140309 4 6 5
20140309 4 7 2
20140309 2 7 5
20140309 4 1 7
20140309 1 2 4
20140309 3 2 1
20140309 4 6 3
20140309 2 1 3
20140309 1 7 6
20140309 9 1 5
20140309 1 2 5
20140309 9 3 5
20140310 6 2 5
20140310 5 7 6
20140310 7 2 4
20140310 7 2 6
20140310 2 4 6
20140310 4 1 2
20140310 9 1 6
20140310 2 6 5
20140310 9 2 3
20140310 5 1 4
20140310 2 5 3
20140310 5 1 9
20140416 5 1 2
20140416 3 5 2
20140416 3 7 5
20140416 4 1 5
20140416 3 4 5
20140416 3 9 4
20140416 7 3 4
20140416 2 3 9
20140416 1 3 7
20140416 4 6 3
20140417 3 1 5
20140417 5 4 1
20140417 4 5 2
20140417 2 3 6
20140417 4 3 5
20140417 1 9 5
20140417 9 1 4
20140417 1 7 4
20140417 9 7 6
20140417 2 7 3
20140418 7 3 1
20140418 5 3 1
20140418 7 2 3
20140418 4 5 6
20140418 1 7 2
20140418 1 3 8
20140418 5 1 4
20140418 5 9 7
20140418 7 1 5
20140418 3 9 5
20140509 5 1 4
20140509 3 2 1
20140509 4 5 2
20140509 7 3 5
20140509 1 2 3
20140509 1 6 7
20140509 7 6 5
20140509 2 7 3
20140509 2 1 5
20140509 7 5 1
20140509 7 9 3
20140509 4 5 7
20140510 2 5 1
20140510 2 3 4
20140510 3 1 2
20140510 5 4 6
20140510 4 1 5
20140510 6 1 2
20140510 2 4 1
20140510 9 2 3
20140510 7 9 1
20140510 8 1 9
20140510 9 4 1
20140510 5 7 3
20140511 1 2 5
20140511 2 7 4
20140511 4 7 2
20140511 1 7 3
20140511 5 6 3
20140511 3 1 7
20140511 3 1 8
20140511 1 7 6
20140511 1 3 6
20140511 9 1 2
20140511 5 3 7
20140511 7 6 3
20140511 5 1 8
20140519 1 7 3
20140519 3 9 1
20140519 7 8 1
20140519 5 1 4
20140519 2 1 9
20140519 5 3 9
20140519 9 7 4
20140519 4 2 1
20140519 2 7 9
20140519 5 2 3
20140519 2 5 8
20140520 1 7 5
20140520 2 8 1
20140520 1 3 2
20140520 5 9 3
20140520 3 4 7
20140520 7 1 3
20140520 5 1 4
20140520 3 2 1
20140520 5 3 2
20140520 7 2 5
20140520 1 8 9
20140521 5 3 4
20140521 1 5 6
20140521 1 7 2
20140521 9 1 2
20140521 7 8 4
20140521 3 7 6
20140521 1 4 3
20140521 5 4 1
20140521 6 9 2
20140521 4 7 3
20140521 3 9 1
20140609 7 2 5
20140609 7 2 3
20140609 3 7 5
20140609 5 1 9
20140609 7 3 9
20140609 5 7 3
20140609 1 7 8
20140609 7 4 1
20140609 1 2 4
20140609 1 5 7
20140609 2 9 5
20140610 9 6 4
20140610 5 7 2
20140610 9 3 1
20140610 2 1 9
20140610 5 1 3
20140610 5 6 7
20140610 1 4 5
20140610 2 3 9
20140610 1 9 3
20140610 7 5 1
20140610 1 9 6
20140611 5 1 2
20140611 1 5 7
20140611 9 7 1
20140611 8 3 1
20140611 7 1 3
20140611 5 2 9
20140611 1 2 6
20140611 7 5 4
20140611 3 4 7
20140611 9 4 6
20140611 5 1 9
20140616 6 5 1
20140616 5 7 3
20140616 7 1 4
20140616 7 2 9
20140616 9 7 5
20140616 8 1 7
20140616 3 9 5
20140616 6 2 3
20140616 4 1 3
20140616 5 2 7
20140616 5 1 7
20140617 1 5 2
20140617 3 5 1
20140617 4 3 5
20140617 8 4 7
20140617 7 1 9
20140617 1 7 3
20140617 2 3 7
20140617 8 5 2
20140617 7 3 9
20140617 1 3 6
20140617 7 3 5
20140618 7 3 5
20140618 5 9 1
20140618 7 2 3
20140618 9 1 2
20140618 8 2 3
20140618 9 7 5
20140618 2 9 5
20140618 1 4 6
20140618 3 9 6
20140618 6 1 9
20140618 1 7 2
20140725 7 5 3
20140725 3 5 1
20140725 2 7 3
20140725 3 4 1
20140725 4 3 7
20140725 3 9 7
20140725 9 5 3
20140725 3 9 5
20140725 2 1 3
20140725 7 2 9
20140726 5 7 1
20140726 1 3 6
20140726 3 1 5
20140726 7 3 4
20140726 2 7 5
20140726 2 9 3
20140726 5 2 9
20140726 5 9 2
20140726 7 5 9
20140726 1 7 5
20140726 2 1 3
20140727 5 1 2
20140727 7 3 2
20140727 3 1 6
20140727 2 4 3
20140727 7 9 1
20140727 9 7 5
20140727 4 7 6
20140727 9 1 2
20140727 5 7 8
20140727 5 9 4
20140816 2 7 4
20140816 4 2 3
20140816 3 4 1
20140816 4 1 5
20140816 2 7 4
20140816 4 1 6
20140816 3 2 6
20140816 8 7 4
20140816 5 8 4
20140816 7 5 9
20140816 1 7 5
20140816 2 9 6
20140817 4 7 3
20140817 4 1 5
20140817 2 3 4
20140817 5 2 6
20140817 5 3 4
20140817 4 2 5
20140817 1 7 3
20140817 9 5 1
20140817 7 1 2
20140817 3 9 4
20140817 3 2 1
20140817 7 9 1
20140818 7 5 3
20140818 4 5 3
20140818 2 7 1
20140818 7 5 2
20140818 5 4 3
20140818 5 2 7
20140818 8 7 1
20140818 5 1 6
20140818 5 6 7
20140818 3 9 7
20140818 3 6 2
20140818 1 3 9
20140916 7 1 2
20140916 2 5 1
20140916 1 3 7
20140916 3 4 7
20140916 4 5 2
20140916 9 3 7
20140916 7 2 3
20140916 1 9 7
20140916 5 7 3
20140916 7 2 4
20140917 5 4 1
20140917 5 4 3
20140917 5 2 4
20140917 4 5 7
20140917 4 2 3
20140917 1 5 8
20140917 2 1 6
20140917 7 3 5
20140917 5 7 2
20140917 2 4 6
20140918 1 3 7
20140918 3 4 6
20140918 3 2 5
20140918 7 2 3
20140918 3 5 1
20140918 7 5 3
20140918 7 3 4
20140918 1 7 2
20140918 5 7 2
20140918 4 5 7
20141006 7 1 3
20141006 5 7 6
20141006 1 3 2
20141006 3 2 5
20141006 4 1 7
20141006 3 1 9
20141006 7 5 3
20141006 2 3 7
20141006 7 3 9
20141006 8 5 9
20141007 5 2 6
20141007 6 3 7
20141007 3 7 4
20141007 3 2 6
20141007 3 4 2
20141007 1 9 3
20141007 3 9 5
20141007 2 9 1
20141007 1 5 3
20141007 1 2 5
20141008 4 3 6
20141008 2 3 6
20141008 3 2 4
20141008 2 6 7
20141008 9 7 2
20141008 2 3 5
20141008 6 2 5
20141008 7 1 3
20141008 3 1 6
20141008 2 9 6
20141028 5 7 2
20141028 2 5 3
20141028 5 1 2
20141028 3 5 2
20141028 9 3 5
20141028 3 6 9
20141028 9 5 4
20141028 7 9 1
20141028 7 4 3
20141028 2 5 9
20141028 9 7 2
20141029 1 8 9
20141029 2 1 3
20141029 1 3 6
20141029 7 1 2
20141029 3 8 2
20141029 5 1 9
20141029 5 1 3
20141029 7 5 8
20141029 6 3 4
20141029 1 7 3
20141029 7 2 6
20141030 8 7 3
20141030 9 7 2
20141030 1 7 8
20141030 1 4 8
20141030 8 2 4
20141030 1 7 5
20141030 7 1 8
20141030 5 2 4
20141030 9 2 7
20141030 3 9 1
20141030 3 5 1
20141125 9 5 2
20141125 9 7 2
20141125 5 1 3
20141125 1 5 9
20141125 7 9 3
20141125 1 8 6
20141125 2 7 1
20141125 7 5 1
20141125 5 9 7
20141125 1 9 3
20141125 9 2 1
20141126 5 3 2
20141126 7 5 9
20141126 1 7 9
20141126 1 7 2
20141126 9 4 2
20141126 5 1 7
20141126 2 9 8
20141126 2 3 9
20141126 2 9 1
20141126 2 9 5
20141126 7 9 4
20141127 5 1 3
20141127 7 4 6
20141127 3 8 7
20141127 2 4 8
20141127 9 4 1
20141127 5 2 9
20141127 9 6 1
20141127 5 7 1
20141127 1 7 2
20141127 5 1 4
20141127 9 6 5
20141219 4 7 5
20141219 2 7 3
20141219 1 2 4
20141219 1 7 5
20141219 4 3 7
20141219 3 9 6
20141219 3 2 9
20141219 9 5 1
20141219 1 5 4
20141219 1 3 7
20141220 3 1 2
20141220 3 7 1
20141220 2 5 4
20141220 5 2 6
20141220 1 4 7
20141220 5 3 6
20141220 9 1 3
20141220 5 1 2
20141220 3 1 7
20141220 8 1 3
20141221 1 2 3
20141221 5 1 3
20141221 4 7 3
20141221 7 1 5
20141221 3 5 4
20141221 2 3 5
20141221 7 3 2
20141221 3 6 7
20141221 1 9 7
20141221 3 8 7
20141231 2 7 8
20141231 7 9 3
20141231 9 1 6
20141231 5 7 6
20141231 4 9 6
20141231 5 3 2
20141231 4 3 7
20141231 5 3 7
20141231 7 3 8
20141231 9 4 5
20141231 1 5 2
20141231 8 2 9
20150101 8 2 9
20150101 8 2 3
20150101 5 2 1
20150101 1 9 3
20150101 1 7 4
20150101 4 6 2
20150101 2 7 1
20150101 9 1 3
20150101 2 3 6
20150101 1 4 6
20150101 2 1 4
20150101 1 5 6
20150102 7 2 1
20150102 3 2 1
20150102 2 9 1
20150102 8 2 9
20150102 3 7 2
20150102 2 9 5
20150102 6 2 8
20150102 9 3 1
20150102 7 1 4
20150102 2 7 1
20150102 2 7 3
20150102 7 3 2
20150107 4 1 5
20150107 7 6 1
20150107 3 5 2
20150107 1 4 7
20150107 7 3 4
20150107 7 4 1
20150107 2 9 3
20150107 5 7 1
20150107 7 1 3
20150107 1 8 4
20150108 5 4 3
20150108 3 1 6
20150108 5 2 7
20150108 5 7 3
20150108 7 2 1
20150108 7 1 5
20150108 5 2 7
20150108 3 7 2
20150108 3 1 4
20150108 7 3 9
20150109 7 5 1
20150109 1 4 7
20150109 1 4 3
20150109 7 6 1
20150109 1 3 6
20150109 9 2 7
20150109 3 7 5
20150109 1 7 5
20150109 5 8 9
20150109 4 8 2
20150131 9 1 2
20150131 3 1 7
20150131 4 1 8
20150131 2 3 9
20150131 2 9 1
20150131 3 2 1
20150131 9 7 5
20150131 9 1 7
20150131 1 8 5
20150131 7 4 1
20150131 1 5 2
20150131 7 3 4
20150201 7 1 8
20150201 8 5 9
20150201 8 3 9
20150201 2 9 3
20150201 7 1 3
20150201 1 3 7
20150201 4 6 9
20150201 2 7 4
20150201 2 9 5
20150201 3 9 2
20150201 2 6 3
20150201 7 5 2
20150202 1 4 7
20150202 3 4 5
20150202 1 7 2
20150202 3 7 5
20150202 1 5 7
20150202 3 7 1
20150202 1 7 3
20150202 1 9 2
20150202 7 4 9
20150202 2 9 1
20150202 2 5 7
20150202 9 7 1
20150203 5 8 9
20150203 1 9 5
20150203 2 5 7
20150203 5 6 7
20150203 9 4 5
20150203 3 8 4
20150203 7 5 8
20150203 9 2 4
20150203 6 3 4
20150203 9 7 2
20150203 2 9 7
20150203 5 3 2
20150207 3 7 6
20150207 1 4 2
20150207 1 5 2
20150207 5 1 3
20150207 7 2 5
20150207 3 4 8
20150207 3 5 1
20150207 5 1 9
20150207 7 3 4
20150207 2 8 5
20150208 6 1 5
20150208 2 7 5
20150208 1 3 4
20150208 1 2 4
20150208 2 1 4
20150208 7 3 5
20150208 2 9 5
20150208 1 3 2
20150208 2 9 1
20150208 1 9 7
20150209 2 4 3
20150209 4 1 6
20150209 7 4 5
20150209 7 1 5
20150209 7 3 9
20150209 5 1 7
20150209 2 3 1
20150209 1 3 4
20150209 4 2 1
20150209 4 6 2
20150305 2 4 3
20150305 4 1 7
20150305 5 3 2
20150305 4 1 6
20150305 7 1 5
20150305 9 1 7
20150305 7 5 1
20150305 4 3 9
20150305 1 5 9
20150305 2 3 9
20150306 6 2 3
20150306 6 4 7
20150306 2 1 7
20150306 7 1 3
20150306 7 4 2
20150306 7 3 1
20150306 9 1 5
20150306 3 1 2
20150306 1 7 8
20150306 3 7 9
20150307 7 6 1
20150307 3 2 1
20150307 6 4 1
20150307 1 5 4
20150307 3 7 1
20150307 3 7 1
20150307 5 1 2
20150307 5 1 8
20150307 8 7 9
20150307 7 1 5
20150413 2 7 1
20150413 9 3 2
20150413 9 3 8
20150413 9 5 2
20150413 1 7 9
20150413 5 9 2
20150413 7 2 4
20150413 3 7 1
20150413 5 3 1
20150413 5 3 1
20150413 7 6 8
20150414 9 3 8
20150414 7 1 2
20150414 7 3 2
20150414 2 8 6
20150414 2 1 3
20150414 3 5 2
20150414 1 2 5
20150414 6 5 7
20150414 2 7 8
20150414 2 1 9
20150414 4 9 7
20150415 7 9 2
20150415 1 5 7
20150415 2 6 7
20150415 2 1 3
20150415 4 7 9
20150415 5 2 9
20150415 3 5 7
20150415 6 1 2
20150415 2 7 9
20150415 6 3 2
20150415 1 5 2
20150520 1 5 3
20150520 2 9 3
20150520 2 7 5
20150520 7 2 1
20150520 5 2 7
20150520 5 1 7
20150520 1 2 3
20150520 8 2 3
20150520 7 5 9
20150520 4 3 7
20150520 7 3 5
20150521 1 2 4
20150521 1 7 9
20150521 1 9 5
20150521 3 7 8
20150521 7 3 4
20150521 6 2 9
20150521 2 9 4
20150521 7 1 5
20150521 3 5 1
20150521 3 6 1
20150521 7 2 9
20150522 2 5 6
20150522 1 3 6
20150522 9 1 4
20150522 1 4 9
20150522 5 1 3
20150522 1 7 6
20150522 7 5 3
20150522 3 5 9
20150522 7 1 4
20150522 9 1 2
20150522 9 2 1
