20120126 2 5 6
20120126 4 2 3
20120126 4 1 8
20120126 9 7 2
20120126 2 7 3
20120126 1 6 3
20120126 9 4 2
20120126 9 7 3
20120126 2 5 9
20120126 1 5 4
20120126 9 7 1
20120127 2 3 7
20120127 7 1 9
20120127 3 1 2
20120127 3 7 9
20120127 7 2 5
20120127 2 9 5
20120127 4 9 7
20120127 9 1 3
20120127 1 5 2
20120127 5 3 9
20120127 5 9 1
20120128 5 1 8
20120128 2 6 4
20120128 1 9 3
20120128 5 1 4
20120128 5 2 1
20120128 3 1 7
20120128 8 6 9
20120128 7 4 5
20120128 4 3 7
20120128 2 9 3
20120128 1 3 4
20120129 1 4 2
20120129 5 8 2
20120129 9 5 7
20120129 1 8 6
20120129 5 7 4
20120129 2 8 3
20120129 5 9 8
20120129 1 3 4
20120129 7 5 2
20120129 1 3 6
20120129 1 9 3
20120212 1 5 2
20120212 1 7 4
20120212 2 7 5
20120212 4 5 3
20120212 3 4 2
20120212 7 1 4
20120212 3 5 8
20120212 2 9 3
20120212 3 8 5
20120212 5 9 1
20120212 5 3 8
20120213 4 7 5
20120213 7 5 4
20120213 2 5 4
20120213 7 3 1
20120213 7 5 1
20120213 6 7 2
20120213 2 3 5
20120213 1 9 4
20120213 1 3 5
20120213 1 3 8
20120213 2 9 4
20120213 1 7 3
20120214 1 2 4
20120214 3 2 6
20120214 3 7 6
20120214 5 4 2
20120214 1 4 7
20120214 1 5 2
20120214 9 7 8
20120214 9 2 5
20120214 2 9 3
20120214 2 4 6
20120214 5 1 9
20120222 1 7 3
20120222 3 4 5
20120222 5 2 6
20120222 4 3 7
20120222 5 2 4
20120222 9 2 5
20120222 2 5 1
20120222 1 7 5
20120222 7 8 9
20120222 8 9 4
20120222 3 5 8
20120223 1 5 7
20120223 5 6 7
20120223 5 2 4
20120223 2 7 5
20120223 5 4 7
20120223 1 5 7
20120223 7 9 5
20120223 2 1 3
20120223 4 8 7
20120223 3 9 5
20120223 6 5 3
20120224 2 4 3
20120224 3 6 2
20120224 5 3 7
20120224 3 6 7
20120224 2 4 3
20120224 4 1 2
20120224 9 5 7
20120224 1 9 2
20120224 7 4 5
20120224 2 9 8
20120224 3 1 6
20120416 2 7 5
20120416 2 8 7
20120416 3 4 2
20120416 2 9 1
20120416 9 2 1
20120416 5 1 2
20120416 7 2 4
20120416 7 6 4
20120416 3 8 7
20120416 7 5 3
20120416 7 2 1
20120416 3 9 7
20120416 2 5 1
20120417 7 2 6
20120417 1 7 5
20120417 1 7 2
20120417 7 3 9
20120417 2 5 3
20120417 1 5 3
20120417 5 3 8
20120417 9 2 5
20120417 1 8 7
20120417 1 2 4
20120417 1 9 7
20120417 5 9 7
20120418 2 5 9
20120418 1 8 2
20120418 1 5 4
20120418 5 1 4
20120418 5 2 3
20120418 3 5 8
20120418 3 2 7
20120418 9 4 2
20120418 5 2 6
20120418 7 2 3
20120418 8 3 5
20120418 4 2 5
20120422 4 2 1
20120422 1 2 5
20120422 2 5 7
20120422 1 7 2
20120422 5 1 6
20120422 9 7 1
20120422 2 3 6
20120422 7 2 8
20120422 2 7 9
20120422 2 1 9
20120422 3 4 7
20120423 5 2 3
20120423 2 3 5
20120423 1 7 2
20120423 3 5 7
20120423 3 7 1
20120423 7 2 5
20120423 2 9 3
20120423 4 9 1
20120423 7 3 2
20120423 1 7 3
20120423 7 1 3
20120424 3 2 7
20120424 5 4 6
20120424 4 5 6
20120424 7 3 2
20120424 2 6 4
20120424 5 7 1
20120424 9 2 1
20120424 3 1 9
20120424 3 8 5
20120424 1 9 5
20120424 8 7 2
20120508 7 3 4
20120508 7 2 9
20120508 1 5 8
20120508 7 9 5
20120508 1 5 7
20120508 1 4 6
20120508 7 3 4
20120508 1 2 3
20120508 3 5 7
20120508 2 1 5
20120508 9 1 3
20120508 1 8 3
20120509 2 4 8
20120509 2 4 3
20120509 9 4 6
20120509 7 2 5
20120509 2 7 4
20120509 5 1 4
20120509 2 9 4
20120509 9 6 5
20120509 1 8 7
20120509 6 3 8
20120509 7 1 3
20120509 4 1 6
20120510 1 8 3
20120510 3 7 6
20120510 1 3 9
20120510 2 5 1
20120510 1 4 2
20120510 7 1 3
20120510 3 5 9
20120510 3 8 2
20120510 1 7 5
20120510 3 6 2
20120510 7 2 4
20120510 8 7 1
20120526 3 7 2
20120526 2 3 7
20120526 7 1 4
20120526 5 1 2
20120526 4 3 7
20120526 5 2 1
20120526 1 7 3
20120526 1 5 2
20120526 7 3 2
20120526 9 1 7
20120526 7 2 1
20120527 2 5 3
20120527 3 1 7
20120527 2 7 1
20120527 4 7 2
20120527 1 7 5
20120527 1 3 9
20120527 1 2 9
20120527 1 4 3
20120527 2 9 5
20120527 3 1 7
20120527 9 7 3
20120528 3 6 5
20120528 4 6 2
20120528 2 5 6
20120528 4 1 5
20120528 1 7 5
20120528 5 9 3
20120528 2 3 4
20120528 5 7 3
20120528 3 7 9
20120528 1 5 3
20120528 2 4 3
20120626 1 9 4
20120626 1 5 3
20120626 2 1 5
20120626 1 3 9
20120626 7 1 5
20120626 2 9 4
20120626 9 2 1
20120626 7 5 2
20120626 9 2 7
20120626 1 3 2
20120626 5 1 3
20120626 1 3 2
20120627 5 9 2
20120627 2 4 1
20120627 7 1 2
20120627 1 9 5
20120627 9 2 1
20120627 4 9 1
20120627 9 1 4
20120627 1 7 3
20120627 9 7 5
20120627 3 5 6
20120627 9 3 2
20120627 1 2 7
20120628 3 4 7
20120628 1 3 6
20120628 8 9 4
20120628 5 3 1
20120628 7 1 5
20120628 3 7 4
20120628 7 1 2
20120628 8 3 5
20120628 7 3 4
20120628 5 2 7
20120628 2 8 9
20120628 2 7 1
20120701 3 7 5
20120701 3 6 7
20120701 5 2 7
20120701 7 1 2
20120701 4 1 3
20120701 1 9 3
20120701 3 7 1
20120701 2 7 4
20120701 2 7 3
20120701 5 3 6
20120701 8 2 3
20120702 2 5 7
20120702 5 1 2
20120702 7 4 2
20120702 1 3 4
20120702 5 3 4
20120702 1 7 5
20120702 2 8 7
20120702 7 8 5
20120702 1 5 9
20120702 1 5 4
20120702 5 6 2
20120703 3 4 1
20120703 7 2 1
20120703 2 3 4
20120703 3 5 1
20120703 3 6 1
20120703 7 5 1
20120703 1 5 2
20120703 5 7 9
20120703 3 7 8
20120703 1 5 2
20120703 1 7 3
20120810 4 2 7
20120810 4 1 7
20120810 3 2 6
20120810 2 1 5
20120810 4 1 2
20120810 2 9 7
20120810 7 2 3
20120810 2 3 5
20120810 1 9 7
20120810 2 3 7
20120810 5 1 6
20120811 7 2 1
20120811 3 1 2
20120811 5 3 6
20120811 1 5 2
20120811 7 3 5
20120811 5 8 4
20120811 4 2 8
20120811 2 9 5
20120811 2 7 8
20120811 7 2 1
20120811 2 5 7
20120812 4 2 6
20120812 1 4 3
20120812 7 2 5
20120812 2 4 6
20120812 1 4 3
20120812 9 2 7
20120812 5 4 2
20120812 3 5 7
20120812 3 9 2
20120812 7 3 5
20120812 1 3 9
20120905 1 4 5
20120905 1 2 4
20120905 3 1 5
20120905 2 4 5
20120905 7 1 4
20120905 5 7 1
20120905 5 7 6
20120905 3 9 5
20120905 3 8 5
20120905 7 1 9
20120905 1 9 4
20120905 3 7 5
20120906 5 7 6
20120906 2 1 5
20120906 3 1 6
20120906 3 1 7
20120906 4 2 5
20120906 4 2 6
20120906 2 5 7
20120906 8 5 9
20120906 7 3 8
20120906 2 7 5
20120906 1 5 9
20120906 7 4 3
20120907 3 5 6
20120907 4 7 1
20120907 4 6 3
20120907 1 7 3
20120907 5 3 7
20120907 1 2 5
20120907 5 9 8
20120907 4 6 7
20120907 2 5 3
20120907 3 2 1
20120907 7 1 9
20120927 8 1 9
20120927 5 2 1
20120927 7 9 2
20120927 2 8 9
20120927 2 7 1
20120927 3 9 5
20120927 2 5 6
20120927 5 7 3
20120927 7 5 9
20120927 1 9 2
20120927 1 5 3
20120928 3 9 1
20120928 5 2 8
20120928 1 7 5
20120928 4 7 9
20120928 3 7 5
20120928 5 9 4
20120928 2 9 3
20120928 7 1 2
20120928 3 9 1
20120928 5 2 7
20120928 4 7 5
20120929 2 4 1
20120929 2 7 9
20120929 7 1 6
20120929 8 9 1
20120929 4 1 9
20120929 8 5 2
20120929 4 1 9
20120929 7 1 2
20120929 1 5 3
20120929 3 8 5
20120929 1 8 7
20121001 3 5 1
20121001 7 4 3
20121001 3 5 2
20121001 2 7 1
20121001 9 2 8
20121001 3 1 4
20121001 7 2 5
20121001 3 2 9
20121001 9 7 2
20121001 9 1 7
20121001 2 5 7
20121015 4 3 7
20121015 2 5 7
20121015 5 1 7
20121015 1 5 7
20121015 1 4 2
20121015 3 9 1
20121015 2 9 1
20121015 2 7 5
20121015 2 1 8
20121015 2 3 9
20121015 9 3 7
20121016 4 7 1
20121016 6 1 7
20121016 1 7 3
20121016 2 5 3
20121016 4 5 3
20121016 1 5 2
20121016 7 1 8
20121016 1 9 4
20121016 5 4 2
20121016 1 5 4
20121016 2 1 9
20121017 2 4 6
20121017 4 5 1
20121017 1 5 3
20121017 7 3 1
20121017 2 5 7
20121017 9 2 5
20121017 9 5 3
20121017 5 1 4
20121017 9 1 7
20121017 9 2 5
20121017 2 1 4
20121022 9 1 5
20121022 2 1 8
20121022 4 7 1
20121022 1 7 8
20121022 7 3 6
20121022 5 1 7
20121022 5 1 4
20121022 3 5 4
20121022 3 6 2
20121022 5 1 2
20121022 9 6 3
20121022 8 7 1
20121023 9 3 4
20121023 7 9 4
20121023 3 7 4
20121023 2 8 3
20121023 2 3 4
20121023 7 5 3
20121023 2 3 5
20121023 7 1 3
20121023 3 1 7
20121023 2 3 7
20121023 1 7 9
20121023 7 2 8
20121024 3 5 9
20121024 3 1 7
20121024 5 1 9
20121024 7 1 4
20121024 5 6 1
20121024 2 3 8
20121024 1 4 8
20121024 9 5 2
20121024 4 9 7
20121024 9 4 7
20121024 5 1 2
20121024 3 5 4
20121024 5 1 3
20121026 2 7 5
20121026 1 3 2
20121026 1 2 7
20121026 5 3 4
20121026 4 3 7
20121026 3 6 5
20121026 5 1 7
20121026 7 1 3
20121026 2 5 7
20121026 7 3 1
20121026 7 8 3
20121027 1 4 2
20121027 5 4 1
20121027 7 3 6
20121027 1 4 3
20121027 5 3 2
20121027 9 7 3
20121027 2 1 3
20121027 2 9 7
20121027 2 9 5
20121027 7 1 2
20121027 9 1 5
20121028 3 2 1
20121028 5 1 3
20121028 3 1 4
20121028 1 7 5
20121028 2 1 6
20121028 5 8 9
20121028 5 4 2
20121028 5 3 2
20121028 7 4 1
20121028 8 2 6
20121028 6 7 5
20121105 5 9 2
20121105 5 1 7
20121105 5 9 1
20121105 7 5 3
20121105 2 5 7
20121105 7 1 8
20121105 8 4 7
20121105 7 5 1
20121105 4 2 8
20121105 1 9 4
20121105 1 7 2
20121106 5 6 9
20121106 7 2 5
20121106 8 5 2
20121106 3 2 7
20121106 1 9 7
20121106 1 2 7
20121106 4 1 2
20121106 8 1 2
20121106 2 7 3
20121106 1 9 5
20121106 2 7 4
20121107 5 7 2
20121107 3 5 7
20121107 2 1 9
20121107 9 2 3
20121107 1 7 5
20121107 2 5 8
20121107 1 5 7
20121107 3 7 1
20121107 1 8 2
20121107 3 4 9
20121107 9 1 6
20121222 3 5 7
20121222 2 4 7
20121222 5 7 3
20121222 5 1 2
20121222 2 4 1
20121222 3 5 1
20121222 9 2 1
20121222 7 1 2
20121222 1 4 7
20121222 7 9 1
20121222 1 9 2
20121223 4 3 1
20121223 7 2 4
20121223 4 2 6
20121223 5 7 1
20121223 7 4 2
20121223 5 7 3
20121223 2 5 3
20121223 9 3 1
20121223 5 1 8
20121223 1 9 7
20121223 2 5 1
20121224 5 1 3
20121224 3 7 4
20121224 4 7 5
20121224 5 4 3
20121224 3 1 4
20121224 2 3 4
20121224 4 6 3
20121224 2 4 5
20121224 9 5 2
20121224 1 7 2
20121224 1 8 5
20130109 7 2 8
20130109 3 1 6
20130109 7 1 9
20130109 5 3 1
20130109 5 3 9
20130109 9 3 4
20130109 3 7 9
20130109 7 2 9
20130109 5 1 4
20130109 1 9 7
20130109 3 5 4
20130110 2 7 5
20130110 7 8 1
20130110 9 8 6
20130110 2 5 1
20130110 9 2 8
20130110 2 7 5
20130110 4 3 6
20130110 7 6 9
20130110 2 3 4
20130110 2 7 5
20130110 7 3 5
20130111 9 6 1
20130111 1 9 3
20130111 7 2 4
20130111 3 2 9
20130111 1 5 9
20130111 4 1 5
20130111 5 1 3
20130111 2 1 4
20130111 7 4 6
20130111 5 1 2
20130111 5 9 1
20130126 5 2 4
20130126 5 4 1
20130126 3 4 5
20130126 3 2 4
20130126 3 4 5
20130126 1 4 6
20130126 7 2 3
20130126 5 6 7
20130126 4 3 2
20130126 5 1 2
20130126 2 5 7
20130127 5 3 1
20130127 1 5 2
20130127 3 1 5
20130127 4 5 1
20130127 7 5 4
20130127 2 7 4
20130127 7 1 9
20130127 7 3 8
20130127 2 1 7
20130127 5 1 7
20130127 7 5 1
20130128 7 2 5
20130128 3 5 4
20130128 5 1 2
20130128 3 5 7
20130128 4 2 7
20130128 7 9 3
20130128 7 1 4
20130128 2 3 5
20130128 3 9 8
20130128 2 3 1
20130128 2 6 9
20130213 5 1 3
20130213 1 3 6
20130213 1 2 7
20130213 7 9 2
20130213 1 7 2
20130213 1 7 4
20130213 4 9 3
20130213 2 4 9
20130213 2 5 9
20130213 1 5 3
20130213 7 8 3
20130214 5 1 7
20130214 2 7 3
20130214 2 6 8
20130214 2 5 9
20130214 9 2 7
20130214 1 5 8
20130214 9 1 5
20130214 5 3 1
20130214 5 7 4
20130214 3 9 8
20130214 9 5 1
20130215 7 2 5
20130215 2 1 7
20130215 5 1 3
20130215 5 2 7
20130215 2 9 4
20130215 1 7 6
20130215 5 3 1
20130215 5 2 1
20130215 8 5 4
20130215 1 9 7
20130215 5 6 9
20130228 2 7 3
20130228 1 5 2
20130228 4 7 2
20130228 5 3 1
20130228 7 3 5
20130228 5 1 2
20130228 5 3 1
20130228 5 1 7
20130228 1 5 8
20130228 1 5 8
20130228 1 5 9
20130301 2 4 6
20130301 4 2 5
20130301 7 4 6
20130301 1 5 7
20130301 3 7 5
20130301 7 9 1
20130301 2 5 1
20130301 1 7 5
20130301 2 7 9
20130301 7 2 1
20130301 1 2 9
20130302 4 7 3
20130302 7 1 2
20130302 5 7 2
20130302 2 4 7
20130302 3 2 4
20130302 2 7 4
20130302 3 1 2
20130302 3 9 2
20130302 3 1 7
20130302 9 3 2
20130302 2 4 7
20130309 1 5 2
20130309 3 1 7
20130309 3 2 1
20130309 7 1 3
20130309 5 1 7
20130309 2 3 9
20130309 7 1 3
20130309 4 9 5
20130309 9 3 5
20130309 9 1 5
20130309 1 9 7
20130310 5 2 1
20130310 2 7 1
20130310 4 7 2
20130310 2 4 1
20130310 7 3 6
20130310 9 3 1
20130310 1 7 9
20130310 1 5 7
20130310 4 7 3
20130310 2 9 3
20130310 5 9 3
20130311 3 2 5
20130311 5 1 7
20130311 4 1 3
20130311 1 2 6
20130311 1 4 6
20130311 5 9 4
20130311 2 7 9
20130311 2 4 1
20130311 8 3 5
20130311 1 9 3
20130311 4 2 6
20130420 2 1 5
20130420 2 4 3
20130420 7 1 2
20130420 2 5 3
20130420 5 1 2
20130420 7 5 6
20130420 1 9 2
20130420 2 7 8
20130420 9 1 8
20130420 3 2 9
20130421 6 1 3
20130421 1 4 5
20130421 7 2 5
20130421 7 4 3
20130421 4 3 5
20130421 5 2 1
20130421 7 9 1
20130421 1 7 6
20130421 7 9 1
20130421 5 9 1
20130422 2 3 5
20130422 7 6 4
20130422 3 4 1
20130422 5 4 1
20130422 1 7 8
20130422 2 1 7
20130422 5 1 6
20130422 7 3 9
20130422 1 7 2
20130422 4 5 9
20130430 3 9 7
20130430 1 7 4
20130430 9 1 5
20130430 7 5 2
20130430 1 9 4
20130430 1 7 4
20130430 8 4 1
20130430 8 3 1
20130430 9 3 2
20130430 2 3 7
20130430 1 7 8
20130501 2 5 4
20130501 2 6 7
20130501 9 3 5
20130501 2 3 7
20130501 7 5 3
20130501 7 2 9
20130501 5 9 1
20130501 7 2 9
20130501 4 1 7
20130501 3 8 1
20130501 5 1 3
20130502 2 1 9
20130502 5 2 7
20130502 3 2 7
20130502 2 3 5
20130502 2 3 5
20130502 3 8 9
20130502 9 5 8
20130502 2 7 4
20130502 9 2 4
20130502 3 9 8
20130502 3 1 2
20130603 3 7 5
20130603 4 5 7
20130603 3 1 5
20130603 1 3 2
20130603 4 1 5
20130603 2 7 9
20130603 1 9 8
20130603 5 7 3
20130603 1 3 7
20130603 3 9 7
20130604 1 7 4
20130604 3 1 7
20130604 1 5 4
20130604 2 3 5
20130604 1 6 7
20130604 1 7 5
20130604 1 2 5
20130604 2 7 5
20130604 7 9 3
20130604 1 7 9
20130605 5 6 4
20130605 4 7 2
20130605 7 5 3
20130605 3 6 7
20130605 2 5 1
20130605 2 1 9
20130605 1 4 2
20130605 1 5 7
20130605 7 9 4
20130605 2 9 8
20130610 5 3 8
20130610 4 8 7
20130610 2 3 1
20130610 9 2 1
20130610 2 9 1
20130610 9 5 3
20130610 3 9 7
20130610 2 5 7
20130610 2 5 9
20130610 5 9 1
20130610 1 7 5
20130610 2 4 6
20130611 7 3 2
20130611 1 2 7
20130611 2 9 3
20130611 1 3 2
20130611 7 1 9
20130611 2 8 3
20130611 2 5 4
20130611 2 9 3
20130611 5 2 8
20130611 5 1 2
20130611 4 7 5
20130612 5 1 6
20130612 7 3 1
20130612 7 8 5
20130612 2 9 3
20130612 2 7 5
20130612 4 3 9
20130612 5 7 8
20130612 5 6 3
20130612 5 2 8
20130612 5 4 1
20130612 1 7 8
20130621 4 7 1
20130621 1 2 4
20130621 1 4 2
20130621 5 3 2
20130621 7 4 3
20130621 5 9 7
20130621 9 3 1
20130621 5 1 3
20130621 3 9 5
20130621 7 5 1
20130622 7 3 1
20130622 2 4 5
20130622 3 5 4
20130622 1 5 6
20130622 3 7 6
20130622 1 5 4
20130622 1 7 9
20130622 8 2 1
20130622 9 5 2
20130622 1 2 4
20130623 3 5 2
20130623 1 7 5
20130623 2 5 3
20130623 5 2 3
20130623 1 5 3
20130623 5 9 1
20130623 1 3 9
20130623 1 3 2
20130623 2 4 9
20130623 1 7 2
20130623 9 1 2
20130727 1 4 3
20130727 1 3 2
20130727 1 3 2
20130727 5 3 6
20130727 7 4 1
20130727 5 1 9
20130727 3 5 7
20130727 9 2 8
20130727 7 1 3
20130727 3 4 7
20130728 1 5 3
20130728 2 1 5
20130728 2 3 4
20130728 7 1 5
20130728 1 3 7
20130728 9 1 7
20130728 3 1 6
20130728 3 2 5
20130728 3 1 7
20130728 2 5 9
20130729 1 4 5
20130729 4 5 1
20130729 5 1 3
20130729 3 1 7
20130729 5 1 8
20130729 2 7 5
20130729 2 7 1
20130729 7 9 1
20130729 7 9 1
20130729 2 3 5
20130810 5 4 7
20130810 3 1 4
20130810 4 1 7
20130810 1 2 7
20130810 3 5 2
20130810 4 1 2
20130810 7 5 3
20130810 3 7 5
20130810 3 5 7
20130810 1 5 2
20130810 6 3 7
20130810 8 3 4
20130811 1 5 2
20130811 4 6 1
20130811 5 2 7
20130811 2 6 3
20130811 1 3 7
20130811 7 5 6
20130811 7 1 3
20130811 9 2 4
20130811 1 6 4
20130811 5 2 9
20130811 1 3 9
20130811 1 7 8
20130812 4 7 3
20130812 1 2 6
20130812 6 1 7
20130812 7 3 4
20130812 1 3 2
20130812 1 4 7
20130812 5 2 7
20130812 7 3 5
20130812 5 7 9
20130812 2 3 9
20130812 5 7 6
20130812 2 7 3
20130819 3 2 1
20130819 2 3 7
20130819 2 5 6
20130819 5 2 6
20130819 9 2 4
20130819 2 5 1
20130819 7 3 2
20130819 7 1 9
20130819 7 3 9
20130819 5 3 4
20130819 1 3 9
20130819 5 2 7
20130820 8 1 5
20130820 8 9 1
20130820 7 8 1
20130820 1 5 9
20130820 1 3 8
20130820 5 3 2
20130820 1 5 9
20130820 9 5 1
20130820 1 9 2
20130820 1 3 9
20130820 5 7 1
20130821 7 2 9
20130821 3 7 4
20130821 1 7 9
20130821 2 1 5
20130821 9 5 1
20130821 4 3 2
20130821 3 5 2
20130821 3 2 6
20130821 3 7 1
20130821 1 9 3
20130821 1 5 9
20130921 2 8 6
20130921 7 1 5
20130921 3 7 1
20130921 9 3 1
20130921 2 7 1
20130921 5 9 1
20130921 1 9 4
20130921 7 1 9
20130921 6 5 2
20130921 9 3 2
20130921 9 2 5
20130922 3 6 4
20130922 1 5 4
20130922 1 5 9
20130922 9 7 3
20130922 1 7 5
20130922 3 5 1
20130922 1 5 3
20130922 3 9 7
20130922 7 5 1
20130922 2 1 7
20130922 1 2 8
20130922 5 3 2
20130923 3 2 5
20130923 5 9 2
20130923 3 9 2
20130923 2 4 8
20130923 5 1 7
20130923 7 1 5
20130923 1 8 9
20130923 4 5 7
20130923 1 3 9
20130923 2 7 5
20130923 8 5 7
20130924 5 1 7
20130924 7 1 2
20130924 7 3 5
20130924 9 8 6
20130924 6 1 2
20130924 7 3 9
20130924 6 4 7
20130924 2 5 7
20130924 9 1 2
20130924 2 4 1
20130924 2 9 4
20131002 7 5 2
20131002 5 2 1
20131002 7 5 9
20131002 7 4 9
20131002 1 9 3
20131002 9 5 6
20131002 7 5 1
20131002 5 7 4
20131002 5 2 6
20131002 2 9 3
20131002 8 6 4
20131003 1 3 4
20131003 4 6 5
20131003 5 7 1
20131003 5 4 1
20131003 1 3 7
20131003 9 7 2
20131003 2 5 7
20131003 3 2 6
20131003 7 1 8
20131003 2 7 3
20131003 1 4 8
20131004 1 7 5
20131004 3 5 4
20131004 3 8 5
20131004 1 8 3
20131004 2 9 1
20131004 7 5 4
20131004 2 9 5
20131004 9 3 5
20131004 6 9 1
20131004 7 3 1
20131004 1 5 9
20131016 7 1 2
20131016 6 2 3
20131016 6 7 3
20131016 5 1 3
20131016 5 2 7
20131016 7 1 9
20131016 5 7 2
20131016 1 5 2
20131016 9 4 5
20131016 4 8 3
20131017 1 3 4
20131017 1 2 3
20131017 2 5 1
20131017 6 1 5
20131017 3 2 4
20131017 5 4 3
20131017 3 1 7
20131017 8 1 7
20131017 7 4 1
20131017 1 7 4
20131018 2 6 4
20131018 1 3 2
20131018 5 3 1
20131018 6 2 4
20131018 9 1 4
20131018 5 7 1
20131018 6 3 5
20131018 1 7 3
20131018 9 5 3
20131018 7 4 2
20131029 7 5 4
20131029 4 5 2
20131029 5 1 7
20131029 2 7 3
20131029 3 1 7
20131029 9 1 2
20131029 1 7 9
20131029 7 5 1
20131029 5 2 8
20131029 5 2 9
20131030 4 7 2
20131030 3 4 1
20131030 7 2 4
20131030 1 7 5
20131030 3 5 7
20131030 3 4 1
20131030 2 1 3
20131030 9 7 2
20131030 5 8 2
20131030 8 2 1
20131031 1 3 4
20131031 1 4 3
20131031 7 5 4
20131031 7 5 2
20131031 1 6 3
20131031 5 1 8
20131031 4 3 1
20131031 9 2 1
20131031 1 9 3
20131031 1 5 3
20131125 9 7 4
20131125 5 3 6
20131125 5 3 9
20131125 5 1 7
20131125 8 2 9
20131125 2 4 1
20131125 2 7 4
20131125 8 2 9
20131125 5 2 4
20131125 1 8 2
20131125 9 3 2
20131126 3 7 9
20131126 1 9 5
20131126 1 7 9
20131126 1 5 4
20131126 5 7 1
20131126 3 1 5
20131126 9 6 1
20131126 5 1 4
20131126 2 9 7
20131126 5 3 4
20131126 9 2 7
20131127 3 1 5
20131127 1 9 5
20131127 7 9 3
20131127 7 5 2
20131127 7 3 5
20131127 5 7 1
20131127 5 3 1
20131127 5 2 9
20131127 1 6 4
20131127 7 4 1
20131127 5 3 1
20131202 7 1 4
20131202 8 2 1
20131202 5 1 9
20131202 9 1 7
20131202 3 7 1
20131202 7 1 5
20131202 7 5 2
20131202 9 5 2
20131202 1 2 3
20131202 5 1 9
20131202 1 2 7
20131203 1 3 9
20131203 5 1 7
20131203 2 7 1
20131203 9 8 3
20131203 9 1 5
20131203 5 7 9
20131203 5 2 3
20131203 9 1 4
20131203 3 7 8
20131203 7 9 2
20131203 9 2 5
20131204 1 5 7
20131204 1 8 2
20131204 3 7 6
20131204 1 9 8
20131204 1 7 5
20131204 4 2 1
20131204 9 2 5
20131204 2 7 1
20131204 7 4 1
20131204 3 7 9
20131204 3 4 9
20131224 5 2 6
20131224 5 1 3
20131224 7 1 5
20131224 3 5 1
20131224 4 5 7
20131224 7 2 1
20131224 1 5 9
20131224 1 3 7
20131224 1 9 8
20131224 1 7 5
20131225 1 7 2
20131225 3 2 6
20131225 7 5 6
20131225 5 4 1
20131225 3 5 2
20131225 9 3 5
20131225 9 5 7
20131225 4 1 5
20131225 2 6 7
20131225 2 1 3
20131226 4 2 5
20131226 5 4 1
20131226 4 5 3
20131226 1 2 3
20131226 2 9 6
20131226 2 5 6
20131226 3 2 1
20131226 5 1 8
20131226 7 2 3
20131226 1 3 5
20140122 1 2 3
20140122 7 3 1
20140122 5 7 4
20140122 3 1 2
20140122 3 5 7
20140122 5 1 2
20140122 2 7 9
20140122 1 8 9
20140122 7 1 9
20140122 1 9 5
20140123 7 4 3
20140123 4 3 1
20140123 1 3 7
20140123 1 4 5
20140123 2 7 1
20140123 5 2 7
20140123 5 3 1
20140123 5 1 8
20140123 5 7 2
20140123 2 9 3
20140124 6 2 3
20140124 6 2 3
20140124 2 4 6
20140124 1 4 2
20140124 7 2 9
20140124 3 9 7
20140124 5 3 2
20140124 7 1 2
20140124 2 1 4
20140124 2 1 3
20140124 2 3 1
20140204 5 2 1
20140204 9 2 8
20140204 1 2 3
20140204 1 9 5
20140204 7 1 2
20140204 5 9 3
20140204 7 3 5
20140204 5 9 1
20140204 7 1 9
20140204 7 5 1
20140204 7 2 8
20140205 9 8 5
20140205 3 4 9
20140205 5 7 1
20140205 2 1 7
20140205 2 7 6
20140205 1 5 2
20140205 9 6 7
20140205 2 1 5
20140205 6 9 7
20140205 7 2 1
20140205 1 4 2
20140206 2 4 5
20140206 5 9 1
20140206 8 7 5
20140206 5 9 3
20140206 1 5 9
20140206 3 7 1
20140206 9 6 3
20140206 3 8 9
20140206 7 8 9
20140206 5 1 2
20140206 1 7 5
20140225 1 4 7
20140225 2 7 1
20140225 3 5 1
20140225 5 1 4
20140225 7 2 1
20140225 9 3 1
20140225 3 1 9
20140225 1 5 9
20140225 1 5 8
20140225 4 2 8
20140226 2 4 1
20140226 2 4 3
20140226 2 3 6
20140226 4 7 1
20140226 7 5 4
20140226 1 3 8
20140226 9 5 2
20140226 2 8 4
20140226 9 1 4
20140226 1 2 4
20140227 1 7 4
20140227 1 4 2
20140227 5 7 4
20140227 1 2 7
20140227 9 7 5
20140227 7 1 9
20140227 7 4 3
20140227 2 5 4
20140227 9 3 4
20140227 7 5 1
20140420 3 5 7
20140420 4 2 1
20140420 7 1 3
20140420 1 4 5
20140420 5 1 6
20140420 3 4 9
20140420 1 9 7
20140420 2 6 5
20140420 1 6 2
20140420 9 4 1
20140421 5 1 4
20140421 1 4 7
20140421 4 1 7
20140421 7 2 3
20140421 2 5 4
20140421 3 7 1
20140421 3 2 8
20140421 7 2 1
20140421 7 2 1
20140421 3 1 5
20140421 3 9 4
20140422 3 5 4
20140422 7 1 2
20140422 1 7 2
20140422 7 5 4
20140422 6 1 5
20140422 9 4 7
20140422 1 2 3
20140422 3 9 2
20140422 4 8 1
20140422 1 3 8
20140430 2 5 7
20140430 3 2 9
20140430 1 9 7
20140430 1 5 7
20140430 3 1 2
20140430 1 9 4
20140430 7 4 1
20140430 2 5 7
20140430 5 3 6
20140430 9 7 4
20140430 9 8 2
20140501 2 4 8
20140501 2 8 1
20140501 7 5 2
20140501 3 9 1
20140501 3 8 5
20140501 3 7 5
20140501 8 3 5
20140501 1 2 7
20140501 2 7 1
20140501 9 1 6
20140501 9 6 8
20140502 1 7 4
20140502 2 3 4
20140502 7 2 9
20140502 9 5 1
20140502 7 1 6
20140502 1 4 3
20140502 5 9 1
20140502 1 8 6
20140502 1 5 8
20140502 2 4 5
20140502 3 5 1
20140503 5 2 1
20140503 3 5 2
20140503 7 1 3
20140503 1 5 2
20140503 4 1 5
20140503 6 4 3
20140503 3 5 6
20140503 1 2 3
20140503 3 1 8
20140503 9 8 3
20140503 9 4 7
20140503 2 9 1
20140504 7 2 4
20140504 2 5 7
20140504 6 4 7
20140504 2 5 7
20140504 2 7 5
20140504 4 7 6
20140504 4 3 2
20140504 7 1 5
20140504 2 4 9
20140504 5 7 2
20140504 3 2 5
20140504 5 1 2
20140505 5 3 7
20140505 1 7 3
20140505 6 5 4
20140505 4 7 2
20140505 5 4 3
20140505 5 3 4
20140505 1 9 5
20140505 1 2 3
20140505 2 7 6
20140505 8 2 5
20140505 1 7 3
20140505 5 6 4
20140626 5 7 1
20140626 4 5 7
20140626 5 3 1
20140626 1 3 5
20140626 2 7 3
20140626 1 6 4
20140626 5 1 3
20140626 1 9 4
20140626 3 5 7
20140626 3 5 8
20140626 2 1 5
20140626 9 2 8
20140627 7 4 3
20140627 7 4 1
20140627 4 2 3
20140627 2 4 7
20140627 4 1 3
20140627 6 7 1
20140627 7 1 4
20140627 7 4 1
20140627 5 2 3
20140627 9 7 5
20140627 9 7 2
20140627 3 5 1
20140627 5 2 1
20140628 7 2 5
20140628 2 1 7
20140628 4 3 1
20140628 4 1 7
20140628 3 1 6
20140628 7 3 9
20140628 3 4 2
20140628 3 5 7
20140628 1 4 2
20140628 2 1 5
20140628 1 5 3
20140628 7 8 2
20140707 7 3 8
20140707 9 1 2
20140707 1 3 4
20140707 1 2 9
20140707 1 7 2
20140707 7 8 1
20140707 9 5 3
20140707 7 1 3
20140707 5 1 4
20140707 3 6 5
20140707 7 2 3
20140708 2 1 9
20140708 3 1 2
20140708 1 9 8
20140708 7 6 2
20140708 1 9 5
20140708 9 7 2
20140708 2 7 5
20140708 1 8 3
20140708 5 3 2
20140708 3 2 1
20140708 5 7 1
20140709 2 7 4
20140709 6 7 8
20140709 1 3 5
20140709 9 3 5
20140709 4 2 6
20140709 3 7 1
20140709 2 5 9
20140709 2 7 5
20140709 2 8 3
20140709 5 1 7
20140709 5 1 7
20140714 4 2 1
20140714 7 6 1
20140714 4 5 7
20140714 1 5 3
20140714 5 1 3
20140714 3 2 5
20140714 2 1 9
20140714 3 8 1
20140714 1 9 5
20140714 9 5 4
20140715 7 3 4
20140715 3 2 5
20140715 5 2 3
20140715 1 6 5
20140715 4 1 6
20140715 3 9 6
20140715 9 4 5
20140715 1 5 7
20140715 7 3 2
20140715 1 5 2
20140716 5 6 1
20140716 2 5 7
20140716 3 4 2
20140716 4 5 3
20140716 1 9 5
20140716 9 7 3
20140716 2 7 3
20140716 2 1 9
20140716 1 7 3
20140716 4 9 7
20140731 1 2 4
20140731 9 3 7
20140731 1 3 9
20140731 3 7 8
20140731 3 9 4
20140731 3 5 7
20140731 7 9 3
20140731 5 3 7
20140731 7 3 1
20140731 5 1 7
20140731 3 9 7
20140731 1 5 6
20140801 3 5 7
20140801 7 2 5
20140801 8 1 9
20140801 2 7 8
20140801 5 9 4
20140801 3 4 5
20140801 1 9 3
20140801 1 2 4
20140801 1 9 4
20140801 5 2 7
20140801 9 7 3
20140801 2 3 4
20140802 5 2 1
20140802 9 2 3
20140802 3 5 6
20140802 9 3 7
20140802 9 3 4
20140802 2 5 3
20140802 2 7 9
20140802 2 9 1
20140802 1 7 9
20140802 7 3 2
20140802 1 5 2
20140802 7 1 4
20140803 7 2 8
20140803 9 2 7
20140803 1 9 3
20140803 7 3 1
20140803 2 1 3
20140803 1 7 4
20140803 7 1 2
20140803 1 6 7
20140803 3 2 6
20140803 5 6 2
20140803 6 4 9
20140803 7 1 2
20140819 1 3 7
20140819 2 7 1
20140819 2 7 3
20140819 5 1 2
20140819 3 5 2
20140819 1 4 7
20140819 2 1 9
20140819 3 5 4
20140819 7 5 1
20140819 5 7 9
20140819 4 2 1
20140820 5 7 1
20140820 2 7 5
20140820 4 2 1
20140820 2 5 4
20140820 5 7 2
20140820 2 5 3
20140820 9 3 5
20140820 9 5 1
20140820 9 7 8
20140820 7 3 1
20140821 2 1 5
20140821 1 7 4
20140821 5 6 3
20140821 5 7 1
20140821 7 3 1
20140821 9 7 1
20140821 4 3 7
20140821 6 9 1
20140821 1 6 7
20140821 5 2 4
20140908 9 3 7
20140908 7 1 5
20140908 9 1 7
20140908 3 9 1
20140908 9 1 3
20140908 1 2 5
20140908 3 5 6
20140908 9 1 5
20140908 3 5 9
20140908 1 3 6
20140908 7 4 5
20140909 1 3 2
20140909 1 9 4
20140909 1 2 9
20140909 1 7 3
20140909 7 4 2
20140909 3 7 2
20140909 3 7 6
20140909 1 6 4
20140909 3 9 7
20140909 7 5 8
20140909 1 7 9
20140910 4 6 2
20140910 1 5 7
20140910 3 4 6
20140910 9 2 3
20140910 9 7 5
20140910 1 5 3
20140910 1 5 9
20140910 7 2 3
20140910 1 7 3
20140910 4 1 2
20140910 7 2 4
20141023 2 5 1
20141023 2 5 7
20141023 3 7 2
20141023 1 3 7
20141023 4 7 5
20141023 5 1 4
20141023 9 3 7
20141023 2 5 7
20141023 1 7 9
20141023 5 7 1
20141023 7 1 8
20141024 4 1 2
20141024 1 3 6
20141024 5 7 2
20141024 3 5 4
20141024 5 2 3
20141024 5 7 1
20141024 7 1 8
20141024 1 7 2
20141024 5 2 6
20141024 9 1 6
20141025 1 3 6
20141025 2 5 7
20141025 2 1 7
20141025 5 2 1
20141025 3 6 4
20141025 7 4 6
20141025 1 3 5
20141025 9 4 5
20141025 2 1 6
20141025 5 4 1
20141203 3 1 7
20141203 7 3 5
20141203 2 5 3
20141203 1 5 6
20141203 4 2 3
20141203 1 7 5
20141203 3 7 9
20141203 2 1 5
20141203 1 7 3
20141203 1 6 9
20141204 7 3 5
20141204 4 7 1
20141204 5 6 2
20141204 5 6 7
20141204 3 5 7
20141204 3 5 7
20141204 1 7 8
20141204 1 6 2
20141204 9 2 8
20141204 7 2 9
20141205 5 1 2
20141205 1 2 3
20141205 7 1 4
20141205 7 2 5
20141205 3 2 8
20141205 9 1 5
20141205 5 3 1
20141205 9 5 1
20141205 1 5 2
20141205 1 5 4
20141217 3 7 2
20141217 2 1 3
20141217 9 5 1
20141217 9 4 7
20141217 2 7 5
20141217 6 7 1
20141217 5 7 6
20141217 7 2 8
20141217 3 9 5
20141217 1 5 9
20141217 7 2 5
20141217 5 1 7
20141218 2 6 9
20141218 2 6 1
20141218 2 9 4
20141218 5 6 8
20141218 7 5 6
20141218 1 2 7
20141218 6 3 1
20141218 5 8 2
20141218 9 7 4
20141218 1 3 8
20141218 3 1 4
20141218 9 6 2
20141219 5 6 7
20141219 7 5 3
20141219 7 9 8
20141219 9 2 7
20141219 3 1 5
20141219 4 1 3
20141219 1 4 6
20141219 2 7 5
20141219 2 5 7
20141219 3 5 2
20141219 1 2 4
20141219 9 3 5
20150102 7 3 1
20150102 7 3 4
20150102 2 6 3
20150102 4 2 1
20150102 1 2 4
20150102 5 2 8
20150102 3 7 1
20150102 2 6 4
20150102 5 2 9
20150102 7 9 6
20150103 2 1 5
20150103 4 5 2
20150103 7 3 2
20150103 7 4 1
20150103 5 2 1
20150103 1 7 8
20150103 2 5 3
20150103 2 9 1
20150103 4 7 5
20150103 1 5 7
20150104 4 1 5
20150104 2 5 7
20150104 3 4 2
20150104 1 3 4
20150104 4 6 5
20150104 7 5 4
20150104 6 7 5
20150104 9 3 4
20150104 1 8 2
20150104 9 2 1
20150119 3 9 4
20150119 1 7 9
20150119 3 5 4
20150119 2 9 7
20150119 7 3 6
20150119 3 6 5
20150119 5 9 7
20150119 2 1 9
20150119 3 1 2
20150119 7 8 1
20150119 7 9 1
20150120 1 3 6
20150120 1 2 9
20150120 2 1 8
20150120 1 4 9
20150120 5 1 2
20150120 7 1 5
20150120 1 5 7
20150120 3 5 1
20150120 1 4 9
20150120 3 8 4
20150120 1 5 7
20150121 1 7 2
20150121 8 1 6
20150121 9 2 7
20150121 8 4 9
20150121 7 1 5
20150121 7 3 2
20150121 1 8 5
20150121 2 1 8
20150121 9 4 7
20150121 7 2 4
20150121 9 1 3
20150218 1 3 7
20150218 8 1 9
20150218 9 1 3
20150218 3 5 4
20150218 7 5 9
20150218 5 4 2
20150218 7 3 4
20150218 5 1 7
20150218 5 9 4
20150218 1 7 8
20150218 5 3 8
20150219 2 8 1
20150219 1 7 4
20150219 2 9 8
20150219 3 1 7
20150219 5 2 8
20150219 8 9 7
20150219 5 8 1
20150219 8 5 4
20150219 8 9 4
20150219 5 1 2
20150219 3 5 8
20150220 6 5 1
20150220 9 3 5
20150220 1 5 2
20150220 9 5 2
20150220 9 2 3
20150220 2 5 3
20150220 2 8 5
20150220 1 9 7
20150220 3 1 9
20150220 3 5 8
20150220 8 3 5
20150222 7 1 5
20150222 4 1 7
20150222 3 1 5
20150222 4 5 1
20150222 4 1 7
20150222 3 2 7
20150222 5 1 4
20150222 7 8 2
20150222 7 8 9
20150222 7 3 5
20150222 7 3 8
20150222 9 3 1
20150222 5 1 8
20150222 2 8 9
20150223 7 1 3
20150223 3 5 6
20150223 2 4 6
20150223 2 1 5
20150223 5 1 3
20150223 7 5 1
20150223 2 1 6
20150223 2 7 3
20150223 7 8 2
20150223 3 1 7
20150223 9 5 4
20150223 7 2 1
20150224 1 5 3
20150224 3 5 7
20150224 3 1 4
20150224 3 5 7
20150224 2 1 4
20150224 1 2 9
20150224 4 6 9
20150224 3 5 2
20150224 4 8 2
20150224 1 7 4
20150224 6 4 5
20150224 2 1 8
20150311 1 3 7
20150311 2 7 5
20150311 9 4 5
20150311 2 9 7
20150311 1 7 2
20150311 3 6 8
20150311 1 9 5
20150311 7 1 3
20150311 3 5 7
20150311 6 1 5
20150311 7 1 3
20150312 5 9 1
20150312 1 3 7
20150312 3 5 4
20150312 1 9 3
20150312 4 7 2
20150312 9 2 4
20150312 5 9 2
20150312 5 1 2
20150312 4 5 3
20150312 3 2 7
20150312 7 6 1
20150313 7 1 2
20150313 5 7 3
20150313 5 2 1
20150313 2 9 5
20150313 4 3 2
20150313 3 7 1
20150313 3 5 7
20150313 1 8 2
20150313 7 9 5
20150313 9 8 2
20150313 4 1 2
20150417 3 1 7
20150417 7 2 1
20150417 3 5 2
20150417 7 6 5
20150417 1 2 4
20150417 2 1 3
20150417 7 1 3
20150417 7 1 3
20150417 5 6 3
20150417 2 9 7
20150417 2 5 1
20150418 7 1 5
20150418 5 4 2
20150418 4 1 2
20150418 1 2 5
20150418 5 2 7
20150418 6 1 7
20150418 4 7 1
20150418 7 1 2
20150418 1 7 3
20150418 5 1 7
20150418 5 7 4
20150418 1 5 7
20150419 1 3 5
20150419 5 7 6
20150419 7 1 5
20150419 7 3 4
20150419 6 7 1
20150419 3 7 9
20150419 2 9 4
20150419 7 1 3
20150419 7 9 2
20150419 1 7 9
20150419 3 2 7
20150419 4 5 6
20150527 1 7 3
20150527 1 5 2
20150527 9 1 7
20150527 5 1 2
20150527 7 3 9
20150527 5 1 8
20150527 2 8 9
20150527 1 2 3
20150527 1 3 9
20150527 1 5 9
20150527 5 9 4
20150528 1 2 7
20150528 3 9 7
20150528 7 1 9
20150528 4 2 9
20150528 1 2 5
20150528 1 7 5
20150528 5 9 1
20150528 5 7 8
20150528 2 3 8
20150528 9 4 7
20150528 1 4 8
20150529 2 3 7
20150529 9 1 5
20150529 7 1 6
20150529 2 1 4
20150529 8 1 7
20150529 1 5 8
20150529 3 9 2
20150529 7 1 3
20150529 1 5 3
20150529 9 1 5
20150529 3 7 9
20150603 1 4 3
20150603 3 5 2
20150603 4 3 1
20150603 5 3 6
20150603 2 3 1
20150603 2 7 1
20150603 3 7 2
20150603 3 5 1
20150603 9 1 4
20150603 3 1 5
20150604 1 6 3
20150604 1 7 4
20150604 5 7 3
20150604 1 3 4
20150604 4 2 6
20150604 2 1 4
20150604 1 7 2
20150604 3 2 4
20150604 2 4 7
20150604 1 9 2
20150605 3 5 2
20150605 1 7 3
20150605 4 2 7
20150605 1 7 4
20150605 2 5 8
20150605 9 3 1
20150605 3 5 6
20150605 8 2 5
20150605 5 1 3
20150605 1 3 5
