20111229 2 7 1
20111229 1 9 3
20111229 5 3 7
20111229 1 9 3
20111229 1 7 3
20111229 3 7 2
20111229 4 5 3
20111229 1 8 4
20111229 1 3 9
20111229 9 3 6
20111229 9 1 8
20111229 3 9 4
20111230 7 1 2
20111230 5 3 9
20111230 3 2 8
20111230 2 9 4
20111230 3 2 4
20111230 3 9 4
20111230 5 2 7
20111230 7 5 4
20111230 2 4 5
20111230 1 9 7
20111230 3 7 4
20111230 9 3 5
20111231 1 9 3
20111231 9 2 7
20111231 2 9 3
20111231 8 3 7
20111231 9 3 7
20111231 9 7 3
20111231 4 7 3
20111231 2 5 3
20111231 2 5 3
20111231 5 3 9
20111231 9 1 5
20111231 4 7 3
20120108 5 1 3
20120108 5 8 1
20120108 2 5 3
20120108 1 7 8
20120108 3 5 6
20120108 9 2 4
20120108 3 5 9
20120108 1 2 7
20120108 9 5 1
20120108 3 8 2
20120108 4 7 5
20120109 2 9 5
20120109 4 6 2
20120109 9 8 2
20120109 8 7 2
20120109 5 6 2
20120109 3 5 9
20120109 2 7 8
20120109 3 2 5
20120109 1 7 5
20120109 5 7 1
20120109 2 7 9
20120110 5 1 4
20120110 7 1 9
20120110 7 1 5
20120110 9 3 6
20120110 1 8 7
20120110 5 2 7
20120110 3 8 4
20120110 1 7 9
20120110 2 5 8
20120110 4 1 3
20120110 3 1 2
20120111 2 7 9
20120111 5 1 7
20120111 5 6 9
20120111 9 7 4
20120111 3 5 7
20120111 3 2 7
20120111 3 6 5
20120111 1 8 5
20120111 2 5 8
20120111 2 7 5
20120111 5 3 4
20120118 2 3 7
20120118 1 4 5
20120118 4 7 1
20120118 4 2 5
20120118 5 1 4
20120118 2 3 9
20120118 7 9 1
20120118 8 7 4
20120118 2 1 8
20120118 7 2 5
20120118 3 4 8
20120119 3 7 4
20120119 4 5 1
20120119 3 2 4
20120119 7 4 2
20120119 1 7 5
20120119 5 1 6
20120119 7 8 6
20120119 1 5 9
20120119 1 9 3
20120119 7 1 2
20120119 1 9 5
20120120 3 1 4
20120120 4 3 6
20120120 3 4 2
20120120 1 6 3
20120120 2 6 3
20120120 1 7 2
20120120 5 2 4
20120120 7 4 5
20120120 2 1 6
20120120 7 1 2
20120120 2 8 5
20120123 4 2 1
20120123 2 4 7
20120123 4 7 2
20120123 3 5 7
20120123 2 1 3
20120123 2 5 3
20120123 6 1 2
20120123 1 5 8
20120123 9 7 2
20120123 3 7 1
20120123 3 4 1
20120124 2 6 1
20120124 3 4 6
20120124 5 6 2
20120124 5 1 3
20120124 1 4 3
20120124 5 4 7
20120124 8 1 9
20120124 3 4 8
20120124 7 5 6
20120124 9 1 4
20120124 1 7 5
20120125 4 7 3
20120125 6 3 4
20120125 7 2 5
20120125 2 3 4
20120125 5 1 2
20120125 5 2 6
20120125 5 3 1
20120125 2 7 5
20120125 1 3 9
20120125 3 9 8
20120125 5 2 3
20120215 2 1 6
20120215 7 1 8
20120215 2 7 5
20120215 2 7 1
20120215 9 2 1
20120215 6 4 5
20120215 9 4 2
20120215 7 3 8
20120215 7 2 5
20120215 9 1 5
20120215 5 2 7
20120215 7 6 3
20120216 4 5 3
20120216 1 6 5
20120216 5 3 2
20120216 9 1 7
20120216 1 5 4
20120216 5 1 3
20120216 1 9 3
20120216 1 7 9
20120216 1 3 5
20120216 7 3 8
20120216 5 2 9
20120216 2 9 1
20120217 1 4 5
20120217 3 5 8
20120217 5 6 9
20120217 8 3 5
20120217 7 8 1
20120217 5 7 6
20120217 6 5 7
20120217 2 7 8
20120217 9 7 5
20120217 7 1 4
20120217 3 9 7
20120217 1 2 6
20120219 2 1 7
20120219 4 5 1
20120219 7 3 5
20120219 4 5 7
20120219 1 4 7
20120219 9 3 6
20120219 2 7 3
20120219 7 9 2
20120219 2 7 3
20120219 3 1 6
20120219 1 6 2
20120220 7 3 5
20120220 5 2 1
20120220 3 1 6
20120220 3 1 5
20120220 2 3 7
20120220 1 7 8
20120220 7 5 2
20120220 3 9 6
20120220 5 9 3
20120220 3 1 7
20120220 5 2 9
20120221 1 4 5
20120221 3 7 1
20120221 5 4 2
20120221 2 5 4
20120221 3 5 6
20120221 7 1 9
20120221 7 5 3
20120221 5 3 4
20120221 5 2 1
20120221 8 7 1
20120221 3 6 4
20120308 3 7 5
20120308 5 3 4
20120308 2 7 3
20120308 7 3 4
20120308 1 5 7
20120308 7 3 1
20120308 1 3 9
20120308 1 8 4
20120308 9 1 5
20120308 9 3 1
20120308 2 4 7
20120309 4 7 3
20120309 6 3 4
20120309 3 5 7
20120309 4 5 3
20120309 5 7 2
20120309 5 3 7
20120309 2 5 1
20120309 9 4 2
20120309 3 7 1
20120309 2 7 9
20120309 2 7 9
20120310 2 7 5
20120310 1 4 2
20120310 2 7 6
20120310 4 7 5
20120310 1 6 3
20120310 4 2 7
20120310 9 5 4
20120310 2 9 5
20120310 2 3 7
20120310 1 2 6
20120310 3 8 2
20120321 9 7 2
20120321 3 9 5
20120321 1 2 3
20120321 7 2 4
20120321 5 1 4
20120321 3 7 5
20120321 3 9 5
20120321 4 2 7
20120321 7 4 9
20120321 2 9 6
20120321 9 1 4
20120321 4 7 3
20120322 3 7 8
20120322 8 5 9
20120322 1 9 3
20120322 2 5 4
20120322 6 4 3
20120322 3 1 5
20120322 7 1 9
20120322 5 2 1
20120322 5 7 2
20120322 7 4 9
20120322 9 2 1
20120322 5 1 9
20120323 5 3 1
20120323 5 3 4
20120323 7 5 1
20120323 2 1 7
20120323 2 7 4
20120323 7 1 9
20120323 7 9 2
20120323 4 2 8
20120323 4 7 9
20120323 2 7 1
20120323 7 8 3
20120323 8 1 3
20120424 2 7 3
20120424 2 5 9
20120424 9 3 2
20120424 2 7 9
20120424 2 6 9
20120424 7 8 9
20120424 4 1 2
20120424 4 7 5
20120424 5 1 3
20120424 5 4 3
20120424 3 7 1
20120424 9 2 7
20120425 3 5 7
20120425 9 1 5
20120425 5 9 7
20120425 8 2 4
20120425 2 8 5
20120425 9 1 3
20120425 9 1 3
20120425 9 2 5
20120425 9 2 3
20120425 2 5 3
20120425 7 3 6
20120425 5 3 7
20120426 2 7 5
20120426 6 3 5
20120426 5 7 1
20120426 2 9 5
20120426 1 5 3
20120426 7 1 9
20120426 7 2 1
20120426 3 2 7
20120426 9 7 6
20120426 9 3 7
20120426 4 1 6
20120426 3 9 7
20120610 4 1 7
20120610 2 4 1
20120610 5 7 1
20120610 3 5 1
20120610 2 7 1
20120610 2 6 8
20120610 5 6 7
20120610 7 4 5
20120610 3 5 4
20120610 4 7 1
20120610 2 9 6
20120611 7 2 3
20120611 5 3 2
20120611 2 3 7
20120611 4 1 5
20120611 3 5 4
20120611 1 2 3
20120611 1 5 3
20120611 2 1 3
20120611 1 2 8
20120611 7 3 9
20120611 2 5 3
20120612 2 5 3
20120612 5 1 2
20120612 4 6 7
20120612 3 7 6
20120612 6 7 1
20120612 7 5 2
20120612 2 5 9
20120612 9 4 1
20120612 2 4 7
20120612 6 2 4
20120612 9 2 3
20120621 7 4 5
20120621 7 2 5
20120621 5 2 3
20120621 7 2 1
20120621 1 4 2
20120621 7 2 9
20120621 7 1 3
20120621 5 1 7
20120621 2 7 9
20120621 9 2 3
20120621 3 5 4
20120622 7 4 2
20120622 2 5 1
20120622 1 3 2
20120622 3 1 7
20120622 2 4 1
20120622 5 2 7
20120622 9 2 5
20120622 2 4 7
20120622 2 9 5
20120622 5 7 2
20120622 1 5 7
20120623 3 1 5
20120623 1 5 3
20120623 7 4 5
20120623 1 5 6
20120623 7 1 2
20120623 2 3 7
20120623 3 6 2
20120623 9 6 2
20120623 9 2 3
20120623 7 1 5
20120623 1 3 4
20120717 1 8 5
20120717 7 2 6
20120717 3 1 8
20120717 8 9 2
20120717 1 5 7
20120717 7 5 3
20120717 1 9 4
20120717 3 8 6
20120717 7 2 4
20120717 1 9 3
20120717 2 4 3
20120718 8 9 1
20120718 3 1 2
20120718 9 8 1
20120718 6 9 4
20120718 3 6 5
20120718 3 7 1
20120718 5 3 7
20120718 9 2 3
20120718 5 8 6
20120718 3 9 1
20120718 9 2 5
20120719 9 8 7
20120719 3 8 2
20120719 1 3 2
20120719 5 4 2
20120719 3 5 6
20120719 5 1 4
20120719 2 7 3
20120719 8 2 1
20120719 3 4 9
20120719 9 1 3
20120719 5 8 1
20120801 9 8 1
20120801 2 5 7
20120801 7 2 9
20120801 2 3 9
20120801 3 7 9
20120801 3 5 6
20120801 4 8 9
20120801 9 1 4
20120801 3 9 1
20120801 1 9 3
20120801 5 6 4
20120802 7 9 3
20120802 4 1 8
20120802 2 3 6
20120802 9 3 5
20120802 5 6 2
20120802 7 1 5
20120802 1 9 5
20120802 1 3 2
20120802 5 1 2
20120802 8 5 7
20120802 7 5 1
20120803 4 1 6
20120803 2 5 7
20120803 3 4 2
20120803 9 2 4
20120803 9 4 2
20120803 1 6 7
20120803 7 3 6
20120803 7 3 2
20120803 2 4 7
20120803 6 4 5
20120803 1 2 9
20120803 2 9 7
20120817 1 2 9
20120817 7 9 1
20120817 3 7 4
20120817 7 2 1
20120817 8 3 1
20120817 1 9 7
20120817 3 5 1
20120817 3 7 4
20120817 4 2 3
20120817 3 9 2
20120817 5 9 3
20120818 9 5 2
20120818 1 2 9
20120818 3 8 2
20120818 8 9 3
20120818 7 5 4
20120818 5 1 3
20120818 1 8 2
20120818 3 9 2
20120818 5 8 2
20120818 6 3 2
20120818 1 7 2
20120819 4 3 9
20120819 9 5 2
20120819 2 5 9
20120819 7 9 5
20120819 1 7 2
20120819 5 8 1
20120819 1 9 2
20120819 1 7 6
20120819 7 4 2
20120819 3 1 9
20120819 2 9 1
20120822 2 5 1
20120822 3 1 4
20120822 5 1 7
20120822 3 7 2
20120822 4 1 5
20120822 2 5 7
20120822 3 7 1
20120822 8 9 2
20120822 2 9 7
20120822 1 7 5
20120822 8 2 6
20120823 3 7 2
20120823 5 7 4
20120823 5 3 1
20120823 2 1 4
20120823 1 5 4
20120823 7 9 3
20120823 1 8 4
20120823 3 7 2
20120823 7 9 8
20120823 1 4 2
20120823 6 9 7
20120824 2 1 6
20120824 3 5 2
20120824 1 4 7
20120824 5 3 7
20120824 1 7 6
20120824 2 7 9
20120824 3 5 7
20120824 3 5 9
20120824 5 3 1
20120824 5 2 7
20120824 8 3 6
20120903 3 1 7
20120903 5 3 1
20120903 1 4 2
20120903 4 3 1
20120903 5 1 4
20120903 9 1 5
20120903 7 1 9
20120903 9 1 3
20120903 9 8 4
20120903 3 9 7
20120903 2 7 1
20120904 4 2 5
20120904 4 7 1
20120904 1 2 5
20120904 3 2 7
20120904 3 5 2
20120904 4 1 2
20120904 5 1 2
20120904 4 1 3
20120904 3 5 1
20120904 7 2 3
20120904 9 1 7
20120905 7 4 2
20120905 6 3 4
20120905 4 3 6
20120905 2 5 7
20120905 1 4 6
20120905 2 3 7
20120905 2 7 3
20120905 2 1 9
20120905 5 1 9
20120905 9 4 5
20120905 1 5 8
20120905 5 8 2
20121104 1 2 4
20121104 4 7 2
20121104 5 3 1
20121104 2 5 3
20121104 1 7 3
20121104 2 9 1
20121104 3 2 6
20121104 7 2 9
20121104 7 2 4
20121104 9 3 2
20121104 5 8 6
20121105 3 1 6
20121105 7 1 2
20121105 5 1 4
20121105 3 4 6
20121105 1 4 5
20121105 2 1 4
20121105 4 3 8
20121105 2 3 4
20121105 3 9 5
20121105 6 7 3
20121105 8 9 3
20121106 3 2 5
20121106 7 1 5
20121106 3 2 7
20121106 1 4 3
20121106 7 5 4
20121106 5 1 8
20121106 1 9 6
20121106 9 7 3
20121106 7 3 9
20121106 3 2 7
20121106 6 1 9
20121115 7 3 5
20121115 2 1 7
20121115 5 2 4
20121115 3 2 4
20121115 1 4 5
20121115 7 9 1
20121115 6 7 2
20121115 7 2 5
20121115 2 7 1
20121115 7 3 2
20121115 9 5 7
20121116 3 1 2
20121116 5 7 1
20121116 4 3 7
20121116 7 5 3
20121116 3 1 4
20121116 9 3 2
20121116 1 7 5
20121116 5 3 1
20121116 5 9 7
20121116 2 9 1
20121116 2 7 4
20121117 4 5 1
20121117 1 2 5
20121117 2 1 3
20121117 4 6 2
20121117 2 7 3
20121117 8 7 5
20121117 1 7 3
20121117 9 2 3
20121117 9 3 5
20121117 4 1 7
20121117 1 2 9
20121124 5 4 1
20121124 2 5 7
20121124 4 5 2
20121124 7 2 3
20121124 1 3 7
20121124 4 2 9
20121124 2 7 1
20121124 7 4 1
20121124 9 2 5
20121124 2 5 4
20121124 8 2 5
20121125 4 5 1
20121125 5 1 6
20121125 4 5 7
20121125 3 7 2
20121125 7 4 1
20121125 5 2 4
20121125 7 5 9
20121125 4 7 1
20121125 5 9 2
20121125 7 1 9
20121125 5 1 3
20121126 7 2 5
20121126 1 5 2
20121126 5 7 4
20121126 4 5 1
20121126 2 3 7
20121126 5 3 1
20121126 7 4 3
20121126 3 9 1
20121126 9 3 7
20121126 9 4 5
20121126 5 2 1
20121203 7 3 4
20121203 2 7 1
20121203 2 7 3
20121203 4 3 7
20121203 3 5 1
20121203 2 7 4
20121203 1 9 4
20121203 5 7 9
20121203 9 7 8
20121203 7 9 3
20121203 5 1 7
20121204 3 1 5
20121204 1 4 7
20121204 7 5 1
20121204 3 7 4
20121204 7 4 1
20121204 5 1 7
20121204 6 2 5
20121204 7 3 9
20121204 5 9 2
20121204 5 8 9
20121204 7 1 3
20121205 7 3 5
20121205 2 7 1
20121205 5 3 7
20121205 4 3 1
20121205 5 4 3
20121205 9 5 7
20121205 3 8 2
20121205 7 1 4
20121205 7 6 3
20121205 5 7 1
20121205 1 5 7
20121225 7 4 6
20121225 4 3 1
20121225 3 1 9
20121225 5 1 7
20121225 5 1 6
20121225 2 8 9
20121225 3 8 1
20121225 8 2 7
20121225 7 5 9
20121225 9 3 1
20121225 4 9 5
20121226 7 3 9
20121226 9 4 2
20121226 7 1 5
20121226 7 5 2
20121226 9 2 7
20121226 5 1 7
20121226 1 2 9
20121226 7 9 3
20121226 7 2 9
20121226 1 7 5
20121226 8 2 9
20121227 2 7 5
20121227 3 1 8
20121227 3 1 7
20121227 7 5 3
20121227 9 1 3
20121227 3 8 4
20121227 9 1 4
20121227 2 1 9
20121227 2 7 9
20121227 9 7 1
20121227 9 7 2
20130112 9 3 1
20130112 7 1 3
20130112 3 7 4
20130112 7 3 5
20130112 9 5 2
20130112 1 7 3
20130112 9 5 1
20130112 7 1 9
20130112 5 1 9
20130112 2 9 5
20130112 1 3 5
20130113 3 2 1
20130113 5 2 7
20130113 9 3 6
20130113 3 5 2
20130113 7 8 3
20130113 5 2 9
20130113 5 2 9
20130113 1 6 4
20130113 5 9 2
20130113 3 6 4
20130113 1 6 2
20130114 1 2 7
20130114 2 9 8
20130114 6 5 3
20130114 1 3 7
20130114 9 2 5
20130114 2 5 1
20130114 4 1 3
20130114 3 9 5
20130114 7 1 9
20130114 5 1 4
20130114 2 1 7
20130115 6 2 3
20130115 2 9 8
20130115 7 1 5
20130115 7 2 1
20130115 5 7 3
20130115 1 3 5
20130115 2 5 7
20130115 2 3 8
20130115 3 7 4
20130115 2 4 1
20130115 2 6 1
20130123 3 4 7
20130123 4 7 5
20130123 3 6 4
20130123 2 5 3
20130123 5 1 3
20130123 6 1 8
20130123 1 8 4
20130123 8 5 9
20130123 3 9 2
20130123 1 7 9
20130123 5 3 7
20130124 6 2 3
20130124 4 5 1
20130124 3 7 1
20130124 2 4 6
20130124 5 1 4
20130124 7 5 1
20130124 9 3 2
20130124 5 1 6
20130124 2 9 5
20130124 9 2 3
20130124 9 2 7
20130124 2 1 9
20130125 6 1 4
20130125 2 1 3
20130125 1 6 3
20130125 6 1 4
20130125 3 6 2
20130125 7 2 3
20130125 5 2 1
20130125 3 1 8
20130125 9 5 2
20130125 6 1 9
20130125 6 2 3
20130205 1 3 5
20130205 4 7 2
20130205 3 7 2
20130205 1 7 4
20130205 5 4 7
20130205 5 7 2
20130205 5 3 4
20130205 2 5 7
20130205 9 3 4
20130205 1 7 3
20130205 9 5 8
20130206 3 7 1
20130206 1 5 2
20130206 2 4 5
20130206 3 4 6
20130206 5 3 7
20130206 3 5 1
20130206 8 5 7
20130206 2 9 1
20130206 3 2 9
20130206 2 5 6
20130207 4 1 3
20130207 4 3 1
20130207 2 4 5
20130207 2 5 1
20130207 7 3 4
20130207 5 2 3
20130207 5 1 3
20130207 9 2 3
20130207 9 7 1
20130207 9 7 5
20130207 3 1 2
20130207 3 5 9
20130212 2 4 7
20130212 5 1 7
20130212 2 4 1
20130212 4 2 5
20130212 3 1 7
20130212 2 9 4
20130212 3 1 7
20130212 3 2 9
20130212 2 9 1
20130212 5 1 9
20130212 6 4 2
20130213 3 5 2
20130213 5 1 3
20130213 2 4 6
20130213 2 3 6
20130213 1 3 5
20130213 9 3 4
20130213 5 2 3
20130213 6 4 9
20130213 7 2 5
20130213 1 3 5
20130213 3 8 2
20130214 2 3 1
20130214 7 1 4
20130214 3 6 2
20130214 4 1 7
20130214 3 1 5
20130214 3 5 2
20130214 7 3 5
20130214 1 3 9
20130214 3 5 7
20130214 7 3 9
20130214 7 2 4
20130303 4 3 1
20130303 5 7 2
20130303 6 4 2
20130303 3 7 4
20130303 4 3 1
20130303 2 9 3
20130303 3 5 2
20130303 1 2 7
20130303 3 1 9
20130303 9 3 5
20130303 6 1 9
20130304 4 6 7
20130304 7 3 4
20130304 1 4 7
20130304 5 3 4
20130304 1 4 2
20130304 3 1 5
20130304 2 5 6
20130304 1 9 5
20130304 2 3 1
20130304 4 9 1
20130304 5 7 9
20130305 4 3 2
20130305 5 7 2
20130305 3 5 7
20130305 2 7 3
20130305 1 4 2
20130305 2 3 7
20130305 2 5 9
20130305 3 8 2
20130305 9 7 1
20130305 5 1 2
20130305 1 5 8
20130311 2 9 7
20130311 1 5 8
20130311 7 9 1
20130311 1 8 7
20130311 7 2 3
20130311 9 3 7
20130311 4 7 5
20130311 7 5 3
20130311 2 9 8
20130311 2 7 1
20130311 5 4 3
20130312 1 8 5
20130312 3 2 8
20130312 7 2 9
20130312 9 4 8
20130312 7 5 2
20130312 7 3 4
20130312 2 7 9
20130312 3 1 2
20130312 6 2 4
20130312 2 5 1
20130312 9 6 4
20130313 7 3 8
20130313 8 1 9
20130313 7 5 1
20130313 1 6 9
20130313 5 1 3
20130313 5 2 8
20130313 4 2 3
20130313 2 8 3
20130313 5 7 4
20130313 3 5 7
20130313 1 7 3
20130413 1 7 3
20130413 7 4 1
20130413 2 4 5
20130413 3 5 7
20130413 7 1 4
20130413 9 2 6
20130413 3 7 2
20130413 4 2 5
20130413 7 2 8
20130413 6 2 3
20130414 2 5 1
20130414 3 4 1
20130414 7 4 2
20130414 3 1 7
20130414 7 2 4
20130414 2 9 4
20130414 3 9 5
20130414 7 3 2
20130414 5 1 3
20130414 3 7 1
20130415 1 3 4
20130415 1 5 2
20130415 7 1 3
20130415 3 1 2
20130415 7 2 3
20130415 9 3 5
20130415 2 7 3
20130415 4 8 9
20130415 2 3 9
20130415 8 2 3
20130422 9 5 3
20130422 7 5 9
20130422 3 2 5
20130422 2 5 9
20130422 5 1 2
20130422 2 8 3
20130422 7 3 5
20130422 5 1 6
20130422 1 5 9
20130422 7 1 5
20130422 2 9 3
20130423 9 2 1
20130423 2 9 7
20130423 5 7 4
20130423 2 7 1
20130423 2 7 3
20130423 9 2 4
20130423 5 7 8
20130423 7 5 2
20130423 7 4 1
20130423 1 2 3
20130423 9 3 1
20130424 7 1 9
20130424 9 4 2
20130424 3 5 1
20130424 7 2 4
20130424 6 7 3
20130424 4 2 8
20130424 9 5 1
20130424 5 1 4
20130424 3 4 5
20130424 2 8 5
20130424 1 3 7
20130515 1 2 7
20130515 4 1 3
20130515 7 3 5
20130515 2 1 5
20130515 1 5 7
20130515 3 9 1
20130515 7 3 9
20130515 2 6 1
20130515 5 9 3
20130515 2 5 3
20130516 2 5 7
20130516 5 1 4
20130516 3 6 2
20130516 4 6 5
20130516 1 5 3
20130516 9 2 5
20130516 7 1 4
20130516 1 5 2
20130516 7 3 8
20130516 5 1 2
20130517 3 2 1
20130517 7 4 1
20130517 5 2 7
20130517 2 1 7
20130517 5 7 9
20130517 5 1 9
20130517 3 7 2
20130517 1 7 2
20130517 8 9 3
20130517 9 3 2
20130531 7 2 4
20130531 3 5 2
20130531 4 1 3
20130531 2 4 6
20130531 5 1 7
20130531 3 5 7
20130531 6 4 5
20130531 9 2 5
20130531 5 6 4
20130531 1 7 6
20130531 2 7 8
20130531 4 9 5
20130601 1 5 4
20130601 1 3 2
20130601 4 7 1
20130601 5 7 1
20130601 4 1 3
20130601 1 5 3
20130601 4 3 2
20130601 7 3 6
20130601 2 9 5
20130601 2 3 5
20130601 2 5 7
20130601 5 1 7
20130602 5 3 1
20130602 5 4 2
20130602 2 5 4
20130602 1 7 2
20130602 9 2 5
20130602 9 2 4
20130602 4 2 3
20130602 2 5 3
20130602 1 7 2
20130602 3 4 9
20130602 7 2 4
20130602 7 1 3
20130619 2 5 3
20130619 2 7 9
20130619 5 1 3
20130619 9 3 2
20130619 1 5 6
20130619 3 7 6
20130619 7 4 5
20130619 2 3 1
20130619 5 9 2
20130619 7 1 5
20130619 9 7 5
20130620 1 4 3
20130620 6 2 5
20130620 7 3 5
20130620 9 2 5
20130620 9 1 5
20130620 3 5 9
20130620 1 4 6
20130620 5 2 4
20130620 2 3 7
20130620 7 2 5
20130620 1 7 3
20130621 1 3 8
20130621 3 4 7
20130621 7 3 2
20130621 4 5 1
20130621 6 3 5
20130621 5 8 9
20130621 9 3 8
20130621 2 6 5
20130621 3 5 6
20130621 5 2 3
20130621 3 1 9
20130707 5 1 7
20130707 5 3 1
20130707 1 5 2
20130707 3 7 5
20130707 1 4 5
20130707 1 9 3
20130707 7 3 2
20130707 7 2 3
20130707 5 3 7
20130707 2 9 8
20130708 2 4 1
20130708 3 7 1
20130708 2 1 4
20130708 2 7 1
20130708 4 6 3
20130708 9 4 3
20130708 3 4 5
20130708 5 9 4
20130708 9 3 1
20130708 1 7 5
20130709 2 1 3
20130709 5 1 7
20130709 1 2 7
20130709 5 1 2
20130709 5 9 1
20130709 4 8 9
20130709 5 7 4
20130709 8 1 6
20130709 2 4 7
20130709 5 7 3
20130802 7 2 9
20130802 3 7 5
20130802 5 3 2
20130802 9 2 7
20130802 3 7 6
20130802 4 9 2
20130802 9 1 3
20130802 3 2 5
20130802 6 5 9
20130802 5 1 9
20130802 2 6 4
20130803 4 1 8
20130803 8 2 6
20130803 2 9 4
20130803 2 5 7
20130803 2 1 4
20130803 2 1 7
20130803 8 2 5
20130803 9 5 2
20130803 2 8 7
20130803 3 4 9
20130803 1 5 9
20130804 5 9 3
20130804 7 9 1
20130804 4 2 5
20130804 7 2 5
20130804 9 3 4
20130804 2 9 5
20130804 5 9 3
20130804 1 4 9
20130804 9 7 5
20130804 5 9 6
20130804 5 1 2
20130822 1 4 7
20130822 3 7 1
20130822 2 1 3
20130822 7 1 3
20130822 4 7 1
20130822 2 1 4
20130822 3 7 1
20130822 7 3 5
20130822 9 3 5
20130822 9 4 5
20130823 2 4 1
20130823 5 7 2
20130823 4 3 2
20130823 5 2 4
20130823 3 5 2
20130823 7 8 5
20130823 8 2 1
20130823 1 2 5
20130823 3 2 5
20130823 1 2 9
20130824 1 3 7
20130824 1 4 5
20130824 2 5 4
20130824 3 2 6
20130824 3 7 9
20130824 3 8 5
20130824 3 6 1
20130824 1 2 4
20130824 2 9 7
20130824 1 7 3
20130917 9 1 5
20130917 5 7 3
20130917 1 9 2
20130917 5 1 6
20130917 1 5 7
20130917 9 4 3
20130917 7 9 5
20130917 6 9 5
20130917 9 3 5
20130917 7 3 5
20130917 1 3 5
20130918 5 6 9
20130918 2 4 6
20130918 3 7 5
20130918 7 8 1
20130918 7 2 4
20130918 7 2 9
20130918 1 5 8
20130918 3 4 9
20130918 3 9 1
20130918 4 7 3
20130918 2 7 5
20130918 7 1 5
20130919 3 9 2
20130919 9 2 3
20130919 9 1 6
20130919 1 4 5
20130919 3 1 9
20130919 7 9 2
20130919 7 4 9
20130919 9 5 1
20130919 1 5 7
20130919 1 5 9
20130919 8 1 7
20131002 5 4 7
20131002 4 3 5
20131002 3 7 2
20131002 4 2 3
20131002 7 1 4
20131002 5 2 9
20131002 3 7 5
20131002 9 2 7
20131002 1 5 8
20131002 3 7 5
20131003 5 7 3
20131003 2 1 5
20131003 7 6 4
20131003 4 1 3
20131003 1 3 4
20131003 2 9 1
20131003 4 2 7
20131003 7 3 2
20131003 3 1 2
20131003 9 2 1
20131004 4 7 5
20131004 4 3 1
20131004 2 5 1
20131004 4 7 2
20131004 3 9 2
20131004 3 9 6
20131004 7 3 4
20131004 3 7 2
20131004 1 9 2
20131004 8 7 9
20131101 1 7 4
20131101 2 5 1
20131101 3 5 7
20131101 5 3 2
20131101 1 4 5
20131101 9 3 1
20131101 7 5 2
20131101 2 5 1
20131101 5 9 6
20131101 1 2 3
20131102 4 2 3
20131102 3 4 5
20131102 4 1 7
20131102 5 7 1
20131102 7 1 5
20131102 2 9 3
20131102 1 7 9
20131102 7 2 3
20131102 1 2 7
20131102 5 9 1
20131103 7 2 1
20131103 2 5 6
20131103 2 7 6
20131103 7 5 2
20131103 7 5 9
20131103 2 3 5
20131103 7 2 4
20131103 5 2 9
20131103 1 7 5
20131103 1 7 3
20131106 2 4 1
20131106 2 5 7
20131106 5 3 7
20131106 3 7 4
20131106 4 7 1
20131106 5 9 1
20131106 4 5 7
20131106 7 3 4
20131106 3 9 4
20131106 2 9 1
20131106 2 9 4
20131107 3 7 2
20131107 2 5 4
20131107 3 1 5
20131107 4 7 1
20131107 3 5 6
20131107 3 7 5
20131107 1 7 8
20131107 5 1 3
20131107 7 1 9
20131107 7 1 9
20131108 4 2 3
20131108 1 7 4
20131108 5 3 1
20131108 3 5 6
20131108 1 2 5
20131108 9 5 3
20131108 2 1 4
20131108 3 5 2
20131108 1 9 5
20131108 2 9 7
20131225 3 2 4
20131225 9 1 2
20131225 3 1 9
20131225 1 5 9
20131225 7 5 3
20131225 2 1 4
20131225 2 9 3
20131225 9 3 8
20131225 4 3 7
20131225 1 8 5
20131225 5 1 2
20131226 1 3 7
20131226 4 1 9
20131226 1 2 7
20131226 6 9 3
20131226 2 3 5
20131226 9 2 1
20131226 5 7 2
20131226 2 7 3
20131226 5 2 1
20131226 3 9 2
20131226 5 1 2
20131227 2 3 5
20131227 3 5 2
20131227 2 5 9
20131227 5 7 9
20131227 9 3 7
20131227 5 2 9
20131227 2 5 7
20131227 8 1 2
20131227 4 2 6
20131227 7 2 3
20131227 1 2 3
20131229 4 7 3
20131229 3 5 4
20131229 2 5 7
20131229 7 2 1
20131229 5 1 4
20131229 9 3 7
20131229 1 5 3
20131229 7 2 3
20131229 7 9 2
20131229 4 5 7
20131230 7 3 6
20131230 5 7 3
20131230 5 3 2
20131230 2 5 7
20131230 2 4 3
20131230 9 5 3
20131230 3 7 2
20131230 5 1 9
20131230 2 3 7
20131230 2 1 9
20131231 4 3 5
20131231 3 6 5
20131231 7 2 4
20131231 2 1 6
20131231 1 8 2
20131231 9 5 2
20131231 2 1 3
20131231 2 9 5
20131231 5 8 9
20131231 2 9 6
20140111 3 9 4
20140111 9 2 3
20140111 4 1 2
20140111 6 2 3
20140111 1 2 5
20140111 5 1 9
20140111 2 9 5
20140111 5 1 9
20140111 7 2 8
20140111 1 7 8
20140111 7 9 2
20140112 7 1 4
20140112 3 8 2
20140112 3 9 4
20140112 4 9 1
20140112 1 7 2
20140112 1 7 2
20140112 7 9 5
20140112 2 5 9
20140112 2 3 5
20140112 3 2 9
20140112 1 9 4
20140113 1 4 8
20140113 2 5 8
20140113 3 4 1
20140113 9 5 2
20140113 3 7 1
20140113 3 5 7
20140113 7 1 2
20140113 5 1 7
20140113 1 5 2
20140113 2 9 5
20140113 1 5 3
20140114 9 1 4
20140114 7 1 3
20140114 5 4 1
20140114 3 9 7
20140114 5 2 9
20140114 9 3 5
20140114 7 2 6
20140114 5 4 1
20140114 5 4 7
20140114 1 9 7
20140114 1 6 5
20140114 7 2 9
20140212 5 2 3
20140212 7 5 2
20140212 1 6 9
20140212 5 1 9
20140212 1 3 6
20140212 2 9 6
20140212 7 9 6
20140212 2 1 5
20140212 9 3 6
20140212 5 6 2
20140212 8 7 1
20140213 6 9 5
20140213 5 3 9
20140213 3 7 9
20140213 5 2 9
20140213 7 3 2
20140213 1 5 9
20140213 1 4 7
20140213 5 3 4
20140213 3 7 2
20140213 1 7 2
20140213 1 9 5
20140215 7 2 5
20140215 1 9 8
20140215 3 5 7
20140215 3 9 1
20140215 9 6 7
20140215 1 5 3
20140215 2 4 6
20140215 7 6 3
20140215 7 8 9
20140215 2 4 7
20140215 6 8 1
20140219 6 2 3
20140219 2 3 7
20140219 3 4 7
20140219 5 3 7
20140219 7 4 6
20140219 5 7 3
20140219 1 5 3
20140219 7 3 9
20140219 9 3 6
20140219 6 7 1
20140220 5 4 3
20140220 3 4 5
20140220 5 4 6
20140220 4 3 2
20140220 4 1 6
20140220 9 1 5
20140220 8 2 1
20140220 8 3 7
20140220 8 7 3
20140220 2 3 1
20140220 2 4 6
20140221 5 7 3
20140221 1 6 7
20140221 7 5 3
20140221 7 1 4
20140221 4 8 1
20140221 3 4 2
20140221 4 3 1
20140221 7 2 1
20140221 2 7 6
20140221 9 4 5
20140304 7 8 2
20140304 1 7 8
20140304 9 3 2
20140304 3 7 4
20140304 7 3 5
20140304 1 8 7
20140304 5 7 3
20140304 5 3 4
20140304 7 5 3
20140304 9 3 7
20140304 5 3 1
20140305 2 4 5
20140305 2 1 6
20140305 9 2 7
20140305 1 9 3
20140305 9 5 2
20140305 1 9 7
20140305 4 3 2
20140305 3 6 2
20140305 4 5 9
20140305 9 3 1
20140305 3 4 5
20140306 9 3 2
20140306 3 4 2
20140306 1 2 7
20140306 5 1 9
20140306 3 5 6
20140306 6 2 7
20140306 7 1 5
20140306 7 4 3
20140306 5 2 3
20140306 2 5 4
20140306 5 4 3
20140315 4 2 3
20140315 2 7 1
20140315 2 5 4
20140315 1 5 6
20140315 5 3 1
20140315 4 7 3
20140315 5 6 7
20140315 2 4 8
20140315 2 5 9
20140315 1 2 9
20140315 9 3 1
20140315 3 9 1
20140316 4 3 1
20140316 3 2 5
20140316 7 4 5
20140316 2 5 4
20140316 4 5 1
20140316 1 2 3
20140316 3 1 7
20140316 7 3 2
20140316 2 7 1
20140316 3 2 5
20140316 1 8 5
20140316 1 5 3
20140317 5 6 4
20140317 3 5 2
20140317 6 1 4
20140317 7 2 4
20140317 1 9 5
20140317 6 9 7
20140317 9 6 4
20140317 9 1 5
20140317 1 2 7
20140317 5 6 1
20140317 2 7 3
20140317 2 9 8
20140423 9 5 2
20140423 1 5 9
20140423 3 9 1
20140423 3 7 4
20140423 1 2 3
20140423 7 2 5
20140423 7 9 2
20140423 2 9 3
20140423 2 7 8
20140423 5 1 2
20140423 1 7 2
20140424 5 2 3
20140424 1 5 6
20140424 2 7 5
20140424 9 2 3
20140424 9 3 2
20140424 9 5 4
20140424 1 8 2
20140424 1 5 3
20140424 1 9 5
20140424 3 2 1
20140424 5 7 1
20140424 2 1 4
20140425 6 5 8
20140425 1 7 2
20140425 2 3 9
20140425 3 5 2
20140425 1 9 3
20140425 9 5 3
20140425 5 9 4
20140425 9 5 2
20140425 2 3 1
20140425 9 5 1
20140425 3 4 9
20140512 1 4 9
20140512 7 3 6
20140512 2 9 3
20140512 7 1 9
20140512 3 9 7
20140512 1 5 6
20140512 9 2 5
20140512 1 2 4
20140512 7 8 9
20140512 3 1 5
20140512 7 2 5
20140513 7 2 1
20140513 1 5 3
20140513 4 9 3
20140513 1 9 7
20140513 9 2 7
20140513 2 3 5
20140513 9 1 5
20140513 1 3 4
20140513 3 7 4
20140513 5 9 4
20140513 7 1 2
20140514 2 5 4
20140514 7 3 9
20140514 5 2 1
20140514 2 9 5
20140514 5 1 7
20140514 8 5 3
20140514 7 6 3
20140514 1 2 5
20140514 7 1 2
20140514 9 2 7
20140514 7 3 8
20140521 7 1 4
20140521 3 1 2
20140521 2 5 7
20140521 3 1 6
20140521 5 1 7
20140521 3 9 2
20140521 9 2 3
20140521 6 9 7
20140521 5 1 2
20140521 2 8 4
20140522 3 1 4
20140522 7 1 2
20140522 7 4 2
20140522 3 4 2
20140522 2 7 6
20140522 7 9 8
20140522 5 7 9
20140522 5 9 7
20140522 3 1 9
20140522 9 1 5
20140522 1 5 3
20140523 7 1 4
20140523 7 4 1
20140523 5 4 1
20140523 2 5 3
20140523 5 6 4
20140523 2 6 5
20140523 3 7 1
20140523 1 5 7
20140523 5 6 9
20140523 2 7 8
20140523 2 4 9
20140704 1 2 7
20140704 4 7 5
20140704 3 7 4
20140704 1 6 7
20140704 4 3 1
20140704 3 6 5
20140704 2 6 7
20140704 2 4 9
20140704 8 2 1
20140704 9 1 7
20140704 3 4 1
20140704 7 5 3
20140705 7 4 3
20140705 4 2 7
20140705 4 7 2
20140705 2 3 7
20140705 3 4 5
20140705 5 1 4
20140705 3 2 1
20140705 9 3 7
20140705 9 7 6
20140705 1 5 3
20140705 5 1 2
20140705 9 1 7
20140706 7 4 3
20140706 6 1 7
20140706 3 5 2
20140706 4 2 5
20140706 2 7 8
20140706 4 9 6
20140706 3 9 6
20140706 3 7 5
20140706 2 5 3
20140706 1 5 7
20140706 7 3 4
20140706 8 1 7
20140804 7 2 5
20140804 2 5 3
20140804 7 3 2
20140804 1 5 7
20140804 4 5 1
20140804 5 3 7
20140804 4 7 2
20140804 1 5 4
20140804 8 2 1
20140805 4 1 7
20140805 3 1 7
20140805 5 4 7
20140805 2 5 1
20140805 7 1 4
20140805 7 2 9
20140805 9 2 7
20140805 2 1 9
20140805 1 8 4
20140805 7 5 1
20140806 4 7 3
20140806 1 2 5
20140806 7 3 5
20140806 7 4 2
20140806 9 1 4
20140806 7 5 3
20140806 2 5 6
20140806 2 3 4
20140806 1 7 3
20140806 7 2 5
20140919 7 2 5
20140919 4 3 1
20140919 1 3 5
20140919 4 1 7
20140919 5 4 1
20140919 1 4 6
20140919 3 1 2
20140919 9 3 7
20140919 2 9 4
20140919 9 5 1
20140919 1 7 8
20140919 7 3 9
20140920 1 5 7
20140920 4 6 1
20140920 4 5 2
20140920 1 5 7
20140920 2 4 5
20140920 7 3 5
20140920 6 5 3
20140920 4 3 5
20140920 8 3 9
20140920 7 3 5
20140920 7 2 9
20140920 7 9 2
20140921 3 7 2
20140921 1 2 3
20140921 5 1 7
20140921 7 3 2
20140921 7 1 2
20140921 2 8 5
20140921 2 5 9
20140921 2 7 9
20140921 6 4 1
20140921 1 5 6
20140921 4 3 7
20140921 2 3 1
20140924 3 5 8
20140924 3 5 1
20140924 5 3 9
20140924 4 9 7
20140924 7 9 1
20140924 5 1 6
20140924 5 3 9
20140924 7 8 9
20140924 5 4 6
20140924 3 5 9
20140924 5 2 8
20140925 9 3 5
20140925 1 5 8
20140925 1 9 7
20140925 8 6 3
20140925 7 5 2
20140925 9 7 2
20140925 9 1 6
20140925 9 2 7
20140925 5 9 3
20140925 5 4 3
20140925 1 7 3
20140926 3 2 5
20140926 3 9 6
20140926 5 2 7
20140926 2 8 7
20140926 3 7 5
20140926 5 1 7
20140926 5 4 7
20140926 1 6 9
20140926 2 1 8
20140926 1 7 8
20140926 1 8 9
20141004 5 1 7
20141004 2 7 3
20141004 2 7 1
20141004 4 2 6
20141004 5 1 2
20141004 3 7 4
20141004 6 3 1
20141004 9 5 2
20141004 2 1 3
20141004 1 2 3
20141004 1 5 7
20141004 3 6 8
20141005 7 4 2
20141005 2 5 3
20141005 4 1 5
20141005 2 3 7
20141005 5 3 1
20141005 5 7 3
20141005 4 3 7
20141005 3 9 8
20141005 9 1 4
20141005 5 9 4
20141005 1 2 7
20141005 1 7 5
20141006 7 5 3
20141006 1 3 7
20141006 4 2 7
20141006 2 4 3
20141006 3 9 4
20141006 5 3 1
20141006 2 1 4
20141006 2 3 9
20141006 5 3 1
20141006 3 2 1
20141006 2 1 7
20141006 5 2 7
20141104 3 1 7
20141104 7 9 6
20141104 7 1 2
20141104 2 6 5
20141104 9 1 3
20141104 8 1 2
20141104 1 4 7
20141104 2 7 3
20141104 2 9 7
20141104 5 1 2
20141104 5 3 2
20141105 4 1 2
20141105 5 7 9
20141105 5 9 8
20141105 9 7 4
20141105 7 2 1
20141105 5 3 7
20141105 7 2 5
20141105 4 7 3
20141105 1 6 4
20141105 9 5 3
20141105 1 5 9
20141106 3 4 9
20141106 7 3 9
20141106 1 7 3
20141106 2 3 7
20141106 7 3 9
20141106 1 2 6
20141106 1 4 2
20141106 4 1 3
20141106 9 3 6
20141106 8 3 5
20141106 1 3 9
20141117 2 5 3
20141117 2 3 5
20141117 5 2 4
20141117 5 3 4
20141117 2 7 3
20141117 3 7 8
20141117 1 5 4
20141117 2 9 7
20141117 3 9 5
20141117 1 6 5
20141118 2 7 1
20141118 1 7 4
20141118 4 2 6
20141118 7 3 5
20141118 4 2 6
20141118 5 7 6
20141118 9 5 2
20141118 5 1 9
20141118 9 2 7
20141118 5 7 9
20141119 7 3 2
20141119 5 3 1
20141119 5 2 4
20141119 6 4 7
20141119 3 7 5
20141119 7 3 5
20141119 4 2 7
20141119 1 3 5
20141119 9 5 3
20141119 1 3 9
20141212 3 4 2
20141212 2 7 3
20141212 3 5 1
20141212 4 7 3
20141212 5 4 7
20141212 8 7 5
20141212 9 5 7
20141212 9 2 7
20141212 7 5 4
20141212 5 6 3
20141213 5 3 2
20141213 4 3 5
20141213 5 2 4
20141213 3 5 2
20141213 1 5 4
20141213 3 8 2
20141213 5 1 9
20141213 1 5 7
20141213 4 9 5
20141213 7 9 1
20141214 3 2 4
20141214 1 3 5
20141214 7 4 5
20141214 3 7 6
20141214 6 8 5
20141214 7 2 6
20141214 5 3 6
20141214 1 7 3
20141214 8 3 4
20141214 2 7 1
20141225 3 5 6
20141225 3 2 4
20141225 3 7 2
20141225 4 2 7
20141225 2 5 7
20141225 4 1 9
20141225 1 3 7
20141225 1 9 7
20141225 9 3 2
20141225 7 3 2
20141226 3 7 1
20141226 1 7 4
20141226 5 6 4
20141226 4 1 3
20141226 1 7 4
20141226 7 2 5
20141226 3 1 9
20141226 7 2 5
20141226 9 3 7
20141227 4 7 5
20141227 3 6 7
20141227 7 4 2
20141227 7 2 3
20141227 2 4 7
20141227 9 7 4
20141227 5 1 4
20141227 9 3 2
20141227 9 3 2
20141227 2 7 4
20150110 2 1 5
20150110 9 1 4
20150110 7 1 2
20150110 1 6 7
20150110 9 5 1
20150110 3 6 9
20150110 3 9 4
20150110 9 5 7
20150110 5 3 8
20150110 9 2 5
20150110 3 9 7
20150110 5 7 3
20150111 4 7 2
20150111 8 2 9
20150111 4 9 2
20150111 3 5 4
20150111 1 9 8
20150111 5 1 3
20150111 9 3 7
20150111 4 3 5
20150111 9 1 5
20150111 6 5 9
20150111 1 7 3
20150111 1 2 8
20150112 8 2 1
20150112 7 2 3
20150112 1 8 2
20150112 7 2 5
20150112 9 3 2
20150112 5 3 6
20150112 3 4 9
20150112 3 2 7
20150112 1 3 8
20150112 6 8 9
20150112 8 7 2
20150112 1 2 7
20150113 3 2 7
20150113 9 3 1
20150113 2 7 9
20150113 4 9 1
20150113 9 3 4
20150113 5 1 2
20150113 9 3 5
20150113 2 4 3
20150113 8 9 3
20150113 5 1 8
20150113 1 4 5
20150209 9 1 3
20150209 5 7 1
20150209 9 3 5
20150209 7 4 3
20150209 5 3 1
20150209 6 4 1
20150209 2 8 9
20150209 8 1 5
20150209 1 5 7
20150209 1 3 8
20150209 5 4 1
20150210 9 1 7
20150210 1 2 7
20150210 4 2 8
20150210 7 1 5
20150210 2 4 3
20150210 3 7 2
20150210 5 9 2
20150210 7 1 4
20150210 5 7 1
20150210 1 2 8
20150210 2 1 8
20150210 7 4 3
20150211 9 7 5
20150211 1 4 8
20150211 9 8 3
20150211 9 7 1
20150211 9 3 4
20150211 9 2 5
20150211 2 3 1
20150211 1 4 5
20150211 5 1 8
20150211 5 2 7
20150211 1 5 8
20150304 7 1 6
20150304 3 5 1
20150304 5 3 2
20150304 6 5 2
20150304 1 5 9
20150304 7 2 9
20150304 3 5 9
20150304 2 3 8
20150304 7 3 1
20150304 5 1 2
20150304 1 2 6
20150305 5 7 3
20150305 6 5 3
20150305 2 4 5
20150305 9 3 2
20150305 9 3 2
20150305 2 9 1
20150305 2 9 7
20150305 9 2 7
20150305 1 2 5
20150305 1 5 7
20150305 2 1 9
20150306 4 7 3
20150306 4 2 8
20150306 3 7 5
20150306 5 8 3
20150306 5 1 7
20150306 3 1 4
20150306 5 2 4
20150306 3 9 7
20150306 9 1 8
20150306 3 9 8
20150306 7 6 5
20150314 1 3 2
20150314 2 5 4
20150314 1 5 3
20150314 5 3 2
20150314 5 1 2
20150314 9 1 7
20150314 1 2 5
20150314 3 2 5
20150314 7 5 1
20150314 3 2 9
20150315 4 1 3
20150315 4 5 6
20150315 5 4 3
20150315 4 1 5
20150315 7 3 1
20150315 1 9 5
20150315 8 3 9
20150315 7 8 3
20150315 7 9 3
20150315 7 3 9
20150316 6 5 3
20150316 1 7 5
20150316 3 4 2
20150316 1 5 7
20150316 7 3 1
20150316 2 7 1
20150316 1 3 7
20150316 5 2 4
20150316 9 7 6
20150316 9 1 6
20150410 3 5 7
20150410 3 5 7
20150410 4 2 3
20150410 7 1 4
20150410 1 3 7
20150410 3 6 2
20150410 4 1 6
20150410 3 1 5
20150410 7 5 1
20150410 1 8 5
20150410 5 7 9
20150410 6 8 9
20150411 7 1 5
20150411 1 3 7
20150411 7 4 2
20150411 7 3 4
20150411 7 4 1
20150411 5 2 3
20150411 6 4 5
20150411 2 9 7
20150411 3 9 1
20150411 2 3 9
20150411 5 4 3
20150411 9 2 1
20150412 2 4 5
20150412 2 4 6
20150412 7 4 6
20150412 3 2 4
20150412 2 3 9
20150412 9 1 4
20150412 9 5 7
20150412 7 1 4
20150412 7 1 4
20150412 1 5 2
20150412 1 2 7
20150412 9 2 6
20150513 3 1 9
20150513 4 5 8
20150513 3 7 5
20150513 7 9 2
20150513 5 2 1
20150513 6 5 3
20150513 3 1 9
20150513 2 5 9
20150513 3 9 5
20150513 7 1 9
20150513 7 5 1
20150514 7 9 5
20150514 9 1 6
20150514 2 1 8
20150514 2 9 4
20150514 1 9 2
20150514 5 1 2
20150514 5 9 7
20150514 2 9 8
20150514 3 5 7
20150514 6 5 1
20150514 5 9 3
20150515 8 4 2
20150515 3 9 5
20150515 5 7 8
20150515 2 7 5
20150515 9 1 5
20150515 3 2 7
20150515 3 1 7
20150515 7 9 2
20150515 3 7 1
20150515 4 1 7
20150515 4 3 9
20150522 4 3 5
20150522 1 2 4
20150522 4 3 5
20150522 2 5 3
20150522 1 5 6
20150522 5 7 6
20150522 6 3 7
20150522 2 7 5
20150522 9 5 3
20150522 7 1 9
20150522 7 2 9
20150522 7 1 4
20150523 3 1 5
20150523 7 5 3
20150523 5 7 1
20150523 4 1 5
20150523 1 3 6
20150523 4 1 2
20150523 3 7 2
20150523 9 4 5
20150523 5 3 1
20150523 3 7 2
20150523 5 1 2
20150523 3 5 1
20150524 7 2 1
20150524 3 7 1
20150524 4 1 5
20150524 1 5 7
20150524 2 9 5
20150524 2 1 4
20150524 9 5 2
20150524 2 9 5
20150524 6 5 3
20150524 7 3 4
20150524 2 5 6
20150524 2 4 8
