20111210 2 5 8
20111210 3 9 5
20111210 3 7 9
20111210 4 3 1
20111210 7 2 1
20111210 9 4 2
20111210 3 4 9
20111210 4 9 1
20111210 1 4 6
20111210 5 1 7
20111210 5 1 7
20111210 9 1 6
20111211 3 1 9
20111211 7 2 3
20111211 1 7 2
20111211 9 1 3
20111211 3 7 9
20111211 3 9 4
20111211 3 4 5
20111211 2 5 1
20111211 2 5 9
20111211 1 9 5
20111211 1 4 9
20111211 7 4 2
20111212 9 3 7
20111212 9 3 5
20111212 3 6 2
20111212 6 2 7
20111212 1 9 3
20111212 9 3 4
20111212 9 7 4
20111212 2 1 6
20111212 1 7 3
20111212 9 1 5
20111212 5 1 9
20111212 3 9 2
20111219 5 1 2
20111219 9 6 3
20111219 7 2 3
20111219 1 9 7
20111219 5 9 1
20111219 2 9 8
20111219 3 2 7
20111219 3 1 2
20111219 2 3 9
20111219 2 9 4
20111219 7 1 4
20111219 7 2 5
20111220 1 7 3
20111220 7 9 1
20111220 1 3 7
20111220 2 7 3
20111220 1 2 3
20111220 3 7 2
20111220 9 2 3
20111220 9 2 8
20111220 3 4 7
20111220 6 7 3
20111220 3 2 9
20111220 6 4 2
20111221 1 9 7
20111221 7 2 4
20111221 3 9 2
20111221 7 3 5
20111221 3 1 6
20111221 1 3 7
20111221 1 7 3
20111221 7 2 5
20111221 9 1 3
20111221 5 2 1
20111221 1 2 8
20111221 5 7 1
20111225 2 7 5
20111225 5 2 1
20111225 7 1 2
20111225 3 9 1
20111225 5 1 3
20111225 9 1 5
20111225 1 7 2
20111225 6 1 9
20111225 3 5 1
20111225 5 2 4
20111225 4 5 6
20111225 9 2 3
20111226 3 9 4
20111226 7 4 3
20111226 1 2 9
20111226 3 9 4
20111226 3 4 9
20111226 5 2 9
20111226 3 7 1
20111226 7 9 3
20111226 4 2 3
20111226 7 3 4
20111226 9 1 2
20111226 1 5 4
20111227 2 3 1
20111227 3 9 4
20111227 3 7 9
20111227 2 5 3
20111227 5 1 6
20111227 3 9 1
20111227 3 2 5
20111227 4 2 9
20111227 2 5 3
20111227 7 2 3
20111227 2 1 7
20111227 8 2 5
20120101 9 7 5
20120101 7 5 2
20120101 7 2 6
20120101 9 2 5
20120101 7 1 9
20120101 1 8 3
20120101 2 5 9
20120101 5 2 9
20120101 3 4 1
20120101 2 7 1
20120101 7 1 4
20120101 2 7 6
20120101 5 3 8
20120102 5 7 3
20120102 5 3 7
20120102 4 5 6
20120102 2 7 1
20120102 3 9 1
20120102 9 3 7
20120102 1 7 3
20120102 5 9 8
20120102 4 1 3
20120102 1 5 9
20120102 2 4 1
20120102 1 3 9
20120103 7 1 9
20120103 1 9 4
20120103 1 9 2
20120103 2 5 1
20120103 2 7 5
20120103 3 1 4
20120103 2 8 9
20120103 7 8 4
20120103 2 9 7
20120103 1 2 6
20120103 2 9 3
20120103 1 7 9
20120131 2 4 3
20120131 4 2 5
20120131 2 7 1
20120131 3 2 5
20120131 1 5 3
20120131 1 5 2
20120131 9 5 1
20120131 7 2 9
20120131 8 1 3
20120131 3 6 7
20120131 9 1 5
20120201 5 3 1
20120201 7 4 1
20120201 5 3 6
20120201 1 4 2
20120201 1 4 5
20120201 1 3 4
20120201 2 4 9
20120201 9 5 1
20120201 2 9 1
20120201 1 5 7
20120201 5 6 1
20120201 9 7 3
20120202 7 1 2
20120202 1 5 4
20120202 3 5 7
20120202 4 6 1
20120202 3 4 1
20120202 1 9 5
20120202 5 1 9
20120202 4 9 3
20120202 2 5 4
20120202 1 7 2
20120202 2 7 5
20120205 2 4 3
20120205 2 5 1
20120205 5 2 1
20120205 2 5 1
20120205 4 3 6
20120205 3 7 6
20120205 7 2 5
20120205 5 3 1
20120205 5 3 1
20120205 7 4 1
20120205 9 5 1
20120205 5 7 9
20120206 7 1 2
20120206 3 1 7
20120206 4 2 6
20120206 1 7 3
20120206 1 7 5
20120206 2 9 8
20120206 9 1 5
20120206 3 7 5
20120206 3 7 4
20120206 4 3 5
20120206 7 1 3
20120207 4 5 7
20120207 2 3 1
20120207 7 2 5
20120207 2 7 4
20120207 1 3 4
20120207 9 3 6
20120207 5 1 8
20120207 5 3 2
20120207 2 3 5
20120207 3 5 1
20120207 8 2 1
20120225 7 3 5
20120225 9 7 3
20120225 8 5 9
20120225 2 5 8
20120225 3 1 7
20120225 3 1 9
20120225 2 5 7
20120225 1 2 8
20120225 5 2 7
20120225 3 5 4
20120225 2 5 9
20120225 1 4 5
20120226 2 6 9
20120226 9 2 1
20120226 1 4 3
20120226 5 9 7
20120226 3 2 5
20120226 3 9 4
20120226 3 9 1
20120226 7 4 8
20120226 3 2 9
20120226 8 3 9
20120226 5 2 7
20120226 4 2 7
20120227 4 3 1
20120227 4 5 2
20120227 5 2 3
20120227 9 1 4
20120227 5 1 2
20120227 8 9 6
20120227 1 9 5
20120227 3 6 8
20120227 1 5 9
20120227 2 6 7
20120227 9 3 8
20120227 9 1 4
20120328 7 1 4
20120328 3 4 7
20120328 2 7 4
20120328 4 1 7
20120328 5 1 3
20120328 7 3 9
20120328 1 9 2
20120328 9 3 5
20120328 3 9 7
20120328 1 5 9
20120328 3 4 5
20120329 2 7 6
20120329 5 2 3
20120329 2 4 1
20120329 3 4 2
20120329 2 3 5
20120329 3 9 1
20120329 7 2 8
20120329 2 9 5
20120329 1 3 9
20120329 1 9 5
20120329 2 1 4
20120330 7 4 3
20120330 1 4 3
20120330 5 2 4
20120330 5 4 2
20120330 3 5 2
20120330 2 9 1
20120330 7 9 2
20120330 1 9 5
20120330 4 2 8
20120330 1 9 5
20120330 3 7 5
20120409 9 1 3
20120409 7 3 1
20120409 9 5 3
20120409 1 5 7
20120409 1 7 3
20120409 2 5 8
20120409 1 9 3
20120409 7 4 9
20120409 3 7 1
20120409 1 7 3
20120409 1 5 2
20120409 2 7 6
20120410 3 9 1
20120410 5 4 8
20120410 2 7 1
20120410 1 5 7
20120410 8 1 5
20120410 1 9 3
20120410 3 1 2
20120410 3 2 1
20120410 7 1 4
20120410 7 6 5
20120410 5 7 2
20120410 5 1 4
20120410 7 9 5
20120411 7 8 5
20120411 2 1 9
20120411 4 2 9
20120411 1 3 7
20120411 1 3 7
20120411 1 7 8
20120411 4 7 8
20120411 2 3 4
20120411 2 5 4
20120411 2 5 8
20120411 2 3 5
20120411 3 4 5
20120411 1 5 9
20120415 5 1 6
20120415 7 1 5
20120415 2 1 5
20120415 2 7 5
20120415 4 1 6
20120415 2 1 7
20120415 3 7 4
20120415 2 5 7
20120415 2 9 7
20120415 9 2 7
20120415 7 5 4
20120415 8 2 3
20120416 5 2 6
20120416 5 7 1
20120416 3 6 4
20120416 2 5 1
20120416 5 1 7
20120416 5 3 7
20120416 2 6 5
20120416 8 1 9
20120416 5 1 2
20120416 1 3 6
20120416 9 4 7
20120417 4 3 7
20120417 4 7 2
20120417 5 1 6
20120417 1 5 6
20120417 5 1 7
20120417 2 5 3
20120417 8 5 9
20120417 5 2 7
20120417 5 3 1
20120417 1 7 2
20120417 5 1 9
20120504 3 5 2
20120504 2 4 1
20120504 1 2 4
20120504 7 3 6
20120504 4 1 3
20120504 1 9 5
20120504 1 2 8
20120504 3 7 5
20120504 7 9 1
20120504 5 9 3
20120504 9 4 2
20120505 5 1 3
20120505 2 1 5
20120505 1 6 3
20120505 5 4 2
20120505 4 1 2
20120505 3 6 9
20120505 4 9 1
20120505 2 3 9
20120505 1 5 9
20120505 5 3 4
20120505 3 5 1
20120506 5 3 1
20120506 5 2 7
20120506 5 3 1
20120506 3 5 2
20120506 4 1 2
20120506 3 7 5
20120506 5 3 9
20120506 1 7 4
20120506 1 7 5
20120506 4 9 3
20120506 1 7 9
20120506 2 7 3
20120514 2 7 1
20120514 3 5 7
20120514 7 2 1
20120514 2 1 4
20120514 1 3 7
20120514 2 7 3
20120514 9 5 7
20120514 3 5 1
20120514 5 3 9
20120514 7 1 4
20120514 9 5 6
20120515 3 2 7
20120515 7 3 2
20120515 4 5 3
20120515 5 2 7
20120515 7 1 2
20120515 3 9 2
20120515 3 9 1
20120515 9 1 2
20120515 5 7 8
20120515 3 7 2
20120515 4 2 9
20120516 4 2 5
20120516 4 3 1
20120516 7 3 4
20120516 4 7 1
20120516 5 4 2
20120516 1 4 2
20120516 2 4 3
20120516 1 7 9
20120516 3 7 2
20120516 1 5 7
20120516 3 5 2
20120605 5 7 2
20120605 7 3 2
20120605 1 5 2
20120605 7 5 1
20120605 5 2 7
20120605 3 9 1
20120605 9 2 4
20120605 5 3 9
20120605 7 9 1
20120605 7 9 5
20120605 5 1 3
20120605 1 2 3
20120606 4 2 3
20120606 1 7 3
20120606 2 7 3
20120606 3 2 1
20120606 4 2 3
20120606 7 2 4
20120606 2 6 7
20120606 7 8 2
20120606 2 9 4
20120606 2 3 1
20120606 1 4 5
20120607 2 1 7
20120607 5 6 4
20120607 7 4 3
20120607 5 1 2
20120607 1 5 4
20120607 3 2 9
20120607 5 1 7
20120607 1 7 4
20120607 1 2 7
20120607 9 3 2
20120607 5 4 2
20120709 1 7 4
20120709 7 5 3
20120709 2 7 9
20120709 7 3 9
20120709 7 2 3
20120709 3 1 6
20120709 9 5 7
20120709 7 3 1
20120709 9 2 8
20120709 1 5 4
20120709 1 3 4
20120709 1 3 9
20120710 2 7 3
20120710 5 3 1
20120710 5 7 9
20120710 2 7 5
20120710 9 4 3
20120710 2 7 5
20120710 4 5 1
20120710 2 5 4
20120710 3 9 6
20120710 9 1 3
20120710 3 5 1
20120711 7 3 2
20120711 1 6 3
20120711 4 1 5
20120711 1 5 8
20120711 9 8 1
20120711 2 9 6
20120711 6 7 3
20120711 2 4 7
20120711 2 7 5
20120711 7 5 3
20120711 1 3 2
20120725 5 6 2
20120725 2 3 1
20120725 3 4 1
20120725 7 2 4
20120725 1 7 3
20120725 1 5 9
20120725 7 9 2
20120725 3 7 5
20120725 5 3 1
20120725 2 9 3
20120725 2 4 9
20120726 2 4 1
20120726 3 5 7
20120726 5 3 7
20120726 3 2 4
20120726 3 5 7
20120726 4 5 3
20120726 3 7 5
20120726 2 3 5
20120726 6 1 2
20120726 7 3 8
20120726 1 9 6
20120727 1 7 2
20120727 3 7 6
20120727 3 7 6
20120727 4 1 2
20120727 1 5 4
20120727 1 9 2
20120727 3 7 9
20120727 1 3 9
20120727 9 7 1
20120727 2 9 8
20120727 1 2 9
20120813 1 2 9
20120813 5 7 2
20120813 3 5 4
20120813 9 1 7
20120813 5 7 3
20120813 9 4 5
20120813 4 2 3
20120813 1 7 4
20120813 5 7 1
20120813 5 9 3
20120813 7 9 2
20120814 4 1 8
20120814 3 2 8
20120814 7 8 9
20120814 2 4 1
20120814 2 9 3
20120814 1 7 9
20120814 5 9 8
20120814 2 7 9
20120814 2 4 5
20120814 3 1 8
20120814 2 7 9
20120815 3 7 2
20120815 4 9 2
20120815 7 9 3
20120815 2 1 9
20120815 1 9 4
20120815 1 7 3
20120815 4 9 2
20120815 1 2 5
20120815 5 3 1
20120815 7 3 5
20120815 9 2 8
20120924 1 2 4
20120924 5 1 3
20120924 3 4 5
20120924 4 5 7
20120924 5 7 2
20120924 9 2 3
20120924 2 5 1
20120924 2 9 3
20120924 6 1 4
20120924 1 2 7
20120924 9 7 1
20120925 2 1 7
20120925 7 5 2
20120925 4 7 1
20120925 5 3 4
20120925 3 1 5
20120925 3 2 7
20120925 2 7 5
20120925 7 5 3
20120925 3 5 7
20120925 7 3 9
20120925 9 4 1
20120926 7 4 2
20120926 2 3 5
20120926 2 5 3
20120926 1 7 3
20120926 2 6 7
20120926 3 5 1
20120926 9 5 2
20120926 1 3 2
20120926 1 9 2
20120926 1 3 9
20120926 1 3 2
20120926 1 7 5
20121001 1 4 7
20121001 2 3 5
20121001 4 3 5
20121001 4 1 5
20121001 5 7 4
20121001 1 3 5
20121001 5 1 9
20121001 8 3 9
20121001 8 9 3
20121001 8 7 5
20121001 1 3 6
20121001 9 1 4
20121002 5 7 1
20121002 5 1 4
20121002 4 2 7
20121002 2 7 4
20121002 5 3 4
20121002 1 5 8
20121002 1 3 2
20121002 7 5 4
20121002 3 8 1
20121002 3 9 4
20121002 5 1 9
20121003 5 2 1
20121003 1 2 5
20121003 5 3 7
20121003 5 2 6
20121003 6 1 5
20121003 2 5 7
20121003 2 5 7
20121003 5 3 8
20121003 9 5 7
20121003 5 1 3
20121003 5 6 8
20121006 2 9 7
20121006 2 8 9
20121006 9 7 1
20121006 9 2 7
20121006 8 9 4
20121006 4 1 3
20121006 1 8 2
20121006 5 9 8
20121006 9 5 1
20121006 5 8 2
20121006 8 6 1
20121007 1 3 2
20121007 7 8 3
20121007 7 1 4
20121007 5 2 8
20121007 7 1 6
20121007 5 7 4
20121007 2 9 5
20121007 2 8 1
20121007 4 9 1
20121007 7 1 3
20121007 5 1 9
20121008 2 9 7
20121008 5 2 1
20121008 9 5 2
20121008 2 1 5
20121008 9 5 2
20121008 5 9 3
20121008 3 2 7
20121008 2 9 7
20121008 2 3 7
20121008 2 9 5
20121008 1 5 4
20121009 1 5 2
20121009 7 3 9
20121009 1 4 6
20121009 1 7 4
20121009 9 1 2
20121009 1 7 9
20121009 1 7 6
20121009 9 5 3
20121009 5 9 7
20121009 3 4 9
20121009 2 9 1
20121121 2 3 7
20121121 1 3 5
20121121 7 9 3
20121121 7 5 1
20121121 1 9 7
20121121 7 5 8
20121121 3 5 7
20121121 3 7 9
20121121 1 3 2
20121121 1 3 4
20121121 4 5 3
20121121 6 2 4
20121122 2 7 3
20121122 5 1 9
20121122 7 8 3
20121122 3 7 1
20121122 1 3 9
20121122 5 9 4
20121122 5 3 1
20121122 5 9 1
20121122 2 1 3
20121122 5 3 2
20121122 1 5 3
20121123 2 3 7
20121123 3 7 1
20121123 3 1 7
20121123 9 3 4
20121123 8 2 5
20121123 3 9 6
20121123 5 1 4
20121123 9 1 3
20121123 5 8 4
20121123 5 8 7
20121123 2 7 3
20121123 2 6 5
20121213 7 1 4
20121213 1 2 4
20121213 3 5 4
20121213 4 1 2
20121213 1 5 6
20121213 9 1 7
20121213 3 7 1
20121213 2 5 8
20121213 7 1 2
20121213 7 5 1
20121213 7 5 4
20121214 4 3 5
20121214 5 4 3
20121214 2 3 7
20121214 3 5 1
20121214 1 5 7
20121214 9 3 7
20121214 7 8 2
20121214 5 1 9
20121214 5 1 2
20121214 3 9 1
20121214 1 5 9
20121215 3 6 1
20121215 3 4 2
20121215 3 1 2
20121215 4 1 7
20121215 4 2 1
20121215 3 9 5
20121215 8 1 3
20121215 7 2 9
20121215 9 2 7
20121215 1 5 9
20121215 7 2 4
20121230 7 1 4
20121230 1 7 4
20121230 3 1 5
20121230 2 4 7
20121230 5 1 7
20121230 1 7 5
20121230 5 2 8
20121230 7 5 1
20121230 9 3 1
20121230 7 9 8
20121230 2 8 5
20121231 5 4 1
20121231 1 3 4
20121231 5 2 3
20121231 7 2 3
20121231 1 2 4
20121231 2 1 7
20121231 1 7 3
20121231 9 6 3
20121231 3 2 9
20121231 4 2 3
20121231 1 5 2
20130101 4 5 6
20130101 5 2 3
20130101 1 3 7
20130101 7 2 5
20130101 4 5 3
20130101 4 5 3
20130101 6 5 9
20130101 7 3 8
20130101 7 5 2
20130101 2 5 3
20130101 1 3 9
20130102 7 8 5
20130102 5 3 2
20130102 2 9 5
20130102 7 3 5
20130102 1 3 7
20130102 2 7 8
20130102 6 5 2
20130102 7 4 8
20130102 1 9 5
20130102 7 3 8
20130102 9 3 2
20130103 4 6 8
20130103 8 2 3
20130103 8 2 7
20130103 2 8 7
20130103 7 1 3
20130103 1 5 8
20130103 2 3 8
20130103 7 1 8
20130103 9 4 7
20130103 4 5 3
20130103 4 5 6
20130103 1 7 9
20130103 5 9 1
20130104 1 3 7
20130104 1 6 4
20130104 3 4 2
20130104 1 5 9
20130104 5 3 2
20130104 1 3 9
20130104 1 9 2
20130104 5 3 2
20130104 1 3 5
20130104 7 2 4
20130104 7 4 2
20130104 2 4 1
20130117 1 5 3
20130117 5 4 7
20130117 7 3 1
20130117 3 5 2
20130117 5 2 7
20130117 7 1 3
20130117 9 3 7
20130117 7 5 6
20130117 1 3 9
20130117 5 9 6
20130117 8 2 5
20130118 5 7 3
20130118 5 3 1
20130118 4 3 7
20130118 2 1 4
20130118 2 3 5
20130118 3 2 5
20130118 1 9 4
20130118 7 4 3
20130118 7 1 2
20130118 2 5 7
20130118 5 9 1
20130119 7 5 1
20130119 1 6 4
20130119 4 2 1
20130119 1 6 2
20130119 7 1 2
20130119 2 3 8
20130119 9 6 3
20130119 4 7 1
20130119 5 3 1
20130119 1 8 7
20130119 6 1 7
20130202 6 2 7
20130202 3 7 4
20130202 2 1 4
20130202 2 5 7
20130202 2 7 4
20130202 3 5 1
20130202 6 2 1
20130202 3 5 2
20130202 8 7 1
20130202 3 5 9
20130202 5 1 2
20130202 7 9 6
20130203 5 7 3
20130203 7 3 2
20130203 1 7 2
20130203 1 2 6
20130203 1 3 5
20130203 6 4 1
20130203 5 3 4
20130203 6 2 9
20130203 9 3 2
20130203 1 5 9
20130203 3 8 4
20130203 5 3 1
20130204 3 1 4
20130204 5 3 1
20130204 7 4 2
20130204 3 7 5
20130204 3 2 7
20130204 6 7 1
20130204 3 2 5
20130204 9 2 5
20130204 7 5 2
20130204 3 5 9
20130204 1 5 7
20130204 4 7 2
20130220 4 7 1
20130220 5 3 7
20130220 3 5 9
20130220 4 3 9
20130220 7 4 1
20130220 2 5 3
20130220 1 4 7
20130220 7 5 1
20130220 1 7 9
20130220 7 5 4
20130220 9 6 8
20130221 3 5 2
20130221 5 2 7
20130221 3 5 2
20130221 1 8 5
20130221 1 8 9
20130221 3 9 7
20130221 5 1 2
20130221 1 6 7
20130221 1 3 4
20130221 5 3 9
20130221 5 2 3
20130222 3 1 8
20130222 7 2 9
20130222 9 3 6
20130222 3 9 4
20130222 8 1 7
20130222 3 7 5
20130222 3 1 4
20130222 5 6 7
20130222 5 9 2
20130222 3 9 7
20130222 2 8 5
20130329 2 3 4
20130329 5 1 2
20130329 9 7 2
20130329 7 3 1
20130329 1 5 7
20130329 4 9 1
20130329 9 7 5
20130329 1 2 9
20130329 1 9 2
20130329 5 1 3
20130329 1 7 4
20130329 2 3 5
20130330 1 2 7
20130330 4 7 5
20130330 7 3 9
20130330 2 3 1
20130330 7 4 3
20130330 1 5 6
20130330 2 7 9
20130330 9 5 2
20130330 1 9 6
20130330 5 3 8
20130330 5 1 9
20130331 9 4 3
20130331 5 1 9
20130331 3 9 1
20130331 1 2 9
20130331 2 8 3
20130331 2 4 1
20130331 7 3 5
20130331 7 5 1
20130331 5 2 9
20130331 2 7 9
20130331 4 1 2
20130401 3 5 1
20130401 9 1 7
20130401 2 9 3
20130401 7 5 2
20130401 5 8 1
20130401 8 7 4
20130401 7 5 9
20130401 1 2 9
20130401 3 1 9
20130401 7 1 4
20130401 5 1 9
20130402 5 2 4
20130402 3 9 1
20130402 2 8 4
20130402 1 7 9
20130402 9 4 3
20130402 5 1 2
20130402 1 4 9
20130402 2 5 9
20130402 2 5 9
20130402 2 7 9
20130402 1 2 4
20130403 3 2 5
20130403 5 1 7
20130403 1 8 9
20130403 5 1 2
20130403 5 9 6
20130403 7 5 1
20130403 8 4 1
20130403 2 4 8
20130403 1 2 4
20130403 3 7 2
20130403 3 1 4
20130416 3 1 2
20130416 7 2 3
20130416 4 3 2
20130416 4 5 3
20130416 2 4 7
20130416 7 4 2
20130416 2 1 8
20130416 7 1 3
20130416 3 7 8
20130416 2 8 3
20130417 5 4 1
20130417 3 7 1
20130417 7 5 1
20130417 2 5 1
20130417 4 2 7
20130417 3 5 6
20130417 5 1 8
20130417 5 8 1
20130417 7 8 3
20130417 9 2 8
20130417 1 5 9
20130418 3 4 1
20130418 1 7 2
20130418 7 3 2
20130418 7 2 4
20130418 5 1 9
20130418 9 5 6
20130418 3 4 2
20130418 2 7 9
20130418 1 3 9
20130418 3 6 2
20130503 1 4 5
20130503 2 7 1
20130503 3 2 5
20130503 4 3 1
20130503 5 1 2
20130503 9 2 5
20130503 4 2 3
20130503 5 2 9
20130503 9 1 3
20130503 4 7 1
20130504 1 5 2
20130504 2 4 6
20130504 2 6 4
20130504 3 1 2
20130504 7 1 4
20130504 4 2 3
20130504 2 1 6
20130504 7 4 8
20130504 2 9 8
20130504 1 3 7
20130504 4 3 1
20130505 3 7 4
20130505 3 5 4
20130505 2 5 3
20130505 2 1 5
20130505 1 5 9
20130505 4 9 7
20130505 1 3 2
20130505 2 6 3
20130505 3 7 1
20130505 3 2 1
20130518 2 1 3
20130518 9 1 3
20130518 1 3 9
20130518 4 2 6
20130518 1 4 9
20130518 1 6 7
20130518 9 2 7
20130518 8 2 1
20130518 3 9 7
20130518 4 6 8
20130518 7 2 5
20130519 2 4 8
20130519 3 6 2
20130519 5 3 1
20130519 7 8 9
20130519 4 2 9
20130519 3 2 8
20130519 2 1 8
20130519 1 5 9
20130519 9 2 3
20130519 9 1 7
20130519 3 7 5
20130613 9 3 5
20130613 7 1 4
20130613 2 9 5
20130613 1 9 7
20130613 1 3 6
20130613 7 9 2
20130613 5 1 4
20130613 5 2 6
20130613 3 7 1
20130613 3 9 2
20130613 2 9 4
20130613 9 5 7
20130614 9 7 2
20130614 7 2 9
20130614 7 2 4
20130614 7 2 9
20130614 1 2 4
20130614 3 5 2
20130614 5 9 6
20130614 1 2 9
20130614 8 2 3
20130614 7 9 4
20130614 1 5 2
20130614 7 6 5
20130615 3 1 7
20130615 3 2 9
20130615 9 2 6
20130615 8 7 4
20130615 5 3 8
20130615 5 7 6
20130615 3 1 4
20130615 4 6 2
20130615 5 6 3
20130615 7 1 2
20130615 5 1 4
20130615 2 9 6
20130616 2 1 5
20130616 7 8 3
20130616 4 6 9
20130616 4 5 1
20130616 5 9 2
20130616 9 5 2
20130616 3 6 4
20130616 9 1 5
20130616 6 4 5
20130616 3 7 4
20130616 4 5 6
20130616 2 9 7
20130718 2 7 5
20130718 7 1 4
20130718 1 4 6
20130718 5 7 3
20130718 5 1 4
20130718 6 7 5
20130718 1 5 6
20130718 2 5 3
20130718 2 4 7
20130718 9 1 7
20130718 5 1 7
20130718 3 1 8
20130719 5 1 2
20130719 3 2 7
20130719 5 1 2
20130719 3 7 4
20130719 5 3 4
20130719 3 4 2
20130719 2 5 6
20130719 7 1 2
20130719 5 8 2
20130719 9 2 1
20130719 5 1 3
20130719 3 9 8
20130720 1 3 5
20130720 1 7 4
20130720 4 3 6
20130720 7 5 1
20130720 1 7 3
20130720 3 5 2
20130720 9 8 1
20130720 1 7 4
20130720 5 2 1
20130720 7 1 4
20130720 4 6 2
20130720 9 4 1
20130723 1 3 7
20130723 4 5 3
20130723 7 3 5
20130723 3 2 1
20130723 1 4 2
20130723 3 7 6
20130723 9 1 7
20130723 5 6 3
20130723 3 9 8
20130723 7 9 4
20130724 3 7 6
20130724 3 4 1
20130724 7 3 6
20130724 4 5 2
20130724 1 6 4
20130724 2 5 7
20130724 9 1 5
20130724 2 3 7
20130724 5 3 1
20130724 9 1 7
20130725 4 5 1
20130725 7 3 4
20130725 2 5 3
20130725 7 1 5
20130725 1 6 5
20130725 1 3 2
20130725 3 7 2
20130725 5 1 3
20130725 7 3 2
20130725 3 4 7
20130729 7 3 9
20130729 5 3 1
20130729 9 3 5
20130729 3 2 7
20130729 5 1 4
20130729 2 8 4
20130729 9 5 1
20130729 2 3 9
20130729 4 7 2
20130729 5 1 6
20130729 2 7 8
20130730 7 5 8
20130730 2 3 7
20130730 1 8 4
20130730 2 3 7
20130730 9 4 8
20130730 9 3 1
20130730 9 6 8
20130730 3 9 8
20130730 6 4 8
20130730 3 9 1
20130730 9 2 4
20130731 2 9 4
20130731 8 5 7
20130731 5 1 7
20130731 7 1 4
20130731 2 5 6
20130731 7 6 1
20130731 9 4 5
20130731 7 9 3
20130731 3 5 2
20130731 4 1 9
20130731 9 3 2
20130904 7 5 2
20130904 2 9 7
20130904 9 1 4
20130904 5 3 9
20130904 5 1 7
20130904 3 1 8
20130904 7 3 6
20130904 2 9 7
20130904 2 3 5
20130904 1 5 3
20130904 2 7 1
20130905 7 4 1
20130905 7 2 9
20130905 2 5 9
20130905 9 2 3
20130905 9 5 2
20130905 7 1 2
20130905 5 2 1
20130905 5 2 9
20130905 6 2 9
20130905 9 2 1
20130905 5 1 8
20130906 3 4 1
20130906 7 2 5
20130906 1 7 3
20130906 5 1 2
20130906 9 1 6
20130906 3 5 7
20130906 3 5 2
20130906 3 9 6
20130906 3 4 5
20130906 9 4 3
20130906 1 6 7
20130925 2 7 1
20130925 7 3 2
20130925 1 2 7
20130925 4 1 7
20130925 7 2 1
20130925 7 3 9
20130925 1 7 9
20130925 7 2 9
20130925 7 5 3
20130925 8 2 7
20130926 4 2 7
20130926 5 1 4
20130926 7 5 4
20130926 1 3 7
20130926 1 5 2
20130926 9 7 3
20130926 7 3 2
20130926 7 1 8
20130926 5 1 3
20130926 9 2 3
20130927 1 4 2
20130927 1 7 4
20130927 3 5 6
20130927 3 7 5
20130927 5 9 6
20130927 4 6 7
20130927 4 7 2
20130927 9 2 1
20130927 5 3 7
20130927 7 2 1
20131009 5 3 2
20131009 3 5 2
20131009 3 5 4
20131009 5 7 1
20131009 7 9 1
20131009 8 1 4
20131009 2 1 8
20131009 1 9 4
20131009 3 5 8
20131009 4 7 1
20131009 5 2 6
20131010 5 3 8
20131010 5 2 1
20131010 1 3 8
20131010 1 4 5
20131010 2 9 5
20131010 1 6 9
20131010 5 2 8
20131010 5 6 1
20131010 6 5 1
20131010 2 1 9
20131010 1 5 2
20131011 5 2 4
20131011 5 1 7
20131011 5 2 8
20131011 1 3 7
20131011 1 5 7
20131011 2 5 4
20131011 7 3 6
20131011 1 5 2
20131011 9 2 3
20131011 2 9 6
20131011 7 1 9
20131024 5 3 7
20131024 2 3 7
20131024 3 5 7
20131024 4 5 1
20131024 1 3 5
20131024 7 8 2
20131024 1 9 2
20131024 2 5 9
20131024 5 1 7
20131024 9 7 4
20131025 5 2 7
20131025 4 1 5
20131025 3 1 4
20131025 7 2 4
20131025 1 4 6
20131025 8 3 5
20131025 2 9 3
20131025 3 2 9
20131025 9 3 2
20131025 1 5 2
20131026 1 2 7
20131026 3 2 7
20131026 5 2 7
20131026 7 1 5
20131026 7 2 9
20131026 7 8 1
20131026 4 5 3
20131026 9 2 3
20131026 2 3 1
20131026 7 8 5
20131125 1 4 3
20131125 5 6 1
20131125 4 1 7
20131125 2 4 5
20131125 1 2 7
20131125 5 1 9
20131125 3 5 1
20131125 5 3 1
20131125 7 3 8
20131125 1 5 7
20131125 7 1 5
20131126 7 1 2
20131126 2 4 5
20131126 5 3 2
20131126 7 1 5
20131126 2 4 1
20131126 5 7 9
20131126 3 9 1
20131126 8 2 5
20131126 1 8 5
20131126 7 1 3
20131127 3 4 2
20131127 4 5 3
20131127 6 7 3
20131127 4 7 1
20131127 3 9 7
20131127 4 1 7
20131127 1 5 6
20131127 3 9 7
20131127 4 1 7
20131127 3 8 1
20131212 5 2 6
20131212 5 4 3
20131212 1 4 5
20131212 7 1 4
20131212 3 4 5
20131212 6 4 5
20131212 1 2 3
20131212 9 1 7
20131212 7 4 9
20131212 7 9 3
20131212 4 9 1
20131212 2 7 3
20131213 1 3 5
20131213 5 1 3
20131213 7 2 1
20131213 3 1 5
20131213 4 1 2
20131213 2 3 1
20131213 4 1 3
20131213 9 3 1
20131213 5 7 9
20131213 9 7 2
20131213 5 7 8
20131213 3 9 7
20131214 4 7 3
20131214 5 1 4
20131214 7 4 1
20131214 1 2 6
20131214 1 2 3
20131214 8 7 2
20131214 9 6 5
20131214 5 1 7
20131214 1 5 7
20131214 5 3 2
20131214 1 2 7
20131214 1 3 6
20131217 2 5 1
20131217 3 5 6
20131217 9 5 1
20131217 5 9 3
20131217 5 9 3
20131217 5 7 2
20131217 5 3 9
20131217 5 1 2
20131217 7 3 8
20131217 1 4 7
20131217 2 3 7
20131218 1 3 9
20131218 2 3 7
20131218 3 2 7
20131218 4 9 3
20131218 7 9 3
20131218 2 7 1
20131218 7 1 9
20131218 3 4 2
20131218 1 9 5
20131218 2 7 9
20131218 5 2 4
20131219 2 7 1
20131219 2 9 5
20131219 2 5 9
20131219 3 7 4
20131219 9 1 5
20131219 1 7 2
20131219 9 2 7
20131219 2 5 3
20131219 7 8 6
20131219 9 2 5
20131219 1 9 8
20140101 9 1 4
20140101 9 2 7
20140101 5 9 1
20140101 2 7 1
20140101 3 2 7
20140101 4 5 8
20140101 2 4 3
20140101 3 9 1
20140101 3 9 1
20140101 1 2 6
20140101 2 7 9
20140102 7 2 6
20140102 1 7 5
20140102 9 4 1
20140102 9 7 2
20140102 3 7 2
20140102 2 7 1
20140102 2 5 1
20140102 3 6 1
20140102 1 9 7
20140102 3 5 7
20140102 4 5 8
20140103 2 1 9
20140103 4 6 5
20140103 3 9 5
20140103 8 4 1
20140103 5 3 7
20140103 4 3 5
20140103 2 8 1
20140103 2 6 1
20140103 2 8 9
20140103 1 3 7
20140103 1 5 9
20140104 2 5 1
20140104 1 5 3
20140104 4 3 2
20140104 4 7 1
20140104 7 3 2
20140104 4 2 1
20140104 6 5 4
20140104 3 5 7
20140104 7 3 9
20140104 2 6 8
20140104 9 1 2
20140104 7 9 4
20140105 5 2 7
20140105 3 6 1
20140105 3 6 7
20140105 5 2 7
20140105 7 2 4
20140105 1 5 2
20140105 5 6 2
20140105 3 4 1
20140105 8 2 5
20140105 5 4 1
20140105 5 1 6
20140105 7 3 5
20140105 9 5 1
20140106 7 3 2
20140106 1 5 7
20140106 7 5 6
20140106 1 6 3
20140106 9 1 7
20140106 3 5 2
20140106 4 3 5
20140106 3 1 8
20140106 3 1 5
20140106 2 4 7
20140106 5 4 3
20140106 3 2 7
20140128 3 5 2
20140128 6 2 5
20140128 5 2 1
20140128 7 1 4
20140128 1 4 6
20140128 3 5 7
20140128 9 2 1
20140128 9 3 7
20140128 2 8 7
20140128 7 4 5
20140129 4 7 1
20140129 5 2 1
20140129 4 7 5
20140129 4 5 3
20140129 3 5 1
20140129 7 2 1
20140129 4 7 2
20140129 2 4 7
20140129 2 4 9
20140129 5 6 7
20140129 3 4 5
20140130 3 2 5
20140130 5 1 7
20140130 3 2 7
20140130 5 7 3
20140130 5 3 6
20140130 1 7 9
20140130 3 5 1
20140130 1 7 5
20140130 3 7 1
20140130 1 2 4
20140325 5 6 4
20140325 2 5 7
20140325 3 7 2
20140325 9 7 5
20140325 1 7 4
20140325 7 6 8
20140325 3 5 2
20140325 5 3 4
20140325 2 5 1
20140325 1 6 5
20140325 5 7 9
20140326 3 9 1
20140326 9 7 3
20140326 2 9 3
20140326 3 7 2
20140326 5 3 8
20140326 1 5 8
20140326 2 8 4
20140326 6 3 1
20140326 7 4 3
20140326 1 5 2
20140326 9 1 7
20140327 7 1 9
20140327 8 1 2
20140327 3 1 5
20140327 5 3 6
20140327 2 9 1
20140327 3 8 5
20140327 5 1 4
20140327 4 5 3
20140327 2 8 1
20140327 3 7 8
20140327 7 3 1
20140329 3 5 1
20140329 1 5 4
20140329 5 2 7
20140329 2 3 5
20140329 4 7 2
20140329 3 7 8
20140329 1 9 3
20140329 1 3 7
20140329 5 2 1
20140329 5 1 8
20140330 1 3 4
20140330 3 2 7
20140330 4 3 2
20140330 7 1 2
20140330 5 1 4
20140330 6 5 7
20140330 3 4 8
20140330 6 9 3
20140330 2 8 4
20140330 7 5 1
20140331 6 5 1
20140331 3 7 4
20140331 5 4 7
20140331 5 7 4
20140331 4 2 8
20140331 3 7 5
20140331 7 1 5
20140331 7 2 4
20140331 9 1 4
20140331 6 9 2
20140401 7 3 5
20140401 2 7 3
20140401 2 1 5
20140401 5 7 4
20140401 9 3 2
20140401 9 1 4
20140401 9 1 2
20140401 9 2 1
20140401 9 3 1
20140401 1 6 9
20140401 2 7 9
20140401 4 7 2
20140402 5 9 1
20140402 1 7 9
20140402 3 1 9
20140402 5 3 2
20140402 5 1 7
20140402 2 5 3
20140402 5 1 4
20140402 2 7 8
20140402 9 1 5
20140402 3 2 5
20140402 1 7 2
20140403 9 7 2
20140403 5 2 9
20140403 5 2 6
20140403 9 4 1
20140403 7 6 8
20140403 4 8 5
20140403 5 9 3
20140403 9 8 5
20140403 6 5 8
20140403 1 9 3
20140403 1 5 9
20140516 4 3 5
20140516 7 3 1
20140516 4 7 3
20140516 5 1 3
20140516 7 3 4
20140516 6 3 2
20140516 3 4 5
20140516 1 6 3
20140516 2 7 4
20140516 9 2 3
20140516 1 9 2
20140516 2 3 5
20140517 1 3 7
20140517 4 5 2
20140517 5 2 1
20140517 3 1 5
20140517 1 5 2
20140517 5 7 1
20140517 6 2 3
20140517 1 7 4
20140517 7 5 1
20140517 9 7 1
20140517 4 3 1
20140517 7 1 5
20140518 3 7 6
20140518 7 3 2
20140518 1 4 7
20140518 1 7 6
20140518 5 2 7
20140518 5 1 3
20140518 3 4 7
20140518 4 9 8
20140518 7 4 5
20140518 1 5 6
20140518 7 5 3
20140518 9 4 1
20140531 1 4 3
20140531 4 2 5
20140531 2 4 7
20140531 3 5 1
20140531 1 5 4
20140531 7 3 8
20140531 2 7 4
20140531 3 5 9
20140531 9 5 3
20140531 9 2 3
20140601 7 4 1
20140601 3 7 6
20140601 2 7 1
20140601 4 7 3
20140601 7 1 2
20140601 3 1 9
20140601 5 3 8
20140601 4 1 3
20140601 5 9 3
20140601 1 5 9
20140602 1 4 5
20140602 4 5 2
20140602 5 4 1
20140602 7 3 5
20140602 3 7 2
20140602 7 1 9
20140602 7 1 3
20140602 9 1 2
20140602 5 9 3
20140602 7 9 3
20140630 4 7 3
20140630 2 7 1
20140630 3 4 1
20140630 3 1 5
20140630 1 5 7
20140630 2 3 5
20140630 9 5 3
20140630 9 2 4
20140630 5 7 1
20140630 3 4 5
20140701 6 3 2
20140701 7 3 1
20140701 7 6 1
20140701 4 1 2
20140701 5 2 3
20140701 5 7 3
20140701 2 4 3
20140701 9 6 8
20140701 7 9 2
20140701 5 1 7
20140702 1 4 3
20140702 7 2 3
20140702 3 5 4
20140702 1 5 7
20140702 7 9 5
20140702 4 3 5
20140702 3 1 7
20140702 1 7 2
20140702 8 2 5
20140702 1 7 9
20140723 9 2 1
20140723 9 3 4
20140723 5 1 4
20140723 7 5 2
20140723 3 5 1
20140723 3 1 2
20140723 5 3 7
20140723 3 2 9
20140723 7 5 1
20140723 3 5 8
20140723 4 3 9
20140724 4 1 9
20140724 5 3 4
20140724 6 4 1
20140724 9 2 8
20140724 1 7 3
20140724 7 1 5
20140724 9 3 7
20140724 9 3 1
20140724 5 2 9
20140724 1 2 4
20140724 2 3 4
20140725 7 3 1
20140725 4 9 7
20140725 2 6 8
20140725 9 2 5
20140725 1 3 4
20140725 3 1 4
20140725 2 8 4
20140725 1 5 8
20140725 2 3 1
20140725 7 5 1
20140725 5 2 7
20140725 7 2 4
20140811 5 9 6
20140811 2 8 6
20140811 1 9 7
20140811 7 9 5
20140811 3 9 2
20140811 1 4 7
20140811 5 9 7
20140811 9 1 3
20140811 2 1 9
20140811 2 7 8
20140811 8 5 1
20140812 2 9 4
20140812 1 7 2
20140812 6 2 1
20140812 8 1 4
20140812 1 6 5
20140812 1 5 6
20140812 3 6 8
20140812 2 9 3
20140812 8 2 3
20140812 1 3 2
20140812 2 3 5
20140813 9 8 7
20140813 1 8 9
20140813 1 9 4
20140813 9 4 2
20140813 2 8 9
20140813 2 8 5
20140813 1 5 8
20140813 7 2 9
20140813 2 3 8
20140813 1 5 7
20140813 4 1 2
20140818 5 3 2
20140818 4 3 1
20140818 3 1 2
20140818 4 1 6
20140818 5 3 4
20140818 5 7 1
20140818 9 2 1
20140818 1 2 3
20140818 5 3 1
20140818 2 9 7
20140819 3 7 1
20140819 3 7 4
20140819 5 1 3
20140819 5 2 1
20140819 1 7 3
20140819 9 8 5
20140819 1 5 6
20140819 5 1 7
20140819 3 9 2
20140819 7 1 4
20140820 7 2 4
20140820 2 1 7
20140820 2 4 3
20140820 1 4 3
20140820 3 1 4
20140820 3 8 2
20140820 2 7 3
20140820 5 2 3
20140820 1 3 5
20140820 5 7 6
20140823 5 3 6
20140823 4 2 5
20140823 2 5 7
20140823 2 1 4
20140823 7 5 1
20140823 2 7 5
20140823 1 5 8
20140823 1 5 4
20140823 5 2 7
20140823 5 3 8
20140824 3 2 4
20140824 7 2 4
20140824 7 4 5
20140824 1 4 2
20140824 5 4 2
20140824 5 3 2
20140824 5 8 7
20140824 3 9 2
20140824 9 2 5
20140824 7 5 1
20140825 4 3 5
20140825 5 1 7
20140825 2 3 7
20140825 2 4 3
20140825 2 6 5
20140825 4 2 7
20140825 4 2 7
20140825 9 2 1
20140825 3 9 1
20140825 9 1 4
20140901 7 1 5
20140901 9 5 8
20140901 2 8 5
20140901 3 7 5
20140901 7 1 5
20140901 2 3 8
20140901 2 3 9
20140901 7 5 2
20140901 2 3 9
20140901 5 1 3
20140901 1 5 7
20140902 3 9 5
20140902 2 5 8
20140902 5 3 2
20140902 7 4 1
20140902 7 3 9
20140902 8 5 4
20140902 3 7 8
20140902 7 9 1
20140902 5 1 4
20140902 2 3 1
20140902 5 7 9
20140903 5 9 2
20140903 1 4 9
20140903 9 2 4
20140903 9 5 7
20140903 1 5 7
20140903 3 5 9
20140903 7 1 8
20140903 1 6 5
20140903 3 6 7
20140903 9 2 5
20140903 4 9 1
20141022 9 3 5
20141022 1 7 2
20141022 3 2 1
20141022 5 2 7
20141022 7 1 5
20141022 9 1 4
20141022 3 1 7
20141022 5 3 1
20141022 1 3 5
20141022 1 8 3
20141022 3 9 1
20141023 6 5 9
20141023 3 9 1
20141023 3 5 8
20141023 4 6 7
20141023 1 5 3
20141023 7 1 9
20141023 2 1 9
20141023 7 9 1
20141023 3 2 7
20141023 9 1 7
20141023 1 7 2
20141024 7 1 8
20141024 6 4 5
20141024 3 5 1
20141024 1 7 5
20141024 1 9 4
20141024 2 8 4
20141024 1 7 2
20141024 7 1 2
20141024 9 4 2
20141024 3 5 1
20141024 9 5 4
20141024 2 1 8
20141107 7 5 2
20141107 4 2 3
20141107 3 7 6
20141107 1 7 4
20141107 4 1 5
20141107 1 7 5
20141107 9 2 5
20141107 2 7 8
20141107 7 1 8
20141107 2 4 1
20141108 4 3 5
20141108 5 4 1
20141108 4 7 3
20141108 7 3 2
20141108 4 5 3
20141108 1 6 5
20141108 3 9 6
20141108 7 6 5
20141108 7 1 2
20141108 5 2 9
20141109 5 1 4
20141109 2 4 3
20141109 3 5 2
20141109 5 2 7
20141109 9 2 5
20141109 2 8 1
20141109 4 1 7
20141109 9 6 3
20141109 6 5 2
20141109 2 1 9
20141129 1 9 2
20141129 1 5 7
20141129 5 3 9
20141129 3 5 4
20141129 4 2 1
20141129 7 3 9
20141129 5 2 9
20141129 2 7 3
20141129 1 5 3
20141129 7 9 3
20141129 1 5 7
20141129 7 1 3
20141130 2 5 1
20141130 5 7 2
20141130 2 9 3
20141130 9 1 4
20141130 9 2 3
20141130 1 7 2
20141130 1 3 6
20141130 9 3 5
20141130 3 5 9
20141130 4 7 1
20141130 1 7 3
20141130 1 9 4
20141201 3 6 5
20141201 2 9 4
20141201 9 2 4
20141201 3 7 4
20141201 7 8 3
20141201 5 1 8
20141201 3 7 5
20141201 3 5 2
20141201 9 4 7
20141201 8 1 7
20141201 1 8 6
20141201 9 1 5
20141202 8 5 7
20141202 3 4 9
20141202 2 4 3
20141202 3 2 9
20141202 2 9 3
20141202 1 7 9
20141202 5 2 3
20141202 1 5 7
20141202 3 1 7
20141202 2 7 5
20141202 3 7 9
20141228 1 7 5
20141228 7 3 8
20141228 1 9 5
20141228 2 7 3
20141228 9 2 5
20141228 5 9 3
20141228 5 9 7
20141228 1 3 9
20141228 9 7 2
20141228 2 7 9
20141228 6 3 1
20141229 9 3 7
20141229 3 9 7
20141229 2 9 5
20141229 1 5 9
20141229 1 5 6
20141229 3 7 1
20141229 7 3 8
20141229 7 1 5
20141229 2 9 3
20141229 1 5 2
20141229 7 1 6
20141230 2 9 5
20141230 5 8 3
20141230 2 7 5
20141230 7 2 6
20141230 2 5 6
20141230 9 2 3
20141230 7 8 5
20141230 8 7 3
20141230 2 4 3
20141230 5 8 1
20141230 2 5 1
20150118 3 7 6
20150118 5 2 3
20150118 1 4 2
20150118 7 3 1
20150118 4 1 3
20150118 3 5 1
20150118 3 2 9
20150118 3 9 4
20150118 7 1 3
20150118 6 9 7
20150119 4 1 2
20150119 5 6 4
20150119 1 3 6
20150119 2 3 5
20150119 4 3 7
20150119 9 5 3
20150119 1 7 2
20150119 7 1 8
20150119 2 9 1
20150119 7 1 9
20150120 1 3 5
20150120 7 1 4
20150120 2 6 1
20150120 5 1 7
20150120 2 1 6
20150120 9 5 7
20150120 1 3 6
20150120 9 3 5
20150120 9 4 5
20150120 4 3 8
20150126 9 2 1
20150126 3 1 5
20150126 1 9 7
20150126 5 7 6
20150126 2 9 5
20150126 4 1 5
20150126 6 3 4
20150126 2 4 7
20150126 7 2 3
20150126 2 9 3
20150126 9 1 3
20150126 3 5 1
20150127 2 1 7
20150127 9 3 5
20150127 3 9 8
20150127 5 3 7
20150127 9 2 3
20150127 4 6 5
20150127 2 6 3
20150127 4 1 3
20150127 7 1 5
20150127 2 7 9
20150127 7 2 3
20150127 1 4 5
20150128 1 6 4
20150128 7 1 9
20150128 4 8 9
20150128 2 8 5
20150128 5 4 7
20150128 9 7 6
20150128 2 3 8
20150128 1 5 9
20150128 2 7 1
20150128 3 6 1
20150128 3 5 9
20150128 1 7 2
20150226 1 5 3
20150226 4 1 3
20150226 4 3 1
20150226 2 1 6
20150226 1 2 4
20150226 9 3 2
20150226 5 1 8
20150226 7 1 4
20150226 5 7 1
20150226 2 3 5
20150227 7 1 4
20150227 5 4 3
20150227 2 3 5
20150227 3 7 2
20150227 4 3 7
20150227 1 9 4
20150227 3 7 9
20150227 3 1 7
20150227 2 4 1
20150227 5 1 3
20150228 5 2 7
20150228 5 1 4
20150228 7 2 3
20150228 3 5 1
20150228 4 1 3
20150228 3 7 5
20150228 2 5 1
20150228 3 5 1
20150228 1 5 6
20150228 3 2 8
20150401 4 2 5
20150401 4 2 3
20150401 7 5 3
20150401 3 5 2
20150401 1 3 5
20150401 7 2 5
20150401 5 2 1
20150401 3 4 5
20150401 3 1 9
20150401 9 2 5
20150402 7 5 1
20150402 4 6 1
20150402 1 2 5
20150402 2 6 1
20150402 5 2 6
20150402 3 2 6
20150402 7 9 1
20150402 2 4 5
20150402 5 1 3
20150402 1 2 3
20150403 3 4 5
20150403 2 7 3
20150403 2 1 5
20150403 1 3 4
20150403 5 1 3
20150403 7 9 1
20150403 4 5 3
20150403 8 5 9
20150403 8 6 3
20150403 9 5 1
20150423 3 1 7
20150423 5 7 3
20150423 2 7 1
20150423 9 2 7
20150423 7 2 4
20150423 7 4 1
20150423 2 5 7
20150423 9 7 1
20150423 1 3 4
20150423 2 7 1
20150423 3 2 5
20150424 1 9 2
20150424 9 7 3
20150424 5 6 1
20150424 5 1 6
20150424 3 5 9
20150424 9 7 4
20150424 2 1 7
20150424 3 9 1
20150424 7 3 4
20150424 2 1 5
20150424 7 2 5
20150425 3 5 9
20150425 5 9 1
20150425 2 3 1
20150425 5 2 4
20150425 7 5 1
20150425 1 2 8
20150425 6 7 4
20150425 1 7 4
20150425 3 5 2
20150425 1 5 3
20150425 3 2 1
20150430 7 5 6
20150430 3 1 5
20150430 4 1 5
20150430 5 7 3
20150430 1 4 2
20150430 7 3 1
20150430 9 5 7
20150430 3 9 5
20150430 5 2 9
20150430 8 9 2
20150501 4 3 1
20150501 1 7 5
20150501 5 3 7
20150501 4 1 7
20150501 3 1 7
20150501 7 4 1
20150501 1 5 7
20150501 4 1 7
20150501 7 1 5
20150501 9 3 1
20150502 5 1 2
20150502 1 4 5
20150502 7 4 3
20150502 2 3 4
20150502 3 7 5
20150502 8 3 5
20150502 4 1 2
20150502 2 7 3
20150502 5 3 9
20150502 1 3 4
