20111219 3 1 7
20111219 7 5 2
20111219 5 1 8
20111219 7 9 2
20111219 1 7 5
20111219 2 9 4
20111219 3 9 1
20111219 2 7 1
20111219 5 1 3
20111219 1 7 2
20111219 5 2 3
20111219 3 6 2
20111220 7 1 4
20111220 2 7 3
20111220 1 5 7
20111220 1 2 5
20111220 7 2 4
20111220 1 5 2
20111220 3 4 7
20111220 5 3 7
20111220 3 1 5
20111220 7 3 5
20111220 3 5 2
20111220 9 5 2
20111221 2 5 8
20111221 2 7 9
20111221 9 3 4
20111221 2 3 7
20111221 1 8 9
20111221 5 3 1
20111221 5 7 2
20111221 9 3 7
20111221 3 7 4
20111221 3 8 5
20111221 2 8 5
20111221 9 2 6
20120118 1 7 2
20120118 5 7 6
20120118 1 9 7
20120118 3 2 5
20120118 9 3 7
20120118 5 8 1
20120118 2 3 9
20120118 7 5 1
20120118 2 9 3
20120118 2 3 1
20120118 1 5 9
20120118 5 7 9
20120119 3 7 4
20120119 2 1 7
20120119 1 3 9
20120119 5 1 7
20120119 7 1 9
20120119 2 3 1
20120119 3 2 1
20120119 2 9 1
20120119 7 1 8
20120119 7 8 1
20120119 7 6 9
20120119 9 8 1
20120119 1 5 2
20120119 1 2 5
20120120 2 5 8
20120120 7 6 9
20120120 5 7 3
20120120 9 5 8
20120120 7 1 8
20120120 9 7 2
20120120 9 2 8
20120120 3 1 2
20120120 1 4 8
20120120 9 1 5
20120120 2 3 4
20120120 7 1 8
20120127 4 7 5
20120127 3 7 4
20120127 3 6 5
20120127 7 2 6
20120127 1 4 5
20120127 2 1 9
20120127 1 9 5
20120127 3 2 5
20120127 5 3 2
20120127 5 2 7
20120128 5 7 1
20120128 1 5 2
20120128 2 4 7
20120128 1 7 5
20120128 2 6 3
20120128 7 2 1
20120128 2 9 5
20120128 7 9 8
20120128 1 4 2
20120128 1 4 8
20120128 7 9 1
20120129 1 7 3
20120129 7 3 5
20120129 1 7 4
20120129 5 4 6
20120129 1 5 3
20120129 3 7 4
20120129 5 8 3
20120129 1 6 4
20120129 9 7 6
20120129 5 2 7
20120129 1 9 3
20120217 1 7 3
20120217 2 1 3
20120217 5 1 4
20120217 7 4 2
20120217 5 4 1
20120217 2 9 5
20120217 5 1 2
20120217 5 3 8
20120217 1 5 3
20120217 9 1 3
20120217 1 8 7
20120218 3 7 6
20120218 2 7 1
20120218 5 1 4
20120218 1 2 4
20120218 2 5 4
20120218 3 5 4
20120218 5 7 4
20120218 3 7 2
20120218 5 9 3
20120218 3 7 2
20120218 9 2 7
20120219 5 2 4
20120219 2 4 6
20120219 2 4 3
20120219 1 3 7
20120219 5 2 1
20120219 7 8 5
20120219 3 2 7
20120219 7 9 3
20120219 1 5 9
20120219 3 1 5
20120219 3 9 4
20120225 1 5 2
20120225 1 7 5
20120225 9 5 1
20120225 3 5 9
20120225 8 7 1
20120225 6 5 2
20120225 9 6 2
20120225 4 2 9
20120225 1 5 9
20120225 4 5 8
20120225 3 7 1
20120225 4 1 7
20120226 7 1 5
20120226 5 7 4
20120226 7 5 4
20120226 2 5 1
20120226 5 7 2
20120226 7 9 2
20120226 1 3 5
20120226 6 2 7
20120226 7 4 1
20120226 2 9 1
20120226 9 4 2
20120226 7 1 5
20120226 2 9 1
20120227 3 5 1
20120227 7 1 4
20120227 9 5 3
20120227 2 7 1
20120227 3 9 4
20120227 3 4 7
20120227 9 3 2
20120227 8 1 4
20120227 9 7 8
20120227 5 1 4
20120227 1 7 4
20120227 1 6 2
20120317 3 6 1
20120317 7 1 3
20120317 3 2 4
20120317 5 7 2
20120317 7 2 4
20120317 9 2 5
20120317 1 7 9
20120317 3 8 9
20120317 5 2 6
20120317 2 5 8
20120317 2 7 5
20120318 2 7 1
20120318 1 9 7
20120318 7 4 5
20120318 1 3 5
20120318 3 1 5
20120318 1 9 3
20120318 2 9 4
20120318 2 4 6
20120318 1 5 8
20120318 1 2 9
20120318 9 7 8
20120318 7 6 2
20120319 1 9 4
20120319 5 7 9
20120319 5 9 2
20120319 3 5 2
20120319 9 7 1
20120319 5 7 3
20120319 2 7 9
20120319 4 8 5
20120319 3 4 9
20120319 8 3 4
20120319 2 3 5
20120320 2 9 7
20120320 6 9 8
20120320 5 2 9
20120320 6 4 2
20120320 8 1 9
20120320 2 4 5
20120320 5 9 1
20120320 1 8 7
20120320 9 1 5
20120320 9 2 3
20120320 1 2 5
20120409 7 5 1
20120409 5 9 3
20120409 1 9 7
20120409 8 5 3
20120409 2 9 1
20120409 2 8 5
20120409 9 7 1
20120409 7 2 5
20120409 1 7 4
20120409 2 5 3
20120409 1 9 3
20120409 2 9 1
20120410 2 7 1
20120410 3 2 9
20120410 2 7 3
20120410 3 9 2
20120410 1 3 6
20120410 3 5 1
20120410 3 5 6
20120410 3 5 2
20120410 1 4 2
20120410 2 9 8
20120410 4 7 3
20120410 1 3 2
20120410 1 5 2
20120411 1 6 8
20120411 5 2 9
20120411 9 2 1
20120411 9 1 3
20120411 5 4 7
20120411 9 4 7
20120411 6 7 3
20120411 7 8 6
20120411 3 9 2
20120411 1 5 7
20120411 5 2 9
20120411 9 5 3
20120501 1 5 2
20120501 3 9 4
20120501 7 2 4
20120501 9 7 2
20120501 9 2 5
20120501 5 4 3
20120501 3 2 4
20120501 2 8 4
20120501 7 2 4
20120501 5 3 2
20120501 3 7 8
20120501 2 7 3
20120502 3 1 8
20120502 5 2 9
20120502 3 2 6
20120502 9 2 1
20120502 3 9 5
20120502 7 8 2
20120502 7 2 3
20120502 2 9 1
20120502 2 7 4
20120502 5 2 4
20120502 2 5 7
20120502 3 7 5
20120503 7 3 9
20120503 8 2 7
20120503 5 2 4
20120503 3 2 7
20120503 9 1 5
20120503 5 4 3
20120503 2 4 1
20120503 7 5 1
20120503 4 1 8
20120503 2 7 4
20120503 1 9 2
20120503 7 2 3
20120514 1 7 2
20120514 2 3 5
20120514 3 5 2
20120514 3 5 1
20120514 1 3 5
20120514 5 3 2
20120514 7 4 2
20120514 3 5 7
20120514 9 2 1
20120514 5 3 7
20120514 6 3 9
20120515 7 4 5
20120515 2 4 7
20120515 7 1 2
20120515 1 5 7
20120515 1 2 3
20120515 3 9 4
20120515 4 7 3
20120515 5 3 1
20120515 8 5 7
20120515 3 8 1
20120515 1 2 4
20120516 1 3 5
20120516 1 7 3
20120516 2 4 5
20120516 2 1 3
20120516 2 9 1
20120516 7 3 6
20120516 9 3 7
20120516 7 1 4
20120516 5 2 3
20120516 2 4 6
20120516 3 2 9
20120611 2 4 3
20120611 6 7 2
20120611 7 6 5
20120611 5 1 4
20120611 1 7 4
20120611 4 7 2
20120611 3 9 7
20120611 8 5 2
20120611 5 2 7
20120611 1 2 3
20120611 6 9 3
20120611 9 6 3
20120612 5 7 1
20120612 1 7 2
20120612 1 4 2
20120612 1 7 2
20120612 4 2 6
20120612 1 8 4
20120612 7 3 4
20120612 7 8 2
20120612 2 8 7
20120612 8 2 7
20120612 5 2 1
20120612 1 5 3
20120613 2 3 1
20120613 1 7 3
20120613 4 7 5
20120613 5 1 2
20120613 9 5 1
20120613 7 5 4
20120613 8 7 9
20120613 3 9 1
20120613 9 1 3
20120613 2 7 5
20120613 6 3 8
20120626 9 2 8
20120626 9 3 5
20120626 9 1 2
20120626 3 9 1
20120626 2 3 9
20120626 6 7 9
20120626 1 5 9
20120626 7 5 1
20120626 3 5 1
20120626 6 9 4
20120626 1 3 9
20120626 9 8 1
20120627 1 2 8
20120627 5 6 1
20120627 3 2 9
20120627 2 6 5
20120627 2 9 1
20120627 1 7 4
20120627 7 2 9
20120627 2 8 5
20120627 8 2 5
20120627 7 1 9
20120627 7 4 5
20120627 9 1 7
20120627 7 1 5
20120628 3 9 4
20120628 1 4 9
20120628 5 4 9
20120628 3 5 1
20120628 3 1 5
20120628 7 9 2
20120628 1 9 7
20120628 2 7 4
20120628 3 4 2
20120628 3 7 5
20120628 1 5 9
20120628 7 5 2
20120709 1 2 5
20120709 7 6 2
20120709 3 5 4
20120709 3 2 6
20120709 2 4 5
20120709 2 6 8
20120709 5 9 2
20120709 1 9 2
20120709 5 1 2
20120709 2 7 4
20120709 4 9 1
20120710 5 4 7
20120710 5 1 4
20120710 5 3 7
20120710 4 3 1
20120710 5 1 2
20120710 3 4 5
20120710 1 2 9
20120710 7 5 6
20120710 5 6 1
20120710 1 7 9
20120710 1 3 2
20120711 1 6 3
20120711 2 4 3
20120711 7 3 2
20120711 3 5 7
20120711 2 9 6
20120711 1 3 2
20120711 1 4 5
20120711 5 1 9
20120711 2 7 6
20120711 7 2 1
20120711 9 5 2
20120727 1 5 3
20120727 1 7 3
20120727 3 5 4
20120727 7 2 5
20120727 1 7 4
20120727 7 3 1
20120727 9 1 7
20120727 2 5 3
20120727 5 2 7
20120727 2 8 1
20120727 1 7 3
20120728 7 5 1
20120728 3 2 1
20120728 5 3 2
20120728 7 4 1
20120728 3 7 5
20120728 1 7 3
20120728 2 7 6
20120728 2 9 8
20120728 9 2 8
20120728 9 5 2
20120728 3 1 2
20120728 7 2 3
20120729 6 3 4
20120729 4 1 2
20120729 3 5 7
20120729 4 3 5
20120729 9 3 8
20120729 9 2 5
20120729 1 6 3
20120729 6 1 5
20120729 7 9 4
20120729 3 2 6
20120729 3 1 9
20120918 7 6 8
20120918 4 5 2
20120918 9 2 5
20120918 9 1 7
20120918 8 7 3
20120918 6 4 3
20120918 3 1 9
20120918 4 1 7
20120918 3 4 7
20120918 5 2 8
20120918 1 7 9
20120919 7 1 9
20120919 9 2 7
20120919 3 9 4
20120919 9 5 2
20120919 2 9 3
20120919 7 2 3
20120919 4 7 3
20120919 9 3 2
20120919 5 7 1
20120919 5 2 7
20120919 1 8 7
20120920 5 3 9
20120920 5 2 1
20120920 3 2 9
20120920 3 2 4
20120920 5 1 7
20120920 2 7 9
20120920 2 9 3
20120920 3 5 2
20120920 5 3 9
20120920 5 6 7
20120920 5 6 4
20121010 1 5 2
20121010 3 7 4
20121010 2 7 1
20121010 7 4 2
20121010 3 5 1
20121010 2 9 8
20121010 2 5 7
20121010 3 2 1
20121010 1 7 4
20121010 1 5 2
20121010 2 5 1
20121011 1 4 3
20121011 4 7 2
20121011 1 2 3
20121011 3 1 6
20121011 5 1 7
20121011 1 9 7
20121011 7 4 2
20121011 5 1 2
20121011 5 2 1
20121011 2 5 7
20121011 1 5 7
20121011 2 3 7
20121012 7 3 5
20121012 3 5 1
20121012 7 1 3
20121012 5 2 1
20121012 1 7 3
20121012 5 1 4
20121012 6 5 1
20121012 9 1 7
20121012 3 7 9
20121012 2 7 6
20121012 3 1 5
20121021 1 7 5
20121021 3 7 5
20121021 7 5 3
20121021 4 3 1
20121021 7 2 3
20121021 2 5 7
20121021 7 8 3
20121021 2 9 1
20121021 7 3 4
20121021 3 5 7
20121021 2 1 9
20121022 5 4 1
20121022 3 1 7
20121022 2 1 5
20121022 7 4 5
20121022 2 5 3
20121022 5 9 3
20121022 3 5 4
20121022 2 5 3
20121022 9 5 1
20121022 1 8 6
20121022 1 3 2
20121023 2 4 3
20121023 5 4 6
20121023 7 5 4
20121023 4 1 2
20121023 7 6 9
20121023 7 9 6
20121023 9 4 1
20121023 9 4 5
20121023 7 4 5
20121023 9 6 1
20121023 2 4 7
20121023 2 3 1
20121023 1 5 9
20121116 1 7 3
20121116 7 5 2
20121116 3 1 7
20121116 3 5 2
20121116 2 7 6
20121116 5 3 9
20121116 2 1 5
20121116 5 2 9
20121116 9 1 2
20121116 1 7 9
20121116 3 1 4
20121117 2 1 4
20121117 1 3 5
20121117 1 3 2
20121117 1 2 5
20121117 1 2 3
20121117 1 7 8
20121117 1 9 6
20121117 5 1 7
20121117 7 3 1
20121117 1 4 3
20121117 9 5 2
20121118 7 1 5
20121118 4 1 3
20121118 2 1 7
20121118 1 3 2
20121118 2 8 9
20121118 1 5 2
20121118 1 3 5
20121118 3 1 5
20121118 7 4 6
20121118 9 1 7
20121118 2 1 5
20121118 9 7 1
20121121 7 2 5
20121121 3 7 1
20121121 7 4 2
20121121 5 3 4
20121121 3 2 7
20121121 2 7 9
20121121 1 7 5
20121121 2 7 5
20121121 7 1 8
20121121 1 3 7
20121121 3 6 2
20121122 1 3 7
20121122 3 1 5
20121122 1 3 7
20121122 3 7 6
20121122 2 6 5
20121122 5 3 1
20121122 7 9 2
20121122 3 1 7
20121122 7 3 1
20121122 2 3 7
20121122 7 3 2
20121123 2 4 1
20121123 3 7 1
20121123 7 5 3
20121123 3 1 5
20121123 3 7 9
20121123 9 4 2
20121123 3 2 1
20121123 1 7 9
20121123 5 7 3
20121123 3 1 7
20121123 5 3 4
20121211 1 7 3
20121211 4 5 2
20121211 1 3 7
20121211 3 1 4
20121211 2 4 7
20121211 2 3 1
20121211 7 2 3
20121211 1 2 3
20121211 2 1 5
20121211 1 9 5
20121211 1 4 7
20121212 1 4 6
20121212 7 5 2
20121212 3 1 5
20121212 7 2 3
20121212 3 7 1
20121212 1 4 3
20121212 1 2 4
20121212 6 2 5
20121212 1 4 5
20121212 3 2 4
20121212 2 1 3
20121213 2 4 5
20121213 1 3 4
20121213 5 6 4
20121213 4 1 3
20121213 1 2 4
20121213 2 8 3
20121213 2 5 4
20121213 5 7 1
20121213 7 5 4
20121213 1 4 6
20121213 8 6 5
20121218 1 5 7
20121218 2 4 5
20121218 5 1 3
20121218 5 4 2
20121218 3 2 4
20121218 7 1 3
20121218 2 9 5
20121218 7 1 3
20121218 4 2 5
20121218 3 1 9
20121218 2 6 7
20121219 3 2 7
20121219 3 5 4
20121219 7 5 1
20121219 7 3 2
20121219 2 7 5
20121219 3 9 8
20121219 3 2 7
20121219 5 7 6
20121219 1 9 4
20121219 2 5 1
20121219 5 3 8
20121220 2 5 7
20121220 4 7 5
20121220 5 3 7
20121220 6 1 5
20121220 4 1 3
20121220 7 1 5
20121220 7 5 4
20121220 5 1 7
20121220 7 8 2
20121220 5 1 3
20121220 3 9 5
20130101 9 1 5
20130101 7 3 1
20130101 1 9 5
20130101 1 4 7
20130101 7 4 1
20130101 9 2 6
20130101 1 9 5
20130101 9 5 1
20130101 7 1 2
20130101 5 2 1
20130101 1 8 2
20130102 4 3 5
20130102 7 1 9
20130102 9 1 6
20130102 6 1 9
20130102 4 2 1
20130102 2 9 7
20130102 5 3 4
20130102 1 3 7
20130102 2 9 3
20130102 2 4 3
20130102 1 7 8
20130103 7 1 5
20130103 2 9 4
20130103 9 3 2
20130103 1 8 4
20130103 3 8 5
20130103 1 2 6
20130103 1 8 9
20130103 5 3 9
20130103 6 4 3
20130103 1 5 7
20130103 3 4 6
20130213 1 7 5
20130213 9 3 8
20130213 3 9 7
20130213 1 3 6
20130213 5 2 8
20130213 3 4 7
20130213 7 3 1
20130213 5 1 4
20130213 9 2 8
20130213 9 2 5
20130213 2 6 7
20130214 3 9 2
20130214 3 1 9
20130214 1 4 3
20130214 1 2 7
20130214 9 2 5
20130214 2 1 5
20130214 6 5 4
20130214 2 8 1
20130214 1 9 3
20130214 1 9 8
20130214 7 2 3
20130215 2 5 9
20130215 5 1 7
20130215 5 8 7
20130215 5 6 8
20130215 3 5 7
20130215 9 7 1
20130215 1 3 2
20130215 3 6 2
20130215 5 1 4
20130215 3 6 4
20130215 3 4 8
20130228 1 3 7
20130228 2 4 3
20130228 1 7 4
20130228 9 6 4
20130228 2 4 5
20130228 2 3 7
20130228 8 3 9
20130228 2 5 9
20130228 3 5 2
20130228 5 7 9
20130228 5 2 9
20130301 9 7 2
20130301 1 4 5
20130301 1 8 4
20130301 9 7 3
20130301 3 2 1
20130301 9 2 7
20130301 8 9 6
20130301 1 5 3
20130301 1 5 7
20130301 9 1 5
20130301 1 5 7
20130301 2 3 4
20130302 7 5 3
20130302 2 3 6
20130302 1 2 5
20130302 2 5 3
20130302 4 7 2
20130302 4 1 9
20130302 5 9 1
20130302 5 2 9
20130302 9 2 5
20130302 9 3 5
20130302 1 3 6
20130303 9 7 1
20130303 7 5 1
20130303 9 1 3
20130303 3 7 9
20130303 3 8 6
20130303 2 5 8
20130303 9 2 3
20130303 1 7 4
20130303 3 7 2
20130303 3 2 9
20130303 1 3 8
20130311 7 2 4
20130311 9 2 3
20130311 7 1 5
20130311 5 2 7
20130311 3 1 2
20130311 9 3 7
20130311 3 9 6
20130311 2 5 3
20130311 8 5 2
20130311 2 5 7
20130311 3 4 2
20130312 7 9 3
20130312 1 3 5
20130312 2 5 7
20130312 1 7 8
20130312 3 8 1
20130312 1 9 7
20130312 3 7 8
20130312 3 8 2
20130312 5 3 2
20130312 7 3 5
20130312 2 1 3
20130313 9 8 5
20130313 8 3 1
20130313 7 5 1
20130313 7 4 1
20130313 1 7 2
20130313 3 4 1
20130313 7 3 8
20130313 7 4 8
20130313 2 3 4
20130313 2 6 4
20130313 9 4 7
20130318 3 7 5
20130318 3 7 6
20130318 7 2 5
20130318 1 5 3
20130318 4 1 5
20130318 2 7 9
20130318 1 9 2
20130318 2 3 6
20130318 7 6 3
20130318 5 9 1
20130318 1 4 6
20130319 7 3 1
20130319 5 7 2
20130319 1 5 3
20130319 2 5 7
20130319 7 2 5
20130319 5 7 3
20130319 9 3 6
20130319 3 5 4
20130319 7 3 2
20130319 2 9 5
20130319 3 1 9
20130320 5 4 1
20130320 1 4 7
20130320 2 3 1
20130320 1 2 6
20130320 1 3 8
20130320 5 6 7
20130320 5 1 2
20130320 1 7 3
20130320 2 7 4
20130320 2 5 3
20130320 9 1 7
20130401 2 5 7
20130401 2 3 1
20130401 1 4 7
20130401 7 5 1
20130401 3 5 1
20130401 3 5 6
20130401 2 1 9
20130401 5 2 1
20130401 4 3 8
20130401 1 7 3
20130401 2 8 7
20130402 7 3 1
20130402 5 1 3
20130402 1 4 7
20130402 4 1 2
20130402 1 3 6
20130402 9 1 7
20130402 9 4 3
20130402 2 7 5
20130402 1 2 6
20130402 2 7 8
20130403 5 3 4
20130403 7 4 3
20130403 7 2 1
20130403 2 1 4
20130403 1 7 2
20130403 3 7 5
20130403 1 2 5
20130403 1 9 2
20130403 5 1 4
20130403 1 5 2
20130430 5 2 3
20130430 7 8 3
20130430 3 1 7
20130430 1 7 8
20130430 5 9 2
20130430 9 7 2
20130430 6 7 9
20130430 6 9 7
20130430 1 2 7
20130430 5 1 3
20130430 5 3 4
20130430 3 1 4
20130501 5 9 2
20130501 7 3 4
20130501 7 5 4
20130501 4 1 9
20130501 3 7 8
20130501 5 2 1
20130501 5 2 1
20130501 4 1 2
20130501 1 8 5
20130501 4 7 2
20130501 3 5 1
20130502 3 7 2
20130502 5 3 1
20130502 2 1 4
20130502 2 4 1
20130502 1 7 3
20130502 9 3 7
20130502 2 5 3
20130502 1 2 4
20130502 6 9 4
20130502 9 5 7
20130502 1 5 3
20130502 3 7 4
20130511 1 7 3
20130511 4 1 7
20130511 1 4 3
20130511 2 3 6
20130511 5 1 4
20130511 5 1 3
20130511 3 9 7
20130511 1 7 9
20130511 5 2 6
20130511 5 7 2
20130512 7 4 2
20130512 2 7 4
20130512 7 2 3
20130512 7 2 1
20130512 1 6 2
20130512 7 3 8
20130512 8 9 4
20130512 7 5 9
20130512 4 5 7
20130512 2 7 3
20130513 7 5 1
20130513 1 7 5
20130513 5 3 1
20130513 1 4 3
20130513 4 9 7
20130513 9 6 4
20130513 6 2 1
20130513 3 8 4
20130513 3 2 1
20130513 5 1 6
20130625 7 4 1
20130625 1 7 4
20130625 3 9 1
20130625 1 2 9
20130625 7 1 9
20130625 1 4 9
20130625 4 2 9
20130625 1 9 4
20130625 5 7 2
20130625 3 5 7
20130625 3 4 6
20130626 3 6 7
20130626 9 1 2
20130626 5 1 8
20130626 1 8 4
20130626 3 1 9
20130626 9 3 1
20130626 7 2 4
20130626 9 3 2
20130626 9 1 7
20130626 2 7 8
20130626 2 1 5
20130627 3 2 7
20130627 1 9 5
20130627 1 5 2
20130627 9 3 8
20130627 3 5 8
20130627 4 8 7
20130627 1 9 4
20130627 9 2 7
20130627 2 6 4
20130627 1 9 2
20130627 1 3 6
20130729 5 3 9
20130729 5 9 1
20130729 1 5 4
20130729 2 3 9
20130729 7 1 3
20130729 3 9 1
20130729 2 5 4
20130729 3 7 4
20130729 3 7 5
20130729 1 3 5
20130729 5 1 2
20130729 3 7 5
20130730 2 5 6
20130730 1 9 3
20130730 3 7 1
20130730 7 3 1
20130730 5 3 2
20130730 2 1 9
20130730 2 1 3
20130730 5 3 1
20130730 7 2 4
20130730 1 4 7
20130730 9 3 4
20130730 5 7 2
20130731 5 6 3
20130731 4 1 9
20130731 2 7 9
20130731 3 4 8
20130731 3 8 7
20130731 5 9 8
20130731 5 1 4
20130731 3 1 7
20130731 3 4 7
20130731 9 4 1
20130731 7 3 1
20130809 1 7 6
20130809 3 4 2
20130809 1 3 7
20130809 1 7 3
20130809 7 1 3
20130809 3 5 6
20130809 2 1 3
20130809 9 2 1
20130809 8 2 5
20130809 5 1 2
20130809 2 1 7
20130809 7 6 4
20130810 1 4 2
20130810 5 1 4
20130810 2 5 4
20130810 2 6 3
20130810 5 3 2
20130810 6 7 5
20130810 2 6 3
20130810 9 3 2
20130810 2 8 1
20130810 1 8 7
20130810 8 7 9
20130810 1 2 7
20130811 7 1 5
20130811 7 1 4
20130811 3 7 1
20130811 4 1 3
20130811 4 5 6
20130811 2 8 1
20130811 9 3 7
20130811 2 4 5
20130811 4 6 5
20130811 5 7 3
20130811 5 2 1
20130811 5 1 3
20130908 1 5 3
20130908 9 7 2
20130908 2 1 5
20130908 5 2 8
20130908 9 1 7
20130908 4 2 7
20130908 7 3 8
20130908 4 3 1
20130908 8 5 2
20130908 1 7 9
20130908 3 4 1
20130909 8 1 7
20130909 9 5 1
20130909 6 2 7
20130909 7 2 1
20130909 2 8 7
20130909 7 9 5
20130909 7 9 2
20130909 4 3 9
20130909 5 7 2
20130909 7 1 3
20130909 1 9 7
20130910 1 3 5
20130910 9 2 5
20130910 3 1 5
20130910 9 1 5
20130910 6 9 4
20130910 5 8 1
20130910 7 3 5
20130910 2 7 9
20130910 1 5 7
20130910 4 5 3
20130910 5 2 7
20130928 4 6 7
20130928 1 2 7
20130928 4 1 3
20130928 3 4 6
20130928 1 7 3
20130928 9 1 7
20130928 1 5 9
20130928 7 9 8
20130928 5 1 2
20130928 3 4 2
20130929 2 5 7
20130929 6 5 2
20130929 3 6 4
20130929 1 7 3
20130929 7 5 2
20130929 7 3 1
20130929 2 9 5
20130929 2 1 9
20130929 2 7 5
20130929 2 1 3
20131009 1 7 5
20131009 2 5 8
20131009 5 8 1
20131009 2 5 7
20131009 9 2 7
20131009 5 9 6
20131009 1 5 7
20131009 9 4 7
20131009 1 7 6
20131009 2 5 4
20131009 6 8 3
20131010 2 9 5
20131010 5 7 2
20131010 9 5 8
20131010 3 2 7
20131010 2 3 5
20131010 5 9 3
20131010 9 5 3
20131010 3 2 7
20131010 2 7 3
20131010 2 9 1
20131010 3 1 7
20131011 7 9 1
20131011 6 7 3
20131011 5 1 7
20131011 3 9 7
20131011 2 6 5
20131011 3 5 9
20131011 3 1 8
20131011 5 7 2
20131011 9 5 2
20131011 3 4 7
20131011 2 5 3
20131106 1 4 2
20131106 5 1 7
20131106 2 5 6
20131106 1 7 6
20131106 4 3 6
20131106 1 2 5
20131106 5 3 2
20131106 1 3 7
20131106 5 2 7
20131106 4 2 1
20131107 4 3 5
20131107 7 3 5
20131107 7 1 2
20131107 6 3 1
20131107 1 7 4
20131107 8 7 3
20131107 1 5 8
20131107 2 5 1
20131107 9 7 4
20131107 7 2 9
20131108 7 1 2
20131108 5 1 6
20131108 2 3 1
20131108 3 5 2
20131108 2 3 1
20131108 2 5 8
20131108 7 9 4
20131108 7 5 2
20131108 5 3 7
20131108 2 1 6
20131119 7 1 9
20131119 5 8 3
20131119 9 2 3
20131119 2 7 1
20131119 7 3 4
20131119 7 1 3
20131119 6 3 1
20131119 4 1 3
20131119 1 9 3
20131119 3 1 5
20131119 4 6 8
20131120 5 3 9
20131120 1 5 2
20131120 7 1 2
20131120 1 7 3
20131120 2 7 9
20131120 1 5 8
20131120 3 9 7
20131120 2 6 4
20131120 2 5 8
20131120 1 4 2
20131120 1 3 9
20131121 7 3 1
20131121 3 5 7
20131121 3 4 6
20131121 1 9 7
20131121 3 1 9
20131121 2 5 7
20131121 5 7 8
20131121 9 1 2
20131121 2 7 5
20131121 6 2 4
20131121 9 3 1
20131210 1 7 3
20131210 2 6 4
20131210 3 4 1
20131210 4 7 2
20131210 7 3 2
20131210 9 2 4
20131210 9 2 7
20131210 1 9 7
20131210 1 9 2
20131210 7 9 3
20131211 5 2 1
20131211 2 5 4
20131211 2 5 7
20131211 2 3 5
20131211 3 2 1
20131211 4 9 5
20131211 2 3 8
20131211 2 7 9
20131211 3 1 2
20131211 7 9 2
20131212 7 2 1
20131212 3 7 2
20131212 5 3 7
20131212 3 6 2
20131212 9 8 5
20131212 1 2 7
20131212 2 9 4
20131212 8 2 7
20131212 7 5 6
20131212 2 5 6
20140108 1 9 7
20140108 5 3 6
20140108 2 1 6
20140108 9 1 2
20140108 5 3 9
20140108 3 7 1
20140108 1 9 2
20140108 3 5 2
20140108 1 9 5
20140108 1 2 5
20140108 2 6 3
20140109 3 5 8
20140109 9 8 2
20140109 5 7 2
20140109 1 5 3
20140109 9 2 8
20140109 3 1 2
20140109 5 3 7
20140109 3 6 5
20140109 5 7 2
20140109 7 9 2
20140109 1 9 7
20140110 7 1 2
20140110 9 5 1
20140110 8 3 9
20140110 9 2 7
20140110 7 5 9
20140110 3 4 8
20140110 1 4 8
20140110 3 9 7
20140110 5 2 6
20140110 5 2 7
20140110 7 1 2
20140110 2 5 6
20140123 3 5 1
20140123 4 2 3
20140123 7 5 3
20140123 7 3 5
20140123 1 5 3
20140123 5 4 2
20140123 1 2 4
20140123 1 5 9
20140123 6 9 3
20140123 2 5 7
20140123 2 7 3
20140123 9 7 5
20140124 1 3 4
20140124 3 7 5
20140124 1 4 2
20140124 4 2 5
20140124 5 1 7
20140124 3 2 1
20140124 2 7 1
20140124 7 3 2
20140124 9 1 8
20140124 1 9 2
20140124 2 7 5
20140124 3 2 1
20140125 3 6 1
20140125 1 7 6
20140125 4 5 7
20140125 7 5 1
20140125 1 9 8
20140125 2 7 6
20140125 9 8 1
20140125 2 3 9
20140125 6 5 2
20140125 5 3 7
20140125 2 6 7
20140125 2 9 7
20140219 2 1 7
20140219 7 2 3
20140219 5 7 2
20140219 5 4 1
20140219 3 5 4
20140219 4 2 5
20140219 1 3 7
20140219 5 1 2
20140219 3 1 9
20140219 7 8 6
20140220 2 4 6
20140220 3 4 5
20140220 7 1 6
20140220 7 6 1
20140220 6 5 1
20140220 1 4 6
20140220 1 3 4
20140220 7 6 2
20140220 2 7 1
20140220 2 7 5
20140220 1 3 2
20140220 1 3 4
20140221 1 4 7
20140221 2 1 7
20140221 4 3 7
20140221 5 2 7
20140221 2 6 8
20140221 6 9 8
20140221 3 9 5
20140221 2 4 3
20140221 5 7 4
20140221 5 2 9
20140228 2 9 5
20140228 1 3 2
20140228 9 1 5
20140228 5 1 2
20140228 9 4 3
20140228 5 9 1
20140228 2 9 1
20140228 3 2 9
20140228 3 8 1
20140228 2 5 1
20140228 5 2 1
20140301 2 5 3
20140301 1 5 2
20140301 5 1 9
20140301 7 1 2
20140301 9 1 5
20140301 1 2 7
20140301 9 3 2
20140301 7 8 4
20140301 1 7 4
20140301 2 6 8
20140301 1 3 5
20140302 1 5 4
20140302 4 7 1
20140302 7 2 1
20140302 1 7 8
20140302 3 6 1
20140302 2 3 9
20140302 5 9 1
20140302 3 5 7
20140302 7 3 4
20140302 3 5 2
20140302 5 9 6
20140303 1 2 4
20140303 2 4 8
20140303 4 6 7
20140303 7 2 9
20140303 9 3 7
20140303 2 9 4
20140303 3 9 4
20140303 7 1 3
20140303 6 7 2
20140303 3 1 8
20140303 1 9 7
20140315 3 2 4
20140315 4 2 3
20140315 3 2 4
20140315 1 2 7
20140315 7 1 5
20140315 5 1 3
20140315 1 9 4
20140315 1 3 5
20140315 3 1 2
20140315 4 2 8
20140316 4 7 3
20140316 1 7 4
20140316 3 4 2
20140316 7 1 4
20140316 7 1 2
20140316 2 3 6
20140316 3 1 5
20140316 9 6 1
20140316 2 7 3
20140316 1 7 2
20140317 7 4 2
20140317 1 3 7
20140317 7 4 6
20140317 4 2 7
20140317 2 6 4
20140317 2 3 4
20140317 5 2 9
20140317 7 5 3
20140317 3 6 1
20140317 2 9 5
20140325 3 2 1
20140325 2 7 4
20140325 2 5 1
20140325 3 1 6
20140325 2 7 1
20140325 7 1 3
20140325 4 2 9
20140325 2 9 1
20140325 1 9 5
20140325 9 2 1
20140326 6 3 4
20140326 3 7 1
20140326 7 1 5
20140326 1 3 5
20140326 5 2 4
20140326 5 2 9
20140326 7 2 5
20140326 5 9 7
20140326 5 2 3
20140326 7 2 1
20140327 5 7 3
20140327 5 3 1
20140327 2 4 6
20140327 5 6 3
20140327 3 5 7
20140327 3 5 7
20140327 5 1 7
20140327 2 5 9
20140327 7 3 1
20140327 4 3 2
20140402 7 5 1
20140402 3 5 9
20140402 5 9 3
20140402 9 7 5
20140402 5 2 1
20140402 3 8 6
20140402 9 8 1
20140402 5 2 7
20140402 7 5 3
20140402 3 9 7
20140402 9 5 3
20140403 3 5 4
20140403 1 7 9
20140403 2 9 6
20140403 1 7 2
20140403 2 7 9
20140403 8 9 1
20140403 2 5 9
20140403 7 3 2
20140403 2 7 4
20140403 1 5 9
20140403 9 8 3
20140404 9 5 7
20140404 2 5 4
20140404 2 5 8
20140404 7 5 9
20140404 2 7 9
20140404 3 1 7
20140404 3 7 2
20140404 9 8 6
20140404 6 1 2
20140404 1 7 9
20140404 6 7 1
20140404 5 7 2
20140416 1 5 7
20140416 2 3 5
20140416 2 7 1
20140416 4 3 2
20140416 4 7 2
20140416 3 6 4
20140416 3 2 6
20140416 2 1 4
20140416 1 2 4
20140416 2 5 7
20140417 3 2 5
20140417 4 5 1
20140417 1 6 5
20140417 2 5 1
20140417 3 1 5
20140417 2 5 6
20140417 5 2 7
20140417 1 9 2
20140417 1 3 7
20140417 3 5 4
20140418 1 4 5
20140418 1 7 5
20140418 1 5 2
20140418 4 3 5
20140418 2 1 5
20140418 5 1 9
20140418 7 5 2
20140418 3 7 2
20140418 4 2 3
20140418 1 8 3
20140510 1 7 2
20140510 7 4 3
20140510 5 4 7
20140510 1 4 2
20140510 3 7 4
20140510 2 5 4
20140510 9 2 4
20140510 5 3 1
20140510 1 9 4
20140510 6 9 1
20140511 7 1 4
20140511 3 7 4
20140511 1 7 3
20140511 3 5 4
20140511 7 2 3
20140511 9 3 2
20140511 3 5 7
20140511 9 1 7
20140511 9 1 5
20140511 2 9 7
20140512 4 7 2
20140512 3 7 4
20140512 5 2 1
20140512 7 3 4
20140512 1 5 9
20140512 3 9 1
20140512 3 5 1
20140512 5 7 1
20140512 3 2 1
20140512 5 9 3
20140602 4 1 7
20140602 5 2 7
20140602 5 3 1
20140602 2 4 7
20140602 4 2 7
20140602 2 8 1
20140602 3 8 2
20140602 1 2 8
20140602 1 9 4
20140602 1 9 7
20140602 5 2 4
20140603 2 5 6
20140603 2 4 5
20140603 2 7 3
20140603 2 5 3
20140603 3 5 6
20140603 1 9 6
20140603 7 2 3
20140603 3 7 5
20140603 6 1 2
20140603 4 3 2
20140604 5 3 2
20140604 3 4 7
20140604 6 3 4
20140604 5 6 4
20140604 1 5 7
20140604 7 4 1
20140604 3 9 1
20140604 1 3 8
20140604 5 3 2
20140604 7 3 2
20140707 5 2 9
20140707 2 7 3
20140707 1 4 7
20140707 3 4 8
20140707 3 1 9
20140707 2 5 7
20140707 1 5 3
20140707 5 3 1
20140707 9 3 4
20140707 5 7 1
20140707 3 1 9
20140708 7 1 9
20140708 1 9 2
20140708 3 8 4
20140708 1 3 9
20140708 1 9 2
20140708 1 5 7
20140708 9 3 2
20140708 1 5 7
20140708 9 4 1
20140708 5 7 2
20140708 5 3 8
20140709 1 9 2
20140709 3 1 4
20140709 1 9 7
20140709 1 7 5
20140709 2 5 7
20140709 7 1 5
20140709 1 4 3
20140709 5 6 3
20140709 9 6 2
20140709 1 6 5
20140709 2 4 1
20140722 5 3 2
20140722 3 6 7
20140722 1 5 6
20140722 4 2 3
20140722 2 1 5
20140722 1 9 7
20140722 5 2 9
20140722 1 9 7
20140722 3 7 6
20140722 3 1 9
20140723 4 2 1
20140723 3 4 6
20140723 2 7 3
20140723 5 2 1
20140723 1 7 5
20140723 4 7 3
20140723 4 1 3
20140723 5 3 6
20140723 3 1 2
20140723 2 7 1
20140724 2 1 5
20140724 5 3 1
20140724 3 1 2
20140724 2 5 4
20140724 3 5 2
20140724 4 3 9
20140724 5 1 2
20140724 4 6 7
20140724 7 3 5
20140724 9 8 4
20140807 1 2 9
20140807 1 3 7
20140807 1 7 3
20140807 7 3 5
20140807 5 2 9
20140807 3 7 2
20140807 5 1 2
20140807 7 9 3
20140807 5 3 8
20140807 1 5 7
20140807 7 1 4
20140807 2 1 3
20140808 2 6 9
20140808 6 1 9
20140808 5 3 9
20140808 2 7 6
20140808 3 4 7
20140808 7 4 1
20140808 7 2 3
20140808 5 9 3
20140808 9 1 2
20140808 1 7 9
20140808 7 6 1
20140808 7 6 4
20140808 2 3 9
20140809 9 6 1
20140809 1 2 5
20140809 1 4 6
20140809 7 8 3
20140809 2 3 7
20140809 1 5 2
20140809 5 9 7
20140809 2 7 1
20140809 4 1 5
20140809 2 3 5
20140809 2 3 9
20140809 5 3 6
20140919 1 7 2
20140919 1 2 6
20140919 1 6 7
20140919 2 4 7
20140919 3 5 2
20140919 2 1 3
20140919 6 4 1
20140919 1 9 8
20140919 3 5 8
20140919 2 7 9
20140919 9 7 2
20140919 7 3 2
20140920 1 2 6
20140920 5 7 2
20140920 2 6 5
20140920 2 4 7
20140920 2 7 4
20140920 2 5 4
20140920 4 3 6
20140920 3 5 6
20140920 3 1 5
20140920 9 2 3
20140920 4 2 5
20140920 7 1 2
20140920 7 3 1
20140921 3 4 5
20140921 2 4 5
20140921 7 1 3
20140921 3 1 2
20140921 2 5 7
20140921 5 2 4
20140921 2 9 1
20140921 7 1 6
20140921 3 1 2
20140921 3 7 2
20140921 3 4 1
20140921 4 1 5
20141015 1 6 2
20141015 2 9 4
20141015 3 7 2
20141015 3 9 5
20141015 5 3 2
20141015 3 7 8
20141015 5 1 6
20141015 2 3 5
20141015 2 5 9
20141015 3 4 1
20141015 2 7 5
20141016 3 8 5
20141016 5 1 7
20141016 1 2 5
20141016 1 9 2
20141016 3 8 5
20141016 2 3 5
20141016 4 9 8
20141016 3 7 2
20141016 1 5 9
20141016 1 9 5
20141016 5 3 2
20141017 5 1 9
20141017 1 4 6
20141017 1 5 7
20141017 3 9 8
20141017 5 3 4
20141017 7 2 1
20141017 4 7 2
20141017 4 3 6
20141017 3 7 1
20141017 2 9 5
20141017 5 2 3
20141022 1 6 4
20141022 1 5 3
20141022 2 3 5
20141022 3 4 2
20141022 4 3 2
20141022 3 7 9
20141022 7 1 3
20141022 2 5 9
20141022 2 1 7
20141022 1 2 6
20141023 7 2 5
20141023 7 2 1
20141023 3 1 5
20141023 1 2 3
20141023 6 1 4
20141023 4 2 5
20141023 1 5 2
20141023 9 2 4
20141023 3 9 1
20141023 3 9 7
20141023 2 1 5
20141024 7 1 2
20141024 7 2 6
20141024 1 7 3
20141024 6 2 7
20141024 2 1 9
20141024 6 3 7
20141024 7 1 5
20141024 3 9 5
20141024 4 7 2
20141024 1 9 3
20141125 1 4 3
20141125 5 4 2
20141125 4 5 1
20141125 2 7 4
20141125 3 5 1
20141125 2 1 9
20141125 3 7 1
20141125 1 5 7
20141125 9 5 3
20141125 2 7 5
20141126 2 7 1
20141126 5 1 3
20141126 5 1 2
20141126 1 4 2
20141126 7 5 2
20141126 9 1 7
20141126 3 7 5
20141126 1 2 7
20141126 3 2 9
20141126 3 2 9
20141127 5 2 1
20141127 2 7 1
20141127 5 7 3
20141127 3 5 1
20141127 1 5 3
20141127 1 7 8
20141127 1 3 9
20141127 5 4 8
20141127 1 7 2
20141127 3 7 8
20141210 1 5 3
20141210 8 2 9
20141210 1 5 9
20141210 3 9 7
20141210 2 5 6
20141210 9 6 3
20141210 2 7 5
20141210 1 9 2
20141210 9 8 2
20141210 2 1 5
20141210 3 7 5
20141211 1 5 9
20141211 6 9 1
20141211 7 3 2
20141211 1 8 9
20141211 1 5 7
20141211 1 9 2
20141211 4 9 5
20141211 2 1 9
20141211 7 3 4
20141211 2 5 4
20141211 9 1 5
20141212 3 7 9
20141212 7 4 8
20141212 9 7 2
20141212 3 4 9
20141212 5 3 8
20141212 7 3 5
20141212 2 5 3
20141212 1 6 2
20141212 1 7 3
20141212 1 6 5
20141212 1 7 5
20141217 7 1 5
20141217 1 5 4
20141217 7 1 3
20141217 1 4 3
20141217 2 7 5
20141217 1 5 3
20141217 1 7 5
20141217 3 7 5
20141217 7 2 1
20141217 2 4 7
20141218 3 4 7
20141218 3 7 4
20141218 1 3 4
20141218 3 1 2
20141218 5 4 1
20141218 5 3 2
20141218 2 7 1
20141218 5 4 2
20141218 5 9 2
20141218 5 7 1
20141219 7 4 1
20141219 1 4 2
20141219 3 2 5
20141219 6 2 4
20141219 5 1 7
20141219 5 2 7
20141219 1 2 7
20141219 6 2 4
20141219 4 3 1
20141219 1 6 5
20150104 1 5 3
20150104 7 2 5
20150104 5 7 2
20150104 1 9 3
20150104 9 4 8
20150104 6 3 1
20150104 4 1 3
20150104 4 3 1
20150104 4 9 2
20150104 1 4 7
20150104 7 6 3
20150104 2 8 1
20150105 9 7 4
20150105 9 3 1
20150105 2 1 7
20150105 9 5 2
20150105 2 5 1
20150105 2 7 3
20150105 1 7 6
20150105 1 5 6
20150105 3 9 7
20150105 4 9 5
20150105 2 5 3
20150105 3 5 9
20150106 7 3 9
20150106 9 7 2
20150106 4 7 6
20150106 3 1 7
20150106 5 1 6
20150106 9 3 4
20150106 5 9 7
20150106 8 3 6
20150106 7 1 4
20150106 2 7 9
20150106 3 4 5
20150106 7 9 4
20150106 9 7 4
20150218 7 3 1
20150218 7 2 4
20150218 3 2 5
20150218 4 2 7
20150218 3 2 5
20150218 1 2 7
20150218 3 7 2
20150218 7 4 1
20150218 3 1 9
20150218 5 3 8
20150219 1 3 7
20150219 3 1 5
20150219 2 7 1
20150219 5 2 3
20150219 3 1 7
20150219 3 1 6
20150219 1 5 3
20150219 3 4 1
20150219 1 3 5
20150219 3 2 5
20150220 3 7 2
20150220 1 2 4
20150220 2 7 4
20150220 7 2 1
20150220 9 7 3
20150220 1 5 9
20150220 7 2 1
20150220 1 8 7
20150220 4 1 6
20150220 7 1 9
20150228 1 7 3
20150228 3 2 5
20150228 3 9 4
20150228 1 3 4
20150228 4 7 2
20150228 5 9 1
20150228 1 8 5
20150228 9 3 6
20150228 9 1 4
20150228 2 3 7
20150228 3 1 4
20150228 7 1 4
20150301 3 5 8
20150301 2 5 7
20150301 9 2 7
20150301 1 7 5
20150301 3 1 6
20150301 1 5 4
20150301 7 1 9
20150301 1 2 7
20150301 1 9 3
20150301 1 9 5
20150301 2 1 7
20150301 1 9 5
20150302 7 5 3
20150302 9 6 7
20150302 4 7 8
20150302 6 5 2
20150302 9 1 3
20150302 1 4 3
20150302 5 1 3
20150302 2 8 9
20150302 1 5 7
20150302 2 9 6
20150302 2 1 3
20150302 7 1 4
20150303 7 2 6
20150303 1 8 9
20150303 2 5 9
20150303 7 3 4
20150303 3 2 8
20150303 5 1 4
20150303 1 7 8
20150303 5 7 9
20150303 1 5 7
20150303 5 2 9
20150303 1 9 5
20150406 1 5 7
20150406 4 1 3
20150406 7 5 2
20150406 5 1 2
20150406 3 2 7
20150406 3 8 2
20150406 1 4 8
20150406 3 5 7
20150406 3 7 5
20150406 2 7 8
20150407 7 1 4
20150407 1 7 4
20150407 5 2 7
20150407 4 5 6
20150407 1 2 3
20150407 4 1 5
20150407 4 9 8
20150407 5 3 4
20150407 5 1 9
20150407 5 7 3
20150408 2 7 4
20150408 2 3 5
20150408 1 2 4
20150408 2 1 5
20150408 6 1 4
20150408 4 2 1
20150408 1 9 5
20150408 2 3 9
20150408 2 3 1
20150408 2 1 9
20150413 1 7 4
20150413 2 9 7
20150413 2 3 7
20150413 7 1 9
20150413 5 4 7
20150413 3 2 4
20150413 2 1 7
20150413 3 7 2
20150413 5 3 9
20150413 5 3 8
20150413 7 1 9
20150414 9 2 1
20150414 5 3 9
20150414 5 1 9
20150414 7 2 8
20150414 1 2 6
20150414 2 3 8
20150414 1 3 7
20150414 2 5 9
20150414 1 9 2
20150414 5 1 9
20150414 2 7 3
20150415 3 1 4
20150415 3 9 7
20150415 1 3 7
20150415 7 1 8
20150415 9 1 6
20150415 1 7 9
20150415 6 5 9
20150415 1 2 5
20150415 3 7 1
20150415 2 9 7
20150415 8 1 3
20150610 1 2 5
20150610 3 5 9
20150610 9 2 1
20150610 5 1 2
20150610 5 1 4
20150610 3 8 2
20150610 9 7 4
20150610 9 2 6
20150610 1 7 4
20150610 1 7 9
20150610 1 5 7
20150610 3 8 6
