20120118 1 4 6
20120118 3 7 5
20120118 4 1 7
20120118 1 3 2
20120118 5 3 7
20120118 1 5 9
20120118 5 2 7
20120118 8 2 7
20120118 3 1 9
20120118 5 2 9
20120118 5 7 1
20120119 7 4 1
20120119 3 6 4
20120119 3 2 6
20120119 1 7 4
20120119 3 7 1
20120119 8 2 5
20120119 9 7 2
20120119 1 7 4
20120119 2 6 1
20120119 1 9 3
20120119 5 7 1
20120120 3 5 2
20120120 3 2 4
20120120 3 1 7
20120120 1 3 5
20120120 3 2 5
20120120 5 3 2
20120120 5 7 6
20120120 6 2 3
20120120 2 7 9
20120120 3 4 5
20120120 3 2 7
20120130 4 3 5
20120130 9 1 3
20120130 7 2 3
20120130 3 1 5
20120130 3 7 6
20120130 8 4 2
20120130 2 9 5
20120130 2 5 3
20120130 1 7 9
20120130 5 1 4
20120130 2 1 9
20120130 4 9 3
20120131 5 3 2
20120131 3 7 8
20120131 2 7 1
20120131 3 7 8
20120131 7 2 3
20120131 9 6 4
20120131 1 4 2
20120131 1 2 4
20120131 1 7 8
20120131 9 4 5
20120131 9 2 4
20120131 1 7 4
20120201 1 2 3
20120201 2 7 4
20120201 2 7 9
20120201 5 1 2
20120201 9 1 4
20120201 9 6 2
20120201 2 4 9
20120201 2 7 5
20120201 9 3 5
20120201 3 2 7
20120201 2 1 6
20120201 3 4 5
20120314 5 3 2
20120314 5 1 3
20120314 1 5 2
20120314 5 1 3
20120314 3 1 7
20120314 9 7 1
20120314 3 9 7
20120314 4 6 3
20120314 2 7 3
20120314 1 5 3
20120314 2 3 9
20120315 7 4 3
20120315 1 3 5
20120315 5 3 2
20120315 4 7 6
20120315 1 5 3
20120315 5 3 2
20120315 5 2 7
20120315 8 1 7
20120315 8 7 1
20120315 3 2 5
20120315 1 5 7
20120315 5 2 1
20120316 1 7 5
20120316 2 4 7
20120316 1 5 6
20120316 1 4 7
20120316 3 1 9
20120316 7 2 9
20120316 1 7 9
20120316 7 5 3
20120316 3 5 1
20120316 2 1 6
20120316 7 1 9
20120328 3 5 1
20120328 7 3 9
20120328 3 8 9
20120328 1 4 3
20120328 6 1 9
20120328 2 3 9
20120328 3 7 5
20120328 8 1 3
20120328 1 2 7
20120328 4 3 7
20120328 1 7 2
20120328 9 1 8
20120329 7 4 3
20120329 1 3 7
20120329 2 1 9
20120329 3 7 1
20120329 5 9 4
20120329 3 7 4
20120329 1 2 3
20120329 2 1 9
20120329 7 4 1
20120329 1 7 9
20120329 8 1 9
20120329 3 2 9
20120330 9 3 7
20120330 5 3 6
20120330 9 2 7
20120330 7 1 4
20120330 6 9 1
20120330 1 5 4
20120330 3 7 4
20120330 1 6 2
20120330 3 1 2
20120330 1 2 9
20120330 3 7 8
20120330 8 3 2
20120403 3 8 9
20120403 3 9 5
20120403 2 9 7
20120403 9 2 5
20120403 5 7 3
20120403 7 1 9
20120403 2 5 9
20120403 1 9 8
20120403 9 7 3
20120403 2 5 1
20120403 7 1 2
20120403 9 5 4
20120404 3 6 9
20120404 5 7 9
20120404 5 7 1
20120404 2 3 4
20120404 7 3 9
20120404 7 3 1
20120404 3 6 1
20120404 5 2 9
20120404 4 6 8
20120404 2 1 6
20120404 3 5 7
20120404 9 5 1
20120405 1 3 5
20120405 5 9 6
20120405 2 3 4
20120405 2 9 1
20120405 7 1 8
20120405 7 3 5
20120405 3 1 2
20120405 2 5 3
20120405 3 7 9
20120405 5 1 6
20120405 2 1 9
20120405 3 1 4
20120416 5 1 4
20120416 3 7 2
20120416 1 3 7
20120416 4 1 5
20120416 4 7 1
20120416 5 7 1
20120416 6 7 1
20120416 1 2 7
20120416 3 5 1
20120416 1 9 4
20120416 9 2 1
20120417 3 2 7
20120417 7 2 4
20120417 1 3 7
20120417 5 7 3
20120417 4 5 7
20120417 2 9 3
20120417 2 9 3
20120417 7 3 9
20120417 5 7 1
20120417 3 1 6
20120417 3 9 1
20120418 4 3 2
20120418 2 7 1
20120418 6 4 2
20120418 3 5 2
20120418 3 5 8
20120418 7 3 2
20120418 3 5 7
20120418 9 2 1
20120418 3 2 1
20120418 7 1 5
20120418 7 4 8
20120509 2 5 7
20120509 1 5 2
20120509 5 1 8
20120509 2 9 3
20120509 6 3 9
20120509 5 7 8
20120509 2 9 7
20120509 1 3 2
20120509 1 3 7
20120509 5 1 2
20120509 2 9 4
20120509 9 2 7
20120510 1 5 4
20120510 5 9 2
20120510 3 9 1
20120510 9 3 5
20120510 2 5 9
20120510 8 3 7
20120510 3 8 1
20120510 8 2 3
20120510 1 2 4
20120510 8 3 2
20120510 7 5 9
20120510 2 7 3
20120511 5 9 3
20120511 7 5 2
20120511 5 1 2
20120511 1 9 7
20120511 2 7 3
20120511 5 7 9
20120511 4 9 7
20120511 2 3 4
20120511 5 2 9
20120511 2 4 9
20120511 3 1 4
20120511 3 2 1
20120526 2 4 1
20120526 5 2 4
20120526 7 4 2
20120526 6 5 3
20120526 1 5 2
20120526 2 1 7
20120526 1 3 2
20120526 9 2 5
20120526 1 9 5
20120526 4 9 6
20120526 4 9 7
20120526 7 8 4
20120527 3 2 7
20120527 6 2 4
20120527 3 7 4
20120527 3 1 4
20120527 3 7 1
20120527 7 4 3
20120527 7 2 9
20120527 3 9 6
20120527 3 4 1
20120527 9 2 3
20120527 7 1 4
20120528 3 5 4
20120528 7 3 4
20120528 5 2 1
20120528 2 6 4
20120528 5 7 2
20120528 9 1 5
20120528 1 5 3
20120528 5 1 3
20120528 9 3 4
20120528 3 4 1
20120528 7 3 5
20120528 7 3 1
20120607 5 2 1
20120607 3 1 7
20120607 1 5 3
20120607 3 4 1
20120607 1 7 2
20120607 7 5 9
20120607 9 1 5
20120607 3 4 8
20120607 9 1 7
20120607 7 1 2
20120607 7 3 4
20120608 5 1 7
20120608 5 2 1
20120608 2 7 1
20120608 2 7 1
20120608 3 5 1
20120608 5 1 4
20120608 4 3 1
20120608 3 7 5
20120608 1 7 9
20120608 5 2 9
20120608 1 9 2
20120609 7 2 3
20120609 4 3 5
20120609 2 7 5
20120609 5 2 7
20120609 5 2 7
20120609 3 8 7
20120609 1 7 3
20120609 1 9 7
20120609 7 2 1
20120609 7 2 3
20120609 5 4 2
20120609 3 9 2
20120709 1 3 2
20120709 7 3 2
20120709 3 5 7
20120709 5 7 4
20120709 2 5 7
20120709 2 5 3
20120709 5 1 7
20120709 9 2 5
20120709 1 7 4
20120709 5 1 9
20120709 1 8 9
20120710 2 5 6
20120710 3 1 6
20120710 1 2 5
20120710 7 4 3
20120710 3 2 4
20120710 7 9 2
20120710 8 7 9
20120710 1 7 8
20120710 3 2 7
20120710 1 2 7
20120710 6 1 3
20120711 7 2 5
20120711 4 2 7
20120711 1 4 2
20120711 2 4 5
20120711 2 4 1
20120711 1 6 3
20120711 3 8 2
20120711 2 9 7
20120711 7 4 3
20120711 2 1 3
20120711 3 5 2
20120801 2 7 5
20120801 5 1 9
20120801 7 1 4
20120801 2 9 1
20120801 2 9 5
20120801 2 9 6
20120801 1 3 8
20120801 2 4 7
20120801 9 2 3
20120801 9 1 4
20120801 2 1 5
20120801 5 2 1
20120801 1 5 7
20120802 5 1 3
20120802 3 2 4
20120802 3 1 7
20120802 7 8 3
20120802 9 3 1
20120802 3 7 1
20120802 3 7 2
20120802 8 1 3
20120802 8 2 3
20120802 2 3 4
20120802 2 3 9
20120802 2 1 6
20120802 7 2 3
20120803 4 6 3
20120803 1 9 8
20120803 3 1 5
20120803 7 1 5
20120803 1 7 5
20120803 3 5 7
20120803 3 1 4
20120803 7 1 5
20120803 5 3 2
20120803 1 5 2
20120803 3 9 2
20120823 7 3 6
20120823 5 1 7
20120823 3 5 7
20120823 1 5 7
20120823 3 2 5
20120823 8 1 5
20120823 5 7 1
20120823 4 9 1
20120823 5 9 1
20120823 1 3 5
20120823 7 1 5
20120824 2 3 1
20120824 7 1 4
20120824 2 5 3
20120824 1 4 6
20120824 1 4 2
20120824 2 9 1
20120824 5 3 1
20120824 7 2 5
20120824 3 1 2
20120824 3 2 5
20120824 2 1 9
20120825 4 2 5
20120825 2 7 5
20120825 1 7 5
20120825 7 5 6
20120825 1 5 3
20120825 9 3 8
20120825 4 9 7
20120825 4 9 2
20120825 3 6 7
20120825 2 4 7
20120825 9 3 5
20120903 5 1 2
20120903 2 4 6
20120903 2 1 7
20120903 5 3 7
20120903 1 3 5
20120903 3 4 2
20120903 5 1 2
20120903 2 7 8
20120903 5 9 2
20120903 5 7 8
20120903 5 7 3
20120904 1 2 7
20120904 5 2 6
20120904 3 5 4
20120904 7 1 5
20120904 3 2 7
20120904 2 5 1
20120904 1 7 8
20120904 9 6 5
20120904 5 3 8
20120904 2 1 4
20120904 3 5 7
20120905 5 1 3
20120905 2 5 1
20120905 2 3 4
20120905 4 3 1
20120905 2 1 9
20120905 5 9 6
20120905 2 7 4
20120905 2 8 4
20120905 5 4 7
20120905 3 5 2
20120905 7 1 4
20120922 2 9 4
20120922 8 7 1
20120922 3 1 8
20120922 2 9 5
20120922 7 9 1
20120922 9 2 4
20120922 3 9 6
20120922 5 1 4
20120922 2 7 4
20120922 9 7 2
20120922 2 9 3
20120923 3 7 9
20120923 5 7 1
20120923 7 2 8
20120923 5 2 4
20120923 2 7 1
20120923 3 2 1
20120923 5 2 4
20120923 7 1 5
20120923 1 7 2
20120923 1 9 8
20120923 1 9 8
20120924 9 1 8
20120924 9 8 5
20120924 5 7 3
20120924 1 9 8
20120924 5 2 6
20120924 7 1 2
20120924 3 2 4
20120924 7 2 9
20120924 2 5 1
20120924 3 2 1
20120924 2 9 4
20120925 3 1 2
20120925 9 7 4
20120925 9 1 5
20120925 6 7 2
20120925 5 3 9
20120925 2 5 7
20120925 8 2 7
20120925 4 6 1
20120925 5 2 8
20120925 9 3 5
20120925 9 3 2
20121013 5 3 2
20121013 7 2 5
20121013 7 1 4
20121013 3 7 5
20121013 3 2 1
20121013 3 8 9
20121013 9 4 1
20121013 5 1 9
20121013 3 5 7
20121013 3 5 4
20121013 2 3 4
20121014 7 2 5
20121014 1 5 7
20121014 2 4 5
20121014 2 4 7
20121014 5 3 1
20121014 7 1 6
20121014 1 7 9
20121014 3 6 5
20121014 2 1 7
20121014 1 9 4
20121014 5 2 7
20121014 5 1 8
20121015 2 5 1
20121015 7 5 3
20121015 3 4 5
20121015 2 5 7
20121015 5 6 1
20121015 2 4 9
20121015 9 7 8
20121015 1 3 8
20121015 9 3 7
20121015 3 4 2
20121015 2 7 5
20121029 3 2 4
20121029 5 3 1
20121029 5 2 1
20121029 3 1 6
20121029 1 4 3
20121029 2 9 7
20121029 3 1 4
20121029 9 3 6
20121029 7 1 5
20121029 7 1 3
20121029 7 3 2
20121030 2 5 7
20121030 2 3 5
20121030 3 1 5
20121030 1 5 2
20121030 7 2 4
20121030 7 3 8
20121030 7 3 4
20121030 3 5 8
20121030 9 2 3
20121030 2 7 9
20121030 1 9 4
20121031 2 5 7
20121031 5 2 6
20121031 3 1 5
20121031 2 4 6
20121031 2 9 3
20121031 5 1 9
20121031 1 7 4
20121031 1 3 9
20121031 1 5 2
20121031 3 7 1
20121031 3 5 9
20121105 5 1 3
20121105 7 1 3
20121105 3 1 7
20121105 1 3 4
20121105 2 4 1
20121105 2 6 7
20121105 2 1 5
20121105 4 3 2
20121105 2 9 5
20121105 5 2 7
20121105 6 5 2
20121106 2 5 1
20121106 4 3 1
20121106 3 7 4
20121106 3 5 6
20121106 2 7 1
20121106 5 3 6
20121106 5 8 2
20121106 2 3 7
20121106 1 7 4
20121106 1 2 3
20121106 5 3 2
20121107 2 7 4
20121107 1 5 4
20121107 3 1 6
20121107 5 2 7
20121107 7 9 2
20121107 3 4 6
20121107 1 3 2
20121107 1 7 5
20121107 5 1 2
20121107 1 2 7
20121107 1 9 3
20121113 9 5 3
20121113 1 9 7
20121113 9 5 1
20121113 7 2 4
20121113 3 7 9
20121113 4 5 6
20121113 7 1 3
20121113 1 7 2
20121113 5 1 8
20121113 3 9 1
20121113 1 8 7
20121114 9 3 7
20121114 7 9 4
20121114 7 5 1
20121114 7 4 9
20121114 5 4 9
20121114 7 1 9
20121114 1 5 3
20121114 5 4 8
20121114 7 8 5
20121114 3 2 7
20121114 3 1 9
20121115 9 7 3
20121115 7 3 9
20121115 3 1 7
20121115 5 1 3
20121115 3 1 7
20121115 2 8 4
20121115 7 3 4
20121115 2 3 4
20121115 3 8 2
20121115 9 3 6
20121115 5 3 1
20121203 3 1 5
20121203 1 2 7
20121203 7 3 2
20121203 7 2 5
20121203 5 2 3
20121203 5 2 1
20121203 1 6 5
20121203 5 1 3
20121203 1 5 7
20121203 9 3 4
20121203 1 7 8
20121204 2 3 5
20121204 3 1 5
20121204 1 7 3
20121204 5 2 3
20121204 7 3 2
20121204 9 1 6
20121204 2 9 7
20121204 7 2 9
20121204 5 9 4
20121204 1 7 5
20121204 3 2 1
20121205 5 1 2
20121205 3 1 4
20121205 1 5 6
20121205 5 7 2
20121205 3 2 9
20121205 4 1 3
20121205 1 3 2
20121205 2 3 9
20121205 7 1 4
20121205 2 1 6
20121205 2 8 7
20130104 2 7 1
20130104 1 4 5
20130104 5 3 1
20130104 2 1 7
20130104 3 4 7
20130104 7 2 8
20130104 9 1 4
20130104 8 7 2
20130104 7 1 4
20130104 1 3 5
20130104 5 1 6
20130105 2 7 4
20130105 5 1 2
20130105 5 2 1
20130105 7 3 5
20130105 7 1 4
20130105 7 1 3
20130105 2 5 7
20130105 9 2 5
20130105 7 2 6
20130105 1 5 3
20130105 1 2 6
20130106 5 4 2
20130106 1 2 4
20130106 5 1 3
20130106 4 7 2
20130106 7 1 8
20130106 2 9 1
20130106 2 5 9
20130106 2 4 8
20130106 5 3 1
20130106 2 5 3
20130106 3 2 9
20130109 9 1 2
20130109 5 7 9
20130109 2 9 3
20130109 3 7 1
20130109 2 9 5
20130109 1 5 2
20130109 9 7 5
20130109 7 2 8
20130109 7 5 8
20130109 5 4 1
20130109 5 8 3
20130110 2 5 9
20130110 6 9 7
20130110 9 5 1
20130110 8 3 7
20130110 3 7 2
20130110 7 1 8
20130110 8 7 3
20130110 2 1 7
20130110 2 7 4
20130110 1 6 3
20130110 9 1 3
20130111 2 9 4
20130111 7 1 5
20130111 5 9 2
20130111 3 9 2
20130111 1 9 5
20130111 8 1 9
20130111 3 4 2
20130111 8 2 7
20130111 1 7 9
20130111 1 5 4
20130111 3 7 2
20130215 4 3 1
20130215 1 3 4
20130215 4 7 6
20130215 2 4 1
20130215 7 3 2
20130215 1 9 4
20130215 6 1 5
20130215 1 4 6
20130215 1 7 5
20130215 6 4 3
20130215 8 6 2
20130325 3 9 8
20130325 1 9 5
20130325 9 6 5
20130325 3 5 1
20130325 7 3 2
20130325 5 1 3
20130325 9 8 5
20130325 3 2 7
20130325 3 7 1
20130325 5 1 7
20130325 2 4 9
20130326 6 1 9
20130326 2 3 4
20130326 9 5 7
20130326 1 5 7
20130326 1 3 7
20130326 7 1 3
20130326 5 3 4
20130326 1 7 3
20130326 7 1 2
20130326 3 7 1
20130326 1 5 7
20130327 7 3 1
20130327 2 3 7
20130327 3 5 1
20130327 2 5 1
20130327 8 9 1
20130327 1 7 4
20130327 2 4 1
20130327 2 6 5
20130327 6 7 3
20130327 5 9 2
20130327 2 6 3
20130401 7 1 4
20130401 5 2 7
20130401 9 5 2
20130401 9 5 3
20130401 1 7 2
20130401 1 7 5
20130401 6 7 2
20130401 2 4 7
20130401 9 2 5
20130401 3 9 5
20130401 7 3 1
20130401 6 1 9
20130402 7 5 2
20130402 7 1 5
20130402 5 6 2
20130402 9 4 5
20130402 1 3 2
20130402 2 5 3
20130402 8 1 2
20130402 9 3 5
20130402 3 1 8
20130402 7 8 5
20130402 9 1 7
20130403 9 3 5
20130403 5 1 4
20130403 1 3 5
20130403 1 9 2
20130403 3 7 9
20130403 5 2 8
20130403 5 6 3
20130403 9 6 2
20130403 5 7 2
20130403 1 2 3
20130403 2 3 9
20130424 7 4 3
20130424 2 7 1
20130424 3 7 1
20130424 2 7 6
20130424 1 5 2
20130424 3 2 7
20130424 7 1 3
20130424 5 2 3
20130424 9 3 4
20130424 7 2 1
20130425 1 3 2
20130425 5 2 4
20130425 7 4 5
20130425 2 1 5
20130425 7 2 4
20130425 2 5 9
20130425 1 2 9
20130425 7 1 9
20130425 1 9 2
20130425 1 2 4
20130426 1 5 7
20130426 1 6 2
20130426 2 3 4
20130426 7 5 2
20130426 9 2 1
20130426 1 2 7
20130426 6 4 7
20130426 2 1 9
20130426 5 4 7
20130426 1 5 4
20130518 5 2 3
20130518 5 1 3
20130518 7 1 2
20130518 7 1 4
20130518 5 3 4
20130518 9 2 1
20130518 8 3 9
20130518 2 4 1
20130518 7 3 8
20130518 3 7 9
20130519 5 2 4
20130519 3 2 6
20130519 2 4 7
20130519 2 6 4
20130519 1 7 4
20130519 9 2 1
20130519 3 5 6
20130519 5 2 7
20130519 7 2 9
20130519 1 7 5
20130520 1 4 3
20130520 2 3 4
20130520 6 5 3
20130520 4 1 3
20130520 5 9 6
20130520 5 7 1
20130520 3 2 9
20130520 3 5 7
20130520 7 3 2
20130520 2 7 8
20130531 2 5 7
20130531 2 7 6
20130531 3 1 4
20130531 5 2 6
20130531 3 1 4
20130531 9 5 2
20130531 9 3 5
20130531 7 3 1
20130531 5 1 9
20130531 7 4 3
20130601 7 3 4
20130601 2 7 5
20130601 2 7 3
20130601 3 1 5
20130601 3 5 1
20130601 3 6 7
20130601 3 8 1
20130601 1 9 4
20130601 2 1 3
20130601 3 5 9
20130601 3 9 5
20130602 5 1 4
20130602 1 2 5
20130602 4 1 2
20130602 3 7 2
20130602 5 9 3
20130602 2 4 3
20130602 2 5 3
20130602 1 5 2
20130602 2 4 5
20130602 5 9 3
20130607 5 6 1
20130607 1 7 4
20130607 5 2 7
20130607 3 7 1
20130607 7 5 1
20130607 2 9 3
20130607 7 2 1
20130607 1 5 4
20130607 3 9 5
20130607 8 7 2
20130608 5 6 4
20130608 5 1 7
20130608 3 4 1
20130608 5 7 2
20130608 1 3 7
20130608 4 7 8
20130608 3 4 2
20130608 3 7 1
20130608 9 3 7
20130608 5 7 1
20130609 3 4 5
20130609 5 1 4
20130609 6 2 3
20130609 7 4 1
20130609 2 7 1
20130609 1 3 5
20130609 2 1 3
20130609 5 1 7
20130609 2 3 4
20130609 9 2 4
20130701 2 9 3
20130701 1 4 2
20130701 7 1 3
20130701 1 3 7
20130701 5 1 9
20130701 3 2 9
20130701 2 9 5
20130701 1 3 6
20130701 7 2 3
20130701 7 1 5
20130701 9 3 4
20130702 7 9 8
20130702 1 6 9
20130702 4 1 2
20130702 5 2 1
20130702 2 7 4
20130702 9 6 7
20130702 2 8 1
20130702 7 2 6
20130702 5 7 1
20130702 5 1 2
20130702 1 8 3
20130703 2 9 1
20130703 7 5 3
20130703 8 5 3
20130703 8 3 9
20130703 2 5 9
20130703 8 3 1
20130703 1 7 5
20130703 4 1 2
20130703 2 5 7
20130703 2 1 5
20130703 2 7 4
20130709 7 3 6
20130709 5 2 3
20130709 3 5 4
20130709 5 1 3
20130709 7 1 3
20130709 1 7 5
20130709 8 3 7
20130709 8 3 9
20130709 3 7 5
20130709 7 3 5
20130709 1 7 9
20130709 3 2 9
20130710 3 7 1
20130710 4 2 1
20130710 1 3 2
20130710 4 7 2
20130710 7 2 3
20130710 1 4 2
20130710 5 3 9
20130710 5 9 3
20130710 5 9 1
20130710 5 1 2
20130710 1 5 2
20130711 3 2 4
20130711 4 2 3
20130711 4 7 2
20130711 7 4 1
20130711 4 1 3
20130711 4 1 2
20130711 5 3 1
20130711 1 7 4
20130711 7 5 2
20130711 7 2 6
20130814 5 7 6
20130814 5 1 3
20130814 7 5 1
20130814 1 2 4
20130814 3 1 6
20130814 1 7 2
20130814 5 1 2
20130814 3 7 8
20130814 5 9 3
20130814 1 6 4
20130815 3 4 5
20130815 7 1 4
20130815 1 2 7
20130815 4 3 1
20130815 5 3 4
20130815 2 9 7
20130815 7 2 6
20130815 1 5 2
20130815 2 9 4
20130815 1 7 5
20130816 1 5 3
20130816 2 5 1
20130816 7 4 1
20130816 7 1 3
20130816 2 4 3
20130816 3 4 6
20130816 2 5 6
20130816 3 1 7
20130816 1 5 6
20130816 1 5 4
20130828 4 3 7
20130828 5 7 9
20130828 1 7 5
20130828 9 2 7
20130828 8 1 5
20130828 2 1 3
20130828 2 1 5
20130828 5 2 9
20130828 1 3 7
20130828 5 9 7
20130828 3 9 4
20130828 1 5 3
20130829 4 2 9
20130829 6 4 9
20130829 2 7 3
20130829 5 1 3
20130829 5 2 9
20130829 2 4 1
20130829 3 7 2
20130829 6 2 3
20130829 4 1 7
20130829 2 4 7
20130829 5 2 9
20130829 5 3 9
20130830 7 1 9
20130830 9 5 6
20130830 3 7 6
20130830 2 9 5
20130830 5 1 7
20130830 5 3 7
20130830 2 4 1
20130830 6 2 3
20130830 4 6 1
20130830 7 1 4
20130830 1 5 8
20130830 7 2 5
20130919 3 7 1
20130919 7 4 5
20130919 7 3 2
20130919 2 7 3
20130919 1 3 7
20130919 5 3 7
20130919 5 2 1
20130919 3 5 1
20130919 5 7 1
20130919 9 1 2
20130920 5 4 1
20130920 3 5 1
20130920 5 1 2
20130920 1 4 5
20130920 4 1 3
20130920 5 2 4
20130920 2 8 1
20130920 6 1 2
20130920 2 7 9
20130920 1 7 2
20130921 2 7 5
20130921 3 1 2
20130921 5 1 3
20130921 7 2 5
20130921 7 5 2
20130921 7 8 9
20130921 3 2 1
20130921 1 9 2
20130921 8 3 2
20130921 5 3 1
20131005 9 2 7
20131005 3 8 5
20131005 3 7 1
20131005 2 3 4
20131005 3 2 4
20131005 2 5 1
20131005 5 2 9
20131005 9 5 7
20131005 2 4 5
20131005 5 7 2
20131005 3 7 1
20131005 3 7 4
20131005 2 7 9
20131006 3 7 8
20131006 1 7 4
20131006 1 7 3
20131006 3 1 6
20131006 3 6 1
20131006 3 1 2
20131006 9 8 4
20131006 7 3 6
20131006 1 2 7
20131006 7 2 9
20131006 8 3 5
20131006 1 3 7
20131007 9 4 7
20131007 3 7 9
20131007 3 9 6
20131007 3 7 5
20131007 2 8 3
20131007 4 3 1
20131007 7 9 5
20131007 9 5 1
20131007 1 2 9
20131007 2 1 3
20131007 8 5 2
20131008 5 8 7
20131008 7 6 1
20131008 9 4 6
20131008 5 2 3
20131008 7 2 1
20131008 7 5 9
20131008 1 7 8
20131008 3 7 6
20131008 1 2 7
20131008 3 9 5
20131008 3 2 1
20131022 7 9 3
20131022 9 2 5
20131022 3 7 8
20131022 7 4 3
20131022 5 2 7
20131022 8 1 4
20131022 1 8 7
20131022 9 5 2
20131022 6 2 9
20131022 1 9 5
20131022 9 2 4
20131023 5 7 4
20131023 7 3 2
20131023 5 1 3
20131023 3 7 4
20131023 2 5 1
20131023 5 2 1
20131023 2 9 3
20131023 9 1 3
20131023 3 6 1
20131023 8 3 9
20131023 1 2 9
20131024 3 8 5
20131024 4 3 6
20131024 2 7 1
20131024 1 7 2
20131024 3 8 4
20131024 3 5 1
20131024 3 1 7
20131024 1 4 5
20131024 1 7 8
20131024 1 8 4
20131024 1 7 3
20131106 1 5 9
20131106 7 3 2
20131106 9 2 3
20131106 3 7 1
20131106 7 1 4
20131106 2 7 6
20131106 3 5 2
20131106 9 1 4
20131106 2 1 5
20131106 2 9 7
20131106 2 4 6
20131107 2 3 9
20131107 9 4 7
20131107 1 5 8
20131107 2 3 9
20131107 2 5 3
20131107 3 1 6
20131107 3 2 7
20131107 9 2 3
20131107 3 9 5
20131107 3 5 8
20131107 5 3 2
20131108 8 3 2
20131108 3 7 1
20131108 4 1 3
20131108 5 2 7
20131108 7 2 4
20131108 5 2 3
20131108 2 5 8
20131108 5 1 9
20131108 5 3 2
20131108 1 7 2
20131108 5 7 3
20131115 5 7 2
20131115 2 4 1
20131115 7 1 5
20131115 3 5 4
20131115 1 7 4
20131115 2 7 1
20131115 7 3 4
20131115 9 2 7
20131115 2 9 5
20131115 2 9 3
20131115 3 5 2
20131115 7 3 4
20131116 4 1 3
20131116 7 1 5
20131116 2 3 4
20131116 7 4 1
20131116 3 7 5
20131116 3 7 6
20131116 1 6 2
20131116 3 4 9
20131116 4 2 9
20131116 5 2 4
20131116 1 7 9
20131116 1 5 2
20131117 3 4 2
20131117 1 7 3
20131117 4 2 5
20131117 2 6 3
20131117 5 6 3
20131117 2 9 7
20131117 4 3 2
20131117 5 4 3
20131117 4 3 9
20131117 2 5 1
20131117 2 9 3
20131117 5 3 2
20140111 5 1 7
20140111 2 1 4
20140111 7 1 4
20140111 5 2 7
20140111 3 6 5
20140111 3 5 1
20140111 9 3 2
20140111 2 6 9
20140111 9 1 5
20140111 1 7 9
20140112 1 5 3
20140112 2 3 7
20140112 1 3 6
20140112 6 1 4
20140112 5 4 7
20140112 4 1 2
20140112 6 8 2
20140112 5 3 1
20140112 5 1 3
20140112 1 7 5
20140113 1 4 2
20140113 2 5 1
20140113 4 7 2
20140113 2 5 4
20140113 3 1 5
20140113 9 2 4
20140113 6 2 7
20140113 6 7 2
20140113 2 7 6
20140113 5 4 1
20140113 9 1 8
20140128 6 8 7
20140128 5 2 3
20140128 6 1 2
20140128 5 4 7
20140128 4 2 1
20140128 1 5 2
20140128 1 7 4
20140128 7 4 8
20140128 3 9 5
20140128 7 3 2
20140128 2 7 1
20140129 2 4 6
20140129 9 4 2
20140129 4 9 2
20140129 4 5 7
20140129 7 1 3
20140129 9 1 8
20140129 9 3 7
20140129 7 1 3
20140129 7 1 3
20140129 5 1 9
20140129 3 7 1
20140129 3 7 5
20140130 1 2 7
20140130 9 3 1
20140130 1 3 7
20140130 4 3 6
20140130 2 6 5
20140130 4 1 3
20140130 9 1 2
20140130 7 3 1
20140130 5 1 9
20140130 1 9 5
20140130 7 8 3
20140212 2 4 5
20140212 5 3 7
20140212 1 3 5
20140212 7 2 3
20140212 1 5 2
20140212 7 8 3
20140212 3 7 2
20140212 9 2 5
20140212 3 9 7
20140212 2 1 7
20140213 4 1 5
20140213 1 4 6
20140213 7 1 3
20140213 4 2 5
20140213 5 7 4
20140213 7 8 5
20140213 5 4 7
20140213 7 9 1
20140213 2 1 7
20140213 6 2 5
20140214 3 5 2
20140214 5 2 1
20140214 7 1 2
20140214 1 4 3
20140214 5 2 4
20140214 9 3 5
20140214 8 7 2
20140214 5 7 3
20140214 4 1 7
20140214 3 9 8
20140324 2 9 7
20140324 9 1 5
20140324 5 1 8
20140324 9 8 2
20140324 7 1 2
20140324 4 2 1
20140324 3 4 5
20140324 1 7 8
20140324 3 2 9
20140324 7 4 5
20140324 6 1 3
20140325 2 5 1
20140325 5 3 1
20140325 8 2 7
20140325 4 2 6
20140325 5 9 2
20140325 6 9 2
20140325 7 3 1
20140325 1 2 4
20140325 1 4 9
20140325 4 6 1
20140325 7 5 1
20140326 1 7 2
20140326 9 3 6
20140326 2 5 1
20140326 1 7 3
20140326 2 9 7
20140326 5 3 9
20140326 7 4 2
20140326 4 1 2
20140326 1 9 4
20140326 5 8 9
20140326 9 3 1
20140402 3 2 4
20140402 1 3 7
20140402 2 7 1
20140402 7 2 3
20140402 2 7 3
20140402 3 5 7
20140402 9 2 1
20140402 7 9 2
20140402 2 7 5
20140402 1 2 8
20140403 1 5 4
20140403 5 6 7
20140403 3 2 7
20140403 3 2 5
20140403 1 3 5
20140403 5 7 3
20140403 8 9 7
20140403 3 1 5
20140403 7 3 1
20140403 7 3 1
20140404 5 2 7
20140404 1 3 2
20140404 3 6 2
20140404 1 3 2
20140404 3 1 5
20140404 1 5 7
20140404 8 6 2
20140404 6 8 1
20140404 5 8 9
20140404 3 5 9
20140409 1 3 7
20140409 7 2 3
20140409 9 1 4
20140409 1 2 6
20140409 9 6 3
20140409 1 4 3
20140409 9 2 4
20140409 1 8 9
20140409 9 5 2
20140409 2 7 3
20140409 4 1 9
20140410 4 2 7
20140410 7 3 6
20140410 4 2 6
20140410 2 1 5
20140410 3 1 2
20140410 1 5 4
20140410 4 1 9
20140410 7 2 8
20140410 7 5 1
20140410 7 1 2
20140410 5 8 3
20140411 5 7 9
20140411 6 4 5
20140411 2 8 9
20140411 2 4 6
20140411 3 7 1
20140411 6 3 5
20140411 7 2 3
20140411 7 1 9
20140411 9 1 3
20140411 5 2 1
20140411 1 2 3
20140626 5 2 4
20140626 4 2 3
20140626 7 2 5
20140626 7 5 2
20140626 2 1 4
20140626 7 4 3
20140626 7 1 3
20140626 7 2 5
20140626 5 3 7
20140626 3 1 6
20140626 6 4 3
20140627 3 4 1
20140627 1 5 3
20140627 5 7 3
20140627 1 5 4
20140627 3 4 1
20140627 1 8 7
20140627 7 1 3
20140627 2 7 5
20140627 3 2 5
20140627 1 5 7
20140628 3 5 6
20140628 2 3 5
20140628 4 6 3
20140628 2 1 7
20140628 4 6 5
20140628 5 3 2
20140628 3 5 7
20140628 1 2 3
20140628 2 7 3
20140628 5 2 3
20140722 2 8 3
20140722 2 7 9
20140722 8 9 1
20140722 5 3 7
20140722 7 1 2
20140722 9 2 7
20140722 1 9 5
20140722 4 1 8
20140722 2 7 1
20140722 7 3 5
20140722 9 3 8
20140723 5 4 7
20140723 7 1 8
20140723 5 3 1
20140723 1 4 5
20140723 5 7 9
20140723 5 1 2
20140723 7 1 5
20140723 3 4 1
20140723 7 5 2
20140723 5 2 3
20140723 5 3 9
20140724 2 7 9
20140724 2 3 4
20140724 5 7 1
20140724 1 6 3
20140724 7 2 3
20140724 2 1 5
20140724 9 4 2
20140724 3 5 9
20140724 4 2 7
20140724 2 4 5
20140724 1 2 7
20140814 3 4 2
20140814 2 7 1
20140814 3 1 2
20140814 2 3 4
20140814 3 7 4
20140814 1 4 5
20140814 7 2 9
20140814 7 5 2
20140814 5 2 7
20140814 6 5 7
20140815 1 7 3
20140815 3 2 1
20140815 2 6 3
20140815 1 6 5
20140815 1 5 3
20140815 7 6 8
20140815 8 2 5
20140815 1 5 8
20140815 9 5 2
20140815 5 1 9
20140816 5 6 2
20140816 5 4 6
20140816 2 7 3
20140816 3 4 7
20140816 4 1 5
20140816 7 5 4
20140816 9 6 1
20140816 9 2 1
20140816 4 3 2
20140816 4 2 5
20140908 7 2 8
20140908 9 1 8
20140908 3 8 2
20140908 1 7 5
20140908 9 2 7
20140908 2 4 8
20140908 2 5 9
20140908 9 4 3
20140908 3 4 1
20140908 7 2 9
20140908 9 4 6
20140909 4 1 2
20140909 1 4 6
20140909 7 8 2
20140909 8 7 2
20140909 2 7 1
20140909 3 7 9
20140909 6 2 4
20140909 7 4 1
20140909 7 5 3
20140909 9 1 7
20140909 3 7 8
20140909 5 1 7
20140910 9 7 2
20140910 7 8 4
20140910 9 1 6
20140910 3 5 2
20140910 7 9 4
20140910 5 1 6
20140910 2 5 6
20140910 7 1 9
20140910 9 7 5
20140910 2 6 7
20140910 3 5 4
20140927 2 7 1
20140927 4 3 5
20140927 3 4 2
20140927 2 1 7
20140927 5 2 4
20140927 3 1 5
20140927 7 2 3
20140927 7 4 1
20140927 1 7 2
20140927 7 3 5
20140927 9 1 2
20140927 5 1 7
20140928 4 7 1
20140928 1 7 3
20140928 2 4 7
20140928 3 7 1
20140928 5 2 7
20140928 5 7 4
20140928 2 6 3
20140928 7 1 3
20140928 1 5 2
20140928 2 7 9
20140928 8 3 1
20140928 9 1 2
20140929 2 1 4
20140929 2 7 5
20140929 1 5 7
20140929 2 7 4
20140929 1 3 4
20140929 9 1 2
20140929 2 7 9
20140929 2 8 4
20140929 1 7 4
20140929 1 5 3
20140929 7 2 4
20140929 5 1 6
20141002 1 5 6
20141002 7 3 1
20141002 2 3 5
20141002 7 3 5
20141002 1 4 7
20141002 9 1 4
20141002 1 9 3
20141002 9 5 1
20141002 3 4 6
20141002 4 3 6
20141002 9 1 3
20141002 6 7 8
20141003 3 5 7
20141003 5 3 7
20141003 5 3 8
20141003 3 8 7
20141003 9 1 3
20141003 1 7 5
20141003 5 8 2
20141003 8 1 7
20141003 2 3 8
20141003 3 5 9
20141003 2 9 5
20141003 7 5 2
20141004 8 9 7
20141004 5 9 3
20141004 2 9 1
20141004 5 2 3
20141004 3 1 5
20141004 5 1 3
20141004 5 1 9
20141004 2 5 8
20141004 3 7 2
20141004 4 3 5
20141004 1 4 3
20141004 1 3 7
20141025 6 8 7
20141025 9 7 4
20141025 8 7 9
20141025 8 3 7
20141025 1 7 2
20141025 9 3 1
20141025 1 5 9
20141025 4 8 3
20141025 5 1 7
20141025 9 1 6
20141025 2 3 5
20141025 2 1 8
20141026 3 9 4
20141026 1 7 5
20141026 5 1 7
20141026 9 3 2
20141026 2 9 5
20141026 3 5 1
20141026 1 3 9
20141026 3 7 1
20141026 2 7 1
20141026 1 7 2
20141026 7 2 9
20141026 2 8 1
20141027 5 3 2
20141027 1 8 6
20141027 1 9 2
20141027 1 4 3
20141027 1 9 3
20141027 1 5 6
20141027 1 5 2
20141027 5 8 2
20141027 3 1 2
20141027 9 3 1
20141027 3 8 7
20141027 3 1 5
20141028 7 5 2
20141028 4 2 1
20141028 2 7 1
20141028 3 7 8
20141028 7 9 2
20141028 5 1 9
20141028 7 3 5
20141028 1 3 2
20141028 1 2 5
20141028 7 1 2
20141028 5 1 9
20141028 5 9 7
20141125 2 1 7
20141125 1 9 7
20141125 6 2 7
20141125 5 9 4
20141125 1 3 8
20141125 1 2 8
20141125 3 4 5
20141125 3 6 9
20141125 2 7 4
20141125 9 2 7
20141125 8 9 3
20141126 9 2 7
20141126 1 2 5
20141126 2 7 1
20141126 7 6 1
20141126 3 1 4
20141126 1 9 3
20141126 5 1 2
20141126 1 7 2
20141126 1 3 7
20141126 2 3 6
20141126 1 5 3
20141127 1 3 4
20141127 7 1 2
20141127 3 5 2
20141127 1 5 3
20141127 1 7 2
20141127 2 1 6
20141127 5 7 4
20141127 5 2 3
20141127 9 7 1
20141127 7 9 4
20141127 4 7 9
20141206 5 3 2
20141206 1 5 7
20141206 2 3 4
20141206 4 2 3
20141206 7 5 1
20141206 3 9 8
20141206 5 1 9
20141206 5 7 2
20141206 2 9 3
20141206 4 7 1
20141207 5 4 3
20141207 3 1 4
20141207 3 4 1
20141207 3 7 4
20141207 3 1 7
20141207 3 4 5
20141207 4 3 5
20141207 7 9 4
20141207 7 9 5
20141207 5 6 4
20141207 3 2 9
20141208 1 7 3
20141208 7 3 5
20141208 3 6 2
20141208 4 1 3
20141208 3 1 9
20141208 3 8 9
20141208 1 5 9
20141208 1 9 5
20141208 1 9 5
20141208 5 3 6
20141208 3 7 2
20141220 4 7 3
20141220 5 1 4
20141220 7 3 2
20141220 5 1 4
20141220 4 7 2
20141220 3 5 2
20141220 9 5 2
20141220 2 6 3
20141220 9 7 1
20141220 9 7 1
20141221 7 3 5
20141221 2 5 3
20141221 4 5 6
20141221 3 5 2
20141221 2 4 5
20141221 2 9 3
20141221 3 7 1
20141221 1 9 7
20141221 2 8 4
20141221 3 1 5
20141222 5 2 3
20141222 3 5 7
20141222 2 1 5
20141222 7 3 1
20141222 3 7 9
20141222 2 5 9
20141222 1 2 4
20141222 3 9 1
20141222 1 5 4
20141222 2 5 1
20150209 9 3 7
20150209 7 1 4
20150209 1 9 3
20150209 7 2 3
20150209 3 5 2
20150209 5 3 1
20150209 7 3 2
20150209 3 9 6
20150209 9 2 7
20150209 9 7 3
20150209 9 1 7
20150209 7 1 5
20150210 9 2 4
20150210 4 9 2
20150210 1 5 3
20150210 3 6 7
20150210 3 5 2
20150210 4 5 6
20150210 2 5 7
20150210 5 7 3
20150210 3 7 4
20150210 1 8 6
20150210 3 4 7
20150210 2 9 5
20150211 3 4 8
20150211 3 9 2
20150211 1 3 9
20150211 3 6 1
20150211 3 4 2
20150211 5 7 3
20150211 1 9 5
20150211 3 8 1
20150211 3 2 6
20150211 7 5 2
20150211 2 6 8
20150211 5 1 3
20150225 5 1 4
20150225 4 7 3
20150225 7 6 3
20150225 4 3 7
20150225 7 4 2
20150225 3 1 5
20150225 9 3 1
20150225 2 5 3
20150225 7 3 9
20150225 9 2 6
20150226 7 4 3
20150226 2 5 7
20150226 1 2 5
20150226 6 3 1
20150226 3 1 4
20150226 2 9 5
20150226 7 8 5
20150226 4 1 3
20150226 2 1 4
20150226 2 5 1
20150227 5 1 7
20150227 7 2 4
20150227 1 7 6
20150227 7 3 1
20150227 9 7 3
20150227 5 3 2
20150227 3 7 5
20150227 1 5 7
20150227 5 2 7
20150227 7 4 1
20150314 5 7 1
20150314 2 3 7
20150314 4 2 1
20150314 7 4 1
20150314 1 7 5
20150314 3 8 5
20150314 2 1 6
20150314 9 7 2
20150314 9 2 5
20150314 5 3 2
20150315 2 3 7
20150315 5 3 2
20150315 3 2 5
20150315 5 4 6
20150315 3 2 7
20150315 1 4 9
20150315 3 4 2
20150315 2 5 7
20150315 1 2 9
20150315 2 5 4
20150316 1 7 3
20150316 4 1 5
20150316 6 5 3
20150316 3 5 1
20150316 8 2 7
20150316 7 6 1
20150316 7 8 6
20150316 7 3 9
20150316 1 6 3
20150316 9 4 8
20150323 7 3 9
20150323 1 5 7
20150323 5 3 9
20150323 5 2 3
20150323 7 9 3
20150323 3 2 5
20150323 2 1 3
20150323 9 3 4
20150323 8 4 3
20150323 1 9 4
20150323 1 5 4
20150324 7 8 2
20150324 5 7 6
20150324 1 7 3
20150324 2 5 7
20150324 9 7 3
20150324 7 5 1
20150324 5 7 2
20150324 4 1 7
20150324 1 7 5
20150324 2 7 5
20150324 5 2 3
20150325 7 3 9
20150325 3 9 5
20150325 3 1 7
20150325 7 8 1
20150325 7 1 6
20150325 2 1 3
20150325 3 9 4
20150325 8 5 3
20150325 5 1 3
20150325 9 5 3
20150325 2 9 4
20150409 7 3 1
20150409 3 2 4
20150409 1 4 5
20150409 3 5 6
20150409 3 1 7
20150409 1 9 5
20150409 7 3 6
20150409 3 5 2
20150409 9 4 5
20150409 5 2 9
20150410 5 2 3
20150410 7 2 5
20150410 7 2 5
20150410 7 3 5
20150410 1 2 6
20150410 2 5 9
20150410 9 2 5
20150410 2 7 1
20150410 2 7 9
20150410 1 3 2
20150411 5 3 1
20150411 5 3 7
20150411 3 5 4
20150411 7 2 1
20150411 6 2 1
20150411 4 8 2
20150411 9 3 1
20150411 5 2 7
20150411 8 1 6
20150411 3 7 4
20150426 2 8 7
20150426 5 1 2
20150426 3 4 6
20150426 1 7 3
20150426 2 4 5
20150426 3 1 6
20150426 1 7 2
20150426 1 7 5
20150426 5 6 9
20150426 2 9 5
20150426 4 2 1
20150426 9 4 2
20150427 5 2 7
20150427 3 2 7
20150427 5 3 1
20150427 3 7 9
20150427 1 2 5
20150427 9 4 7
20150427 5 8 2
20150427 7 5 3
20150427 1 7 4
20150427 7 9 2
20150427 4 3 1
20150427 9 5 4
20150428 5 8 2
20150428 5 1 4
20150428 5 6 7
20150428 3 4 6
20150428 9 5 6
20150428 1 9 2
20150428 9 2 3
20150428 9 4 7
20150428 2 9 1
20150428 7 5 1
20150428 5 7 8
20150428 7 8 6
20150429 4 6 3
20150429 7 5 1
20150429 8 2 9
20150429 4 5 8
20150429 9 1 5
20150429 1 5 3
20150429 2 5 9
20150429 5 1 9
20150429 3 6 1
20150429 3 7 8
20150429 1 3 2
20150516 4 2 5
20150516 4 7 5
20150516 7 2 4
20150516 7 1 4
20150516 1 3 5
20150516 1 3 5
20150516 3 7 5
20150516 2 8 7
20150516 9 2 5
20150516 5 3 7
20150517 3 1 2
20150517 3 2 6
20150517 7 1 3
20150517 3 7 5
20150517 5 6 3
20150517 2 1 7
20150517 5 1 7
20150517 5 2 3
20150517 1 2 4
20150517 6 2 8
20150518 5 2 3
20150518 2 1 7
20150518 5 1 2
20150518 4 1 3
20150518 2 5 1
20150518 2 8 4
20150518 5 2 3
20150518 5 7 1
20150518 9 2 7
20150518 3 2 7
