20120211 1 5 2
20120211 2 4 1
20120211 5 1 2
20120211 2 1 3
20120211 3 9 2
20120211 1 3 9
20120211 5 4 6
20120211 1 5 8
20120211 4 5 9
20120211 3 5 7
20120211 2 1 4
20120212 4 5 9
20120212 1 9 6
20120212 3 2 7
20120212 7 1 5
20120212 5 3 1
20120212 3 7 6
20120212 9 1 4
20120212 2 3 9
20120212 1 2 8
20120212 1 5 3
20120212 2 9 7
20120213 7 1 9
20120213 8 1 3
20120213 2 7 5
20120213 6 1 3
20120213 3 1 7
20120213 5 7 1
20120213 5 7 1
20120213 2 1 3
20120213 5 2 1
20120213 7 2 1
20120213 3 5 2
20120214 7 3 8
20120214 4 7 2
20120214 1 6 7
20120214 1 3 5
20120214 6 5 3
20120214 1 2 3
20120214 5 1 2
20120214 2 9 1
20120214 1 9 6
20120214 1 6 4
20120214 1 3 8
20120718 7 2 3
20120718 9 1 3
20120718 7 3 9
20120718 2 5 1
20120718 5 1 2
20120718 7 4 1
20120718 5 1 8
20120718 1 5 3
20120718 5 2 1
20120718 2 5 7
20120718 1 2 9
20120719 3 1 5
20120719 2 1 5
20120719 7 1 3
20120719 3 1 9
20120719 7 3 2
20120719 5 3 9
20120719 5 1 4
20120719 7 8 3
20120719 3 2 9
20120719 8 3 7
20120719 6 3 1
20120720 3 9 5
20120720 2 9 3
20120720 3 9 1
20120720 7 8 5
20120720 3 7 5
20120720 1 3 5
20120720 2 3 8
20120720 2 1 5
20120720 5 9 8
20120720 7 1 9
20120720 1 9 4
20121001 3 5 8
20121001 7 1 4
20121001 1 7 9
20121001 1 7 5
20121001 2 1 7
20121001 2 3 6
20121001 2 3 9
20121001 2 6 3
20121001 1 2 9
20121001 1 4 7
20121001 2 4 3
20121001 5 7 1
20121002 5 1 3
20121002 9 3 2
20121002 1 5 9
20121002 5 2 8
20121002 9 1 6
20121002 3 2 1
20121002 1 6 2
20121002 1 6 2
20121002 2 9 5
20121002 9 7 1
20121002 5 2 7
20121003 2 7 5
20121003 5 6 7
20121003 3 1 5
20121003 2 4 9
20121003 5 7 1
20121003 7 3 6
20121003 2 3 1
20121003 5 3 1
20121003 3 7 1
20121003 2 1 5
20121003 2 9 4
20121106 7 3 6
20121106 9 1 7
20121106 1 7 5
20121106 2 1 5
20121106 1 9 4
20121106 8 3 4
20121106 1 5 9
20121106 1 3 5
20121106 5 7 2
20121106 2 3 4
20121106 2 4 3
20121106 3 7 9
20121107 3 2 5
20121107 1 3 2
20121107 1 3 9
20121107 2 3 1
20121107 5 7 2
20121107 2 5 6
20121107 1 6 7
20121107 3 1 5
20121107 1 2 5
20121107 9 1 3
20121107 1 8 5
20121108 9 1 3
20121108 2 8 9
20121108 2 5 1
20121108 1 9 3
20121108 3 7 4
20121108 2 8 4
20121108 5 1 3
20121108 1 2 7
20121108 3 2 8
20121108 5 2 7
20121108 5 1 7
20121203 1 2 7
20121203 7 1 6
20121203 5 4 1
20121203 7 2 6
20121203 1 7 5
20121203 4 3 2
20121203 7 2 1
20121203 5 9 1
20121203 7 9 1
20121203 3 1 5
20121203 6 8 3
20121204 4 1 2
20121204 5 3 1
20121204 1 7 6
20121204 1 2 7
20121204 2 5 3
20121204 3 1 7
20121204 1 4 7
20121204 2 1 5
20121204 1 9 4
20121204 2 9 5
20121204 2 5 3
20121205 2 5 1
20121205 3 4 5
20121205 5 4 3
20121205 7 3 4
20121205 9 1 5
20121205 1 2 6
20121205 5 7 9
20121205 2 5 9
20121205 1 8 3
20121205 3 2 1
20121205 3 2 4
20121205 1 2 3
20121225 7 1 3
20121225 1 3 5
20121225 2 1 5
20121225 3 5 1
20121225 2 7 1
20121225 5 1 3
20121225 1 4 7
20121225 9 7 5
20121225 1 7 9
20121225 3 7 8
20121225 5 2 3
20121225 7 4 9
20121226 9 3 8
20121226 3 4 7
20121226 1 5 2
20121226 1 5 2
20121226 9 2 1
20121226 4 3 1
20121226 7 2 1
20121226 2 5 1
20121226 1 5 7
20121226 3 2 7
20121226 3 7 8
20121226 2 4 8
20121227 9 7 5
20121227 2 4 7
20121227 1 3 5
20121227 7 2 4
20121227 1 3 2
20121227 2 7 4
20121227 1 9 7
20121227 3 1 4
20121227 2 5 7
20121227 3 1 2
20121227 5 3 7
20121227 1 3 9
20130110 7 3 5
20130110 3 5 6
20130110 5 1 3
20130110 5 3 1
20130110 7 4 2
20130110 9 1 3
20130110 7 3 2
20130110 1 3 2
20130110 2 7 6
20130110 9 1 2
20130110 7 6 2
20130111 2 4 1
20130111 4 1 7
20130111 3 1 7
20130111 1 4 6
20130111 3 4 2
20130111 7 1 5
20130111 2 7 5
20130111 8 2 5
20130111 1 5 3
20130111 6 3 1
20130111 3 1 9
20130112 5 1 6
20130112 5 1 6
20130112 6 7 1
20130112 1 3 5
20130112 4 8 3
20130112 7 3 2
20130112 7 4 1
20130112 1 3 9
20130112 5 7 6
20130112 3 1 6
20130112 6 1 7
20130123 5 7 1
20130123 2 4 7
20130123 1 7 2
20130123 1 7 5
20130123 2 7 6
20130123 1 7 9
20130123 3 1 8
20130123 2 6 1
20130123 6 2 1
20130123 4 2 5
20130123 5 8 6
20130124 2 5 1
20130124 6 5 4
20130124 1 6 3
20130124 5 1 6
20130124 7 4 6
20130124 2 9 4
20130124 5 9 2
20130124 2 1 6
20130124 6 9 4
20130124 2 5 9
20130124 5 1 8
20130125 4 1 5
20130125 3 6 5
20130125 5 3 2
20130125 3 5 6
20130125 3 4 5
20130125 1 3 2
20130125 2 1 5
20130125 2 5 1
20130125 9 3 1
20130125 3 6 1
20130125 4 7 5
20130125 6 1 8
20130204 3 7 2
20130204 3 7 1
20130204 7 1 3
20130204 1 5 7
20130204 1 7 3
20130204 2 5 1
20130204 5 2 8
20130204 3 5 7
20130204 9 3 1
20130204 5 1 8
20130204 8 7 2
20130205 7 1 3
20130205 4 3 5
20130205 1 4 7
20130205 2 7 6
20130205 2 3 7
20130205 9 1 5
20130205 9 8 7
20130205 8 7 1
20130205 3 1 5
20130205 2 5 1
20130205 1 5 3
20130206 2 7 1
20130206 1 4 5
20130206 4 5 1
20130206 4 3 1
20130206 2 6 8
20130206 7 3 5
20130206 1 9 2
20130206 1 5 2
20130206 5 2 6
20130206 3 7 2
20130206 1 2 9
20130223 3 1 7
20130223 7 2 5
20130223 8 5 1
20130223 9 4 2
20130223 5 9 1
20130223 9 7 4
20130223 5 1 7
20130223 1 2 9
20130223 1 9 2
20130223 3 5 1
20130223 3 5 1
20130224 7 5 9
20130224 7 9 1
20130224 3 6 2
20130224 9 2 4
20130224 2 4 1
20130224 2 5 8
20130224 5 2 3
20130224 7 9 2
20130224 5 9 4
20130224 5 6 1
20130224 1 3 4
20130224 2 5 9
20130225 1 6 7
20130225 3 7 2
20130225 1 9 4
20130225 9 1 8
20130225 3 9 4
20130225 3 7 4
20130225 2 9 5
20130225 3 7 5
20130225 2 8 7
20130225 5 1 7
20130225 1 5 7
20130226 8 7 1
20130226 6 7 9
20130226 9 2 6
20130226 1 9 2
20130226 3 2 4
20130226 3 2 5
20130226 9 6 3
20130226 3 9 2
20130226 1 3 5
20130226 3 1 5
20130226 1 2 6
20130226 9 2 7
20130226 2 5 6
20130325 7 2 3
20130325 1 7 3
20130325 7 5 2
20130325 5 3 1
20130325 1 7 3
20130325 7 3 4
20130325 5 9 2
20130325 7 1 5
20130325 7 5 1
20130325 3 1 6
20130325 1 7 5
20130326 5 2 7
20130326 7 3 5
20130326 7 2 3
20130326 3 4 1
20130326 3 2 5
20130326 1 7 5
20130326 1 5 8
20130326 7 6 2
20130326 2 1 5
20130326 1 2 3
20130326 7 3 4
20130327 7 4 1
20130327 5 1 3
20130327 3 6 4
20130327 5 6 2
20130327 7 3 6
20130327 1 6 2
20130327 1 3 2
20130327 1 3 5
20130327 1 5 9
20130327 5 2 3
20130327 4 1 9
20130408 7 2 4
20130408 3 5 4
20130408 2 7 3
20130408 1 3 7
20130408 1 2 7
20130408 7 3 1
20130408 4 2 7
20130408 2 5 1
20130408 2 9 7
20130408 7 1 8
20130409 2 5 4
20130409 4 2 1
20130409 4 7 5
20130409 7 6 3
20130409 7 5 1
20130409 9 2 3
20130409 1 7 6
20130409 7 1 2
20130409 5 3 2
20130409 7 5 1
20130410 3 1 5
20130410 3 1 4
20130410 7 3 2
20130410 4 3 6
20130410 1 6 4
20130410 1 9 5
20130410 7 2 1
20130410 1 5 3
20130410 4 7 5
20130410 4 1 7
20130417 5 3 9
20130417 5 1 7
20130417 8 3 9
20130417 2 3 9
20130417 7 2 4
20130417 1 9 2
20130417 7 1 5
20130417 5 7 3
20130417 3 1 9
20130417 5 1 2
20130417 8 3 6
20130418 1 2 9
20130418 5 3 2
20130418 4 8 2
20130418 1 7 3
20130418 9 2 3
20130418 2 9 3
20130418 3 5 7
20130418 7 2 1
20130418 1 6 9
20130418 1 9 2
20130418 3 8 2
20130419 2 8 7
20130419 4 9 2
20130419 9 7 8
20130419 1 7 8
20130419 5 9 1
20130419 3 6 1
20130419 5 4 9
20130419 3 4 7
20130419 1 7 3
20130419 7 9 2
20130419 1 5 7
20130521 1 4 3
20130521 1 4 7
20130521 1 5 7
20130521 9 2 3
20130521 5 2 1
20130521 3 9 1
20130521 7 8 2
20130521 9 2 7
20130521 2 5 9
20130521 1 9 2
20130521 2 7 9
20130522 1 4 8
20130522 2 6 7
20130522 1 3 9
20130522 5 1 2
20130522 1 5 6
20130522 5 3 2
20130522 8 5 3
20130522 5 3 9
20130522 4 3 1
20130522 3 4 7
20130522 1 2 5
20130523 3 9 2
20130523 2 5 6
20130523 1 5 7
20130523 9 4 2
20130523 5 3 6
20130523 3 2 5
20130523 6 2 7
20130523 8 9 2
20130523 7 5 2
20130523 4 1 7
20130523 7 2 3
20130604 7 2 4
20130604 3 7 5
20130604 7 1 5
20130604 3 7 2
20130604 1 7 5
20130604 5 8 7
20130604 2 4 8
20130604 7 1 9
20130604 1 3 5
20130604 7 3 2
20130605 7 3 1
20130605 1 5 3
20130605 2 7 1
20130605 3 1 7
20130605 7 3 2
20130605 5 7 1
20130605 9 2 7
20130605 1 6 5
20130605 3 9 7
20130605 9 1 7
20130606 2 1 3
20130606 3 7 1
20130606 1 5 4
20130606 7 1 3
20130606 2 9 1
20130606 8 4 5
20130606 4 1 7
20130606 1 3 7
20130606 7 5 1
20130606 7 5 3
20130606 1 2 4
20130618 7 1 2
20130618 7 4 3
20130618 5 1 6
20130618 5 3 4
20130618 7 1 2
20130618 7 3 1
20130618 2 5 7
20130618 1 9 5
20130618 7 1 2
20130618 5 1 7
20130619 7 2 1
20130619 4 3 7
20130619 5 2 4
20130619 1 2 7
20130619 4 5 3
20130619 1 5 9
20130619 1 3 5
20130619 1 9 2
20130619 3 7 4
20130619 1 4 5
20130620 4 1 3
20130620 4 2 1
20130620 1 6 3
20130620 6 3 7
20130620 1 7 2
20130620 7 1 4
20130620 2 7 5
20130620 2 8 6
20130620 4 7 1
20130620 5 2 1
20130716 2 4 5
20130716 2 7 3
20130716 3 4 1
20130716 3 1 5
20130716 3 1 6
20130716 1 2 4
20130716 1 7 2
20130716 7 1 4
20130716 1 4 7
20130716 4 5 1
20130716 3 2 1
20130717 1 7 3
20130717 4 1 3
20130717 4 7 1
20130717 1 6 5
20130717 3 4 5
20130717 1 5 3
20130717 1 2 7
20130717 4 6 1
20130717 5 1 3
20130717 2 4 8
20130718 4 7 2
20130718 7 2 4
20130718 3 2 7
20130718 2 1 5
20130718 1 9 2
20130718 2 7 8
20130718 9 2 6
20130718 5 3 4
20130718 2 1 7
20130718 7 8 2
20130805 3 7 2
20130805 1 5 6
20130805 9 1 3
20130805 5 2 3
20130805 3 1 7
20130805 7 2 4
20130805 9 1 2
20130805 1 7 3
20130805 7 4 3
20130805 4 7 1
20130805 3 9 7
20130806 1 5 9
20130806 1 2 7
20130806 9 1 3
20130806 3 5 2
20130806 1 5 3
20130806 7 1 2
20130806 3 5 7
20130806 4 1 5
20130806 2 7 8
20130806 7 2 8
20130806 3 2 6
20130806 1 3 9
20130807 2 8 5
20130807 5 3 6
20130807 1 2 9
20130807 3 9 8
20130807 2 4 1
20130807 3 5 9
20130807 1 8 5
20130807 8 5 6
20130807 2 5 9
20130807 8 5 7
20130807 2 1 5
20130819 5 3 7
20130819 5 1 2
20130819 1 5 2
20130819 1 5 2
20130819 2 4 5
20130819 9 4 3
20130819 9 2 5
20130819 1 9 5
20130819 7 5 2
20130819 5 7 9
20130820 1 4 7
20130820 1 4 3
20130820 7 1 4
20130820 5 3 6
20130820 1 5 3
20130820 7 1 5
20130820 2 7 5
20130820 7 2 3
20130820 1 9 3
20130820 3 2 6
20130821 1 3 2
20130821 3 1 5
20130821 7 1 4
20130821 7 1 6
20130821 1 2 5
20130821 1 7 3
20130821 4 3 7
20130821 2 9 3
20130821 8 2 9
20130821 3 2 1
20130821 2 8 5
20130831 7 1 4
20130831 2 5 3
20130831 7 1 2
20130831 2 7 1
20130831 6 4 3
20130831 1 3 2
20130831 1 5 2
20130831 8 3 5
20130831 7 1 6
20130831 2 9 3
20130831 3 2 5
20130831 5 1 8
20130901 4 5 7
20130901 1 2 7
20130901 2 1 3
20130901 5 3 7
20130901 5 2 6
20130901 1 4 5
20130901 5 3 7
20130901 1 2 4
20130901 7 5 4
20130901 6 3 1
20130901 3 2 9
20130901 1 5 2
20130902 5 2 6
20130902 7 2 4
20130902 1 7 2
20130902 7 3 5
20130902 6 1 4
20130902 1 2 4
20130902 9 4 7
20130902 6 7 3
20130902 5 7 1
20130902 3 1 4
20130902 3 4 2
20130902 3 1 9
20130918 5 1 3
20130918 1 2 3
20130918 5 4 1
20130918 7 3 1
20130918 1 5 3
20130918 2 4 8
20130918 2 1 3
20130918 1 2 9
20130918 1 8 7
20130918 9 1 2
20130919 3 7 5
20130919 4 1 5
20130919 5 1 3
20130919 1 3 7
20130919 4 2 5
20130919 2 5 8
20130919 7 1 9
20130919 1 2 4
20130919 1 7 9
20130919 2 9 1
20130920 2 3 7
20130920 7 4 2
20130920 6 4 5
20130920 3 6 5
20130920 5 2 9
20130920 2 9 5
20130920 3 5 4
20130920 9 1 3
20130920 1 5 3
20130920 2 9 7
20131002 1 5 7
20131002 7 2 9
20131002 2 5 1
20131002 1 3 9
20131002 7 5 9
20131002 5 1 9
20131002 1 5 7
20131002 1 7 5
20131002 1 7 2
20131002 1 7 5
20131002 1 9 2
20131003 1 7 5
20131003 1 3 5
20131003 7 4 9
20131003 1 3 9
20131003 1 4 5
20131003 2 5 1
20131003 9 5 3
20131003 9 8 6
20131003 1 3 5
20131003 1 3 4
20131003 8 3 4
20131004 1 8 3
20131004 9 5 1
20131004 7 8 5
20131004 8 3 9
20131004 1 7 5
20131004 8 2 3
20131004 4 9 3
20131004 3 2 5
20131004 8 3 9
20131004 3 1 8
20131004 2 9 1
20131024 1 7 5
20131024 1 4 3
20131024 2 1 3
20131024 1 3 5
20131024 5 1 7
20131024 3 8 1
20131024 1 9 5
20131024 2 9 3
20131024 1 7 9
20131024 2 6 5
20131025 7 5 2
20131025 1 4 2
20131025 2 3 5
20131025 2 1 7
20131025 4 3 2
20131025 9 4 8
20131025 1 5 3
20131025 7 3 1
20131025 5 2 9
20131025 1 5 7
20131026 1 3 5
20131026 4 7 1
20131026 4 7 2
20131026 1 5 2
20131026 7 2 1
20131026 1 3 4
20131026 5 2 1
20131026 2 3 7
20131026 4 2 3
20131026 1 7 8
20131031 2 3 5
20131031 5 1 2
20131031 5 3 1
20131031 7 3 1
20131031 2 5 1
20131031 2 1 5
20131031 5 2 7
20131031 3 4 7
20131031 1 2 7
20131031 3 1 5
20131101 3 7 2
20131101 2 5 1
20131101 2 7 4
20131101 5 4 1
20131101 1 4 7
20131101 3 6 7
20131101 1 5 7
20131101 2 5 1
20131101 9 1 4
20131101 2 5 1
20131102 1 2 4
20131102 5 6 3
20131102 1 4 3
20131102 5 3 4
20131102 9 3 2
20131102 8 5 7
20131102 5 8 6
20131102 2 5 4
20131102 3 7 4
20131102 7 8 4
20131223 1 5 2
20131223 5 2 1
20131223 5 1 2
20131223 1 3 4
20131223 7 1 4
20131223 4 1 3
20131223 5 7 3
20131223 2 5 8
20131223 2 7 4
20131223 9 5 2
20131223 1 3 7
20131223 5 2 3
20131224 1 4 7
20131224 4 1 7
20131224 1 7 4
20131224 5 2 7
20131224 1 6 5
20131224 5 3 2
20131224 2 7 1
20131224 6 7 5
20131224 8 1 2
20131224 8 2 1
20131224 1 9 7
20131224 5 1 2
20131224 9 3 1
20131224 2 5 1
20131225 1 7 2
20131225 7 6 4
20131225 2 7 6
20131225 2 6 5
20131225 4 1 6
20131225 7 3 5
20131225 2 1 7
20131225 7 2 9
20131225 9 1 2
20131225 3 6 1
20131225 5 1 7
20131225 3 1 7
20131231 7 9 1
20131231 1 9 5
20131231 3 5 7
20131231 2 9 7
20131231 7 8 5
20131231 4 8 6
20131231 7 5 2
20131231 7 2 5
20131231 2 5 9
20131231 2 9 3
20131231 2 9 7
20131231 4 7 1
20140101 8 5 6
20140101 5 6 2
20140101 5 2 4
20140101 9 2 5
20140101 5 9 2
20140101 1 9 3
20140101 2 3 4
20140101 1 5 9
20140101 2 9 7
20140101 9 7 5
20140101 1 5 3
20140102 8 6 2
20140102 4 3 2
20140102 9 1 3
20140102 3 4 1
20140102 5 1 4
20140102 5 3 2
20140102 5 1 6
20140102 2 8 7
20140102 4 9 3
20140102 5 7 8
20140102 5 6 7
20140115 1 3 4
20140115 1 7 3
20140115 7 5 1
20140115 5 2 3
20140115 3 7 1
20140115 1 7 2
20140115 5 1 2
20140115 3 2 7
20140115 8 1 2
20140115 8 1 6
20140116 6 5 1
20140116 5 1 7
20140116 5 7 4
20140116 1 2 3
20140116 5 7 1
20140116 7 1 2
20140116 7 1 4
20140116 7 1 5
20140116 1 7 5
20140116 1 7 9
20140117 1 4 5
20140117 3 2 6
20140117 2 3 4
20140117 1 3 4
20140117 5 1 7
20140117 3 7 1
20140117 2 9 4
20140117 7 4 9
20140117 3 2 4
20140117 8 1 4
20140209 3 1 7
20140209 3 7 5
20140209 7 8 4
20140209 5 6 8
20140209 2 4 1
20140209 8 7 5
20140209 3 1 5
20140209 1 5 2
20140209 9 2 5
20140209 3 7 8
20140209 5 3 1
20140209 5 3 2
20140210 9 5 7
20140210 5 1 3
20140210 5 3 1
20140210 1 2 4
20140210 1 5 4
20140210 8 2 5
20140210 3 5 8
20140210 8 2 9
20140210 1 5 6
20140210 1 6 5
20140210 7 9 6
20140210 1 2 9
20140210 7 9 4
20140211 8 5 9
20140211 9 2 7
20140211 9 1 2
20140211 9 2 1
20140211 4 6 2
20140211 5 1 3
20140211 2 1 7
20140211 9 4 2
20140211 9 4 8
20140211 5 9 4
20140211 1 2 6
20140211 2 5 8
20140211 5 3 2
20140212 1 4 5
20140212 2 7 1
20140212 6 2 3
20140212 2 9 6
20140212 6 5 1
20140212 2 3 6
20140212 7 1 3
20140212 3 6 7
20140212 3 4 2
20140212 1 3 7
20140212 1 3 8
20140212 7 4 6
20140311 5 2 3
20140311 7 1 2
20140311 2 4 8
20140311 9 4 5
20140311 1 5 6
20140311 4 3 2
20140311 4 6 7
20140311 3 7 9
20140311 2 5 4
20140311 3 7 5
20140311 8 2 9
20140312 5 2 3
20140312 1 9 5
20140312 2 9 6
20140312 3 5 6
20140312 7 8 9
20140312 1 2 7
20140312 3 6 1
20140312 2 3 5
20140312 3 5 1
20140312 2 1 3
20140312 2 5 8
20140313 3 4 8
20140313 7 1 8
20140313 8 4 2
20140313 5 7 6
20140313 2 5 1
20140313 1 3 2
20140313 5 7 9
20140313 7 5 9
20140313 3 1 8
20140313 9 8 3
20140313 2 7 4
20140313 5 4 1
20140409 7 3 5
20140409 7 3 1
20140409 7 1 3
20140409 5 2 1
20140409 3 4 5
20140409 3 2 5
20140409 2 8 1
20140409 9 3 1
20140409 7 1 3
20140409 2 5 3
20140410 4 1 2
20140410 2 4 5
20140410 3 7 1
20140410 3 1 7
20140410 2 5 1
20140410 8 7 1
20140410 7 5 9
20140410 1 4 7
20140410 8 7 2
20140410 9 3 2
20140411 4 2 1
20140411 1 3 5
20140411 7 2 1
20140411 4 2 3
20140411 7 5 8
20140411 1 5 3
20140411 5 7 9
20140411 3 4 2
20140411 4 3 6
20140411 8 5 2
20140521 9 1 7
20140521 9 7 3
20140521 3 5 1
20140521 8 5 4
20140521 7 9 2
20140521 4 6 2
20140521 9 3 5
20140521 4 5 3
20140521 7 1 5
20140521 3 1 6
20140521 7 3 9
20140522 9 1 3
20140522 8 1 5
20140522 8 1 7
20140522 6 2 1
20140522 1 9 7
20140522 3 4 1
20140522 3 2 5
20140522 4 8 6
20140522 3 6 8
20140522 1 3 6
20140522 5 2 4
20140522 1 6 4
20140523 4 7 5
20140523 7 1 4
20140523 3 5 8
20140523 4 5 2
20140523 5 3 2
20140523 8 3 6
20140523 9 3 8
20140523 9 5 3
20140523 2 9 4
20140523 2 4 1
20140523 5 1 7
20140609 1 5 6
20140609 5 1 7
20140609 3 5 1
20140609 1 7 2
20140609 2 7 1
20140609 9 1 3
20140609 1 5 3
20140609 9 2 1
20140609 1 3 5
20140609 9 7 3
20140610 1 4 2
20140610 4 1 2
20140610 3 2 5
20140610 4 2 3
20140610 4 5 2
20140610 9 4 1
20140610 9 4 2
20140610 2 1 5
20140610 1 2 4
20140610 1 2 5
20140610 2 1 3
20140611 5 6 3
20140611 7 2 1
20140611 2 1 3
20140611 1 4 5
20140611 2 9 5
20140611 1 7 3
20140611 2 3 5
20140611 2 7 5
20140611 7 2 5
20140611 8 3 4
20140619 3 1 2
20140619 7 2 1
20140619 6 1 5
20140619 2 7 1
20140619 5 7 1
20140619 5 1 7
20140619 7 1 2
20140619 7 5 1
20140619 7 5 1
20140619 1 5 2
20140619 1 5 9
20140619 2 7 6
20140620 2 5 3
20140620 1 5 4
20140620 2 1 5
20140620 5 1 4
20140620 2 7 5
20140620 2 1 7
20140620 7 5 1
20140620 1 7 6
20140620 5 1 3
20140620 7 6 4
20140620 1 5 9
20140620 7 5 1
20140621 7 1 5
20140621 4 6 1
20140621 1 7 2
20140621 4 6 2
20140621 7 5 4
20140621 2 5 1
20140621 9 4 5
20140621 5 9 8
20140621 5 6 1
20140621 7 1 4
20140621 6 3 7
20140621 2 9 6
20140714 4 3 2
20140714 7 5 9
20140714 3 9 2
20140714 9 3 1
20140714 5 9 2
20140714 7 9 1
20140714 3 2 1
20140714 7 3 2
20140714 3 5 9
20140714 7 6 5
20140714 7 2 9
20140715 9 1 3
20140715 1 5 4
20140715 9 3 1
20140715 1 2 5
20140715 1 7 3
20140715 7 1 5
20140715 2 6 7
20140715 9 7 2
20140715 5 1 6
20140715 7 4 9
20140715 8 7 3
20140716 5 2 9
20140716 5 2 9
20140716 9 3 5
20140716 7 9 2
20140716 5 2 8
20140716 7 1 3
20140716 2 1 7
20140716 6 3 2
20140716 1 7 9
20140716 5 1 9
20140716 4 1 2
20140811 2 9 7
20140811 7 1 4
20140811 1 9 4
20140811 1 9 2
20140811 1 7 2
20140811 4 2 7
20140811 3 2 7
20140811 4 3 5
20140811 7 9 1
20140811 2 4 9
20140811 2 9 4
20140812 2 9 5
20140812 9 2 3
20140812 8 5 3
20140812 3 7 5
20140812 2 1 9
20140812 7 8 1
20140812 9 7 8
20140812 2 7 6
20140812 1 9 7
20140812 2 9 7
20140812 4 5 3
20140813 9 3 5
20140813 7 3 9
20140813 1 5 9
20140813 7 5 3
20140813 9 7 3
20140813 9 2 8
20140813 8 2 9
20140813 1 5 3
20140813 2 9 1
20140813 5 9 8
20140813 1 5 3
20140829 6 2 4
20140829 4 7 2
20140829 3 5 7
20140829 1 3 2
20140829 1 5 7
20140829 4 2 1
20140829 6 3 4
20140829 3 1 8
20140829 1 9 2
20140829 8 2 1
20140829 5 2 9
20140829 1 2 4
20140830 1 5 7
20140830 5 2 4
20140830 1 3 7
20140830 5 1 2
20140830 1 7 3
20140830 3 6 4
20140830 2 5 4
20140830 7 9 1
20140830 7 9 8
20140830 2 1 9
20140830 2 5 3
20140830 2 1 5
20140831 6 7 5
20140831 7 5 3
20140831 4 7 3
20140831 1 5 7
20140831 4 2 5
20140831 3 8 9
20140831 3 4 8
20140831 1 3 4
20140831 6 4 7
20140831 4 2 3
20140831 2 4 1
20140831 3 8 1
20140924 1 7 5
20140924 9 5 7
20140924 1 9 4
20140924 4 7 1
20140924 3 2 1
20140924 8 4 5
20140924 2 5 8
20140924 7 3 5
20140924 1 3 4
20140924 5 7 8
20140924 5 3 2
20140925 6 8 1
20140925 3 9 7
20140925 3 1 9
20140925 4 6 5
20140925 3 2 7
20140925 1 5 2
20140925 9 3 2
20140925 7 9 2
20140925 7 1 5
20140925 5 7 3
20140925 2 1 9
20140926 6 9 1
20140926 5 1 4
20140926 9 2 3
20140926 7 3 1
20140926 8 5 1
20140926 9 3 5
20140926 1 2 5
20140926 4 1 5
20140926 1 7 8
20140926 1 9 3
20140926 8 3 1
20141006 5 7 1
20141006 1 7 5
20141006 4 7 2
20141006 6 7 1
20141006 7 1 3
20141006 9 7 5
20141006 5 1 3
20141006 9 2 7
20141006 5 1 2
20141006 2 7 4
20141007 5 6 3
20141007 4 2 1
20141007 1 6 4
20141007 5 1 3
20141007 1 4 2
20141007 7 8 9
20141007 2 1 7
20141007 1 7 3
20141007 9 1 7
20141007 3 2 4
20141008 2 5 3
20141008 4 7 1
20141008 3 7 4
20141008 1 4 6
20141008 5 2 4
20141008 1 9 2
20141008 5 6 1
20141008 1 5 9
20141008 5 1 7
20141008 4 2 1
20141011 2 7 5
20141011 5 2 3
20141011 7 1 3
20141011 7 5 3
20141011 5 2 4
20141011 3 9 7
20141011 3 7 1
20141011 1 9 3
20141011 2 5 3
20141011 4 6 2
20141012 7 2 4
20141012 7 1 5
20141012 5 4 7
20141012 3 4 1
20141012 4 5 3
20141012 9 3 2
20141012 4 1 3
20141012 9 1 5
20141012 1 9 5
20141012 7 5 3
20141014 7 3 4
20141014 7 1 3
20141014 7 6 3
20141014 3 5 2
20141014 8 7 6
20141014 3 5 8
20141014 1 5 7
20141014 4 2 7
20141014 1 2 4
20141014 2 6 8
20141113 2 9 6
20141113 5 9 2
20141113 2 9 3
20141113 2 7 1
20141113 3 1 9
20141113 1 7 2
20141113 4 1 2
20141113 5 1 7
20141113 7 2 8
20141113 1 8 6
20141113 1 7 3
20141113 2 9 5
20141114 2 5 3
20141114 6 9 8
20141114 1 4 3
20141114 3 4 2
20141114 7 2 9
20141114 8 2 3
20141114 3 5 1
20141114 7 1 2
20141114 1 5 7
20141114 8 4 5
20141114 2 3 4
20141114 5 3 1
20141115 3 5 7
20141115 2 7 1
20141115 4 8 2
20141115 7 5 6
20141115 5 7 4
20141115 5 3 4
20141115 2 8 1
20141115 7 1 3
20141115 9 5 8
20141115 2 4 8
20141115 1 5 2
20141115 2 9 6
20141116 9 5 3
20141116 3 7 1
20141116 9 1 2
20141116 9 7 5
20141116 5 2 8
20141116 1 9 7
20141116 1 9 3
20141116 1 7 5
20141116 3 5 7
20141116 5 2 9
20141116 3 9 4
20141224 5 1 3
20141224 3 1 7
20141224 5 3 7
20141224 2 1 4
20141224 1 7 3
20141224 5 4 2
20141224 5 2 7
20141224 9 1 5
20141224 5 1 7
20141224 3 5 1
20141225 7 4 2
20141225 3 7 6
20141225 4 7 3
20141225 3 5 4
20141225 3 1 7
20141225 3 8 1
20141225 7 2 3
20141225 5 9 2
20141225 9 5 2
20141225 1 3 6
20141225 7 3 9
20141226 2 5 3
20141226 5 2 3
20141226 1 5 3
20141226 7 1 4
20141226 6 1 5
20141226 6 5 1
20141226 2 1 9
20141226 2 7 1
20141226 2 7 1
20141226 7 1 6
20141226 7 9 5
20150119 1 7 4
20150119 5 3 1
20150119 7 4 3
20150119 7 9 6
20150119 1 7 2
20150119 2 4 7
20150119 4 8 5
20150119 6 7 1
20150119 9 5 1
20150119 8 2 5
20150119 2 5 9
20150120 1 5 4
20150120 4 2 3
20150120 9 2 8
20150120 4 1 8
20150120 3 9 5
20150120 3 5 6
20150120 7 3 1
20150120 9 8 3
20150120 1 7 2
20150120 5 1 2
20150120 1 3 2
20150121 5 1 8
20150121 5 9 1
20150121 1 3 5
20150121 2 1 3
20150121 9 1 5
20150121 1 7 3
20150121 9 1 6
20150121 3 2 4
20150121 7 2 1
20150121 1 9 3
20150121 2 8 4
20150128 3 1 5
20150128 2 4 5
20150128 7 1 4
20150128 5 1 3
20150128 1 4 7
20150128 1 7 2
20150128 3 7 2
20150128 9 4 3
20150128 2 7 1
20150128 1 3 2
20150129 3 7 1
20150129 7 3 5
20150129 7 5 1
20150129 4 2 7
20150129 1 6 3
20150129 1 4 6
20150129 8 6 5
20150129 3 9 2
20150129 7 2 8
20150129 2 7 8
20150130 7 2 6
20150130 1 4 5
20150130 7 4 2
20150130 1 4 6
20150130 2 7 3
20150130 2 7 1
20150130 5 2 3
20150130 2 3 1
20150130 2 9 1
20150206 9 2 1
20150206 2 5 7
20150206 5 3 1
20150206 8 1 7
20150206 7 2 9
20150206 9 5 8
20150206 2 8 4
20150206 3 5 9
20150206 2 1 5
20150206 2 7 1
20150206 4 3 8
20150207 5 7 2
20150207 4 8 1
20150207 5 3 9
20150207 7 9 3
20150207 2 1 7
20150207 7 8 1
20150207 1 2 7
20150207 2 8 5
20150207 3 7 2
20150207 1 8 3
20150207 5 3 1
20150208 3 4 5
20150208 9 1 4
20150208 1 6 2
20150208 3 5 2
20150208 1 3 7
20150208 2 9 8
20150208 3 1 2
20150208 3 2 5
20150208 9 1 7
20150208 3 9 4
20150208 4 3 2
20150314 5 7 8
20150314 9 7 1
20150314 1 9 4
20150314 2 3 8
20150314 1 8 2
20150314 1 3 7
20150314 6 5 1
20150314 2 3 9
20150314 7 2 3
20150314 1 7 2
20150314 1 9 3
20150314 5 4 1
20150315 1 8 5
20150315 3 9 8
20150315 5 2 3
20150315 9 1 4
20150315 2 1 3
20150315 7 6 2
20150315 5 1 6
20150315 2 5 7
20150315 2 9 4
20150315 1 6 3
20150315 4 9 7
20150315 9 2 3
20150316 3 4 8
20150316 1 2 4
20150316 5 1 2
20150316 1 3 6
20150316 3 1 6
20150316 2 1 6
20150316 1 5 3
20150316 6 8 3
20150316 2 5 1
20150316 9 1 2
20150316 3 8 1
20150316 1 2 5
20150316 1 7 5
20150326 5 4 6
20150326 3 5 1
20150326 4 1 7
20150326 5 3 2
20150326 4 3 6
20150326 2 8 5
20150326 9 1 2
20150326 2 3 9
20150326 1 3 9
20150326 2 4 1
20150327 2 1 3
20150327 4 1 7
20150327 5 3 6
20150327 3 4 7
20150327 7 3 1
20150327 7 1 4
20150327 1 7 5
20150327 4 3 2
20150327 5 1 7
20150327 5 2 1
20150328 7 3 4
20150328 1 2 5
20150328 7 1 4
20150328 2 7 6
20150328 9 5 3
20150328 7 2 3
20150328 2 8 1
20150328 5 3 1
20150328 1 5 3
20150328 9 2 7
20150507 3 7 4
20150507 3 2 7
20150507 4 1 3
20150507 2 7 4
20150507 2 3 7
20150507 2 4 1
20150507 7 1 4
20150507 1 7 5
20150507 7 9 1
20150507 5 1 2
20150507 9 2 1
20150507 8 2 5
20150508 3 1 4
20150508 4 1 3
20150508 2 4 6
20150508 5 7 6
20150508 1 4 3
20150508 5 1 7
20150508 2 3 5
20150508 7 1 4
20150508 2 6 9
20150508 7 2 4
20150508 7 1 2
20150508 5 2 3
20150509 5 7 3
20150509 1 3 2
20150509 4 2 7
20150509 1 3 6
20150509 7 3 1
20150509 1 5 3
20150509 1 3 7
20150509 3 9 6
20150509 2 7 9
20150509 4 3 1
20150509 1 7 4
20150509 2 9 1
20150603 7 1 4
20150603 1 7 5
20150603 4 3 1
20150603 1 3 5
20150603 5 7 1
20150603 7 3 4
20150603 1 5 8
20150603 1 2 5
20150603 1 5 9
20150603 3 1 2
20150604 1 5 7
20150604 2 1 3
20150604 2 7 5
20150604 5 1 3
20150604 1 6 2
20150604 2 1 7
20150604 9 4 7
20150604 2 3 9
20150604 3 9 5
20150604 5 1 6
20150605 7 1 4
20150605 2 4 1
20150605 6 1 2
20150605 5 4 7
20150605 1 2 3
20150605 1 9 7
20150605 2 1 3
20150605 4 9 5
20150605 7 1 2
20150605 2 1 4
