20120305 5 8 3
20120305 7 3 2
20120305 2 3 5
20120305 7 3 1
20120305 2 7 9
20120305 2 8 7
20120305 5 3 1
20120305 5 2 1
20120305 7 3 9
20120305 5 7 2
20120305 3 7 2
20120305 6 1 2
20120306 5 1 9
20120306 7 9 6
20120306 1 8 4
20120306 1 2 3
20120306 7 5 1
20120306 9 7 8
20120306 4 5 1
20120306 9 1 3
20120306 1 9 3
20120306 1 7 5
20120306 5 6 3
20120306 8 6 5
20120307 7 3 4
20120307 1 2 4
20120307 7 8 2
20120307 6 8 9
20120307 1 6 2
20120307 5 4 6
20120307 2 1 6
20120307 9 2 8
20120307 5 1 8
20120307 9 4 8
20120307 1 7 3
20120307 3 2 5
