20120705 5 1 2
20120705 3 5 4
20120705 3 2 1
20120705 5 2 3
20120705 5 3 2
20120705 7 9 1
20120705 5 3 9
20120705 2 5 1
20120705 5 3 2
20120705 2 7 3
20120705 2 3 7
20120706 8 1 9
20120706 9 2 5
20120706 9 3 5
20120706 3 9 4
20120706 6 4 8
20120706 7 1 9
20120706 5 1 6
20120706 7 2 8
20120706 8 2 5
20120706 2 1 9
20120706 3 8 5
20120707 5 3 7
20120707 8 5 1
20120707 1 9 2
20120707 5 8 3
20120707 2 1 9
20120707 7 5 2
20120707 1 2 7
20120707 1 2 9
20120707 1 3 2
20120707 7 2 8
20120707 3 1 4
20120707 3 9 4
20120708 9 7 2
20120708 2 5 1
20120708 9 1 4
20120708 8 4 2
20120708 1 3 8
20120708 5 2 7
20120708 7 2 9
20120708 9 5 2
20120708 2 1 8
20120708 5 2 1
20120708 2 3 9
20120725 1 5 8
20120725 2 9 3
20120725 7 3 1
20120725 9 2 7
20120725 7 1 2
20120725 7 3 6
20120725 9 7 3
20120725 9 1 7
20120725 7 4 9
20120725 9 1 5
20120725 1 4 3
20120726 5 9 1
20120726 1 3 6
20120726 8 1 9
20120726 7 3 4
20120726 1 4 9
20120726 1 2 7
20120726 1 6 5
20120726 1 9 5
20120726 3 2 1
20120726 5 9 3
20120726 2 3 1
20120727 3 8 5
20120727 9 1 7
20120727 9 1 5
20120727 5 7 1
20120727 7 2 6
20120727 1 5 2
20120727 1 4 7
20120727 2 5 4
20120727 1 5 9
20120727 7 1 5
20120727 9 6 5
20120804 5 3 7
20120804 4 2 1
20120804 3 4 7
20120804 5 1 3
20120804 2 3 5
20120804 9 1 7
20120804 3 5 9
20120804 4 3 2
20120804 5 1 9
20120804 3 2 4
20120804 9 2 5
20120805 1 6 2
20120805 3 7 5
20120805 1 7 4
20120805 5 2 7
20120805 1 5 4
20120805 2 1 4
20120805 7 6 3
20120805 1 3 2
20120805 3 6 2
20120805 5 8 4
20120805 2 9 8
20120806 2 5 7
20120806 3 5 7
20120806 1 7 2
20120806 3 6 1
20120806 3 5 1
20120806 9 1 2
20120806 7 1 3
20120806 1 7 6
20120806 8 3 1
20120806 2 5 7
20120806 5 2 3
20120813 1 2 5
20120813 5 6 9
20120813 3 5 7
20120813 8 7 2
20120813 8 7 2
20120813 1 6 9
20120813 5 2 3
20120813 2 9 3
20120813 3 5 9
20120813 1 7 3
20120813 9 2 1
20120814 1 9 6
20120814 2 8 9
20120814 1 2 3
20120814 3 7 1
20120814 9 7 2
20120814 9 7 5
20120814 1 7 3
20120814 2 7 1
20120814 1 7 9
20120814 2 4 7
20120814 4 1 9
20120815 7 9 4
20120815 7 4 2
20120815 3 1 5
20120815 1 6 7
20120815 1 6 7
20120815 3 4 2
20120815 1 2 4
20120815 8 4 5
20120815 2 3 5
20120815 1 4 2
20120815 1 2 4
20120910 7 5 2
20120910 7 5 4
20120910 2 3 7
20120910 3 5 7
20120910 1 5 6
20120910 4 2 7
20120910 2 9 5
20120910 1 7 6
20120910 2 7 3
20120910 1 7 5
20120910 4 3 2
20120911 1 3 5
20120911 2 1 4
20120911 5 6 1
20120911 1 2 4
20120911 2 1 5
20120911 8 2 1
20120911 2 9 8
20120911 5 7 4
20120911 7 5 2
20120911 1 3 5
20120911 9 5 7
20120912 1 5 7
20120912 2 5 7
20120912 2 7 3
20120912 1 3 5
20120912 1 2 5
20120912 2 1 5
20120912 5 7 9
20120912 7 5 1
20120912 9 6 5
20120912 1 3 8
20120912 2 1 6
20120912 1 2 4
20121025 7 3 4
20121025 4 2 3
20121025 3 1 5
20121025 3 4 1
20121025 2 5 6
20121025 7 3 1
20121025 7 3 9
20121025 2 3 4
20121025 2 7 3
20121025 1 5 9
20121025 7 1 8
20121026 5 1 2
20121026 3 5 2
20121026 7 2 6
20121026 5 1 4
20121026 3 2 7
20121026 5 3 1
20121026 5 4 9
20121026 2 5 4
20121026 1 3 9
20121026 2 4 1
20121026 9 1 5
20121027 3 1 7
20121027 5 2 6
20121027 7 1 2
20121027 3 4 5
20121027 1 8 7
20121027 9 1 2
20121027 3 2 1
20121027 2 1 3
20121027 2 9 3
20121027 1 7 2
20121027 3 1 2
20121124 5 1 8
20121124 5 3 2
20121124 1 8 6
20121124 2 9 7
20121124 1 5 9
20121124 4 6 1
20121124 2 3 5
20121124 5 7 1
20121124 9 1 3
20121124 7 1 9
20121124 1 3 2
20121125 9 2 4
20121125 9 7 1
20121125 1 5 2
20121125 7 2 9
20121125 6 3 4
20121125 1 2 6
20121125 2 9 5
20121125 7 1 2
20121125 7 2 8
20121125 3 1 7
20121125 1 2 4
20121126 7 4 2
20121126 9 6 1
20121126 2 9 8
20121126 3 7 9
20121126 2 1 7
20121126 7 3 2
20121126 3 5 9
20121126 2 7 1
20121126 3 5 9
20121126 3 1 4
20121126 4 5 2
20121206 4 1 6
20121206 5 2 7
20121206 5 1 2
20121206 7 3 5
20121206 2 7 4
20121206 7 3 9
20121206 1 8 3
20121206 2 7 9
20121206 7 9 1
20121206 3 5 2
20121206 5 1 2
20121207 1 7 4
20121207 3 5 7
20121207 2 4 3
20121207 2 5 1
20121207 1 3 2
20121207 9 1 6
20121207 2 6 1
20121207 2 4 3
20121207 9 5 3
20121207 3 5 6
20121207 3 5 8
20121208 5 2 4
20121208 5 7 1
20121208 3 5 4
20121208 5 2 7
20121208 5 7 2
20121208 8 1 3
20121208 2 9 8
20121208 1 5 2
20121208 3 6 1
20121208 2 7 5
20121208 3 7 1
20121208 1 9 4
20130307 4 1 3
20130307 1 7 3
20130307 4 3 2
20130307 1 3 5
20130307 1 5 3
20130307 2 7 4
20130307 7 5 1
20130307 3 6 1
20130307 3 2 5
20130307 2 9 4
20130307 7 1 9
20130307 1 7 6
20130308 4 6 2
20130308 2 7 5
20130308 3 5 2
20130308 2 7 4
20130308 1 7 4
20130308 3 9 2
20130308 9 3 2
20130308 1 7 8
20130308 5 4 3
20130308 3 7 9
20130308 5 2 3
20130309 1 6 2
20130309 2 7 1
20130309 1 6 7
20130309 7 5 1
20130309 7 1 8
20130309 4 2 7
20130309 2 3 9
20130309 3 1 2
20130309 3 1 4
20130309 1 4 7
20130309 4 7 8
20130325 2 3 7
20130325 3 1 7
20130325 4 2 7
20130325 5 2 3
20130325 3 7 1
20130325 9 2 8
20130325 1 9 3
20130325 5 1 3
20130325 4 1 7
20130325 5 9 8
20130325 2 7 5
20130326 7 4 2
20130326 2 5 1
20130326 4 7 2
20130326 3 2 7
20130326 1 7 4
20130326 2 6 1
20130326 9 2 1
20130326 6 1 4
20130326 6 5 2
20130326 7 2 3
20130326 1 2 7
20130327 3 1 7
20130327 4 1 7
20130327 5 4 3
20130327 4 1 7
20130327 7 4 2
20130327 4 6 1
20130327 1 7 3
20130327 2 4 9
20130327 3 1 9
20130327 7 3 6
20130327 3 6 2
20130404 1 3 7
20130404 7 3 5
20130404 7 1 2
20130404 4 1 5
20130404 5 1 4
20130404 3 4 2
20130404 1 7 3
20130404 1 2 7
20130404 5 2 9
20130404 7 2 6
20130405 1 4 3
20130405 1 7 2
20130405 5 3 7
20130405 1 5 2
20130405 5 2 7
20130405 1 3 7
20130405 9 1 5
20130405 1 7 4
20130405 1 9 2
20130405 1 2 3
20130406 2 3 4
20130406 1 4 6
20130406 2 1 3
20130406 2 3 5
20130406 2 8 1
20130406 5 2 7
20130406 8 7 3
20130406 1 5 3
20130406 3 1 7
20130406 3 4 5
20130503 7 5 2
20130503 4 7 3
20130503 2 7 1
20130503 3 6 7
20130503 2 1 3
20130503 7 2 3
20130503 1 6 3
20130503 9 7 3
20130503 1 3 2
20130503 1 5 2
20130504 1 7 2
20130504 3 1 4
20130504 3 1 4
20130504 2 5 7
20130504 7 4 2
20130504 9 2 4
20130504 9 5 3
20130504 2 7 3
20130504 2 8 7
20130504 1 2 8
20130505 5 2 6
20130505 2 5 4
20130505 5 6 2
20130505 1 2 7
20130505 2 3 7
20130505 9 2 7
20130505 1 5 2
20130505 1 5 7
20130505 2 5 7
20130505 3 6 1
20130505 9 3 1
20130505 9 3 5
20130704 3 7 2
20130704 3 5 4
20130704 3 9 5
20130704 5 2 9
20130704 1 8 4
20130704 1 5 2
20130704 9 5 3
20130704 2 5 9
20130704 3 7 4
20130704 2 7 9
20130704 4 7 2
20130705 1 8 3
20130705 9 1 7
20130705 2 9 1
20130705 2 9 1
20130705 2 3 9
20130705 3 5 1
20130705 1 2 9
20130705 3 9 2
20130705 2 3 4
20130705 1 3 2
20130705 5 4 6
20130706 1 5 9
20130706 5 1 7
20130706 1 6 4
20130706 1 7 9
20130706 3 1 5
20130706 1 4 2
20130706 5 2 9
20130706 9 5 6
20130706 6 8 5
20130706 9 1 7
20130706 9 2 1
20130707 1 5 6
20130707 7 3 1
20130707 4 5 1
20130707 7 8 2
20130707 3 6 2
20130707 2 3 5
20130707 1 2 5
20130707 9 1 3
20130707 7 2 1
20130707 1 4 8
20130707 7 3 6
20130802 1 3 5
20130802 4 2 5
20130802 3 5 6
20130802 2 4 7
20130802 3 7 4
20130802 5 2 7
20130802 3 5 7
20130802 1 5 9
20130802 9 1 4
20130802 2 1 6
20130803 5 6 1
20130803 2 7 4
20130803 3 5 7
20130803 5 1 2
20130803 1 6 2
20130803 2 3 1
20130803 3 2 1
20130803 5 3 2
20130803 1 9 5
20130803 2 1 8
20130803 5 1 3
20130804 1 4 3
20130804 5 3 2
20130804 5 2 1
20130804 5 6 1
20130804 8 3 1
20130804 1 5 9
20130804 5 1 6
20130804 7 9 1
20130804 4 5 3
20130804 3 8 1
20130804 3 8 2
20130815 3 1 5
20130815 1 5 2
20130815 3 7 1
20130815 2 7 6
20130815 7 1 5
20130815 3 9 1
20130815 1 8 7
20130815 5 2 9
20130815 5 3 7
20130815 5 7 4
20130816 1 7 3
20130816 4 3 5
20130816 7 3 6
20130816 2 4 3
20130816 5 2 7
20130816 1 6 2
20130816 3 4 7
20130816 3 2 4
20130816 8 1 9
20130816 1 9 8
20130817 2 3 6
20130817 1 3 2
20130817 7 1 3
20130817 2 4 3
20130817 6 1 5
20130817 5 2 1
20130817 2 9 5
20130817 7 1 3
20130817 1 6 2
20130817 9 6 3
20130918 9 2 7
20130918 5 1 2
20130918 9 1 3
20130918 1 7 3
20130918 9 7 1
20130918 7 3 2
20130918 5 1 4
20130918 1 7 9
20130918 1 8 2
20130918 5 3 9
20130918 4 3 1
20130919 2 5 4
20130919 4 6 1
20130919 5 2 9
20130919 1 9 3
20130919 1 8 4
20130919 7 1 4
20130919 7 2 5
20130919 2 4 8
20130919 2 5 9
20130919 9 2 8
20130919 6 4 8
20130920 7 1 2
20130920 6 1 4
20130920 1 7 4
20130920 4 3 7
20130920 1 7 8
20130920 6 3 8
20130920 5 1 7
20130920 9 6 5
20130920 1 7 3
20130920 5 2 9
20130920 8 2 5
20131030 3 7 6
20131030 2 7 1
20131030 3 7 5
20131030 7 2 1
20131030 1 3 5
20131030 1 5 7
20131030 5 7 1
20131030 8 7 2
20131030 3 9 5
20131030 7 4 5
20131031 2 1 5
20131031 3 5 4
20131031 2 7 3
20131031 1 3 2
20131031 3 1 2
20131031 1 2 9
20131031 7 3 4
20131031 7 1 4
20131031 5 1 9
20131031 9 1 7
20131101 7 4 2
20131101 1 3 2
20131101 3 5 2
20131101 7 1 6
20131101 5 3 6
20131101 5 2 1
20131101 1 9 7
20131101 3 2 6
20131101 2 3 1
20131101 9 7 8
20131210 9 7 1
20131210 7 9 3
20131210 5 1 7
20131210 2 3 5
20131210 8 7 3
20131210 8 1 5
20131210 7 9 2
20131210 9 3 5
20131210 2 1 7
20131210 5 1 6
20131210 2 3 1
20131211 9 3 2
20131211 6 3 2
20131211 3 4 1
20131211 3 4 9
20131211 1 2 7
20131211 9 7 8
20131211 3 5 1
20131211 5 3 1
20131211 7 1 8
20131211 5 3 6
20131211 9 1 7
20131211 9 7 1
20131211 1 9 7
20131212 3 5 7
20131212 9 6 7
20131212 2 7 1
20131212 3 9 1
20131212 5 1 9
20131212 9 8 5
20131212 2 7 3
20131212 3 9 2
20131212 5 2 1
20131212 1 3 5
20131212 3 4 5
20140101 1 5 2
20140101 3 2 1
20140101 7 5 1
20140101 1 4 5
20140101 5 1 2
20140101 3 2 4
20140101 2 1 6
20140101 4 3 5
20140101 5 9 2
20140101 7 1 8
20140103 2 3 1
20140103 3 2 1
20140103 5 7 1
20140103 2 6 7
20140103 9 2 3
20140103 9 7 1
20140103 5 3 1
20140103 7 2 4
20140103 1 4 2
20140103 1 2 3
20140205 6 8 1
20140205 1 9 5
20140205 1 7 9
20140205 4 2 7
20140205 9 3 2
20140205 1 3 6
20140205 9 5 8
20140205 1 3 2
20140205 6 4 2
20140205 1 7 2
20140205 2 7 3
20140206 9 5 6
20140206 5 8 1
20140206 7 3 9
20140206 9 3 2
20140206 2 5 3
20140206 7 2 9
20140206 2 7 6
20140206 5 8 9
20140206 7 5 4
20140206 3 2 4
20140206 9 4 8
20140207 7 2 5
20140207 2 6 8
20140207 5 2 7
20140207 3 9 5
20140207 3 1 6
20140207 9 6 2
20140207 7 1 9
20140207 1 5 6
20140207 2 7 6
20140207 1 9 5
20140207 7 2 6
20140315 7 5 2
20140315 3 1 4
20140315 9 3 7
20140315 8 2 7
20140315 1 5 7
20140315 2 3 8
20140315 5 1 3
20140315 9 2 4
20140315 1 4 2
20140315 3 1 7
20140315 6 2 1
20140316 7 2 9
20140316 3 9 8
20140316 1 3 9
20140316 1 5 3
20140316 6 2 9
20140316 2 8 9
20140316 9 2 3
20140316 2 9 5
20140316 6 5 2
20140316 2 5 4
20140316 1 9 4
20140317 7 5 2
20140317 7 5 8
20140317 9 1 5
20140317 3 5 2
20140317 3 5 4
20140317 1 8 7
20140317 8 3 1
20140317 8 4 7
20140317 2 3 4
20140317 1 2 5
20140317 5 6 9
20140317 9 1 3
20140317 1 5 3
20140324 1 3 5
20140324 2 7 6
20140324 4 1 7
20140324 3 4 1
20140324 1 2 7
20140324 5 3 1
20140324 4 1 2
20140324 2 5 3
20140324 9 8 7
20140324 4 9 1
20140325 7 2 4
20140325 4 7 6
20140325 5 1 2
20140325 2 3 7
20140325 7 3 4
20140325 1 3 4
20140325 1 9 5
20140325 3 7 5
20140325 2 7 3
20140325 5 2 7
20140326 4 3 6
20140326 1 7 3
20140326 1 4 5
20140326 7 5 2
20140326 1 5 9
20140326 2 5 1
20140326 3 1 5
20140326 7 6 9
20140326 2 7 4
20140326 2 4 1
20140524 3 1 5
20140524 5 3 1
20140524 1 4 2
20140524 1 2 7
20140524 1 5 7
20140524 2 9 7
20140524 5 1 2
20140524 2 9 7
20140524 2 5 3
20140524 9 5 7
20140525 5 6 2
20140525 3 5 4
20140525 1 6 7
20140525 5 2 1
20140525 2 3 5
20140525 1 5 8
20140525 1 5 2
20140525 1 5 3
20140525 7 3 4
20140525 2 1 7
20140526 5 6 1
20140526 3 7 5
20140526 4 6 5
20140526 2 1 6
20140526 2 7 9
20140526 9 3 4
20140526 5 3 6
20140526 7 2 5
20140526 3 2 5
20140526 1 4 9
20140602 1 9 7
20140602 7 2 4
20140602 7 5 1
20140602 9 1 3
20140602 5 1 2
20140602 4 2 8
20140602 1 3 6
20140602 9 7 5
20140602 1 7 4
20140602 1 5 9
20140602 5 7 6
20140603 3 5 1
20140603 9 7 5
20140603 9 5 6
20140603 9 3 5
20140603 5 1 3
20140603 2 3 5
20140603 9 4 7
20140603 3 1 5
20140603 7 1 2
20140603 9 1 6
20140603 1 9 2
20140604 2 9 4
20140604 7 4 2
20140604 8 1 9
20140604 4 9 3
20140604 1 2 3
20140604 5 3 7
20140604 7 8 3
20140604 8 7 2
20140604 3 7 9
20140604 1 2 7
20140604 5 3 7
20140703 5 2 9
20140703 5 1 7
20140703 1 9 4
20140703 2 5 1
20140703 8 7 4
20140703 3 5 2
20140703 9 7 1
20140703 3 9 5
20140703 2 7 4
20140703 2 9 5
20140703 5 2 1
20140703 6 8 1
20140704 2 5 7
20140704 1 5 4
20140704 4 5 3
20140704 1 7 2
20140704 3 7 2
20140704 9 3 8
20140704 3 7 1
20140704 1 2 3
20140704 5 9 4
20140704 7 1 2
20140704 3 9 5
20140704 5 9 2
20140705 8 1 9
20140705 3 4 1
20140705 3 8 7
20140705 3 2 9
20140705 2 1 9
20140705 9 1 5
20140705 5 1 2
20140705 7 2 3
20140705 7 5 2
20140705 5 1 9
20140705 1 3 9
20140705 3 5 8
20140706 4 7 2
20140706 2 5 8
20140706 4 9 6
20140706 7 5 1
20140706 9 3 6
20140706 3 1 2
20140706 3 9 5
20140706 1 3 2
20140706 9 1 5
20140706 5 7 4
20140706 3 8 9
20140714 1 4 7
20140714 2 5 4
20140714 1 5 6
20140714 5 6 3
20140714 1 7 5
20140714 4 1 2
20140714 2 7 4
20140714 9 5 2
20140714 2 5 1
20140714 3 7 9
20140715 7 3 5
20140715 1 5 3
20140715 7 2 4
20140715 7 1 2
20140715 1 2 6
20140715 7 1 5
20140715 1 5 2
20140715 3 8 2
20140715 7 5 3
20140715 6 5 2
20140716 5 3 1
20140716 3 6 4
20140716 1 5 4
20140716 1 7 5
20140716 3 9 6
20140716 3 2 7
20140716 1 6 3
20140716 7 9 3
20140716 1 3 4
20140716 7 2 3
20140801 2 7 3
20140801 1 3 2
20140801 5 1 2
20140801 7 2 5
20140801 3 7 5
20140801 2 6 3
20140801 1 6 5
20140801 9 2 1
20140801 1 7 9
20140801 4 9 3
20140802 1 7 4
20140802 1 7 6
20140802 7 1 2
20140802 2 1 7
20140802 2 5 4
20140802 4 1 2
20140802 2 1 5
20140803 7 4 5
20140803 2 1 4
20140803 7 3 5
20140803 3 2 5
20140803 1 6 4
20140803 1 7 4
20140803 1 3 2
20140803 3 9 4
20140803 1 4 5
20140803 1 4 9
20140818 7 5 2
20140818 1 7 6
20140818 4 5 9
20140818 2 9 4
20140818 1 3 7
20140818 1 5 4
20140818 1 2 9
20140818 8 3 6
20140818 3 9 1
20140818 9 1 6
20140818 1 8 2
20140819 3 1 2
20140819 1 2 3
20140819 3 7 5
20140819 7 1 3
20140819 3 5 1
20140819 5 3 4
20140819 5 9 2
20140819 5 7 1
20140819 5 7 8
20140819 7 1 5
20140819 2 5 9
20140820 1 5 9
20140820 7 9 5
20140820 3 7 1
20140820 4 3 6
20140820 1 6 5
20140820 1 9 5
20140820 2 1 7
20140820 5 8 2
20140820 2 3 5
20140820 9 1 2
20140820 2 6 1
20140908 7 1 3
20140908 1 2 5
20140908 4 7 5
20140908 3 1 5
20140908 2 1 7
20140908 5 1 7
20140908 1 9 3
20140908 7 1 3
20140908 3 7 5
20140908 2 3 1
20140909 4 2 1
20140909 1 2 6
20140909 7 2 3
20140909 1 2 7
20140909 1 3 6
20140909 7 2 3
20140909 2 8 7
20140909 1 2 7
20140909 7 9 8
20140909 1 2 9
20140910 3 1 5
20140910 5 2 1
20140910 7 5 2
20140910 5 2 7
20140910 2 9 5
20140910 7 2 9
20140910 5 7 1
20140910 1 5 3
20140910 1 3 7
20140910 2 5 9
20141018 1 3 2
20141018 3 5 2
20141018 2 7 1
20141018 1 3 2
20141018 7 5 2
20141018 1 9 3
20141018 5 1 9
20141018 1 5 2
20141018 3 7 8
20141018 2 9 6
20141019 1 3 5
20141019 2 5 3
20141019 5 2 3
20141019 7 4 3
20141019 3 2 7
20141019 3 1 4
20141019 9 7 3
20141019 1 9 7
20141019 3 9 4
20141019 2 3 7
20141020 5 2 1
20141020 3 2 6
20141020 5 2 1
20141020 3 7 1
20141020 9 3 2
20141020 9 3 6
20141020 7 6 1
20141020 3 9 4
20141020 2 7 9
20141020 2 4 1
20141020 9 8 7
20141117 4 7 2
20141117 4 1 2
20141117 3 7 5
20141117 2 1 7
20141117 5 7 3
20141117 7 1 4
20141117 1 7 3
20141117 9 5 1
20141117 5 1 9
20141117 6 5 2
20141118 1 4 5
20141118 5 3 7
20141118 2 6 5
20141118 7 1 4
20141118 1 2 3
20141118 1 9 3
20141118 3 7 9
20141118 7 2 8
20141118 2 3 8
20141118 1 7 4
20141119 3 7 5
20141119 1 5 2
20141119 2 3 4
20141119 2 3 5
20141119 4 1 7
20141119 6 5 2
20141119 5 2 9
20141119 6 7 8
20141119 2 7 5
20141119 1 2 6
20141119 2 1 5
20141224 7 2 3
20141224 7 1 4
20141224 3 2 7
20141224 1 9 5
20141224 7 3 1
20141224 8 3 7
20141224 2 3 9
20141224 5 9 4
20141224 1 5 2
20141224 1 3 2
20141224 5 2 8
20141225 1 7 5
20141225 2 7 4
20141225 9 3 7
20141225 7 6 2
20141225 9 5 8
20141225 3 5 1
20141225 1 2 7
20141225 3 1 9
20141225 1 5 2
20141225 2 1 4
20141225 1 5 3
20141226 7 3 2
20141226 5 2 7
20141226 1 5 4
20141226 2 7 1
20141226 8 5 1
20141226 7 4 6
20141226 2 7 9
20141226 8 7 3
20141226 2 1 4
20141226 7 9 5
20141226 5 7 1
20150216 5 1 7
20150216 1 6 3
20150216 3 9 2
20150216 3 9 7
20150216 2 3 9
20150216 1 7 5
20150216 7 9 4
20150216 6 2 8
20150216 5 8 2
20150216 5 1 8
20150216 9 1 5
20150216 8 3 5
20150217 3 2 4
20150217 7 1 5
20150217 7 4 5
20150217 1 5 4
20150217 8 9 1
20150217 1 7 4
20150217 4 3 7
20150217 3 5 4
20150217 7 8 4
20150217 3 9 5
20150217 1 9 7
20150218 6 5 2
20150218 1 9 5
20150218 2 6 4
20150218 5 1 6
20150218 9 8 6
20150218 2 7 8
20150218 1 4 6
20150218 2 5 3
20150218 2 7 3
20150218 2 5 4
20150218 3 7 5
20150225 1 5 3
20150225 5 2 3
20150225 7 4 1
20150225 5 1 2
20150225 4 1 7
20150225 5 1 2
20150225 1 7 3
20150225 7 3 1
20150225 3 5 9
20150225 3 9 5
20150225 9 1 6
20150226 1 6 5
20150226 3 1 5
20150226 6 1 2
20150226 7 2 1
20150226 7 1 3
20150226 1 3 5
20150226 3 7 5
20150226 1 2 4
20150226 4 1 5
20150226 1 9 5
20150227 1 7 5
20150227 1 5 2
20150227 6 3 2
20150227 2 5 1
20150227 8 2 1
20150227 1 8 5
20150227 9 5 3
20150227 2 3 9
20150227 2 5 1
20150227 1 6 7
20150423 1 7 2
20150423 2 5 3
20150423 2 5 3
20150423 1 5 7
20150423 1 5 4
20150423 3 4 2
20150423 9 2 3
20150423 1 9 5
20150423 5 1 4
20150423 2 9 1
20150424 7 1 3
20150424 3 7 1
20150424 5 1 3
20150424 5 7 3
20150424 1 7 5
20150424 5 3 8
20150424 3 8 1
20150424 5 2 3
20150424 2 7 4
20150424 7 9 3
20150425 2 1 4
20150425 5 4 2
20150425 3 1 5
20150425 1 2 7
20150425 9 7 2
20150425 3 1 5
20150425 3 9 2
20150425 9 2 5
20150425 2 4 7
20150425 3 9 1
20150513 5 3 1
20150513 9 3 8
20150513 7 1 5
20150513 5 2 8
20150513 2 3 9
20150513 5 9 3
20150513 1 8 5
20150513 2 9 7
20150513 9 4 2
20150513 6 1 4
20150514 7 2 9
20150514 3 7 8
20150514 1 3 7
20150514 4 1 3
20150514 5 3 7
20150514 1 3 6
20150514 5 2 1
20150514 2 7 1
20150514 3 7 2
20150514 5 9 4
20150514 9 3 7
20150515 5 3 1
20150515 1 7 3
20150515 7 3 5
20150515 3 9 1
20150515 9 1 4
20150515 8 2 4
20150515 3 2 5
20150515 1 2 3
20150515 2 7 1
20150515 3 7 8
20150515 9 8 2
