20120203 4 7 3
20120203 9 5 3
20120203 7 1 8
20120203 4 5 9
20120203 2 3 1
20120203 3 1 6
20120203 1 7 5
20120203 7 1 2
20120203 3 2 7
20120203 6 2 5
20120203 1 8 2
20120204 1 9 4
20120204 2 3 7
20120204 2 7 3
20120204 7 5 1
20120204 5 1 2
20120204 1 7 2
20120204 2 8 1
20120204 5 2 9
20120204 7 2 8
20120204 7 1 8
20120204 1 6 8
20120205 5 3 1
20120205 4 3 5
20120205 2 5 4
20120205 7 1 3
20120205 6 5 2
20120205 8 9 6
20120205 8 3 5
20120205 3 1 4
20120205 1 3 7
20120205 1 3 9
20120205 2 6 9
20120215 3 2 5
20120215 1 7 3
20120215 7 1 3
20120215 5 3 7
20120215 3 1 4
20120215 3 9 5
20120215 7 2 9
20120215 1 9 5
20120215 1 2 9
20120215 9 1 7
20120215 6 3 7
20120216 1 5 7
20120216 3 2 1
20120216 2 1 3
20120216 1 2 6
20120216 7 3 6
20120216 2 4 1
20120216 5 9 3
20120216 1 2 9
20120216 1 4 5
20120216 9 7 4
20120216 2 3 4
20120217 1 3 2
20120217 5 3 2
20120217 1 3 2
20120217 2 4 3
20120217 1 6 7
20120217 7 8 9
20120217 1 6 9
20120217 3 2 1
20120217 1 7 6
20120217 1 7 6
20120217 7 3 5
20120222 1 5 9
20120222 5 1 2
20120222 2 1 3
20120222 3 4 7
20120222 2 5 4
20120222 3 9 5
20120222 2 1 5
20120222 1 9 2
20120222 7 1 4
20120222 2 3 7
20120222 3 7 5
20120222 7 2 1
20120223 1 5 3
20120223 5 6 4
20120223 1 7 9
20120223 8 2 1
20120223 1 3 2
20120223 7 1 2
20120223 6 8 7
20120223 3 5 1
20120223 9 4 6
20120223 5 1 6
20120223 2 1 5
20120223 1 9 7
20120224 3 2 7
20120224 3 9 4
20120224 5 7 9
20120224 3 8 5
20120224 5 1 7
20120224 1 2 9
20120224 2 6 1
20120224 1 5 9
20120224 9 3 7
20120224 7 5 9
20120224 1 9 8
20120224 1 9 3
20120307 7 5 4
20120307 1 4 6
20120307 7 1 4
20120307 2 7 3
20120307 1 2 5
20120307 7 4 2
20120307 1 3 7
20120307 5 3 1
20120307 5 9 1
20120307 7 1 9
20120307 7 5 9
20120307 7 9 5
20120308 3 4 5
20120308 7 5 1
20120308 5 1 2
20120308 7 3 2
20120308 3 7 1
20120308 7 1 5
20120308 1 5 9
20120308 5 1 2
20120308 3 1 7
20120308 4 3 8
20120308 7 5 9
20120309 3 2 5
20120309 7 1 4
20120309 7 4 3
20120309 5 1 6
20120309 5 6 1
20120309 4 6 3
20120309 5 1 8
20120309 9 2 1
20120309 7 9 1
20120309 5 2 1
20120309 9 3 2
20120309 2 9 3
20120328 9 2 5
20120328 7 1 8
20120328 9 5 1
20120328 1 9 7
20120328 7 1 3
20120328 1 2 3
20120328 1 7 2
20120328 1 2 9
20120328 9 7 3
20120328 1 5 8
20120328 5 3 4
20120328 1 9 5
20120329 1 7 3
20120329 4 1 9
20120329 2 8 4
20120329 9 3 5
20120329 2 5 7
20120329 3 8 1
20120329 9 7 5
20120329 5 9 1
20120329 1 8 4
20120329 7 2 3
20120329 2 7 5
20120329 9 5 8
20120330 1 8 4
20120330 2 1 3
20120330 1 3 6
20120330 1 7 3
20120330 9 2 5
20120330 3 4 1
20120330 5 1 2
20120330 4 1 6
20120330 7 2 1
20120330 1 9 3
20120330 9 5 3
20120330 8 3 1
20120412 8 7 3
20120412 2 9 6
20120412 9 7 3
20120412 7 1 4
20120412 1 5 8
20120412 3 5 9
20120412 1 7 2
20120412 9 1 7
20120412 3 8 6
20120412 6 9 5
20120412 1 5 7
20120413 1 5 3
20120413 5 2 8
20120413 9 2 5
20120413 2 6 5
20120413 2 5 3
20120413 1 7 3
20120413 1 9 3
20120413 2 8 9
20120413 7 4 3
20120413 2 1 3
20120413 3 8 1
20120413 3 8 6
20120414 4 1 5
20120414 6 4 3
20120414 1 9 5
20120414 7 1 4
20120414 1 3 9
20120414 2 5 3
20120414 7 4 5
20120414 1 3 9
20120414 1 7 9
20120414 1 9 5
20120414 2 9 4
20120415 8 5 9
20120415 3 9 8
20120415 7 3 9
20120415 1 5 9
20120415 7 9 4
20120415 2 1 4
20120415 2 7 5
20120415 2 5 7
20120415 5 2 1
20120415 7 5 3
20120415 3 1 6
20120424 1 3 4
20120424 2 4 7
20120424 5 4 1
20120424 4 2 5
20120424 1 5 3
20120424 6 4 7
20120424 6 1 5
20120424 5 2 8
20120424 9 3 2
20120424 2 5 7
20120424 2 5 6
20120425 1 5 2
20120425 2 3 1
20120425 3 4 7
20120425 2 3 5
20120425 1 3 2
20120425 7 8 1
20120425 9 3 1
20120425 4 1 5
20120425 5 9 2
20120425 2 7 5
20120425 6 9 2
20120426 1 7 2
20120426 7 1 2
20120426 7 1 5
20120426 7 3 5
20120426 1 5 6
20120426 3 7 9
20120426 5 1 7
20120426 3 7 4
20120426 2 3 9
20120426 7 1 4
20120426 2 9 8
20120503 5 3 1
20120503 1 5 2
20120503 7 1 3
20120503 4 1 7
20120503 7 4 2
20120503 3 7 9
20120503 1 7 5
20120503 1 5 7
20120503 2 7 1
20120503 1 7 5
20120503 1 4 7
20120504 1 2 3
20120504 5 6 1
20120504 2 3 1
20120504 1 4 2
20120504 4 1 6
20120504 5 7 9
20120504 5 3 1
20120504 1 7 9
20120504 8 9 7
20120504 7 8 2
20120504 6 3 5
20120505 1 3 4
20120505 1 4 6
20120505 1 3 6
20120505 1 5 4
20120505 1 3 6
20120505 2 7 3
20120505 9 1 4
20120505 7 5 9
20120505 2 1 5
20120505 3 9 6
20120505 7 2 5
20120523 3 2 9
20120523 2 3 4
20120523 1 4 3
20120523 4 1 3
20120523 3 1 2
20120523 5 7 6
20120523 3 8 6
20120523 3 9 7
20120523 7 2 9
20120523 7 5 1
20120523 1 8 7
20120523 5 1 3
20120523 1 5 9
20120524 9 1 6
20120524 2 1 7
20120524 3 5 9
20120524 9 2 1
20120524 4 3 9
20120524 4 9 5
20120524 1 5 2
20120524 9 2 3
20120524 1 7 5
20120524 1 5 3
20120524 1 7 3
20120524 2 7 3
20120525 2 7 9
20120525 3 1 7
20120525 2 7 5
20120525 6 2 5
20120525 1 5 8
20120525 8 9 5
20120525 6 2 9
20120525 5 2 3
20120525 7 1 2
20120525 1 2 5
20120525 1 5 6
20120525 2 9 3
20120621 5 2 3
20120621 7 2 4
20120621 3 1 2
20120621 7 1 5
20120621 1 4 5
20120621 5 1 8
20120621 9 1 3
20120621 1 5 9
20120621 3 5 6
20120621 7 5 2
20120621 6 1 5
20120622 7 4 2
20120622 3 5 1
20120622 3 1 7
20120622 1 5 4
20120622 2 4 3
20120622 9 7 8
20120622 2 9 3
20120622 9 7 2
20120622 2 9 7
20120622 2 7 1
20120622 7 1 3
20120623 1 4 7
20120623 1 2 5
20120623 3 6 1
20120623 3 5 4
20120623 3 1 6
20120623 9 2 7
20120623 1 5 6
20120623 7 2 9
20120623 5 1 7
20120623 2 5 3
20120623 2 8 1
20120626 2 5 1
20120626 5 1 3
20120626 1 5 2
20120626 1 5 7
20120626 1 2 4
20120626 3 7 9
20120626 5 3 9
20120626 5 1 2
20120626 1 7 9
20120626 7 4 5
20120626 8 1 7
20120627 7 3 1
20120627 1 3 7
20120627 1 7 4
20120627 5 3 1
20120627 2 1 4
20120627 3 9 1
20120627 2 3 5
20120627 2 5 6
20120627 1 7 5
20120627 2 4 5
20120627 9 1 7
20120628 1 7 5
20120628 3 7 4
20120628 1 6 2
20120628 4 2 6
20120628 5 2 4
20120628 2 7 8
20120628 9 2 7
20120628 7 3 1
20120628 2 7 3
20120628 7 1 5
20120628 1 3 4
20120717 7 5 2
20120717 4 2 7
20120717 4 5 7
20120717 7 5 6
20120717 2 4 6
20120717 9 3 6
20120717 1 5 2
20120717 1 7 4
20120717 3 5 2
20120717 5 9 2
20120717 9 8 6
20120718 4 1 3
20120718 2 3 5
20120718 5 3 2
20120718 1 3 4
20120718 3 7 1
20120718 9 3 2
20120718 1 7 5
20120718 2 5 7
20120718 2 9 3
20120718 1 5 3
20120718 5 3 1
20120719 3 2 5
20120719 2 6 1
20120719 3 1 6
20120719 3 1 5
20120719 3 2 7
20120719 7 3 8
20120719 5 2 3
20120719 5 1 7
20120719 3 5 2
20120719 1 2 7
20120719 2 9 3
20120820 2 3 8
20120820 5 1 2
20120820 5 3 2
20120820 8 1 6
20120820 8 6 7
20120820 1 4 2
20120820 7 2 1
20120820 1 2 7
20120820 2 7 5
20120820 1 9 4
20120820 7 5 8
20120821 3 1 5
20120821 3 9 8
20120821 5 7 3
20120821 2 4 9
20120821 3 2 8
20120821 7 9 3
20120821 7 3 5
20120821 4 2 7
20120821 7 2 1
20120821 9 7 1
20120821 1 3 7
20120822 3 5 7
20120822 2 5 7
20120822 2 5 7
20120822 9 7 3
20120822 2 7 3
20120822 5 2 7
20120822 7 1 9
20120822 1 8 4
20120822 7 2 1
20120822 6 4 3
20120822 7 4 3
20120919 1 5 7
20120919 3 7 1
20120919 1 2 3
20120919 3 7 2
20120919 1 2 4
20120919 1 2 7
20120919 9 3 7
20120919 9 7 4
20120919 7 1 5
20120919 1 8 4
20120919 6 9 7
20120920 1 5 3
20120920 5 1 2
20120920 5 4 2
20120920 1 3 2
20120920 2 1 5
20120920 3 1 8
20120920 1 7 3
20120920 2 5 1
20120920 2 5 3
20120920 2 9 1
20120920 7 1 9
20120921 4 6 2
20120921 4 7 6
20120921 2 3 7
20120921 2 4 1
20120921 7 9 3
20120921 2 3 4
20120921 9 1 5
20120921 3 7 2
20120921 1 3 5
20120921 2 4 1
20120921 8 2 5
20120926 9 3 5
20120926 9 2 1
20120926 3 2 5
20120926 7 2 1
20120926 1 9 4
20120926 3 5 8
20120926 9 3 2
20120926 5 1 3
20120926 5 2 3
20120926 2 9 1
20120926 5 6 1
20120927 2 7 1
20120927 5 8 3
20120927 9 2 1
20120927 5 1 7
20120927 8 7 3
20120927 7 2 1
20120927 5 3 7
20120927 1 7 9
20120927 3 4 8
20120927 5 1 7
20120927 9 3 1
20120928 5 3 9
20120928 5 2 4
20120928 3 5 8
20120928 2 4 5
20120928 2 5 6
20120928 3 7 1
20120928 1 4 7
20120928 2 5 7
20120928 2 5 4
20120928 5 2 8
20120928 2 3 5
20121010 1 5 3
20121010 7 3 2
20121010 7 1 5
20121010 7 9 1
20121010 7 9 2
20121010 9 2 3
20121010 1 9 5
20121010 3 2 4
20121010 1 8 5
20121010 2 1 4
20121010 1 6 2
20121011 1 5 3
20121011 1 2 7
20121011 9 7 2
20121011 3 7 8
20121011 4 1 9
20121011 1 7 8
20121011 1 5 3
20121011 3 7 9
20121011 1 5 3
20121011 1 3 2
20121011 9 1 3
20121012 7 8 3
20121012 9 4 2
20121012 3 5 8
20121012 5 2 7
20121012 5 4 9
20121012 7 3 9
20121012 3 9 1
20121012 4 1 7
20121012 1 7 4
20121012 9 1 4
20121012 5 9 2
20121101 1 2 4
20121101 2 4 5
20121101 1 7 4
20121101 5 4 3
20121101 3 7 2
20121101 1 5 9
20121101 9 2 1
20121101 3 2 9
20121101 3 1 9
20121101 9 1 4
20121101 1 4 9
20121102 5 2 7
20121102 2 3 7
20121102 1 3 6
20121102 1 2 3
20121102 1 5 3
20121102 5 1 3
20121102 1 9 5
20121102 5 4 8
20121102 1 7 2
20121102 3 8 5
20121102 5 1 3
20121103 4 7 6
20121103 7 1 3
20121103 1 3 5
20121103 1 6 2
20121103 2 7 8
20121103 7 5 3
20121103 9 4 6
20121103 2 8 6
20121103 7 3 5
20121103 4 2 3
20121103 9 2 5
20121113 5 1 4
20121113 5 3 1
20121113 4 1 2
20121113 3 7 4
20121113 1 3 7
20121113 7 1 3
20121113 5 1 3
20121113 9 5 1
20121113 3 5 2
20121113 1 9 4
20121113 3 9 2
20121114 4 2 1
20121114 3 1 2
20121114 5 4 1
20121114 5 1 7
20121114 1 3 5
20121114 4 2 9
20121114 2 7 1
20121114 5 6 2
20121114 3 9 5
20121114 2 1 3
20121114 2 1 5
20121115 1 5 2
20121115 5 3 2
20121115 1 2 3
20121115 1 3 4
20121115 7 9 3
20121115 2 7 1
20121115 2 7 1
20121115 2 7 8
20121115 4 3 9
20121115 1 3 5
20121115 1 3 7
20121115 9 3 2
20121218 1 7 9
20121218 3 1 6
20121218 3 9 1
20121218 1 7 5
20121218 7 3 1
20121218 7 1 8
20121218 1 9 2
20121218 2 7 3
20121218 2 1 9
20121218 2 8 1
20121218 1 5 4
20121219 2 1 3
20121219 2 7 8
20121219 5 7 9
20121219 4 1 9
20121219 3 7 9
20121219 1 7 2
20121219 1 9 4
20121219 4 1 8
20121219 3 4 2
20121219 1 9 5
20121219 3 4 6
20121220 7 5 2
20121220 5 3 2
20121220 1 4 9
20121220 3 9 5
20121220 3 9 8
20121220 1 9 3
20121220 3 6 1
20121220 2 7 3
20121220 2 3 5
20121220 3 1 7
20121220 1 3 5
20121220 7 3 2
20130101 3 4 5
20130101 5 4 2
20130101 5 1 2
20130101 4 5 7
20130101 7 3 1
20130101 9 1 4
20130101 1 5 3
20130101 1 9 3
20130101 5 1 7
20130101 7 1 5
20130101 1 9 4
20130102 1 5 3
20130102 4 3 5
20130102 2 7 4
20130102 3 1 6
20130102 4 7 2
20130102 1 4 3
20130102 2 4 9
20130102 1 4 5
20130102 9 3 7
20130102 3 1 8
20130102 3 8 5
20130103 3 1 6
20130103 4 6 1
20130103 1 7 6
20130103 5 6 3
20130103 8 5 4
20130103 1 2 5
20130103 2 1 8
20130103 1 7 2
20130103 1 2 6
20130103 3 6 5
20130103 7 3 9
20130123 3 1 7
20130123 2 5 6
20130123 5 2 8
20130123 5 1 7
20130123 5 1 7
20130123 7 6 5
20130123 1 9 2
20130123 1 4 3
20130123 4 5 6
20130123 9 1 5
20130123 1 8 2
20130124 4 8 2
20130124 1 9 3
20130124 5 1 7
20130124 1 9 5
20130124 9 1 5
20130124 7 2 8
20130124 7 1 5
20130124 5 1 4
20130124 7 1 5
20130124 7 2 3
20130124 1 7 9
20130124 2 1 3
20130125 3 5 4
20130125 1 3 7
20130125 8 2 9
20130125 2 4 3
20130125 2 1 5
20130125 7 3 2
20130125 7 3 5
20130125 3 4 9
20130125 1 9 2
20130125 9 4 3
20130125 7 4 1
20130204 3 9 6
20130204 3 1 2
20130204 2 6 9
20130204 7 1 5
20130204 3 6 1
20130204 1 6 8
20130204 3 1 9
20130204 5 2 3
20130204 2 7 4
20130204 1 5 4
20130204 7 8 2
20130205 7 3 6
20130205 5 1 6
20130205 9 7 6
20130205 9 2 4
20130205 5 2 9
20130205 5 9 2
20130205 3 1 5
20130205 1 5 7
20130205 7 1 2
20130205 5 8 2
20130205 1 5 6
20130205 5 1 6
20130206 7 9 5
20130206 8 6 7
20130206 9 1 6
20130206 2 1 5
20130206 5 1 9
20130206 4 5 6
20130206 1 9 7
20130206 5 8 3
20130206 5 8 9
20130206 7 8 2
20130206 2 4 1
20130206 1 4 9
20130220 1 4 5
20130220 3 7 6
20130220 5 1 3
20130220 5 1 3
20130220 5 4 7
20130220 3 5 4
20130220 3 5 8
20130220 5 2 9
20130220 1 8 7
20130220 5 1 7
20130220 2 4 7
20130220 2 4 9
20130221 7 1 6
20130221 2 5 4
20130221 4 2 3
20130221 5 4 1
20130221 7 4 1
20130221 3 6 9
20130221 5 1 3
20130221 1 3 9
20130221 7 6 1
20130221 3 2 5
20130221 5 3 7
20130222 2 4 5
20130222 5 1 3
20130222 4 3 7
20130222 4 2 7
20130222 8 1 5
20130222 7 3 8
20130222 7 1 8
20130222 2 1 4
20130222 3 5 2
20130222 6 7 1
20130222 3 2 5
20130312 2 3 7
20130312 4 2 1
20130312 6 1 5
20130312 3 5 1
20130312 3 1 4
20130312 8 7 3
20130312 5 2 1
20130312 1 7 9
20130312 7 3 9
20130312 1 9 2
20130312 7 2 3
20130313 3 2 7
20130313 5 3 1
20130313 3 7 5
20130313 6 4 5
20130313 1 2 5
20130313 2 1 4
20130313 5 3 9
20130313 7 1 3
20130313 5 9 2
20130313 3 8 6
20130313 3 8 9
20130313 7 4 3
20130314 7 4 3
20130314 4 2 7
20130314 7 1 4
20130314 1 4 2
20130314 1 7 8
20130314 1 5 4
20130314 9 7 4
20130314 6 7 3
20130314 1 4 2
20130314 4 7 1
20130314 9 6 1
20130423 9 5 1
20130423 1 9 4
20130423 9 2 3
20130423 5 3 1
20130423 7 3 1
20130423 5 1 6
20130423 5 1 2
20130423 1 7 2
20130423 9 2 4
20130423 1 5 7
20130423 3 4 1
20130424 6 2 8
20130424 9 3 2
20130424 2 7 3
20130424 3 7 2
20130424 5 9 8
20130424 7 3 2
20130424 7 9 1
20130424 9 3 8
20130424 5 8 6
20130424 7 1 5
20130424 3 1 9
20130425 5 1 7
20130425 1 9 7
20130425 5 7 1
20130425 2 3 9
20130425 3 7 2
20130425 3 2 4
20130425 5 3 4
20130425 8 5 4
20130425 1 9 3
20130425 2 4 1
20130425 2 1 9
20130515 2 3 1
20130515 3 1 5
20130515 2 5 4
20130515 1 3 4
20130515 1 7 2
20130515 9 4 1
20130515 5 2 3
20130515 1 2 3
20130515 3 1 8
20130515 5 1 2
20130516 4 2 3
20130516 1 3 4
20130516 1 4 3
20130516 7 2 3
20130516 7 3 1
20130516 2 7 3
20130516 7 9 1
20130516 5 3 1
20130516 1 7 9
20130516 1 2 4
20130516 7 3 5
20130517 3 1 2
20130517 2 3 5
20130517 1 2 5
20130517 1 5 4
20130517 3 7 8
20130517 7 5 2
20130517 1 9 4
20130517 2 9 1
20130517 1 7 4
20130517 1 9 3
20130619 5 1 3
20130619 9 3 2
20130619 7 2 4
20130619 9 1 3
20130619 5 1 3
20130619 1 4 5
20130619 7 1 2
20130619 3 7 2
20130619 3 8 5
20130619 5 1 8
20130619 2 1 9
20130620 7 3 9
20130620 2 7 5
20130620 4 1 8
20130620 1 5 9
20130620 1 9 2
20130620 1 9 5
20130620 2 5 4
20130620 2 1 7
20130620 5 2 7
20130620 9 1 7
20130620 5 6 8
20130621 7 5 2
20130621 3 9 5
20130621 7 2 5
20130621 9 1 5
20130621 9 4 2
20130621 4 2 7
20130621 1 3 4
20130621 7 5 3
20130621 1 2 5
20130621 1 2 7
20130621 2 1 7
20130621 2 7 4
20130628 1 5 7
20130628 4 2 7
20130628 1 5 7
20130628 4 2 5
20130628 3 1 2
20130628 5 9 6
20130628 7 3 1
20130628 1 2 3
20130628 1 7 4
20130628 1 9 2
20130628 2 1 7
20130628 6 1 8
20130629 4 5 3
20130629 5 1 4
20130629 3 1 5
20130629 2 1 6
20130629 7 4 3
20130629 5 3 4
20130629 1 6 4
20130629 2 3 5
20130629 2 4 3
20130629 1 5 2
20130629 4 9 3
20130629 3 7 5
20130630 2 1 4
20130630 1 2 6
20130630 3 7 5
20130630 3 2 1
20130630 3 7 1
20130630 5 4 6
20130630 3 9 6
20130630 6 3 8
20130630 1 7 6
20130630 4 7 5
20130630 3 1 2
20130630 8 7 5
20130725 7 2 9
20130725 2 9 4
20130725 7 3 1
20130725 1 5 3
20130725 4 7 9
20130725 4 6 2
20130725 9 1 7
20130725 4 1 5
20130725 3 9 4
20130725 7 2 9
20130726 2 1 3
20130726 6 3 1
20130726 1 5 6
20130726 3 1 7
20130726 1 3 7
20130726 7 1 4
20130726 1 5 3
20130726 3 7 1
20130726 2 9 3
20130726 8 3 9
20130726 2 7 3
20130727 8 5 1
20130727 1 6 7
20130727 7 2 3
20130727 3 9 7
20130727 7 1 2
20130727 2 3 8
20130727 5 3 1
20130727 1 5 2
20130727 3 4 7
20130727 3 6 5
20130727 9 3 4
20130728 3 7 5
20130728 5 7 6
20130728 9 5 1
20130728 1 9 2
20130728 7 1 5
20130728 1 7 3
20130728 7 5 9
20130728 3 5 6
20130728 3 7 4
20130728 2 7 9
20130728 7 3 5
20130824 1 2 5
20130824 1 4 5
20130824 2 7 3
20130824 1 4 2
20130824 2 6 4
20130824 3 1 9
20130824 4 2 9
20130824 1 9 4
20130824 5 7 1
20130824 4 1 3
20130824 4 3 1
20130825 7 1 5
20130825 3 1 7
20130825 2 3 5
20130825 2 5 3
20130825 1 3 5
20130825 1 3 7
20130825 3 9 1
20130825 7 2 4
20130825 2 1 8
20130825 7 1 9
20130825 7 1 5
20130826 5 3 2
20130826 3 7 5
20130826 7 1 2
20130826 3 1 7
20130826 7 4 5
20130826 5 1 7
20130826 4 2 3
20130826 9 4 7
20130826 3 1 7
20130826 1 7 3
20130904 9 3 1
20130904 3 1 7
20130904 2 5 6
20130904 1 7 8
20130904 3 5 2
20130904 2 5 7
20130904 7 2 9
20130904 9 3 6
20130904 7 5 1
20130904 1 5 8
20130904 2 5 6
20130905 1 5 2
20130905 3 6 1
20130905 2 9 1
20130905 7 5 3
20130905 7 1 2
20130905 1 7 5
20130905 3 2 1
20130905 5 1 3
20130905 1 3 4
20130905 9 2 5
20130905 1 8 3
20130906 5 2 1
20130906 3 9 4
20130906 3 5 7
20130906 5 3 2
20130906 7 5 9
20130906 6 4 5
20130906 4 1 2
20130906 1 9 6
20130906 1 2 7
20130906 1 7 5
20130906 1 2 5
20130925 1 3 7
20130925 1 5 7
20130925 4 2 3
20130925 7 3 6
20130925 1 3 7
20130925 3 6 4
20130925 7 5 3
20130925 1 5 9
20130925 4 2 9
20130925 8 7 2
20130926 5 1 4
20130926 1 5 6
20130926 3 4 1
20130926 5 3 2
20130926 5 1 7
20130926 7 1 3
20130926 7 5 8
20130926 2 1 9
20130926 3 7 9
20130926 1 7 5
20130927 1 6 3
20130927 2 6 1
20130927 2 7 3
20130927 1 2 7
20130927 2 9 6
20130927 1 9 2
20130927 5 7 3
20130927 7 2 8
20130927 2 4 1
20130927 6 8 1
20131010 3 7 1
20131010 1 7 2
20131010 3 7 4
20131010 3 7 2
20131010 5 1 3
20131010 1 2 7
20131010 9 1 6
20131010 1 5 6
20131010 9 1 5
20131010 6 4 1
20131011 5 3 6
20131011 7 3 2
20131011 5 1 6
20131011 1 7 5
20131011 3 1 5
20131011 1 5 2
20131011 3 9 4
20131011 3 5 7
20131011 7 9 2
20131011 2 3 5
20131012 5 3 6
20131012 5 2 1
20131012 5 7 1
20131012 1 3 7
20131012 5 1 7
20131012 9 7 2
20131012 4 9 7
20131012 5 1 9
20131012 1 7 2
20131012 1 5 7
20131106 1 3 5
20131106 1 5 3
20131106 2 5 3
20131106 3 1 2
20131106 4 2 7
20131106 5 3 2
20131106 7 3 1
20131106 7 2 3
20131106 1 5 9
20131106 5 3 1
20131107 4 2 1
20131107 1 3 4
20131107 3 4 1
20131107 2 7 1
20131107 5 1 7
20131107 5 2 9
20131107 3 5 9
20131107 3 9 5
20131107 7 1 8
20131107 3 2 1
20131107 9 2 5
20131108 5 7 4
20131108 1 5 2
20131108 7 5 4
20131108 7 3 6
20131108 9 5 1
20131108 5 2 4
20131108 9 1 5
20131108 1 9 4
20131108 1 5 4
20131108 5 7 1
20131113 7 1 5
20131113 7 1 3
20131113 5 3 7
20131113 1 7 2
20131113 1 5 6
20131113 7 3 1
20131113 2 9 5
20131113 7 5 1
20131113 5 9 1
20131113 7 1 2
20131114 4 5 7
20131114 1 3 5
20131114 3 1 5
20131114 5 2 7
20131114 3 2 7
20131114 7 1 3
20131114 2 1 8
20131114 5 3 7
20131114 3 5 7
20131114 3 7 5
20131114 9 2 3
20131115 1 2 7
20131115 1 3 7
20131115 1 4 5
20131115 2 4 5
20131115 7 2 5
20131115 1 5 9
20131115 1 9 5
20131115 3 7 1
20131115 7 9 5
20131115 3 1 4
20131115 1 5 9
20131122 5 7 2
20131122 2 7 9
20131122 5 7 9
20131122 1 7 6
20131122 2 7 9
20131122 1 2 6
20131122 2 4 1
20131122 1 5 4
20131122 7 1 9
20131122 3 4 9
20131122 9 2 3
20131122 5 2 7
20131123 5 7 4
20131123 2 4 5
20131123 2 3 7
20131123 5 8 9
20131123 1 7 3
20131123 2 5 3
20131123 1 2 5
20131123 6 3 9
20131123 1 6 5
20131123 3 2 8
20131123 1 5 9
20131123 1 7 8
20131124 5 1 7
20131124 5 2 9
20131124 2 5 7
20131124 1 5 3
20131124 3 1 2
20131124 7 9 1
20131124 2 9 7
20131124 1 7 4
20131124 1 7 9
20131124 3 5 1
20131124 2 7 4
20131124 6 1 5
20131217 8 3 5
20131217 7 3 9
20131217 9 2 7
20131217 7 2 8
20131217 3 2 5
20131217 2 3 7
20131217 1 8 2
20131217 8 7 2
20131217 9 1 2
20131217 7 1 9
20131217 2 3 1
20131218 3 1 2
20131218 1 7 9
20131218 9 1 6
20131218 2 5 3
20131218 3 2 7
20131218 3 1 8
20131218 1 5 2
20131218 2 7 4
20131218 9 1 3
20131218 2 5 1
20131218 7 4 9
20131219 1 8 6
20131219 1 2 5
20131219 7 1 5
20131219 7 1 9
20131219 1 7 4
20131219 1 2 5
20131219 1 7 2
20131219 3 7 5
20131219 1 5 2
20131219 5 6 1
20131219 3 5 2
20131224 1 5 3
20131224 9 5 2
20131224 2 8 3
20131224 7 1 2
20131224 1 5 9
20131224 4 2 9
20131224 1 9 3
20131224 2 9 8
20131224 2 5 1
20131224 2 1 7
20131224 1 5 3
20131225 5 2 7
20131225 9 5 3
20131225 5 1 2
20131225 5 3 2
20131225 5 3 2
20131225 5 3 9
20131225 7 1 9
20131225 5 3 1
20131225 2 7 3
20131225 4 2 6
20131225 1 5 4
20131225 3 8 9
20131226 1 2 3
20131226 1 3 7
20131226 5 2 3
20131226 1 3 2
20131226 1 2 7
20131226 1 3 5
20131226 5 3 2
20131226 1 3 7
20131226 7 3 1
20131226 6 7 2
20131226 9 3 2
20140108 1 3 7
20140108 1 2 3
20140108 5 3 2
20140108 4 2 3
20140108 3 7 2
20140108 5 1 7
20140108 2 4 1
20140108 5 1 2
20140108 7 2 4
20140108 7 4 2
20140108 1 7 3
20140109 2 1 4
20140109 4 3 6
20140109 4 2 3
20140109 2 4 1
20140109 3 5 7
20140109 9 3 5
20140109 7 2 3
20140109 9 2 7
20140109 3 1 7
20140109 2 9 1
20140110 1 7 6
20140110 7 5 6
20140110 1 2 5
20140110 1 4 5
20140110 5 3 1
20140110 9 3 2
20140110 2 7 3
20140110 4 2 6
20140110 6 3 7
20140110 3 8 5
20140212 1 5 6
20140212 5 3 8
20140212 3 1 4
20140212 2 9 4
20140212 9 2 5
20140212 7 1 5
20140212 4 7 1
20140212 4 7 8
20140212 7 1 2
20140212 9 1 2
20140212 1 7 4
20140212 9 7 5
20140213 1 3 5
20140213 1 2 9
20140213 3 9 2
20140213 1 7 5
20140213 5 1 7
20140213 1 3 5
20140213 8 9 5
20140213 7 9 1
20140213 1 7 3
20140213 5 8 3
20140213 2 3 6
20140214 1 4 3
20140214 4 3 8
20140214 6 7 2
20140214 7 5 3
20140214 7 9 4
20140214 7 4 1
20140214 1 3 5
20140214 4 7 2
20140214 1 7 8
20140214 4 5 1
20140214 3 4 5
20140219 1 7 2
20140219 7 1 2
20140219 3 5 7
20140219 2 1 5
20140219 1 3 7
20140219 1 7 2
20140219 4 1 7
20140219 5 2 7
20140219 3 7 5
20140219 1 9 5
20140219 7 1 6
20140220 5 2 1
20140220 7 2 1
20140220 4 3 5
20140220 1 6 7
20140220 3 5 1
20140220 1 7 3
20140220 1 2 7
20140220 7 1 4
20140220 5 1 4
20140220 5 1 6
20140220 2 8 5
20140221 5 1 3
20140221 1 2 4
20140221 7 1 3
20140221 2 5 1
20140221 4 1 7
20140221 9 5 3
20140221 3 8 2
20140221 3 8 7
20140221 2 3 6
20140221 9 5 2
20140310 2 4 7
20140310 1 5 3
20140310 3 1 2
20140310 7 3 4
20140310 1 3 2
20140310 5 1 3
20140310 9 3 7
20140310 1 8 5
20140310 7 5 1
20140310 3 9 5
20140311 1 4 2
20140311 7 4 2
20140311 7 4 2
20140311 4 2 1
20140311 9 2 8
20140311 3 7 9
20140311 1 5 9
20140311 2 3 5
20140311 1 2 3
20140312 4 1 7
20140312 5 1 4
20140312 3 7 4
20140312 2 1 7
20140312 5 7 2
20140312 5 3 8
20140312 2 1 6
20140312 5 2 1
20140312 4 5 2
20140312 1 9 7
20140412 9 1 4
20140412 4 3 9
20140412 1 5 4
20140412 5 3 1
20140412 3 9 6
20140412 1 3 2
20140412 2 4 3
20140412 1 5 8
20140412 9 1 8
20140412 5 3 2
20140412 2 3 7
20140412 3 2 7
20140412 1 5 2
20140413 2 4 7
20140413 5 2 7
20140413 4 3 9
20140413 5 8 1
20140413 1 5 9
20140413 3 6 5
20140413 1 7 5
20140413 9 2 3
20140413 5 2 1
20140413 5 3 9
20140413 3 9 2
20140413 8 7 3
20140414 7 9 5
20140414 7 3 9
20140414 3 9 2
20140414 9 4 3
20140414 4 9 3
20140414 2 3 8
20140414 1 7 9
20140414 3 2 5
20140414 1 3 2
20140414 5 9 1
20140414 2 3 1
20140414 1 4 6
20140415 8 2 7
20140415 1 4 5
20140415 9 7 5
20140415 7 5 1
20140415 6 9 7
20140415 3 1 7
20140415 5 2 1
20140415 1 2 7
20140415 2 7 4
20140415 8 7 2
20140415 7 2 1
20140423 1 3 5
20140423 1 5 2
20140423 5 1 7
20140423 5 2 1
20140423 7 1 2
20140423 3 9 8
20140423 9 2 6
20140423 3 9 1
20140423 9 3 1
20140423 1 5 9
20140423 3 2 8
20140424 4 3 1
20140424 1 4 5
20140424 2 1 5
20140424 4 7 2
20140424 1 4 2
20140424 7 2 9
20140424 3 1 7
20140424 4 3 1
20140424 1 8 4
20140424 9 4 7
20140425 1 7 4
20140425 7 3 4
20140425 2 3 5
20140425 1 3 2
20140425 1 9 8
20140425 1 3 5
20140425 3 1 5
20140425 1 2 7
20140425 3 7 4
20140425 2 1 3
20140503 5 2 7
20140503 2 3 5
20140503 3 7 1
20140503 2 1 3
20140503 5 1 2
20140503 3 5 2
20140503 9 3 1
20140503 2 1 4
20140503 2 5 1
20140503 8 1 2
20140504 1 3 4
20140504 2 7 1
20140504 1 2 3
20140504 3 2 6
20140504 3 1 7
20140504 5 3 7
20140504 1 7 2
20140504 5 6 9
20140504 7 3 4
20140504 9 2 1
20140505 5 4 7
20140505 1 3 5
20140505 2 5 4
20140505 5 4 3
20140505 7 9 3
20140505 5 1 3
20140505 3 7 5
20140505 9 1 3
20140505 1 7 6
20140505 1 3 4
20140514 7 1 9
20140514 2 3 7
20140514 2 9 5
20140514 3 1 7
20140514 5 1 3
20140514 7 8 3
20140514 2 1 9
20140514 9 3 6
20140514 9 3 5
20140514 3 1 9
20140514 2 4 7
20140515 3 4 7
20140515 9 1 4
20140515 4 3 7
20140515 2 7 8
20140515 4 2 9
20140515 4 9 2
20140515 1 9 7
20140515 5 2 3
20140515 1 9 2
20140515 5 2 1
20140515 5 9 1
20140515 5 1 9
20140516 9 2 1
20140516 2 1 4
20140516 9 5 7
20140516 7 2 6
20140516 9 2 1
20140516 2 4 8
20140516 9 3 8
20140516 9 2 3
20140516 1 2 4
20140516 3 2 4
20140516 1 3 2
20140616 2 5 1
20140616 1 5 6
20140616 1 2 4
20140616 1 5 2
20140616 2 1 5
20140616 7 3 9
20140616 3 2 4
20140616 2 8 1
20140616 1 7 2
20140616 5 9 4
20140617 6 4 7
20140617 2 1 3
20140617 2 4 1
20140617 7 3 1
20140617 1 4 7
20140617 2 3 1
20140617 9 5 6
20140617 6 4 2
20140617 7 2 6
20140617 1 4 3
20140618 7 6 2
20140618 1 4 3
20140618 7 4 5
20140618 2 7 3
20140618 2 3 5
20140618 5 2 9
20140618 7 4 8
20140618 3 5 4
20140618 4 2 3
20140618 2 3 8
20140726 1 4 2
20140726 6 7 4
20140726 2 5 1
20140726 2 5 4
20140726 5 7 1
20140726 9 2 1
20140726 7 2 9
20140726 2 1 5
20140726 5 2 3
20140726 1 5 8
20140726 1 9 2
20140726 9 1 7
20140727 3 7 5
20140727 3 6 2
20140727 5 1 4
20140727 4 3 6
20140727 1 6 4
20140727 9 5 6
20140727 1 9 7
20140727 4 6 7
20140727 4 1 6
20140727 1 7 4
20140727 5 3 8
20140727 9 3 7
20140728 4 5 2
20140728 4 2 3
20140728 2 1 7
20140728 4 2 5
20140728 3 7 5
20140728 5 9 2
20140728 7 5 9
20140728 5 4 2
20140728 3 6 7
20140728 1 3 7
20140728 2 3 7
20140728 9 4 5
20140825 1 9 3
20140825 9 1 3
20140825 2 8 9
20140825 1 9 2
20140825 3 7 1
20140825 7 1 4
20140825 9 1 8
20140825 1 9 3
20140825 9 1 3
20140825 1 3 5
20140825 2 5 1
20140825 9 7 1
20140826 2 9 1
20140826 7 2 9
20140826 1 4 3
20140826 5 1 2
20140826 1 7 3
20140826 1 9 2
20140826 1 6 3
20140826 2 5 3
20140826 1 5 7
20140826 3 7 4
20140826 1 3 9
20140827 3 7 9
20140827 3 5 1
20140827 7 1 3
20140827 9 6 2
20140827 1 9 6
20140827 1 4 6
20140827 4 8 7
20140827 1 5 9
20140827 3 5 9
20140827 9 4 3
20140827 3 1 4
20140902 7 2 1
20140902 2 7 4
20140902 1 7 3
20140902 7 2 6
20140902 7 3 2
20140902 7 8 2
20140902 1 7 6
20140902 1 5 7
20140902 1 4 8
20140902 3 8 1
20140902 1 6 4
20140903 8 5 9
20140903 1 3 4
20140903 2 1 7
20140903 7 1 6
20140903 1 7 3
20140903 6 7 5
20140903 5 9 2
20140903 1 8 2
20140903 2 1 7
20140903 2 7 5
20140903 3 2 8
20140904 7 9 1
20140904 5 1 8
20140904 9 5 3
20140904 5 8 1
20140904 2 3 7
20140904 5 3 2
20140904 9 7 8
20140904 9 1 2
20140904 8 2 1
20140904 7 5 8
20140904 3 4 5
20140924 1 4 6
20140924 4 7 5
20140924 2 3 7
20140924 6 4 1
20140924 1 4 2
20140924 7 9 1
20140924 9 3 7
20140924 9 1 6
20140924 2 7 5
20140924 5 3 7
20140925 3 1 5
20140925 1 5 3
20140925 5 3 4
20140925 7 3 5
20140925 1 5 6
20140925 1 5 3
20140925 1 5 9
20140925 5 1 8
20140925 2 8 5
20140925 7 3 1
20140926 5 2 1
20140926 1 7 4
20140926 4 1 2
20140926 4 1 6
20140926 2 7 1
20140926 1 2 7
20140926 3 2 1
20140926 2 8 6
20140926 2 3 1
20140926 2 5 3
20140926 8 5 9
20141008 1 5 6
20141008 7 3 8
20141008 9 1 7
20141008 5 7 2
20141008 6 5 3
20141008 7 3 2
20141008 2 7 5
20141008 3 8 5
20141008 2 9 3
20141008 1 3 5
20141008 8 5 1
20141009 1 9 5
20141009 2 5 3
20141009 2 7 3
20141009 2 7 1
20141009 9 4 2
20141009 1 7 4
20141009 5 9 7
20141009 5 7 2
20141009 1 2 5
20141009 5 8 6
20141009 3 5 7
20141010 9 4 3
20141010 3 1 2
20141010 1 8 6
20141010 3 7 8
20141010 3 5 2
20141010 1 5 2
20141010 1 5 7
20141010 2 5 9
20141010 2 5 6
20141010 7 1 3
20141010 2 9 7
20141010 1 9 4
20141127 1 7 5
20141127 2 1 7
20141127 1 7 2
20141127 3 1 5
20141127 3 2 4
20141127 1 2 5
20141127 2 9 3
20141127 1 4 5
20141127 1 5 7
20141127 1 7 9
20141127 3 1 4
20141127 9 1 4
20141128 3 4 5
20141128 3 5 1
20141128 1 2 4
20141128 3 4 5
20141128 1 4 2
20141128 4 2 3
20141128 7 1 8
20141128 5 3 4
20141128 7 3 1
20141128 5 6 2
20141128 1 9 2
20141128 9 5 3
20141129 1 4 5
20141129 5 1 2
20141129 4 1 3
20141129 2 5 1
20141129 4 9 1
20141129 1 4 2
20141129 7 2 5
20141129 5 1 4
20141129 4 3 1
20141129 1 6 4
20141129 2 3 6
20141129 1 4 9
20141203 2 1 9
20141203 3 9 1
20141203 1 7 2
20141203 5 3 8
20141203 7 2 5
20141203 4 8 2
20141203 7 3 1
20141203 2 1 8
20141203 9 3 8
20141203 1 9 3
20141203 5 1 7
20141204 4 7 9
20141204 5 2 9
20141204 1 4 3
20141204 1 6 7
20141204 3 1 5
20141204 7 5 3
20141204 3 8 2
20141204 5 1 8
20141204 1 8 5
20141204 3 9 1
20141204 7 2 9
20141205 5 3 7
20141205 1 2 4
20141205 5 2 3
20141205 1 9 6
20141205 1 3 7
20141205 1 5 7
20141205 7 1 9
20141205 9 1 7
20141205 1 6 5
20141205 5 3 2
20141205 1 5 8
20141210 1 3 7
20141210 3 5 1
20141210 1 7 2
20141210 2 3 1
20141210 2 1 5
20141210 4 9 8
20141210 9 1 2
20141210 1 8 4
20141210 2 1 5
20141210 3 7 5
20141212 4 5 2
20141212 1 7 5
20141212 1 7 2
20141212 2 3 4
20141212 9 2 4
20141212 9 3 5
20141212 3 2 4
20141212 3 4 2
20141212 5 6 2
20141212 5 6 9
20141212 3 7 4
20141212 1 9 8
20150101 5 1 7
20150101 1 7 5
20150101 5 1 3
20150101 7 1 5
20150101 1 5 3
20150101 4 2 3
20150101 7 1 6
20150101 3 9 2
20150101 5 1 2
20150101 3 7 9
20150102 3 7 5
20150102 6 7 3
20150102 2 3 6
20150102 2 3 5
20150102 5 4 1
20150102 7 8 9
20150102 2 1 7
20150102 9 4 5
20150102 5 3 8
20150102 2 7 3
20150103 3 7 4
20150103 3 1 6
20150103 2 5 4
20150103 2 4 3
20150103 5 4 7
20150103 2 4 6
20150103 5 9 1
20150103 7 2 9
20150103 4 5 3
20150103 7 3 2
20150110 1 5 3
20150110 3 2 1
20150110 1 7 2
20150110 7 2 1
20150110 7 3 4
20150110 3 1 4
20150110 1 2 7
20150111 5 4 1
20150111 5 2 1
20150111 7 3 5
20150111 1 3 4
20150111 3 4 1
20150111 1 3 4
20150111 2 7 4
20150112 1 5 2
20150112 5 2 4
20150112 4 5 1
20150112 4 2 5
20150112 7 2 5
20150112 3 7 1
20150112 3 7 6
20150124 1 5 2
20150124 7 1 2
20150124 5 2 1
20150124 5 1 4
20150124 3 1 4
20150124 2 1 3
20150124 1 2 6
20150125 4 7 2
20150125 5 2 7
20150125 5 2 3
20150125 7 4 1
20150125 1 5 2
20150125 6 1 2
20150125 2 3 4
20150126 1 3 2
20150126 2 3 5
20150126 1 6 2
20150126 3 5 1
20150126 2 3 7
20150126 1 7 3
20150126 2 4 1
20150203 2 1 3
20150203 2 3 1
20150203 1 5 7
20150203 3 5 1
20150203 2 5 1
20150203 7 3 1
20150203 1 7 6
20150204 1 3 5
20150204 5 6 2
20150204 5 6 4
20150204 1 7 2
20150204 1 5 7
20150204 4 7 2
20150204 1 6 4
20150204 2 7 5
20150205 5 7 1
20150205 4 2 7
20150205 3 1 5
20150205 5 2 6
20150205 1 2 7
20150205 4 1 6
20150205 3 6 2
20150211 3 1 4
20150211 7 2 1
20150211 7 1 5
20150211 5 4 7
20150211 1 2 4
20150211 2 3 6
20150211 1 3 4
20150212 4 7 1
20150212 1 7 3
20150212 7 1 6
20150212 1 3 7
20150212 4 2 1
20150212 2 3 7
20150212 3 2 7
20150213 3 1 6
20150213 5 3 6
20150213 5 3 2
20150213 7 1 5
20150213 4 5 1
20150213 2 7 1
20150213 4 2 1
20150304 2 9 7
20150304 7 5 4
20150304 2 3 4
20150304 2 1 6
20150304 1 7 2
20150304 4 9 2
20150304 9 2 5
20150304 2 9 3
20150304 2 7 1
20150304 9 1 5
20150304 2 4 8
20150305 1 3 5
20150305 2 7 5
20150305 9 5 8
20150305 2 1 3
20150305 1 3 7
20150305 9 3 4
20150305 9 7 1
20150305 1 7 9
20150305 5 2 9
20150305 2 7 5
20150305 5 1 9
20150306 6 5 4
20150306 7 8 2
20150306 1 7 6
20150306 1 2 7
20150306 6 5 9
20150306 2 5 4
20150306 3 9 5
20150306 3 5 4
20150306 5 2 4
20150306 2 9 6
20150306 1 8 7
20150402 1 2 9
20150402 2 1 9
20150402 9 2 5
20150402 3 7 6
20150402 2 4 9
20150402 9 5 4
20150402 5 2 1
20150402 2 3 1
20150402 1 9 7
20150402 1 2 7
20150402 5 6 2
20150402 7 1 5
20150402 1 2 3
20150403 7 9 4
20150403 5 2 6
20150403 8 5 4
20150403 1 7 4
20150403 7 1 2
20150403 5 7 2
20150403 3 7 2
20150403 7 3 4
20150403 2 4 9
20150403 5 4 3
20150403 2 7 5
20150403 7 2 5
20150403 4 1 5
20150404 3 6 5
20150404 6 5 7
20150404 8 3 7
20150404 9 3 4
20150404 2 7 9
20150404 2 1 3
20150404 9 3 6
20150404 2 1 5
20150404 8 5 2
20150404 1 3 9
20150404 2 9 5
20150404 5 2 6
20150405 5 4 9
20150405 3 1 2
20150405 6 5 4
20150405 9 3 8
20150405 7 1 9
20150405 8 4 6
20150405 5 3 9
20150405 2 6 4
20150405 2 5 3
20150405 7 2 8
20150405 7 8 3
20150501 1 5 9
20150501 1 9 4
20150501 2 9 5
20150501 5 1 9
20150501 1 8 9
20150501 3 4 7
20150501 5 3 1
20150501 5 1 9
20150501 2 3 5
20150501 7 4 1
20150501 5 2 1
20150502 9 7 1
20150502 1 4 2
20150502 4 2 8
20150502 3 7 5
20150502 9 3 6
20150502 9 2 5
20150502 9 7 2
20150502 7 3 2
20150502 2 9 1
20150502 3 1 7
20150502 3 1 9
20150503 7 8 1
20150503 2 1 9
20150503 1 7 8
20150503 1 6 5
20150503 1 3 9
20150503 7 3 1
20150503 3 5 8
20150503 3 9 2
20150503 7 3 1
20150503 9 2 1
20150503 8 6 4
20150518 5 3 4
20150518 4 3 7
20150518 7 5 2
20150518 5 3 7
20150518 5 7 2
20150518 3 1 5
20150518 2 6 4
20150519 7 3 2
20150519 5 3 2
20150519 4 5 1
20150519 5 1 3
20150519 3 1 7
20150519 1 7 2
20150519 2 7 5
20150520 3 1 4
20150520 4 1 3
20150520 1 2 3
20150520 7 1 5
20150520 7 2 4
20150520 3 4 6
20150520 3 5 6
20150523 1 5 2
20150523 5 1 3
20150523 1 5 6
20150523 7 1 2
20150523 2 1 5
20150523 5 1 2
20150523 1 7 4
20150524 7 3 2
20150524 3 6 5
20150524 5 7 3
20150524 7 6 3
20150524 2 4 5
20150524 5 3 6
20150524 1 4 2
20150525 7 2 4
20150525 1 4 7
20150525 7 4 1
20150525 3 7 5
20150525 2 1 3
20150525 5 2 7
20150525 2 5 1
20150527 4 2 7
20150527 1 7 8
20150527 5 1 4
20150527 1 2 3
20150527 1 2 5
20150527 1 5 2
20150527 1 3 7
20150527 7 9 5
20150527 2 1 3
20150527 2 3 1
20150527 3 7 8
20150527 5 1 7
20150527 1 9 5
20150528 1 2 5
20150528 4 3 2
20150528 7 2 8
20150528 4 9 1
20150528 1 9 3
20150528 1 5 2
20150528 2 7 4
20150528 2 9 7
20150528 9 2 7
20150528 3 5 4
20150528 9 2 5
20150529 2 6 5
20150529 3 6 1
20150529 7 1 9
20150529 1 7 2
20150529 7 5 6
20150529 9 5 1
20150529 1 6 3
20150529 7 8 4
20150529 2 3 5
20150529 3 5 6
20150529 1 5 4
