20120310 3 5 2
20120310 2 9 3
20120310 7 9 3
20120310 3 1 8
20120310 7 1 8
20120310 3 9 1
20120310 9 7 3
20120310 1 5 3
20120310 3 6 2
20120310 2 7 8
20120310 3 2 8
20120311 7 9 4
20120311 7 2 1
20120311 1 4 8
20120311 3 1 7
20120311 3 5 7
20120311 2 3 1
20120311 8 2 1
20120311 2 3 4
20120311 5 1 9
20120311 5 2 7
20120311 5 9 3
20120312 4 9 3
20120312 9 2 7
20120312 2 7 9
20120312 1 7 2
20120312 9 2 5
20120312 2 9 3
20120312 2 7 4
20120312 3 2 9
20120312 3 8 9
20120312 7 1 3
20120312 3 2 1
20120313 8 1 9
20120313 3 7 8
20120313 7 4 1
20120313 9 3 1
20120313 9 3 4
20120313 5 1 6
20120313 3 1 8
20120313 5 3 1
20120313 2 5 1
20120313 5 3 2
20120313 5 3 6
20120313 4 2 1
20120614 4 1 2
20120614 5 2 4
20120614 4 2 3
20120614 2 5 1
20120614 1 7 3
20120614 3 2 5
20120614 3 4 7
20120614 3 5 4
20120614 4 3 9
20120614 5 1 9
20120614 7 2 3
20120615 4 2 1
20120615 1 7 2
20120615 5 3 2
20120615 7 2 6
20120615 5 1 4
20120615 5 2 9
20120615 3 9 5
20120615 3 9 2
20120615 2 7 3
20120615 5 7 1
20120615 5 3 7
20120616 3 4 7
20120616 5 2 7
20120616 4 7 6
20120616 5 4 7
20120616 5 2 6
20120616 1 9 4
20120616 7 3 5
20120616 3 8 2
20120616 3 2 7
20120616 3 7 2
20120616 6 1 4
20120629 4 3 5
20120629 2 5 7
20120629 1 3 7
20120629 3 2 1
20120629 4 1 7
20120629 6 3 5
20120629 3 5 7
20120629 9 1 2
20120629 7 1 5
20120629 4 8 1
20120629 9 2 6
20120630 2 5 3
20120630 5 4 7
20120630 7 2 4
20120630 7 5 4
20120630 1 5 6
20120630 1 3 5
20120630 3 1 7
20120630 3 2 7
20120630 2 8 4
20120630 1 3 5
20120630 1 9 2
20120701 7 4 1
20120701 2 4 5
20120701 7 3 4
20120701 7 1 6
20120701 7 8 1
20120701 9 2 1
20120701 1 5 3
20120701 2 3 7
20120701 7 2 5
20120701 2 5 7
20120701 5 2 7
20120701 2 9 5
20120709 7 1 9
20120709 5 1 9
20120709 5 7 9
20120709 7 2 3
20120709 5 3 1
20120709 2 7 5
20120709 2 1 9
20120709 3 7 9
20120709 2 7 4
20120709 5 8 3
20120709 7 8 6
20120710 2 5 4
20120710 1 9 3
20120710 2 4 3
20120710 7 3 8
20120710 8 5 3
20120710 6 3 8
20120710 3 5 8
20120710 5 3 8
20120710 5 1 7
20120710 3 7 9
20120710 7 1 3
20120710 5 6 8
20120711 3 4 7
20120711 4 7 8
20120711 7 9 3
20120711 7 6 2
20120711 7 1 2
20120711 7 5 2
20120711 8 7 2
20120711 9 3 2
20120711 7 2 4
20120711 7 2 5
20120711 5 1 2
20120809 2 3 5
20120809 7 2 1
20120809 5 7 3
20120809 4 1 7
20120809 1 5 7
20120809 2 3 9
20120809 3 5 6
20120809 7 5 1
20120809 3 7 1
20120809 1 3 6
20120809 5 9 2
20120810 5 2 4
20120810 3 2 7
20120810 4 2 1
20120810 3 4 2
20120810 1 5 6
20120810 3 1 6
20120810 4 3 1
20120810 2 9 5
20120810 2 9 7
20120810 1 3 9
20120810 2 1 7
20120811 5 1 2
20120811 1 7 5
20120811 4 2 1
20120811 5 7 2
20120811 3 4 5
20120811 3 7 5
20120811 3 7 8
20120811 9 1 4
20120811 4 2 3
20120811 1 3 8
20120811 3 7 2
20120907 2 7 5
20120907 2 4 3
20120907 5 8 7
20120907 3 6 9
20120907 1 3 7
20120907 9 5 1
20120907 3 7 2
20120907 1 2 7
20120907 5 1 8
20120907 3 7 6
20120907 2 5 1
20120908 2 5 1
20120908 9 2 4
20120908 1 4 9
20120908 1 7 3
20120908 3 1 5
20120908 7 1 9
20120908 5 9 7
20120908 2 7 1
20120908 7 9 4
20120908 5 3 7
20120908 2 1 7
20120909 9 7 5
20120909 5 1 3
20120909 1 9 2
20120909 1 5 9
20120909 1 7 5
20120909 2 4 8
20120909 7 3 2
20120909 1 9 4
20120909 2 9 1
20120909 5 2 7
20120909 3 9 2
20120927 1 5 4
20120927 7 5 3
20120927 2 5 1
20120927 5 3 2
20120927 2 7 1
20120927 2 7 4
20120927 5 3 4
20120927 9 2 1
20120927 1 9 5
20120927 7 3 1
20120927 1 6 3
20120928 3 7 2
20120928 7 2 3
20120928 4 5 3
20120928 4 7 2
20120928 1 6 7
20120928 2 5 3
20120928 9 7 2
20120928 3 6 1
20120928 5 3 8
20120928 2 8 3
20120928 2 1 9
20120929 2 4 5
20120929 1 3 5
20120929 5 1 4
20120929 1 5 7
20120929 3 1 4
20120929 7 2 9
20120929 2 9 1
20120929 5 1 2
20120929 4 2 1
20120929 7 5 1
20120929 9 4 3
20121126 7 9 4
20121126 5 7 3
20121126 7 3 2
20121126 1 2 6
20121126 1 5 9
20121126 5 8 3
20121126 5 4 7
20121126 5 1 6
20121126 7 3 8
20121126 5 9 2
20121126 8 6 5
20121127 7 2 3
20121127 5 2 8
20121127 5 9 1
20121127 1 4 5
20121127 1 7 8
20121127 9 6 3
20121127 1 7 6
20121127 7 9 6
20121127 2 9 1
20121127 7 1 3
20121127 7 4 9
20121128 1 9 5
20121128 1 3 5
20121128 1 5 3
20121128 2 7 5
20121128 2 9 3
20121128 5 7 1
20121128 3 1 9
20121128 4 5 9
20121128 2 7 9
20121128 4 2 9
20121128 3 4 1
20121128 3 4 5
20121202 9 2 4
20121202 7 5 2
20121202 2 7 1
20121202 7 3 1
20121202 1 7 2
20121202 1 2 5
20121202 4 3 5
20121202 2 5 1
20121202 3 9 1
20121202 7 5 3
20121202 7 3 1
20121202 8 3 2
20121203 5 7 4
20121203 9 7 3
20121203 8 6 3
20121203 1 7 2
20121203 5 2 9
20121203 4 3 7
20121203 5 7 1
20121203 5 9 3
20121203 8 2 4
20121203 1 2 8
20121203 9 1 7
20121203 5 3 7
20121204 5 1 3
20121204 3 2 7
20121204 3 1 8
20121204 1 5 2
20121204 5 1 2
20121204 5 1 3
20121204 1 7 8
20121204 7 3 1
20121204 4 2 6
20121204 3 1 2
20121204 9 5 1
20121204 9 3 7
20121216 3 4 7
20121216 1 3 2
20121216 7 3 5
20121216 2 1 4
20121216 4 1 2
20121216 7 3 2
20121216 5 2 8
20121216 3 2 7
20121216 3 9 5
20121216 2 9 7
20121216 9 1 5
20121217 2 5 3
20121217 5 3 1
20121217 4 3 1
20121217 3 5 1
20121217 1 3 2
20121217 5 3 8
20121217 9 2 1
20121217 8 7 5
20121217 1 8 7
20121217 7 3 5
20121217 6 4 2
20121218 7 2 1
20121218 1 7 4
20121218 4 3 1
20121218 4 2 7
20121218 5 8 9
20121218 1 2 7
20121218 5 1 7
20121218 3 2 7
20121218 3 1 2
20121218 9 3 5
20121218 9 3 8
20121218 5 2 1
20121228 4 2 7
20121228 5 7 2
20121228 4 5 3
20121228 1 5 4
20121228 2 4 7
20121228 5 1 7
20121228 1 7 3
20121228 9 1 7
20121228 1 7 2
20121228 3 5 9
20121228 8 6 7
20121229 7 5 2
20121229 1 4 5
20121229 4 2 5
20121229 7 4 1
20121229 1 7 2
20121229 9 2 7
20121229 3 5 7
20121229 3 9 2
20121229 9 5 7
20121229 9 7 5
20121229 7 1 3
20121230 7 1 3
20121230 3 7 4
20121230 3 5 1
20121230 2 3 7
20121230 7 5 1
20121230 1 7 9
20121230 4 2 9
20121230 5 2 1
20121230 2 7 3
20121230 5 1 7
20121230 7 2 5
20130118 3 5 4
20130118 1 2 7
20130118 4 7 1
20130118 1 7 2
20130118 1 3 7
20130118 1 5 7
20130118 3 2 4
20130118 1 7 5
20130118 2 9 8
20130118 3 9 5
20130118 2 1 7
20130118 2 9 7
20130119 1 4 5
20130119 1 5 4
20130119 1 3 4
20130119 4 3 5
20130119 3 2 7
20130119 7 3 2
20130119 3 4 2
20130119 2 9 5
20130119 2 9 8
20130119 1 8 7
20130119 7 1 5
20130119 9 3 5
20130120 1 2 7
20130120 7 2 3
20130120 4 7 3
20130120 1 4 5
20130120 3 6 2
20130120 4 2 3
20130120 3 4 6
20130120 8 5 3
20130120 2 3 4
20130120 5 2 4
20130120 1 3 9
20130120 5 7 2
20130126 7 3 1
20130126 1 4 3
20130126 2 3 4
20130126 3 5 2
20130126 1 5 3
20130126 1 9 7
20130126 2 5 9
20130126 2 9 1
20130126 5 7 1
20130126 7 9 5
20130126 1 3 4
20130127 1 5 3
20130127 4 1 5
20130127 2 7 6
20130127 7 5 2
20130127 7 3 1
20130127 2 9 4
20130127 2 9 5
20130127 2 3 1
20130127 2 1 8
20130127 3 2 9
20130127 1 6 2
20130127 3 1 7
20130128 3 7 1
20130128 4 2 7
20130128 5 4 7
20130128 7 2 5
20130128 1 3 2
20130128 7 1 9
20130128 7 3 5
20130128 7 3 5
20130128 5 7 6
20130128 1 9 7
20130128 1 2 4
20130208 1 7 5
20130208 3 9 7
20130208 5 7 8
20130208 3 8 5
20130208 9 7 2
20130208 2 3 9
20130208 1 3 2
20130208 3 9 2
20130208 3 7 8
20130208 9 1 4
20130208 5 2 4
20130208 9 1 7
20130209 2 8 3
20130209 9 5 7
20130209 4 7 9
20130209 5 3 7
20130209 9 7 2
20130209 5 1 3
20130209 3 4 2
20130209 7 5 8
20130209 1 9 5
20130209 3 7 9
20130209 9 3 7
20130209 5 3 8
20130210 5 1 9
20130210 7 1 4
20130210 5 7 1
20130210 4 8 9
20130210 2 9 6
20130210 5 9 3
20130210 2 1 5
20130210 8 3 1
20130210 1 5 7
20130210 3 8 4
20130210 2 1 9
20130210 9 1 3
20130211 5 1 9
20130211 8 6 5
20130211 8 5 7
20130211 8 1 5
20130211 7 3 1
20130211 9 6 5
20130211 4 3 5
20130211 7 5 3
20130211 2 3 1
20130211 3 7 5
20130211 3 7 8
20130216 5 2 3
20130216 5 1 7
20130216 4 2 3
20130216 3 7 4
20130216 5 3 7
20130216 8 3 2
20130216 9 2 6
20130216 1 9 5
20130216 1 5 3
20130216 5 2 3
20130216 3 4 7
20130217 1 2 3
20130217 1 2 3
20130217 3 5 1
20130217 5 3 6
20130217 4 1 2
20130217 9 1 6
20130217 2 4 3
20130217 1 5 9
20130217 2 1 3
20130217 1 9 5
20130217 7 2 9
20130218 7 2 4
20130218 7 2 4
20130218 2 3 4
20130218 5 1 4
20130218 9 5 3
20130218 3 8 2
20130218 2 5 7
20130218 3 4 9
20130218 5 3 6
20130218 3 1 7
20130218 5 9 1
20130316 4 7 2
20130316 7 4 1
20130316 2 4 5
20130316 2 1 7
20130316 3 2 5
20130316 5 1 9
20130316 1 9 7
20130316 9 5 1
20130316 2 5 3
20130316 2 7 9
20130316 2 9 8
20130317 1 7 3
20130317 1 2 3
20130317 5 7 6
20130317 4 7 2
20130317 7 1 3
20130317 1 7 3
20130317 5 2 1
20130317 5 3 2
20130317 5 1 3
20130317 9 8 3
20130317 1 3 9
20130318 5 1 3
20130318 7 3 4
20130318 7 1 3
20130318 5 3 7
20130318 7 2 4
20130318 3 5 8
20130318 2 1 3
20130318 7 1 5
20130318 2 3 5
20130318 7 9 1
20130318 3 1 2
20130329 7 9 1
20130329 5 3 9
20130329 7 9 1
20130329 9 7 1
20130329 2 1 9
20130329 2 5 9
20130329 3 2 1
20130329 4 1 9
20130329 2 3 9
20130329 7 2 5
20130329 3 1 9
20130329 6 3 8
20130330 1 4 5
20130330 2 9 1
20130330 1 3 5
20130330 9 3 2
20130330 8 7 3
20130330 5 2 9
20130330 7 3 8
20130330 3 2 1
20130330 8 4 3
20130330 3 4 8
20130330 3 4 5
20130331 3 8 1
20130331 3 8 5
20130331 3 1 4
20130331 5 2 8
20130331 5 3 7
20130331 1 7 3
20130331 7 3 5
20130331 1 2 4
20130331 3 9 4
20130331 9 1 8
20130331 3 6 9
20130331 5 2 8
20130408 3 5 6
20130408 1 7 3
20130408 3 4 7
20130408 7 1 5
20130408 5 1 3
20130408 1 4 2
20130408 5 7 2
20130408 5 7 1
20130408 1 5 2
20130408 1 4 2
20130408 2 3 7
20130409 1 7 2
20130409 5 2 7
20130409 1 9 2
20130409 2 1 7
20130409 1 8 2
20130409 7 1 5
20130409 4 7 8
20130409 3 4 6
20130409 2 9 3
20130409 9 2 3
20130409 2 3 9
20130410 2 4 5
20130410 2 1 5
20130410 4 3 7
20130410 3 7 4
20130410 1 9 2
20130410 4 2 9
20130410 2 5 1
20130410 1 2 3
20130410 4 8 5
20130410 5 2 7
20130410 3 5 1
20130413 1 4 2
20130413 2 5 7
20130413 3 7 1
20130413 4 1 3
20130413 2 4 7
20130413 3 7 8
20130413 7 3 4
20130413 6 8 2
20130413 9 6 2
20130413 7 3 4
20130414 2 3 5
20130414 5 1 7
20130414 2 1 7
20130414 4 1 5
20130414 4 2 1
20130414 7 9 6
20130414 5 7 3
20130414 2 5 7
20130414 2 3 6
20130414 7 1 2
20130415 5 1 2
20130415 7 2 1
20130415 3 1 6
20130415 7 1 4
20130415 9 2 5
20130415 7 2 4
20130415 3 8 9
20130415 4 7 1
20130415 4 3 2
20130415 3 6 9
20130513 3 1 2
20130513 7 9 2
20130513 2 8 4
20130513 5 1 7
20130513 2 7 9
20130513 9 6 3
20130513 1 7 9
20130513 4 9 3
20130513 9 2 1
20130513 5 3 7
20130513 3 4 9
20130514 7 9 3
20130514 3 1 7
20130514 7 3 5
20130514 1 9 4
20130514 9 7 5
20130514 7 3 4
20130514 7 3 1
20130514 9 1 4
20130514 3 9 5
20130514 3 1 5
20130514 5 3 8
20130515 3 2 9
20130515 1 3 5
20130515 7 9 2
20130515 7 9 3
20130515 2 9 3
20130515 1 7 2
20130515 1 4 2
20130515 1 5 3
20130515 1 5 7
20130515 4 7 8
20130515 6 3 2
20130515 7 3 5
20130525 3 5 7
20130525 1 4 3
20130525 7 5 4
20130525 2 1 5
20130525 5 3 7
20130525 3 7 1
20130525 3 4 7
20130525 7 5 3
20130525 3 9 7
20130525 2 5 7
20130525 9 3 7
20130525 5 7 6
20130526 4 3 5
20130526 2 5 1
20130526 5 2 1
20130526 7 3 2
20130526 7 5 2
20130526 7 4 2
20130526 5 2 3
20130526 1 9 5
20130526 1 7 8
20130526 9 4 3
20130526 8 5 2
20130526 2 9 7
20130527 7 3 1
20130527 7 5 1
20130527 4 6 7
20130527 7 2 3
20130527 1 5 9
20130527 1 7 6
20130527 2 4 1
20130527 9 2 4
20130527 1 2 7
20130527 4 5 2
20130527 3 1 7
20130527 8 6 9
20130603 5 2 7
20130603 9 1 3
20130603 1 7 3
20130603 5 3 2
20130603 4 9 1
20130603 7 1 6
20130603 7 9 4
20130603 3 7 4
20130603 2 5 9
20130603 2 9 3
20130603 3 1 7
20130604 7 2 8
20130604 2 9 1
20130604 9 7 5
20130604 1 2 8
20130604 3 7 5
20130604 5 4 1
20130604 1 9 7
20130604 9 3 8
20130604 5 3 1
20130604 4 1 5
20130604 7 9 2
20130605 7 2 5
20130605 7 1 9
20130605 7 3 9
20130605 1 2 6
20130605 7 3 8
20130605 5 1 3
20130605 9 2 1
20130605 3 5 1
20130605 1 2 7
20130605 2 9 7
20130605 9 2 8
20130621 4 1 3
20130621 2 4 5
20130621 5 3 1
20130621 5 1 2
20130621 7 2 4
20130621 3 1 5
20130621 7 1 2
20130621 3 7 5
20130621 5 2 1
20130621 8 1 7
20130621 8 5 7
20130621 2 7 9
20130622 7 3 2
20130622 7 2 3
20130622 1 3 4
20130622 1 3 5
20130622 1 2 3
20130622 4 3 5
20130622 1 7 2
20130622 1 5 7
20130622 5 2 8
20130622 7 1 2
20130622 1 7 9
20130622 9 5 2
20130623 1 2 7
20130623 2 5 3
20130623 3 4 1
20130623 6 1 4
20130623 6 4 1
20130623 4 5 1
20130623 2 5 9
20130623 8 7 4
20130623 7 1 3
20130623 5 2 6
20130623 9 2 4
20130623 2 1 7
20130717 1 3 7
20130717 7 3 1
20130717 9 7 1
20130717 2 7 1
20130717 5 7 2
20130717 7 2 9
20130717 9 3 4
20130717 9 3 2
20130717 2 7 3
20130717 3 9 8
20130717 7 2 9
20130718 2 9 5
20130718 1 7 5
20130718 4 5 1
20130718 1 7 8
20130718 2 1 8
20130718 2 7 8
20130718 4 7 5
20130718 6 1 5
20130718 2 9 5
20130718 9 2 1
20130718 7 3 5
20130719 7 5 2
20130719 9 7 6
20130719 5 4 2
20130719 3 2 5
20130719 7 5 1
20130719 3 7 2
20130719 5 2 7
20130719 8 1 2
20130719 9 1 6
20130719 9 5 3
20130719 1 7 2
20130912 1 4 5
20130912 2 3 4
20130912 3 7 1
20130912 5 4 3
20130912 1 3 4
20130912 2 1 9
20130912 3 8 1
20130912 5 7 1
20130912 9 2 1
20130912 9 2 3
20130913 2 3 1
20130913 5 3 2
20130913 7 3 2
20130913 2 5 7
20130913 5 1 3
20130913 9 1 5
20130913 1 3 9
20130913 1 3 4
20130913 1 4 5
20130913 9 8 1
20130914 4 5 1
20130914 2 3 1
20130914 6 3 5
20130914 5 7 2
20130914 1 5 7
20130914 2 7 8
20130914 9 1 3
20130914 5 1 7
20130914 5 7 1
20130914 9 1 7
20130914 2 9 6
20131113 1 5 2
20131113 2 5 7
20131113 7 1 8
20131113 3 1 7
20131113 3 7 8
20131113 7 4 5
20131113 5 4 2
20131113 5 3 2
20131113 2 5 7
20131113 7 6 2
20131113 9 5 3
20131113 9 7 2
20131114 8 5 2
20131114 3 1 5
20131114 7 1 4
20131114 9 4 3
20131114 7 3 5
20131114 4 5 6
20131114 1 2 5
20131114 4 3 5
20131114 3 1 4
20131114 5 2 8
20131114 5 4 7
20131114 7 2 1
20131115 3 9 7
20131115 9 1 4
20131115 5 1 3
20131115 1 3 5
20131115 3 5 1
20131115 5 8 7
20131115 1 2 7
20131115 7 2 3
20131115 6 4 5
20131115 4 7 2
20131115 5 9 3
20131115 1 4 3
20131201 1 3 2
20131201 1 3 4
20131201 3 9 5
20131201 7 4 9
20131201 3 2 7
20131201 4 3 7
20131201 7 1 5
20131201 3 1 5
20131201 5 7 2
20131201 3 7 4
20131201 7 3 1
20131201 9 5 1
20131202 3 5 6
20131202 2 8 7
20131202 9 2 1
20131202 9 7 1
20131202 2 7 4
20131202 3 2 1
20131202 3 5 4
20131202 2 3 1
20131202 6 5 3
20131202 2 9 3
20131202 3 1 9
20131202 5 2 8
20131203 7 5 9
20131203 9 5 2
20131203 2 7 1
20131203 7 3 8
20131203 3 1 6
20131203 9 1 5
20131203 1 6 3
20131203 3 2 8
20131203 1 7 6
20131203 3 7 4
20131203 4 1 6
20131203 7 2 4
20131214 7 3 1
20131214 2 3 4
20131214 2 1 3
20131214 4 2 1
20131214 2 7 4
20131214 1 9 7
20131214 3 7 5
20131214 5 9 2
20131214 1 8 9
20131214 1 3 5
20131215 7 1 5
20131215 4 2 5
20131215 7 4 2
20131215 3 4 7
20131215 7 4 1
20131215 9 3 5
20131215 7 3 1
20131215 7 2 8
20131215 6 3 1
20131215 7 5 3
20131216 2 3 4
20131216 5 2 4
20131216 2 1 4
20131216 3 2 4
20131216 8 9 5
20131216 3 7 5
20131216 5 3 7
20131216 5 2 3
20131216 3 8 7
20131216 2 8 6
20131226 3 4 2
20131226 5 4 2
20131226 1 7 5
20131226 5 1 7
20131226 2 4 7
20131226 3 7 5
20131226 4 5 1
20131226 3 9 4
20131226 5 7 2
20131226 5 9 1
20131226 3 9 7
20131226 1 9 2
20131227 1 2 5
20131227 3 4 5
20131227 2 3 4
20131227 4 5 1
20131227 2 7 5
20131227 3 5 4
20131227 1 3 2
20131227 7 3 5
20131227 9 2 3
20131227 3 7 1
20131227 5 1 3
20131227 9 2 1
20131228 7 2 5
20131228 4 3 6
20131228 3 2 5
20131228 5 1 6
20131228 7 5 1
20131228 7 1 4
20131228 3 2 8
20131228 7 2 3
20131228 1 4 9
20131228 5 2 4
20131228 5 9 4
20131228 4 2 6
20140104 4 7 6
20140104 1 4 3
20140104 5 7 2
20140104 4 2 1
20140104 3 2 7
20140104 3 5 1
20140104 7 8 4
20140104 2 9 1
20140104 2 8 5
20140104 6 4 7
20140105 2 7 3
20140105 2 5 3
20140105 4 7 2
20140105 7 3 5
20140105 5 3 4
20140105 3 9 7
20140105 2 7 8
20140105 1 3 5
20140105 2 1 5
20140105 2 3 9
20140105 2 9 3
20140106 3 7 1
20140106 1 5 6
20140106 2 3 5
20140106 5 6 3
20140106 7 5 2
20140106 7 2 3
20140106 3 7 9
20140106 4 7 2
20140106 8 2 1
20140106 7 5 1
20140119 5 2 3
20140119 1 3 7
20140119 5 2 4
20140119 7 5 1
20140119 4 1 3
20140119 7 9 3
20140119 5 2 3
20140119 5 3 7
20140119 1 5 7
20140119 2 3 7
20140120 3 2 7
20140120 4 3 1
20140120 3 6 5
20140120 2 1 3
20140120 4 5 3
20140120 1 9 3
20140120 8 5 2
20140120 4 1 9
20140120 5 3 9
20140120 8 2 3
20140121 3 5 7
20140121 1 2 3
20140121 4 6 2
20140121 1 5 7
20140121 2 1 3
20140121 2 6 1
20140121 3 9 5
20140121 6 3 2
20140121 3 6 4
20140121 6 9 8
20140203 3 1 7
20140203 2 7 3
20140203 6 4 2
20140203 5 3 4
20140203 5 1 2
20140203 6 3 1
20140203 5 2 6
20140203 3 8 7
20140203 7 2 1
20140203 9 8 1
20140204 3 2 7
20140204 1 3 2
20140204 1 4 5
20140204 3 4 5
20140204 4 3 1
20140204 7 8 4
20140204 1 4 2
20140204 1 2 5
20140204 5 1 4
20140204 1 5 8
20140205 3 1 7
20140205 5 6 7
20140205 7 6 1
20140205 7 3 1
20140205 5 1 6
20140205 2 7 9
20140205 2 4 1
20140205 2 3 1
20140205 3 5 8
20140205 1 4 3
20140215 3 4 5
20140215 4 2 5
20140215 7 3 5
20140215 2 7 4
20140215 1 5 7
20140215 5 4 3
20140215 3 1 5
20140215 7 2 6
20140215 1 2 8
20140215 7 8 5
20140215 2 1 9
20140215 3 7 5
20140216 5 7 1
20140216 1 2 5
20140216 7 4 3
20140216 5 4 1
20140216 3 6 5
20140216 4 7 6
20140216 5 3 2
20140216 1 2 5
20140216 4 8 5
20140216 1 9 5
20140216 9 2 8
20140216 9 1 5
20140217 4 7 2
20140217 5 3 1
20140217 5 3 7
20140217 5 3 2
20140217 2 3 4
20140217 5 1 7
20140217 5 1 2
20140217 2 7 5
20140217 5 3 6
20140217 4 6 3
20140217 4 3 7
20140217 7 3 2
20140223 5 1 4
20140223 7 3 9
20140223 9 1 5
20140223 5 7 3
20140223 1 7 9
20140223 6 9 1
20140223 9 4 5
20140223 4 3 6
20140223 5 9 3
20140223 1 7 2
20140223 2 1 5
20140224 2 3 7
20140224 3 7 1
20140224 3 8 9
20140224 2 4 7
20140224 3 8 7
20140224 4 9 2
20140224 1 7 8
20140224 2 3 4
20140224 7 3 5
20140224 3 5 1
20140224 7 1 5
20140225 2 4 7
20140225 3 5 7
20140225 3 7 6
20140225 2 9 3
20140225 7 5 3
20140225 5 8 7
20140225 2 5 1
20140225 7 4 1
20140225 9 1 8
20140225 1 5 3
20140225 2 7 3
20140306 2 5 3
20140306 2 7 5
20140306 5 9 7
20140306 9 7 2
20140306 7 9 1
20140306 2 7 5
20140306 5 9 4
20140306 3 5 1
20140306 7 1 9
20140306 7 5 4
20140306 9 6 3
20140307 9 1 3
20140307 1 5 7
20140307 3 1 9
20140307 5 1 7
20140307 3 9 1
20140307 7 9 4
20140307 5 1 9
20140307 5 8 4
20140307 9 3 7
20140307 9 6 3
20140307 3 9 8
20140308 5 2 1
20140308 3 2 7
20140308 4 7 1
20140308 9 7 3
20140308 5 7 3
20140308 1 7 2
20140308 7 8 1
20140308 7 3 1
20140308 1 7 6
20140308 9 5 3
20140308 7 5 2
20140308 5 6 7
20140309 3 2 5
20140309 2 4 3
20140309 2 8 3
20140309 9 4 3
20140309 2 8 7
20140309 2 9 3
20140309 7 4 5
20140309 7 1 2
20140309 1 9 7
20140309 9 2 3
20140309 3 1 9
20140327 3 5 7
20140327 1 4 2
20140327 4 1 2
20140327 5 3 7
20140327 2 3 5
20140327 2 7 1
20140327 3 7 4
20140327 2 5 8
20140327 3 9 7
20140327 5 1 9
20140327 5 7 2
20140328 2 1 3
20140328 3 7 1
20140328 1 2 4
20140328 6 3 5
20140328 2 4 3
20140328 3 1 5
20140328 2 3 8
20140328 3 7 5
20140328 1 5 4
20140328 2 9 3
20140329 5 1 7
20140329 7 2 1
20140329 1 7 4
20140329 7 2 1
20140329 7 2 5
20140329 1 7 9
20140329 9 8 1
20140329 5 3 6
20140329 3 5 9
20140329 9 1 4
20140405 1 3 2
20140405 1 3 5
20140405 4 1 2
20140405 5 3 7
20140405 5 2 1
20140405 7 2 5
20140405 4 2 3
20140405 5 1 7
20140405 9 1 3
20140405 7 3 6
20140405 9 1 5
20140405 2 4 7
20140406 1 7 5
20140406 4 2 1
20140406 3 7 6
20140406 5 7 4
20140406 3 7 2
20140406 2 6 3
20140406 3 5 1
20140406 2 7 1
20140406 5 9 4
20140406 7 1 3
20140406 2 3 7
20140406 1 9 2
20140407 1 5 4
20140407 4 5 1
20140407 2 7 4
20140407 3 5 2
20140407 4 1 3
20140407 9 5 8
20140407 9 1 7
20140407 3 7 2
20140407 3 1 5
20140407 5 4 2
20140407 2 3 5
20140407 2 9 5
20140501 5 3 2
20140501 4 3 6
20140501 1 3 7
20140501 3 1 5
20140501 2 4 3
20140501 7 5 9
20140501 4 6 2
20140501 4 6 9
20140501 9 1 4
20140501 2 3 5
20140501 7 1 2
20140502 7 1 4
20140502 1 2 6
20140502 1 6 3
20140502 4 7 2
20140502 5 2 1
20140502 2 9 1
20140502 3 2 9
20140502 3 2 9
20140502 7 9 1
20140502 1 9 2
20140503 7 1 4
20140503 2 4 1
20140503 7 3 4
20140503 3 4 2
20140503 4 7 9
20140503 2 7 4
20140503 5 2 3
20140503 7 3 4
20140503 8 7 3
20140503 1 7 2
20140529 5 1 2
20140529 9 2 7
20140529 3 7 4
20140529 3 7 9
20140529 5 3 1
20140529 7 5 9
20140529 1 4 2
20140529 7 9 5
20140529 7 9 4
20140529 9 7 4
20140529 5 3 2
20140529 7 8 9
20140529 7 3 8
20140530 9 5 4
20140530 2 1 5
20140530 7 9 3
20140530 7 3 1
20140530 7 2 5
20140530 2 4 3
20140530 3 4 1
20140530 5 9 1
20140530 9 3 5
20140530 7 9 1
20140530 7 5 1
20140531 9 7 4
20140531 5 4 2
20140531 5 3 7
20140531 5 9 1
20140531 3 1 9
20140531 5 3 6
20140531 2 9 1
20140531 1 5 2
20140531 9 6 2
20140531 1 2 9
20140531 9 1 4
20140606 1 3 7
20140606 7 2 1
20140606 5 3 7
20140606 7 8 5
20140606 6 1 4
20140606 2 3 5
20140606 4 3 1
20140606 9 3 4
20140606 2 4 7
20140606 5 7 4
20140606 3 1 7
20140606 3 5 8
20140607 7 3 9
20140607 8 5 3
20140607 2 9 1
20140607 1 5 9
20140607 5 7 1
20140607 4 7 6
20140607 5 6 3
20140607 1 9 3
20140607 1 3 7
20140607 9 2 1
20140607 7 3 2
20140607 5 9 1
20140608 5 9 1
20140608 9 2 3
20140608 1 5 7
20140608 1 7 3
20140608 5 1 6
20140608 3 4 7
20140608 4 9 2
20140608 9 5 1
20140608 9 3 5
20140608 9 4 8
20140608 5 3 4
20140608 2 6 4
20140618 1 5 3
20140618 1 5 7
20140618 3 7 5
20140618 9 4 1
20140618 7 2 9
20140618 7 5 1
20140618 4 7 3
20140618 5 9 3
20140618 3 5 2
20140618 9 1 7
20140618 7 5 4
20140618 1 5 7
20140619 1 7 5
20140619 3 7 4
20140619 6 4 9
20140619 7 2 4
20140619 1 5 7
20140619 5 2 9
20140619 1 9 8
20140619 7 2 9
20140619 1 3 7
20140619 3 4 1
20140619 4 9 8
20140620 3 1 7
20140620 2 5 1
20140620 1 5 9
20140620 5 7 1
20140620 2 4 3
20140620 1 5 4
20140620 5 3 9
20140620 7 3 5
20140620 3 8 6
20140620 1 7 9
20140620 1 9 6
20140710 3 2 1
20140710 4 1 7
20140710 1 3 2
20140710 5 1 4
20140710 5 2 6
20140710 7 8 2
20140710 9 2 7
20140710 9 7 2
20140710 9 2 3
20140710 2 6 4
20140710 3 1 4
20140711 2 4 3
20140711 3 1 7
20140711 1 5 4
20140711 3 7 1
20140711 3 5 1
20140711 5 9 2
20140711 7 8 4
20140711 1 5 9
20140711 9 1 5
20140711 2 5 3
20140712 3 7 4
20140712 3 7 4
20140712 2 7 4
20140712 5 1 7
20140712 3 7 1
20140712 7 2 4
20140712 3 2 4
20140712 4 6 5
20140712 1 5 9
20140712 7 8 1
20140827 3 1 2
20140827 2 5 1
20140827 1 7 5
20140827 3 7 1
20140827 5 7 3
20140827 9 5 2
20140827 5 7 3
20140827 5 1 7
20140827 7 5 3
20140827 6 3 4
20140828 5 2 3
20140828 7 2 4
20140828 2 7 5
20140828 5 1 3
20140828 2 5 1
20140828 5 7 9
20140828 3 9 1
20140828 3 7 1
20140828 1 9 5
20140828 5 7 4
20140829 3 6 4
20140829 7 4 2
20140829 4 3 7
20140829 4 3 7
20140829 1 9 3
20140829 3 4 7
20140829 3 7 1
20140829 3 7 1
20140829 1 4 9
20140829 9 2 5
20141031 3 1 8
20141031 3 9 5
20141031 2 3 4
20141031 3 2 9
20141031 5 8 9
20141031 5 4 1
20141031 1 9 5
20141031 3 7 8
20141031 5 2 7
20141031 7 1 4
20141031 9 5 3
20141031 3 5 8
20141101 4 9 2
20141101 3 1 9
20141101 1 3 9
20141101 2 1 7
20141101 2 7 3
20141101 1 2 9
20141101 5 7 3
20141101 5 1 3
20141101 2 7 5
20141101 1 7 4
20141101 9 5 6
20141101 2 5 3
20141102 2 7 5
20141102 2 5 4
20141102 1 8 7
20141102 5 9 6
20141102 3 1 2
20141102 2 9 1
20141102 5 6 2
20141102 3 2 1
20141102 1 3 4
20141102 5 7 9
20141102 2 9 5
20141102 1 4 5
20141103 5 9 1
20141103 5 3 2
20141103 5 4 3
20141103 2 9 1
20141103 2 6 8
20141103 5 1 9
20141103 2 4 9
20141103 2 3 1
20141103 4 7 2
20141103 5 8 2
20141103 1 9 3
20141110 2 5 7
20141110 2 9 1
20141110 1 3 2
20141110 8 3 6
20141110 5 9 7
20141110 7 6 2
20141110 1 5 4
20141110 2 5 9
20141110 9 2 5
20141110 9 2 5
20141110 7 4 5
20141111 7 8 2
20141111 9 4 7
20141111 5 1 2
20141111 5 9 2
20141111 4 3 1
20141111 1 6 7
20141111 1 6 8
20141111 1 3 9
20141111 3 6 1
20141111 9 5 3
20141111 7 9 1
20141111 2 1 9
20141112 3 6 9
20141112 1 9 2
20141112 3 7 4
20141112 7 9 5
20141112 3 9 6
20141112 7 4 2
20141112 3 2 7
20141112 9 1 2
20141112 7 3 9
20141112 9 1 2
20141112 1 3 7
20141210 2 1 3
20141210 5 2 3
20141210 3 4 7
20141210 1 4 7
20141210 2 7 5
20141210 7 4 3
20141210 3 9 6
20141210 9 7 1
20141210 5 2 7
20141210 3 4 7
20141210 3 7 4
20141211 1 7 2
20141211 5 1 7
20141211 2 3 7
20141211 5 3 1
20141211 4 6 2
20141211 5 2 7
20141211 2 1 9
20141211 3 1 6
20141211 1 7 8
20141211 9 1 5
20141212 3 4 2
20141212 2 1 4
20141212 5 4 1
20141212 7 4 3
20141212 5 7 2
20141212 5 7 3
20141212 9 3 7
20141212 4 2 6
20141212 9 1 3
20141212 1 7 8
20141228 5 2 6
20141228 3 5 1
20141228 9 7 4
20141228 5 7 3
20141228 1 5 9
20141228 2 4 5
20141228 7 4 5
20141228 1 9 7
20141228 1 3 9
20141228 2 9 5
20141228 9 7 1
20141228 1 3 2
20141229 7 1 8
20141229 5 8 9
20141229 9 1 2
20141229 7 9 3
20141229 1 2 7
20141229 3 4 5
20141229 2 3 1
20141229 9 1 3
20141229 2 9 5
20141229 1 9 5
20141229 9 7 2
20141229 4 3 1
20141230 1 6 9
20141230 7 2 9
20141230 8 4 7
20141230 2 5 7
20141230 3 4 2
20141230 4 7 6
20141230 1 7 2
20141230 7 9 5
20141230 3 1 9
20141230 7 1 2
20141230 6 5 2
20141230 7 5 9
20150110 2 5 6
20150110 3 8 9
20150110 1 5 9
20150110 7 2 5
20150110 8 1 3
20150110 8 2 7
20150110 7 2 1
20150110 2 1 5
20150110 2 7 5
20150110 8 4 1
20150110 9 4 2
20150111 9 1 6
20150111 2 4 1
20150111 6 1 8
20150111 1 2 8
20150111 5 7 1
20150111 6 5 9
20150111 2 1 7
20150111 1 4 7
20150111 2 3 6
20150111 5 1 3
20150111 2 5 4
20150112 2 3 9
20150112 5 9 4
20150112 2 7 8
20150112 5 3 4
20150112 2 3 9
20150112 5 9 7
20150112 1 7 3
20150112 4 2 7
20150112 1 5 7
20150112 7 1 3
20150112 3 8 7
20150126 5 1 2
20150126 5 1 3
20150126 7 5 4
20150126 7 3 4
20150126 5 1 6
20150126 2 7 1
20150126 5 2 1
20150126 3 9 1
20150126 9 7 3
20150126 5 1 3
20150127 3 1 4
20150127 5 7 3
20150127 7 1 4
20150127 1 3 4
20150127 1 3 7
20150127 7 1 5
20150127 5 7 4
20150127 2 1 4
20150127 7 1 5
20150127 1 5 2
20150128 5 6 1
20150128 7 1 4
20150128 4 7 5
20150128 7 4 5
20150128 2 7 4
20150128 3 2 7
20150128 1 9 8
20150128 7 3 2
20150128 3 2 1
20150128 9 1 5
20150128 9 8 7
20150210 5 3 4
20150210 2 5 1
20150210 1 7 3
20150210 3 5 2
20150210 2 5 1
20150210 2 9 5
20150210 7 2 1
20150210 1 7 4
20150210 3 4 8
20150210 3 8 6
20150211 7 4 2
20150211 5 4 7
20150211 5 7 4
20150211 7 5 2
20150211 1 6 4
20150211 2 9 8
20150211 8 5 9
20150211 1 3 2
20150211 1 5 4
20150211 2 9 4
20150212 7 5 2
20150212 7 5 2
20150212 1 4 6
20150212 7 1 5
20150212 1 8 3
20150212 9 2 8
20150212 4 1 2
20150212 2 7 3
20150212 1 5 3
20150212 5 1 7
20150221 2 9 4
20150221 7 4 8
20150221 5 1 7
20150221 1 5 9
20150221 2 8 3
20150221 1 5 4
20150221 5 3 2
20150221 9 2 5
20150221 1 9 5
20150221 7 8 2
20150221 1 5 8
20150221 5 1 2
20150222 7 2 1
20150222 1 5 3
20150222 1 5 8
20150222 8 1 9
20150222 9 1 4
20150222 7 1 5
20150222 3 6 2
20150222 7 5 1
20150222 1 5 3
20150222 8 1 9
20150222 5 9 3
20150222 2 4 3
20150223 2 1 9
20150223 7 4 2
20150223 2 3 1
20150223 2 7 3
20150223 4 5 2
20150223 5 2 9
20150223 7 8 1
20150223 7 4 5
20150223 2 6 4
20150223 4 2 6
20150223 5 1 9
20150223 5 1 3
20150308 5 1 7
20150308 3 1 7
20150308 1 7 5
20150308 1 5 2
20150308 7 1 3
20150308 7 4 5
20150308 2 5 3
20150308 7 5 2
20150308 9 7 1
20150308 5 1 8
20150308 7 2 3
20150308 8 3 7
20150309 5 7 1
20150309 4 7 2
20150309 1 5 3
20150309 5 4 2
20150309 3 7 4
20150309 7 1 2
20150309 4 3 5
20150309 5 9 2
20150309 5 7 3
20150309 3 9 2
20150309 1 2 5
20150309 3 1 5
20150310 5 2 4
20150310 6 1 2
20150310 3 2 4
20150310 3 4 6
20150310 2 9 5
20150310 9 7 8
20150310 2 9 5
20150310 3 9 6
20150310 3 1 4
20150310 3 1 4
20150310 7 4 2
20150310 2 3 8
20150419 1 7 2
20150419 9 3 2
20150419 9 1 7
20150419 7 2 1
20150419 3 9 1
20150419 4 1 5
20150419 2 5 1
20150419 1 3 6
20150419 7 9 2
20150419 9 1 5
20150419 1 5 3
20150419 5 7 4
20150420 3 5 1
20150420 1 7 3
20150420 3 2 1
20150420 7 3 5
20150420 5 1 7
20150420 7 4 1
20150420 5 1 4
20150420 4 7 3
20150420 7 4 2
20150420 2 5 7
20150420 7 4 3
20150420 9 1 5
20150421 9 2 8
20150421 9 4 7
20150421 9 7 1
20150421 5 3 6
20150421 9 5 6
20150421 5 6 2
20150421 9 2 1
20150421 2 1 6
20150421 5 6 2
20150421 1 4 3
20150421 6 1 3
20150421 6 9 4
20150529 5 1 7
20150529 1 4 6
20150529 6 3 4
20150529 4 3 5
20150529 1 6 5
20150529 2 5 1
20150529 9 3 1
20150529 5 7 2
20150529 3 9 1
20150529 9 8 1
20150530 2 5 1
20150530 7 1 5
20150530 2 7 4
20150530 6 3 5
20150530 5 2 7
20150530 5 7 9
20150530 5 1 7
20150530 3 7 2
20150530 7 5 3
20150530 1 7 3
20150531 3 2 7
20150531 2 3 4
20150531 6 4 5
20150531 4 5 1
20150531 2 7 9
20150531 9 3 7
20150531 5 9 7
20150531 4 2 3
20150531 7 2 8
20150531 9 1 4
20150605 5 4 7
20150605 2 5 4
20150605 2 1 5
20150605 7 3 5
20150605 5 1 2
20150605 9 2 7
20150605 2 6 5
20150605 7 2 1
20150605 5 3 9
20150605 1 5 7
20150605 5 6 7
20150606 7 9 3
20150606 4 2 6
20150606 7 9 5
20150606 9 5 2
20150606 1 6 9
20150606 1 9 6
20150606 1 5 9
20150606 4 9 7
20150606 5 3 9
20150606 7 5 9
20150606 1 7 5
20150606 5 3 7
20150607 3 9 2
20150607 7 1 3
20150607 9 2 1
20150607 5 7 4
20150607 1 5 9
20150607 3 2 4
20150607 5 4 9
20150607 3 9 7
20150607 7 2 9
20150607 2 9 1
20150607 2 5 1
