20120127 1 5 3
20120127 1 3 5
20120127 2 7 1
20120127 3 4 2
20120127 1 7 2
20120127 1 3 2
20120127 5 2 1
20120128 1 4 2
20120128 2 4 1
20120128 3 2 5
20120128 4 7 6
20120128 1 5 2
20120128 1 2 5
20120128 1 2 5
20120210 7 2 4
20120210 7 2 4
20120210 1 4 2
20120210 5 2 4
20120210 7 1 2
20120210 1 5 6
20120210 6 1 5
20120211 2 5 1
20120211 3 2 5
20120211 5 3 2
20120211 1 7 5
20120211 5 1 4
20120211 1 3 4
20120211 2 3 5
20120224 5 7 2
20120224 3 5 1
20120224 2 7 5
20120224 1 5 2
20120224 4 2 7
20120224 2 7 4
20120224 5 7 3
20120225 5 7 4
20120225 3 1 6
20120225 7 2 4
20120225 1 7 4
20120225 5 1 4
20120225 4 1 3
20120225 1 3 2
20120407 9 1 5
20120407 9 7 2
20120407 5 2 7
20120407 2 1 5
20120407 9 3 5
20120407 2 9 4
20120407 1 7 4
20120407 5 1 4
20120407 6 2 5
20120407 2 8 1
20120407 1 9 7
20120407 7 4 3
20120408 9 7 2
20120408 2 4 1
20120408 7 1 5
20120408 5 1 9
20120408 2 4 1
20120408 1 3 5
20120408 5 7 9
20120408 5 2 1
20120408 4 9 5
20120408 1 5 3
20120408 2 9 3
20120408 9 6 1
20120409 4 3 7
20120409 1 9 7
20120409 5 8 9
20120409 5 2 9
20120409 7 9 5
20120409 3 9 7
20120409 9 3 7
20120409 3 5 1
20120409 1 6 3
20120409 7 9 5
20120409 9 1 2
20120409 1 3 2
20120409 4 2 7
20120413 7 3 4
20120413 2 1 5
20120413 1 2 5
20120413 3 1 4
20120413 2 5 1
20120413 1 5 4
20120413 7 4 2
20120414 5 1 6
20120414 1 7 5
20120414 5 2 4
20120414 1 7 4
20120414 1 5 4
20120414 4 2 3
20120414 4 2 1
20120508 5 3 1
20120508 9 2 7
20120508 5 7 3
20120508 1 7 4
20120508 3 9 2
20120508 1 5 7
20120508 3 5 4
20120508 1 5 6
20120508 2 9 7
20120508 2 3 9
20120508 1 9 2
20120508 4 2 1
20120509 1 8 7
20120509 7 3 4
20120509 1 9 3
20120509 7 1 3
20120509 7 2 8
20120509 7 3 2
20120509 2 7 4
20120509 5 9 2
20120509 3 9 4
20120509 1 3 8
20120509 2 7 1
20120509 7 1 8
20120510 3 9 2
20120510 5 7 1
20120510 5 3 4
20120510 5 2 8
20120510 7 9 1
20120510 2 5 1
20120510 6 7 8
20120510 2 5 1
20120510 7 9 2
20120510 7 2 1
20120510 7 5 1
20120510 1 5 3
20120515 1 4 2
20120515 4 7 5
20120515 2 3 5
20120515 4 1 5
20120515 2 3 1
20120515 2 7 4
20120515 3 7 1
20120515 5 2 9
20120515 5 9 3
20120515 1 2 5
20120515 3 5 6
20120516 3 4 2
20120516 7 5 3
20120516 3 7 1
20120516 5 1 4
20120516 1 4 6
20120516 4 2 3
20120516 7 1 2
20120516 2 9 3
20120516 2 1 4
20120516 6 8 3
20120516 7 9 1
20120517 7 2 1
20120517 1 5 4
20120517 2 7 3
20120517 1 4 5
20120517 8 2 5
20120517 7 3 1
20120517 4 3 9
20120517 2 9 5
20120517 4 1 5
20120517 1 3 2
20120517 7 2 8
20120525 2 1 7
20120525 3 4 1
20120525 1 5 7
20120525 1 2 7
20120525 7 2 5
20120525 7 5 2
20120525 3 4 7
20120525 3 7 5
20120526 3 2 1
20120526 1 5 2
20120526 5 1 6
20120526 1 5 4
20120526 6 3 2
20120526 5 1 7
20120526 1 5 6
20120605 7 1 2
20120605 1 7 3
20120605 1 9 2
20120605 9 1 4
20120605 3 7 2
20120605 4 1 5
20120605 7 1 5
20120605 5 2 7
20120605 3 5 7
20120605 9 1 4
20120605 1 2 9
20120605 1 6 3
20120606 5 2 1
20120606 3 9 5
20120606 1 9 3
20120606 9 2 7
20120606 1 9 7
20120606 3 7 8
20120606 5 6 9
20120606 5 2 9
20120606 3 1 9
20120606 2 3 1
20120606 1 2 9
20120606 2 7 6
20120607 5 7 2
20120607 3 2 9
20120607 1 9 2
20120607 7 3 2
20120607 3 4 1
20120607 7 8 4
20120607 3 5 9
20120607 1 3 9
20120607 5 1 2
20120607 2 9 3
20120607 2 7 9
20120622 4 2 1
20120622 1 3 4
20120622 2 1 7
20120622 4 5 1
20120622 7 1 5
20120622 3 2 1
20120622 5 1 4
20120623 5 3 6
20120623 1 4 5
20120623 1 4 7
20120623 1 4 3
20120623 2 5 3
20120623 3 7 1
20120623 1 7 2
20120708 7 5 4
20120708 7 1 4
20120708 5 3 7
20120708 1 2 3
20120708 3 5 4
20120708 1 7 4
20120708 2 7 9
20120708 5 3 2
20120708 3 9 2
20120708 1 5 2
20120708 2 3 9
20120709 1 3 2
20120709 4 7 1
20120709 4 1 7
20120709 3 4 7
20120709 3 2 5
20120709 7 8 3
20120709 5 2 1
20120709 1 7 9
20120709 9 1 2
20120709 9 4 3
20120709 1 7 9
20120710 3 7 2
20120710 2 5 1
20120710 2 5 4
20120710 3 5 2
20120710 4 3 1
20120710 9 5 2
20120710 3 7 1
20120710 1 9 2
20120710 3 1 4
20120710 5 3 1
20120710 7 1 3
20120730 5 2 9
20120730 2 1 3
20120730 1 5 7
20120730 1 7 5
20120730 9 1 3
20120730 2 4 8
20120730 2 5 3
20120730 3 4 8
20120730 6 8 4
20120730 9 3 7
20120730 3 1 6
20120731 6 9 3
20120731 7 2 8
20120731 2 9 3
20120731 3 5 9
20120731 3 9 1
20120731 1 7 5
20120731 2 9 7
20120731 9 6 4
20120731 1 7 3
20120731 3 5 9
20120731 3 2 7
20120801 1 3 7
20120801 4 7 3
20120801 5 2 1
20120801 3 5 7
20120801 9 3 2
20120801 9 3 5
20120801 4 7 8
20120801 2 5 3
20120801 3 5 2
20120801 2 3 7
20120801 9 1 3
20120806 9 2 8
20120806 3 2 5
20120806 6 2 8
20120806 2 1 9
20120806 1 5 8
20120806 1 7 2
20120806 1 5 4
20120806 1 5 7
20120806 9 1 4
20120806 2 1 7
20120806 3 7 6
20120807 1 3 5
20120807 4 1 3
20120807 5 1 8
20120807 3 5 1
20120807 3 7 1
20120807 9 6 2
20120807 5 7 3
20120807 3 2 5
20120807 1 2 3
20120807 2 5 3
20120807 9 5 6
20120808 5 7 4
20120808 9 7 6
20120808 9 1 5
20120808 3 9 2
20120808 7 1 9
20120808 5 3 7
20120808 8 3 4
20120808 3 9 8
20120808 5 3 1
20120808 2 7 5
20120808 5 7 3
20120824 2 4 1
20120824 2 4 5
20120824 1 7 2
20120824 2 5 3
20120824 5 7 1
20120824 2 5 7
20120824 7 1 5
20120824 2 5 4
20120825 2 5 4
20120825 5 4 1
20120825 5 1 4
20120825 2 7 1
20120825 3 5 2
20120825 2 4 5
20120825 5 7 1
20120904 5 2 7
20120904 5 9 7
20120904 9 1 6
20120904 5 2 3
20120904 3 1 4
20120904 2 8 5
20120904 7 1 8
20120904 4 3 6
20120904 5 2 7
20120904 3 7 2
20120904 7 1 3
20120905 5 2 3
20120905 3 1 9
20120905 2 9 5
20120905 9 8 5
20120905 5 7 1
20120905 9 1 6
20120905 7 2 1
20120905 5 2 1
20120905 5 2 3
20120905 5 7 1
20120905 5 1 4
20120906 7 3 1
20120906 5 9 2
20120906 8 3 5
20120906 1 7 5
20120906 9 4 8
20120906 5 3 4
20120906 3 5 7
20120906 2 5 1
20120906 9 2 3
20120906 9 3 2
20120906 1 7 5
20120906 2 6 1
20120921 2 5 4
20120921 5 3 2
20120921 3 5 4
20120921 5 7 4
20120921 2 6 1
20120921 5 7 1
20120921 7 2 4
20120922 4 3 1
20120922 5 2 4
20120922 2 1 3
20120922 1 7 5
20120922 1 5 4
20120922 2 6 1
20120922 2 5 7
20120928 5 3 2
20120928 5 3 1
20120928 7 1 4
20120928 5 3 1
20120928 7 2 1
20120928 2 5 4
20120928 3 4 1
20120929 1 5 7
20120929 3 5 2
20120929 2 4 6
20120929 2 5 7
20120929 2 7 1
20120929 4 2 6
20120929 7 3 2
20121005 2 4 7
20121005 7 2 4
20121005 7 2 5
20121005 7 4 2
20121005 7 4 1
20121005 3 7 5
20121005 7 1 3
20121005 5 1 7
20121006 2 4 6
20121006 4 7 2
20121006 2 6 5
20121006 2 4 7
20121006 2 7 3
20121006 5 1 3
20121006 1 2 5
20121018 1 4 9
20121018 3 7 9
20121018 3 7 8
20121018 5 3 7
20121018 7 1 9
20121018 4 1 2
20121018 7 3 4
20121018 2 5 8
20121018 3 4 2
20121018 1 9 6
20121018 4 3 9
20121019 9 5 3
20121019 7 2 1
20121019 4 3 8
20121019 3 1 5
20121019 9 1 7
20121019 3 9 1
20121019 5 2 3
20121019 3 5 6
20121019 3 5 2
20121019 1 7 8
20121019 5 2 7
20121020 4 3 7
20121020 3 1 4
20121020 1 7 3
20121020 1 7 9
20121020 2 9 4
20121020 1 7 3
20121020 9 8 5
20121020 2 7 1
20121020 7 5 3
20121020 5 1 2
20121020 1 3 2
20121028 7 3 1
20121028 3 9 4
20121028 3 7 4
20121028 1 9 2
20121028 9 3 4
20121028 2 1 3
20121028 3 2 8
20121028 7 5 2
20121028 9 3 6
20121028 3 9 1
20121028 7 2 3
20121029 1 9 2
20121029 5 7 2
20121029 3 9 7
20121029 7 3 1
20121029 5 1 7
20121029 1 3 4
20121029 3 2 7
20121029 3 2 4
20121029 9 2 5
20121029 7 9 3
20121029 5 7 3
20121030 7 9 3
20121030 7 9 1
20121030 7 2 4
20121030 9 1 5
20121030 1 2 4
20121030 1 9 5
20121030 5 3 4
20121030 5 7 4
20121030 7 4 2
20121030 1 6 2
20121030 3 4 9
20121102 5 1 3
20121102 5 4 3
20121102 2 7 5
20121102 3 1 7
20121102 7 1 4
20121102 5 2 1
20121102 1 7 4
20121103 4 2 3
20121103 3 5 1
20121103 4 5 3
20121103 7 2 5
20121103 3 4 5
20121103 7 3 2
20121103 5 7 2
20121109 5 2 1
20121109 6 3 1
20121109 3 5 1
20121109 7 1 2
20121109 7 2 5
20121109 3 5 4
20121109 3 1 5
20121110 2 4 5
20121110 2 7 1
20121110 1 5 2
20121110 2 4 7
20121110 1 4 3
20121110 6 4 7
20121110 2 4 7
20121114 7 5 2
20121114 7 2 4
20121114 2 7 5
20121114 5 3 1
20121114 5 3 6
20121114 9 1 2
20121114 5 1 9
20121114 7 2 1
20121114 3 5 2
20121114 3 7 9
20121114 2 9 7
20121115 4 1 3
20121115 3 5 6
20121115 3 2 7
20121115 1 4 7
20121115 2 7 1
20121115 7 6 3
20121115 9 5 2
20121115 3 1 9
20121115 7 3 1
20121115 3 2 8
20121115 7 1 8
20121116 2 7 4
20121116 7 1 2
20121116 1 4 7
20121116 4 7 5
20121116 6 5 3
20121116 1 2 8
20121116 2 9 5
20121116 9 2 7
20121116 4 7 3
20121116 1 2 4
20121116 2 7 9
20121129 5 8 2
20121129 1 7 5
20121129 5 4 3
20121129 8 4 9
20121129 5 1 6
20121129 5 1 9
20121129 4 1 5
20121129 9 3 6
20121129 2 3 8
20121129 9 3 4
20121129 1 2 7
20121129 5 9 8
20121130 5 1 9
20121130 1 3 4
20121130 9 5 2
20121130 2 7 3
20121130 1 5 6
20121130 6 2 8
20121130 6 4 9
20121130 3 5 1
20121130 2 4 7
20121130 1 7 4
20121130 7 1 8
20121130 2 4 1
20121201 2 5 3
20121201 2 4 3
20121201 1 5 4
20121201 1 8 3
20121201 7 3 2
20121201 2 1 9
20121201 7 5 2
20121201 1 7 3
20121201 1 5 9
20121201 7 2 1
20121201 7 2 9
20121201 1 2 9
20121201 9 1 5
20121202 8 2 3
20121202 3 2 7
20121202 5 2 7
20121202 9 2 4
20121202 5 1 9
20121202 4 1 8
20121202 8 1 2
20121202 5 8 6
20121202 1 9 4
20121202 4 5 8
20121202 5 2 9
20121213 1 7 3
20121213 9 3 7
20121213 2 9 1
20121213 1 7 6
20121213 1 2 7
20121213 1 8 7
20121213 7 9 8
20121213 1 2 3
20121213 9 7 2
20121213 2 5 3
20121213 6 5 3
20121214 3 7 5
20121214 5 9 2
20121214 9 6 7
20121214 7 9 3
20121214 7 1 3
20121214 7 2 1
20121214 1 3 7
20121214 9 3 7
20121214 2 9 4
20121214 7 5 9
20121214 7 9 4
20121215 1 4 6
20121215 2 5 8
20121215 5 9 1
20121215 3 5 4
20121215 9 7 2
20121215 2 3 7
20121215 5 3 9
20121215 2 4 8
20121215 9 8 2
20121215 1 5 8
20121215 2 4 5
20121220 1 5 2
20121220 3 5 6
20121220 2 7 3
20121220 2 3 4
20121220 3 1 5
20121220 5 2 1
20121220 9 7 5
20121220 9 1 3
20121220 5 2 3
20121220 2 9 7
20121220 6 1 2
20121221 1 3 2
20121221 2 3 4
20121221 7 5 6
20121221 3 1 4
20121221 2 5 1
20121221 3 9 2
20121221 5 1 9
20121221 9 3 6
20121221 2 7 1
20121221 1 5 8
20121221 7 3 9
20121222 4 7 5
20121222 7 4 2
20121222 1 7 6
20121222 3 7 1
20121222 1 2 6
20121222 3 7 1
20121222 4 7 1
20121222 1 2 3
20121222 7 2 8
20121222 7 1 3
20121222 9 5 1
20130104 5 3 2
20130104 2 1 5
20130104 5 3 1
20130104 3 1 2
20130104 2 6 5
20130104 1 4 3
20130104 1 5 2
20130105 2 4 5
20130105 2 3 5
20130105 4 5 3
20130105 1 7 3
20130105 7 6 4
20130105 1 6 5
20130105 7 4 2
20130115 2 7 5
20130115 2 5 8
20130115 3 7 8
20130115 9 7 5
20130115 5 1 3
20130115 6 1 7
20130115 3 9 7
20130115 9 2 3
20130115 7 3 4
20130115 7 3 5
20130115 2 8 7
20130116 1 7 4
20130116 8 2 1
20130116 9 3 5
20130116 9 7 5
20130116 9 1 2
20130116 9 3 2
20130116 1 5 8
20130116 1 3 2
20130116 1 9 3
20130116 1 2 7
20130116 3 5 9
20130117 8 5 4
20130117 7 2 9
20130117 5 3 9
20130117 1 9 2
20130117 4 7 9
20130117 2 3 4
20130117 2 7 8
20130117 4 7 9
20130117 9 7 1
20130117 1 4 9
20130117 3 8 2
20130123 1 2 5
20130123 6 8 2
20130123 2 5 7
20130123 1 9 7
20130123 9 1 5
20130123 4 6 3
20130123 2 4 5
20130123 3 2 9
20130123 2 6 7
20130123 2 9 7
20130123 2 9 7
20130124 5 4 7
20130124 2 5 7
20130124 6 3 2
20130124 1 5 7
20130124 2 9 7
20130124 9 1 3
20130124 3 4 6
20130124 5 8 7
20130124 3 4 1
20130124 8 3 9
20130124 1 7 5
20130125 3 4 7
20130125 7 9 2
20130125 7 3 6
20130125 1 3 8
20130125 7 5 3
20130125 3 5 1
20130125 7 5 3
20130125 1 5 2
20130125 5 9 8
20130125 2 7 4
20130125 5 1 7
20130201 2 5 4
20130201 4 1 2
20130201 1 4 5
20130201 4 1 6
20130201 3 4 5
20130201 7 2 1
20130201 3 4 1
20130202 2 4 3
20130202 4 1 3
20130202 1 5 4
20130202 1 2 6
20130202 2 6 1
20130202 2 3 4
20130202 4 1 3
20130219 1 8 9
20130219 1 9 7
20130219 1 7 9
20130219 2 7 9
20130219 8 7 3
20130219 2 5 8
20130219 1 3 2
20130219 2 9 3
20130219 1 9 7
20130219 2 7 9
20130219 7 1 8
20130220 7 9 4
20130220 1 5 3
20130220 3 2 1
20130220 4 7 1
20130220 2 9 1
20130220 7 1 3
20130220 7 2 1
20130220 7 2 6
20130220 9 1 7
20130220 1 2 9
20130220 1 7 2
20130221 4 3 1
20130221 2 5 7
20130221 3 9 2
20130221 6 2 5
20130221 2 9 4
20130221 3 1 5
20130221 7 1 2
20130221 4 9 6
20130221 3 9 1
20130221 1 7 6
20130221 9 2 6
20130226 5 3 9
20130226 1 2 9
20130226 5 1 7
20130226 2 3 6
20130226 1 7 3
20130226 3 6 9
20130226 9 2 4
20130226 1 5 9
20130226 6 7 3
20130226 1 9 5
20130226 6 2 9
20130227 3 7 6
20130227 3 2 7
20130227 9 4 3
20130227 9 4 7
20130227 7 3 5
20130227 3 7 1
20130227 7 2 8
20130227 1 7 9
20130227 3 9 2
20130227 1 4 9
20130227 3 7 1
20130228 9 4 8
20130228 2 5 3
20130228 5 2 8
20130228 2 5 9
20130228 2 5 9
20130228 1 2 4
20130228 2 1 4
20130228 4 3 9
20130228 2 3 9
20130228 3 4 1
20130228 4 2 7
20130228 5 1 9
20130308 1 5 7
20130308 5 3 9
20130308 2 1 9
20130308 9 3 8
20130308 4 1 6
20130308 4 3 8
20130309 3 4 1
20130309 3 7 8
20130309 1 7 9
20130309 2 3 1
20130309 3 5 6
20130309 9 5 2
20130325 2 7 3
20130325 3 4 2
20130325 1 5 7
20130325 2 1 9
20130325 3 1 2
20130325 8 6 1
20130325 2 9 3
20130325 2 7 1
20130325 8 3 1
20130325 2 7 9
20130325 3 2 4
20130326 1 7 2
20130326 1 2 5
20130326 7 5 1
20130326 7 5 9
20130326 2 5 1
20130326 1 3 4
20130326 1 3 8
20130326 2 9 7
20130326 1 7 5
20130326 1 9 5
20130326 5 7 3
20130326 7 1 4
20130327 4 1 9
20130327 9 1 3
20130327 7 4 3
20130327 8 2 3
20130327 2 1 8
20130327 2 3 8
20130327 2 7 4
20130327 9 2 1
20130327 4 1 7
20130327 1 5 4
20130327 8 4 2
20130406 2 5 1
20130406 7 3 2
20130406 3 2 1
20130406 5 4 7
20130406 4 7 1
20130406 5 2 6
20130406 7 1 5
20130407 1 7 4
20130407 4 7 2
20130407 3 4 7
20130407 2 6 3
20130407 6 2 3
20130407 7 4 1
20130407 1 2 4
20130407 1 3 4
20130423 1 9 5
20130423 9 5 2
20130423 2 7 1
20130423 9 2 7
20130423 3 9 7
20130423 3 4 8
20130423 5 6 1
20130423 5 7 2
20130423 7 6 8
20130423 1 5 8
20130423 9 4 2
20130424 3 6 7
20130424 9 4 5
20130424 2 6 7
20130424 2 7 3
20130424 3 1 4
20130424 7 1 3
20130424 2 3 9
20130424 7 3 5
20130424 7 3 9
20130424 9 1 7
20130424 7 1 2
20130425 1 4 6
20130425 2 5 6
20130425 9 2 3
20130425 2 7 8
20130425 2 5 3
20130425 1 3 6
20130425 1 2 5
20130425 1 2 7
20130425 1 7 4
20130425 7 5 1
20130425 7 6 8
20130425 5 6 1
20130504 5 1 7
20130504 5 4 1
20130504 2 1 6
20130504 3 7 2
20130504 5 3 7
20130504 2 1 3
20130504 1 7 3
20130505 5 1 2
20130505 1 5 7
20130505 7 2 5
20130505 1 7 5
20130505 5 7 4
20130505 4 1 7
20130505 2 3 1
20130520 3 5 1
20130520 1 4 6
20130520 7 2 4
20130520 5 2 1
20130520 3 7 4
20130520 2 1 3
20130520 2 4 3
20130520 4 3 5
20130520 7 9 2
20130520 1 9 5
20130521 1 5 2
20130521 4 1 2
20130521 4 2 5
20130521 2 7 4
20130521 1 3 5
20130521 7 2 4
20130521 2 9 3
20130521 2 5 1
20130521 9 1 2
20130521 5 1 7
20130522 4 6 3
20130522 7 3 1
20130522 7 3 1
20130522 5 2 6
20130522 2 7 9
20130522 2 1 5
20130522 6 9 3
20130522 1 9 3
20130522 1 4 2
20130522 5 9 6
20130528 5 3 9
20130528 2 5 9
20130528 2 5 9
20130528 3 7 5
20130528 9 3 5
20130528 9 3 7
20130528 1 5 3
20130528 1 3 5
20130528 2 4 5
20130528 9 6 1
20130528 6 2 5
20130529 2 8 3
20130529 2 7 1
20130529 7 3 2
20130529 6 1 4
20130529 2 4 5
20130529 1 4 9
20130529 4 1 8
20130529 1 5 2
20130529 3 7 5
20130529 1 7 5
20130529 5 3 9
20130530 1 2 5
20130530 8 2 5
20130530 5 1 3
20130530 2 3 1
20130530 3 7 8
20130530 7 2 5
20130530 9 7 2
20130530 1 8 5
20130530 2 5 1
20130530 2 3 5
20130530 3 5 1
20130616 1 5 4
20130616 1 7 3
20130616 1 5 3
20130616 3 2 1
20130616 3 7 2
20130616 3 1 4
20130616 2 5 7
20130617 7 1 5
20130617 3 7 2
20130617 4 3 2
20130617 7 3 2
20130617 7 1 2
20130617 3 6 4
20130617 7 5 3
20130629 1 9 3
20130629 3 7 2
20130629 7 3 4
20130629 1 8 4
20130629 5 7 2
20130629 5 7 1
20130629 3 7 2
20130629 9 1 4
20130629 3 7 1
20130629 3 2 5
20130629 3 7 6
20130630 3 7 9
20130630 4 7 9
20130630 3 7 4
20130630 9 1 7
20130630 3 1 7
20130630 1 3 4
20130630 1 4 3
20130630 9 1 7
20130630 1 2 9
20130630 5 1 7
20130630 5 7 1
20130701 1 5 4
20130701 3 5 9
20130701 3 9 1
20130701 7 9 3
20130701 3 5 2
20130701 7 1 9
20130701 5 8 9
20130701 1 9 6
20130701 1 4 9
20130701 9 1 5
20130701 4 9 7
20130705 6 2 7
20130705 1 7 2
20130705 3 6 1
20130705 3 7 4
20130705 3 4 5
20130705 7 4 2
20130705 5 1 3
20130706 1 4 2
20130706 7 3 1
20130706 2 4 6
20130706 1 7 2
20130706 1 4 7
20130706 5 1 7
20130706 1 7 6
20130722 3 9 7
20130722 9 2 5
20130722 9 3 4
20130722 3 7 4
20130722 1 9 5
20130722 3 9 5
20130722 9 1 3
20130722 1 5 7
20130722 9 2 4
20130722 2 9 7
20130722 4 7 9
20130723 2 1 9
20130723 1 7 5
20130723 2 8 9
20130723 5 3 7
20130723 5 9 1
20130723 7 5 2
20130723 7 1 2
20130723 5 2 7
20130723 3 1 6
20130723 7 5 1
20130723 7 3 2
20130724 3 2 9
20130724 9 7 3
20130724 5 1 7
20130724 6 9 3
20130724 6 4 3
20130724 2 6 5
20130724 7 1 8
20130724 5 4 1
20130724 1 8 2
20130724 3 9 7
20130724 2 7 1
20130728 4 7 3
20130728 7 3 2
20130728 1 7 8
20130728 3 7 2
20130728 2 9 5
20130728 1 3 4
20130728 5 1 4
20130728 6 5 1
20130728 5 1 4
20130728 6 9 5
20130728 8 5 2
20130728 9 2 7
20130729 1 3 9
20130729 2 1 7
20130729 1 9 6
20130729 9 1 3
20130729 2 9 1
20130729 2 9 5
20130729 4 5 3
20130729 2 1 4
20130729 1 5 9
20130729 7 3 2
20130729 7 3 5
20130729 1 2 7
20130729 7 1 3
20130730 3 5 6
20130730 9 5 2
20130730 3 4 7
20130730 1 2 4
20130730 1 3 5
20130730 9 2 7
20130730 9 6 4
20130730 6 5 9
20130730 3 5 7
20130730 1 3 5
20130730 1 6 2
20130730 9 5 4
20130804 7 2 6
20130804 5 4 2
20130804 7 3 1
20130804 5 3 1
20130804 7 5 3
20130804 4 3 6
20130804 2 1 5
20130805 1 3 5
20130805 4 6 1
20130805 4 2 3
20130805 7 2 4
20130805 3 6 5
20130805 5 7 1
20130805 1 2 3
20130823 2 9 5
20130823 1 7 5
20130823 5 1 6
20130823 7 5 1
20130823 1 9 5
20130823 5 7 4
20130823 7 3 8
20130823 5 3 7
20130823 1 2 3
20130823 5 7 3
20130823 1 9 2
20130824 7 3 2
20130824 3 5 8
20130824 2 5 4
20130824 3 1 9
20130824 1 9 6
20130824 1 4 2
20130824 3 7 1
20130824 5 1 3
20130824 1 9 8
20130824 2 9 3
20130824 3 7 1
20130825 5 3 1
20130825 1 5 2
20130825 7 2 1
20130825 2 9 4
20130825 1 3 7
20130825 1 4 7
20130825 2 9 7
20130825 1 4 6
20130825 5 7 3
20130825 7 1 4
20130825 5 3 7
20130925 1 9 5
20130925 1 7 5
20130925 3 6 8
20130925 3 2 7
20130925 7 1 9
20130925 2 5 6
20130925 4 5 1
20130925 9 3 7
20130925 5 2 9
20130925 7 4 3
20130925 3 6 5
20130926 2 7 1
20130926 3 6 1
20130926 2 7 3
20130926 9 2 1
20130926 7 1 5
20130926 1 8 2
20130926 5 3 4
20130926 1 2 4
20130926 7 9 1
20130926 1 7 8
20130926 1 9 2
20130927 3 6 9
20130927 3 9 6
20130927 7 4 1
20130927 5 2 8
20130927 8 2 5
20130927 1 4 9
20130927 4 2 6
20130927 1 5 9
20130927 2 5 3
20130927 2 1 7
20130927 5 9 3
20131003 1 7 3
20131003 1 2 4
20131003 2 5 7
20131003 2 5 4
20131003 5 2 4
20131003 1 9 7
20131003 3 9 4
20131003 5 2 8
20131003 3 9 5
20131003 6 2 7
20131004 4 1 6
20131004 5 3 7
20131004 4 7 3
20131004 2 7 3
20131004 1 7 2
20131004 8 2 4
20131004 6 9 5
20131004 2 5 8
20131004 3 5 7
20131004 9 2 6
20131005 4 1 3
20131005 4 3 7
20131005 4 3 5
20131005 1 5 3
20131005 2 1 5
20131005 1 5 6
20131005 9 7 2
20131005 3 5 7
20131005 7 3 6
20131005 2 9 5
20131009 3 1 7
20131009 1 5 3
20131009 3 2 5
20131009 2 9 5
20131009 3 8 2
20131009 9 4 2
20131009 1 9 4
20131009 7 9 4
20131009 3 7 2
20131009 9 4 1
20131009 6 3 7
20131010 2 3 6
20131010 5 1 9
20131010 2 7 1
20131010 9 4 7
20131010 4 2 5
20131010 9 3 2
20131010 5 3 7
20131010 3 1 9
20131010 1 2 5
20131010 3 1 7
20131010 3 8 9
20131011 3 5 4
20131011 2 1 3
20131011 5 2 9
20131011 2 3 9
20131011 9 7 3
20131011 8 1 5
20131011 7 1 9
20131011 2 6 4
20131011 1 9 7
20131011 2 3 9
20131011 4 2 1
20131102 5 8 3
20131102 2 1 7
20131102 2 9 7
20131102 3 7 2
20131102 1 9 5
20131102 2 7 5
20131102 2 6 8
20131102 7 5 3
20131102 7 1 8
20131102 6 3 9
20131102 6 7 2
20131103 3 5 2
20131103 9 2 1
20131103 5 7 3
20131103 7 2 9
20131103 5 2 9
20131103 1 5 8
20131103 4 3 7
20131103 2 3 7
20131103 1 4 7
20131103 1 4 7
20131103 5 2 1
20131104 9 7 1
20131104 7 5 2
20131104 7 9 1
20131104 5 2 7
20131104 1 9 2
20131104 6 2 8
20131104 1 9 3
20131104 3 8 2
20131104 2 7 1
20131104 7 2 1
20131104 1 4 5
20131110 9 3 1
20131110 9 2 1
20131110 3 9 2
20131110 5 3 8
20131110 9 3 1
20131110 3 5 6
20131110 7 1 3
20131110 1 5 6
20131110 3 9 4
20131110 7 1 3
20131110 9 3 1
20131111 3 2 9
20131111 9 3 1
20131111 2 9 5
20131111 7 9 3
20131111 3 2 4
20131111 7 3 1
20131111 3 5 8
20131111 7 3 4
20131111 9 1 2
20131111 3 5 4
20131111 1 4 9
20131112 4 8 3
20131112 2 3 8
20131112 7 2 9
20131112 1 8 6
20131112 9 2 4
20131112 2 9 7
20131112 1 2 4
20131112 1 7 3
20131112 1 9 3
20131112 7 1 5
20131112 8 2 5
20131119 2 1 7
20131119 4 2 7
20131119 2 5 1
20131119 4 5 1
20131119 5 3 4
20131119 1 2 7
20131119 3 1 4
20131120 4 5 3
20131120 1 4 7
20131120 1 3 5
20131120 7 1 4
20131120 7 4 1
20131120 5 2 4
20131120 1 7 2
20131120 2 5 1
20131128 6 5 8
20131128 2 1 9
20131128 8 5 6
20131128 1 5 8
20131128 9 7 1
20131128 7 1 9
20131128 4 6 2
20131128 1 9 4
20131128 7 3 4
20131128 2 4 5
20131128 3 7 2
20131128 2 5 9
20131129 7 9 4
20131129 1 9 5
20131129 2 6 1
20131129 4 3 9
20131129 9 5 2
20131129 5 3 9
20131129 2 8 5
20131129 3 5 7
20131129 4 2 6
20131129 5 9 8
20131129 5 9 4
20131129 1 5 7
20131130 2 3 5
20131130 9 3 7
20131130 1 5 9
20131130 9 4 7
20131130 2 9 3
20131130 3 7 5
20131130 7 3 5
20131130 9 6 4
20131130 3 5 2
20131130 5 9 4
20131130 2 5 4
20131130 5 7 3
20131130 1 3 2
20131201 1 6 7
20131201 5 1 4
20131201 7 1 4
20131201 5 1 6
20131201 1 2 9
20131201 3 4 9
20131201 8 1 5
20131201 1 7 3
20131201 7 4 2
20131201 6 1 8
20131201 7 1 6
20131210 2 7 5
20131210 2 9 7
20131210 3 7 9
20131210 1 2 7
20131210 9 4 3
20131210 7 5 2
20131210 5 1 4
20131210 2 7 5
20131210 2 7 4
20131210 3 7 8
20131210 9 1 4
20131211 9 3 1
20131211 7 5 3
20131211 9 7 6
20131211 5 7 9
20131211 3 5 4
20131211 2 9 3
20131211 2 5 3
20131211 5 8 3
20131211 8 1 3
20131211 2 4 1
20131211 7 3 2
20131212 2 7 5
20131212 5 2 6
20131212 5 1 6
20131212 9 6 1
20131212 7 5 6
20131212 5 3 1
20131212 5 2 4
20131212 3 7 2
20131212 7 2 3
20131212 3 9 7
20131212 7 1 5
20131227 7 4 2
20131227 1 5 2
20131227 4 1 3
20131227 1 7 2
20131227 2 5 7
20131227 1 7 4
20131227 5 1 7
20131228 1 5 6
20131228 5 3 1
20131228 7 6 1
20131228 1 4 6
20131228 2 1 5
20131228 2 7 1
20131228 5 6 2
20131229 1 6 7
20131229 7 2 6
20131229 2 7 6
20131229 2 7 5
20131229 3 4 7
20131229 2 7 4
20131229 7 2 5
20140102 1 7 2
20140102 7 2 1
20140102 5 1 4
20140102 3 2 5
20140102 5 1 4
20140102 4 1 3
20140102 7 3 2
20140103 1 7 3
20140103 5 2 7
20140103 6 1 2
20140103 2 1 5
20140103 1 5 3
20140103 7 1 4
20140103 6 2 4
20140107 1 5 2
20140107 1 5 3
20140107 7 5 2
20140107 9 8 2
20140107 2 8 7
20140107 5 4 2
20140107 7 1 2
20140107 9 3 2
20140107 9 2 5
20140107 2 8 5
20140107 7 1 8
20140107 8 7 1
20140108 9 1 7
20140108 8 3 2
20140108 5 1 7
20140108 7 3 1
20140108 8 1 3
20140108 4 6 2
20140108 3 2 1
20140108 4 1 9
20140108 3 2 4
20140108 9 1 2
20140108 2 7 1
20140108 6 9 3
20140109 3 2 9
20140109 2 5 6
20140109 7 1 5
20140109 5 1 4
20140109 1 2 4
20140109 1 5 3
20140109 3 8 1
20140109 9 3 2
20140109 7 9 1
20140109 1 6 5
20140109 1 2 7
20140109 5 2 3
20140113 2 3 5
20140113 2 6 3
20140113 2 9 6
20140113 5 8 3
20140113 2 5 6
20140113 2 9 4
20140113 2 5 3
20140113 7 6 9
20140113 5 3 1
20140113 9 3 5
20140113 4 2 3
20140114 9 2 5
20140114 3 1 2
20140114 7 8 9
20140114 1 2 3
20140114 9 7 2
20140114 1 8 3
20140114 7 5 3
20140114 8 7 4
20140114 2 3 1
20140114 8 7 5
20140114 1 2 9
20140115 7 5 2
20140115 5 3 9
20140115 6 3 8
20140115 9 2 3
20140115 9 1 5
20140115 8 1 7
20140115 9 2 4
20140115 4 6 8
20140115 2 5 7
20140115 5 1 9
20140115 2 3 7
20140118 2 1 7
20140118 4 2 7
20140118 5 3 1
20140118 3 2 5
20140118 2 4 1
20140118 1 3 4
20140118 2 6 5
20140119 4 3 6
20140119 2 1 4
20140119 2 3 5
20140119 7 2 6
20140119 1 4 5
20140119 1 5 4
20140119 6 5 1
20140124 4 6 3
20140124 7 5 1
20140124 3 5 7
20140124 4 1 2
20140124 1 4 5
20140124 1 7 3
20140124 7 2 3
20140125 2 3 5
20140125 1 2 7
20140125 4 1 2
20140125 2 6 4
20140125 7 3 4
20140125 7 2 1
20140125 3 4 6
20140207 2 9 3
20140207 9 1 3
20140207 7 2 1
20140207 2 5 9
20140207 9 4 5
20140207 2 4 3
20140207 3 1 5
20140207 9 1 7
20140207 5 9 4
20140207 1 5 4
20140207 2 7 1
20140207 3 9 4
20140208 2 1 9
20140208 6 3 7
20140208 1 4 2
20140208 4 3 9
20140208 9 4 7
20140208 7 1 3
20140208 7 3 1
20140208 7 5 6
20140208 5 7 9
20140208 3 1 7
20140208 3 2 7
20140208 2 8 7
20140208 7 3 6
20140209 9 4 8
20140209 4 3 9
20140209 2 8 4
20140209 3 7 6
20140209 5 2 1
20140209 6 2 1
20140209 1 5 2
20140209 1 7 2
20140209 9 1 4
20140209 5 2 3
20140209 1 3 4
20140209 2 7 5
20140212 2 1 4
20140212 4 2 7
20140212 7 4 1
20140212 7 2 4
20140212 5 1 4
20140212 1 9 5
20140212 7 9 4
20140212 2 7 3
20140212 3 9 2
20140212 7 1 5
20140213 5 2 7
20140213 4 6 3
20140213 6 2 7
20140213 1 6 5
20140213 3 7 5
20140213 1 4 5
20140213 7 5 3
20140213 1 6 3
20140213 9 6 5
20140213 3 7 1
20140214 2 7 4
20140214 3 1 5
20140214 3 7 2
20140214 2 7 4
20140214 3 7 9
20140214 5 9 2
20140214 7 3 2
20140214 1 5 9
20140214 2 5 4
20140214 3 1 7
20140227 7 1 3
20140227 7 3 5
20140227 5 7 1
20140227 4 3 1
20140227 2 7 5
20140227 3 1 7
20140227 2 1 3
20140228 1 7 4
20140228 4 5 7
20140228 7 3 5
20140228 4 5 1
20140228 6 7 3
20140228 2 5 1
20140228 3 6 5
20140308 9 1 5
20140308 7 2 8
20140308 5 9 3
20140308 5 2 3
20140308 6 4 1
20140308 1 2 3
20140308 5 4 7
20140308 2 7 5
20140308 7 9 2
20140308 7 9 5
20140308 3 5 1
20140308 7 2 3
20140308 9 1 2
20140309 1 3 9
20140309 1 7 5
20140309 2 5 3
20140309 2 4 3
20140309 2 8 7
20140309 5 7 2
20140309 3 7 4
20140309 7 4 3
20140309 3 1 9
20140309 1 7 3
20140309 3 2 5
20140309 2 7 5
20140310 8 1 4
20140310 1 6 5
20140310 1 9 7
20140310 5 1 2
20140310 1 3 2
20140310 3 5 4
20140310 7 5 2
20140310 5 4 1
20140310 4 7 8
20140310 5 7 2
20140310 3 9 8
20140310 8 1 7
20140317 1 7 4
20140317 3 7 2
20140317 3 4 5
20140317 4 7 1
20140317 5 1 3
20140317 2 7 1
20140317 3 5 1
20140318 5 1 2
20140318 7 1 2
20140318 1 2 4
20140318 3 5 2
20140318 3 6 5
20140318 1 3 5
20140318 1 5 3
20140410 4 7 1
20140410 7 2 5
20140410 2 3 1
20140410 3 7 2
20140410 5 2 3
20140410 3 4 7
20140410 2 4 7
20140411 4 1 2
20140411 3 5 2
20140411 1 2 5
20140411 4 2 1
20140411 1 2 7
20140411 4 3 1
20140411 5 1 2
20140412 5 7 3
20140412 2 5 3
20140412 4 7 3
20140412 5 6 2
20140412 2 7 3
20140412 3 1 7
20140412 4 1 3
20140426 9 1 3
20140426 1 7 2
20140426 3 8 1
20140426 9 2 1
20140426 2 5 1
20140426 2 5 6
20140426 3 5 8
20140426 7 3 4
20140426 5 3 2
20140426 2 9 5
20140426 5 3 7
20140427 3 9 7
20140427 1 3 7
20140427 5 2 9
20140427 1 5 8
20140427 7 9 2
20140427 9 3 6
20140427 3 9 6
20140427 2 7 3
20140427 1 9 3
20140427 2 7 5
20140427 9 4 1
20140428 3 7 8
20140428 5 1 7
20140428 4 3 6
20140428 5 7 4
20140428 1 2 7
20140428 3 7 8
20140428 3 9 2
20140428 1 7 5
20140428 6 4 3
20140428 4 3 2
20140428 5 7 2
20140504 2 9 8
20140504 5 1 3
20140504 1 9 6
20140504 2 9 1
20140504 3 7 6
20140504 3 7 4
20140504 3 2 7
20140504 9 8 4
20140504 5 1 2
20140504 3 1 4
20140504 5 2 1
20140505 2 3 7
20140505 2 3 5
20140505 2 7 9
20140505 3 7 2
20140505 7 2 1
20140505 2 1 7
20140505 3 7 1
20140505 1 4 3
20140505 7 5 4
20140505 3 7 5
20140505 5 3 1
20140506 9 7 6
20140506 4 2 1
20140506 2 3 7
20140506 2 4 3
20140506 5 7 4
20140506 2 1 6
20140506 5 6 1
20140506 4 1 6
20140506 7 1 2
20140506 2 3 7
20140506 2 9 3
20140516 1 4 3
20140516 3 5 1
20140516 7 2 4
20140516 4 1 5
20140516 2 7 3
20140516 5 4 7
20140516 5 6 4
20140517 2 3 5
20140517 5 2 7
20140517 1 4 6
20140517 1 7 3
20140517 7 3 5
20140517 5 2 1
20140517 2 7 1
20140518 3 7 2
20140518 4 7 5
20140518 7 5 3
20140518 7 6 2
20140518 7 6 4
20140518 5 7 3
20140518 2 5 6
20140518 7 4 5
20140609 2 3 1
20140609 4 1 5
20140609 1 2 4
20140609 5 2 3
20140609 3 7 2
20140609 1 3 2
20140609 1 7 2
20140609 2 4 9
20140609 2 5 1
20140609 9 3 1
20140610 1 5 7
20140610 2 7 4
20140610 5 2 6
20140610 7 3 5
20140610 3 1 7
20140610 9 2 3
20140610 7 2 9
20140610 7 3 2
20140610 5 9 7
20140610 2 8 9
20140611 5 2 4
20140611 5 1 3
20140611 3 5 7
20140611 3 6 1
20140611 7 2 8
20140611 1 2 9
20140611 3 2 7
20140611 3 7 5
20140611 1 2 3
20140611 1 5 9
20140629 2 3 6
20140629 9 5 7
20140629 2 5 3
20140629 5 3 7
20140629 1 5 7
20140629 1 3 2
20140629 4 2 5
20140629 3 7 2
20140629 2 7 3
20140629 1 7 5
20140629 2 5 9
20140630 3 5 2
20140630 3 2 4
20140630 3 7 6
20140630 2 8 5
20140630 9 8 2
20140630 9 6 7
20140630 5 6 1
20140630 2 6 9
20140630 2 1 3
20140630 1 4 9
20140630 1 3 5
20140701 9 5 3
20140701 7 3 2
20140701 6 1 8
20140701 8 3 5
20140701 3 8 5
20140701 7 5 3
20140701 7 8 9
20140701 2 9 3
20140701 2 4 1
20140701 1 2 9
20140701 1 9 5
20140705 5 2 7
20140705 3 5 2
20140705 1 9 2
20140705 2 1 4
20140705 4 7 1
20140705 2 3 5
20140705 5 1 6
20140705 5 7 1
20140705 9 1 4
20140705 9 2 3
20140705 2 7 9
20140705 6 9 5
20140706 9 1 3
20140706 7 3 9
20140706 2 9 1
20140706 1 2 3
20140706 2 1 4
20140706 7 6 4
20140706 6 2 1
20140706 3 2 8
20140706 2 9 7
20140706 3 9 1
20140706 9 1 3
20140706 3 5 9
20140707 9 2 7
20140707 7 3 4
20140707 4 6 8
20140707 6 7 3
20140707 6 1 4
20140707 6 1 7
20140707 7 3 1
20140707 3 4 5
20140707 7 2 5
20140707 1 5 3
20140707 4 1 2
20140707 4 2 1
20140809 2 7 3
20140809 7 3 6
20140809 4 2 5
20140809 2 3 4
20140809 2 1 5
20140809 1 5 6
20140809 3 6 4
20140810 3 2 5
20140810 3 2 5
20140810 4 6 5
20140810 4 7 6
20140810 3 7 1
20140810 2 6 3
20140810 5 1 7
20140811 7 4 3
20140811 2 4 3
20140811 7 2 4
20140811 5 1 2
20140811 1 4 3
20140811 5 3 1
20140811 5 6 7
20140811 5 7 6
20140815 2 7 4
20140815 4 5 1
20140815 7 5 3
20140815 5 3 2
20140815 1 4 6
20140815 1 5 2
20140815 5 3 1
20140816 3 4 2
20140816 2 5 1
20140816 2 1 6
20140816 6 2 4
20140816 7 4 1
20140816 5 2 1
20140816 3 5 6
20140817 2 7 4
20140817 2 4 3
20140817 3 5 2
20140817 5 3 6
20140817 7 5 4
20140817 1 7 6
20140817 2 5 6
20140821 3 9 4
20140821 1 3 9
20140821 5 2 3
20140821 2 7 5
20140821 2 3 4
20140821 7 1 4
20140821 5 3 7
20140821 1 5 6
20140821 2 9 4
20140821 1 3 2
20140821 5 7 8
20140821 5 3 7
20140822 3 5 7
20140822 2 4 1
20140822 9 2 7
20140822 9 1 2
20140822 3 7 2
20140822 3 2 1
20140822 4 1 5
20140822 1 2 4
20140822 2 5 4
20140822 9 1 2
20140822 2 5 9
20140822 2 5 3
20140823 1 4 7
20140823 5 9 7
20140823 3 9 4
20140823 3 9 1
20140823 7 5 4
20140823 2 1 3
20140823 9 1 5
20140823 8 4 6
20140823 1 9 3
20140823 1 2 3
20140823 7 5 3
20140823 9 5 1
20140913 4 7 5
20140913 1 3 6
20140913 5 2 4
20140913 5 7 3
20140913 7 4 5
20140913 3 5 2
20140913 1 3 4
20140914 6 2 5
20140914 4 7 3
20140914 1 5 7
20140914 3 1 5
20140914 1 4 5
20140914 3 6 2
20140914 2 4 7
20140915 2 7 3
20140915 3 7 1
20140915 3 5 2
20140915 5 4 2
20140915 1 2 7
20140915 4 5 6
20140915 1 2 3
20140923 3 7 2
20140923 5 7 4
20140923 9 3 2
20140923 9 3 5
20140923 8 1 4
20140923 1 9 3
20140923 9 3 7
20140923 5 9 2
20140923 8 7 4
20140923 2 9 3
20140923 3 7 1
20140923 3 8 1
20140924 9 3 2
20140924 9 3 7
20140924 5 9 1
20140924 7 1 2
20140924 9 1 3
20140924 2 1 7
20140924 5 4 8
20140924 3 9 4
20140924 2 9 1
20140924 9 3 7
20140924 7 1 9
20140925 2 9 5
20140925 5 8 7
20140925 4 1 3
20140925 9 3 5
20140925 1 9 7
20140925 5 9 4
20140925 3 4 9
20140925 2 7 9
20140925 2 5 1
20140925 1 2 9
20140925 2 1 9
20140928 5 3 2
20140928 4 2 6
20140928 1 2 4
20140928 3 7 2
20140928 5 2 7
20140928 7 5 3
20140928 5 2 6
20140929 1 4 6
20140929 4 1 6
20140929 3 6 2
20140929 7 2 3
20140929 7 6 1
20140929 5 2 3
20140929 1 7 2
20140929 7 1 2
20140930 5 3 7
20140930 7 1 4
20140930 4 1 7
20140930 1 7 2
20140930 4 2 3
20140930 4 7 3
20140930 6 1 3
20141010 4 1 7
20141010 5 1 3
20141010 1 4 2
20141010 6 7 3
20141010 7 4 2
20141010 3 5 1
20141010 1 6 7
20141011 3 5 4
20141011 3 1 4
20141011 2 4 7
20141011 7 3 5
20141011 7 2 3
20141011 6 3 5
20141011 7 1 5
20141012 3 4 7
20141012 2 5 6
20141012 3 5 6
20141012 2 4 1
20141012 5 1 3
20141012 3 1 2
20141012 5 2 1
20141015 4 7 1
20141015 1 2 7
20141015 2 7 5
20141015 5 7 2
20141015 2 4 3
20141015 5 3 1
20141015 9 1 4
20141015 3 9 5
20141015 2 9 4
20141015 4 8 5
20141016 5 7 1
20141016 5 1 3
20141016 6 7 4
20141016 2 4 1
20141016 5 1 4
20141016 9 2 3
20141016 5 2 1
20141016 2 3 4
20141016 3 1 2
20141016 9 2 1
20141017 7 5 1
20141017 2 5 1
20141017 2 5 1
20141017 7 2 5
20141017 2 7 3
20141017 9 2 8
20141017 1 5 7
20141017 3 7 5
20141017 6 5 7
20141017 9 3 1
20141029 3 7 9
20141029 9 3 5
20141029 7 2 5
20141029 5 2 3
20141029 1 2 5
20141029 2 3 9
20141029 4 7 3
20141029 9 3 5
20141029 3 7 5
20141029 1 5 6
20141029 2 1 7
20141030 7 9 3
20141030 3 8 9
20141030 9 5 3
20141030 1 2 5
20141030 2 7 8
20141030 9 3 5
20141030 4 5 2
20141030 7 9 4
20141030 8 1 5
20141030 7 5 4
20141030 5 7 9
20141031 1 3 5
20141031 1 5 2
20141031 1 2 3
20141031 2 1 4
20141031 2 1 5
20141031 1 9 4
20141031 5 1 9
20141031 8 7 3
20141031 1 3 5
20141031 1 7 9
20141031 4 1 3
20141031 2 9 5
20141111 7 5 3
20141111 5 2 3
20141111 3 7 2
20141111 5 7 1
20141111 6 2 5
20141111 5 7 1
20141112 2 5 7
20141112 4 5 1
20141112 7 5 2
20141112 7 2 4
20141112 3 4 7
20141112 4 5 1
20141113 1 5 2
20141113 1 3 2
20141113 5 2 6
20141113 2 7 4
20141113 2 4 3
20141113 3 6 5
20141121 7 1 6
20141121 3 1 7
20141121 1 4 9
20141121 7 4 8
20141121 9 3 7
20141121 2 4 9
20141121 7 1 4
20141121 5 3 2
20141121 9 1 7
20141121 9 2 3
20141121 2 7 5
20141121 5 3 1
20141122 9 1 8
20141122 6 2 5
20141122 2 4 9
20141122 2 4 5
20141122 2 6 8
20141122 5 2 7
20141122 7 3 2
20141122 9 7 5
20141122 7 3 5
20141122 9 7 2
20141122 8 1 3
20141122 1 3 2
20141123 2 8 6
20141123 7 1 5
20141123 7 4 9
20141123 3 5 4
20141123 8 9 3
20141123 1 9 5
20141123 3 9 2
20141123 3 4 1
20141123 1 4 8
20141123 8 4 2
20141123 3 7 1
20141123 7 5 1
20141124 7 9 3
20141124 1 5 2
20141124 8 2 5
20141124 9 5 3
20141124 3 2 7
20141124 2 9 6
20141124 1 5 9
20141124 4 5 8
20141124 1 3 2
20141124 2 8 9
20141124 7 3 4
20141129 9 8 5
20141129 1 7 3
20141129 2 5 7
20141129 9 1 5
20141129 7 1 5
20141129 2 4 8
20141129 7 2 9
20141129 1 5 3
20141129 1 5 4
20141129 3 7 2
20141129 2 9 5
20141130 2 5 7
20141130 7 3 2
20141130 9 2 1
20141130 4 2 7
20141130 1 8 5
20141130 3 7 6
20141130 2 7 1
20141130 7 3 2
20141130 9 1 3
20141130 9 5 7
20141130 5 1 3
20141201 2 4 6
20141201 9 7 8
20141201 1 7 9
20141201 4 2 5
20141201 1 7 9
20141201 5 1 9
20141201 2 3 9
20141201 4 5 3
20141201 3 7 8
20141201 4 2 9
20141201 7 5 9
20141206 7 1 5
20141206 4 7 2
20141206 2 4 5
20141206 1 5 2
20141206 7 3 6
20141206 5 3 4
20141206 1 7 5
20141207 4 1 3
20141207 1 7 3
20141207 4 7 6
20141207 4 1 7
20141207 3 5 4
20141207 4 3 5
20141207 5 1 7
20141212 1 8 9
20141212 3 1 5
20141212 3 8 2
20141212 5 1 9
20141212 1 3 5
20141212 2 6 9
20141212 6 5 1
20141212 5 2 7
20141212 3 1 8
20141212 1 9 2
20141212 7 1 3
20141213 8 1 3
20141213 5 2 9
20141213 1 9 3
20141213 2 6 9
20141213 5 9 2
20141213 4 1 7
20141213 9 6 4
20141213 7 2 5
20141213 5 2 1
20141213 2 9 5
20141213 1 9 5
20141214 6 7 9
20141214 7 9 5
20141214 6 9 8
20141214 2 9 5
20141214 2 1 5
20141214 7 5 8
20141214 7 1 9
20141214 1 4 2
20141214 2 9 7
20141214 4 7 9
20141214 1 2 7
20141220 2 4 7
20141220 1 5 3
20141220 5 1 6
20141220 3 7 1
20141220 3 4 1
20141220 2 6 1
20141220 2 3 1
20141221 3 5 7
20141221 5 4 1
20141221 1 2 3
20141221 2 5 4
20141221 5 3 4
20141221 3 5 2
20141221 4 1 7
20141222 2 5 7
20141222 3 7 1
20141222 3 7 6
20141222 5 1 7
20141222 1 5 2
20141222 5 4 3
20141222 3 1 7
20141226 2 1 5
20141226 5 7 1
20141226 5 3 4
20141226 5 1 2
20141226 1 4 6
20141226 3 7 5
20141226 5 1 7
20141227 5 4 1
20141227 2 6 3
20141227 2 6 5
20141227 5 1 2
20141227 2 3 1
20141227 1 5 6
20141227 7 4 1
20141228 6 2 1
20141228 3 1 7
20141228 5 3 7
20141228 7 3 1
20141228 5 1 4
20141228 1 2 4
20141228 3 7 6
20150102 5 2 3
20150102 1 3 6
20150102 1 7 5
20150102 6 3 7
20150102 1 2 7
20150102 7 3 1
20150102 3 6 7
20150103 4 3 1
20150103 5 1 6
20150103 5 4 1
20150103 3 1 7
20150103 2 1 4
20150103 1 4 6
20150103 5 1 3
20150104 1 3 2
20150104 4 1 2
20150104 5 7 2
20150104 1 3 7
20150104 1 6 3
20150104 1 5 3
20150104 7 6 2
20150107 2 5 3
20150107 3 2 5
20150107 5 1 2
20150107 5 1 7
20150107 3 6 5
20150107 2 7 4
20150107 2 5 4
20150108 7 4 2
20150108 5 4 1
20150108 7 2 3
20150108 4 2 1
20150108 2 5 6
20150108 2 5 7
20150108 7 2 3
20150109 2 5 4
20150109 4 2 6
20150109 2 7 3
20150109 1 5 2
20150109 5 7 2
20150109 4 1 2
20150109 5 4 7
20150113 2 8 1
20150113 7 3 8
20150113 2 9 4
20150113 3 2 1
20150113 3 9 5
20150113 1 7 8
20150113 2 7 1
20150113 9 4 7
20150113 3 1 5
20150113 1 9 2
20150113 5 3 4
20150114 6 9 4
20150114 5 1 9
20150114 5 3 2
20150114 1 7 9
20150114 4 5 7
20150114 7 1 3
20150114 3 6 9
20150114 2 9 4
20150114 3 1 7
20150114 1 7 2
20150114 2 5 1
20150115 9 7 2
20150115 1 2 9
20150115 7 2 5
20150115 7 2 5
20150115 1 9 2
20150115 1 9 6
20150115 7 1 3
20150115 1 5 3
20150115 9 1 6
20150115 2 1 3
20150115 2 1 5
20150115 1 9 5
20150118 3 5 2
20150118 4 3 6
20150118 3 5 2
20150118 3 4 1
20150118 5 7 1
20150118 1 4 5
20150118 2 4 6
20150119 5 1 6
20150119 5 4 1
20150119 6 1 5
20150119 5 1 3
20150119 3 1 7
20150119 1 4 6
20150119 1 4 5
20150120 5 6 2
20150120 4 7 2
20150120 5 1 2
20150120 3 1 4
20150120 4 1 7
20150120 2 4 3
20150120 2 1 3
20150123 3 7 4
20150123 8 3 7
20150123 2 1 5
20150123 3 7 2
20150123 8 6 4
20150123 9 4 1
20150123 9 5 2
20150123 2 4 9
20150123 3 9 1
20150123 2 7 5
20150123 3 2 5
20150124 5 1 9
20150124 1 2 9
20150124 3 7 2
20150124 9 2 1
20150124 7 2 3
20150124 1 5 2
20150124 3 2 9
20150124 4 5 1
20150124 2 3 9
20150124 2 7 9
20150124 7 3 5
20150125 1 8 6
20150125 2 9 5
20150125 2 1 6
20150125 1 6 3
20150125 1 6 5
20150125 9 4 3
20150125 2 4 9
20150125 2 1 5
20150125 4 1 3
20150125 9 1 3
20150125 3 5 2
20150125 3 4 6
20150131 6 7 4
20150131 4 2 3
20150131 2 7 4
20150131 2 3 7
20150131 5 3 2
20150131 3 1 2
20150131 2 4 6
20150201 5 3 1
20150201 1 3 7
20150201 7 5 2
20150201 2 5 7
20150201 7 2 4
20150201 4 5 2
20150201 2 7 4
20150202 5 6 1
20150202 4 6 7
20150202 5 2 7
20150202 7 4 2
20150202 3 2 4
20150202 1 7 2
20150202 3 2 5
20150206 7 5 1
20150206 1 9 3
20150206 5 7 2
20150206 1 5 7
20150206 1 2 7
20150206 2 4 1
20150206 1 3 8
20150206 3 9 2
20150206 3 8 5
20150206 1 5 2
20150206 9 2 4
20150207 3 4 9
20150207 2 5 6
20150207 4 6 1
20150207 8 5 6
20150207 3 1 5
20150207 1 9 5
20150207 1 5 9
20150207 1 9 2
20150207 4 7 5
20150207 1 2 4
20150207 2 5 3
20150208 9 1 3
20150208 7 2 4
20150208 3 4 9
20150208 7 5 1
20150208 7 1 8
20150208 3 9 5
20150208 4 5 1
20150208 9 7 2
20150208 1 4 7
20150208 3 5 2
20150208 2 6 5
20150213 7 3 2
20150213 5 1 2
20150213 7 9 2
20150213 2 7 5
20150213 1 7 5
20150213 5 1 2
20150213 6 3 1
20150213 7 2 4
20150213 1 3 5
20150213 3 7 2
20150213 7 5 2
20150213 2 1 4
20150214 7 2 9
20150214 2 8 7
20150214 8 7 9
20150214 3 5 9
20150214 7 1 2
20150214 3 6 4
20150214 4 3 2
20150214 3 8 1
20150214 3 2 1
20150214 2 5 1
20150214 1 6 9
20150214 7 4 6
20150215 2 7 9
20150215 1 5 2
20150215 5 3 4
20150215 5 1 9
20150215 5 2 3
20150215 6 3 1
20150215 1 5 2
20150215 1 5 6
20150215 1 5 9
20150215 2 1 3
20150215 4 6 7
20150215 1 3 7
20150218 1 5 7
20150218 4 6 5
20150218 3 1 2
20150218 3 2 4
20150218 5 7 3
20150218 2 7 3
20150218 5 3 2
20150218 1 9 5
20150218 3 5 4
20150218 7 5 3
20150219 4 3 5
20150219 3 4 1
20150219 5 1 2
20150219 1 6 5
20150219 1 2 4
20150219 5 2 1
20150219 1 3 7
20150219 9 1 2
20150219 1 3 4
20150219 2 4 1
20150220 3 7 4
20150220 7 3 4
20150220 5 1 7
20150220 3 2 7
20150220 1 8 4
20150220 5 1 7
20150220 4 7 2
20150220 5 3 9
20150220 2 7 3
20150220 1 5 6
20150223 7 3 5
20150223 5 7 4
20150223 7 2 4
20150223 5 1 4
20150223 1 5 2
20150223 3 1 5
20150223 5 1 3
20150224 1 2 5
20150224 2 7 1
20150224 5 4 2
20150224 5 1 4
20150224 7 1 5
20150224 2 5 3
20150224 1 6 5
20150227 3 1 2
20150227 3 2 5
20150227 5 3 7
20150227 3 5 6
20150227 2 3 7
20150227 1 5 2
20150227 2 1 4
20150228 1 4 7
20150228 7 3 6
20150228 2 4 6
20150228 2 1 7
20150228 4 1 5
20150228 7 3 2
20150228 2 4 7
20150301 5 3 7
20150301 2 4 1
20150301 3 7 4
20150301 1 2 7
20150301 5 1 7
20150301 2 1 6
20150301 2 6 1
20150301 4 2 3
20150305 9 2 7
20150305 2 5 1
20150305 9 3 4
20150305 1 5 6
20150305 1 5 9
20150305 3 4 1
20150305 2 9 5
20150305 9 2 5
20150305 3 5 7
20150305 2 7 9
20150305 4 2 9
20150306 1 7 5
20150306 5 3 7
20150306 2 6 3
20150306 7 2 8
20150306 3 2 9
20150306 7 3 2
20150306 1 9 3
20150306 2 8 3
20150306 9 2 5
20150306 5 2 7
20150306 8 2 9
20150307 2 5 1
20150307 2 3 5
20150307 9 2 5
20150307 3 1 5
20150307 2 1 9
20150307 3 2 8
20150307 2 9 7
20150307 1 8 2
20150307 1 6 2
20150307 9 5 7
20150307 3 1 7
20150315 3 1 9
20150315 4 7 2
20150315 2 5 9
20150315 2 4 3
20150315 3 5 9
20150315 3 6 4
20150315 1 9 5
20150315 1 2 5
20150315 2 7 9
20150315 7 9 5
20150315 6 2 7
20150316 2 3 9
20150316 5 3 7
20150316 9 5 1
20150316 1 5 7
20150316 1 9 3
20150316 2 7 3
20150316 2 8 9
20150316 9 2 7
20150316 4 7 8
20150316 4 6 2
20150316 2 4 5
20150317 1 9 7
20150317 4 2 7
20150317 3 7 5
20150317 3 5 1
20150317 9 1 3
20150317 5 8 3
20150317 1 3 5
20150317 4 9 6
20150317 9 5 2
20150317 9 3 6
20150317 9 6 3
20150317 4 8 7
20150321 4 1 6
20150321 2 7 5
20150321 7 2 3
20150321 1 6 2
20150321 7 2 5
20150321 3 5 1
20150321 1 7 2
20150322 7 1 6
20150322 2 4 5
20150322 3 1 4
20150322 5 7 3
20150322 7 2 1
20150322 2 5 4
20150322 7 2 4
20150323 2 3 5
20150323 3 7 1
20150323 6 5 3
20150323 3 5 1
20150323 4 7 3
20150323 1 3 4
20150323 2 1 6
20150329 3 4 2
20150329 7 4 2
20150329 7 1 4
20150329 7 1 2
20150329 5 3 7
20150329 2 3 5
20150329 5 1 7
20150330 3 7 1
20150330 5 1 7
20150330 5 3 2
20150330 7 3 5
20150330 2 3 6
20150330 4 1 7
20150330 4 2 3
20150331 5 2 3
20150331 4 7 2
20150331 2 7 3
20150331 3 4 2
20150331 3 5 6
20150331 3 7 2
20150331 3 2 6
20150402 1 5 2
20150402 1 5 2
20150402 1 5 3
20150402 7 5 2
20150402 3 5 4
20150402 2 3 5
20150402 5 3 6
20150403 2 1 5
20150403 2 5 1
20150403 2 7 5
20150403 1 2 7
20150403 2 4 3
20150403 2 6 7
20150403 7 5 1
20150403 7 5 1
20150404 7 1 4
20150404 1 2 3
20150404 1 2 4
20150404 4 2 5
20150404 1 3 2
20150404 4 7 2
20150404 1 6 3
20150407 2 6 7
20150407 5 8 1
20150407 1 7 5
20150407 9 1 6
20150407 2 9 5
20150407 7 4 1
20150407 1 9 5
20150407 3 1 7
20150407 1 7 3
20150407 1 5 2
20150407 3 4 2
20150408 1 9 2
20150408 5 7 9
20150408 2 3 7
20150408 1 3 2
20150408 7 1 9
20150408 7 5 3
20150408 5 2 9
20150408 4 8 9
20150408 2 5 1
20150408 1 9 3
20150408 4 5 2
20150409 5 3 6
20150409 2 7 1
20150409 2 9 3
20150409 7 3 1
20150409 9 4 2
20150409 9 5 7
20150409 2 1 8
20150409 3 5 1
20150409 2 7 9
20150409 5 2 1
20150409 2 6 1
20150412 2 4 1
20150412 4 7 6
20150412 2 7 6
20150412 5 4 1
20150412 1 5 4
20150412 1 7 2
20150412 2 1 5
20150413 1 2 5
20150413 1 3 5
20150413 3 6 5
20150413 2 3 5
20150413 2 3 1
20150413 6 1 5
20150413 7 3 1
20150414 5 3 6
20150414 1 5 6
20150414 2 4 3
20150414 4 1 7
20150414 2 5 7
20150414 5 1 3
20150414 6 3 2
20150417 2 4 6
20150417 6 3 2
20150417 4 2 3
20150417 5 3 4
20150417 2 1 4
20150417 3 5 7
20150417 3 6 7
20150417 6 3 7
20150418 3 5 1
20150418 5 1 3
20150418 3 5 7
20150418 6 7 1
20150418 3 1 2
20150418 5 1 2
20150418 2 7 5
20150419 7 4 3
20150419 5 3 2
20150419 2 7 5
20150419 6 1 2
20150419 3 4 1
20150419 2 7 5
20150419 2 4 5
20150423 7 1 4
20150423 2 5 7
20150423 1 7 3
20150423 7 3 5
20150423 2 1 3
20150423 1 5 7
20150423 5 1 7
20150423 3 5 6
20150424 3 1 7
20150424 2 4 7
20150424 2 7 5
20150424 1 6 5
20150424 6 1 5
20150424 5 1 2
20150424 7 1 5
20150424 5 7 4
20150425 3 1 4
20150425 2 1 4
20150425 1 3 5
20150425 1 7 4
20150425 5 1 7
20150425 5 3 7
20150425 3 6 1
20150428 2 9 4
20150428 9 2 7
20150428 1 3 5
20150428 3 1 7
20150428 3 9 6
20150428 9 3 5
20150428 1 5 8
20150428 5 2 7
20150428 2 1 4
20150428 5 1 2
20150428 8 5 1
20150429 3 4 7
20150429 1 3 7
20150429 5 3 2
20150429 5 2 3
20150429 2 3 9
20150429 4 9 3
20150429 3 1 8
20150429 5 1 4
20150429 2 7 8
20150429 2 1 8
20150429 5 9 2
20150430 3 8 7
20150430 8 3 7
20150430 5 2 1
20150430 3 8 7
20150430 4 3 7
20150430 3 7 9
20150430 5 3 9
20150430 8 3 2
20150430 5 7 3
20150430 1 5 2
20150430 9 3 2
20150430 2 9 1
20150504 2 3 4
20150504 2 3 5
20150504 7 1 2
20150504 2 1 4
20150504 7 4 1
20150504 1 4 2
20150504 1 5 7
20150505 1 4 3
20150505 3 1 7
20150505 3 7 1
20150505 1 7 5
20150505 2 3 4
20150505 1 7 2
20150505 2 4 3
20150506 7 3 5
20150506 6 7 2
20150506 1 4 5
20150506 3 5 4
20150506 4 1 7
20150506 1 7 4
20150506 3 7 4
20150510 4 5 2
20150510 3 4 7
20150510 1 2 5
20150510 5 3 7
20150510 5 2 3
20150510 7 5 2
20150510 7 3 4
20150511 1 3 4
20150511 1 3 6
20150511 3 7 2
20150511 4 3 1
20150511 2 7 4
20150511 2 4 5
20150511 2 5 7
20150512 4 1 7
20150512 7 6 2
20150512 5 7 2
20150512 4 6 7
20150512 4 7 1
20150512 4 2 1
20150512 3 7 4
20150522 3 7 9
20150522 5 2 9
20150522 3 7 8
20150522 4 2 5
20150522 3 9 2
20150522 1 8 9
20150522 3 7 4
20150522 1 7 3
20150522 1 7 9
20150522 2 7 9
20150522 9 4 7
20150523 5 7 2
20150523 8 1 5
20150523 9 2 7
20150523 9 5 1
20150523 2 7 9
20150523 1 7 4
20150523 7 1 3
20150523 4 6 1
20150523 1 7 3
20150523 3 5 4
20150523 1 3 5
20150524 9 3 2
20150524 6 4 2
20150524 1 2 9
20150524 9 7 5
20150524 1 8 5
20150524 1 6 2
20150524 4 2 7
20150524 7 2 8
20150524 2 5 9
20150524 7 5 4
20150524 1 7 8
20150605 3 7 1
20150605 5 1 2
20150605 3 5 1
20150605 2 4 1
20150605 7 1 5
20150605 1 7 6
20150605 4 5 2
20150606 6 5 2
20150606 3 5 6
20150606 5 1 7
20150606 5 4 2
20150606 7 1 2
20150606 3 7 5
20150606 5 1 6
20150607 6 2 4
20150607 3 4 7
20150607 3 7 5
20150607 7 4 6
20150607 7 2 1
20150607 4 1 2
20150607 6 5 7
