20111210 7 2 9
20111210 9 3 2
20111210 9 1 4
20111210 1 7 8
20111210 2 5 1
20111210 5 3 1
20111210 7 9 5
20111210 1 7 5
20111210 9 3 1
20111210 7 3 2
20111210 1 3 5
20111210 7 4 8
20111211 8 4 7
20111211 7 2 3
20111211 1 5 9
20111211 5 3 9
20111211 9 2 7
20111211 1 5 3
20111211 2 9 8
20111211 7 1 2
20111211 3 5 1
20111211 4 8 7
20111211 1 7 3
20111211 1 7 5
20111212 5 2 9
20111212 9 2 3
20111212 9 4 3
20111212 3 1 5
20111212 1 2 9
20111212 7 6 8
20111212 4 3 5
20111212 9 1 3
20111212 5 8 3
20111212 7 2 6
20111212 9 1 8
20111212 1 4 2
20111226 9 1 6
20111226 2 7 6
20111226 3 7 5
20111226 2 9 7
20111226 7 9 2
20111226 9 2 4
20111226 5 1 3
20111226 5 3 1
20111226 1 2 5
20111226 2 5 4
20111226 5 1 7
20111226 5 2 1
20111226 3 7 1
20111227 1 6 2
20111227 3 7 4
20111227 7 1 2
20111227 1 5 3
20111227 9 8 2
20111227 1 3 7
20111227 1 2 4
20111227 1 7 6
20111227 5 3 8
20111227 3 7 9
20111227 5 3 8
20111227 9 1 7
20111228 7 8 1
20111228 7 8 3
20111228 3 5 7
20111228 4 1 5
20111228 9 3 1
20111228 2 9 6
20111228 4 7 3
20111228 1 7 5
20111228 1 5 3
20111228 2 7 9
20111228 2 4 1
20111228 6 8 9
20111228 1 9 7
20120118 1 7 2
20120118 7 1 2
20120118 2 9 1
20120118 3 1 6
20120118 7 3 4
20120118 4 1 7
20120118 2 5 1
20120118 5 2 7
20120118 6 3 1
20120118 2 7 9
20120118 1 9 2
20120118 3 5 9
20120119 9 3 5
20120119 2 5 7
20120119 3 9 2
20120119 5 3 7
20120119 2 5 1
20120119 5 2 1
20120119 1 3 7
20120119 2 5 1
20120119 6 8 1
20120119 9 2 3
20120119 2 1 9
20120119 1 3 9
20120120 9 7 3
20120120 2 5 8
20120120 1 4 5
20120120 3 7 5
20120120 3 5 8
20120120 1 3 4
20120120 1 3 7
20120120 1 7 3
20120120 7 6 2
20120120 2 1 7
20120120 1 4 6
20120120 7 2 9
20120120 4 3 5
20120129 1 2 6
20120129 2 4 5
20120129 7 2 1
20120129 5 4 1
20120129 3 5 1
20120129 4 1 8
20120129 9 2 5
20120129 9 1 4
20120129 4 7 3
20120129 7 2 3
20120129 3 1 8
20120130 3 6 4
20120130 2 4 7
20120130 1 6 3
20120130 2 7 4
20120130 4 5 1
20120130 1 3 4
20120130 1 8 4
20120130 4 9 2
20120130 3 2 1
20120130 9 1 5
20120130 9 4 7
20120131 7 4 2
20120131 2 3 4
20120131 6 3 1
20120131 5 1 3
20120131 2 5 9
20120131 1 5 9
20120131 3 1 6
20120131 1 2 9
20120131 5 2 7
20120131 3 4 5
20120131 3 9 7
20120211 4 5 2
20120211 3 7 5
20120211 2 5 7
20120211 1 4 5
20120211 2 4 7
20120211 1 5 3
20120211 1 9 5
20120211 3 9 5
20120211 2 3 9
20120211 1 9 7
20120211 2 8 1
20120212 7 1 2
20120212 5 2 4
20120212 2 4 1
20120212 3 4 2
20120212 3 1 2
20120212 2 8 7
20120212 5 1 2
20120212 2 9 1
20120212 2 9 7
20120212 2 5 9
20120212 3 6 8
20120213 3 1 5
20120213 2 4 1
20120213 7 3 4
20120213 3 4 7
20120213 4 7 3
20120213 3 5 6
20120213 2 9 3
20120213 5 3 1
20120213 3 6 1
20120213 5 3 4
20120213 1 6 4
20120218 8 3 5
20120218 9 3 7
20120218 7 1 2
20120218 1 5 7
20120218 1 2 3
20120218 2 6 3
20120218 4 2 9
20120218 9 5 1
20120218 9 2 1
20120218 5 1 7
20120218 1 3 6
20120219 9 2 1
20120219 1 8 7
20120219 9 1 3
20120219 7 9 5
20120219 7 2 1
20120219 3 1 4
20120219 3 1 7
20120219 9 1 5
20120219 3 4 9
20120219 1 7 3
20120219 5 3 1
20120220 3 8 4
20120220 2 7 9
20120220 1 9 6
20120220 2 6 7
20120220 7 4 3
20120220 1 3 4
20120220 3 9 1
20120220 1 2 7
20120220 5 3 4
20120220 9 2 7
20120220 3 1 7
20120221 5 8 4
20120221 3 5 1
20120221 7 1 5
20120221 1 7 5
20120221 5 7 1
20120221 3 4 8
20120221 1 9 7
20120221 9 1 8
20120221 3 5 7
20120221 7 1 5
20120221 1 4 7
20120328 6 3 9
20120328 3 1 2
20120328 9 5 3
20120328 4 5 9
20120328 9 3 1
20120328 9 2 5
20120328 2 5 6
20120328 5 3 7
20120328 3 9 2
20120328 2 9 5
20120328 3 7 1
20120328 2 7 1
20120329 5 3 9
20120329 1 7 5
20120329 7 1 9
20120329 2 7 3
20120329 2 8 1
20120329 2 3 7
20120329 6 1 3
20120329 6 3 1
20120329 7 3 8
20120329 1 6 3
20120329 3 1 4
20120329 3 1 2
20120329 2 9 1
20120330 1 5 9
20120330 5 2 7
20120330 2 8 1
20120330 2 3 7
20120330 2 9 3
20120330 8 2 3
20120330 1 9 4
20120330 1 9 7
20120330 5 1 9
20120330 3 9 1
20120330 3 1 9
20120330 9 7 1
20120416 7 3 5
20120416 1 8 2
20120416 2 5 9
20120416 3 1 7
20120416 1 7 2
20120416 9 1 3
20120416 8 1 4
20120416 2 9 1
20120416 3 7 5
20120416 1 7 4
20120416 5 8 3
20120416 9 1 7
20120417 5 1 2
20120417 2 7 8
20120417 3 6 1
20120417 5 1 3
20120417 2 1 5
20120417 9 5 2
20120417 3 9 7
20120417 9 3 1
20120417 9 2 5
20120417 3 1 2
20120417 2 1 9
20120417 2 7 6
20120418 9 1 5
20120418 3 9 4
20120418 2 9 7
20120418 2 5 7
20120418 1 7 4
20120418 2 7 9
20120418 5 4 1
20120418 9 1 2
20120418 9 2 8
20120418 3 9 8
20120418 6 7 2
20120418 5 1 7
20120423 2 4 3
20120423 6 2 1
20120423 5 7 3
20120423 3 7 1
20120423 1 3 6
20120423 9 2 7
20120423 9 3 6
20120423 7 1 4
20120423 1 2 5
20120423 1 5 2
20120423 1 7 5
20120423 2 4 7
20120424 2 7 5
20120424 1 7 6
20120424 3 7 5
20120424 1 7 5
20120424 3 7 1
20120424 3 1 9
20120424 3 5 9
20120424 5 9 6
20120424 2 9 5
20120424 2 3 5
20120424 3 9 7
20120425 1 5 7
20120425 2 5 4
20120425 5 1 4
20120425 7 2 5
20120425 9 7 1
20120425 3 7 4
20120425 2 9 4
20120425 5 2 7
20120425 7 2 1
20120425 2 5 7
20120425 1 9 3
20120524 5 2 1
20120524 5 2 3
20120524 3 5 2
20120524 1 7 4
20120524 2 3 4
20120524 1 7 3
20120524 3 1 5
20120524 5 2 4
20120524 3 9 2
20120524 1 3 9
20120524 9 5 3
20120525 2 4 1
20120525 7 5 2
20120525 7 2 3
20120525 2 7 4
20120525 1 4 7
20120525 3 1 5
20120525 2 7 5
20120525 4 3 9
20120525 3 2 1
20120525 1 5 7
20120525 9 3 2
20120526 2 4 3
20120526 2 7 3
20120526 3 4 7
20120526 4 2 6
20120526 9 4 2
20120526 5 3 1
20120526 1 7 2
20120526 7 3 5
20120526 1 7 3
20120526 1 3 5
20120526 9 5 8
20120618 1 5 2
20120618 1 3 9
20120618 3 9 7
20120618 7 1 3
20120618 2 7 9
20120618 7 5 2
20120618 9 3 1
20120618 1 3 5
20120618 3 4 8
20120618 5 9 2
20120618 3 1 2
20120618 2 5 7
20120619 7 3 5
20120619 7 2 5
20120619 7 3 2
20120619 3 8 7
20120619 9 1 7
20120619 5 1 7
20120619 3 9 7
20120619 6 1 7
20120619 3 4 7
20120619 4 1 5
20120619 7 3 9
20120619 3 1 9
20120620 7 1 3
20120620 1 8 5
20120620 8 3 1
20120620 1 9 2
20120620 1 4 3
20120620 3 1 6
20120620 2 3 7
20120620 3 9 2
20120620 8 7 2
20120620 2 5 4
20120620 4 3 8
20120620 1 5 3
20120628 5 3 6
20120628 7 1 4
20120628 7 2 4
20120628 7 4 5
20120628 3 1 6
20120628 9 2 3
20120628 4 2 3
20120628 9 7 8
20120628 5 1 2
20120628 1 7 9
20120628 5 2 8
20120629 3 7 1
20120629 7 3 1
20120629 2 7 1
20120629 1 4 5
20120629 7 3 4
20120629 3 5 4
20120629 1 7 2
20120629 6 4 1
20120629 1 7 9
20120629 7 1 2
20120629 5 1 8
20120630 2 3 1
20120630 5 2 4
20120630 3 1 2
20120630 3 7 2
20120630 9 2 4
20120630 3 5 4
20120630 2 5 6
20120630 2 5 1
20120630 9 3 5
20120630 1 7 3
20120630 3 8 1
20120721 6 1 5
20120721 9 2 8
20120721 7 5 1
20120721 4 2 7
20120721 9 1 7
20120721 5 1 6
20120721 3 1 4
20120721 7 3 5
20120721 1 2 9
20120721 2 9 1
20120721 1 9 6
20120722 5 2 1
20120722 2 8 9
20120722 3 8 2
20120722 3 7 1
20120722 5 2 3
20120722 1 9 2
20120722 2 6 5
20120722 7 5 2
20120722 9 2 1
20120722 2 7 9
20120722 1 9 5
20120723 7 8 9
20120723 4 2 3
20120723 1 3 9
20120723 2 6 1
20120723 2 9 7
20120723 7 4 3
20120723 9 3 7
20120723 3 2 6
20120723 3 9 5
20120723 2 8 7
20120723 5 8 2
20120724 5 9 7
20120724 3 2 5
20120724 4 1 2
20120724 1 8 7
20120724 2 9 4
20120724 9 3 7
20120724 8 9 4
20120724 7 1 2
20120724 9 1 5
20120724 5 4 1
20120724 9 8 1
20120819 3 1 5
20120819 2 5 7
20120819 5 1 2
20120819 5 1 3
20120819 5 2 3
20120819 3 2 8
20120819 1 5 7
20120819 3 9 5
20120819 7 2 3
20120819 9 1 5
20120819 9 7 2
20120820 7 4 2
20120820 1 7 2
20120820 2 4 5
20120820 2 4 5
20120820 1 5 2
20120820 5 2 3
20120820 5 2 9
20120820 2 3 5
20120820 7 2 5
20120820 1 3 2
20120820 7 3 6
20120821 2 5 4
20120821 5 2 4
20120821 1 2 6
20120821 3 2 5
20120821 3 4 7
20120821 9 3 8
20120821 1 7 3
20120821 9 3 2
20120821 8 2 1
20120821 7 2 4
20120821 3 9 2
20120920 7 5 4
20120920 1 7 2
20120920 5 2 3
20120920 4 1 2
20120920 2 4 7
20120920 7 5 1
20120920 7 1 5
20120920 1 7 3
20120920 2 5 8
20120920 3 2 7
20120920 5 8 2
20120921 5 1 3
20120921 3 5 7
20120921 3 7 5
20120921 3 5 2
20120921 3 5 2
20120921 2 5 9
20120921 2 6 3
20120921 9 2 3
20120921 6 1 7
20120921 1 9 5
20120921 7 2 5
20120922 7 5 2
20120922 7 1 3
20120922 7 4 1
20120922 3 5 4
20120922 7 1 5
20120922 2 4 7
20120922 9 1 2
20120922 3 9 5
20120922 5 1 7
20120922 7 5 2
20120922 5 3 7
20120927 5 3 7
20120927 1 7 3
20120927 6 5 1
20120927 3 7 4
20120927 4 1 2
20120927 3 9 1
20120927 2 5 7
20120927 9 5 7
20120927 9 3 2
20120927 5 4 1
20120927 3 7 8
20120928 7 5 2
20120928 4 1 2
20120928 3 5 4
20120928 2 1 4
20120928 7 4 3
20120928 9 7 4
20120928 7 5 2
20120928 1 3 2
20120928 9 5 1
20120928 6 2 9
20120928 3 7 5
20120929 7 1 2
20120929 7 1 3
20120929 4 2 6
20120929 4 5 7
20120929 2 7 5
20120929 1 9 7
20120929 7 8 3
20120929 9 2 7
20120929 2 5 7
20120929 3 2 7
20120929 8 1 3
20121003 7 1 4
20121003 2 7 5
20121003 2 7 1
20121003 3 9 1
20121003 3 5 8
20121003 2 3 4
20121003 9 2 3
20121003 9 4 8
20121003 1 9 2
20121003 1 2 3
20121003 8 3 1
20121004 9 3 2
20121004 1 2 5
20121004 3 9 1
20121004 1 2 7
20121004 3 5 2
20121004 7 1 8
20121004 3 2 5
20121004 4 9 1
20121004 4 5 8
20121004 9 2 3
20121004 2 9 3
20121005 7 5 1
20121005 7 5 1
20121005 2 1 5
20121005 5 9 3
20121005 5 1 3
20121005 1 5 2
20121005 7 3 9
20121005 7 1 3
20121005 6 9 1
20121005 1 7 8
20121005 1 5 3
20121106 7 2 1
20121106 3 9 7
20121106 7 3 5
20121106 9 2 7
20121106 1 7 5
20121106 4 2 6
20121106 3 2 7
20121106 7 3 5
20121106 4 7 3
20121106 3 2 7
20121106 2 9 7
20121107 2 3 4
20121107 9 1 2
20121107 5 9 1
20121107 2 9 5
20121107 7 1 9
20121107 3 9 7
20121107 2 3 1
20121107 5 3 4
20121107 3 2 7
20121107 3 1 8
20121107 1 2 3
20121108 5 2 8
20121108 3 9 7
20121108 3 9 1
20121108 5 1 3
20121108 1 5 9
20121108 1 9 4
20121108 6 7 5
20121108 2 5 9
20121108 5 3 9
20121108 1 9 4
20121108 4 2 3
20121205 2 9 1
20121205 9 2 1
20121205 9 7 5
20121205 1 4 3
20121205 9 1 6
20121205 5 1 7
20121205 8 2 3
20121205 5 3 7
20121205 3 2 7
20121205 3 7 1
20121205 8 3 2
20121205 5 3 7
20121206 1 3 8
20121206 2 7 1
20121206 6 5 2
20121206 7 2 8
20121206 9 3 7
20121206 3 4 7
20121206 1 4 3
20121206 1 9 2
20121206 9 6 2
20121206 9 3 1
20121206 7 3 1
20121207 2 1 9
20121207 9 3 7
20121207 7 3 2
20121207 2 5 7
20121207 9 3 2
20121207 8 5 7
20121207 9 3 6
20121207 7 2 1
20121207 3 4 9
20121207 1 5 6
20121207 2 1 9
20121231 2 4 1
20121231 3 2 4
20121231 5 2 3
20121231 1 5 3
20121231 2 3 4
20121231 7 2 1
20121231 5 9 1
20121231 8 1 9
20121231 1 2 9
20121231 3 9 7
20121231 4 6 5
20130101 1 3 7
20130101 1 4 2
20130101 7 5 1
20130101 7 3 1
20130101 7 2 1
20130101 4 1 9
20130101 5 2 9
20130101 9 5 2
20130101 3 5 2
20130101 9 6 2
20130101 9 7 3
20130102 3 5 6
20130102 7 4 2
20130102 4 2 7
20130102 2 4 7
20130102 1 2 4
20130102 9 5 1
20130102 1 3 5
20130102 1 7 5
20130102 9 2 3
20130102 3 2 4
20130102 3 7 8
20130109 4 3 2
20130109 1 9 6
20130109 2 3 5
20130109 5 1 9
20130109 3 1 5
20130109 1 7 5
20130109 3 7 5
20130109 1 9 7
20130109 1 2 9
20130109 1 9 7
20130109 9 5 2
20130110 7 8 1
20130110 2 5 3
20130110 1 9 3
20130110 4 7 1
20130110 9 5 2
20130110 5 2 9
20130110 5 2 3
20130110 7 9 1
20130110 9 1 3
20130110 9 2 7
20130110 1 9 7
20130111 1 5 7
20130111 8 3 9
20130111 2 9 1
20130111 1 2 5
20130111 8 2 3
20130111 3 6 5
20130111 9 2 3
20130111 5 2 8
20130111 3 5 9
20130111 2 9 5
20130111 7 9 1
20130131 5 3 7
20130131 4 3 1
20130131 2 1 7
20130131 7 5 1
20130131 5 1 2
20130131 8 3 1
20130131 1 7 9
20130131 2 9 1
20130131 1 2 9
20130131 3 5 1
20130131 8 4 1
20130201 5 2 4
20130201 2 7 5
20130201 5 1 7
20130201 5 2 1
20130201 2 4 3
20130201 9 1 7
20130201 2 6 9
20130201 9 2 5
20130201 1 7 9
20130201 7 1 2
20130201 4 7 2
20130202 5 3 4
20130202 5 4 7
20130202 4 2 7
20130202 6 2 5
20130202 4 7 8
20130202 7 9 1
20130202 7 3 2
20130202 2 5 1
20130202 1 9 6
20130202 4 2 1
20130202 9 3 8
20130207 5 2 7
20130207 4 3 2
20130207 4 2 3
20130207 4 2 7
20130207 3 5 1
20130207 2 6 1
20130207 1 7 3
20130207 2 7 9
20130207 3 9 5
20130207 2 7 4
20130207 8 3 7
20130208 2 5 7
20130208 3 5 2
20130208 3 1 5
20130208 1 2 5
20130208 5 6 3
20130208 2 4 3
20130208 3 1 5
20130208 2 6 3
20130208 5 9 1
20130208 9 1 7
20130208 9 1 7
20130209 7 5 3
20130209 3 2 5
20130209 6 2 7
20130209 1 7 5
20130209 5 8 2
20130209 7 3 5
20130209 1 9 2
20130209 7 1 9
20130209 2 5 7
20130209 7 4 2
20130209 1 8 6
20130213 1 3 7
20130213 3 2 6
20130213 4 7 1
20130213 1 4 5
20130213 2 3 5
20130213 5 3 6
20130213 2 7 5
20130213 9 2 1
20130213 7 1 9
20130213 3 9 7
20130213 1 5 3
20130214 1 4 7
20130214 3 7 1
20130214 1 2 3
20130214 1 5 7
20130214 5 7 4
20130214 5 2 6
20130214 2 9 1
20130214 2 5 3
20130214 3 7 5
20130214 2 9 1
20130214 9 2 5
20130215 2 3 4
20130215 2 4 1
20130215 4 5 3
20130215 1 5 3
20130215 1 3 5
20130215 3 6 9
20130215 7 2 1
20130215 5 3 9
20130215 1 8 3
20130215 3 2 1
20130215 3 7 1
20130304 9 5 7
20130304 2 5 9
20130304 3 4 2
20130304 2 3 9
20130304 7 1 3
20130304 1 5 4
20130304 7 1 8
20130304 8 4 7
20130304 7 1 6
20130304 2 9 5
20130304 5 1 7
20130305 5 2 8
20130305 1 3 9
20130305 9 8 6
20130305 2 8 5
20130305 2 8 5
20130305 4 1 2
20130305 1 4 3
20130305 5 1 9
20130305 5 7 2
20130305 1 7 2
20130305 2 5 7
20130306 7 1 3
20130306 6 4 1
20130306 5 2 4
20130306 9 2 6
20130306 8 9 2
20130306 9 1 2
20130306 1 2 8
20130306 3 4 5
20130306 3 9 8
20130306 9 2 1
20130306 2 9 7
20130310 3 7 1
20130310 3 1 2
20130310 2 5 1
20130310 3 1 7
20130310 2 7 6
20130310 4 3 5
20130310 7 1 3
20130310 3 5 1
20130310 3 7 5
20130310 7 3 5
20130310 4 3 1
20130310 5 3 6
20130311 6 2 4
20130311 2 1 5
20130311 3 7 5
20130311 7 1 5
20130311 7 5 2
20130311 1 8 5
20130311 4 1 7
20130311 6 1 4
20130311 5 1 4
20130311 8 3 5
20130311 3 9 7
20130312 1 2 3
20130312 7 1 3
20130312 6 4 2
20130312 5 4 1
20130312 7 8 9
20130312 5 6 2
20130312 7 1 5
20130312 4 1 6
20130312 3 1 4
20130312 1 2 5
20130312 3 4 9
20130404 2 9 3
20130404 1 9 7
20130404 4 3 9
20130404 1 7 9
20130404 7 3 1
20130404 2 9 8
20130404 5 3 8
20130404 7 1 4
20130404 7 1 5
20130404 2 5 1
20130404 3 1 9
20130405 5 3 8
20130405 1 5 8
20130405 7 8 5
20130405 6 3 5
20130405 1 4 7
20130405 3 2 5
20130405 2 9 1
20130405 3 7 2
20130405 1 3 7
20130405 9 1 5
20130405 3 9 4
20130406 4 6 1
20130406 1 7 5
20130406 5 7 6
20130406 3 5 7
20130406 3 5 7
20130406 3 9 2
20130406 1 4 2
20130406 1 4 7
20130406 9 5 4
20130406 7 1 4
20130406 4 1 3
20130410 5 4 3
20130410 4 7 2
20130410 1 5 4
20130410 4 1 3
20130410 2 4 1
20130410 1 9 3
20130410 3 1 9
20130410 1 7 9
20130410 3 9 7
20130410 5 3 8
20130411 1 7 3
20130411 2 7 5
20130411 3 7 1
20130411 7 3 5
20130411 3 2 1
20130411 8 3 9
20130411 8 2 1
20130411 5 7 3
20130411 9 1 2
20130411 9 7 2
20130412 7 4 1
20130412 2 7 5
20130412 1 6 4
20130412 1 3 6
20130412 9 2 7
20130412 7 4 9
20130412 5 6 3
20130412 5 2 4
20130412 1 3 2
20130412 2 1 5
20130503 7 2 4
20130503 1 7 5
20130503 3 2 7
20130503 1 4 5
20130503 5 2 3
20130503 3 1 7
20130503 3 9 1
20130503 9 3 5
20130503 5 7 9
20130503 3 2 9
20130504 5 1 4
20130504 5 2 1
20130504 5 3 6
20130504 2 4 7
20130504 7 2 4
20130504 2 9 4
20130504 2 6 1
20130504 4 1 2
20130504 1 8 2
20130504 2 3 4
20130505 2 7 1
20130505 1 3 5
20130505 4 2 5
20130505 2 5 7
20130505 3 7 1
20130505 1 5 2
20130505 3 1 6
20130505 5 3 9
20130505 4 1 7
20130505 2 9 5
20130513 2 7 5
20130513 2 1 7
20130513 3 2 1
20130513 3 9 2
20130513 3 7 1
20130513 1 5 2
20130513 6 2 1
20130513 3 1 5
20130513 1 5 4
20130513 9 2 3
20130513 2 4 1
20130514 5 1 3
20130514 3 1 5
20130514 3 5 1
20130514 6 3 7
20130514 5 2 7
20130514 7 2 8
20130514 1 7 8
20130514 1 3 2
20130514 2 6 3
20130514 3 9 5
20130514 3 5 4
20130514 2 9 7
20130515 8 7 5
20130515 2 9 5
20130515 9 1 4
20130515 9 3 7
20130515 7 3 4
20130515 5 2 1
20130515 5 2 1
20130515 9 2 5
20130515 5 2 7
20130515 5 7 2
20130515 1 5 3
20130515 1 7 3
20130604 7 3 5
20130604 1 3 7
20130604 2 4 7
20130604 1 2 5
20130604 4 2 7
20130604 4 1 7
20130604 4 5 1
20130604 5 3 9
20130604 2 7 1
20130604 2 3 1
20130605 3 7 4
20130605 3 4 1
20130605 4 3 2
20130605 3 5 7
20130605 7 5 2
20130605 9 5 2
20130605 3 9 4
20130605 3 5 8
20130605 7 2 5
20130605 3 7 2
20130606 5 3 1
20130606 2 6 5
20130606 2 1 4
20130606 3 4 1
20130606 5 7 1
20130606 7 9 1
20130606 7 4 2
20130606 9 4 3
20130606 3 1 4
20130606 4 9 5
20130610 4 5 2
20130610 4 1 3
20130610 7 1 6
20130610 4 5 2
20130610 5 3 1
20130610 7 9 1
20130610 1 3 5
20130610 2 9 7
20130610 3 9 2
20130610 1 9 2
20130611 7 5 1
20130611 5 7 3
20130611 3 7 4
20130611 1 5 2
20130611 7 2 5
20130611 5 7 4
20130611 2 3 7
20130611 1 8 4
20130611 5 9 3
20130611 2 5 9
20130612 3 1 2
20130612 2 3 7
20130612 1 4 7
20130612 2 5 7
20130612 2 9 1
20130612 1 3 5
20130612 6 2 7
20130612 3 9 5
20130612 2 7 5
20130612 2 5 8
20130622 5 7 2
20130622 6 2 5
20130622 9 2 3
20130622 7 3 9
20130622 1 9 4
20130622 2 5 3
20130622 3 2 7
20130622 9 5 2
20130622 3 1 9
20130622 1 9 5
20130622 5 3 6
20130622 7 3 9
20130623 7 3 2
20130623 4 1 9
20130623 9 2 1
20130623 5 7 1
20130623 1 9 7
20130623 2 9 3
20130623 1 5 3
20130623 5 7 2
20130623 5 3 6
20130623 1 7 9
20130623 2 7 9
20130623 2 5 8
20130624 8 3 7
20130624 8 7 5
20130624 1 9 2
20130624 5 7 3
20130624 1 7 5
20130624 3 8 4
20130624 2 5 9
20130624 1 2 8
20130624 5 8 6
20130624 9 6 2
20130624 5 9 4
20130625 1 7 5
20130625 7 2 4
20130625 1 6 4
20130625 3 2 4
20130625 7 8 3
20130625 7 5 3
20130625 7 3 2
20130625 1 9 4
20130625 2 4 9
20130625 7 1 5
20130625 7 3 8
20130907 3 5 7
20130907 2 4 1
20130907 4 1 5
20130907 3 7 1
20130907 5 3 2
20130907 9 7 3
20130907 1 9 6
20130907 5 3 1
20130907 2 5 8
20130907 8 5 6
20130908 5 3 1
20130908 1 5 2
20130908 4 5 6
20130908 3 5 6
20130908 2 1 3
20130908 2 9 1
20130908 1 7 5
20130908 2 8 5
20130908 3 1 8
20130908 3 8 1
20130909 1 5 3
20130909 7 4 3
20130909 2 3 5
20130909 5 1 4
20130909 7 3 8
20130909 7 3 5
20130909 2 7 1
20130909 3 9 4
20130909 3 4 5
20130909 1 3 2
20131017 7 1 4
20131017 5 3 2
20131017 2 1 4
20131017 3 7 2
20131017 2 5 3
20131017 9 4 1
20131017 9 3 2
20131017 9 5 1
20131017 5 1 6
20131017 3 1 6
20131018 7 3 1
20131018 7 2 1
20131018 3 5 1
20131018 4 2 7
20131018 7 4 2
20131018 4 7 2
20131018 2 8 5
20131018 9 7 3
20131018 1 5 9
20131018 2 9 8
20131019 7 4 5
20131019 5 3 7
20131019 4 6 3
20131019 1 2 5
20131019 2 9 5
20131019 1 7 2
20131019 1 7 9
20131019 5 9 3
20131019 2 7 8
20131019 4 5 2
20131019 9 3 5
20131027 7 2 1
20131027 3 7 1
20131027 5 3 7
20131027 1 7 5
20131027 3 4 2
20131027 1 5 9
20131027 9 1 5
20131027 2 3 9
20131027 3 7 1
20131027 1 4 2
20131028 2 4 7
20131028 5 1 4
20131028 7 5 2
20131028 7 4 2
20131028 1 7 2
20131028 3 9 5
20131028 3 9 7
20131028 7 6 3
20131028 2 9 4
20131028 2 9 7
20131029 5 1 7
20131029 5 7 1
20131029 7 2 5
20131029 3 4 2
20131029 7 1 5
20131029 3 6 8
20131029 9 1 6
20131029 9 3 1
20131029 1 7 3
20131029 3 2 4
20131217 2 8 6
20131217 3 5 2
20131217 3 2 1
20131217 3 2 5
20131217 9 5 1
20131217 3 2 5
20131217 1 5 7
20131217 1 9 3
20131217 3 5 7
20131217 7 2 8
20131217 3 1 2
20131218 3 7 2
20131218 3 9 2
20131218 7 3 1
20131218 7 9 3
20131218 1 9 7
20131218 1 5 9
20131218 1 8 9
20131218 2 5 7
20131218 8 7 2
20131218 2 7 9
20131218 1 6 7
20131219 1 5 7
20131219 3 7 2
20131219 7 1 2
20131219 3 8 7
20131219 3 7 8
20131219 3 5 6
20131219 9 5 7
20131219 3 5 7
20131219 8 6 9
20131219 4 3 2
20131219 3 5 7
20131219 3 7 5
20131223 7 1 4
20131223 2 1 9
20131223 1 5 8
20131223 2 7 5
20131223 3 9 7
20131223 2 7 1
20131223 2 4 3
20131223 1 9 4
20131223 7 3 1
20131223 7 2 5
20131223 2 6 3
20131224 2 9 1
20131224 3 7 8
20131224 8 7 3
20131224 9 5 3
20131224 2 9 3
20131224 5 1 3
20131224 9 7 2
20131224 7 3 5
20131224 9 3 1
20131224 5 7 2
20131224 1 2 7
20131225 1 7 3
20131225 3 9 2
20131225 3 4 7
20131225 3 9 1
20131225 5 1 9
20131225 5 4 7
20131225 2 5 3
20131225 8 2 5
20131225 3 5 6
20131225 8 3 1
20131225 1 9 3
20131229 1 3 2
20131229 4 7 1
20131229 1 4 2
20131229 2 7 5
20131229 7 4 5
20131229 9 2 1
20131229 1 4 5
20131229 3 5 1
20131229 2 7 4
20131229 9 3 4
20131230 7 2 5
20131230 4 5 2
20131230 1 3 2
20131230 5 6 4
20131230 4 1 6
20131230 4 7 3
20131230 1 4 3
20131230 3 7 8
20131230 9 2 1
20131230 1 5 9
20131231 5 1 2
20131231 5 3 4
20131231 3 7 4
20131231 5 1 7
20131231 2 9 1
20131231 7 1 5
20131231 7 2 9
20131231 9 1 4
20131231 4 2 5
20131231 6 5 3
20140110 4 3 2
20140110 5 2 4
20140110 2 4 5
20140110 3 4 2
20140110 2 3 7
20140110 6 2 5
20140110 9 3 7
20140110 5 1 2
20140110 7 2 1
20140110 9 3 5
20140111 3 1 4
20140111 1 4 6
20140111 3 4 2
20140111 4 2 7
20140111 3 4 7
20140111 3 4 5
20140111 4 2 7
20140111 8 2 6
20140111 3 9 1
20140111 6 2 7
20140112 4 2 3
20140112 7 1 5
20140112 1 5 2
20140112 1 5 3
20140112 1 9 6
20140112 2 9 7
20140112 2 9 1
20140112 1 7 2
20140112 1 2 3
20140112 9 7 4
20140116 3 2 7
20140116 4 1 5
20140116 1 5 4
20140116 4 2 7
20140116 3 5 7
20140116 8 7 1
20140116 2 9 4
20140116 2 4 9
20140116 3 4 1
20140116 3 9 6
20140117 4 2 6
20140117 3 6 7
20140117 5 3 7
20140117 5 2 7
20140117 7 2 4
20140117 2 6 7
20140117 3 5 2
20140117 5 7 1
20140117 3 9 4
20140117 1 5 2
20140118 6 5 4
20140118 1 5 3
20140118 3 6 5
20140118 4 3 2
20140118 2 9 4
20140118 7 5 9
20140118 1 6 5
20140118 2 3 9
20140118 2 1 6
20140118 1 3 5
20140126 5 3 6
20140126 2 5 7
20140126 7 1 4
20140126 2 5 7
20140126 3 1 2
20140126 7 8 4
20140126 7 5 9
20140126 3 2 7
20140126 2 3 5
20140126 7 1 9
20140127 2 7 1
20140127 5 2 4
20140127 2 5 4
20140127 4 2 7
20140127 2 7 4
20140127 5 3 7
20140127 9 2 5
20140127 3 5 2
20140127 1 9 8
20140127 5 2 9
20140128 2 6 1
20140128 3 7 5
20140128 3 7 5
20140128 2 7 5
20140128 1 8 5
20140128 5 3 1
20140128 3 2 7
20140128 8 9 4
20140128 4 3 6
20140128 3 5 2
20140219 3 1 9
20140219 3 8 7
20140219 3 7 5
20140219 7 2 9
20140219 3 7 8
20140219 1 2 7
20140219 1 9 7
20140219 7 4 6
20140219 2 3 5
20140219 8 6 9
20140219 1 8 3
20140220 7 2 8
20140220 7 4 1
20140220 9 3 7
20140220 9 3 5
20140220 5 1 9
20140220 5 2 1
20140220 5 8 2
20140220 5 2 9
20140220 9 3 5
20140220 4 1 7
20140220 1 9 3
20140221 8 4 1
20140221 2 7 4
20140221 2 8 9
20140221 2 5 7
20140221 3 9 7
20140221 3 2 5
20140221 8 2 5
20140221 2 1 5
20140221 1 3 7
20140221 4 9 1
20140221 2 8 5
20140301 9 2 3
20140301 1 4 3
20140301 1 8 5
20140301 3 5 4
20140301 3 5 7
20140301 7 5 8
20140301 5 1 4
20140301 7 1 5
20140301 7 9 4
20140301 1 3 7
20140301 7 2 5
20140302 8 1 4
20140302 8 1 5
20140302 9 1 5
20140302 6 2 7
20140302 3 9 5
20140302 1 9 5
20140302 2 9 3
20140302 3 1 5
20140302 3 2 1
20140302 7 5 8
20140302 9 6 1
20140302 9 2 1
20140303 8 3 1
20140303 7 3 1
20140303 7 3 5
20140303 5 1 2
20140303 3 1 7
20140303 4 1 8
20140303 9 2 6
20140303 1 8 7
20140303 7 3 9
20140303 4 1 9
20140303 1 9 7
20140303 2 9 1
20140315 1 4 5
20140315 7 2 4
20140315 2 1 7
20140315 7 5 1
20140315 2 5 1
20140315 2 9 7
20140315 9 2 1
20140315 5 7 1
20140315 2 7 1
20140315 2 4 9
20140316 3 7 1
20140316 4 5 7
20140316 3 7 1
20140316 1 5 7
20140316 5 3 4
20140316 3 8 2
20140316 2 9 5
20140316 4 3 9
20140316 1 5 7
20140316 8 3 9
20140317 1 7 2
20140317 7 5 4
20140317 5 6 1
20140317 1 5 3
20140317 7 4 1
20140317 1 5 9
20140317 1 9 4
20140317 9 3 8
20140317 3 7 2
20140317 8 2 5
20140402 2 7 3
20140402 1 3 9
20140402 9 1 3
20140402 3 9 5
20140402 2 7 8
20140402 6 2 1
20140402 1 8 4
20140402 2 1 7
20140402 7 2 5
20140402 3 5 7
20140402 1 5 2
20140403 6 5 9
20140403 4 1 2
20140403 3 9 2
20140403 3 4 1
20140403 2 5 3
20140403 2 9 3
20140403 7 9 1
20140403 9 5 8
20140403 9 3 4
20140403 2 1 8
20140403 9 3 5
20140404 7 4 3
20140404 1 5 2
20140404 5 2 1
20140404 5 6 2
20140404 1 3 9
20140404 3 5 2
20140404 2 9 3
20140404 5 3 4
20140404 9 3 1
20140404 3 1 9
20140404 2 1 4
20140413 3 2 4
20140413 1 9 5
20140413 3 7 1
20140413 8 2 9
20140413 5 8 7
20140413 3 7 1
20140413 2 6 4
20140413 3 5 2
20140413 9 2 5
20140413 1 3 9
20140413 2 9 6
20140414 3 2 7
20140414 1 7 9
20140414 2 7 1
20140414 1 5 7
20140414 5 8 2
20140414 3 7 4
20140414 1 7 2
20140414 2 7 1
20140414 9 5 1
20140414 2 6 9
20140414 5 1 7
20140415 3 9 7
20140415 7 3 9
20140415 2 9 3
20140415 7 2 3
20140415 1 7 9
20140415 4 6 2
20140415 5 9 1
20140415 2 3 5
20140415 5 3 4
20140415 3 7 2
20140415 2 8 6
20140609 1 9 3
20140609 2 7 5
20140609 1 2 5
20140609 2 7 1
20140609 2 7 9
20140609 9 2 7
20140609 7 3 5
20140609 2 8 1
20140609 5 6 3
20140609 5 9 1
20140609 2 9 7
20140609 9 2 3
20140610 7 3 1
20140610 5 1 2
20140610 5 1 2
20140610 3 5 7
20140610 1 7 3
20140610 2 7 9
20140610 9 3 2
20140610 3 6 9
20140610 7 2 8
20140610 7 1 8
20140610 8 5 3
20140611 2 4 1
20140611 7 4 2
20140611 9 5 3
20140611 6 3 2
20140611 2 9 6
20140611 4 7 2
20140611 5 2 3
20140611 1 8 6
20140611 7 5 8
20140611 5 3 2
20140611 4 5 6
20140621 9 5 3
20140621 9 1 5
20140621 2 7 8
20140621 3 7 8
20140621 1 9 2
20140621 4 6 2
20140621 9 5 3
20140621 1 9 7
20140621 1 5 9
20140621 1 3 7
20140621 7 3 9
20140621 3 2 9
20140622 1 2 3
20140622 5 8 9
20140622 7 2 3
20140622 9 1 7
20140622 3 1 7
20140622 3 7 1
20140622 1 5 2
20140622 2 5 9
20140622 6 1 9
20140622 9 7 4
20140622 2 9 7
20140622 9 3 8
20140623 9 1 7
20140623 9 2 3
20140623 3 7 5
20140623 3 1 7
20140623 8 7 9
20140623 9 1 7
20140623 5 9 2
20140623 3 8 1
20140623 2 6 8
20140623 3 2 7
20140623 2 1 5
20140623 9 6 5
20140624 1 9 7
20140624 1 2 4
20140624 9 7 3
20140624 2 9 1
20140624 7 2 1
20140624 4 6 5
20140624 1 3 7
20140624 2 3 7
20140624 5 6 1
20140624 3 2 7
20140624 1 4 9
20140624 1 7 9
20141101 2 1 4
20141101 3 1 7
20141101 5 2 1
20141101 1 4 7
20141101 1 3 4
20141101 9 3 2
20141101 2 5 9
20141101 7 3 2
20141101 3 1 7
20141101 2 5 6
20141102 2 4 5
20141102 7 2 3
20141102 4 2 1
20141102 2 7 5
20141102 5 3 4
20141102 6 8 4
20141102 7 1 5
20141102 7 1 3
20141102 4 3 5
20141102 5 1 9
20141103 4 3 7
20141103 3 2 4
20141103 7 1 2
20141103 5 1 2
20141103 3 5 8
20141103 9 2 7
20141103 8 7 5
20141103 3 1 6
20141103 2 1 3
20141103 7 3 1
20141107 3 1 2
20141107 2 1 5
20141107 3 5 1
20141107 1 7 3
20141107 2 5 4
20141107 5 1 6
20141107 1 7 8
20141107 1 7 8
20141107 2 8 6
20141107 1 7 3
20141108 5 3 1
20141108 5 2 7
20141108 1 3 6
20141108 3 5 2
20141108 1 4 7
20141108 3 5 4
20141108 5 1 2
20141108 5 2 4
20141108 3 4 9
20141108 1 9 7
20141109 4 2 3
20141109 5 7 1
20141109 3 5 1
20141109 7 5 6
20141109 3 7 1
20141109 9 7 2
20141109 1 7 5
20141109 2 1 3
20141109 2 5 3
20141109 2 7 5
20141113 7 2 4
20141113 1 4 2
20141113 4 7 2
20141113 7 5 2
20141113 3 1 4
20141113 1 2 3
20141113 2 1 5
20141113 9 5 2
20141113 3 7 9
20141113 5 8 2
20141114 3 6 2
20141114 3 7 2
20141114 5 1 4
20141114 1 7 2
20141114 1 4 2
20141114 8 9 1
20141114 9 7 4
20141114 1 3 2
20141114 1 3 2
20141114 3 9 4
20141115 3 7 5
20141115 1 5 7
20141115 7 4 1
20141115 3 5 1
20141115 9 5 1
20141115 5 1 8
20141115 5 9 1
20141115 9 3 1
20141115 4 7 1
20141115 2 4 9
20141208 3 5 1
20141208 1 5 2
20141208 7 1 5
20141208 5 2 4
20141208 3 7 1
20141208 2 5 9
20141208 1 7 5
20141208 1 3 9
20141208 7 1 8
20141208 1 2 4
20141209 4 5 6
20141209 5 1 4
20141209 2 6 1
20141209 1 2 5
20141209 2 4 5
20141209 3 2 9
20141209 3 7 9
20141209 2 5 7
20141209 3 5 9
20141209 2 5 7
20141210 1 5 2
20141210 3 5 7
20141210 5 4 6
20141210 4 1 2
20141210 9 3 8
20141210 1 9 2
20141210 2 1 5
20141210 2 3 5
20141210 5 3 1
20141210 2 5 7
20141215 1 5 2
20141215 5 3 9
20141215 2 7 3
20141215 3 1 5
20141215 2 1 3
20141215 1 7 3
20141215 1 9 7
20141215 2 1 7
20141215 3 7 4
20141215 4 3 1
20141215 1 4 8
20141216 3 1 7
20141216 1 5 4
20141216 8 3 5
20141216 9 5 7
20141216 5 8 4
20141216 1 8 9
20141216 4 2 9
20141216 9 1 7
20141216 1 7 9
20141216 7 1 9
20141216 7 5 2
20141216 5 2 7
20141217 2 8 3
20141217 1 9 5
20141217 2 5 7
20141217 1 9 2
20141217 9 1 5
20141217 9 3 4
20141217 9 7 1
20141217 5 2 4
20141217 3 5 9
20141217 1 5 2
20141217 2 3 5
20141231 5 9 2
20141231 9 5 2
20141231 2 6 9
20141231 1 5 9
20141231 7 9 1
20141231 9 5 8
20141231 9 8 5
20141231 7 2 1
20141231 3 7 8
20141231 5 9 1
20141231 7 3 9
20141231 7 5 2
20150101 1 5 9
20150101 8 9 5
20150101 3 7 9
20150101 6 1 5
20150101 3 1 4
20150101 7 4 2
20150101 2 5 7
20150101 3 4 7
20150101 7 1 4
20150101 2 3 8
20150101 3 5 7
20150102 3 5 8
20150102 3 1 2
20150102 7 1 2
20150102 1 4 9
20150102 9 7 6
20150102 9 4 1
20150102 7 3 1
20150102 9 7 3
20150102 3 7 8
20150102 1 5 8
20150102 1 3 2
20150106 7 2 1
20150106 5 2 3
20150106 7 5 2
20150106 1 3 7
20150106 2 3 7
20150106 3 9 7
20150106 3 1 9
20150106 1 7 9
20150106 1 7 8
20150106 9 2 5
20150107 7 1 5
20150107 2 5 7
20150107 3 5 7
20150107 5 1 7
20150107 1 4 2
20150107 1 5 2
20150107 7 4 3
20150107 9 7 6
20150107 9 3 2
20150107 7 1 4
20150108 5 1 4
20150108 1 4 7
20150108 4 1 3
20150108 5 1 6
20150108 1 9 2
20150108 2 5 7
20150108 2 1 7
20150108 1 8 4
20150108 3 2 6
20150108 1 5 3
20150131 7 3 2
20150131 2 6 1
20150131 3 5 4
20150131 1 7 3
20150131 3 5 4
20150131 7 2 4
20150131 7 3 2
20150131 9 4 7
20150131 8 1 2
20150131 9 5 7
20150201 3 4 7
20150201 5 7 2
20150201 6 3 4
20150201 7 5 1
20150201 5 4 2
20150201 7 4 3
20150201 1 7 9
20150201 7 1 9
20150201 6 2 1
20150201 1 2 3
20150202 1 5 2
20150202 4 3 1
20150202 2 4 7
20150202 2 7 1
20150202 3 5 6
20150202 2 7 5
20150202 7 4 9
20150202 3 6 4
20150202 7 3 5
20150202 1 4 5
20150223 2 5 3
20150223 2 5 6
20150223 3 5 4
20150223 1 6 3
20150223 1 5 3
20150223 5 9 2
20150223 2 7 4
20150223 1 9 2
20150223 1 7 9
20150223 7 3 8
20150224 1 4 7
20150224 3 5 6
20150224 7 3 1
20150224 4 1 2
20150224 6 2 1
20150224 4 9 6
20150224 5 1 7
20150224 7 3 2
20150224 5 2 3
20150224 3 7 1
20150225 1 6 4
20150225 1 7 4
20150225 3 5 4
20150225 5 1 6
20150225 1 7 4
20150225 2 3 5
20150225 9 1 7
20150225 2 5 1
20150225 2 5 4
20150225 9 3 1
20150301 2 7 3
20150301 5 2 4
20150301 1 4 7
20150301 1 3 7
20150301 2 4 5
20150301 5 1 2
20150301 1 7 3
20150301 5 1 3
20150301 5 2 3
20150301 3 7 8
20150302 4 3 5
20150302 6 2 4
20150302 2 1 5
20150302 4 3 2
20150302 5 7 2
20150302 2 9 4
20150302 7 9 3
20150302 3 4 7
20150302 9 1 5
20150302 5 7 8
20150303 1 4 7
20150303 1 3 5
20150303 5 3 7
20150303 2 6 4
20150303 6 3 7
20150303 5 9 1
20150303 8 9 6
20150303 3 9 5
20150303 2 1 7
20150303 2 4 3
20150309 2 5 7
20150309 2 3 7
20150309 4 7 2
20150309 7 4 2
20150309 1 5 3
20150309 3 9 7
20150309 2 9 1
20150309 7 1 5
20150309 1 2 3
20150309 3 6 4
20150310 1 3 2
20150310 3 5 4
20150310 4 1 7
20150310 5 7 1
20150310 2 4 3
20150310 7 5 1
20150310 9 7 3
20150310 9 2 3
20150310 6 8 4
20150310 7 2 5
20150311 5 2 1
20150311 4 1 5
20150311 6 1 4
20150311 7 1 6
20150311 3 2 1
20150311 5 9 1
20150311 3 9 7
20150311 9 3 7
20150311 2 3 1
20150311 4 5 2
20150311 1 9 5
20150326 5 1 7
20150326 7 4 3
20150326 9 7 1
20150326 7 1 2
20150326 7 2 5
20150326 7 1 4
20150326 2 5 9
20150326 4 2 3
20150326 3 2 1
20150326 2 9 5
20150326 4 8 3
20150327 9 7 1
20150327 7 2 8
20150327 7 3 1
20150327 1 3 9
20150327 4 8 1
20150327 7 1 2
20150327 3 9 8
20150327 2 7 6
20150327 1 5 3
20150327 3 5 1
20150327 3 4 2
20150328 3 8 2
20150328 8 6 7
20150328 2 4 1
20150328 6 5 1
20150328 9 3 7
20150328 3 1 4
20150328 8 2 5
20150328 8 4 5
20150328 7 3 4
20150328 2 9 3
20150328 7 4 6
20150404 1 7 5
20150404 5 7 2
20150404 2 3 1
20150404 7 1 2
20150404 1 5 2
20150404 5 2 8
20150404 5 2 4
20150404 1 2 3
20150404 2 5 1
20150404 3 9 4
20150405 4 1 7
20150405 1 3 5
20150405 5 3 1
20150405 3 4 7
20150405 3 5 2
20150405 1 5 8
20150405 9 3 2
20150405 3 2 1
20150405 3 1 7
20150405 2 9 7
20150406 7 5 1
20150406 3 4 2
20150406 7 3 4
20150406 5 3 6
20150406 2 5 7
20150406 1 7 2
20150406 5 9 1
20150406 2 3 7
20150406 2 4 5
20150406 9 7 2
20150412 3 2 5
20150412 4 3 7
20150412 7 4 1
20150412 4 2 3
20150412 3 7 2
20150412 9 2 7
20150412 5 7 9
20150412 9 7 1
20150412 9 5 3
20150412 7 1 6
20150413 7 3 6
20150413 3 7 1
20150413 3 7 5
20150413 7 2 1
20150413 2 7 3
20150413 3 5 2
20150413 6 3 9
20150413 5 1 8
20150413 2 1 3
20150413 7 1 2
20150413 1 2 5
20150414 5 1 4
20150414 5 4 7
20150414 1 6 7
20150414 1 7 4
20150414 3 7 9
20150414 2 5 9
20150414 7 2 1
20150414 1 4 2
20150414 5 7 4
20150414 2 5 6
20150420 1 7 5
20150420 1 9 7
20150420 2 7 4
20150420 9 3 7
20150420 3 2 7
20150420 3 5 4
20150420 3 7 9
20150420 3 9 7
20150420 2 9 3
20150420 3 9 2
20150420 2 3 5
20150420 3 9 6
20150421 3 8 5
20150421 2 5 6
20150421 3 2 1
20150421 2 9 7
20150421 3 7 2
20150421 2 9 7
20150421 2 9 1
20150421 7 1 3
20150421 9 3 1
20150421 1 2 8
20150421 2 6 9
20150422 3 1 6
20150422 9 7 8
20150422 2 4 8
20150422 1 2 9
20150422 1 7 6
20150422 3 2 1
20150422 5 7 3
20150422 3 9 1
20150422 9 1 4
20150422 7 2 6
20150422 3 9 5
20150501 4 2 3
20150501 6 5 1
20150501 5 3 7
20150501 5 1 7
20150501 1 4 7
20150501 7 3 8
20150501 3 1 4
20150501 2 4 5
20150501 5 1 7
20150501 9 5 4
20150502 4 1 7
20150502 7 1 4
20150502 1 5 3
20150502 1 2 4
20150502 5 3 1
20150502 7 3 9
20150502 5 1 6
20150502 5 7 3
20150502 5 2 7
20150502 4 1 7
20150503 4 2 6
20150503 5 2 1
20150503 4 2 5
20150503 2 1 6
20150503 2 6 3
20150503 7 3 5
20150503 9 3 4
20150503 5 3 2
20150503 1 2 6
20150503 1 6 2
20150503 1 3 7
