20120403 7 5 3
20120403 4 3 5
20120403 1 3 7
20120403 4 7 1
20120403 5 2 4
20120403 9 7 5
20120403 3 1 5
20120403 1 3 7
20120403 9 2 3
20120403 5 2 1
20120403 5 8 7
20120404 7 1 2
20120404 3 7 5
20120404 2 3 5
20120404 5 3 1
20120404 1 5 4
20120404 1 5 8
20120404 9 1 2
20120404 3 9 5
20120404 3 8 2
20120404 1 7 9
20120404 7 2 3
20120405 3 4 2
20120405 4 5 2
20120405 5 2 3
20120405 7 4 1
20120405 5 1 7
20120405 9 3 2
20120405 3 4 1
20120405 3 7 4
20120405 9 1 7
20120405 9 3 5
20120405 9 3 2
20120419 1 7 3
20120419 5 7 9
20120419 7 3 8
20120419 1 9 5
20120419 2 5 7
20120419 7 9 3
20120419 7 2 5
20120419 5 9 2
20120419 3 1 6
20120419 3 4 6
20120419 3 2 9
20120420 3 2 6
20120420 7 3 9
20120420 5 2 1
20120420 7 3 4
20120420 9 1 3
20120420 9 5 3
20120420 1 7 9
20120420 7 2 6
20120420 9 1 5
20120420 5 7 1
20120420 2 8 4
20120421 3 4 8
20120421 9 5 3
20120421 2 1 3
20120421 9 4 1
20120421 1 7 2
20120421 2 7 1
20120421 7 1 3
20120421 3 9 4
20120421 2 3 7
20120421 2 7 6
20120421 7 5 3
20120422 2 7 8
20120422 3 8 4
20120422 6 9 2
20120422 8 3 5
20120422 2 1 4
20120422 7 5 8
20120422 1 7 9
20120422 5 9 2
20120422 7 3 1
20120422 9 3 2
20120422 2 3 8
20120514 2 3 5
20120514 7 2 3
20120514 2 3 4
20120514 3 1 2
20120514 5 1 2
20120514 2 3 7
20120514 7 1 9
20120514 7 2 1
20120514 1 8 7
20120514 2 9 5
20120514 1 9 5
20120514 5 2 4
20120515 2 7 9
20120515 2 3 1
20120515 3 7 9
20120515 2 4 9
20120515 9 1 3
20120515 1 3 7
20120515 2 4 9
20120515 2 6 3
20120515 9 2 1
20120515 2 5 3
20120515 1 5 7
20120515 9 3 7
20120516 4 3 9
20120516 6 1 2
20120516 3 2 5
20120516 9 1 3
20120516 1 5 7
20120516 3 9 5
20120516 2 1 3
20120516 2 5 9
20120516 2 3 9
20120516 3 2 5
20120516 5 2 4
20120516 2 1 4
20120611 1 2 4
20120611 4 7 3
20120611 2 4 1
20120611 3 2 6
20120611 5 3 7
20120611 3 6 8
20120611 7 2 3
20120611 2 1 5
20120611 5 3 7
20120611 3 9 4
20120611 3 5 7
20120612 3 5 2
20120612 7 2 1
20120612 2 3 4
20120612 1 4 3
20120612 5 2 3
20120612 5 9 3
20120612 2 5 3
20120612 8 3 1
20120612 9 1 5
20120612 3 1 4
20120612 1 3 5
20120613 1 6 4
20120613 5 1 3
20120613 3 5 1
20120613 3 5 7
20120613 1 7 2
20120613 3 5 6
20120613 1 9 2
20120613 1 5 4
20120613 9 7 5
20120613 7 3 1
20120613 1 5 3
20120613 8 2 6
20120717 7 2 1
20120717 7 2 3
20120717 6 3 9
20120717 9 3 1
20120717 5 1 3
20120717 5 7 1
20120717 8 2 7
20120717 4 9 5
20120717 7 5 4
20120717 3 5 1
20120717 3 2 9
20120718 2 4 5
20120718 3 9 6
20120718 8 3 5
20120718 1 6 7
20120718 4 7 9
20120718 2 1 5
20120718 3 2 7
20120718 2 9 5
20120718 1 8 5
20120718 1 9 7
20120718 5 2 1
20120719 1 7 5
20120719 5 2 3
20120719 5 2 7
20120719 7 5 4
20120719 7 5 1
20120719 3 6 7
20120719 2 7 3
20120719 2 4 6
20120719 7 3 8
20120719 8 1 4
20120719 3 2 9
20120812 3 5 2
20120812 4 1 2
20120812 2 7 6
20120812 7 1 4
20120812 4 2 7
20120812 1 5 9
20120812 5 2 7
20120812 3 1 9
20120812 9 2 5
20120812 9 3 7
20120812 1 9 6
20120813 5 3 4
20120813 2 7 5
20120813 4 2 1
20120813 2 3 5
20120813 3 2 7
20120813 7 2 8
20120813 2 8 4
20120813 3 5 7
20120813 4 3 5
20120813 2 9 1
20120813 3 7 5
20120814 1 7 2
20120814 7 1 4
20120814 3 5 4
20120814 7 6 1
20120814 1 6 2
20120814 9 6 8
20120814 2 7 3
20120814 2 1 5
20120814 3 9 4
20120814 8 5 2
20120814 9 2 4
20120822 9 1 4
20120822 3 9 7
20120822 5 1 7
20120822 7 8 1
20120822 2 7 1
20120822 7 4 8
20120822 8 7 3
20120822 3 6 2
20120822 1 2 4
20120822 2 5 7
20120822 5 1 3
20120823 3 9 2
20120823 2 9 4
20120823 2 9 5
20120823 5 1 7
20120823 9 3 7
20120823 2 9 1
20120823 2 4 3
20120823 7 9 4
20120823 2 3 1
20120823 2 5 1
20120823 9 5 2
20120824 2 9 8
20120824 7 5 8
20120824 7 4 5
20120824 2 5 9
20120824 1 9 7
20120824 1 7 4
20120824 7 2 3
20120824 2 1 6
20120824 5 7 3
20120824 3 5 1
20120824 9 1 2
20120910 5 1 7
20120910 7 2 4
20120910 5 1 2
20120910 2 4 1
20120910 3 5 7
20120910 9 3 4
20120910 1 3 5
20120910 7 1 2
20120910 9 5 2
20120910 2 7 9
20120910 9 4 7
20120911 2 5 4
20120911 5 2 1
20120911 6 3 1
20120911 5 4 1
20120911 5 7 1
20120911 7 1 3
20120911 5 7 3
20120911 3 2 7
20120911 5 1 9
20120911 9 1 5
20120911 9 2 1
20120912 2 3 5
20120912 1 3 5
20120912 4 3 5
20120912 5 7 1
20120912 1 5 2
20120912 1 2 5
20120912 4 1 5
20120912 1 8 5
20120912 3 1 5
20120912 9 7 3
20120912 3 6 5
20121122 5 2 3
20121122 1 4 2
20121122 3 7 4
20121122 2 4 6
20121122 3 1 7
20121122 2 7 9
20121122 1 2 5
20121122 1 5 2
20121122 5 9 3
20121122 1 9 5
20121122 1 9 5
20121122 9 2 4
20121123 3 1 2
20121123 7 2 3
20121123 2 4 1
20121123 7 3 4
20121123 5 7 1
20121123 3 1 9
20121123 2 1 4
20121123 1 4 9
20121123 7 2 1
20121123 7 4 2
20121123 5 2 9
20121124 4 7 5
20121124 5 2 1
20121124 1 5 7
20121124 1 6 3
20121124 9 3 4
20121124 7 9 3
20121124 1 2 7
20121124 1 7 5
20121124 2 4 1
20121124 1 9 7
20121124 1 9 4
20121126 5 2 6
20121126 4 3 1
20121126 1 2 5
20121126 3 5 6
20121126 2 4 3
20121126 2 9 7
20121126 9 1 3
20121126 3 7 5
20121126 2 9 5
20121126 5 3 9
20121126 3 4 1
20121127 3 2 5
20121127 5 1 3
20121127 5 1 7
20121127 4 7 5
20121127 1 4 3
20121127 2 1 7
20121127 3 9 2
20121127 7 4 2
20121127 6 9 7
20121127 3 1 5
20121127 1 5 9
20121128 5 3 7
20121128 7 1 4
20121128 5 2 3
20121128 3 5 2
20121128 1 3 7
20121128 7 3 8
20121128 7 8 3
20121128 1 3 4
20121128 2 5 1
20121128 1 3 7
20121128 1 5 2
20121128 2 7 1
20121212 1 5 4
20121212 3 7 1
20121212 4 3 7
20121212 4 5 3
20121212 7 4 2
20121212 2 1 3
20121212 9 2 1
20121212 5 2 1
20121212 2 7 1
20121212 7 2 5
20121212 1 9 2
20121213 1 5 3
20121213 5 1 3
20121213 3 2 7
20121213 2 1 4
20121213 7 5 3
20121213 2 9 5
20121213 9 4 3
20121213 3 2 4
20121213 2 1 8
20121213 2 5 4
20121213 1 2 7
20121214 1 2 4
20121214 4 6 2
20121214 3 5 1
20121214 2 7 1
20121214 2 7 3
20121214 3 2 5
20121214 3 5 2
20121214 3 5 9
20121214 2 9 5
20121214 7 1 9
20121214 5 9 4
20121218 1 7 3
20121218 2 9 7
20121218 7 1 9
20121218 5 3 9
20121218 7 2 9
20121218 7 1 5
20121218 9 1 6
20121218 1 9 3
20121218 7 3 9
20121218 2 5 3
20121218 7 2 3
20121219 9 7 2
20121219 2 9 5
20121219 1 2 3
20121219 3 9 2
20121219 4 9 1
20121219 5 1 8
20121219 1 3 7
20121219 7 3 4
20121219 2 3 9
20121219 9 1 2
20121219 1 9 2
20121220 1 5 3
20121220 9 3 4
20121220 3 9 6
20121220 3 7 8
20121220 2 8 3
20121220 2 1 4
20121220 9 8 1
20121220 2 1 4
20121220 1 7 3
20121220 3 2 1
20121220 7 1 9
20130116 3 5 7
20130116 3 2 7
20130116 5 4 1
20130116 7 1 3
20130116 5 2 1
20130116 1 3 7
20130116 1 8 7
20130116 1 5 3
20130116 6 3 4
20130116 3 1 8
20130116 3 2 4
20130117 2 1 7
20130117 7 3 5
20130117 3 2 7
20130117 1 5 6
20130117 1 4 3
20130117 9 3 1
20130117 7 3 6
20130117 3 2 7
20130117 3 7 2
20130117 1 5 6
20130117 9 3 1
20130117 9 3 1
20130118 3 7 4
20130118 5 1 6
20130118 7 6 5
20130118 1 3 7
20130118 5 3 1
20130118 5 7 1
20130118 2 7 1
20130118 6 5 2
20130118 1 8 3
20130118 5 1 7
20130118 1 3 8
20130124 2 5 4
20130124 4 2 7
20130124 6 2 5
20130124 4 1 7
20130124 5 3 7
20130124 8 1 2
20130124 3 5 8
20130124 6 9 1
20130124 1 9 2
20130124 9 3 5
20130124 2 4 3
20130125 2 4 5
20130125 7 4 2
20130125 1 4 7
20130125 3 5 2
20130125 3 7 4
20130125 9 2 1
20130125 1 9 3
20130125 9 1 3
20130125 3 9 7
20130125 1 2 5
20130125 9 2 1
20130125 7 6 1
20130126 2 1 5
20130126 5 2 4
20130126 7 5 2
20130126 1 5 7
20130126 9 3 6
20130126 2 4 8
20130126 1 3 2
20130126 6 4 7
20130126 6 2 5
20130126 1 7 9
20130126 2 6 1
20130221 3 4 1
20130221 1 4 5
20130221 1 3 6
20130221 7 3 4
20130221 1 3 7
20130221 2 7 5
20130221 1 7 2
20130221 3 1 7
20130221 9 2 5
20130221 5 1 3
20130221 9 7 8
20130222 7 1 4
20130222 7 1 2
20130222 3 7 1
20130222 1 3 4
20130222 6 2 7
20130222 3 5 2
20130222 9 7 3
20130222 3 2 5
20130222 4 1 3
20130222 3 2 1
20130222 9 3 7
20130223 3 2 7
20130223 7 1 3
20130223 2 7 5
20130223 2 4 6
20130223 8 1 6
20130223 7 3 5
20130223 1 4 5
20130223 2 7 9
20130223 7 2 9
20130223 7 3 2
20130223 9 1 6
20130223 1 6 2
20130316 5 1 2
20130316 7 4 3
20130316 8 5 1
20130316 5 8 7
20130316 3 5 9
20130316 3 7 1
20130316 9 3 6
20130316 3 7 8
20130316 3 5 7
20130316 8 3 4
20130316 4 1 7
20130317 9 2 5
20130317 9 7 1
20130317 3 7 2
20130317 9 3 6
20130317 9 2 7
20130317 5 1 7
20130317 3 7 8
20130317 2 4 1
20130317 7 5 1
20130317 9 1 3
20130317 3 6 9
20130318 9 7 5
20130318 3 7 9
20130318 1 7 5
20130318 1 3 7
20130318 7 1 3
20130318 8 2 1
20130318 5 9 3
20130318 6 7 1
20130318 1 5 9
20130318 9 5 1
20130318 1 9 3
20130325 1 3 6
20130325 5 1 2
20130325 5 2 3
20130325 5 2 4
20130325 3 4 6
20130325 9 7 3
20130325 1 9 3
20130325 3 5 9
20130325 1 5 7
20130325 9 2 7
20130325 9 4 3
20130326 5 4 2
20130326 2 4 1
20130326 7 2 4
20130326 3 7 1
20130326 2 3 4
20130326 2 9 5
20130326 4 7 3
20130326 3 6 2
20130326 8 5 2
20130326 9 1 2
20130326 1 7 9
20130327 2 4 7
20130327 1 5 4
20130327 1 5 3
20130327 2 6 7
20130327 1 7 3
20130327 3 6 9
20130327 4 1 3
20130327 1 5 2
20130327 2 9 6
20130327 2 9 7
20130327 3 5 6
20130329 1 7 2
20130329 1 7 5
20130329 3 1 4
20130329 1 7 3
20130329 5 7 1
20130329 9 1 2
20130329 2 1 5
20130329 9 2 4
20130329 1 2 6
20130329 1 7 3
20130329 2 7 9
20130330 5 1 4
20130330 2 3 1
20130330 3 2 6
20130330 2 4 7
20130330 7 2 4
20130330 5 2 8
20130330 2 9 4
20130330 1 3 2
20130330 4 2 3
20130330 9 1 7
20130330 5 1 9
20130331 3 5 7
20130331 3 5 4
20130331 2 3 4
20130331 5 7 3
20130331 1 7 5
20130331 8 7 3
20130331 3 5 1
20130331 6 8 3
20130331 3 5 9
20130331 9 1 5
20130331 1 4 9
20130413 3 2 9
20130413 2 7 9
20130413 7 4 3
20130413 2 9 5
20130413 2 1 5
20130413 9 1 6
20130413 1 5 3
20130413 9 7 4
20130413 3 7 1
20130413 7 3 1
20130413 7 4 6
20130413 3 5 6
20130414 2 4 7
20130414 1 8 2
20130414 2 9 4
20130414 5 7 1
20130414 3 7 5
20130414 1 2 3
20130414 2 7 3
20130414 1 6 9
20130414 2 7 9
20130414 5 1 8
20130414 5 3 2
20130415 2 1 3
20130415 9 1 4
20130415 2 7 3
20130415 7 1 9
20130415 2 1 4
20130415 3 5 8
20130415 7 5 9
20130415 2 4 8
20130415 2 7 3
20130415 7 9 5
20130415 5 9 8
20130416 6 9 3
20130416 2 4 7
20130416 9 1 7
20130416 3 8 6
20130416 2 4 7
20130416 5 1 4
20130416 3 8 5
20130416 1 7 9
20130416 1 7 2
20130416 2 1 7
20130416 3 2 1
20130422 7 1 4
20130422 2 4 6
20130422 2 3 5
20130422 4 2 3
20130422 3 4 7
20130422 7 2 9
20130422 7 3 2
20130422 3 2 9
20130422 5 2 1
20130422 9 2 5
20130423 4 3 7
20130423 1 2 5
20130423 3 1 7
20130423 2 5 1
20130423 2 4 3
20130423 3 9 1
20130423 9 6 3
20130423 3 2 7
20130423 1 7 5
20130423 2 3 9
20130424 3 4 6
20130424 4 5 1
20130424 1 5 7
20130424 7 3 5
20130424 2 5 3
20130424 2 9 7
20130424 1 3 5
20130424 9 6 1
20130424 7 1 2
20130424 1 3 4
20130520 2 3 1
20130520 7 9 5
20130520 5 1 2
20130520 2 9 1
20130520 9 1 8
20130520 5 2 9
20130520 7 4 2
20130520 1 5 6
20130520 3 7 9
20130520 9 3 4
20130520 1 4 9
20130521 3 8 7
20130521 5 3 9
20130521 3 7 5
20130521 9 1 3
20130521 5 1 2
20130521 7 3 9
20130521 7 3 2
20130521 2 1 3
20130521 7 2 5
20130521 3 6 4
20130521 3 2 9
20130522 5 1 2
20130522 8 5 1
20130522 9 3 8
20130522 2 1 7
20130522 7 1 4
20130522 4 2 6
20130522 2 3 4
20130522 4 2 8
20130522 3 1 9
20130522 3 1 5
20130522 3 2 5
20130619 3 9 2
20130619 2 9 4
20130619 5 2 7
20130619 5 2 3
20130619 7 1 5
20130619 3 1 9
20130619 3 5 1
20130619 9 4 2
20130619 1 4 6
20130619 9 3 5
20130619 2 4 7
20130620 2 9 3
20130620 9 5 2
20130620 4 7 8
20130620 2 9 4
20130620 3 5 4
20130620 1 5 7
20130620 1 2 4
20130620 7 5 1
20130620 1 5 3
20130620 2 9 5
20130620 9 7 1
20130621 9 7 1
20130621 1 4 3
20130621 2 1 3
20130621 2 1 5
20130621 9 1 2
20130621 5 2 7
20130621 2 1 4
20130621 3 5 8
20130621 2 9 3
20130621 1 5 3
20130621 5 7 1
20130719 1 7 2
20130719 1 7 2
20130719 3 1 5
20130719 3 5 6
20130719 3 2 5
20130719 5 2 1
20130719 1 3 9
20130719 2 3 6
20130719 3 1 5
20130719 3 7 4
20130720 2 1 3
20130720 5 3 2
20130720 2 6 4
20130720 2 5 3
20130720 1 7 4
20130720 3 5 8
20130720 1 4 2
20130720 9 3 7
20130720 3 9 6
20130720 5 2 7
20130729 4 7 1
20130729 4 1 6
20130729 1 4 7
20130729 1 7 2
20130729 4 2 7
20130729 5 2 9
20130729 7 3 9
20130729 4 3 7
20130729 9 5 7
20130729 9 2 6
20130730 5 7 3
20130730 5 2 6
20130730 3 1 2
20130730 7 2 3
20130730 1 2 5
20130730 7 4 5
20130730 5 1 6
20130730 7 9 4
20130730 3 2 9
20130730 5 2 9
20130731 5 2 4
20130731 7 1 4
20130731 5 4 3
20130731 3 2 7
20130731 1 2 7
20130731 6 5 1
20130731 5 1 4
20130731 1 8 3
20130731 2 9 5
20130731 1 5 3
20130815 3 1 6
20130815 1 7 2
20130815 4 5 6
20130815 1 4 5
20130815 7 6 1
20130815 9 3 6
20130815 1 7 9
20130815 2 5 7
20130815 2 9 1
20130815 5 2 9
20130816 2 7 4
20130816 2 7 1
20130816 3 5 7
20130816 5 4 3
20130816 1 5 4
20130816 9 3 4
20130816 5 3 9
20130816 9 1 8
20130816 1 2 6
20130816 5 2 1
20130817 5 6 1
20130817 7 4 2
20130817 6 3 1
20130817 1 3 6
20130817 7 9 1
20130817 5 6 9
20130817 3 7 4
20130817 9 1 2
20130817 4 6 5
20130817 7 9 5
20130831 2 3 5
20130831 2 7 5
20130831 7 5 6
20130831 3 5 1
20130831 3 5 4
20130831 5 2 8
20130831 9 2 1
20130831 3 9 2
20130831 9 3 4
20130831 9 7 5
20130901 7 5 6
20130901 3 5 4
20130901 5 4 3
20130901 4 1 7
20130901 2 5 4
20130901 9 5 8
20130901 7 1 9
20130901 3 9 2
20130901 2 5 8
20130901 3 7 2
20130902 1 5 7
20130902 4 2 7
20130902 3 5 4
20130902 6 3 7
20130902 2 3 4
20130902 2 7 3
20130902 2 7 3
20130902 2 9 7
20130902 7 1 4
20130902 1 2 5
20130928 2 1 4
20130928 7 1 4
20130928 7 5 1
20130928 3 4 2
20130928 1 3 7
20130928 5 6 1
20130928 1 6 2
20130928 1 9 5
20130928 2 9 1
20130928 8 4 6
20131002 5 2 1
20131002 3 2 1
20131002 1 9 3
20131002 1 5 9
20131002 2 7 3
20131002 9 3 7
20131002 9 3 5
20131002 1 5 7
20131002 2 9 4
20131002 3 1 4
20131002 3 9 6
20131003 2 5 9
20131003 5 3 6
20131003 3 5 2
20131003 7 3 1
20131003 8 3 4
20131003 9 5 4
20131003 1 7 9
20131003 5 3 2
20131003 1 3 9
20131003 7 9 1
20131003 9 3 1
20131004 1 7 5
20131004 9 3 7
20131004 5 1 2
20131004 5 2 1
20131004 4 7 2
20131004 5 2 9
20131004 3 5 2
20131004 7 5 2
20131004 3 1 4
20131004 1 2 8
20131004 8 7 9
20131004 2 8 7
20131021 2 5 3
20131021 4 3 7
20131021 1 2 7
20131021 5 3 7
20131021 5 3 6
20131021 9 3 1
20131021 7 2 9
20131021 3 9 1
20131021 9 3 7
20131021 6 1 9
20131022 5 2 1
20131022 4 1 5
20131022 2 3 1
20131022 1 7 3
20131022 4 7 2
20131022 3 1 5
20131022 2 4 5
20131022 2 1 8
20131022 3 2 7
20131022 1 4 5
20131023 6 1 5
20131023 7 2 4
20131023 5 7 4
20131023 7 3 5
20131023 2 5 9
20131023 9 3 6
20131023 7 2 4
20131023 1 3 9
20131023 5 1 9
20131023 1 8 7
20131106 5 3 2
20131106 3 7 1
20131106 4 2 1
20131106 7 2 4
20131106 2 4 1
20131106 2 7 6
20131106 5 3 2
20131106 3 7 9
20131106 9 3 2
20131106 9 1 5
20131107 4 5 3
20131107 4 3 5
20131107 1 5 7
20131107 3 5 4
20131107 5 1 6
20131107 7 4 2
20131107 8 3 1
20131107 9 4 1
20131107 7 1 2
20131107 3 2 9
20131108 3 7 1
20131108 2 5 3
20131108 1 5 2
20131108 7 1 2
20131108 7 3 9
20131108 3 5 1
20131108 2 7 4
20131108 1 3 7
20131108 1 5 3
20131108 2 7 9
20131125 9 7 3
20131125 1 2 7
20131125 7 9 1
20131125 7 4 3
20131125 2 1 5
20131125 9 4 5
20131125 1 4 3
20131125 3 5 2
20131125 9 4 2
20131125 1 5 2
20131125 3 7 1
20131126 7 2 3
20131126 6 5 4
20131126 3 8 2
20131126 1 7 2
20131126 3 7 9
20131126 7 1 9
20131126 9 5 3
20131126 2 3 5
20131126 2 9 5
20131126 9 1 8
20131126 7 1 4
20131127 9 6 2
20131127 1 3 2
20131127 3 5 9
20131127 4 7 6
20131127 2 9 5
20131127 7 1 3
20131127 2 5 9
20131127 4 2 7
20131127 1 4 7
20131127 3 4 5
20131127 1 2 3
20131210 3 1 7
20131210 5 2 7
20131210 1 7 5
20131210 1 4 7
20131210 3 5 1
20131210 5 8 3
20131210 1 8 7
20131210 3 9 7
20131210 9 3 4
20131210 1 5 7
20131211 3 4 5
20131211 7 5 2
20131211 5 7 4
20131211 3 6 4
20131211 1 5 3
20131211 7 3 1
20131211 2 5 8
20131211 3 9 1
20131211 6 9 2
20131211 3 7 2
20131212 7 1 5
20131212 7 4 2
20131212 5 2 7
20131212 5 3 2
20131212 7 1 8
20131212 9 6 2
20131212 7 5 3
20131212 4 3 8
20131212 9 2 3
20131212 9 5 7
20140104 1 5 7
20140104 3 5 4
20140104 4 3 2
20140104 4 3 1
20140104 2 5 6
20140104 1 9 5
20140104 9 2 5
20140104 1 7 5
20140104 1 4 2
20140104 9 8 6
20140105 7 4 2
20140105 3 5 7
20140105 7 5 3
20140105 3 7 1
20140105 1 3 4
20140105 7 3 6
20140105 3 5 2
20140105 3 2 1
20140105 2 5 3
20140105 3 7 2
20140106 7 4 3
20140106 7 5 2
20140106 3 7 5
20140106 4 7 1
20140106 3 1 6
20140106 5 3 6
20140106 4 1 3
20140106 9 3 6
20140106 1 5 7
20140106 4 7 3
20140204 2 1 7
20140204 9 2 1
20140204 5 1 2
20140204 9 4 2
20140204 9 3 1
20140204 6 5 7
20140204 7 6 3
20140204 9 7 5
20140204 2 9 1
20140204 4 3 7
20140204 1 5 8
20140205 9 4 5
20140205 8 1 4
20140205 5 9 3
20140205 4 9 5
20140205 2 9 5
20140205 1 9 4
20140205 6 1 7
20140205 3 7 9
20140205 1 5 9
20140205 7 2 3
20140205 8 9 3
20140206 7 3 4
20140206 7 5 8
20140206 9 1 3
20140206 2 3 6
20140206 5 3 6
20140206 2 6 4
20140206 5 9 2
20140206 1 3 5
20140206 5 1 8
20140206 2 8 6
20140206 9 2 5
20140304 3 4 7
20140304 3 7 5
20140304 1 4 7
20140304 7 4 2
20140304 5 3 4
20140304 4 3 1
20140304 9 5 7
20140304 3 5 1
20140304 7 9 2
20140304 9 3 2
20140305 1 2 4
20140305 6 3 2
20140305 6 2 3
20140305 1 6 5
20140305 1 7 4
20140305 9 3 4
20140305 3 9 1
20140305 7 1 2
20140305 5 2 9
20140305 1 9 2
20140306 1 4 3
20140306 1 3 5
20140306 4 2 3
20140306 1 2 5
20140306 2 1 9
20140306 5 7 9
20140306 7 1 4
20140306 2 9 5
20140306 2 5 8
20140306 1 7 3
20140312 2 3 7
20140312 3 7 2
20140312 5 2 1
20140312 7 4 3
20140312 5 2 4
20140312 1 9 7
20140312 7 1 9
20140312 7 1 9
20140312 1 4 5
20140312 5 7 8
20140313 3 4 2
20140313 4 5 2
20140313 3 4 1
20140313 7 4 2
20140313 5 2 1
20140313 2 9 3
20140313 3 9 5
20140313 1 4 2
20140313 1 5 7
20140313 1 5 2
20140314 5 2 3
20140314 1 5 7
20140314 7 3 5
20140314 3 2 5
20140314 7 3 4
20140314 1 7 8
20140314 1 5 3
20140314 7 1 5
20140314 1 2 6
20140314 2 1 9
20140403 2 4 1
20140403 5 1 2
20140403 3 7 5
20140403 6 4 1
20140403 5 3 1
20140403 7 2 3
20140403 2 5 4
20140403 5 8 1
20140403 5 7 9
20140403 7 9 1
20140404 7 5 1
20140404 3 5 2
20140404 3 1 6
20140404 1 2 4
20140404 5 3 2
20140404 5 7 3
20140404 1 5 8
20140404 3 7 4
20140404 4 3 1
20140404 2 9 5
20140405 2 7 3
20140405 7 1 3
20140405 5 4 1
20140405 3 7 1
20140405 2 3 8
20140405 5 1 7
20140405 3 1 2
20140405 3 1 9
20140405 9 1 6
20140405 2 7 4
20140417 5 1 9
20140417 2 7 9
20140417 1 9 5
20140417 5 2 9
20140417 3 4 2
20140417 9 3 1
20140417 9 3 5
20140417 9 4 3
20140417 1 7 2
20140417 7 3 1
20140417 3 6 2
20140417 2 9 3
20140417 9 7 3
20140418 9 1 5
20140418 5 1 7
20140418 7 2 3
20140418 7 3 9
20140418 3 1 7
20140418 5 6 1
20140418 5 2 8
20140418 1 7 5
20140418 7 2 1
20140418 1 3 5
20140418 1 9 2
20140418 9 4 7
20140419 3 2 5
20140419 1 2 7
20140419 3 5 9
20140419 9 2 7
20140419 5 8 4
20140419 9 3 1
20140419 2 9 3
20140419 1 9 4
20140419 3 4 5
20140419 1 3 5
20140419 5 3 1
20140419 9 5 1
20140420 9 4 3
20140420 2 9 6
20140420 2 3 9
20140420 1 9 6
20140420 7 1 9
20140420 1 7 5
20140420 1 7 3
20140420 5 1 2
20140420 1 7 2
20140420 3 7 2
20140420 3 9 4
20140508 1 2 7
20140508 4 1 5
20140508 2 7 5
20140508 3 7 4
20140508 1 7 3
20140508 5 1 9
20140508 9 7 8
20140508 7 3 2
20140508 2 5 9
20140508 1 2 5
20140509 1 5 3
20140509 1 2 3
20140509 2 7 3
20140509 5 7 6
20140509 3 1 7
20140509 7 8 5
20140509 7 8 9
20140509 2 3 9
20140509 9 1 5
20140509 2 9 1
20140510 1 7 5
20140510 3 7 6
20140510 1 4 2
20140510 3 5 4
20140510 5 3 2
20140510 3 5 1
20140510 2 5 9
20140510 3 2 1
20140510 5 4 1
20140510 9 3 2
20140514 7 2 8
20140514 1 5 4
20140514 1 7 4
20140514 2 9 7
20140514 9 2 7
20140514 2 3 7
20140514 7 3 4
20140514 8 9 7
20140514 5 9 1
20140514 2 9 8
20140514 2 7 5
20140514 9 3 5
20140515 1 2 8
20140515 3 5 7
20140515 5 1 7
20140515 9 2 7
20140515 7 3 2
20140515 7 5 2
20140515 2 1 6
20140515 4 3 8
20140515 7 1 2
20140515 8 3 9
20140515 1 5 3
20140515 1 8 2
20140516 1 3 5
20140516 5 1 6
20140516 2 9 1
20140516 7 9 8
20140516 3 1 4
20140516 2 5 9
20140516 7 1 9
20140516 1 3 7
20140516 3 9 4
20140516 1 3 4
20140516 3 5 4
20140516 1 2 8
20140602 4 7 5
20140602 4 7 5
20140602 3 1 6
20140602 1 7 2
20140602 5 2 1
20140602 1 3 9
20140602 1 9 3
20140602 1 7 2
20140602 1 7 9
20140602 7 1 9
20140603 5 7 2
20140603 1 5 6
20140603 7 3 5
20140603 1 2 5
20140603 1 6 7
20140603 5 2 9
20140603 1 5 2
20140603 2 9 7
20140603 1 2 3
20140603 1 8 6
20140604 2 4 6
20140604 4 7 2
20140604 4 7 1
20140604 2 5 3
20140604 9 1 5
20140604 3 7 6
20140604 7 5 1
20140604 2 4 1
20140604 9 1 6
20140604 9 3 7
20140616 5 1 7
20140616 3 9 7
20140616 1 2 9
20140616 1 8 3
20140616 5 2 1
20140616 2 4 9
20140616 7 4 3
20140616 1 2 9
20140616 3 9 7
20140616 5 2 8
20140616 5 2 7
20140617 2 7 3
20140617 7 2 4
20140617 3 6 7
20140617 7 3 1
20140617 9 2 7
20140617 7 1 2
20140617 4 2 3
20140617 7 2 8
20140617 2 3 6
20140617 1 5 9
20140617 1 3 2
20140618 1 7 9
20140618 1 9 4
20140618 1 5 2
20140618 3 1 8
20140618 3 5 8
20140618 8 7 2
20140618 7 8 1
20140618 2 1 5
20140618 1 4 2
20140618 8 5 1
20140618 3 9 4
20140714 1 5 3
20140714 3 7 1
20140714 1 7 4
20140714 3 4 5
20140714 5 4 2
20140714 1 7 5
20140714 4 2 7
20140714 3 9 1
20140714 7 5 1
20140714 3 5 6
20140715 7 3 4
20140715 2 7 5
20140715 4 1 2
20140715 1 7 3
20140715 7 5 2
20140715 2 6 9
20140715 9 5 3
20140715 3 5 9
20140715 9 5 3
20140715 1 5 2
20140716 7 5 3
20140716 1 5 4
20140716 2 5 3
20140716 4 1 6
20140716 4 7 1
20140716 1 7 4
20140716 2 5 1
20140716 3 8 5
20140716 5 2 7
20140716 5 3 4
20140804 1 5 6
20140804 2 5 1
20140804 9 1 3
20140804 3 7 1
20140804 7 1 6
20140804 2 5 6
20140804 8 4 9
20140804 9 7 4
20140804 5 2 9
20140804 2 9 1
20140804 3 9 4
20140805 8 9 1
20140805 3 1 5
20140805 8 4 1
20140805 4 3 9
20140805 3 7 5
20140805 7 2 6
20140805 5 9 2
20140805 7 1 5
20140805 8 7 1
20140805 3 2 5
20140805 7 1 5
20140806 2 5 7
20140806 3 7 9
20140806 5 1 8
20140806 9 1 3
20140806 8 2 9
20140806 1 8 6
20140806 3 9 2
20140806 9 5 8
20140806 1 6 9
20140806 4 5 1
20140806 5 2 9
20140901 7 3 4
20140901 1 6 7
20140901 4 5 7
20140901 1 7 4
20140901 1 7 5
20140901 5 2 3
20140901 5 7 2
20140901 7 5 3
20140901 9 7 2
20140901 2 9 7
20140902 7 1 4
20140902 3 2 7
20140902 1 5 7
20140902 3 5 1
20140902 4 5 7
20140902 7 9 1
20140902 4 2 1
20140902 1 7 3
20140902 5 9 4
20140902 2 5 8
20140903 1 3 4
20140903 4 1 7
20140903 1 7 2
20140903 1 5 3
20140903 5 4 2
20140903 7 5 1
20140903 5 2 4
20140903 2 3 1
20140903 7 5 1
20140903 1 7 5
20141006 5 1 8
20141006 5 7 1
20141006 2 9 6
20141006 7 1 4
20141006 3 9 5
20141006 3 8 7
20141006 5 7 3
20141006 3 5 2
20141006 7 5 8
20141006 9 1 7
20141006 1 9 5
20141007 3 9 8
20141007 6 7 3
20141007 5 9 4
20141007 7 2 4
20141007 1 6 7
20141007 1 7 6
20141007 5 7 2
20141007 9 1 4
20141007 5 2 9
20141007 5 2 8
20141007 7 3 1
20141007 7 3 2
20141007 1 7 9
20141008 7 4 9
20141008 2 5 8
20141008 3 8 5
20141008 7 3 4
20141008 1 5 3
20141008 3 5 6
20141008 7 9 8
20141008 2 8 6
20141008 1 5 8
20141008 4 3 6
20141008 9 3 5
20141018 1 2 7
20141018 5 7 1
20141018 3 1 4
20141018 5 2 3
20141018 4 2 5
20141018 1 7 4
20141018 3 7 4
20141018 2 1 5
20141018 7 2 9
20141018 7 1 3
20141018 9 3 1
20141018 2 9 5
20141019 2 6 4
20141019 3 4 7
20141019 5 1 7
20141019 1 7 2
20141019 7 6 3
20141019 1 6 2
20141019 5 6 3
20141019 3 1 7
20141019 3 5 7
20141019 8 7 5
20141019 1 3 9
20141019 6 2 5
20141020 1 4 3
20141020 4 1 5
20141020 7 4 3
20141020 1 7 4
20141020 4 1 3
20141020 4 9 1
20141020 1 7 4
20141020 7 1 6
20141020 1 9 2
20141020 2 5 1
20141020 5 4 6
20141020 3 1 5
20141117 5 1 3
20141117 1 4 7
20141117 4 1 7
20141117 2 4 7
20141117 5 2 1
20141117 2 8 5
20141117 2 8 9
20141117 1 7 3
20141117 3 7 2
20141117 1 5 9
20141117 9 3 5
20141118 2 3 5
20141118 7 5 3
20141118 2 4 3
20141118 4 7 2
20141118 3 1 7
20141118 5 1 3
20141118 7 9 2
20141118 1 7 2
20141118 7 9 1
20141118 3 5 7
20141119 3 7 4
20141119 1 5 4
20141119 5 2 7
20141119 1 4 5
20141119 7 5 8
20141119 2 1 4
20141119 4 3 7
20141119 2 9 3
20141119 1 5 6
20141119 3 9 2
20150110 3 5 7
20150110 3 7 1
20150110 1 7 2
20150110 6 3 5
20150110 1 5 4
20150110 1 9 2
20150110 5 3 9
20150110 3 7 8
20150110 2 5 8
20150110 4 1 3
20150111 3 4 1
20150111 2 5 4
20150111 4 3 2
20150111 2 4 5
20150111 7 3 2
20150111 6 5 2
20150111 2 7 5
20150111 1 7 4
20150111 4 9 3
20150111 9 2 7
20150112 5 2 3
20150112 1 7 5
20150112 7 1 3
20150112 5 1 7
20150112 1 7 2
20150112 1 2 5
20150112 1 3 5
20150112 7 1 9
20150112 5 1 7
20150112 1 2 5
20150209 7 1 4
20150209 4 5 1
20150209 2 4 7
20150209 2 5 3
20150209 4 1 7
20150209 7 1 9
20150209 1 5 9
20150209 8 3 1
20150209 8 3 4
20150209 2 9 5
20150209 1 4 7
20150210 5 4 3
20150210 4 2 1
20150210 7 2 4
20150210 2 4 7
20150210 2 7 5
20150210 4 6 8
20150210 3 1 2
20150210 9 1 2
20150210 3 5 2
20150210 9 7 1
20150211 3 1 2
20150211 3 7 5
20150211 1 5 7
20150211 5 6 1
20150211 9 3 8
20150211 3 8 4
20150211 2 7 3
20150211 1 9 5
20150211 9 1 5
20150211 3 7 5
20150311 9 3 1
20150311 9 2 4
20150311 7 2 3
20150311 1 7 5
20150311 7 1 3
20150311 8 1 3
20150311 1 5 3
20150311 8 9 2
20150311 4 7 5
20150311 4 3 2
20150311 9 1 5
20150312 7 3 1
20150312 3 2 7
20150312 1 7 9
20150312 9 3 1
20150312 7 4 5
20150312 1 2 5
20150312 7 5 4
20150312 5 7 4
20150312 2 5 1
20150312 1 9 7
20150312 2 9 5
20150313 7 2 4
20150313 1 7 8
20150313 2 5 4
20150313 5 1 3
20150313 5 2 3
20150313 5 2 1
20150313 7 5 9
20150313 3 5 7
20150313 3 4 1
20150313 6 9 7
20150313 3 6 4
20150326 5 7 3
20150326 1 2 7
20150326 1 4 7
20150326 1 7 5
20150326 2 7 5
20150326 7 2 9
20150326 7 3 9
20150326 1 7 5
20150326 2 5 1
20150326 2 9 4
20150327 4 7 6
20150327 4 5 3
20150327 1 5 4
20150327 4 6 3
20150327 7 1 4
20150327 7 5 4
20150327 2 9 7
20150327 2 7 5
20150327 1 3 2
20150327 7 1 8
20150328 1 7 4
20150328 5 2 4
20150328 1 4 5
20150328 7 4 6
20150328 1 5 7
20150328 5 1 3
20150328 4 1 7
20150328 1 4 5
20150328 4 2 9
20150328 2 8 1
20150423 1 5 4
20150423 3 5 1
20150423 5 1 6
20150423 5 2 4
20150423 3 7 1
20150423 5 4 1
20150423 9 1 7
20150423 7 5 8
20150423 2 1 5
20150423 6 9 8
20150424 1 4 2
20150424 7 6 1
20150424 4 2 7
20150424 7 5 4
20150424 4 5 7
20150424 7 1 3
20150424 1 7 5
20150424 9 4 5
20150424 1 3 2
20150424 2 4 9
20150425 4 2 5
20150425 3 1 2
20150425 5 3 1
20150425 7 4 3
20150425 9 1 8
20150425 5 8 2
20150425 7 2 5
20150425 6 2 5
20150425 9 1 2
20150425 1 7 5
20150519 5 9 2
20150519 5 2 1
20150519 2 5 1
20150519 2 9 1
20150519 7 1 8
20150519 1 5 9
20150519 2 7 8
20150519 1 2 4
20150519 9 7 5
20150519 1 5 9
20150519 7 1 3
20150520 5 1 2
20150520 9 5 1
20150520 1 2 9
20150520 9 1 8
20150520 9 3 2
20150520 9 5 2
20150520 2 3 4
20150520 9 1 3
20150520 3 8 9
20150520 1 9 5
20150520 3 8 5
20150521 3 2 7
20150521 4 1 7
20150521 7 5 8
20150521 1 3 9
20150521 3 9 2
20150521 1 9 3
20150521 1 7 9
20150521 1 5 9
20150521 3 8 4
20150521 9 3 1
20150521 5 9 1
20150530 1 7 2
20150530 1 4 9
20150530 7 3 5
20150530 7 1 2
20150530 3 7 5
20150530 3 5 9
20150530 4 7 3
20150530 2 5 1
20150530 1 9 5
20150530 1 2 7
20150530 3 1 5
20150530 1 6 8
20150531 9 6 3
20150531 7 1 8
20150531 9 7 3
20150531 7 3 1
20150531 1 5 2
20150531 2 1 9
20150531 7 3 5
20150531 3 9 1
20150531 3 9 7
20150531 1 5 7
20150531 7 6 1
20150531 3 1 9
20150601 4 6 1
20150601 7 8 3
20150601 1 9 3
20150601 3 1 5
20150601 2 5 7
20150601 7 1 5
20150601 7 5 1
20150601 1 3 9
20150601 5 9 2
20150601 2 5 3
20150601 3 1 9
20150601 7 1 5
20150602 7 4 1
20150602 1 2 8
20150602 7 2 3
20150602 3 7 5
20150602 1 7 9
20150602 7 1 4
20150602 1 5 9
20150602 7 9 3
20150602 2 8 5
20150602 2 8 5
20150602 7 3 4
20150606 7 1 6
20150606 1 4 2
20150606 4 1 2
20150606 3 5 4
20150606 2 7 4
20150606 7 3 1
20150606 3 5 4
20150606 7 1 3
20150606 2 3 9
20150606 3 9 5
20150606 1 9 5
20150606 9 3 7
20150606 1 7 4
20150607 5 3 7
20150607 5 3 7
20150607 4 5 1
20150607 4 3 2
20150607 2 4 5
20150607 7 3 4
20150607 5 3 6
20150607 9 7 3
20150607 4 1 6
20150607 9 1 3
20150607 1 2 7
20150607 4 5 9
20150608 2 5 1
20150608 7 1 2
20150608 2 6 4
20150608 2 5 6
20150608 1 6 3
20150608 7 2 9
20150608 3 1 9
20150608 9 5 7
20150608 9 1 5
20150608 1 4 3
20150608 2 1 3
20150608 6 7 9
