20111222 1 7 5
20111222 1 4 7
20111222 4 2 1
20111222 4 8 6
20111222 5 2 4
20111222 2 1 9
20111222 3 1 4
20111222 9 7 1
20111222 5 3 8
20111222 3 1 6
20111222 3 1 8
20111223 3 1 2
20111223 2 7 3
20111223 2 4 3
20111223 1 2 8
20111223 3 5 9
20111223 2 5 3
20111223 1 5 9
20111223 5 7 8
20111223 7 2 3
20111223 1 6 4
20111223 1 3 5
20111223 5 9 1
20111224 2 4 6
20111224 7 2 3
20111224 6 3 2
20111224 5 2 3
20111224 1 2 9
20111224 7 3 9
20111224 7 2 3
20111224 6 4 3
20111224 6 9 3
20111224 3 2 9
20111224 5 6 8
20111224 7 1 9
20111225 1 4 6
20111225 1 3 7
20111225 4 3 1
20111225 3 9 6
20111225 3 6 7
20111225 5 3 7
20111225 2 5 7
20111225 7 2 4
20111225 2 7 3
20111225 5 1 7
20111225 1 7 3
20121004 5 7 4
20121004 3 5 2
20121004 4 1 3
20121004 3 4 2
20121004 5 7 2
20121004 9 2 1
20121004 5 9 3
20121004 5 2 1
20121004 7 2 6
20121004 1 5 2
20121004 7 3 4
20121005 7 2 5
20121005 4 1 7
20121005 5 4 3
20121005 1 7 5
20121005 7 2 3
20121005 1 6 8
20121005 2 7 1
20121005 5 1 2
20121005 1 7 3
20121005 3 2 1
20121005 2 6 1
20121006 2 7 3
20121006 3 7 5
20121006 5 2 3
20121006 5 2 1
20121006 5 9 3
20121006 7 3 9
20121006 1 5 7
20121006 2 4 9
20121006 7 2 1
20121006 3 5 1
20121006 2 4 9
20121010 3 5 2
20121010 4 2 3
20121010 3 2 7
20121010 7 1 3
20121010 5 2 3
20121010 8 5 2
20121010 1 9 7
20121010 2 8 5
20121010 3 9 2
20121010 1 5 2
20121010 7 2 4
20121011 2 3 5
20121011 3 5 7
20121011 3 5 2
20121011 3 5 6
20121011 2 7 4
20121011 9 7 2
20121011 3 7 1
20121011 2 7 4
20121011 9 1 7
20121011 4 2 9
20121011 1 7 9
20121012 7 1 5
20121012 3 4 2
20121012 4 1 7
20121012 3 7 5
20121012 1 2 5
20121012 3 9 2
20121012 5 2 7
20121012 3 5 7
20121012 3 5 8
20121012 5 1 8
20121012 5 9 1
20121023 2 1 5
20121023 5 1 2
20121023 2 4 3
20121023 4 1 5
20121023 7 3 1
20121023 9 2 7
20121023 1 9 3
20121023 3 5 1
20121023 9 2 3
20121023 9 3 1
20121023 3 4 7
20121024 4 5 2
20121024 1 4 3
20121024 1 3 6
20121024 7 5 2
20121024 3 4 1
20121024 1 5 8
20121024 5 2 7
20121024 6 9 3
20121024 9 3 1
20121024 1 7 9
20121024 2 9 4
20121025 4 3 5
20121025 5 2 7
20121025 4 2 3
20121025 3 2 7
20121025 7 4 2
20121025 5 2 3
20121025 7 2 1
20121025 2 7 3
20121025 7 3 5
20121025 7 1 9
20121025 9 1 5
20121108 7 4 5
20121108 1 7 3
20121108 5 4 2
20121108 2 4 1
20121108 5 7 4
20121108 9 3 2
20121108 1 5 7
20121108 5 7 3
20121108 2 4 3
20121108 7 9 1
20121108 3 5 8
20121109 1 7 4
20121109 7 3 4
20121109 4 3 1
20121109 7 1 3
20121109 7 4 3
20121109 7 2 4
20121109 7 9 2
20121109 7 2 1
20121109 2 7 5
20121109 9 2 7
20121109 5 9 3
20121110 3 5 7
20121110 1 4 7
20121110 1 3 5
20121110 1 3 4
20121110 8 2 3
20121110 5 3 2
20121110 3 4 1
20121110 6 3 1
20121110 2 1 9
20121110 2 5 7
20121110 9 8 1
20121208 1 7 2
20121208 9 3 6
20121208 3 7 4
20121208 9 1 2
20121208 5 3 6
20121208 7 2 1
20121208 9 1 4
20121208 5 7 2
20121208 3 2 4
20121208 5 1 9
20121208 3 8 7
20121209 7 2 3
20121209 7 3 2
20121209 5 3 7
20121209 9 8 1
20121209 5 9 2
20121209 3 9 4
20121209 1 3 7
20121209 9 6 2
20121209 3 1 5
20121209 1 7 8
20121209 1 8 2
20121210 7 6 3
20121210 9 3 4
20121210 7 9 3
20121210 9 7 3
20121210 1 7 5
20121210 2 8 5
20121210 4 8 2
20121210 3 5 2
20121210 7 1 3
20121210 4 7 6
20121210 5 3 2
20121210 7 9 1
20121211 2 9 6
20121211 1 5 3
20121211 5 1 3
20121211 1 5 6
20121211 1 6 2
20121211 4 1 9
20121211 9 3 6
20121211 2 3 8
20121211 2 9 7
20121211 2 7 9
20121211 1 5 7
20121211 9 5 1
20121226 2 4 7
20121226 2 7 4
20121226 7 1 6
20121226 2 4 6
20121226 3 5 2
20121226 5 9 7
20121226 1 5 7
20121226 5 3 1
20121226 7 4 2
20121226 3 9 1
20121226 7 3 5
20121227 1 5 4
20121227 1 3 6
20121227 4 1 3
20121227 2 5 7
20121227 5 3 2
20121227 9 1 6
20121227 1 4 7
20121227 7 9 3
20121227 5 1 9
20121227 2 3 7
20121227 1 7 5
20121228 6 3 1
20121228 5 1 4
20121228 1 5 4
20121228 1 5 7
20121228 7 3 9
20121228 3 9 6
20121228 7 3 2
20121228 5 3 9
20121228 7 5 2
20121228 9 1 6
20121228 7 1 2
20130102 7 1 2
20130102 9 1 7
20130102 9 4 3
20130102 9 2 6
20130102 7 6 1
20130102 7 3 4
20130102 9 2 1
20130102 3 8 9
20130102 5 3 1
20130102 7 9 5
20130102 3 2 5
20130103 7 8 3
20130103 8 2 6
20130103 1 7 3
20130103 1 2 3
20130103 9 3 7
20130103 2 9 3
20130103 5 2 1
20130103 9 2 6
20130103 1 2 7
20130103 5 1 9
20130103 7 1 4
20130104 3 2 5
20130104 5 7 3
20130104 5 3 2
20130104 3 5 1
20130104 5 3 9
20130104 7 4 3
20130104 8 1 4
20130104 8 1 7
20130104 4 2 3
20130104 2 5 1
20130104 1 5 6
20130104 5 1 2
20130110 5 7 1
20130110 7 1 3
20130110 4 3 2
20130110 7 4 5
20130110 2 4 7
20130110 2 9 5
20130110 5 7 2
20130110 2 5 3
20130110 5 3 7
20130110 2 9 7
20130110 8 6 9
20130111 5 1 6
20130111 3 5 1
20130111 7 3 6
20130111 5 1 2
20130111 4 1 3
20130111 6 2 5
20130111 4 1 6
20130111 3 8 2
20130111 1 5 7
20130111 7 2 3
20130111 7 3 1
20130112 7 5 3
20130112 4 1 7
20130112 5 7 3
20130112 2 5 6
20130112 5 9 3
20130112 9 1 5
20130112 2 1 7
20130112 3 5 2
20130112 1 3 8
20130112 4 1 7
20130112 2 4 3
20130215 1 7 2
20130215 5 7 2
20130215 3 5 4
20130215 5 1 3
20130215 3 5 1
20130215 2 6 3
20130215 7 9 1
20130215 6 1 2
20130215 6 1 4
20130215 2 9 7
20130215 2 7 5
20130216 7 3 5
20130216 1 4 7
20130216 7 1 4
20130216 3 7 4
20130216 9 7 5
20130216 9 5 1
20130216 9 1 2
20130216 5 3 9
20130216 2 9 7
20130216 6 5 7
20130216 3 7 2
20130305 7 4 3
20130305 3 4 1
20130305 1 7 5
20130305 2 3 4
20130305 3 6 2
20130305 1 8 2
20130305 7 9 3
20130305 3 7 6
20130305 2 9 3
20130305 3 6 8
20130305 2 3 8
20130306 1 3 4
20130306 1 5 7
20130306 1 5 2
20130306 2 7 4
20130306 7 1 4
20130306 2 1 9
20130306 1 3 9
20130306 3 2 1
20130306 7 4 3
20130306 2 1 7
20130306 2 1 8
20130306 2 7 8
20130307 7 4 6
20130307 4 7 3
20130307 1 3 7
20130307 1 7 6
20130307 2 7 1
20130307 1 2 8
20130307 1 8 9
20130307 2 5 3
20130307 5 1 9
20130307 7 1 5
20130307 7 1 9
20130402 5 7 3
20130402 2 4 3
20130402 3 5 1
20130402 4 1 2
20130402 3 7 5
20130402 5 1 7
20130402 7 2 4
20130402 9 2 5
20130402 7 2 4
20130402 7 2 8
20130403 5 2 4
20130403 3 5 4
20130403 1 5 7
20130403 5 1 2
20130403 7 2 1
20130403 9 2 3
20130403 9 7 1
20130403 2 1 3
20130403 2 1 9
20130403 2 5 1
20130404 7 1 2
20130404 5 2 1
20130404 3 5 2
20130404 5 3 1
20130404 7 1 3
20130404 9 3 1
20130404 3 9 2
20130404 5 1 7
20130404 3 4 1
20130404 7 4 8
20130418 5 1 2
20130418 7 3 2
20130418 1 4 2
20130418 1 4 7
20130418 7 2 5
20130418 9 2 5
20130418 1 7 3
20130418 7 1 2
20130418 1 3 4
20130418 3 1 4
20130418 3 8 6
20130419 4 7 2
20130419 5 7 4
20130419 1 5 6
20130419 1 3 7
20130419 2 6 4
20130419 9 3 6
20130419 7 9 3
20130419 2 9 7
20130419 2 5 6
20130419 9 7 2
20130420 3 7 4
20130420 2 4 1
20130420 6 4 2
20130420 1 5 7
20130420 1 7 8
20130420 6 3 9
20130420 2 9 5
20130420 4 2 6
20130420 3 2 4
20130420 5 7 3
20130430 3 7 5
20130430 2 5 7
20130430 3 4 2
20130430 7 5 3
20130430 3 4 5
20130430 2 9 7
20130430 7 1 2
20130430 1 9 5
20130430 1 5 3
20130430 6 9 2
20130501 7 2 3
20130501 4 1 7
20130501 5 2 3
20130501 1 5 2
20130501 3 7 2
20130501 9 2 3
20130501 9 7 8
20130501 2 1 6
20130501 2 3 5
20130501 5 7 3
20130502 4 5 1
20130502 3 2 5
20130502 6 5 1
20130502 5 4 2
20130502 7 9 2
20130502 2 1 3
20130502 7 2 9
20130502 8 1 3
20130502 4 7 1
20130502 4 7 5
20130502 1 9 2
20130515 2 5 3
20130515 2 5 3
20130515 4 5 3
20130515 4 3 7
20130515 4 2 6
20130515 2 9 5
20130515 9 4 2
20130515 2 9 3
20130515 2 7 5
20130515 4 7 2
20130516 3 2 5
20130516 5 2 3
20130516 3 5 1
20130516 3 4 1
20130516 4 2 7
20130516 4 1 6
20130516 3 9 4
20130516 2 3 9
20130516 5 3 1
20130516 1 9 5
20130517 5 2 1
20130517 1 4 2
20130517 5 3 1
20130517 2 4 1
20130517 7 1 4
20130517 2 7 1
20130517 7 9 3
20130517 5 1 3
20130517 3 6 4
20130517 2 9 5
20130603 1 5 4
20130603 4 5 2
20130603 5 1 2
20130603 3 7 1
20130603 5 1 4
20130603 1 9 3
20130603 9 1 3
20130603 3 7 6
20130603 9 1 3
20130603 1 9 4
20130603 3 5 9
20130604 5 4 1
20130604 7 4 2
20130604 3 7 2
20130604 4 2 5
20130604 2 3 7
20130604 7 2 5
20130604 1 7 5
20130604 7 9 1
20130604 3 7 9
20130604 7 3 1
20130605 5 2 4
20130605 5 2 4
20130605 5 1 4
20130605 4 5 7
20130605 1 5 7
20130605 7 5 9
20130605 1 8 5
20130605 1 3 2
20130605 1 4 7
20130605 2 5 1
20130704 1 2 4
20130704 2 4 7
20130704 1 3 2
20130704 3 5 7
20130704 1 2 7
20130704 5 7 2
20130704 2 1 5
20130704 2 3 4
20130704 7 2 3
20130704 9 1 8
20130705 7 1 3
20130705 1 5 4
20130705 5 4 3
20130705 4 1 2
20130705 5 4 2
20130705 7 4 9
20130705 7 3 2
20130705 7 2 9
20130705 2 9 4
20130705 7 2 1
20130706 1 6 4
20130706 5 2 4
20130706 1 5 3
20130706 4 1 5
20130706 4 2 3
20130706 9 1 7
20130706 3 1 5
20130706 1 9 5
20130706 6 1 2
20130706 9 1 2
20130710 2 1 3
20130710 3 2 5
20130710 7 3 6
20130710 4 5 3
20130710 2 7 1
20130710 2 5 3
20130710 5 2 4
20130710 5 1 6
20130710 7 1 9
20130710 5 3 6
20130711 3 5 1
20130711 7 5 1
20130711 7 1 5
20130711 7 5 1
20130711 7 4 5
20130711 6 5 3
20130711 9 3 7
20130711 1 2 9
20130711 3 4 8
20130711 1 3 2
20130711 9 7 5
20130808 2 7 4
20130808 3 7 6
20130808 3 2 7
20130808 2 1 5
20130808 1 3 5
20130808 3 7 2
20130808 5 2 1
20130808 1 2 9
20130808 2 3 8
20130808 7 2 1
20130809 3 5 2
20130809 1 2 5
20130809 3 7 5
20130809 1 6 2
20130809 5 3 2
20130809 4 1 3
20130809 2 4 3
20130809 2 7 3
20130809 9 2 3
20130809 3 5 1
20130810 4 1 2
20130810 5 1 4
20130810 4 7 1
20130810 5 4 3
20130810 1 7 5
20130810 1 2 9
20130810 9 8 4
20130810 2 6 4
20130810 2 3 4
20130810 9 2 4
20130904 7 2 4
20130904 7 1 3
20130904 5 3 7
20130904 1 7 5
20130904 3 5 2
20130904 8 5 9
20130904 7 2 9
20130904 1 7 4
20130904 4 9 2
20130904 3 1 5
20130904 1 9 7
20130905 8 2 9
20130905 4 9 7
20130905 9 1 5
20130905 5 9 1
20130905 5 3 1
20130905 9 5 1
20130905 7 2 4
20130905 1 5 3
20130905 6 4 5
20130905 2 4 3
20130905 1 7 8
20130906 3 1 4
20130906 5 2 7
20130906 3 5 1
20130906 1 4 5
20130906 1 9 7
20130906 5 7 2
20130906 1 5 4
20130906 1 5 3
20130906 1 9 4
20130906 1 6 4
20130906 1 2 3
20131205 7 4 2
20131205 3 1 5
20131205 1 7 6
20131205 5 2 7
20131205 4 2 7
20131205 1 7 9
20131205 7 2 8
20131205 8 2 1
20131205 3 9 4
20131206 5 2 4
20131206 1 5 3
20131206 7 1 4
20131206 7 2 4
20131206 5 2 4
20131206 9 5 1
20131206 9 7 1
20131206 2 3 1
20131206 5 2 8
20131206 3 1 7
20131207 2 7 4
20131207 6 3 4
20131207 1 3 4
20131207 3 5 2
20131207 8 5 7
20131207 3 2 5
20131207 2 8 3
20131207 9 4 1
20131207 2 1 4
20131207 3 4 9
20131213 5 1 2
20131213 2 5 4
20131213 1 5 8
20131213 5 3 6
20131213 4 5 2
20131213 4 5 7
20131213 9 2 5
20131213 7 2 5
20131213 1 9 3
20131213 5 4 1
20131213 5 2 7
20131213 7 2 9
20131214 1 8 2
20131214 1 7 9
20131214 6 8 3
20131214 6 9 5
20131214 2 7 5
20131214 7 1 9
20131214 7 5 9
20131214 2 1 5
20131214 2 7 1
20131214 2 9 5
20131214 9 1 6
20131215 5 3 1
20131215 2 3 5
20131215 2 1 5
20131215 5 9 1
20131215 9 7 5
20131215 2 3 4
20131215 3 1 4
20131215 2 7 9
20131215 3 2 4
20131215 1 3 7
20131215 1 7 9
20131216 7 3 2
20131216 3 2 5
20131216 3 7 4
20131216 2 7 1
20131216 2 8 1
20131216 8 5 1
20131216 7 8 5
20131216 5 1 4
20131216 9 6 2
20131216 2 6 9
20131216 5 1 8
20140213 5 4 1
20140213 1 7 4
20140213 1 5 2
20140213 2 5 4
20140213 1 6 5
20140213 7 9 2
20140213 3 7 9
20140213 7 1 9
20140213 3 9 2
20140213 1 3 4
20140214 5 2 4
20140214 1 3 7
20140214 7 5 3
20140214 5 1 4
20140214 2 3 4
20140214 9 3 5
20140214 5 2 8
20140214 2 7 8
20140214 1 5 7
20140214 7 1 3
20140215 1 4 3
20140215 5 3 4
20140215 7 4 3
20140215 3 6 1
20140215 9 1 4
20140215 3 6 5
20140215 8 3 6
20140215 9 7 1
20140215 4 2 6
20140215 4 6 2
20140215 1 9 4
20140220 4 1 7
20140220 1 3 6
20140220 1 5 2
20140220 2 5 1
20140220 3 4 5
20140220 1 5 9
20140220 7 2 1
20140220 2 4 9
20140220 5 2 3
20140220 5 6 7
20140221 5 3 1
20140221 7 2 1
20140221 7 5 3
20140221 3 5 2
20140221 4 1 3
20140221 2 8 5
20140221 4 5 7
20140221 4 7 9
20140221 1 3 9
20140221 5 1 6
20140222 4 7 6
20140222 2 5 7
20140222 2 1 7
20140222 7 2 3
20140222 1 3 7
20140222 9 2 7
20140222 2 7 3
20140222 2 1 4
20140222 2 1 5
20140222 1 4 5
20140228 1 4 3
20140228 2 5 7
20140228 4 3 5
20140228 1 5 2
20140228 5 3 1
20140228 1 3 4
20140228 7 1 3
20140228 1 9 7
20140228 1 7 5
20140228 8 4 5
20140301 4 3 1
20140301 7 3 6
20140301 2 1 6
20140301 1 5 6
20140301 7 2 4
20140301 9 4 8
20140301 5 2 1
20140301 5 1 7
20140301 1 9 2
20140301 1 4 5
20140302 5 6 1
20140302 1 2 7
20140302 2 7 3
20140302 2 5 6
20140302 3 1 4
20140302 9 3 5
20140302 5 2 7
20140302 1 4 7
20140302 3 2 7
20140302 3 2 5
20140315 7 9 1
20140315 7 2 8
20140315 9 2 5
20140315 2 5 1
20140315 2 7 6
20140315 3 6 1
20140315 5 3 4
20140315 7 1 2
20140315 2 7 5
20140315 5 2 1
20140315 3 2 7
20140316 9 1 4
20140316 9 4 1
20140316 5 8 1
20140316 4 7 1
20140316 7 1 4
20140316 9 2 5
20140316 2 5 8
20140316 5 2 3
20140316 1 9 7
20140316 9 7 1
20140316 2 4 7
20140316 7 1 4
20140317 9 2 1
20140317 4 1 6
20140317 7 3 6
20140317 1 2 9
20140317 3 4 9
20140317 2 7 4
20140317 9 7 5
20140317 3 1 4
20140317 2 7 1
20140317 3 7 1
20140317 3 7 6
20140328 1 4 2
20140328 1 7 2
20140328 2 4 1
20140328 3 1 5
20140328 4 1 2
20140328 3 6 9
20140328 7 1 4
20140328 5 2 7
20140328 9 5 2
20140328 2 9 5
20140329 6 4 7
20140329 7 1 5
20140329 5 3 2
20140329 5 1 7
20140329 1 4 5
20140329 8 4 5
20140329 7 1 2
20140329 3 5 7
20140329 7 1 3
20140329 7 1 9
20140330 5 7 3
20140330 5 1 7
20140330 2 6 4
20140330 6 2 1
20140330 1 7 2
20140330 5 7 8
20140330 5 1 2
20140330 5 2 1
20140330 5 1 3
20140330 3 1 7
20140423 2 7 6
20140423 5 2 4
20140423 4 2 7
20140423 5 4 3
20140423 1 4 5
20140423 2 5 1
20140423 3 7 2
20140423 7 1 5
20140423 3 8 4
20140423 9 5 3
20140424 4 7 1
20140424 2 4 3
20140424 7 4 5
20140424 5 1 7
20140424 7 1 5
20140424 2 9 3
20140424 1 3 9
20140424 5 1 3
20140424 5 3 2
20140424 9 4 7
20140425 5 2 4
20140425 3 5 2
20140425 1 7 5
20140425 7 3 4
20140425 7 3 5
20140425 3 1 4
20140425 5 9 1
20140425 9 2 3
20140425 3 1 5
20140425 7 2 4
20140502 1 7 2
20140502 3 1 4
20140502 5 2 3
20140502 1 6 4
20140502 5 2 4
20140502 9 2 4
20140502 2 4 7
20140502 2 5 9
20140502 9 1 5
20140502 9 6 1
20140503 1 5 3
20140503 5 1 7
20140503 2 5 7
20140503 2 1 7
20140503 7 5 3
20140503 3 5 8
20140503 1 7 6
20140503 5 2 6
20140503 3 2 7
20140503 3 5 9
20140504 4 3 7
20140504 5 3 1
20140504 5 3 7
20140504 4 3 6
20140504 3 7 4
20140504 3 5 2
20140504 3 9 6
20140504 5 3 7
20140504 5 3 1
20140504 2 5 8
20140529 1 7 4
20140529 3 5 2
20140529 3 4 5
20140529 2 4 1
20140529 4 3 1
20140529 5 4 6
20140529 7 1 3
20140529 9 5 3
20140529 5 3 2
20140529 9 3 6
20140529 1 6 9
20140529 6 7 8
20140530 1 2 7
20140530 7 4 2
20140530 7 3 5
20140530 4 1 5
20140530 3 7 1
20140530 3 7 2
20140530 4 3 2
20140530 7 2 1
20140530 5 4 7
20140530 3 5 9
20140530 7 1 5
20140530 2 1 7
20140531 7 1 4
20140531 7 2 3
20140531 2 7 1
20140531 7 3 5
20140531 1 2 5
20140531 7 1 2
20140531 3 1 7
20140531 8 5 7
20140531 1 7 4
20140531 3 1 7
20140531 2 3 1
20140531 1 3 9
20140625 6 7 1
20140625 2 1 5
20140625 5 3 4
20140625 2 5 4
20140625 1 7 4
20140625 2 5 1
20140625 7 1 2
20140625 1 7 9
20140625 1 5 7
20140625 8 2 1
20140626 7 2 1
20140626 7 2 3
20140626 7 1 6
20140626 4 2 7
20140626 5 2 6
20140626 6 1 3
20140626 2 1 7
20140626 2 7 5
20140626 3 6 9
20140626 1 2 7
20140627 5 3 2
20140627 5 4 7
20140627 3 4 6
20140627 7 4 1
20140627 9 2 5
20140627 2 8 1
20140627 1 5 4
20140627 2 1 3
20140627 2 7 9
20140723 7 2 6
20140723 5 1 3
20140723 3 1 5
20140723 4 2 6
20140723 5 3 4
20140723 5 1 3
20140723 4 3 6
20140723 7 9 3
20140723 9 1 5
20140723 3 5 1
20140724 7 2 4
20140724 4 2 7
20140724 4 3 7
20140724 1 4 5
20140724 1 7 4
20140724 3 1 9
20140724 3 2 5
20140724 5 3 8
20140724 1 9 2
20140724 9 2 3
20140725 4 7 3
20140725 4 1 6
20140725 2 1 7
20140725 3 7 4
20140725 3 6 9
20140725 5 1 7
20140725 2 5 7
20140725 2 9 1
20140725 3 5 4
20140725 4 2 7
20140818 1 3 5
20140818 9 7 5
20140818 9 1 4
20140818 6 7 5
20140818 9 2 3
20140818 4 7 8
20140818 3 1 5
20140818 9 1 3
20140818 7 3 1
20140818 1 9 7
20140818 9 1 3
20140819 3 5 9
20140819 6 7 8
20140819 8 2 1
20140819 5 2 8
20140819 2 1 7
20140819 1 2 6
20140819 3 6 4
20140819 5 9 3
20140819 7 3 5
20140819 9 1 7
20140819 5 1 3
20140820 7 2 9
20140820 2 4 5
20140820 9 2 8
20140820 4 5 7
20140820 3 4 9
20140820 3 9 6
20140820 2 9 1
20140820 2 3 8
20140820 3 4 7
20140820 6 2 5
20140820 2 4 8
20140825 3 1 7
20140825 3 2 7
20140825 7 4 5
20140825 3 5 7
20140825 7 2 4
20140825 2 9 7
20140825 9 1 7
20140825 7 1 9
20140825 9 2 7
20140825 3 1 9
20140826 2 5 4
20140826 5 7 2
20140826 4 3 7
20140826 1 7 6
20140826 7 2 5
20140826 9 8 2
20140826 4 5 1
20140826 9 2 5
20140826 3 1 2
20140826 7 1 3
20140827 7 2 1
20140827 4 1 7
20140827 1 5 7
20140827 7 3 4
20140827 3 8 4
20140827 1 9 7
20140827 1 7 3
20140827 2 5 8
20140827 4 5 1
20140827 1 6 9
20140908 1 2 5
20140908 5 2 4
20140908 1 4 2
20140908 3 2 7
20140908 4 2 3
20140908 9 7 2
20140908 3 7 5
20140908 2 3 1
20140908 1 4 7
20140908 3 8 1
20140909 5 1 4
20140909 3 1 7
20140909 7 1 6
20140909 1 6 2
20140909 1 4 6
20140909 3 4 2
20140909 3 6 8
20140909 8 3 5
20140909 9 3 2
20140909 7 3 2
20140910 1 7 2
20140910 1 7 3
20140910 3 7 4
20140910 3 6 1
20140910 9 1 7
20140910 3 8 5
20140910 9 2 8
20140910 9 7 3
20140910 3 1 2
20140910 8 1 3
20140925 1 5 3
20140925 1 5 7
20140925 2 5 3
20140925 5 4 2
20140925 7 1 5
20140925 2 5 3
20140925 7 1 3
20140925 5 7 8
20140925 3 7 2
20140925 3 7 9
20140925 1 7 9
20140925 1 5 7
20140926 2 7 5
20140926 4 7 1
20140926 7 1 5
20140926 3 5 4
20140926 5 1 2
20140926 5 6 1
20140926 4 2 6
20140926 5 3 9
20140926 2 7 1
20140926 5 9 7
20140926 3 7 9
20140926 7 3 9
20140927 3 5 2
20140927 1 4 7
20140927 1 4 3
20140927 2 7 4
20140927 2 3 5
20140927 3 2 6
20140927 3 2 9
20140927 2 1 3
20140927 9 1 8
20140927 5 1 7
20140927 2 7 4
20140927 6 1 5
20141002 1 2 4
20141002 3 4 2
20141002 7 2 5
20141002 5 3 1
20141002 2 4 3
20141002 5 3 7
20141002 3 9 5
20141002 2 4 7
20141002 7 5 3
20141002 1 2 4
20141003 3 7 5
20141003 2 4 5
20141003 2 5 4
20141003 1 7 6
20141003 3 5 7
20141003 5 3 8
20141003 5 9 4
20141003 9 3 1
20141003 2 1 5
20141003 7 5 1
20141004 2 4 1
20141004 2 5 3
20141004 7 5 2
20141004 3 7 2
20141004 1 7 2
20141004 3 5 9
20141004 9 2 8
20141004 9 8 2
20141004 1 7 3
20141004 1 7 5
20141004 2 8 7
20141022 9 5 3
20141022 3 1 2
20141022 2 7 1
20141022 5 7 9
20141022 7 5 9
20141022 7 1 5
20141022 3 8 1
20141022 1 5 7
20141022 9 7 2
20141022 3 1 9
20141022 3 7 9
20141022 1 5 7
20141023 9 4 3
20141023 1 5 9
20141023 9 7 8
20141023 5 1 7
20141023 3 6 5
20141023 1 9 5
20141023 9 1 8
20141023 5 3 1
20141023 1 4 5
20141023 7 1 8
20141023 1 9 4
20141024 1 7 2
20141024 5 7 3
20141024 7 3 9
20141024 5 1 6
20141024 9 3 1
20141024 7 9 1
20141024 5 7 9
20141024 1 5 3
20141024 3 9 2
20141024 2 4 7
20141024 1 9 2
20141128 3 7 5
20141128 4 5 6
20141128 3 2 5
20141128 1 5 4
20141128 3 7 2
20141128 2 5 7
20141128 7 4 6
20141128 2 7 5
20141128 7 1 5
20141128 9 2 5
20141128 1 5 7
20141128 8 1 9
20141129 5 1 2
20141129 1 5 4
20141129 5 4 3
20141129 5 2 3
20141129 5 3 4
20141129 7 3 1
20141129 4 2 3
20141129 5 1 9
20141129 5 8 9
20141129 1 2 8
20141129 3 4 1
20141129 1 2 3
20141130 1 4 7
20141130 3 4 7
20141130 6 2 7
20141130 1 7 3
20141130 1 7 5
20141130 7 6 1
20141130 2 4 3
20141130 5 8 2
20141130 9 1 2
20141130 1 5 6
20141130 1 3 4
20141130 3 7 4
20141130 4 2 5
20141205 1 7 3
20141205 7 3 1
20141205 4 5 2
20141205 7 5 3
20141205 5 4 7
20141205 7 3 5
20141205 1 7 4
20141205 2 9 8
20141205 1 7 3
20141205 1 7 8
20141206 4 5 2
20141206 1 4 7
20141206 5 3 7
20141206 1 6 3
20141206 1 4 5
20141206 3 5 9
20141206 4 8 3
20141206 2 4 7
20141206 1 5 9
20141206 1 7 2
20141207 1 4 5
20141207 3 4 5
20141207 3 2 7
20141207 2 1 6
20141207 8 4 1
20141207 2 9 7
20141207 5 2 3
20141207 9 7 5
20141207 7 1 5
20141207 1 5 2
20141220 9 1 7
20141220 9 2 3
20141220 5 1 7
20141220 7 2 8
20141220 2 9 5
20141220 5 9 2
20141220 1 3 8
20141220 7 9 1
20141220 5 1 3
20141220 3 5 8
20141220 2 1 8
20141220 5 2 9
20141221 3 2 7
20141221 4 2 7
20141221 2 1 4
20141221 1 5 7
20141221 9 2 3
20141221 9 1 5
20141221 1 3 6
20141221 1 7 9
20141221 1 9 4
20141221 3 5 2
20141221 3 2 1
20141221 1 7 3
20141222 1 4 3
20141222 2 7 6
20141222 8 3 2
20141222 8 3 5
20141222 1 5 4
20141222 1 5 4
20141222 5 1 9
20141222 1 7 2
20141222 5 4 2
20141222 7 9 1
20141222 2 9 8
20141222 2 1 3
20141222 5 1 7
20141223 2 9 3
20141223 1 5 3
20141223 9 3 2
20141223 3 8 7
20141223 1 3 7
20141223 5 9 2
20141223 7 9 2
20141223 5 2 1
20141223 4 3 5
20141223 2 1 6
20141223 7 5 2
20141223 2 3 9
20150104 1 7 4
20150104 4 1 7
20150104 1 6 5
20150104 1 5 6
20150104 5 2 7
20150104 5 2 7
20150104 3 1 4
20150104 7 1 9
20150104 9 1 3
20150104 6 3 9
20150105 2 7 4
20150105 1 6 5
20150105 4 7 1
20150105 1 6 5
20150105 4 7 5
20150105 3 9 1
20150105 3 5 1
20150105 2 9 5
20150105 9 2 5
20150105 1 2 5
20150106 6 5 7
20150106 5 3 6
20150106 5 2 4
20150106 1 5 4
20150106 1 7 6
20150106 9 7 8
20150106 4 3 2
20150106 3 8 7
20150106 7 1 6
20150106 6 7 1
20150128 4 1 7
20150128 7 5 2
20150128 3 7 5
20150128 3 1 6
20150128 1 3 2
20150128 3 7 9
20150128 2 8 1
20150128 1 4 6
20150128 1 5 9
20150128 4 7 3
20150129 1 7 3
20150129 7 4 3
20150129 2 7 5
20150129 4 6 5
20150129 1 5 6
20150129 9 2 1
20150129 9 5 2
20150129 9 2 1
20150129 5 3 1
20150129 9 5 1
20150130 5 3 2
20150130 5 1 7
20150130 2 3 1
20150130 7 5 6
20150130 1 7 2
20150130 7 2 4
20150130 2 8 9
20150130 1 4 8
20150130 5 2 4
20150130 7 3 1
20150216 2 7 5
20150216 1 5 4
20150216 2 7 6
20150216 5 7 2
20150216 1 4 3
20150216 9 1 3
20150216 2 7 1
20150216 7 3 6
20150216 2 9 5
20150216 5 3 6
20150217 1 7 4
20150217 7 1 4
20150217 1 4 6
20150217 7 1 4
20150217 4 5 3
20150217 5 2 9
20150217 8 2 6
20150217 8 1 7
20150217 1 7 2
20150217 2 1 5
20150218 7 6 2
20150218 3 2 7
20150218 5 4 3
20150218 1 6 5
20150218 1 7 3
20150218 6 8 5
20150218 7 6 3
20150218 5 1 7
20150218 5 1 6
20150218 5 1 7
20150304 1 5 3
20150304 4 1 6
20150304 7 5 1
20150304 7 4 1
20150304 2 4 3
20150304 7 1 5
20150304 5 6 7
20150304 5 6 2
20150304 5 8 1
20150304 8 3 1
20150305 7 1 2
20150305 4 5 1
20150305 5 3 7
20150305 5 4 1
20150305 7 1 4
20150305 9 7 2
20150305 1 4 7
20150305 2 3 7
20150305 2 3 5
20150305 1 9 3
20150306 7 2 5
20150306 1 4 5
20150306 7 4 2
20150306 4 7 1
20150306 2 9 8
20150306 2 9 5
20150306 2 1 5
20150306 3 2 7
20150306 1 3 7
20150306 3 1 7
20150306 3 5 7
20150507 2 1 6
20150507 2 1 5
20150507 7 3 2
20150507 5 2 4
20150507 4 3 5
20150507 7 3 9
20150507 1 7 4
20150507 1 3 9
20150507 3 1 2
20150507 3 9 4
20150508 5 7 4
20150508 2 4 1
20150508 7 5 4
20150508 1 5 4
20150508 4 1 7
20150508 2 6 4
20150508 3 5 2
20150508 7 9 3
20150508 3 9 7
20150508 2 7 1
20150509 3 7 4
20150509 7 2 3
20150509 4 1 3
20150509 2 7 4
20150509 1 9 5
20150509 3 5 6
20150509 7 2 4
20150509 2 1 4
20150509 2 3 1
20150509 4 9 1
