20120518 5 3 8
20120518 6 1 2
20120518 2 1 7
20120518 5 8 2
20120518 9 1 2
20120518 2 1 4
20120518 1 4 5
20120518 9 2 7
20120518 6 5 3
20120518 1 9 7
20120518 1 9 8
20120519 7 4 2
20120519 7 1 5
20120519 1 3 7
20120519 9 2 5
20120519 2 9 5
20120519 1 9 3
20120519 1 5 3
20120519 9 1 3
20120519 5 1 7
20120519 1 2 7
20120519 3 6 7
20120520 3 8 1
20120520 9 8 1
20120520 7 2 8
20120520 3 9 4
20120520 2 9 7
20120520 9 3 2
20120520 7 1 8
20120520 1 9 7
20120520 8 4 2
20120520 2 3 5
20120520 9 2 3
20120521 8 5 3
20120521 9 2 4
20120521 2 1 7
20120521 5 3 6
20120521 8 4 1
20120521 1 9 4
20120521 2 5 4
20120521 1 5 8
20120521 3 4 8
20120521 5 2 9
20120521 3 4 5
20121103 2 1 4
20121103 3 1 7
20121103 2 5 4
20121103 1 2 4
20121103 1 4 2
20121103 2 7 9
20121103 3 7 5
20121103 1 7 5
20121103 9 3 2
20121103 2 7 8
20121103 2 6 7
20121104 3 5 6
20121104 1 7 4
20121104 1 7 2
20121104 3 6 2
20121104 5 4 6
20121104 1 2 5
20121104 5 2 8
20121104 3 2 5
20121104 3 5 9
20121104 7 2 9
20121104 9 2 3
20121105 3 5 4
20121105 7 3 4
20121105 2 5 7
20121105 7 2 3
20121105 3 2 4
20121105 9 3 5
20121105 1 2 9
20121105 5 1 7
20121105 3 9 4
20121105 7 1 4
20121105 1 4 2
20121113 3 9 7
20121113 2 4 5
20121113 5 2 1
20121113 1 9 2
20121113 3 1 9
20121113 9 2 7
20121113 3 1 2
20121113 1 9 7
20121113 9 1 5
20121113 9 1 5
20121113 5 7 1
20121114 1 3 7
20121114 3 5 9
20121114 5 3 9
20121114 5 1 2
20121114 1 9 6
20121114 5 7 2
20121114 9 2 6
20121114 2 5 1
20121114 1 5 9
20121114 5 1 4
20121114 7 2 9
20121114 5 3 7
20121115 5 1 3
20121115 3 8 5
20121115 7 5 3
20121115 7 2 9
20121115 3 1 5
20121115 5 7 8
20121115 5 3 8
20121115 2 9 6
20121115 9 7 5
20121115 1 7 9
20121115 1 6 2
20130408 3 1 2
20130408 3 1 9
20130408 2 5 7
20130408 7 2 5
20130408 3 2 5
20130408 1 9 6
20130408 2 5 7
20130408 5 2 3
20130408 9 4 2
20130408 1 3 8
20130408 5 2 4
20130409 7 2 5
20130409 7 5 2
20130409 1 3 4
20130409 3 7 1
20130409 2 7 3
20130409 2 3 5
20130409 1 9 2
20130409 5 2 1
20130409 2 6 4
20130409 3 1 8
20130409 7 5 6
20130409 1 6 8
20130410 3 7 9
20130410 2 9 7
20130410 1 5 8
20130410 1 9 2
20130410 9 2 3
20130410 1 5 3
20130410 7 8 5
20130410 3 6 5
20130410 3 9 2
20130410 8 4 2
20130410 2 1 3
20130509 1 4 2
20130509 1 3 4
20130509 9 1 7
20130509 3 9 2
20130509 1 7 3
20130509 7 3 2
20130509 2 7 4
20130509 3 7 2
20130509 7 3 1
20130509 8 1 7
20130509 3 1 7
20130510 3 7 2
20130510 1 7 8
20130510 2 1 4
20130510 2 4 5
20130510 1 8 6
20130510 9 3 5
20130510 2 7 3
20130510 9 5 7
20130510 1 5 4
20130510 7 1 2
20130510 3 5 9
20130511 1 5 8
20130511 9 6 3
20130511 3 9 4
20130511 9 3 5
20130511 1 3 2
20130511 4 2 8
20130511 1 5 9
20130511 9 5 1
20130511 7 2 8
20130511 5 1 9
20130511 9 7 1
20130512 4 7 3
20130512 4 6 2
20130512 9 3 5
20130512 7 2 8
20130512 1 3 2
20130512 2 1 7
20130512 3 1 5
20130512 7 3 4
20130512 7 1 2
20130512 9 2 5
20130512 5 2 9
20130602 5 2 4
20130602 5 7 2
20130602 4 3 5
20130602 1 3 6
20130602 5 2 7
20130602 7 1 9
20130602 2 7 5
20130602 9 5 1
20130602 7 2 4
20130602 2 9 3
20130603 3 5 6
20130603 3 7 4
20130603 2 4 3
20130603 2 5 6
20130603 7 1 3
20130603 9 1 2
20130603 2 9 7
20130603 1 4 7
20130603 2 3 9
20130603 2 9 4
20130604 6 3 4
20130604 1 7 3
20130604 2 7 3
20130604 7 3 2
20130604 2 5 3
20130604 1 9 5
20130604 1 9 4
20130604 7 1 4
20130604 1 4 2
20130604 1 6 5
20130610 9 1 2
20130610 3 5 2
20130610 1 2 8
20130610 2 4 3
20130610 2 7 5
20130610 5 1 8
20130610 9 4 3
20130610 2 9 1
20130610 3 2 5
20130610 7 3 4
20130610 6 4 1
20130611 8 2 4
20130611 5 3 2
20130611 1 2 8
20130611 2 1 8
20130611 7 2 4
20130611 9 1 3
20130611 7 9 1
20130611 2 7 9
20130611 2 5 9
20130611 3 1 9
20130611 2 5 9
20130611 9 2 7
20130612 2 7 9
20130612 2 7 4
20130612 5 7 4
20130612 5 8 7
20130612 9 3 1
20130612 8 1 4
20130612 5 7 1
20130612 1 3 9
20130612 1 5 7
20130612 1 9 5
20130612 1 6 4
20130702 4 1 5
20130702 7 3 5
20130702 4 5 1
20130702 1 5 4
20130702 1 3 7
20130702 5 9 1
20130702 1 7 3
20130702 5 9 7
20130702 2 7 5
20130702 9 1 3
20130703 1 3 4
20130703 3 6 4
20130703 5 3 7
20130703 2 5 6
20130703 3 4 7
20130703 1 5 6
20130703 2 7 4
20130703 1 3 7
20130703 2 7 1
20130703 2 7 5
20130704 3 5 4
20130704 3 1 2
20130704 1 2 3
20130704 2 7 3
20130704 3 7 8
20130704 7 1 8
20130704 2 1 7
20130704 1 4 2
20130704 3 6 5
20130708 7 1 9
20130708 1 9 3
20130708 5 3 1
20130708 3 2 5
20130708 5 2 6
20130708 9 2 1
20130708 7 9 3
20130708 1 9 4
20130708 1 5 7
20130708 1 4 2
20130708 7 9 5
20130709 2 5 3
20130709 1 5 2
20130709 3 2 8
20130709 1 5 2
20130709 1 4 2
20130709 7 2 5
20130709 4 3 8
20130709 5 3 7
20130709 9 4 7
20130709 4 1 3
20130709 5 8 3
20130710 5 3 7
20130710 5 8 3
20130710 9 1 5
20130710 7 3 9
20130710 2 1 5
20130710 3 1 8
20130710 9 1 4
20130710 8 3 1
20130710 5 2 7
20130710 1 2 6
20130710 5 3 7
20130805 3 1 2
20130805 1 4 6
20130805 2 5 4
20130805 5 3 2
20130805 7 4 2
20130805 2 7 3
20130805 7 3 1
20130805 5 1 3
20130805 3 9 5
20130805 2 9 6
20130806 7 1 2
20130806 2 4 1
20130806 3 4 1
20130806 7 1 2
20130806 1 4 2
20130806 5 1 3
20130806 7 9 3
20130806 2 5 1
20130806 9 1 3
20130806 3 5 1
20130807 4 1 7
20130807 7 3 6
20130807 7 3 2
20130807 1 4 5
20130807 1 4 5
20130807 5 1 7
20130807 5 3 7
20130807 7 9 4
20130807 2 1 5
20130807 4 2 6
20130828 1 5 4
20130828 5 3 2
20130828 7 4 3
20130828 5 2 4
20130828 3 6 7
20130828 7 8 5
20130828 9 1 2
20130828 1 2 7
20130828 5 3 1
20130828 3 1 8
20130829 2 1 5
20130829 1 7 4
20130829 2 5 1
20130829 1 7 4
20130829 2 7 4
20130829 2 4 1
20130829 3 5 4
20130829 1 7 9
20130829 3 7 2
20130829 7 9 2
20130830 3 1 4
20130830 7 3 5
20130830 3 2 4
20130830 1 6 7
20130830 1 8 2
20130830 2 3 6
20130830 2 3 9
20130830 8 9 4
20130830 9 8 4
20130830 3 7 2
20130830 9 5 8
20130908 5 3 7
20130908 2 7 1
20130908 3 2 7
20130908 2 7 3
20130908 7 3 2
20130908 7 9 4
20130908 3 9 4
20130908 7 4 9
20130908 9 3 4
20130908 2 9 3
20130908 5 1 2
20130909 5 9 2
20130909 5 2 6
20130909 5 8 7
20130909 1 2 9
20130909 1 5 4
20130909 2 3 7
20130909 7 2 1
20130909 2 6 5
20130909 2 6 7
20130909 7 2 3
20130909 8 7 1
20130909 7 4 1
20130910 2 1 5
20130910 9 8 3
20130910 1 5 6
20130910 2 5 7
20130910 9 2 1
20130910 1 5 6
20130910 7 4 3
20130910 9 5 1
20130910 2 9 5
20130910 3 1 5
20130910 2 4 1
20130928 4 3 6
20130928 3 1 6
20130928 1 5 2
20130928 3 7 1
20130928 2 6 5
20130928 2 6 7
20130928 2 7 5
20130928 2 5 9
20130928 1 5 9
20130928 3 1 7
20130929 2 5 7
20130929 3 4 7
20130929 4 5 1
20130929 1 7 4
20130929 5 1 3
20130929 7 3 2
20130929 9 3 4
20130929 9 2 4
20130929 3 1 7
20130929 5 3 9
20130930 3 2 5
20130930 3 2 5
20130930 4 7 2
20130930 4 5 1
20130930 5 9 1
20130930 1 3 8
20130930 2 5 1
20130930 7 3 1
20130930 6 2 7
20130930 3 2 7
20131016 1 7 2
20131016 3 5 2
20131016 3 5 4
20131016 5 1 2
20131016 1 5 3
20131016 5 1 2
20131016 5 1 3
20131016 3 9 7
20131016 2 3 4
20131016 1 4 2
20131016 2 5 7
20131017 3 7 6
20131017 5 3 7
20131017 3 4 1
20131017 7 1 5
20131017 5 2 4
20131017 2 5 7
20131017 2 7 1
20131017 5 2 8
20131017 1 3 5
20131017 7 6 1
20131018 4 5 1
20131018 4 7 5
20131018 5 3 1
20131018 5 7 6
20131018 1 5 3
20131018 9 2 3
20131018 2 7 1
20131018 4 7 2
20131018 4 1 2
20131018 4 7 5
20131030 5 3 1
20131030 1 3 2
20131030 3 7 1
20131030 3 7 9
20131030 1 2 7
20131030 2 1 7
20131030 3 9 1
20131030 5 9 8
20131030 3 5 9
20131030 7 3 9
20131030 3 7 2
20131031 1 3 7
20131031 3 2 9
20131031 3 1 4
20131031 8 2 7
20131031 2 1 9
20131031 9 3 5
20131031 2 3 4
20131031 3 2 9
20131031 1 9 2
20131031 1 2 9
20131031 9 5 1
20131101 7 1 9
20131101 1 3 5
20131101 1 7 5
20131101 3 6 2
20131101 9 4 2
20131101 1 9 5
20131101 1 9 7
20131101 5 2 4
20131101 5 2 9
20131101 1 5 9
20131101 9 5 1
20131119 4 7 5
20131119 5 1 4
20131119 3 5 7
20131119 3 1 7
20131119 4 2 1
20131119 2 8 1
20131119 4 1 5
20131119 4 9 1
20131119 1 3 7
20131119 2 6 8
20131120 6 2 7
20131120 2 3 4
20131120 2 7 5
20131120 1 3 4
20131120 5 4 1
20131120 9 5 3
20131120 3 5 1
20131120 7 4 3
20131120 5 9 7
20131120 7 5 3
20131121 5 2 7
20131121 7 1 3
20131121 1 2 4
20131121 6 1 7
20131121 7 1 9
20131121 1 2 8
20131121 9 8 4
20131121 7 2 5
20131121 1 2 7
20131121 7 1 9
20131125 1 2 4
20131125 3 2 7
20131125 1 3 5
20131125 7 5 2
20131125 2 5 7
20131125 1 3 9
20131125 3 2 7
20131125 1 5 7
20131125 7 4 3
20131125 2 5 8
20131126 2 1 4
20131126 3 7 5
20131126 7 5 1
20131126 3 7 5
20131126 5 2 4
20131126 1 5 2
20131126 5 3 8
20131126 1 7 3
20131126 3 2 4
20131126 3 5 8
20131127 3 7 1
20131127 5 1 2
20131127 5 4 2
20131127 3 4 5
20131127 1 2 5
20131127 2 9 1
20131127 7 5 3
20131127 2 9 3
20131127 2 4 1
20131127 1 2 4
20131217 5 1 3
20131217 7 1 5
20131217 2 5 3
20131217 4 1 2
20131217 3 1 7
20131217 2 6 9
20131217 1 7 2
20131217 9 2 1
20131217 5 3 8
20131217 6 3 4
20131218 5 3 1
20131218 2 3 4
20131218 1 4 2
20131218 1 7 5
20131218 4 2 3
20131218 4 8 7
20131218 5 1 3
20131218 4 1 9
20131218 5 1 8
20131218 9 1 2
20131219 2 1 4
20131219 3 4 7
20131219 3 1 7
20131219 2 5 3
20131219 9 7 5
20131219 5 6 9
20131219 3 1 9
20131219 1 8 7
20131219 6 7 2
20131219 7 2 1
20131224 5 3 7
20131224 7 5 3
20131224 5 2 1
20131224 2 7 1
20131224 5 2 1
20131224 4 3 1
20131224 6 1 2
20131224 1 9 2
20131224 7 9 1
20131224 3 2 7
20131226 2 4 7
20131226 2 7 4
20131226 5 4 3
20131226 3 4 1
20131226 3 9 1
20131226 4 2 5
20131226 8 3 4
20131226 2 1 9
20131226 2 3 1
20131226 1 5 7
20140116 3 1 5
20140116 2 7 4
20140116 5 3 1
20140116 7 1 4
20140116 7 3 5
20140116 2 5 1
20140116 1 5 2
20140116 1 3 2
20140116 5 7 2
20140116 3 9 2
20140117 7 1 3
20140117 5 1 2
20140117 2 5 4
20140117 2 7 4
20140117 2 4 5
20140117 1 7 8
20140117 7 5 8
20140117 7 1 2
20140117 3 1 7
20140117 2 9 1
20140118 4 7 3
20140118 2 7 5
20140118 6 3 4
20140118 3 5 2
20140118 1 9 4
20140118 9 7 1
20140118 1 7 3
20140118 3 5 4
20140118 6 4 1
20140118 1 5 8
20140128 2 4 9
20140128 7 1 3
20140128 7 3 8
20140128 9 3 1
20140128 8 2 1
20140128 8 3 5
20140128 7 9 1
20140128 3 8 5
20140128 3 2 4
20140128 5 7 6
20140128 2 3 5
20140129 7 3 4
20140129 4 9 1
20140129 7 3 8
20140129 3 9 2
20140129 2 1 6
20140129 4 3 9
20140129 5 7 3
20140129 2 9 3
20140129 2 4 6
20140129 3 5 7
20140129 2 1 7
20140130 5 1 4
20140130 7 1 8
20140130 2 1 8
20140130 2 4 3
20140130 1 9 2
20140130 5 2 7
20140130 5 9 8
20140130 1 9 5
20140130 1 4 3
20140130 1 2 7
20140130 9 2 4
20140219 7 4 5
20140219 1 6 4
20140219 4 5 2
20140219 3 2 5
20140219 5 2 4
20140219 9 1 3
20140219 7 9 1
20140219 5 3 1
20140219 3 1 2
20140219 5 2 7
20140220 6 3 2
20140220 4 1 6
20140220 3 4 7
20140220 4 2 1
20140220 4 1 6
20140220 3 9 4
20140220 7 9 3
20140220 7 2 1
20140220 7 2 4
20140220 5 1 9
20140221 1 7 4
20140221 2 5 1
20140221 3 1 2
20140221 7 1 4
20140221 9 7 5
20140221 3 5 1
20140221 2 1 5
20140221 9 8 5
20140221 3 5 2
20140221 8 3 1
20140409 3 1 7
20140409 2 5 3
20140409 7 3 5
20140409 2 5 4
20140409 5 1 3
20140409 5 3 1
20140409 2 5 8
20140409 5 2 7
20140409 1 9 5
20140409 3 1 8
20140410 3 7 4
20140410 5 3 2
20140410 7 1 4
20140410 1 7 6
20140410 7 6 1
20140410 5 8 9
20140410 9 4 1
20140410 8 5 3
20140410 2 7 5
20140410 3 2 9
20140411 4 2 1
20140411 3 2 7
20140411 3 4 5
20140411 7 4 5
20140411 9 2 3
20140411 6 9 7
20140411 3 2 8
20140411 1 3 4
20140411 1 3 9
20140411 4 2 1
20140411 5 7 3
20140524 2 7 1
20140524 3 7 9
20140524 9 2 4
20140524 1 9 6
20140524 7 3 2
20140524 3 1 6
20140524 9 7 3
20140524 1 9 5
20140524 2 9 8
20140524 2 7 1
20140524 5 9 8
20140524 1 3 8
20140525 5 2 9
20140525 8 4 9
20140525 7 9 5
20140525 6 3 4
20140525 7 1 2
20140525 7 4 3
20140525 2 7 5
20140525 9 3 6
20140525 5 1 7
20140525 1 7 2
20140525 5 2 4
20140525 1 7 8
20140526 7 1 2
20140526 8 4 1
20140526 3 5 2
20140526 4 8 5
20140526 2 5 9
20140526 1 2 8
20140526 3 4 6
20140526 2 8 4
20140526 3 8 2
20140526 1 7 8
20140526 5 9 7
20140526 5 1 9
20140527 2 6 4
20140527 1 9 7
20140527 5 6 1
20140527 3 5 9
20140527 9 1 5
20140527 2 5 8
20140527 8 1 4
20140527 1 5 7
20140527 1 9 3
20140527 2 9 7
20140527 3 7 2
20140630 5 2 6
20140630 7 1 9
20140630 5 2 3
20140630 2 9 6
20140630 7 1 5
20140630 3 2 9
20140630 2 7 5
20140630 3 2 1
20140630 1 5 3
20140630 7 1 2
20140630 2 1 9
20140701 3 9 2
20140701 6 8 9
20140701 6 4 1
20140701 2 9 4
20140701 1 9 3
20140701 5 3 9
20140701 5 1 7
20140701 3 5 6
20140701 4 2 9
20140701 1 2 7
20140701 1 7 9
20140702 3 5 7
20140702 7 9 1
20140702 7 9 5
20140702 2 8 1
20140702 1 9 2
20140702 2 3 7
20140702 9 7 5
20140702 2 4 6
20140702 5 2 7
20140702 4 2 1
20140702 9 2 1
20140702 3 1 6
20140724 1 4 5
20140724 7 2 3
20140724 2 1 7
20140724 2 5 3
20140724 1 7 3
20140724 7 2 5
20140724 5 3 4
20140724 9 1 5
20140724 5 2 6
20140724 1 4 3
20140725 7 1 2
20140725 6 4 2
20140725 1 7 3
20140725 1 2 5
20140725 7 5 4
20140725 8 3 2
20140725 7 3 1
20140725 9 3 7
20140725 9 7 3
20140725 7 5 2
20140725 3 2 9
20140726 5 7 4
20140726 7 5 4
20140726 1 2 6
20140726 5 7 4
20140726 1 5 4
20140726 9 2 7
20140726 7 8 3
20140726 3 4 9
20140726 9 3 8
20140726 2 1 4
20140726 1 3 5
20140817 7 4 1
20140817 6 7 1
20140817 5 7 4
20140817 7 4 1
20140817 3 2 1
20140817 9 2 4
20140817 2 1 9
20140817 9 7 8
20140817 7 4 8
20140817 7 5 9
20140818 3 6 1
20140818 2 6 3
20140818 2 1 5
20140818 3 4 2
20140818 4 1 2
20140818 7 2 4
20140818 5 1 9
20140818 2 3 5
20140818 5 2 3
20140818 3 5 7
20140819 6 7 4
20140819 1 7 2
20140819 7 5 3
20140819 4 3 5
20140819 1 6 4
20140819 3 7 1
20140819 2 5 3
20140819 8 5 9
20140819 1 6 4
20140819 9 8 4
20140828 3 1 5
20140828 5 3 4
20140828 2 7 6
20140828 7 3 1
20140828 2 1 4
20140828 1 8 2
20140828 2 3 5
20140828 5 7 2
20140828 3 8 2
20140828 2 1 5
20140829 3 1 4
20140829 5 7 3
20140829 1 6 5
20140829 5 3 2
20140829 5 3 6
20140829 5 1 3
20140829 2 9 7
20140829 7 4 8
20140829 5 6 1
20140829 7 2 3
20140829 1 3 7
20140830 7 1 4
20140830 7 3 2
20140830 2 7 1
20140830 5 2 7
20140830 3 9 5
20140830 2 5 1
20140830 7 6 5
20140830 1 8 2
20140830 2 1 7
20140830 1 5 7
20140905 5 2 3
20140905 1 7 2
20140905 3 7 1
20140905 2 5 9
20140905 2 7 3
20140905 3 9 4
20140905 7 2 3
20140905 1 9 2
20140905 7 1 4
20140905 3 2 9
20140905 4 7 9
20140906 7 1 9
20140906 1 7 5
20140906 5 4 9
20140906 7 5 1
20140906 1 9 8
20140906 2 7 3
20140906 7 4 1
20140906 9 1 2
20140906 9 1 5
20140906 1 4 9
20140906 5 7 2
20140906 9 7 2
20140907 1 6 3
20140907 2 4 7
20140907 1 6 5
20140907 5 7 2
20140907 2 5 1
20140907 5 3 7
20140907 7 2 5
20140907 5 1 9
20140907 9 1 2
20140907 3 8 7
20140907 7 5 8
20140916 9 1 7
20140916 3 9 5
20140916 9 1 8
20140916 1 5 2
20140916 5 7 1
20140916 2 5 1
20140916 1 8 2
20140916 4 2 6
20140916 7 9 2
20140916 5 1 8
20140916 5 3 1
20140917 4 2 3
20140917 2 5 9
20140917 8 7 2
20140917 2 8 9
20140917 5 1 2
20140917 3 9 1
20140917 1 7 3
20140917 3 4 2
20140917 2 9 7
20140917 4 2 7
20140917 1 5 7
20140918 5 2 9
20140918 9 7 2
20140918 8 1 3
20140918 7 3 5
20140918 4 3 9
20140918 4 1 3
20140918 5 3 6
20140918 5 9 2
20140918 7 8 4
20140918 3 9 1
20140918 6 7 8
20140924 2 1 5
20140924 2 5 1
20140924 7 1 2
20140924 3 5 1
20140924 3 7 6
20140924 3 5 2
20140924 7 3 1
20140924 1 7 2
20140924 2 7 3
20140924 2 7 8
20140924 7 9 2
20140925 2 5 1
20140925 3 5 7
20140925 3 7 2
20140925 1 3 4
20140925 2 1 7
20140925 5 9 1
20140925 9 2 5
20140925 3 2 1
20140925 1 7 3
20140925 2 8 7
20140926 3 1 7
20140926 3 4 6
20140926 5 3 2
20140926 2 5 4
20140926 5 2 1
20140926 9 3 4
20140926 3 5 6
20140926 4 1 2
20140926 5 1 4
20140926 5 2 3
20141031 5 4 3
20141031 7 2 1
20141031 1 3 2
20141031 1 3 5
20141031 5 3 1
20141031 2 4 9
20141031 1 5 8
20141031 7 2 1
20141031 5 1 3
20141031 4 6 5
20141101 2 7 1
20141101 4 7 5
20141101 3 4 6
20141101 2 7 1
20141101 4 7 1
20141101 3 7 9
20141101 1 7 9
20141101 9 7 2
20141101 7 3 1
20141101 5 1 3
20141102 6 7 3
20141102 7 2 4
20141102 5 1 6
20141102 5 3 2
20141102 4 2 1
20141102 3 9 5
20141102 9 2 5
20141102 7 1 3
20141102 1 6 3
20141102 1 5 7
20141107 4 7 5
20141107 1 5 3
20141107 1 9 5
20141107 6 2 5
20141107 2 7 1
20141107 2 7 5
20141107 5 7 9
20141107 1 7 3
20141107 9 5 3
20141107 3 7 9
20141107 3 8 1
20141108 4 1 9
20141108 2 5 7
20141108 5 2 9
20141108 6 3 9
20141108 1 6 9
20141108 5 4 6
20141108 3 5 7
20141108 1 2 3
20141108 2 4 7
20141108 3 5 1
20141108 5 7 1
20141109 3 7 2
20141109 9 6 4
20141109 3 7 5
20141109 1 5 9
20141109 7 6 2
20141109 2 8 5
20141109 3 7 5
20141109 5 9 1
20141109 5 1 6
20141109 1 9 8
20141109 1 5 3
20141125 5 9 1
20141125 1 5 4
20141125 9 3 1
20141125 9 3 4
20141125 3 7 2
20141125 2 7 4
20141125 7 5 1
20141125 3 9 2
20141125 9 1 3
20141125 2 9 7
20141125 2 7 8
20141126 7 2 8
20141126 5 1 2
20141126 7 6 8
20141126 3 5 7
20141126 2 9 7
20141126 9 1 7
20141126 1 2 9
20141126 8 5 4
20141126 5 1 2
20141126 9 7 4
20141126 2 5 7
20141127 5 3 9
20141127 9 2 5
20141127 4 2 8
20141127 3 9 2
20141127 3 9 1
20141127 9 5 7
20141127 5 2 1
20141127 3 9 4
20141127 2 9 7
20141127 3 5 4
20141127 8 5 3
20141203 1 6 3
20141203 9 2 3
20141203 7 3 8
20141203 5 7 8
20141203 5 8 7
20141203 3 1 9
20141203 5 3 2
20141203 6 2 3
20141203 3 9 5
20141203 2 7 1
20141203 4 1 5
20141204 2 7 1
20141204 3 2 4
20141204 3 4 2
20141204 1 4 3
20141204 1 3 8
20141204 6 7 9
20141204 7 1 3
20141204 1 2 5
20141204 3 2 1
20141204 2 9 1
20141204 1 7 3
20141204 5 1 6
20141205 7 9 8
20141205 1 4 8
20141205 3 9 4
20141205 3 1 9
20141205 5 3 1
20141205 6 2 5
20141205 1 7 2
20141205 9 2 4
20141205 9 4 2
20141205 1 7 3
20141205 2 9 5
20141205 4 9 8
20141210 3 1 4
20141210 2 4 3
20141210 3 5 7
20141210 5 3 7
20141210 3 4 7
20141210 3 1 2
20141210 1 5 3
20141210 2 8 4
20141210 2 8 7
20141210 3 5 2
20141210 1 2 9
20141211 7 5 3
20141211 3 7 5
20141211 3 4 2
20141211 5 7 6
20141211 2 4 1
20141211 5 1 3
20141211 7 1 4
20141211 1 7 9
20141211 9 1 8
20141211 9 2 8
20141212 3 5 1
20141212 5 3 6
20141212 3 4 6
20141212 4 3 1
20141212 1 7 9
20141212 5 9 2
20141212 1 2 9
20141212 2 5 9
20141212 3 1 7
20141212 9 2 7
20150102 1 3 5
20150102 3 5 4
20150102 5 1 3
20150102 4 3 5
20150102 3 5 4
20150102 2 9 5
20150102 9 2 3
20150102 3 9 1
20150102 1 7 2
20150102 5 9 3
20150103 3 5 6
20150103 4 3 1
20150103 5 4 7
20150103 6 7 2
20150103 3 5 2
20150103 3 5 7
20150103 1 4 6
20150103 8 2 9
20150103 5 2 1
20150103 4 7 9
20150104 3 5 2
20150104 5 2 3
20150104 2 4 3
20150104 3 5 2
20150104 5 2 4
20150104 5 4 6
20150104 7 1 3
20150104 5 1 9
20150104 3 5 1
20150104 4 2 5
20150209 7 3 5
20150209 1 7 3
20150209 4 5 3
20150209 5 3 1
20150209 3 1 5
20150209 2 1 3
20150209 5 3 8
20150209 1 6 7
20150209 1 9 7
20150209 6 2 9
20150210 2 3 6
20150210 3 2 4
20150210 2 5 3
20150210 6 2 4
20150210 4 1 2
20150210 6 1 2
20150210 7 4 6
20150210 3 1 9
20150210 5 2 6
20150210 3 4 7
20150211 1 5 2
20150211 5 7 2
20150211 7 5 3
20150211 2 4 6
20150211 3 6 1
20150211 3 1 6
20150211 2 5 7
20150211 8 3 1
20150211 5 4 3
20150211 2 9 6
20150304 3 5 4
20150304 3 5 4
20150304 5 2 3
20150304 3 5 6
20150304 3 4 5
20150304 9 2 7
20150304 2 7 4
20150304 8 1 3
20150304 5 9 2
20150304 3 7 8
20150305 5 7 3
20150305 5 3 1
20150305 2 3 4
20150305 3 5 6
20150305 3 5 2
20150305 9 1 2
20150305 1 9 5
20150305 3 1 2
20150305 1 3 9
20150305 8 7 2
20150306 3 2 5
20150306 3 5 7
20150306 3 5 1
20150306 5 3 1
20150306 1 9 5
20150306 1 9 5
20150306 9 1 3
20150306 9 7 5
20150306 3 7 5
20150306 1 7 6
20150403 1 6 2
20150403 4 5 7
20150403 3 4 5
20150403 3 5 4
20150403 7 3 4
20150403 7 5 3
20150403 4 3 2
20150403 7 1 9
20150403 5 7 3
20150403 9 5 1
20150404 7 2 3
20150404 5 3 7
20150404 4 3 1
20150404 4 1 7
20150404 5 3 7
20150404 3 7 4
20150404 3 8 7
20150404 8 3 7
20150404 3 5 2
20150404 9 2 6
20150404 5 3 2
20150405 5 3 7
20150405 2 5 7
20150405 3 7 2
20150405 5 6 1
20150405 5 1 2
20150405 7 3 6
20150405 9 2 1
20150405 6 1 5
20150405 7 3 4
20150405 9 1 2
20150516 1 7 5
20150516 1 9 4
20150516 3 5 7
20150516 1 3 7
20150516 7 2 8
20150516 1 9 8
20150516 9 3 5
20150516 8 1 3
20150516 7 1 4
20150516 1 3 9
20150516 8 4 1
20150517 1 5 3
20150517 3 9 8
20150517 5 1 3
20150517 4 8 5
20150517 5 3 4
20150517 7 5 4
20150517 7 5 4
20150517 5 9 2
20150517 1 5 3
20150517 1 5 2
20150517 1 4 9
