20120228 9 5 2
20120228 3 7 6
20120228 2 9 1
20120228 7 8 3
20120228 2 9 4
20120228 3 7 9
20120228 3 1 9
20120228 3 8 2
20120228 3 6 4
20120228 3 1 6
20120228 9 2 1
20120229 1 9 4
20120229 3 5 9
20120229 4 3 5
20120229 4 3 8
20120229 9 4 2
20120229 1 5 7
20120229 1 9 7
20120229 3 9 6
20120229 7 9 4
20120229 7 3 9
20120229 5 4 7
20120229 5 1 3
20120301 1 7 9
20120301 9 2 8
20120301 4 7 1
20120301 2 9 6
20120301 6 9 1
20120301 9 6 5
20120301 7 2 1
20120301 2 7 9
20120301 2 9 5
20120301 2 9 1
20120301 2 9 1
20120302 1 4 9
20120302 1 9 6
20120302 4 5 9
20120302 5 2 1
20120302 1 8 7
20120302 5 4 8
20120302 2 3 4
20120302 1 9 3
20120302 2 8 4
20120302 9 4 3
20120302 7 1 5
20120303 1 5 3
20120303 9 7 5
20120303 7 6 5
20120303 3 6 1
20120303 7 5 1
20120303 5 8 9
20120303 7 2 9
20120303 1 4 2
20120303 7 1 2
20120303 4 6 5
20120303 4 5 7
20120304 3 4 9
20120304 3 9 1
20120304 2 8 3
20120304 4 8 2
20120304 5 7 1
20120304 1 9 2
20120304 6 8 1
20120304 5 3 7
20120304 1 7 9
20120304 1 4 5
20120304 9 1 5
20120321 5 1 7
20120321 9 1 6
20120321 7 5 9
20120321 9 5 1
20120321 3 7 2
20120321 3 1 7
20120321 3 7 6
20120321 1 2 9
20120321 1 2 9
20120321 9 3 7
20120321 5 1 3
20120321 9 2 3
20120322 2 7 1
20120322 1 9 7
20120322 7 1 9
20120322 3 9 2
20120322 7 1 9
20120322 1 9 2
20120322 7 9 5
20120322 1 8 9
20120322 5 1 7
20120322 9 2 4
20120322 1 9 4
20120322 6 9 1
20120323 5 9 1
20120323 5 1 4
20120323 9 2 7
20120323 1 9 4
20120323 3 2 8
20120323 2 9 5
20120323 1 5 9
20120323 1 7 5
20120323 2 3 9
20120323 1 4 9
20120323 1 5 9
20120323 3 2 1
20120409 1 7 2
20120409 3 7 5
20120409 5 7 1
20120409 1 5 3
20120409 1 3 5
20120409 5 3 7
20120409 7 2 1
20120409 1 5 2
20120409 3 6 4
20120409 2 7 9
20120409 1 5 3
20120410 2 6 7
20120410 1 5 2
20120410 2 4 3
20120410 7 3 1
20120410 1 3 7
20120410 5 3 8
20120410 7 2 4
20120410 9 4 8
20120410 7 8 5
20120410 3 2 9
20120410 3 7 9
20120411 3 1 2
20120411 1 4 5
20120411 2 1 4
20120411 1 4 5
20120411 1 7 3
20120411 3 8 7
20120411 2 7 1
20120411 3 5 2
20120411 3 8 5
20120411 1 2 5
20120411 7 2 5
20120501 6 3 9
20120501 1 9 2
20120501 2 7 3
20120501 2 3 7
20120501 7 1 2
20120501 5 1 7
20120501 2 7 5
20120501 5 1 8
20120501 7 9 5
20120501 2 9 5
20120501 1 9 2
20120501 2 8 5
20120501 8 2 5
20120502 5 2 3
20120502 1 7 3
20120502 3 4 1
20120502 3 5 1
20120502 7 2 9
20120502 1 4 2
20120502 2 8 7
20120502 7 1 9
20120502 1 4 3
20120502 9 2 1
20120502 2 5 1
20120502 9 1 3
20120503 3 1 8
20120503 5 2 8
20120503 9 1 4
20120503 9 4 1
20120503 7 2 1
20120503 1 9 4
20120503 3 1 8
20120503 9 3 1
20120503 3 7 5
20120503 5 7 3
20120503 3 4 9
20120503 8 2 4
20120503 3 7 2
20120509 7 1 4
20120509 1 7 3
20120509 4 1 3
20120509 1 4 5
20120509 1 7 4
20120509 4 9 5
20120509 8 4 7
20120509 6 9 2
20120509 5 7 3
20120509 1 7 2
20120509 7 5 9
20120510 4 2 5
20120510 1 4 6
20120510 7 1 4
20120510 1 4 2
20120510 7 1 5
20120510 2 7 5
20120510 3 9 5
20120510 2 1 3
20120510 2 1 8
20120510 2 1 3
20120510 3 5 7
20120510 3 4 7
20120511 4 1 3
20120511 1 6 3
20120511 6 3 2
20120511 4 2 7
20120511 5 7 2
20120511 9 2 5
20120511 2 9 6
20120511 4 2 9
20120511 7 8 9
20120511 4 1 5
20120511 3 7 2
20120511 3 7 9
20120531 1 7 4
20120531 1 7 4
20120531 5 4 1
20120531 1 7 5
20120531 5 2 1
20120531 4 3 7
20120531 3 7 1
20120531 2 5 8
20120531 7 9 3
20120531 9 2 4
20120531 5 7 1
20120601 1 7 3
20120601 7 4 2
20120601 1 4 6
20120601 1 7 4
20120601 7 1 5
20120601 1 6 7
20120601 2 7 3
20120601 6 9 1
20120601 5 1 3
20120601 1 9 6
20120601 1 9 2
20120602 1 5 3
20120602 1 4 5
20120602 5 1 3
20120602 7 1 4
20120602 9 7 1
20120602 1 4 9
20120602 9 1 3
20120602 5 7 1
20120602 2 5 6
20120602 1 2 7
20120602 7 9 5
20120611 7 5 3
20120611 4 2 3
20120611 1 7 4
20120611 1 5 4
20120611 1 7 5
20120611 9 2 8
20120611 2 7 3
20120611 3 7 1
20120611 2 1 9
20120611 3 2 9
20120611 6 2 7
20120612 7 5 4
20120612 4 2 1
20120612 2 4 1
20120612 1 2 5
20120612 1 6 7
20120612 2 5 8
20120612 1 5 8
20120612 3 9 2
20120612 5 7 8
20120612 2 5 9
20120612 1 5 6
20120613 1 4 3
20120613 5 1 7
20120613 1 5 7
20120613 4 1 6
20120613 2 9 8
20120613 2 9 3
20120613 2 9 5
20120613 7 3 2
20120613 4 3 6
20120613 7 8 2
20120613 5 1 3
20120613 8 9 3
20120709 5 9 3
20120709 7 1 3
20120709 1 9 2
20120709 1 9 5
20120709 1 5 2
20120709 7 3 9
20120709 4 9 1
20120709 8 5 9
20120709 9 2 3
20120709 7 5 3
20120709 9 3 6
20120709 7 4 6
20120710 9 3 1
20120710 4 3 9
20120710 7 9 2
20120710 1 7 2
20120710 9 3 1
20120710 1 5 2
20120710 4 9 3
20120710 9 1 3
20120710 9 8 1
20120710 3 5 9
20120710 1 3 6
20120711 3 6 4
20120711 3 7 2
20120711 5 7 3
20120711 2 3 4
20120711 2 7 3
20120711 5 1 7
20120711 3 2 5
20120711 7 9 3
20120711 5 2 9
20120711 8 2 9
20120711 1 9 5
20120802 1 2 5
20120802 1 3 2
20120802 1 5 4
20120802 1 7 3
20120802 1 3 4
20120802 4 7 3
20120802 9 3 1
20120802 2 7 5
20120802 7 9 4
20120802 9 2 7
20120802 5 3 8
20120803 5 1 4
20120803 2 4 7
20120803 1 5 7
20120803 5 1 4
20120803 1 7 2
20120803 4 2 7
20120803 3 7 5
20120803 5 3 7
20120803 3 5 6
20120803 7 2 3
20120803 3 9 4
20120804 4 2 6
20120804 1 5 2
20120804 3 5 6
20120804 1 5 2
20120804 7 3 1
20120804 9 1 2
20120804 1 7 3
20120804 1 3 7
20120804 7 5 2
20120804 3 2 7
20120804 2 9 1
20120813 1 9 4
20120813 7 9 5
20120813 2 5 7
20120813 2 6 5
20120813 2 7 5
20120813 5 4 7
20120813 2 9 3
20120813 1 2 7
20120813 1 8 6
20120813 1 5 2
20120813 7 1 3
20120814 7 2 1
20120814 2 9 7
20120814 1 9 2
20120814 5 3 7
20120814 7 1 3
20120814 9 3 1
20120814 9 1 7
20120814 6 1 8
20120814 1 3 9
20120814 5 2 1
20120814 2 5 3
20120815 8 1 3
20120815 1 7 8
20120815 7 3 5
20120815 3 1 4
20120815 3 5 1
20120815 7 1 6
20120815 5 9 1
20120815 9 3 5
20120815 1 2 5
20120815 5 8 2
20120815 7 2 9
20120831 4 1 2
20120831 1 5 4
20120831 1 7 3
20120831 1 5 4
20120831 5 1 7
20120831 3 1 6
20120831 6 2 1
20120831 3 5 7
20120831 5 1 2
20120831 7 2 5
20120831 2 4 9
20120901 7 1 2
20120901 5 1 7
20120901 2 3 4
20120901 1 3 4
20120901 5 3 1
20120901 7 3 5
20120901 3 5 8
20120901 7 8 6
20120901 2 3 8
20120901 7 3 1
20120901 7 4 3
20120902 2 1 7
20120902 1 2 4
20120902 3 1 5
20120902 1 3 5
20120902 5 3 7
20120902 7 9 2
20120902 1 9 2
20120902 3 1 7
20120902 1 7 5
20120902 7 3 6
20120902 9 7 3
20120910 3 5 7
20120910 2 7 4
20120910 7 1 2
20120910 1 7 2
20120910 3 1 7
20120910 9 7 1
20120910 5 7 9
20120910 3 5 7
20120910 1 4 5
20120910 4 2 1
20120910 3 4 2
20120911 3 1 5
20120911 1 3 5
20120911 1 6 3
20120911 1 7 2
20120911 1 5 3
20120911 3 9 5
20120911 2 9 5
20120911 2 7 4
20120911 2 5 3
20120911 3 1 2
20120911 9 1 3
20120912 1 5 6
20120912 4 3 1
20120912 4 7 2
20120912 3 6 1
20120912 1 9 5
20120912 1 3 7
20120912 2 8 7
20120912 5 7 3
20120912 5 7 1
20120912 2 5 7
20120912 2 7 4
20121013 3 7 8
20121013 2 5 1
20121013 1 7 2
20121013 1 7 5
20121013 7 2 1
20121013 3 9 2
20121013 7 2 5
20121013 9 5 2
20121013 2 5 1
20121013 2 1 9
20121013 7 2 5
20121014 9 2 7
20121014 2 6 8
20121014 1 7 4
20121014 5 7 9
20121014 3 1 7
20121014 7 2 4
20121014 5 3 1
20121014 2 3 5
20121014 7 9 1
20121014 5 2 1
20121014 6 9 3
20121015 8 2 5
20121015 9 1 3
20121015 2 7 9
20121015 9 2 1
20121015 7 1 5
20121015 8 7 6
20121015 3 9 8
20121015 7 5 9
20121015 1 9 5
20121015 7 5 8
20121015 7 3 8
20121016 7 2 4
20121016 9 5 1
20121016 2 4 9
20121016 4 7 6
20121016 1 7 9
20121016 8 1 7
20121016 8 7 1
20121016 9 2 4
20121016 9 3 5
20121016 9 7 3
20121016 2 9 4
20121016 9 2 5
20121029 5 1 3
20121029 4 3 7
20121029 7 1 3
20121029 1 7 4
20121029 7 1 4
20121029 3 2 1
20121029 1 5 2
20121029 3 6 9
20121029 3 9 7
20121029 7 2 1
20121029 3 1 5
20121030 3 7 2
20121030 1 4 2
20121030 5 7 4
20121030 3 2 4
20121030 1 3 5
20121030 5 9 2
20121030 5 8 1
20121030 1 7 5
20121030 7 9 3
20121030 7 9 8
20121030 5 9 3
20121030 5 1 2
20121031 4 5 1
20121031 1 3 6
20121031 2 6 7
20121031 1 4 5
20121031 7 5 3
20121031 9 2 4
20121031 2 5 1
20121031 9 3 5
20121031 6 3 1
20121031 2 4 7
20121115 1 7 2
20121115 1 2 3
20121115 1 5 7
20121115 1 7 2
20121115 2 7 3
20121115 2 7 3
20121115 1 9 2
20121115 5 3 2
20121115 2 9 7
20121115 1 5 6
20121115 1 5 3
20121116 1 7 5
20121116 1 4 2
20121116 4 1 2
20121116 4 1 5
20121116 4 5 1
20121116 1 4 3
20121116 1 5 6
20121116 3 9 4
20121116 3 7 4
20121116 1 5 4
20121116 9 2 3
20121116 4 5 2
20121116 1 3 9
20121117 5 7 1
20121117 5 4 1
20121117 4 5 1
20121117 1 6 7
20121117 1 9 5
20121117 2 3 6
20121117 2 3 7
20121117 1 7 2
20121117 3 1 8
20121117 9 7 1
20121117 2 5 1
20121117 9 4 8
20121121 2 7 5
20121121 9 1 6
20121121 5 2 7
20121121 3 5 6
20121121 3 7 5
20121121 6 7 5
20121121 3 1 5
20121121 3 2 6
20121121 7 3 1
20121121 3 6 9
20121121 9 1 8
20121122 2 7 5
20121122 3 7 8
20121122 1 2 5
20121122 5 3 9
20121122 3 9 1
20121122 1 3 2
20121122 3 9 5
20121122 2 5 1
20121122 1 8 7
20121122 9 5 8
20121122 5 3 7
20121123 9 1 5
20121123 5 7 2
20121123 5 7 3
20121123 2 3 9
20121123 2 9 3
20121123 7 9 8
20121123 2 8 9
20121123 9 2 6
20121123 2 5 9
20121123 1 6 7
20121123 2 5 1
20121219 4 3 7
20121219 1 5 3
20121219 1 4 2
20121219 3 7 1
20121219 4 7 3
20121219 1 9 7
20121219 7 3 1
20121219 5 1 3
20121219 2 5 9
20121219 1 7 3
20121219 7 8 2
20121220 1 5 3
20121220 1 4 5
20121220 1 3 2
20121220 4 7 2
20121220 7 3 5
20121220 1 3 5
20121220 9 5 1
20121220 1 2 8
20121220 1 7 2
20121220 5 1 3
20121220 1 5 8
20121221 1 4 7
20121221 1 5 6
20121221 6 4 7
20121221 4 3 7
20121221 4 5 2
20121221 9 8 3
20121221 2 6 5
20121221 7 8 2
20121221 1 9 7
20121221 1 5 4
20121221 7 8 9
20121225 7 2 5
20121225 2 9 5
20121225 9 1 5
20121225 7 3 2
20121225 4 3 7
20121225 5 7 9
20121225 8 2 7
20121225 5 2 7
20121225 1 7 4
20121225 9 2 3
20121225 7 8 1
20121226 1 7 4
20121226 3 1 5
20121226 7 2 3
20121226 6 3 1
20121226 3 2 8
20121226 3 4 7
20121226 1 9 7
20121226 2 5 9
20121226 3 9 2
20121226 5 2 6
20121226 9 2 1
20121227 1 5 6
20121227 9 1 3
20121227 7 1 4
20121227 2 9 6
20121227 3 7 9
20121227 3 7 8
20121227 3 7 9
20121227 4 8 7
20121227 5 1 6
20121227 9 1 2
20121227 6 1 9
20130117 2 4 5
20130117 2 1 7
20130117 1 4 7
20130117 5 1 2
20130117 1 7 2
20130117 6 1 9
20130117 7 3 8
20130117 7 9 2
20130117 1 9 4
20130117 5 1 3
20130117 3 9 5
20130118 1 7 3
20130118 1 7 6
20130118 1 2 3
20130118 1 5 6
20130118 1 7 3
20130118 3 7 1
20130118 1 6 5
20130118 2 4 5
20130118 1 5 2
20130118 2 5 4
20130118 3 4 7
20130119 2 7 5
20130119 1 4 7
20130119 3 2 6
20130119 1 4 7
20130119 5 1 9
20130119 7 1 5
20130119 7 2 6
20130119 7 3 1
20130119 1 7 5
20130119 1 4 7
20130119 1 9 5
20130212 7 3 9
20130212 5 4 3
20130212 2 7 3
20130212 2 7 3
20130212 3 9 8
20130212 9 3 7
20130212 5 1 2
20130212 7 1 5
20130212 8 5 1
20130212 2 1 5
20130212 1 2 4
20130213 7 9 1
20130213 1 9 2
20130213 7 6 5
20130213 1 7 4
20130213 1 8 2
20130213 1 7 2
20130213 3 2 9
20130213 5 1 7
20130213 6 2 5
20130213 2 7 9
20130213 7 2 9
20130213 1 3 2
20130214 2 4 7
20130214 2 7 9
20130214 8 7 3
20130214 2 9 4
20130214 9 1 3
20130214 3 2 5
20130214 5 7 8
20130214 9 3 4
20130214 9 4 2
20130214 1 8 5
20130214 8 1 5
20130325 1 6 5
20130325 2 7 1
20130325 1 5 7
20130325 1 4 2
20130325 1 2 3
20130325 7 1 9
20130325 5 1 7
20130325 3 8 5
20130325 1 7 2
20130325 3 7 1
20130325 5 2 9
20130326 5 3 7
20130326 4 1 3
20130326 7 6 3
20130326 1 7 5
20130326 4 7 2
20130326 1 2 3
20130326 2 7 5
20130326 1 3 7
20130326 8 5 1
20130326 2 4 3
20130326 1 7 5
20130327 7 3 1
20130327 1 7 5
20130327 2 5 4
20130327 1 7 5
20130327 4 5 1
20130327 5 3 7
20130327 1 8 7
20130327 9 3 5
20130327 2 3 5
20130327 1 5 3
20130327 9 1 4
20130417 1 7 4
20130417 4 1 7
20130417 1 4 7
20130417 2 4 1
20130417 2 1 6
20130417 3 4 2
20130417 8 3 5
20130417 7 9 2
20130417 2 9 6
20130417 5 7 9
20130418 7 2 5
20130418 4 7 2
20130418 4 1 6
20130418 3 5 1
20130418 1 2 3
20130418 1 8 5
20130418 2 3 7
20130418 4 7 1
20130418 1 9 3
20130418 1 2 9
20130419 3 1 2
20130419 1 4 3
20130419 1 7 4
20130419 5 2 4
20130419 9 5 7
20130419 1 2 5
20130419 3 9 1
20130419 3 2 9
20130419 1 2 4
20130419 1 7 9
20130523 1 5 4
20130523 1 7 5
20130523 5 1 7
20130523 1 5 7
20130523 1 7 3
20130523 7 1 2
20130523 3 7 9
20130523 2 7 3
20130523 9 2 4
20130523 2 5 4
20130524 1 4 7
20130524 1 7 3
20130524 5 4 7
20130524 5 7 4
20130524 1 5 7
20130524 1 4 2
20130524 2 3 6
20130524 1 3 5
20130524 3 1 2
20130524 1 3 4
20130524 9 7 2
20130525 5 3 1
20130525 1 4 7
20130525 7 1 3
20130525 4 1 3
20130525 7 1 9
20130525 7 1 9
20130525 2 5 1
20130525 2 3 1
20130525 1 5 4
20130525 3 4 9
20130626 3 5 4
20130626 1 2 3
20130626 3 5 1
20130626 5 4 1
20130626 7 1 4
20130626 7 1 8
20130626 1 9 4
20130626 3 7 1
20130626 2 3 9
20130626 3 7 9
20130627 1 2 4
20130627 1 5 7
20130627 5 2 7
20130627 5 1 7
20130627 1 4 3
20130627 7 3 4
20130627 3 7 8
20130627 2 3 9
20130627 2 9 3
20130627 3 1 7
20130627 5 7 6
20130628 3 5 2
20130628 4 7 1
20130628 2 3 6
20130628 5 1 6
20130628 9 5 7
20130628 9 5 7
20130628 9 1 7
20130628 2 4 1
20130628 5 2 3
20130628 1 3 5
20130716 9 3 5
20130716 3 5 4
20130716 3 7 5
20130716 5 1 2
20130716 9 1 2
20130716 4 3 8
20130716 9 5 7
20130716 2 5 7
20130716 1 9 2
20130716 2 4 6
20130716 8 2 3
20130717 2 1 5
20130717 5 2 1
20130717 7 5 3
20130717 2 9 1
20130717 5 6 7
20130717 2 9 3
20130717 8 1 9
20130717 3 7 6
20130717 5 1 3
20130717 3 8 9
20130717 2 9 3
20130718 9 1 2
20130718 2 9 6
20130718 3 7 4
20130718 6 9 3
20130718 3 5 4
20130718 8 1 2
20130718 1 3 7
20130718 5 7 9
20130718 3 7 1
20130718 1 9 4
20130718 3 5 1
20130802 1 4 3
20130802 5 7 3
20130802 3 5 2
20130802 7 5 8
20130802 3 1 9
20130802 4 7 2
20130802 7 1 3
20130802 9 2 3
20130802 5 1 9
20130802 1 7 4
20130802 7 2 5
20130802 7 2 8
20130803 5 7 3
20130803 5 9 8
20130803 1 2 5
20130803 1 3 6
20130803 7 9 1
20130803 3 2 1
20130803 5 4 1
20130803 9 1 5
20130803 7 5 3
20130803 3 4 7
20130803 1 9 6
20130803 1 2 8
20130804 9 7 2
20130804 7 8 5
20130804 1 5 4
20130804 1 9 7
20130804 2 7 3
20130804 4 1 8
20130804 3 1 8
20130804 3 2 7
20130804 2 5 9
20130804 4 8 3
20130804 5 1 3
20130804 9 1 5
20130822 1 2 7
20130822 1 5 6
20130822 1 5 7
20130822 1 2 4
20130822 1 4 7
20130822 4 3 7
20130822 7 9 8
20130822 2 7 1
20130822 7 4 3
20130822 7 4 5
20130822 3 7 2
20130823 1 3 4
20130823 1 7 2
20130823 2 1 4
20130823 1 7 4
20130823 7 1 4
20130823 1 8 9
20130823 7 1 3
20130823 4 2 3
20130823 2 4 5
20130823 1 3 2
20130824 1 7 4
20130824 7 5 3
20130824 7 5 2
20130824 5 1 7
20130824 1 7 2
20130824 1 7 9
20130824 5 1 9
20130824 2 9 3
20130824 1 3 4
20130824 3 8 2
20130828 3 9 1
20130828 1 5 6
20130828 2 7 5
20130828 3 7 5
20130828 5 7 1
20130828 7 1 4
20130828 1 5 2
20130828 2 1 4
20130828 2 7 1
20130828 2 7 5
20130828 7 1 4
20130828 7 1 5
20130829 7 9 1
20130829 2 5 8
20130829 2 4 7
20130829 9 1 7
20130829 3 1 5
20130829 3 8 7
20130829 1 7 2
20130829 5 1 2
20130829 5 1 7
20130829 5 3 1
20130829 2 7 9
20130830 9 7 1
20130830 2 7 3
20130830 1 2 9
20130830 2 9 1
20130830 7 8 4
20130830 3 6 1
20130830 9 3 8
20130830 1 7 6
20130830 3 9 2
20130830 5 1 2
20130830 2 5 3
20130917 1 2 7
20130917 5 1 3
20130917 4 2 1
20130917 1 4 2
20130917 1 4 5
20130917 3 8 4
20130917 2 7 8
20130917 3 9 1
20130917 5 7 1
20130917 8 9 4
20130918 1 5 4
20130918 5 3 1
20130918 3 7 4
20130918 1 7 3
20130918 1 3 5
20130918 3 2 7
20130918 1 2 3
20130918 3 1 9
20130918 1 6 7
20130918 3 1 8
20130919 1 7 4
20130919 1 7 4
20130919 1 6 7
20130919 1 5 4
20130919 6 2 5
20130919 7 3 9
20130919 5 1 7
20130919 5 3 1
20130919 1 3 7
20130919 6 9 5
20130925 3 1 5
20130925 2 7 3
20130925 1 5 7
20130925 1 7 5
20130925 1 4 2
20130925 1 9 4
20130925 9 1 4
20130925 3 7 1
20130925 1 5 7
20130925 7 2 5
20130925 8 1 2
20130926 5 6 1
20130926 1 3 2
20130926 5 2 6
20130926 1 5 2
20130926 1 4 3
20130926 9 1 5
20130926 5 7 1
20130926 2 9 4
20130926 1 7 8
20130926 3 9 1
20130927 1 7 5
20130927 7 1 2
20130927 1 5 3
20130927 1 5 6
20130927 5 1 4
20130927 9 7 3
20130927 1 2 7
20130927 2 3 9
20130927 1 3 7
20130927 5 7 9
20131012 1 5 7
20131012 1 6 2
20131012 5 3 9
20131012 2 5 7
20131012 7 1 5
20131012 2 9 3
20131012 9 7 5
20131012 1 8 5
20131012 2 7 9
20131012 3 6 2
20131012 1 3 7
20131013 3 7 1
20131013 5 7 3
20131013 4 1 5
20131013 5 6 7
20131013 5 7 2
20131013 9 2 3
20131013 9 7 1
20131013 1 3 5
20131013 2 6 7
20131013 3 9 1
20131013 5 7 8
20131014 6 9 5
20131014 3 7 9
20131014 6 2 9
20131014 1 5 9
20131014 5 7 2
20131014 6 9 5
20131014 2 4 6
20131014 9 2 7
20131014 9 5 4
20131014 2 1 7
20131014 9 5 3
20131015 1 9 3
20131015 2 4 9
20131015 4 3 9
20131015 1 5 2
20131015 5 2 8
20131015 9 2 5
20131015 1 8 4
20131015 5 7 1
20131015 2 8 1
20131015 1 9 5
20131015 2 7 3
20131101 1 7 3
20131101 1 2 4
20131101 1 5 2
20131101 1 3 7
20131101 1 4 2
20131101 1 5 2
20131101 3 5 1
20131101 1 5 3
20131101 2 1 9
20131101 5 8 9
20131101 5 9 8
20131102 4 1 7
20131102 1 7 5
20131102 1 6 4
20131102 1 3 2
20131102 4 5 3
20131102 5 7 1
20131102 2 3 9
20131102 3 9 2
20131102 3 7 1
20131102 1 5 3
20131103 1 3 5
20131103 1 4 3
20131103 1 3 4
20131103 1 5 2
20131103 7 2 1
20131103 8 1 6
20131103 5 1 6
20131103 1 2 7
20131103 1 4 2
20131103 1 7 3
20131114 4 1 7
20131114 1 4 7
20131114 1 3 7
20131114 7 2 6
20131114 1 2 4
20131114 9 1 3
20131114 4 2 9
20131114 5 9 3
20131114 2 1 9
20131114 7 6 4
20131115 7 3 4
20131115 1 7 4
20131115 1 3 5
20131115 6 3 1
20131115 1 7 4
20131115 5 2 6
20131115 3 7 2
20131115 3 7 2
20131115 3 8 7
20131115 9 3 5
20131116 1 5 7
20131116 1 2 5
20131116 3 4 1
20131116 1 7 3
20131116 7 8 1
20131116 9 2 7
20131116 3 5 2
20131116 1 2 8
20131116 1 3 5
20131116 1 5 2
20131203 3 7 1
20131203 5 1 7
20131203 7 9 5
20131203 1 2 5
20131203 7 5 3
20131203 6 1 8
20131203 9 2 4
20131203 5 7 3
20131203 2 3 7
20131203 3 2 5
20131203 1 3 8
20131204 4 2 1
20131204 4 7 2
20131204 4 5 3
20131204 9 3 6
20131204 3 5 9
20131204 3 9 5
20131204 9 1 3
20131204 9 2 1
20131204 4 3 7
20131204 3 7 2
20131204 4 1 9
20131204 9 4 1
20131205 3 5 2
20131205 9 1 3
20131205 5 1 2
20131205 9 4 3
20131205 1 7 3
20131205 4 8 3
20131205 5 4 3
20131205 7 1 8
20131205 7 6 1
20131205 3 7 4
20131205 1 9 2
20140101 3 4 9
20140101 7 9 2
20140101 1 2 5
20140101 3 5 8
20140101 9 2 4
20140101 5 2 3
20140101 9 3 7
20140101 3 5 4
20140101 3 4 1
20140101 1 2 5
20140101 7 1 5
20140102 9 3 4
20140102 9 1 2
20140102 8 2 9
20140102 7 1 4
20140102 9 1 2
20140102 3 2 9
20140102 8 2 9
20140102 7 1 9
20140102 1 7 6
20140102 2 7 5
20140102 3 5 6
20140103 8 5 6
20140103 5 3 6
20140103 1 9 2
20140103 7 2 9
20140103 7 8 1
20140103 1 5 3
20140103 3 1 6
20140103 9 3 5
20140103 6 4 5
20140103 7 1 9
20140103 1 7 9
20140131 4 1 3
20140131 5 6 1
20140131 1 3 6
20140131 7 1 6
20140131 1 2 5
20140131 1 2 4
20140131 2 5 7
20140131 5 2 9
20140131 3 9 1
20140131 2 1 9
20140131 7 3 5
20140131 2 4 3
20140201 4 1 2
20140201 4 1 5
20140201 1 3 6
20140201 1 7 2
20140201 1 7 3
20140201 5 2 6
20140201 7 5 1
20140201 7 5 2
20140201 9 5 7
20140201 9 7 1
20140201 2 5 9
20140201 8 5 3
20140202 3 1 2
20140202 1 5 4
20140202 7 1 5
20140202 1 4 3
20140202 2 5 4
20140202 2 4 5
20140202 2 6 9
20140202 1 7 5
20140202 6 2 1
20140202 7 1 2
20140202 1 3 2
20140202 3 2 7
20140205 7 3 1
20140205 1 2 6
20140205 3 6 5
20140205 1 3 2
20140205 1 7 5
20140205 7 1 3
20140205 5 3 9
20140205 2 5 9
20140205 2 7 9
20140205 7 2 9
20140206 1 7 2
20140206 2 4 1
20140206 1 4 7
20140206 7 2 5
20140206 1 5 2
20140206 9 4 2
20140206 7 2 5
20140206 1 3 9
20140206 1 3 2
20140206 2 7 9
20140207 4 1 3
20140207 7 5 1
20140207 3 4 7
20140207 3 5 1
20140207 1 7 3
20140207 1 5 4
20140207 2 5 4
20140207 6 1 8
20140207 1 6 4
20140207 2 5 4
20140304 4 7 1
20140304 2 7 4
20140304 2 1 7
20140304 1 3 7
20140304 5 3 1
20140304 3 1 2
20140304 1 3 8
20140304 9 2 5
20140304 1 9 8
20140304 3 2 4
20140305 4 3 5
20140305 4 7 3
20140305 5 3 1
20140305 1 6 2
20140305 3 1 7
20140305 3 4 8
20140305 3 5 9
20140305 7 1 8
20140305 9 5 4
20140305 7 5 8
20140306 5 7 4
20140306 1 7 4
20140306 2 1 4
20140306 1 5 3
20140306 4 9 1
20140306 9 1 6
20140306 5 6 2
20140306 5 1 7
20140306 3 1 7
20140306 3 5 2
20140324 2 7 1
20140324 1 9 5
20140324 1 3 2
20140324 4 1 2
20140324 2 5 9
20140324 2 9 8
20140324 3 1 5
20140324 3 7 9
20140324 1 3 9
20140324 2 5 7
20140324 9 6 2
20140325 4 2 3
20140325 1 7 5
20140325 6 9 2
20140325 7 2 1
20140325 3 9 4
20140325 1 2 9
20140325 5 1 9
20140325 3 7 4
20140325 1 6 3
20140325 7 1 4
20140325 4 7 1
20140326 6 4 3
20140326 1 5 6
20140326 3 1 9
20140326 7 1 3
20140326 1 3 2
20140326 2 5 3
20140326 1 8 7
20140326 5 9 1
20140326 7 2 6
20140326 5 7 1
20140326 1 2 3
20140409 1 5 3
20140409 1 4 7
20140409 1 7 3
20140409 3 1 5
20140409 1 4 5
20140409 9 5 1
20140409 9 3 1
20140409 9 5 7
20140409 5 7 6
20140409 2 9 4
20140410 5 7 1
20140410 1 7 2
20140410 1 2 7
20140410 6 1 5
20140410 1 5 3
20140410 7 1 5
20140410 8 1 7
20140410 1 3 4
20140410 2 3 7
20140410 9 1 3
20140411 4 1 5
20140411 1 5 2
20140411 4 3 2
20140411 1 5 3
20140411 8 7 5
20140411 3 7 4
20140411 2 1 9
20140411 9 5 1
20140411 4 1 6
20140411 7 8 3
20140430 7 2 5
20140430 5 6 3
20140430 3 1 4
20140430 1 4 5
20140430 1 3 2
20140430 1 4 7
20140430 3 4 1
20140430 1 2 3
20140430 9 1 5
20140430 8 5 9
20140501 1 7 2
20140501 1 2 4
20140501 2 3 1
20140501 1 7 5
20140501 1 6 7
20140501 5 3 2
20140501 1 9 8
20140501 4 1 7
20140501 5 2 6
20140501 1 9 2
20140502 6 1 2
20140502 4 3 1
20140502 6 4 2
20140502 4 3 2
20140502 2 7 5
20140502 7 4 1
20140502 2 4 7
20140502 9 1 7
20140502 1 5 6
20140502 3 9 6
20140519 7 5 3
20140519 7 2 3
20140519 2 1 7
20140519 1 9 3
20140519 9 2 7
20140519 8 5 3
20140519 8 5 3
20140519 5 3 6
20140519 8 3 5
20140519 9 1 4
20140519 3 1 8
20140520 2 1 7
20140520 2 3 7
20140520 2 3 9
20140520 5 7 8
20140520 1 5 7
20140520 2 1 5
20140520 5 7 1
20140520 2 9 7
20140520 3 1 9
20140520 9 5 1
20140520 7 5 1
20140521 7 2 1
20140521 9 7 2
20140521 9 3 2
20140521 4 8 5
20140521 1 2 7
20140521 3 4 2
20140521 1 4 9
20140521 8 6 7
20140521 1 7 9
20140521 1 5 7
20140521 9 3 1
20140602 1 2 4
20140602 1 2 6
20140602 5 1 7
20140602 1 5 4
20140602 3 2 1
20140602 2 7 5
20140602 7 1 3
20140602 3 7 4
20140602 2 4 8
20140602 2 4 3
20140603 1 5 2
20140603 1 2 5
20140603 1 3 6
20140603 1 7 2
20140603 1 5 3
20140603 7 2 5
20140603 2 5 1
20140603 2 7 3
20140603 7 9 3
20140603 5 1 3
20140604 1 2 4
20140604 1 4 5
20140604 1 4 5
20140604 1 6 3
20140604 1 3 4
20140604 7 9 3
20140604 3 9 2
20140604 1 5 3
20140604 4 3 7
20140604 1 3 4
20140712 7 1 6
20140712 1 7 5
20140712 1 7 3
20140712 1 2 4
20140712 4 2 7
20140712 7 3 2
20140712 5 2 1
20140712 3 7 9
20140712 3 9 4
20140712 9 7 1
20140713 3 2 1
20140713 3 1 5
20140713 3 4 2
20140713 4 3 5
20140713 3 4 1
20140713 1 5 4
20140713 3 9 5
20140713 7 8 9
20140713 1 2 4
20140713 1 9 8
20140715 9 1 7
20140715 2 7 9
20140715 9 2 6
20140715 2 4 9
20140715 2 9 6
20140715 2 7 5
20140715 2 5 8
20140715 1 9 4
20140715 2 5 7
20140715 3 4 2
20140715 7 1 8
20140716 2 1 7
20140716 6 7 1
20140716 3 5 1
20140716 9 1 5
20140716 3 7 5
20140716 7 3 2
20140716 2 9 8
20140716 5 9 3
20140716 1 5 3
20140716 7 1 5
20140716 8 7 3
20140717 6 5 7
20140717 8 2 3
20140717 7 8 2
20140717 5 2 4
20140717 9 2 1
20140717 7 2 5
20140717 3 1 7
20140717 3 1 7
20140717 7 2 1
20140717 1 2 4
20140717 1 9 2
20140731 2 1 5
20140731 1 7 5
20140731 1 5 4
20140731 1 7 5
20140731 2 3 4
20140731 5 3 1
20140731 3 2 7
20140731 4 1 7
20140731 2 5 1
20140731 3 5 9
20140731 1 3 8
20140731 1 2 7
20140801 1 3 2
20140801 4 1 7
20140801 1 4 7
20140801 1 7 2
20140801 4 2 7
20140801 1 5 4
20140801 3 2 4
20140801 4 2 1
20140801 9 3 2
20140801 5 3 8
20140801 9 2 7
20140801 7 9 4
20140802 2 3 4
20140802 5 4 7
20140802 2 1 3
20140802 1 5 3
20140802 3 6 1
20140802 1 9 7
20140802 9 1 7
20140802 2 8 9
20140802 5 1 9
20140802 5 9 1
20140802 5 6 2
20140802 2 5 7
20140802 1 5 6
20140802 2 3 8
20140811 9 3 4
20140811 3 9 2
20140811 3 9 8
20140811 4 6 7
20140811 8 7 4
20140811 3 1 7
20140811 2 5 1
20140811 2 7 5
20140811 3 8 5
20140811 6 2 4
20140811 1 7 2
20140811 7 3 2
20140812 9 1 7
20140812 7 1 5
20140812 1 7 2
20140812 2 1 5
20140812 5 2 1
20140812 2 9 7
20140812 2 1 6
20140812 3 9 4
20140812 5 1 8
20140812 2 9 8
20140812 1 3 4
20140813 1 7 8
20140813 9 5 4
20140813 2 9 5
20140813 2 1 9
20140813 6 2 8
20140813 4 1 8
20140813 5 9 2
20140813 2 9 4
20140813 2 7 1
20140813 7 2 4
20140813 1 2 4
20141011 1 7 3
20141011 2 7 3
20141011 3 7 1
20141011 2 9 5
20141011 5 4 1
20141011 1 9 3
20141011 2 7 5
20141011 1 9 2
20141011 1 7 3
20141011 8 5 2
20141011 1 3 2
20141011 7 5 6
20141012 1 6 5
20141012 1 9 3
20141012 9 2 4
20141012 3 5 9
20141012 3 1 8
20141012 2 3 8
20141012 7 2 9
20141012 3 4 6
20141012 3 7 2
20141012 1 7 3
20141012 2 7 9
20141012 3 1 9
20141014 1 7 5
20141014 1 3 4
20141014 4 1 7
20141014 2 5 8
20141014 1 5 7
20141014 5 7 3
20141014 2 7 5
20141014 7 2 4
20141014 9 5 3
20141014 3 9 1
20141014 2 3 4
20141014 5 2 4
20141015 1 5 6
20141015 4 2 9
20141015 2 3 7
20141015 9 3 7
20141015 5 1 9
20141015 2 7 4
20141015 1 5 8
20141015 2 4 9
20141015 5 6 2
20141015 2 3 4
20141015 6 2 3
20141023 5 1 3
20141023 2 5 1
20141023 1 7 5
20141023 4 1 6
20141023 7 5 2
20141023 1 9 5
20141023 9 2 5
20141023 3 7 1
20141023 9 5 4
20141023 7 3 1
20141024 7 1 3
20141024 5 2 4
20141024 1 4 3
20141024 5 1 2
20141024 2 7 3
20141024 7 2 9
20141024 1 3 8
20141024 1 5 9
20141024 2 1 9
20141024 5 2 7
20141025 1 3 7
20141025 1 5 7
20141025 2 5 7
20141025 1 2 3
20141025 5 8 9
20141025 5 2 9
20141025 7 3 1
20141025 2 9 1
20141025 1 3 7
20141025 3 9 4
20141118 5 2 4
20141118 1 2 7
20141118 1 7 4
20141118 1 4 5
20141118 1 7 2
20141118 7 5 3
20141118 1 4 2
20141118 5 1 3
20141118 3 7 1
20141118 1 5 9
20141118 2 1 5
20141118 1 8 4
20141119 1 3 2
20141119 2 1 5
20141119 1 4 2
20141119 1 5 4
20141119 1 3 7
20141119 1 2 6
20141119 7 5 6
20141119 5 3 6
20141119 5 3 2
20141119 1 4 8
20141119 3 2 7
20141119 2 8 5
20141120 2 4 6
20141120 5 2 6
20141120 1 5 7
20141120 5 7 4
20141120 6 1 2
20141120 9 5 7
20141120 1 3 9
20141120 2 8 1
20141120 7 2 5
20141120 4 2 1
20141120 6 3 4
20141120 1 4 3
20141217 2 4 6
20141217 1 7 4
20141217 1 7 3
20141217 1 4 5
20141217 7 1 4
20141217 7 5 2
20141217 3 5 1
20141217 5 2 9
20141217 5 9 2
20141217 5 3 7
20141218 6 5 4
20141218 1 7 4
20141218 7 1 5
20141218 1 2 5
20141218 1 5 2
20141218 5 9 6
20141218 3 7 4
20141218 2 9 7
20141218 2 7 5
20141218 1 2 8
20141219 3 1 5
20141219 6 1 3
20141219 7 3 1
20141219 3 7 1
20141219 9 5 6
20141219 3 7 4
20141219 3 9 4
20141219 3 4 8
20141219 4 5 7
20141219 2 9 7
20141225 1 3 5
20141225 2 9 1
20141225 9 2 3
20141225 5 1 9
20141225 3 7 1
20141225 2 3 7
20141225 4 9 2
20141225 1 3 9
20141225 9 3 8
20141225 1 8 9
20141225 6 5 8
20141226 1 9 2
20141226 2 8 5
20141226 1 8 2
20141226 9 7 3
20141226 5 1 9
20141226 1 9 4
20141226 5 1 8
20141226 2 9 4
20141226 1 2 7
20141226 9 8 1
20141226 1 8 4
20141227 4 7 1
20141227 1 9 4
20141227 1 9 6
20141227 5 9 1
20141227 5 6 7
20141227 4 1 2
20141227 4 3 9
20141227 1 4 7
20141227 9 2 3
20141227 9 3 6
20141227 2 5 1
20150115 5 1 3
20150115 6 1 7
20150115 1 3 5
20150115 1 2 5
20150115 1 4 7
20150115 9 2 1
20150115 2 7 4
20150115 5 3 9
20150115 4 3 7
20150115 5 3 2
20150116 2 4 5
20150116 4 6 2
20150116 1 5 2
20150116 2 6 1
20150116 1 2 4
20150116 7 9 4
20150116 3 7 5
20150116 6 9 2
20150116 1 5 3
20150116 1 5 7
20150117 1 5 6
20150117 1 7 2
20150117 6 2 5
20150117 1 4 3
20150117 7 9 2
20150117 5 1 7
20150117 2 7 1
20150117 2 3 7
20150117 2 4 3
20150117 1 2 9
20150203 9 3 4
20150203 5 9 1
20150203 1 5 8
20150203 5 2 3
20150203 7 9 1
20150203 4 1 3
20150203 1 7 5
20150203 5 3 1
20150203 1 2 8
20150203 7 9 1
20150203 1 8 6
20150204 9 5 4
20150204 9 5 2
20150204 4 5 2
20150204 3 5 1
20150204 8 4 7
20150204 1 4 3
20150204 9 4 5
20150204 9 1 3
20150204 3 7 2
20150204 1 9 2
20150204 5 2 9
20150205 9 2 3
20150205 1 7 5
20150205 2 8 5
20150205 2 1 5
20150205 1 7 2
20150205 7 2 9
20150205 7 2 5
20150205 9 1 5
20150205 1 7 9
20150205 2 3 8
20150205 1 3 2
20150225 1 7 6
20150225 2 8 5
20150225 2 9 7
20150225 1 4 5
20150225 5 2 9
20150225 3 5 2
20150225 7 2 6
20150225 1 3 2
20150225 1 9 2
20150225 9 6 1
20150225 1 3 7
20150226 3 1 5
20150226 1 9 2
20150226 9 1 3
20150226 3 1 9
20150226 9 7 5
20150226 1 9 6
20150226 5 2 7
20150226 1 9 6
20150226 1 6 7
20150226 2 7 8
20150226 7 1 3
20150227 7 3 2
20150227 1 5 9
20150227 2 9 7
20150227 8 3 2
20150227 5 3 1
20150227 9 2 4
20150227 8 4 7
20150227 7 1 9
20150227 3 1 7
20150227 2 7 3
20150227 9 2 1
20150327 5 1 2
20150327 4 1 5
20150327 2 1 5
20150327 5 3 4
20150327 1 7 4
20150327 1 7 5
20150327 2 7 4
20150327 1 7 3
20150327 2 1 5
20150327 2 3 5
20150327 2 9 1
20150327 8 5 1
20150328 1 3 2
20150328 4 1 7
20150328 3 5 2
20150328 4 2 1
20150328 5 1 2
20150328 4 2 1
20150328 7 5 1
20150328 4 9 6
20150328 3 7 4
20150328 3 6 4
20150328 3 8 7
20150328 3 7 8
20150329 1 7 6
20150329 1 7 4
20150329 4 1 7
20150329 1 4 3
20150329 4 2 7
20150329 3 1 7
20150329 1 5 3
20150329 2 5 9
20150329 7 9 2
20150329 2 7 4
20150329 1 7 3
20150329 4 9 3
20150416 7 1 5
20150416 1 5 4
20150416 1 3 7
20150416 1 5 3
20150416 2 1 6
20150416 3 1 9
20150416 5 7 9
20150416 5 2 3
20150416 3 9 7
20150416 1 4 5
20150417 1 4 2
20150417 7 3 5
20150417 2 4 3
20150417 1 5 2
20150417 3 7 6
20150417 9 3 2
20150417 7 3 1
20150417 7 3 2
20150417 5 1 7
20150417 9 2 4
20150418 1 2 6
20150418 7 5 2
20150418 1 4 3
20150418 7 1 3
20150418 9 2 1
20150418 1 9 5
20150418 1 9 6
20150418 1 2 7
20150418 5 7 4
20150418 3 4 2
20150512 7 1 5
20150512 3 2 7
20150512 1 9 7
20150512 2 5 7
20150512 3 9 1
20150512 2 1 7
20150512 1 3 9
20150512 9 7 1
20150512 5 3 2
20150512 1 7 2
20150512 8 5 4
20150513 2 8 5
20150513 1 7 9
20150513 5 7 3
20150513 3 8 1
20150513 7 1 5
20150513 7 8 6
20150513 3 1 4
20150513 7 4 2
20150513 8 6 2
20150513 3 9 6
20150513 9 2 3
20150514 7 4 8
20150514 2 3 9
20150514 5 7 9
20150514 1 3 7
20150514 2 5 7
20150514 5 1 7
20150514 1 2 9
20150514 7 1 3
20150514 9 1 4
20150514 1 5 4
20150514 5 9 4
20150522 3 5 1
20150522 2 7 4
20150522 1 3 5
20150522 1 4 3
20150522 1 3 4
20150522 2 6 1
20150522 5 4 1
20150522 7 8 2
20150522 3 7 5
20150522 4 5 9
20150522 2 4 5
20150522 1 9 3
20150523 4 7 1
20150523 7 1 3
20150523 7 1 4
20150523 3 5 7
20150523 1 5 2
20150523 4 3 7
20150523 7 5 1
20150523 2 1 3
20150523 9 1 7
20150523 1 4 7
20150523 9 1 2
20150523 2 3 1
20150524 1 4 2
20150524 4 1 6
20150524 5 1 4
20150524 1 3 4
20150524 1 4 3
20150524 2 5 3
20150524 3 1 9
20150524 2 4 8
20150524 7 1 9
20150524 7 3 1
20150524 4 1 7
20150524 9 1 8
20150610 3 5 1
20150610 3 1 5
20150610 2 5 7
20150610 1 7 2
20150610 7 1 2
20150610 3 9 2
20150610 2 1 3
20150610 2 1 9
20150610 1 3 9
20150610 3 7 5
20150610 3 7 2
20150610 4 6 3
