0 0 1
1 2 282
1 3 295
1 4 258
1 5 323
1 6 558
1 7 503
1 8 603
1 9 1069
1 10 1113
1 11 1489
1 12 1986
1 13 2883
1 14 5356
1 15 4317
1 16 5806
1 17 2169
1 18 2127
2 1 463
2 3 221
2 4 249
2 5 342
2 6 411
2 7 465
2 8 750
2 9 753
2 10 1040
2 11 1952
2 12 4521
2 13 2009
2 14 5095
2 15 5747
2 16 5797
2 17 4387
2 18 9318
3 1 552
3 2 345
3 4 381
3 5 478
3 6 527
3 7 673
3 8 815
3 9 1365
3 10 1180
3 11 2216
3 12 3006
3 13 2879
3 14 4058
3 15 5470
3 16 11532
3 17 7588
3 18 1821
4 1 420
4 2 469
4 3 404
4 5 484
4 6 741
4 7 722
4 8 949
4 9 1054
4 10 1391
4 11 2237
4 12 3608
4 13 4351
4 14 5229
4 15 5880
4 16 3970
4 17 1415
4 18 0
4 22 0
5 1 482
5 2 403
5 3 455
5 4 579
5 6 828
5 7 786
5 8 946
5 9 1520
5 10 2046
5 11 2449
5 12 3169
5 13 4553
5 14 5390
5 15 5762
5 16 6718
5 17 962
5 18 0
6 1 725
6 2 520
6 3 541
6 4 899
6 5 1279
6 6 0
6 7 1159
6 8 1248
6 9 1527
6 10 2464
6 11 3436
6 12 4714
6 13 4629
6 14 5232
6 15 5616
6 16 8391
6 17 0
6 18 0
7 1 977
7 2 930
7 3 847
7 4 974
7 5 930
7 6 1319
7 7 0
7 8 1526
7 9 1639
7 10 2505
7 11 4943
7 12 6379
7 13 4991
7 14 7379
7 15 9023
7 16 10705
7 17 0
7 18 0
8 1 1902
8 2 801
8 3 1134
8 4 1469
8 5 1797
8 6 1916
8 7 1795
8 9 2574
8 10 2512
8 11 3379
8 12 3602
8 13 5828
8 14 10774
8 15 5225
8 16 9046
8 17 0
8 18 0
9 1 1132
9 2 1177
9 3 1349
9 4 1455
9 5 1777
9 6 1545
9 7 1895
9 8 2792
9 10 3121
9 11 3907
9 12 4350
9 13 5866
9 14 5963
9 15 7650
9 16 3149
9 17 0
9 18 0
10 1 1832
10 2 1772
10 3 1884
10 4 1883
10 5 3229
10 6 2003
10 7 2975
10 8 3888
10 9 3318
10 11 4887
10 12 6623
10 13 7642
10 14 4057
10 15 4995
10 16 3996
10 17 0
10 18 0
11 1 4038
11 2 2518
11 3 2254
11 4 2142
11 5 3484
11 6 5382
11 7 4459
11 8 4648
11 9 5995
11 10 5042
11 12 3671
11 13 8846
11 14 8705
11 15 6239
11 16 0
11 17 0
11 18 0
12 1 3915
12 2 3183
12 3 2629
12 4 3045
12 5 3294
12 6 5046
12 7 5243
12 8 6546
12 9 5183
12 10 8093
12 11 9117
12 13 8541
12 14 6539
12 15 0
12 16 1934
12 17 0
12 18 0
13 1 4893
13 2 4872
13 3 4560
13 4 3748
13 5 5961
13 6 7806
13 7 4599
13 8 7545
13 9 4244
13 10 9341
13 11 8700
13 12 4113
13 14 6493
13 15 1542
13 16 6266
13 17 0
14 1 6939
14 2 9531
14 3 5862
14 4 5213
14 5 6251
14 6 6011
14 7 6594
14 8 7772
14 9 9913
14 10 5971
14 11 9042
14 12 7854
14 13 9455
14 15 4051
14 16 1723
14 17 8883
15 1 6740
15 2 3767
15 3 8105
15 4 7991
15 5 6013
15 6 3510
15 7 8822
15 8 9385
15 9 8580
15 10 9362
15 11 5968
15 12 5394
15 13 0
15 14 5199
15 16 0
15 17 0
16 1 9447
16 2 5618
16 3 5269
16 4 5960
16 5 6849
16 6 12978
16 7 3365
16 8 2911
16 9 2880
16 10 5096
16 11 63
16 12 4121
16 13 2068
16 14 7543
16 15 0
17 1 28
17 2 0
17 3 8612
17 4 84
17 5 0
17 6 6203
17 7 0
17 8 0
17 9 0
17 10 0
17 11 0
17 12 0
17 13 0
17 15 0
17 18 0
18 1 0
18 2 0
18 3 0
18 4 0
18 5 0
18 6 0
18 8 0
18 9 0
18 10 0
18 11 0
18 12 0
18 17 0
20 10 0
20 14 0
22 5 0
