0 0 0 1
1 2 3 114
1 2 4 151
1 2 5 225
1 2 6 238
1 2 7 328
1 2 8 373
1 2 9 721
1 2 10 855
1 2 11 1702
1 2 12 1794
1 2 13 2458
1 2 14 3270
1 2 15 3857
1 2 16 4276
1 2 17 7026
1 2 18 0
1 3 4 173
1 3 5 275
1 3 6 326
1 3 7 690
1 3 8 738
1 3 9 1171
1 3 10 939
1 3 11 1555
1 3 12 1948
1 3 13 2782
1 3 14 3939
1 3 15 5088
1 3 16 7081
1 3 17 0
1 3 18 3677
1 4 5 305
1 4 6 417
1 4 7 671
1 4 8 796
1 4 9 1410
1 4 10 1079
1 4 11 2082
1 4 12 2959
1 4 13 4374
1 4 14 6615
1 4 15 7961
1 4 16 8718
1 4 17 1293
1 4 18 0
1 5 6 532
1 5 7 747
1 5 8 1053
1 5 9 1057
1 5 10 2836
1 5 11 1747
1 5 12 3901
1 5 13 3427
1 5 14 6708
1 5 15 5634
1 5 16 7227
1 5 17 0
1 5 18 0
1 6 7 1113
1 6 8 1294
1 6 9 1333
1 6 10 2187
1 6 11 2526
1 6 12 3140
1 6 13 3755
1 6 14 7578
1 6 15 8374
1 6 16 8391
1 6 17 2829
1 6 18 0
1 7 8 1222
1 7 9 1656
1 7 10 2042
1 7 11 2599
1 7 12 3760
1 7 13 4506
1 7 14 5783
1 7 15 6822
1 7 16 9693
1 7 17 0
1 8 9 2064
1 8 10 2585
1 8 11 3635
1 8 12 5144
1 8 13 5335
1 8 14 8113
1 8 15 5100
1 8 16 10444
1 8 17 5139
1 8 18 0
1 9 10 2447
1 9 11 3941
1 9 12 4574
1 9 13 4973
1 9 14 12778
1 9 15 9928
1 9 16 4482
1 9 17 0
1 9 18 0
1 10 11 3635
1 10 12 5242
1 10 13 7258
1 10 14 11976
1 10 15 9016
1 10 16 7770
1 11 12 5172
1 11 13 7996
1 11 14 5789
1 11 15 4796
1 11 16 0
1 11 17 1434
1 11 18 1696
1 12 13 5845
1 12 14 6539
1 12 15 4928
1 12 16 2241
1 12 17 0
1 13 14 2998
1 13 15 4461
1 13 16 0
1 13 17 2647
1 14 15 7593
1 14 16 0
1 14 17 0
1 15 16 0
1 15 17 0
1 17 18 0
2 3 4 353
2 3 5 409
2 3 6 519
2 3 7 756
2 3 8 1051
2 3 9 1143
2 3 10 1225
2 3 11 1986
2 3 12 2144
2 3 13 3706
2 3 14 4002
2 3 15 9730
2 3 16 7825
2 3 17 2466
2 3 18 0
2 4 5 554
2 4 6 918
2 4 7 739
2 4 8 1626
2 4 9 1509
2 4 10 2822
2 4 11 2674
2 4 12 5852
2 4 13 4572
2 4 14 4048
2 4 15 7017
2 4 16 7283
2 4 17 0
2 4 18 0
2 5 6 838
2 5 7 956
2 5 8 1368
2 5 9 2692
2 5 10 2446
2 5 11 3698
2 5 12 5387
2 5 13 4909
2 5 14 3464
2 5 15 7552
2 5 16 3233
2 5 18 4599
2 6 7 1746
2 6 8 1648
2 6 9 2357
2 6 10 2888
2 6 11 4349
2 6 12 3291
2 6 13 6371
2 6 14 5884
2 6 15 4912
2 6 16 9987
2 6 17 0
2 6 18 0
2 7 8 1825
2 7 9 2617
2 7 10 3739
2 7 11 6914
2 7 12 6061
2 7 13 4652
2 7 14 9953
2 7 15 9979
2 7 16 107
2 7 17 0
2 7 18 0
2 8 9 4651
2 8 10 3182
2 8 11 11791
2 8 12 6436
2 8 13 6633
2 8 14 4821
2 8 15 5830
2 8 16 5850
2 8 17 0
2 9 10 4779
2 9 11 4450
2 9 12 11285
2 9 13 9389
2 9 14 7989
2 9 15 6018
2 9 16 0
2 9 18 0
2 10 11 7386
2 10 12 7709
2 10 13 3770
2 10 14 6637
2 10 15 2238
2 10 16 0
2 10 17 0
2 11 12 6714
2 11 13 4775
2 11 14 7451
2 11 15 163
2 11 16 0
2 11 17 0
2 12 13 9784
2 12 14 11689
2 12 15 5962
2 12 16 4121
2 12 17 0
2 13 14 10314
2 13 15 1022
2 13 16 0
2 13 17 0
2 14 15 0
2 14 16 1906
2 14 17 0
3 4 5 643
3 4 6 954
3 4 7 1221
3 4 8 1741
3 4 9 1771
3 4 10 3748
3 4 11 2954
3 4 12 5556
3 4 13 6389
3 4 14 5473
3 4 15 6418
3 4 16 2558
3 4 17 131
3 5 6 1140
3 5 7 1898
3 5 8 1725
3 5 9 3302
3 5 10 3058
3 5 11 3635
3 5 12 4533
3 5 13 4466
3 5 14 7415
3 5 15 5577
3 5 16 8143
3 5 17 7588
3 6 7 1535
3 6 8 2615
3 6 9 3173
3 6 10 3612
3 6 11 4431
3 6 12 4565
3 6 13 8198
3 6 14 9223
3 6 15 10804
3 6 16 10422
3 6 17 0
3 7 8 3393
3 7 9 2819
3 7 10 3771
3 7 11 3982
3 7 12 4433
3 7 13 7656
3 7 14 5623
3 7 15 7345
3 7 16 8092
3 7 17 0
3 7 18 0
3 8 9 5769
3 8 10 4103
3 8 11 4273
3 8 12 6464
3 8 13 9623
3 8 14 4701
3 8 15 331
3 8 16 2712
3 9 10 5440
3 9 11 6588
3 9 12 9009
3 9 13 8333
3 9 14 3441
3 9 15 6545
3 9 17 0
3 9 18 0
3 10 11 6956
3 10 12 5939
3 10 13 5782
3 10 14 4240
3 10 15 6623
3 10 16 2576
3 10 18 0
3 11 12 8316
3 11 13 7285
3 11 14 0
3 11 15 7093
3 11 16 0
3 12 13 1074
3 12 14 7055
3 12 15 3547
3 12 16 0
3 13 14 9238
3 13 15 5863
3 13 16 0
3 13 17 0
3 14 15 0
3 14 16 0
3 15 16 0
3 15 17 0
4 5 6 1205
4 5 7 2944
4 5 8 2197
4 5 9 3122
4 5 10 4412
4 5 11 4392
4 5 12 4835
4 5 13 11472
4 5 14 12061
4 5 15 7670
4 5 16 6262
4 5 17 0
4 5 22 0
4 6 6 0
4 6 7 1804
4 6 8 2740
4 6 9 3984
4 6 10 4148
4 6 11 9273
4 6 12 6163
4 6 13 7691
4 6 14 7907
4 6 15 4863
4 6 16 10382
4 7 8 3270
4 7 9 3899
4 7 10 8350
4 7 11 4918
4 7 12 4509
4 7 13 6297
4 7 14 3546
4 7 15 1974
4 7 16 4825
4 7 17 0
4 8 9 9703
4 8 10 4158
4 8 11 6401
4 8 12 7659
4 8 13 7942
4 8 14 1386
4 8 15 3590
4 8 16 1018
4 9 10 5015
4 9 11 10365
4 9 12 8485
4 9 13 4509
4 9 14 7608
4 9 15 7500
4 9 16 0
4 10 11 7592
4 10 12 6996
4 10 13 5856
4 10 14 0
4 10 15 0
4 10 16 0
4 10 18 0
4 11 12 10011
4 11 13 6525
4 11 14 3999
4 11 15 0
4 11 16 6162
4 12 13 10822
4 12 14 0
4 12 15 2543
4 13 14 0
4 13 15 0
4 13 16 0
4 14 16 0
5 6 7 3673
5 6 8 2713
5 6 9 5617
5 6 10 3977
5 6 11 5295
5 6 12 7343
5 6 13 7246
5 6 14 6011
5 6 15 1054
5 6 16 0
5 6 17 0
5 7 7 0
5 7 8 2633
5 7 9 3614
5 7 10 4489
5 7 11 5453
5 7 12 10433
5 7 13 6830
5 7 14 6031
5 7 15 3305
5 7 16 941
5 7 17 0
5 8 9 7404
5 8 10 7303
5 8 11 5851
5 8 12 11459
5 8 13 1344
5 8 14 4823
5 8 15 3269
5 8 16 0
5 9 10 7131
5 9 11 10513
5 9 12 7850
5 9 13 5452
5 9 14 9574
5 9 15 4451
5 9 16 0
5 9 17 0
5 10 11 6484
5 10 12 5685
5 10 13 2478
5 10 14 0
5 10 15 4933
5 10 16 0
5 11 12 2317
5 11 13 8159
5 11 14 3295
5 11 15 0
5 11 16 5558
5 11 18 0
5 12 13 4644
5 12 14 0
5 12 15 5912
5 12 16 0
5 12 18 0
5 13 14 0
5 13 15 0
5 14 15 0
5 14 16 0
5 15 16 0
6 7 8 3927
6 7 9 4219
6 7 10 5250
6 7 11 12542
6 7 12 6502
6 7 13 7025
6 7 14 6964
6 7 15 0
6 7 16 0
6 8 9 6744
6 8 10 7496
6 8 11 5914
6 8 12 7696
6 8 13 3111
6 8 14 3647
6 8 15 0
6 8 18 0
6 9 10 5961
6 9 11 7783
6 9 12 8479
6 9 13 2369
6 9 14 3650
6 9 15 4270
6 9 16 0
6 9 17 0
6 10 11 8205
6 10 12 11025
6 10 13 4971
6 10 14 8383
6 10 15 6669
6 10 16 0
6 10 17 0
6 11 12 6445
6 11 13 1357
6 11 14 4551
6 11 15 0
6 11 16 0
6 12 13 9155
6 12 14 0
6 12 15 0
6 13 14 0
6 13 15 0
6 13 16 0
6 14 15 0
7 8 9 6408
7 8 10 9025
7 8 11 8418
7 8 12 5427
7 8 13 2343
7 8 14 11977
7 8 15 5214
7 8 16 0
7 9 10 9362
7 9 11 9577
7 9 12 6414
7 9 13 4241
7 9 14 1802
7 9 15 745
7 9 16 3709
7 10 11 7770
7 10 12 1357
7 10 13 10339
7 10 14 1998
7 10 15 3914
7 10 16 0
7 10 17 0
7 11 12 7083
7 11 13 4744
7 11 14 98
7 11 15 0
7 12 13 0
7 12 14 0
7 12 15 0
7 12 16 0
7 13 14 0
7 13 15 0
7 13 16 0
7 13 17 0
7 14 15 0
7 14 16 0
8 9 10 6136
8 9 11 4977
8 9 12 5329
8 9 13 9339
8 9 14 2769
8 9 15 5775
8 9 18 0
8 10 11 8884
8 10 12 7118
8 10 13 11838
8 10 14 2022
8 10 15 0
8 11 12 0
8 11 13 0
8 11 14 0
8 11 15 0
8 11 16 0
8 12 13 2991
8 12 14 0
8 12 15 0
8 12 16 0
8 12 18 0
8 13 14 0
8 13 15 0
8 13 16 0
8 13 17 0
8 14 15 0
8 14 16 0
9 10 11 7617
9 10 12 7582
9 10 13 0
9 10 14 0
9 10 15 0
9 10 17 0
9 10 18 0
9 11 12 195
9 11 13 8125
9 11 14 4638
9 11 15 0
9 11 18 0
9 12 13 3974
9 12 14 4334
9 12 15 0
9 13 15 0
9 14 15 3373
9 15 17 0
10 11 12 5320
10 11 13 0
10 11 14 627
10 11 15 2181
10 12 13 0
10 12 14 2985
10 12 16 0
10 13 14 6647
10 13 16 0
10 14 15 0
10 14 16 0
10 14 20 0
10 17 18 0
11 12 13 0
11 12 14 0
11 12 18 0
11 13 14 3536
11 13 15 0
11 13 16 0
11 14 16 0
11 15 17 0
12 13 14 0
12 13 15 0
13 14 15 0
13 14 16 0
