20160105 6 6 7 12 11 13 1 5 2 5 3 5 3 6 1 2 8
20160105 3 8 4 5 15 7 7 5 10 11 23 47 40 25 45 144 745
20160105 6 4 7 12 8 13 1 9 11 4 30 54 30 70 32 155 596
20160105 5 4 1 10 7 2 1 2 5 1 1 1 9 3 1 3 3
20160105 2 7 6 2 13 10 2 3 5 5 5 9 8 5 6 8 49
20160105 5 6 3 8 9 4 1 2 3 1 1 1 2 4 1 1 1
20160105 6 2 4 12 3 8 4 1 5 3 1 5 4 1 10 4 24
20160105 8 6 2 16 12 3 4 1 12 7 4 8 45 69 2 95 509
20160105 2 3 1 3 5 1 2 9 3 18 21 40 7 21 22 39 260
20160105 4 8 6 4 10 6 4 1 7 5 5 13 14 5 4 8 60
20160105 4 5 6 5 7 10 3 5 1 4 6 11 4 2 5 2 23
20160105 4 2 4 8 3 7 1 3 6 2 2 2 24 2 5 16 30
20160109 2 4 5 3 8 10 1 2 7 1 1 1 1 8 13 7 19
20160109 3 7 4 5 14 7 9 3 1 15 37 77 24 40 2 36 331
20160109 1 4 3 1 8 5 1 2 8 1 1 1 13 1 19 8 20
20160109 7 6 8 11 10 14 8 11 6 21 70 142 74 57 37 221 1417
20160109 6 4 7 11 8 13 4 7 5 5 18 35 13 18 14 36 231
20160109 8 1 6 15 2 12 1 3 5 2 2 2 8 2 5 4 9
20160109 8 6 7 16 11 13 7 13 1 5 100 187 30 94 10 124 1104
20160109 5 2 8 5 2 8 1 4 3 4 4 6 3 6 2 3 13
20160109 1 4 3 1 6 3 5 3 2 12 7 19 5 7 2 2 34
20160109 7 8 5 12 13 8 3 4 8 6 5 12 20 23 5 31 143
20160109 3 8 5 6 15 9 12 4 10 24 51 109 82 46 35 231 1479
20160109 2 6 8 3 12 15 5 1 2 6 5 12 6 11 1 4 39
20160110 6 1 2 11 1 4 5 2 3 7 10 24 3 11 10 10 87
20160110 7 5 3 13 9 5 4 2 1 3 6 13 1 3 4 2 22
20160110 5 7 8 9 13 15 5 3 6 7 10 17 9 17 6 16 90
20160110 7 6 3 11 9 4 4 2 1 4 4 11 1 7 4 2 17
20160110 4 4 5 8 7 9 2 1 11 3 1 3 1 32 43 37 161
20160110 3 2 6 5 4 12 2 3 4 1 7 12 6 8 7 14 71
20160110 8 5 1 16 10 2 9 11 7 27 73 150 61 62 68 306 2152
20160110 7 5 5 14 10 9 1 2 3 1 1 1 3 2 1 1 1
20160110 3 1 4 6 1 8 2 5 1 16 11 20 15 7 1 5 55
20160110 8 3 7 13 4 11 6 13 4 30 74 131 61 68 19 171 1157
20160110 2 3 5 2 3 5 3 6 1 18 21 36 18 3 10 14 102
20160110 1 8 4 1 16 7 2 5 14 3 9 16 65 7 74 187 925
20160111 6 8 4 11 16 7 3 8 4 12 22 44 5 36 25 49 305
20160111 2 8 7 3 15 14 1 4 2 2 2 2 1 2 7 1 2
20160111 8 6 1 15 11 2 2 1 8 1 1 2 9 19 1 8 25
20160111 6 3 8 12 6 16 8 2 7 2 19 44 22 24 35 90 531
20160111 6 7 7 12 14 13 7 6 2 7 21 45 14 21 7 26 196
20160111 1 8 3 1 16 6 1 2 12 1 2 2 34 2 56 64 145
20160111 2 7 8 3 13 16 3 6 5 8 20 33 16 15 17 41 254
20160111 3 7 8 6 14 15 4 9 2 7 33 60 37 6 32 54 338
20160111 1 5 2 1 10 3 4 1 2 3 3 12 6 4 1 2 32
20160111 2 2 8 3 4 16 9 2 5 25 27 63 27 33 8 55 434
20160111 3 2 3 6 4 5 3 10 7 6 24 42 30 24 7 50 253
20160111 8 5 2 15 9 4 5 3 1 5 12 26 2 5 13 8 78
20160116 5 2 7 10 4 13 2 10 1 17 32 49 35 26 1 25 185
20160116 5 7 2 9 13 4 1 3 11 1 1 1 18 33 1 20 42
20160116 1 3 6 1 5 11 6 7 9 5 27 56 24 44 41 134 779
20160116 5 4 7 9 7 13 7 3 15 3 17 40 19 84 100 312 1650
20160116 5 8 5 10 15 9 1 2 4 1 1 1 2 6 1 2 1
20160116 1 8 7 1 15 14 3 7 2 3 12 23 8 15 12 21 110
20160116 7 6 8 14 12 15 3 4 1 11 9 20 11 2 3 5 49
20160116 4 5 6 7 9 12 1 3 10 3 1 1 1 15 26 17 50
20160116 4 6 4 6 11 7 6 7 1 7 26 53 7 25 8 19 234
20160116 2 4 6 3 8 11 3 14 2 28 50 87 42 8 30 73 595
20160116 2 7 3 3 13 6 8 1 2 8 8 19 16 7 1 7 67
20160116 8 1 3 15 2 5 1 3 4 2 2 2 6 2 3 2 3
20160117 4 6 5 7 12 9 10 1 15 5 12 32 105 11 34 169 1017
20160117 6 7 3 12 14 5 1 4 2 8 6 10 3 11 8 8 39
20160117 7 2 8 13 4 16 1 11 2 2 18 21 19 34 1 23 102
20160117 3 5 8 5 8 14 3 1 2 1 2 4 1 7 2 1 10
20160117 3 1 4 5 1 7 2 1 4 2 1 4 1 4 6 2 9
20160117 3 3 2 6 5 4 4 2 3 12 5 11 4 11 6 5 40
20160117 2 4 3 4 7 5 4 3 2 4 7 15 7 6 5 6 38
20160117 3 5 8 6 10 15 2 14 7 22 56 104 54 21 86 205 1144
20160117 8 7 3 14 11 3 2 1 9 1 1 2 14 15 1 7 18
20160117 8 1 6 9 1 6 5 7 1 14 24 48 6 25 4 18 154
20160117 3 2 1 4 3 1 5 7 2 11 33 63 17 12 28 44 295
20160117 5 4 8 10 8 15 4 11 10 23 44 81 38 80 46 247 1341
20160123 4 7 3 8 14 5 0 0 0 1 1 2 17 15 1 11 41
20160123 3 4 2 5 7 3 0 0 0 1 1 5 9 4 1 1 14
20160123 4 7 2 8 13 3 0 0 0 4 9 17 8 3 6 5 37
20160123 2 4 6 3 7 12 0 0 0 6 13 31 9 15 3 17 162
20160123 4 5 3 8 9 6 0 0 0 3 3 7 20 9 3 11 54
20160123 8 4 8 15 7 16 0 0 0 10 14 24 14 51 39 108 359
20160123 4 5 6 4 7 8 0 0 0 11 21 30 16 1 8 7 104
20160123 3 6 7 5 12 13 0 0 0 2 1 3 1 21 6 9 65
20160123 1 5 7 1 7 11 0 0 0 8 5 7 4 25 22 50 208
20160123 7 5 2 14 9 3 0 0 0 29 58 129 49 84 65 312 1843
20160123 5 6 3 7 10 4 0 0 0 5 4 9 1 2 5 1 10
20160123 7 2 7 11 2 10 0 0 0 5 6 11 10 6 5 7 43
