20160116 3 2 7 6 3 14 1 3 2 3 2 3 2 3 1 1 3
20160116 8 6 5 16 12 10 2 1 10 1 1 1 23 28 1 18 51
20160116 2 2 6 4 3 11 6 8 5 28 26 52 33 37 15 89 531
20160116 3 8 6 4 13 10 1 2 3 1 1 1 3 1 2 1 1
20160116 7 8 4 11 13 5 1 5 2 3 7 6 1 13 7 5 20
20160116 7 3 5 12 3 8 3 1 9 1 1 1 19 2 14 15 46
20160116 8 2 3 15 3 5 1 4 2 4 2 2 7 3 1 1 5
20160116 6 4 1 11 8 1 1 2 5 1 1 1 7 5 1 2 4
20160116 4 4 5 8 7 10 1 5 3 7 4 6 3 22 2 13 45
20160116 2 8 6 3 17 12 1 16 5 2 72 120 5 75 104 219 1162
20160116 2 7 4 4 15 7 8 5 4 21 55 110 42 65 19 156 1097
20160116 3 8 6 5 15 11 1 5 8 4 5 5 8 5 47 29 61
20160117 6 7 2 12 14 3 4 7 1 20 21 39 3 10 20 14 162
20160117 4 3 8 8 5 16 2 6 11 6 11 19 11 59 32 118 530
20160117 1 4 7 2 7 14 1 8 4 10 8 12 8 3 31 20 91
20160117 3 5 6 4 8 10 1 3 4 2 2 3 1 5 6 3 9
20160117 2 4 3 4 7 6 4 5 1 10 10 14 2 9 3 2 43
20160117 8 2 1 15 3 2 5 1 2 8 8 25 1 9 10 7 54
20160117 3 7 6 3 7 6 1 6 8 3 8 9 11 9 28 40 147
20160117 6 5 8 8 5 12 8 3 1 11 21 48 23 2 9 15 180
20160117 1 8 2 2 18 4 4 1 7 4 2 7 13 2 12 11 98
20160117 8 3 4 15 5 7 1 3 6 2 2 2 19 2 7 11 23
20160117 6 4 4 9 5 4 2 10 1 2 22 39 11 1 20 13 117
20160117 5 6 3 6 8 3 2 3 1 2 3 3 1 2 3 1 3
20160123 2 5 1 4 10 1 0 0 0 12 14 22 2 18 16 24 106
20160123 1 4 6 1 7 12 0 0 0 1 1 1 1 26 34 13 35
20160123 5 6 6 10 12 11 0 0 0 1 1 1 6 1 10 2 6
20160123 1 7 3 1 12 3 0 0 0 9 18 33 25 17 39 76 402
20160123 7 3 4 11 3 5 0 0 0 12 49 86 52 44 33 186 938
20160123 7 4 6 9 4 8 0 0 0 20 20 37 18 20 8 28 190
20160123 4 5 7 7 10 15 0 0 0 13 31 79 33 27 1 22 291
20160123 4 3 7 6 4 12 0 0 0 12 17 37 14 18 15 31 210
20160123 7 6 3 14 12 6 0 0 0 18 51 103 18 33 54 111 697
20160123 7 2 3 13 3 5 0 0 0 3 39 78 73 39 75 247 1524
20160123 5 4 1 7 6 1 0 0 0 6 11 32 1 19 8 6 72
20160123 6 7 8 10 12 14 0 0 0 4 76 158 79 88 38 307 1998
