20160105 3 5 2 5 9 2 1 2 4 1 1 1 4 6 1 3 5
20160105 1 4 5 2 7 9 2 1 3 1 1 1 1 7 2 2 7
20160105 7 5 4 12 8 5 1 4 2 2 3 4 4 1 3 2 6
20160105 5 8 6 9 15 12 1 4 2 2 3 4 1 4 11 3 6
20160105 3 4 6 5 6 11 2 1 4 2 1 4 1 5 3 3 15
20160105 7 8 4 11 12 4 7 10 4 10 41 73 12 36 39 91 596
20160105 2 6 1 4 11 2 4 2 5 6 6 18 12 6 7 12 77
20160105 7 7 3 13 12 4 2 12 10 30 30 43 77 16 33 150 655
20160105 1 8 7 1 11 8 2 3 5 8 11 18 9 11 21 28 130
20160105 6 2 7 6 2 8 6 5 2 4 26 51 25 12 19 52 347
20160105 4 7 3 7 14 6 3 13 7 18 46 78 15 84 44 179 930
20160105 7 8 2 9 10 2 2 1 3 1 1 2 4 3 1 1 2
20160109 2 4 5 3 8 10 9 4 7 10 35 71 27 36 16 100 682
20160109 5 3 3 9 5 6 1 9 5 3 18 27 31 20 7 44 216
20160109 7 2 4 14 4 8 7 4 6 20 22 42 11 19 29 66 352
20160109 2 6 4 3 12 8 13 3 10 10 50 118 69 53 15 171 1251
20160109 4 8 4 8 15 7 1 4 11 3 4 4 18 44 3 34 78
20160109 7 1 1 14 1 2 1 9 7 5 11 14 35 12 9 31 131
20160109 7 2 1 13 4 1 3 6 2 15 22 37 14 4 23 29 184
20160109 3 1 2 6 2 4 1 6 3 13 28 38 25 34 3 34 191
20160109 2 4 5 4 7 9 4 6 7 5 15 19 10 27 28 67 247
20160109 1 8 8 1 11 10 8 5 1 6 23 46 17 25 3 19 184
20160109 4 3 5 4 3 5 1 2 7 1 1 1 1 17 13 13 35
20160109 2 1 8 3 1 16 1 2 8 1 1 1 1 21 13 13 34
20160110 3 2 6 6 4 12 3 2 1 5 7 15 6 1 2 1 34
20160110 1 8 6 2 16 11 1 2 5 1 1 1 7 1 8 3 6
20160110 2 4 8 3 7 16 2 1 6 1 1 3 1 14 5 3 24
20160110 5 6 1 10 12 2 4 6 7 7 15 27 27 24 14 63 262
20160110 4 8 2 8 16 4 2 8 6 4 19 37 12 35 22 64 329
20160110 7 1 4 14 2 8 1 3 2 1 2 3 2 3 1 1 2
20160110 7 5 2 11 6 2 8 12 13 19 67 132 77 72 68 278 1593
20160110 2 1 4 4 1 8 1 2 5 1 1 1 1 6 4 3 8
20160110 6 5 2 12 9 3 2 1 12 1 1 2 45 48 1 75 281
20160110 8 6 2 13 8 2 1 3 4 1 2 2 9 4 2 4 7
20160110 3 4 7 6 7 14 8 2 11 11 22 47 22 63 49 185 1098
20160110 2 5 1 3 9 2 1 6 4 3 7 10 5 14 7 14 44
20160111 7 5 4 13 10 7 3 2 9 3 7 17 18 39 7 50 248
20160111 5 7 2 10 14 3 2 5 1 11 9 17 1 5 8 4 40
20160111 8 3 5 15 6 10 6 1 13 3 3 10 31 2 61 67 353
20160111 4 8 3 6 14 3 3 5 4 7 14 17 5 18 12 20 113
20160111 3 1 6 6 2 11 1 2 7 1 1 1 1 17 14 11 28
20160111 7 4 1 14 8 1 4 12 9 19 50 88 78 30 51 224 1249
20160111 5 8 2 6 11 2 3 1 9 2 2 11 31 13 2 29 164
20160111 3 5 6 5 9 11 10 6 3 10 62 135 59 44 12 152 1148
20160111 5 7 8 5 8 10 1 2 6 1 1 2 1 5 14 8 9
20160111 2 4 8 3 7 16 3 5 1 5 12 21 12 4 10 11 88
20160111 8 5 3 15 9 4 1 3 4 2 2 3 11 4 2 6 17
20160111 8 7 5 11 10 5 3 2 6 2 5 8 14 17 3 18 79
20160116 3 7 2 5 12 2 2 1 5 2 2 3 7 4 2 4 15
20160116 1 2 7 1 3 13 4 9 2 26 40 89 45 4 20 45 382
20160116 6 5 2 11 10 3 1 12 7 9 32 53 62 8 33 90 453
20160116 2 4 8 3 7 15 1 7 5 6 7 9 8 4 28 18 51
20160116 6 3 7 12 6 13 2 1 4 1 1 2 1 4 5 2 5
20160116 8 1 3 13 1 4 7 2 1 14 20 46 1 20 13 9 138
20160116 5 8 7 6 11 9 1 6 5 6 11 18 4 10 27 27 156
20160116 4 3 8 8 5 15 4 2 7 11 12 27 13 22 39 86 447
20160116 7 8 5 10 11 5 2 3 1 6 7 13 1 5 6 2 25
20160116 6 1 5 9 1 8 5 8 9 18 33 62 36 33 32 89 497
20160116 3 5 2 3 7 2 1 7 9 2 15 25 29 40 16 85 391
20160116 5 4 4 6 4 5 3 5 1 1 9 17 5 9 2 5 35
20160117 5 6 2 10 11 3 1 5 6 3 3 3 5 24 3 10 19
20160117 6 1 3 12 1 6 2 5 3 3 8 8 7 6 5 8 35
20160117 6 6 5 12 11 9 3 4 2 7 7 12 6 3 7 7 39
20160117 2 1 5 2 1 5 1 7 2 0 13 21 13 14 1 7 50
20160117 8 5 6 16 9 11 2 5 1 3 7 11 5 7 1 3 26
20160117 8 5 7 16 10 13 5 3 4 3 13 29 11 15 9 21 123
20160117 6 3 4 11 4 6 2 3 5 3 4 5 11 3 8 10 34
20160117 8 7 4 15 12 6 7 6 8 3 31 72 41 45 34 147 855
20160117 6 8 5 11 16 9 2 1 3 1 1 2 5 3 1 2 6
20160117 6 8 4 9 13 4 1 2 6 1 3 5 16 11 3 14 45
20160117 1 6 7 1 7 10 2 1 4 2 1 3 1 8 4 2 15
20160117 7 6 6 11 9 10 2 3 1 2 1 5 5 1 6 1 5
20160123 6 7 2 11 14 4 0 0 0 13 24 38 13 48 26 96 411
20160123 2 3 7 2 3 11 0 0 0 1 1 1 1 10 12 7 18
20160123 5 3 3 10 6 5 0 0 0 12 21 53 22 23 29 68 481
20160123 7 4 8 13 7 16 0 0 0 10 24 43 19 48 2 51 295
20160123 1 3 7 2 6 13 0 0 0 1 1 2 1 5 2 1 5
20160123 7 5 4 8 5 4 0 0 0 23 36 59 39 1 36 59 328
20160123 6 4 6 7 4 6 0 0 0 22 50 98 27 46 52 149 904
20160123 7 2 1 10 2 1 0 0 0 6 3 7 1 2 3 1 10
20160123 6 2 3 11 3 5 0 0 0 2 2 3 10 2 4 5 12
20160123 5 1 8 5 1 8 0 0 0 0 5 8 6 7 1 4 19
20160123 4 7 7 4 9 10 0 0 0 5 10 15 10 9 20 24 81
20160123 2 6 5 2 6 5 0 0 0 5 6 5 2 7 20 11 32
