1 95
2 115
3 187
4 153
5 213
6 180
7 174
8 238
9 210
10 274
11 321
12 454
13 304
14 352
15 379
16 341
17 455
18 393
19 728
20 433
21 453
22 507
23 671
24 596
25 721
26 531
27 1006
28 890
29 569
30 758
31 705
32 735
33 868
34 1093
35 1025
36 899
37 1085
38 1376
39 1138
40 1407
41 1426
42 1185
43 1785
44 1483
45 1640
46 1699
47 1306
48 2052
49 1412
50 1347
51 2313
52 1822
53 1770
54 2113
55 1942
56 2359
57 2268
58 1594
59 2153
60 2362
61 2131
62 2234
63 3325
64 3154
65 2487
66 3844
67 2964
68 2300
69 2429
70 2410
71 2952
72 2765
73 2668
74 2828
75 3470
76 2799
77 4258
78 4342
79 2715
80 1899
81 3657
82 4518
83 3499
84 2653
85 4234
86 2733
87 5062
88 2415
89 3389
90 4189
91 2923
92 5608
93 4004
94 3955
95 3840
96 2898
97 3711
98 3440
99 2628
100 6257
101 4871
102 2062
103 2006
104 5035
105 5151
106 3569
107 4504
108 939
109 3014
110 511
111 1131
112 1972
113 3471
114 2832
115 1303
116 1616
117 2386
118 0
119 1122
120 2729
121 3740
122 1920
123 2147
124 3576
125 0
126 806
127 0
128 0
129 721
130 0
131 1314
132 0
133 0
134 0
135 0
136 2796
137 0
138 0
139 0
140 0
141 0
142 0
143 0
144 0
145 0
146 0
147 0
148 0
149 0
150 0
151 0
152 0
