1 69
2 108
3 139
4 134
5 144
6 200
7 165
8 185
9 242
10 337
11 340
12 440
13 294
14 369
15 336
16 423
17 412
18 429
19 410
20 574
21 483
22 557
23 538
24 669
25 542
26 623
27 604
28 690
29 522
30 965
31 800
32 748
33 1441
34 874
35 729
36 1099
37 1520
38 972
39 1274
40 1133
41 1365
42 1489
43 1212
44 1619
45 1346
46 1393
47 1354
48 1529
49 1856
50 1772
51 2226
52 1576
53 1696
54 2178
55 2506
56 1930
57 1567
58 2923
59 2834
60 1798
61 2260
62 2596
63 2938
64 2160
65 2944
66 2782
67 3308
68 2886
69 3564
70 4688
71 2568
72 2166
73 5012
74 3071
75 6856
76 6433
77 2659
78 4386
79 3774
80 5278
81 4403
82 2932
83 3046
84 3787
85 3939
86 2939
87 3445
88 4585
89 4959
90 4288
91 3270
92 2152
93 5762
94 2335
95 3211
96 2014
97 3302
98 2513
99 4139
100 2290
101 4164
102 1327
103 2998
104 1095
105 3388
106 712
107 3567
108 2833
109 0
110 4865
111 0
112 0
113 3937
114 2853
115 5688
116 1137
117 0
118 0
119 3187
120 2585
121 219
122 0
123 0
124 0
125 0
126 0
127 2212
128 0
129 0
130 3771
131 0
132 0
133 0
134 0
135 0
136 0
137 0
138 0
139 0
140 0
141 0
142 0
143 0
144 0
145 0
146 0
