1 59
2 98
3 103
4 135
5 195
6 199
7 264
8 239
9 340
10 262
11 293
12 413
13 392
14 458
15 443
16 540
17 564
18 465
19 437
20 499
21 548
22 678
23 698
24 827
25 744
26 976
27 922
28 852
29 1002
30 1209
31 1110
32 1067
33 1059
34 1397
35 1222
36 1500
37 1271
38 1200
39 1271
40 1965
41 1918
42 1973
43 2827
44 1955
45 2787
46 2162
47 1726
48 3440
49 1864
50 1812
51 3180
52 2474
53 2253
54 2283
55 2559
56 3460
57 1994
58 2888
59 3321
60 3499
61 4254
62 3661
63 4024
64 3311
65 4185
66 4001
67 2895
68 3076
69 5243
70 5300
71 4295
72 4523
73 5232
74 3569
75 6025
76 6220
77 8210
78 5278
79 4291
80 3681
81 4913
82 6416
83 5746
84 3765
85 6575
86 4254
87 5597
88 2535
89 6227
90 5515
91 6050
92 3188
93 5403
94 7495
95 2141
96 9135
97 3447
98 3539
99 8468
100 3765
101 6211
102 2251
103 6447
104 2830
105 6290
106 1433
107 2179
108 0
109 3873
110 0
111 644
112 691
113 10314
114 7865
115 3571
116 0
117 7524
118 0
119 4103
120 0
121 0
122 3675
123 0
124 0
125 536
126 477
127 0
128 0
129 0
130 0
131 0
132 0
133 0
134 7049
135 0
136 1753
137 0
138 0
139 0
140 0
141 0
142 0
143 0
144 0
145 0
146 0
147 0
148 0
149 0
150 0
151 0
