1 81
2 116
3 127
4 152
5 198
6 223
7 172
8 272
9 234
10 311
11 326
12 402
13 517
14 388
15 393
16 477
17 363
18 483
19 482
20 466
21 686
22 362
23 764
24 456
25 441
26 480
27 819
28 481
29 554
30 735
31 1001
32 605
33 904
34 954
35 700
36 982
37 1229
38 1209
39 818
40 1126
41 872
42 1343
43 806
44 1133
45 958
46 1140
47 1527
48 1115
49 1363
50 967
51 1317
52 1302
53 1449
54 2028
55 1446
56 1222
57 1591
58 2054
59 1377
60 1748
61 2372
62 2645
63 1589
64 1269
65 2018
66 1786
67 2403
68 1526
69 1528
70 2670
71 1776
72 1861
73 2001
74 2141
75 2426
76 1825
77 1722
78 2358
79 2086
80 3387
81 2086
82 3247
83 3534
84 4341
85 2335
86 2638
87 3022
88 2515
89 2508
90 3315
91 2310
92 3771
93 3097
94 3071
95 2891
96 2348
97 2261
98 3291
99 1644
100 3553
101 2359
102 2886
103 3642
104 2136
105 1974
106 3902
107 3541
108 4313
109 2104
110 2276
111 4292
112 3772
113 2554
114 3895
115 2760
116 3378
117 2704
118 2119
119 2800
120 2848
121 2265
122 3069
123 2743
124 3334
125 3262
126 3380
127 2132
128 2477
129 2690
130 3481
131 3374
132 3906
133 2858
134 2698
135 3855
136 4046
137 3272
138 2125
139 4215
140 3165
141 3930
142 4156
143 5051
144 3171
145 2902
146 2378
147 2899
148 2729
149 3129
150 2879
151 3981
152 1587
153 3655
154 3165
155 2135
156 2236
157 6192
158 3765
159 1788
160 3550
161 4324
162 2564
163 2674
164 5072
165 0
166 0
167 2242
168 4637
169 3019
170 2514
171 2877
172 1411
173 721
174 4305
175 2383
176 0
177 0
178 2817
179 3624
180 3793
181 6246
182 3767
183 2813
184 3031
185 2603
186 3639
187 2366
188 1551
189 0
190 2963
191 0
192 2096
193 3791
194 1081
195 3832
196 0
197 1715
198 0
199 0
200 0
201 2495
202 3923
203 0
204 0
205 3949
206 2893
207 2442
208 0
209 0
210 4389
211 782
212 152
213 3512
214 0
215 0
216 0
217 0
218 0
219 0
220 0
221 0
222 0
223 0
224 0
225 893
226 0
227 0
228 0
229 0
230 0
231 0
232 0
233 0
234 0
235 0
236 0
237 0
238 0
239 0
240 0
241 0
242 0
243 3314
244 0
245 2304
246 0
247 0
248 0
249 0
250 0
251 0
252 0
253 0
254 0
255 0
256 0
257 0
258 0
259 0
260 0
261 0
262 0
263 0
264 0
265 0
266 0
267 0
268 0
269 0
270 0
271 0
272 0
273 0
274 0
275 0
276 0
277 0
278 0
