1 2 356
1 3 230
1 4 490
1 5 232
1 6 1105
1 7 275
1 8 699
1 9 343
2 1 278
2 3 404
2 4 538
2 5 260
2 6 948
2 7 313
2 8 832
2 9 381
3 1 355
3 2 299
3 4 481
3 5 374
3 6 919
3 7 237
3 8 923
3 9 507
4 1 742
4 2 579
4 3 557
4 5 915
4 6 1688
4 7 773
4 8 1974
4 9 1626
5 1 173
5 2 296
5 3 306
5 4 701
5 6 1380
5 7 522
5 8 1069
5 9 652
6 1 1264
6 2 1038
6 3 1190
6 4 1436
6 5 1675
6 7 1049
6 8 1572
6 9 1135
7 1 229
7 2 325
7 3 269
7 4 546
7 5 459
7 6 1104
7 8 1258
7 9 640
8 1 1015
8 2 1236
8 3 1624
8 4 1809
8 5 1365
8 6 1578
8 7 1325
8 9 1554
9 1 358
9 2 352
9 3 505
9 4 908
9 5 522
9 6 1591
9 7 833
9 8 1583
