20160428 1 1 2 4 110 100 170 360 400 850 320 140 120 340
20160428 2 2 5 6 100 130 370 4080 2500 10430 2640 640 310 1160
20160428 3 1 6 2 240 100 260 1010 850 3160 720 270 190 750
20160428 4 1 2 5 390 330 140 770 460 6340 1680 190 330 370
20160428 5 2 4 5 1340 310 350 5570 1540 79110 21470 530 720 3760
20160428 6 1 5 2 350 430 230 1060 610 4630 1250 280 650 470
20160428 7 3 4 2 360 180 180 1870 1220 7430 2430 700 380 1230
20160428 8 1 3 6 380 100 100 640 210 1380 410 120 270 220
20160428 9 4 2 6 250 150 240 1310 1000 3580 1120 310 810 920
20160428 10 1 3 4 100 100 160 280 250 610 260 120 170 240
20160428 11 1 3 4 150 120 180 490 410 1970 1020 250 230 610
20160428 12 1 5 6 160 100 190 790 610 3110 1560 300 450 700
20160429 1 2 4 1 450 280 140 2410 2260 7300 280 290 230 130
20160429 2 1 2 6 130 110 180 680 390 8100 3030 390 700 4450
20160429 3 1 6 2 100 100 390 600 440 1940 540 160 190 600
20160429 4 1 5 6 300 170 1010 3270 2850 10680 2540 790 210 790
20160429 5 1 5 3 150 100 150 360 320 1330 450 150 260 460
20160429 6 2 4 1 1100 250 200 5360 1830 15790 1070 510 480 150
20160429 7 2 5 3 170 110 410 1150 940 7970 2840 300 280 1140
20160429 8 2 1 3 280 100 100 450 140 3660 1150 220 750 830
20160429 9 1 6 2 190 150 1250 1610 1410 12460 2480 500 650 2490
20160429 10 5 6 3 150 110 380 830 550 2740 920 250 430 230
20160429 11 2 1 6 780 300 120 660 220 2020 330 120 240 220
20160429 12 1 4 2 160 100 170 300 260 1130 490 140 150 370
20160430 1 4 3 1 1380 430 780 4790 4330 12340 390 220 130 200
20160430 2 5 4 2 750 330 330 3750 1160 11480 1480 470 380 410
20160430 3 6 4 3 570 240 180 7710 4370 61090 9110 820 580 820
20160430 4 2 6 3 220 160 250 820 480 5120 990 170 560 470
20160430 5 1 4 6 130 120 300 2270 1040 12280 5340 380 490 1030
20160430 6 2 6 4 130 160 450 370 210 4550 1640 230 670 570
20160430 7 2 1 5 500 220 220 2210 950 11000 2010 440 340 830
20160430 8 4 2 6 170 100 130 570 310 4300 1740 190 350 720
20160430 9 5 2 1 780 410 150 4020 1560 10480 710 320 250 310
20160430 10 3 1 6 570 300 100 2060 400 6310 880 170 580 380
20160430 11 1 2 5 110 100 260 220 220 1660 1030 150 450 920
20160430 12 1 3 4 100 100 130 210 240 450 220 110 110 280
20160501 1 4 1 5 310 100 160 940 350 2940 640 230 260 370
20160501 2 5 4 1 370 160 150 2250 1010 7380 850 340 130 410
20160501 3 4 5 6 70 370 100 5250 1580 18910 4020 500 960 510
20160501 4 2 6 1 860 210 260 7180 2670 25010 2260 860 610 260
20160501 5 1 3 6 120 100 100 280 210 2120 1280 170 430 980
20160501 6 5 6 2 720 330 600 3700 1520 9210 840 560 360 270
20160501 7 5 4 1 260 100 260 2290 1480 6330 660 340 130 310
20160501 8 1 2 6 250 150 100 310 160 3650 1270 130 720 720
20160501 9 6 5 3 240 120 370 2210 1350 6120 950 390 180 420
20160501 10 2 4 1 140 100 100 920 440 2300 360 200 150 280
20160501 11 1 5 2 220 140 430 1780 1700 6770 1730 430 290 1860
20160501 12 1 6 2 120 100 360 1470 1580 5310 770 380 170 750
20160504 1 1 4 3 130 100 130 220 230 1140 530 130 430 430
20160504 2 3 4 5 320 210 630 3230 1480 8090 2180 410 240 750
20160504 3 1 4 3 110 110 100 270 260 1220 750 100 110 410
20160504 4 6 2 5 2130 100 100 4920 1370 20910 1280 420 710 370
20160504 5 5 3 2 900 180 180 8460 9120 50750 4710 0 660 960
20160504 6 5 1 6 310 110 110 1370 890 3750 1010 310 220 420
20160504 7 3 2 1 280 120 280 6270 2690 33930 2700 430 360 1000
20160504 8 6 2 3 70 1200 1200 16200 4220 47690 2140 340 220 340
20160504 9 4 3 6 390 180 100 1180 580 3570 1360 150 580 1090
20160504 10 2 4 1 210 320 150 1390 1040 3230 390 220 210 120
20160504 11 1 3 4 230 100 100 350 270 2400 1220 210 660 400
20160504 12 2 1 6 1260 250 230 3250 490 16050 2190 350 2510 730
20160505 1 4 1 6 340 100 100 370 190 2190 490 130 410 920
20160505 2 2 1 4 190 100 0 720 440 1610 510 140 160 280
20160505 3 1 3 6 100 100 130 320 270 950 490 160 270 740
20160505 4 2 4 6 200 100 130 390 200 1430 820 220 240 250
20160505 5 1 3 6 120 100 100 310 330 880 450 100 240 220
20160505 6 2 5 1 700 180 100 1170 220 2430 250 170 140 140
20160505 7 5 2 3 690 330 100 4030 880 34650 3960 430 0 1870
20160505 8 5 2 6 150 140 100 560 290 1150 330 130 270 230
20160505 9 2 4 6 190 100 200 620 540 980 350 190 100 230
20160505 10 1 4 2 100 600 0 2500 1790 4720 510 400 110 1070
20160505 11 1 4 2 170 110 170 440 210 810 250 100 170 110
20160505 12 2 4 6 340 410 240 5620 1250 21850 4710 380 730 290
20160506 1 2 4 3 1870 150 100 1500 390 8770 2530 260 640 260
20160506 2 3 2 6 2100 200 260 5240 2330 31930 5950 1020 420 1340
20160506 3 1 3 4 150 110 230 580 400 1720 680 320 460 1420
20160506 4 1 5 2 100 200 120 360 230 720 260 150 110 110
20160506 5 1 3 5 100 100 100 230 220 1780 1770 200 470 1280
20160506 6 1 2 3 520 220 220 1310 1000 3230 420 430 200 100
20160506 7 1 6 3 120 100 110 790 1070 5100 1280 220 340 880
20160506 8 1 5 2 630 450 450 1390 1120 2580 460 300 230 180
20160506 9 3 2 4 220 100 180 790 380 1590 500 320 320 300
20160506 10 5 1 4 70 70 0 3790 670 6670 430 250 430 260
20160506 11 2 5 1 280 130 1590 14850 6070 32240 3740 2250 170 1160
20160506 12 2 3 4 240 130 190 2410 870 8460 1900 980 1890 430
20160507 1 1 2 4 100 100 120 190 180 380 160 120 110 170
20160507 2 2 6 1 370 250 780 6310 13050 38910 4570 0 1870 0
20160507 3 1 4 6 100 100 160 280 170 880 510 180 350 780
20160507 4 3 4 2 300 430 430 2120 940 10810 2940 620 540 890
20160507 5 1 2 3 100 100 370 370 450 1080 390 160 140 280
20160507 6 4 5 3 600 370 0 1100 520 1940 480 200 270 330
20160507 7 1 4 5 560 150 110 710 490 3570 1230 200 300 280
20160507 8 3 6 5 140 150 0 1200 1680 2630 590 190 140 260
20160507 9 3 1 5 250 130 180 1460 970 6980 1860 230 430 250
20160507 10 3 2 1 440 220 220 3340 1560 5960 210 350 170 240
20160507 11 3 4 2 180 180 180 1500 800 4030 780 200 630 430
20160507 12 1 4 5 120 120 370 630 740 3190 1900 400 560 990
20160508 1 1 2 3 100 110 280 360 300 1370 870 170 150 670
20160508 2 4 1 2 350 130 130 1250 440 4140 470 140 270 190
20160508 3 1 3 2 100 100 0 290 200 1630 970 120 300 500
20160508 4 5 2 6 1270 990 680 4210 2000 6690 490 400 220 270
20160508 5 1 4 3 110 120 420 430 570 1370 500 160 190 540
20160508 6 1 3 5 520 120 300 900 2120 8080 2200 300 230 730
20160508 7 4 2 3 130 100 220 860 560 3900 1050 660 570 410
20160508 8 2 5 3 220 150 0 1120 440 1390 200 110 110 130
20160508 9 2 5 4 100 100 0 670 530 2300 550 200 180 420
20160508 10 1 4 3 100 100 160 290 220 770 280 130 170 260
20160508 11 1 4 5 120 100 0 510 370 1670 740 160 360 300
20160508 12 1 4 5 130 100 270 710 760 3330 2050 710 210 1550
20160512 1 4 5 3 500 410 1270 1400 1070 5920 2390 300 440 480
20160512 2 1 4 3 300 130 150 710 480 1780 370 320 180 140
20160512 3 6 4 1 710 600 250 5210 2690 15780 560 150 310 110
20160512 4 4 1 5 380 150 150 1320 680 3090 560 190 290 710
20160512 5 1 4 3 100 300 180 220 240 620 250 140 150 320
20160512 6 4 6 1 220 550 0 880 730 3340 640 270 160 460
20160512 7 2 1 4 330 220 150 2240 1330 4660 560 230 170 180
20160512 8 3 2 1 600 330 200 4200 2950 13670 1130 600 250 290
20160512 9 1 4 6 150 150 110 870 540 6430 1090 210 990 990
20160512 10 1 4 2 120 160 140 590 440 1650 280 230 240 120
20160512 11 5 2 1 1650 180 110 1540 590 4420 490 200 200 190
20160512 12 1 2 5 120 100 180 420 220 2120 930 270 290 620
20160513 1 1 6 4 100 100 280 1970 1080 2520 470 290 120 540
20160513 2 4 5 3 340 180 220 1900 1190 3620 710 580 190 460
20160513 3 3 1 6 260 150 100 2470 330 9730 690 160 420 190
20160513 4 1 2 6 250 160 170 430 290 1290 500 190 230 260
20160513 5 1 3 2 110 100 240 310 280 1960 980 140 460 990
20160513 6 1 3 2 560 200 130 740 700 1390 270 210 240 170
20160513 7 2 6 1 220 130 300 490 600 1870 520 150 240 410
20160513 8 2 1 3 300 120 410 520 260 1530 740 190 220 670
20160513 9 3 4 1 1800 70 0 13660 13440 58280 5870 6400 1650 470
20160513 10 4 1 5 430 190 240 1230 260 2370 750 180 460 210
20160513 11 1 6 3 100 120 260 1900 1780 7970 1920 860 220 1260
20160513 12 1 4 6 100 120 180 300 240 1950 1550 110 350 630
20160514 1 1 4 6 100 100 110 290 220 1640 960 180 370 520
20160514 2 5 4 1 280 220 0 1420 1020 6470 1000 460 360 380
20160514 3 3 2 6 660 220 100 2270 680 30180 9220 350 2020 3000
20160514 4 3 4 5 1070 520 970 5610 1930 36270 4540 310 1030 500
20160514 5 1 5 3 110 100 180 350 230 640 240 120 170 230
20160514 6 5 1 3 450 70 0 3550 480 5820 490 460 150 220
20160514 7 1 3 2 170 130 110 1790 1780 5970 1290 210 110 420
20160514 8 2 3 4 190 120 160 430 330 1240 390 160 200 250
20160514 9 1 2 3 130 150 280 620 340 1840 560 250 130 330
20160514 10 4 6 3 180 0 480 4720 3640 17210 2210 630 820 480
20160514 11 1 2 5 280 140 330 710 250 3850 1380 210 480 1300
20160514 12 1 2 6 160 110 120 270 150 1010 450 140 280 370
20160515 1 1 3 2 100 100 0 510 440 1650 570 300 200 840
20160515 2 3 6 5 210 300 520 2710 3400 6360 2450 230 170 840
20160515 3 1 2 4 100 100 220 250 180 540 260 140 150 280
20160515 4 5 6 2 860 450 260 5750 5740 22910 3570 420 380 280
20160515 5 1 4 2 100 100 300 410 370 1030 400 160 270 440
20160515 6 6 5 1 450 180 180 2930 900 5320 590 280 190 160
20160515 7 1 2 6 1500 300 240 1450 430 4550 1140 360 650 260
20160515 8 2 1 4 400 160 140 1180 380 4020 680 310 430 310
20160515 9 4 6 2 400 320 0 4510 4600 37950 9440 3920 250 2000
20160515 10 1 2 4 150 230 560 350 280 900 310 240 170 280
20160515 11 1 2 6 150 100 150 350 250 1660 820 250 710 780
20160515 12 5 1 3 600 170 130 920 330 1970 170 110 200 100
20160516 1 4 1 2 370 100 100 560 240 2010 330 110 170 150
20160516 2 1 5 6 370 370 370 5800 2010 34370 8370 1180 1180 1040
20160516 3 2 1 6 1160 110 110 1320 170 6080 1010 160 440 210
20160516 4 1 5 6 200 150 560 4240 2440 11430 2080 600 160 830
20160516 5 2 1 6 1060 220 100 1210 200 1820 270 130 210 170
20160516 6 5 4 2 670 240 130 1300 670 8110 980 240 400 330
20160516 7 6 3 5 300 260 0 2090 510 6850 990 250 190 410
20160516 8 3 4 5 750 390 390 3980 2710 16210 1880 850 490 1020
20160516 9 1 4 2 100 100 150 440 390 2290 590 210 460 700
20160516 10 1 2 5 100 100 120 210 170 890 460 130 210 290
20160516 11 4 2 5 70 450 450 5950 1440 33950 4620 450 1580 340
20160516 12 2 6 1 560 230 1010 10030 9640 34920 2260 820 210 440
20160519 1 1 4 6 100 100 100 200 190 1290 590 180 100 500
20160519 2 5 4 3 320 0 130 3200 880 11860 1450 260 1090 580
20160519 3 1 2 3 110 100 150 160 190 650 490 200 120 300
20160519 4 4 3 6 130 160 100 2280 500 5970 810 170 1130 270
20160519 5 1 4 2 110 120 450 460 760 1670 300 270 150 540
20160519 6 3 1 6 300 0 110 1110 630 2590 390 280 240 270
20160519 7 2 3 4 120 70 0 460 430 940 260 190 130 250
20160519 8 2 1 3 370 70 0 660 470 1760 580 320 150 390
20160519 9 4 6 1 160 150 0 3030 1200 4660 580 380 100 110
20160519 10 4 6 2 220 100 370 350 280 700 280 200 130 700
20160519 11 3 4 1 750 160 230 8520 1570 8380 230 380 210 110
20160519 12 1 4 3 100 110 180 460 300 1450 460 140 160 380
20160520 1 1 4 2 110 100 150 190 170 710 390 100 220 180
20160520 2 4 1 2 430 520 520 3470 550 5730 420 230 140 190
20160520 3 1 2 3 330 120 300 240 170 450 180 100 110 160
20160520 4 2 5 3 70 160 220 1380 650 17030 3460 230 440 1180
20160520 5 1 2 4 600 100 330 300 180 1720 1030 220 220 550
20160520 6 2 3 1 320 110 100 1000 460 2860 430 300 430 120
20160520 7 4 5 1 170 100 0 570 520 3680 630 250 110 260
20160520 8 2 1 5 240 120 200 400 160 550 140 100 110 130
20160520 9 3 2 1 270 100 150 390 210 1800 430 260 380 320
20160520 10 4 2 1 430 160 140 1600 480 2450 200 190 150 120
20160520 11 3 6 1 1120 220 220 4330 4690 25410 3260 530 280 1100
20160520 12 1 3 2 100 100 240 250 270 860 330 140 150 230
20160521 1 2 1 5 70 260 100 4540 1090 22910 2130 210 920 370
20160521 2 2 3 1 180 100 270 440 360 1390 340 130 250 650
20160521 3 3 1 2 1110 120 100 890 220 3810 410 110 250 120
20160521 4 4 3 2 200 170 480 1420 950 4780 860 700 240 780
20160521 5 1 4 2 100 120 170 710 620 1460 530 310 170 510
20160521 6 2 6 4 120 130 300 730 880 1210 180 140 120 160
20160521 7 1 3 6 100 260 110 590 380 2630 730 130 290 170
20160521 8 6 3 1 0 0 0 180 0 0 0 0 0 0
20160521 9 2 3 4 300 150 150 850 340 1330 250 130 280 160
20160521 10 2 5 1 70 300 300 1310 880 3410 540 230 330 200
20160521 11 2 1 6 300 100 100 670 270 6630 1710 160 550 870
20160521 12 3 1 4 330 240 210 750 310 1610 340 150 160 140
20160522 1 1 3 4 100 100 210 1150 1100 2180 700 200 130 380
20160522 2 4 3 5 570 170 220 2230 1250 6040 1430 390 320 490
20160522 3 1 2 3 130 100 150 190 190 590 270 140 250 230
20160522 4 5 2 6 520 120 220 3080 1360 12250 1480 470 340 530
20160522 5 1 4 2 100 120 180 340 220 520 210 110 110 160
20160522 6 4 5 2 560 130 160 690 410 2490 530 200 170 200
20160522 7 6 3 4 100 110 330 1860 960 2320 270 120 110 260
20160522 8 1 2 3 180 130 270 1010 800 1420 300 130 100 170
20160522 9 6 3 4 710 600 600 9790 3510 18090 1250 540 220 230
20160522 10 4 3 5 2250 1150 120 7390 1400 29550 4030 590 1290 370
20160522 11 1 2 3 370 100 100 260 150 470 190 110 130 160
20160522 12 1 2 4 120 140 350 330 270 840 420 190 200 370
20160523 1 1 4 5 100 100 100 160 150 1730 1380 130 360 620
20160523 2 2 1 5 220 180 180 810 250 1480 390 210 240 180
20160523 3 3 1 5 70 260 100 1880 300 8530 250 150 490 400
20160523 4 3 2 6 70 0 670 6940 2090 30450 2750 810 290 420
20160523 5 2 1 6 560 100 120 680 190 4040 850 130 360 270
20160523 6 4 5 1 970 330 200 1570 1060 4340 360 180 150 180
20160523 7 5 6 3 430 70 0 1660 2200 11400 2820 370 110 2460
20160523 8 1 4 5 110 100 410 560 470 970 310 160 100 210
20160523 9 1 6 3 690 100 120 420 330 1400 470 120 240 450
20160523 10 1 2 3 150 100 100 260 230 800 390 190 260 830
20160523 11 1 5 2 100 160 0 1730 1070 5190 1070 350 250 410
20160523 12 1 4 6 140 100 180 340 260 1270 670 130 410 320
20160526 1 5 4 1 410 440 290 5050 1790 7750 350 230 170 120
20160526 2 3 1 4 230 100 110 690 360 1690 500 190 190 360
20160526 3 4 2 5 450 430 2580 3590 4920 13750 3550 830 400 1980
20160526 4 5 2 6 690 170 320 1660 930 10500 3250 370 600 840
20160526 5 2 1 3 1880 150 110 1120 150 3330 350 180 490 320
20160526 6 6 2 1 2960 340 170 2710 1360 20720 930 250 400 170
20160526 7 1 3 2 220 230 380 620 540 2340 240 270 180 240
20160526 8 5 2 1 610 260 210 7770 2290 19650 1900 610 650 470
20160526 9 4 3 1 560 320 650 7000 4410 22660 1300 510 170 410
20160526 10 3 5 6 400 300 340 4350 2750 17520 5270 560 640 3480
20160526 11 4 1 6 360 150 210 2530 470 11070 5320 140 530 500
20160526 12 3 1 2 730 170 100 2250 390 7380 490 200 480 170
20160527 1 1 3 5 100 100 370 880 510 3460 2480 310 210 520
20160527 2 3 6 1 320 560 140 2660 1090 13510 2370 190 300 380
20160527 3 6 2 5 220 420 0 8620 8730 75150 10790 1900 750 1440
20160527 4 2 3 6 520 290 340 2290 1330 20050 4040 620 1310 1720
20160527 5 4 2 1 1500 220 150 3500 2110 7760 280 250 150 140
20160527 6 2 6 1 330 750 300 4560 3060 14000 2000 470 440 310
20160527 7 2 5 1 220 160 280 930 710 4930 900 240 310 340
20160527 8 2 6 5 350 110 200 690 720 4110 1650 370 340 720
20160527 9 1 2 4 160 100 170 610 290 2740 1070 130 480 520
20160527 10 1 5 6 200 100 300 590 360 2100 1040 140 290 420
20160527 11 2 1 4 490 110 110 470 160 1040 270 100 210 200
20160527 12 1 2 5 130 100 180 250 320 950 470 150 300 950
20160528 1 1 2 4 100 100 150 220 250 490 180 100 110 140
20160528 2 2 1 3 820 0 750 1390 590 9380 2520 210 500 500
20160528 3 1 2 3 220 100 180 400 320 740 230 180 130 200
20160528 4 1 3 2 440 600 330 3300 1370 10060 820 560 400 260
20160528 5 3 4 1 2100 70 0 8130 2700 9430 340 380 200 240
20160528 6 1 5 3 230 130 180 3780 2140 6320 670 400 120 180
20160528 7 1 2 6 210 110 100 380 150 1870 800 150 250 360
20160528 8 3 1 2 470 330 110 2650 580 12680 1560 310 610 360
20160528 9 6 5 1 460 300 750 3020 2250 14400 1410 820 160 520
20160528 10 3 1 5 240 110 130 1040 240 5420 1720 160 330 360
20160528 11 1 4 2 180 100 0 410 520 2690 1050 190 310 950
20160528 12 3 4 6 730 100 140 1170 590 5020 1610 560 300 2180
20160529 1 1 3 6 100 120 0 660 1220 7420 3970 190 730 1720
20160529 2 1 4 3 220 150 110 740 470 1540 410 190 180 220
20160529 3 4 6 5 300 520 520 10350 5280 100820 13160 0 0 8360
20160529 4 1 3 2 300 0 480 1430 680 2690 510 200 250 100
20160529 5 1 2 3 510 100 150 410 360 1520 560 270 130 320
20160529 6 3 2 6 370 180 0 4050 1100 12420 4260 610 2500 760
20160529 7 5 3 1 70 70 0 7970 4420 72780 3060 2870 540 770
20160529 8 2 6 4 450 110 100 470 290 1840 520 180 230 310
20160529 9 5 6 4 270 260 260 2020 1800 7180 1620 430 220 580
20160529 10 1 2 5 280 130 300 560 430 1650 500 240 200 260
20160529 11 1 5 3 130 160 0 1270 1110 3780 1360 190 210 670
20160529 12 1 2 5 120 100 100 130 110 690 420 120 480 480
20160530 1 1 6 4 70 190 0 2890 2500 5000 430 170 110 220
20160530 2 3 5 4 1050 330 160 21450 7400 40190 2610 1700 370 370
20160530 3 1 2 3 100 100 330 250 400 810 490 140 120 300
20160530 4 4 1 6 520 250 600 2010 550 3120 560 310 330 270
20160530 5 1 5 4 100 100 100 500 490 4140 1620 440 630 3260
20160530 6 3 1 5 2250 370 150 1710 420 3850 560 170 340 210
20160530 7 4 5 3 300 110 110 870 340 2630 560 120 340 270
20160530 8 1 2 6 100 100 300 290 330 2380 1480 250 910 1340
20160530 9 2 3 5 520 100 220 390 270 1730 790 130 220 370
20160530 10 1 2 4 110 100 150 420 320 1100 580 260 150 330
20160530 11 4 1 2 70 260 350 2490 390 5240 290 200 160 130
20160530 12 1 2 4 110 100 120 230 230 930 530 110 270 380
20160602 1 3 1 2 760 120 110 1650 290 5700 360 150 310 160
20160602 2 4 6 1 220 160 390 1510 1100 4060 590 290 160 300
20160602 3 1 3 5 180 110 300 1090 810 2740 910 240 230 240
20160602 4 3 6 2 460 250 370 5320 2950 22230 2460 750 260 590
20160602 5 2 4 5 570 310 240 3320 1420 21760 5510 340 1070 760
20160602 6 5 3 6 1010 480 590 11110 1870 48720 8510 760 1510 970
20160602 7 1 2 6 120 110 290 300 260 2120 1230 210 280 720
20160602 8 3 6 4 490 290 220 3730 1760 14450 1220 450 310 490
20160602 9 3 5 4 300 170 270 1860 2030 21170 3830 590 680 1070
20160602 10 1 6 3 140 140 270 1520 1420 5550 1050 220 240 460
20160602 11 4 2 6 940 180 280 4830 2230 25410 4890 370 1270 640
20160602 12 1 5 4 160 130 240 1300 920 5200 1200 300 260 610
20160603 1 4 2 6 350 300 320 2450 960 11460 2870 260 730 750
20160603 2 2 3 1 1290 290 260 4120 1350 15680 840 370 300 190
20160603 3 6 5 4 1350 560 450 9860 3170 37530 3790 670 740 660
20160603 4 6 3 5 2450 380 120 6020 1550 12430 750 420 610 170
20160603 5 1 3 6 180 140 150 340 290 980 380 150 260 240
20160603 6 1 4 3 170 150 180 510 350 1510 470 170 200 250
20160603 7 1 5 4 210 170 410 1580 1280 4610 650 220 160 290
20160603 8 3 6 4 1150 290 100 4010 2260 12620 1770 450 400 260
20160603 9 2 4 5 480 220 330 2550 1380 12680 3370 460 460 1000
20160603 10 5 1 3 980 540 160 5430 1620 25450 1460 440 700 160
20160603 11 5 3 1 1000 190 150 3790 1590 7420 360 260 190 130
20160603 12 1 3 2 130 130 180 370 320 1380 450 150 190 370
20160604 1 2 1 3 360 120 130 750 230 2150 460 150 220 160
20160604 2 4 5 1 240 270 550 880 660 3230 690 250 130 470
20160604 3 1 2 6 200 180 180 470 230 1570 430 150 320 230
20160604 4 1 4 3 240 160 150 890 620 2910 820 200 270 230
20160604 5 2 4 6 650 420 1130 5490 2120 19240 3870 840 580 1040
20160604 6 2 1 5 560 260 190 2290 600 4700 530 240 250 150
20160604 7 2 3 5 280 100 170 660 450 1890 720 240 280 420
20160604 8 1 2 6 200 190 280 440 360 3930 1750 200 440 710
20160604 9 3 4 2 460 380 300 1960 1030 5580 780 250 260 270
20160604 10 1 4 2 120 150 610 550 520 1630 450 160 170 370
20160604 11 1 2 3 120 110 310 550 410 1860 860 250 190 480
20160604 12 2 1 6 520 130 100 1060 240 5550 1370 160 530 400
20160605 1 2 4 3 470 130 250 1580 910 9480 2200 210 400 510
20160605 2 3 4 2 350 170 400 3650 2330 16010 2110 660 340 760
20160605 3 3 2 5 200 360 180 2050 570 8390 1720 300 910 380
20160605 4 6 1 4 400 610 190 1740 390 4200 480 140 340 210
20160605 5 1 2 4 350 190 200 1120 640 3150 710 310 170 220
20160605 6 1 3 4 140 110 120 540 380 2080 950 200 350 440
20160605 7 2 1 4 530 330 140 1900 510 7830 800 270 430 120
20160605 8 2 3 6 680 270 440 5040 2560 26340 5480 860 490 840
20160605 9 1 2 5 130 150 130 250 210 1050 640 130 190 400
20160605 10 1 2 5 140 110 270 690 660 3500 1340 360 280 740
20160605 11 1 6 3 210 120 750 2760 2090 11640 2270 750 230 1710
20160605 12 4 3 1 500 220 170 6180 1770 15020 410 260 120 150
20160606 1 1 2 6 210 120 120 1090 640 8330 2970 300 650 950
20160606 2 2 4 3 410 480 1450 2020 1410 10370 2230 190 270 690
20160606 3 1 3 2 240 130 140 670 340 2260 510 190 240 230
20160606 4 4 3 6 440 340 250 3620 1300 15960 5450 220 770 1270
20160606 5 5 1 3 1700 670 100 4930 1300 15340 860 360 480 200
20160606 6 1 2 6 210 110 240 350 230 1510 680 150 290 350
20160606 7 1 4 5 170 100 190 530 390 1650 740 170 200 460
20160606 8 1 4 6 160 180 340 850 700 3780 1640 230 350 390
20160606 9 1 3 5 100 100 110 470 370 1510 810 200 300 680
20160606 10 4 2 3 1250 420 250 7490 2520 23910 2030 450 530 390
20160606 11 1 2 4 130 100 150 240 210 1010 650 140 250 380
20160606 12 1 6 3 110 110 680 2910 2150 10320 1800 520 280 1030
20160607 1 1 4 6 140 120 200 470 370 2060 840 160 330 440
20160607 2 1 4 5 170 120 330 530 600 2860 1440 190 390 750
20160607 3 1 3 4 100 170 300 420 440 920 420 170 160 290
20160607 4 1 2 6 160 100 140 550 480 3670 2230 270 480 1450
20160607 5 1 4 2 190 140 230 930 690 3840 1310 290 230 460
20160607 6 4 5 1 320 180 210 1660 1150 4290 610 340 230 210
20160607 7 1 4 2 150 120 240 400 340 1090 410 190 140 300
20160607 8 4 5 6 430 160 480 4270 2920 10160 2790 720 490 1430
20160607 9 1 2 4 120 110 190 290 260 1690 900 200 210 550
20160607 10 1 4 5 130 100 120 600 520 2080 1090 210 240 380
20160607 11 1 4 5 130 100 130 320 280 1760 1100 150 400 530
20160607 12 1 2 3 120 120 180 240 200 930 480 140 190 310
20160615 1 4 1 2 410 100 100 890 180 2170 260 120 270 160
20160615 2 6 3 4 270 150 710 3200 1930 8780 770 700 200 780
20160615 3 4 1 3 1130 100 100 430 160 2480 350 100 450 140
20160615 4 1 2 3 760 160 140 980 690 2880 700 350 330 360
20160615 5 1 5 2 130 100 150 1070 1210 6570 1740 250 150 580
20160615 6 2 3 4 150 100 180 710 270 1160 370 230 300 400
20160615 7 4 5 3 150 160 470 400 410 2140 840 150 330 990
20160615 8 1 3 2 110 180 180 580 240 1150 410 180 300 150
20160615 9 1 4 3 490 170 140 500 230 1880 700 140 240 290
20160615 10 1 5 2 130 150 180 1140 1330 4400 1800 530 1110 2850
20160615 11 5 3 4 450 280 120 2230 1070 11330 1440 300 340 500
20160615 12 4 5 6 1570 380 320 2260 480 4310 910 490 770 1120
20160616 1 4 1 2 1050 110 100 640 150 2520 180 110 150 150
20160616 2 1 2 4 480 160 140 710 310 2050 670 330 210 360
20160616 3 3 1 2 300 110 120 960 200 1960 270 100 220 200
20160616 4 1 6 4 460 260 540 6710 6180 26830 3400 660 830 1090
20160616 5 3 1 6 200 100 100 550 170 4080 1480 150 1100 1610
20160616 6 5 4 3 600 250 310 1430 630 2640 410 220 160 260
20160616 7 4 2 1 1610 180 100 2630 390 6020 250 140 100 110
20160616 8 6 5 3 780 260 120 3140 720 6940 680 160 230 100
20160616 9 2 3 4 140 140 200 650 540 1650 390 180 160 330
20160616 10 1 2 4 100 100 160 340 220 1320 410 140 100 440
20160616 11 1 2 4 120 100 370 590 380 1240 280 110 100 360
20160616 12 1 3 4 100 100 150 260 200 510 340 100 210 280
20160617 1 4 3 2 150 160 380 2640 750 16920 3390 470 650 820
20160617 2 1 2 5 180 160 150 730 430 1800 570 220 290 200
20160617 3 1 5 3 100 100 220 1070 680 2780 740 270 140 480
20160617 4 1 3 6 160 170 180 480 790 1660 620 320 180 680
20160617 5 1 5 2 100 100 190 700 400 1990 610 250 150 790
20160617 6 3 1 5 560 120 170 1840 740 9290 1290 460 280 550
20160617 7 4 2 1 160 130 130 580 380 2340 430 110 320 240
20160617 8 3 2 5 420 180 100 1560 340 7730 1870 230 870 650
20160617 9 2 1 5 150 100 150 360 280 2150 810 200 490 1050
20160617 10 1 2 6 110 100 100 300 150 1250 430 110 300 250
20160617 11 1 3 4 150 100 130 440 230 1310 330 120 110 160
20160617 12 1 4 3 130 100 220 570 740 2750 810 160 180 730
20160618 1 3 4 5 1350 350 160 13360 7110 109380 5100 620 1570 1070
20160618 2 4 2 3 280 130 130 1360 750 10080 1490 510 1210 960
20160618 3 4 3 2 770 200 600 3830 1440 14100 1550 370 440 550
20160618 4 4 3 6 350 120 300 1160 450 3190 750 300 270 510
20160618 5 1 5 4 100 100 280 1330 1020 6240 1330 470 210 300
20160618 6 4 5 2 230 120 160 1130 1310 3820 1170 520 150 470
20160618 7 1 2 4 220 110 180 300 290 620 230 170 110 160
20160618 8 1 3 4 100 100 300 1230 4450 7780 3090 310 290 550
20160618 9 4 6 3 1800 300 300 6240 1580 11460 830 510 190 200
20160618 10 1 5 3 150 150 360 890 780 2100 470 180 180 200
20160618 11 1 2 5 240 120 0 1080 360 4550 2220 180 450 530
20160618 12 1 3 2 100 120 150 380 260 1470 580 220 150 520
20160619 1 5 1 4 70 0 120 5730 1140 10910 630 250 240 120
20160619 2 3 2 4 1050 260 260 2930 1420 17980 3510 310 380 580
20160619 3 4 1 5 970 140 110 1240 430 2620 450 150 270 120
20160619 4 1 6 3 200 150 110 450 390 2190 660 140 360 300
20160619 5 1 2 5 100 120 0 330 380 1410 920 150 270 330
20160619 6 1 2 5 190 150 260 1260 840 5380 2630 270 270 700
20160619 7 1 6 4 150 100 150 1320 1000 4260 970 330 230 320
20160619 8 1 2 6 220 170 280 630 450 2100 720 230 250 220
20160619 9 4 3 1 840 560 310 8770 1400 23050 1550 480 570 200
20160619 10 5 1 6 1270 310 100 2590 430 15150 1930 180 1440 390
20160619 11 5 3 6 1420 210 210 5550 1180 17130 1760 490 750 300
20160619 12 1 2 5 100 100 200 270 270 2250 1510 150 350 2450
20160620 1 3 4 5 1390 150 110 2850 1350 23410 4190 270 990 750
20160620 2 1 3 6 160 140 160 1040 850 3770 1470 430 390 700
20160620 3 1 2 6 100 100 280 430 410 1510 560 220 190 530
20160620 4 1 4 3 100 120 220 510 440 1660 620 150 150 160
20160620 5 1 4 6 110 100 220 860 760 2970 910 200 180 450
20160620 6 2 6 4 420 110 220 1630 1260 3230 410 220 160 200
20160620 7 1 2 4 100 100 220 510 450 3650 1620 170 300 850
20160620 8 3 6 4 470 160 820 1370 980 7750 1630 190 380 560
20160620 9 4 3 1 1760 410 140 7230 1700 21960 1100 410 430 140
20160620 10 4 2 1 600 170 170 2170 720 4390 250 100 150 110
20160620 11 1 6 4 190 110 180 4050 2780 12390 1990 370 180 320
20160620 12 1 4 3 110 100 120 390 250 1060 440 190 240 220
20160623 1 5 1 4 900 300 100 4780 820 7950 320 180 280 100
20160623 2 2 3 5 330 160 200 580 500 2660 730 190 320 580
20160623 3 4 1 5 230 150 120 830 250 2050 400 170 510 340
20160623 4 5 3 2 400 110 130 1140 540 10650 1370 200 260 460
20160623 5 1 2 3 100 100 220 400 370 1060 510 200 100 630
20160623 6 2 4 3 100 100 130 550 280 990 270 140 170 170
20160623 7 3 2 1 180 150 150 970 340 2160 240 130 150 160
20160623 8 3 2 1 180 100 130 500 290 2250 370 170 150 300
20160623 9 4 2 5 360 110 710 530 460 2080 370 120 140 150
20160623 10 1 2 3 270 110 120 760 500 1900 300 200 130 200
20160623 11 2 4 5 130 110 220 680 460 1650 520 270 290 190
20160623 12 1 5 3 100 120 450 1730 1780 4840 1110 260 170 1110
20160624 1 4 1 2 420 150 100 990 170 3230 510 170 230 140
20160624 2 3 1 4 250 180 180 1320 390 1890 470 270 210 260
20160624 3 1 3 2 100 100 210 190 120 430 250 120 100 240
20160624 4 3 4 2 850 160 130 840 610 1910 480 370 440 250
20160624 5 1 3 4 140 100 160 230 220 1600 820 150 630 720
20160624 6 1 3 2 210 180 130 930 520 2250 400 250 370 150
20160624 7 4 6 1 70 180 130 2720 700 8330 1200 380 250 200
20160624 8 2 1 4 250 0 520 2460 1360 6630 660 260 260 200
20160624 9 1 5 2 290 100 100 310 260 560 190 190 120 230
20160624 10 4 3 1 180 240 410 5330 1320 8580 490 450 100 200
20160624 11 3 2 1 300 280 100 1340 680 5300 360 230 240 100
20160624 12 1 2 6 130 220 180 270 210 3340 2260 230 410 500
20160625 1 4 1 2 820 160 100 710 150 2940 410 100 390 150
20160625 2 3 4 2 1050 160 100 1100 900 3410 530 100 240 140
20160625 3 1 2 4 100 100 0 460 370 1890 640 260 210 1020
20160625 4 2 1 4 260 0 100 1090 400 2240 520 190 280 190
20160625 5 1 5 4 170 100 100 450 150 1600 620 150 170 300
20160625 6 3 1 5 580 200 120 380 300 1440 470 120 220 220
20160625 7 4 5 2 220 160 160 550 400 2020 490 180 210 150
20160625 8 3 2 4 3220 330 160 3550 440 4640 390 140 210 130
20160625 9 1 5 3 100 100 100 650 750 1910 340 160 220 270
20160625 10 1 2 4 620 120 100 1270 290 3080 560 130 440 120
20160625 11 5 1 2 4120 450 220 4070 1430 13360 570 400 100 150
20160625 12 3 4 6 450 200 200 1830 1340 10820 3620 620 730 1390
20160626 1 1 3 4 170 380 1010 810 680 1130 190 190 110 190
20160626 2 2 4 3 170 110 180 490 320 660 210 150 230 400
20160626 3 1 4 5 100 110 380 370 560 1770 840 180 260 410
20160626 4 1 2 3 70 520 300 1450 930 4040 1050 320 260 190
20160626 5 2 1 4 560 110 100 820 120 5500 570 110 380 230
20160626 6 2 1 3 400 120 160 590 300 1650 310 160 150 190
20160626 7 4 2 6 700 150 300 1710 1030 6370 1700 340 610 800
20160626 8 4 5 1 230 0 370 890 530 1910 370 290 140 260
20160626 9 2 3 1 1650 0 450 5870 2910 14170 920 490 630 180
20160626 10 2 3 1 780 100 150 3130 1360 5330 360 250 190 130
20160626 11 1 2 4 100 100 100 220 190 500 240 180 250 340
20160626 12 1 2 6 100 120 180 220 200 2560 1770 150 630 1050
20160627 1 1 2 4 200 100 210 530 370 680 190 170 100 130
20160627 2 1 4 5 210 150 100 480 440 3730 1390 190 210 280
20160627 3 2 1 3 600 100 100 1050 200 2270 220 110 160 100
20160627 4 2 1 4 270 560 310 600 270 1240 240 100 180 150
20160627 5 1 4 3 180 100 150 340 250 550 190 110 150 220
20160627 6 1 6 4 120 100 110 630 1290 1030 270 140 140 150
20160627 7 1 2 6 220 110 0 410 260 740 240 120 120 180
20160627 8 1 2 6 170 100 180 560 930 4750 2450 430 270 1120
20160627 9 1 5 3 180 180 180 510 430 3280 870 330 410 660
20160627 10 1 4 3 130 150 150 490 340 1670 520 170 300 380
20160627 11 3 1 4 970 1080 210 2340 700 15800 1360 270 630 230
20160627 12 2 1 5 630 240 200 690 200 3010 570 150 420 260
20160702 1 1 2 3 130 120 120 490 400 1810 700 520 170 450
20160702 2 1 5 6 210 150 120 420 330 1000 460 130 330 280
20160702 3 1 6 5 130 100 100 380 370 2090 1150 190 350 910
20160702 4 1 4 3 150 170 130 660 310 1370 450 170 180 130
20160702 5 1 5 6 100 100 180 1080 2350 3590 1830 510 160 0
20160702 6 3 4 6 250 130 120 1070 440 2830 800 150 350 290
20160702 7 3 5 6 410 150 0 4650 2940 11280 1910 1200 260 820
20160702 8 4 2 1 670 0 110 1250 620 2690 220 180 160 110
20160702 9 3 6 4 570 370 300 660 480 3040 930 180 580 480
20160702 10 4 1 3 480 100 100 740 230 7500 610 120 580 110
20160702 11 5 1 3 600 130 100 1100 410 3470 580 290 310 500
20160702 12 6 4 1 70 0 330 10910 1800 45280 1510 1080 1080 410
20160703 1 1 2 6 100 110 230 460 560 3470 1770 300 410 2800
20160703 2 4 3 6 70 120 160 3000 1060 9790 1490 460 750 320
20160703 3 1 2 6 240 100 370 910 710 2430 760 340 100 550
20160703 4 2 1 4 710 260 160 3720 980 28510 3940 990 530 990
20160703 5 1 2 4 110 110 0 370 490 920 310 300 220 730
20160703 6 1 4 5 150 180 0 450 390 1120 330 180 400 350
20160703 7 1 3 6 400 150 100 220 160 520 280 100 330 180
20160703 8 1 2 3 710 100 100 390 180 720 210 120 100 200
20160703 9 1 6 3 100 100 180 1120 760 1590 300 220 120 180
20160703 10 3 1 4 450 140 100 820 180 2630 790 120 290 290
20160703 11 6 1 5 70 1350 100 9310 1400 70730 5030 270 1050 460
20160703 12 1 6 2 120 100 130 940 590 2850 680 270 100 340
20160704 1 1 2 5 140 100 200 490 470 2240 1230 210 190 400
20160704 2 1 4 2 300 300 0 610 690 2470 370 300 110 330
20160704 3 1 3 2 240 100 110 310 340 830 250 170 130 210
20160704 4 2 1 5 1200 300 520 4020 1120 5900 790 290 180 120
20160704 5 1 2 5 120 100 110 230 140 480 200 100 120 230
20160704 6 6 3 4 400 600 230 5290 2430 31990 3090 270 990 280
20160704 7 2 3 1 520 450 0 6550 2410 23390 930 880 170 300
20160704 8 4 5 2 540 100 260 820 420 1420 330 250 190 390
20160704 9 2 1 6 330 530 330 3170 1820 7670 1250 220 320 160
20160704 10 1 2 3 190 100 100 260 190 630 320 170 100 200
20160704 11 1 4 6 130 200 330 920 800 4870 1790 350 210 1040
20160704 12 1 3 5 190 100 160 450 830 2880 1400 310 290 460
20160705 1 1 3 4 130 100 300 290 340 790 370 140 160 260
20160705 2 3 5 2 390 230 260 1430 590 5520 1480 220 280 340
20160705 3 1 3 5 110 120 160 490 290 670 230 120 110 160
20160705 4 4 6 5 550 160 160 1860 1120 3250 1020 290 450 760
20160705 5 1 2 6 100 120 0 250 370 2970 1970 140 680 1170
20160705 6 4 3 2 130 160 270 2470 1100 8740 820 550 440 160
20160705 7 4 1 6 1050 110 110 1740 530 2790 310 230 220 140
20160705 8 2 1 4 1120 0 150 2280 500 9190 990 220 800 250
20160705 9 4 6 2 270 150 300 1790 1680 5360 1130 260 130 200
20160705 10 1 4 2 160 130 260 650 650 1970 400 360 130 280
20160705 11 4 6 3 450 330 200 4320 2260 21890 3600 1250 360 350
20160705 12 5 1 6 5320 330 130 5470 1070 40540 3070 410 1330 430
20160713 1 5 2 1 1750 370 540 9100 4270 21890 860 580 280 320
20160713 2 3 4 6 570 360 240 4610 2510 18690 4760 500 800 740
20160713 3 4 2 5 370 220 180 1940 680 14960 3660 230 640 950
20160713 4 2 4 1 220 100 230 1200 590 4890 750 210 200 230
20160713 5 1 2 4 250 190 160 590 410 2060 720 220 270 290
20160713 6 5 4 3 1250 670 100 2580 640 14660 1590 270 650 250
20160713 7 1 3 5 220 190 200 780 740 2830 1200 320 230 420
20160713 8 1 6 4 220 210 330 1540 760 9050 2750 310 570 660
20160713 9 5 3 4 630 310 540 7690 2660 39590 2470 630 620 490
20160713 10 1 2 3 170 160 130 390 240 870 300 130 130 170
20160713 11 5 3 4 950 400 160 4490 1270 17490 1490 320 310 330
20160713 12 1 5 2 150 160 320 1010 830 3110 910 280 170 430
20160714 1 1 5 3 270 220 370 2400 1500 7720 1800 370 370 340
20160714 2 1 2 5 140 130 150 420 380 1220 540 170 180 290
20160714 3 3 6 4 430 220 110 2380 1020 14100 2920 300 670 560
20160714 4 1 6 4 140 120 180 720 570 1760 510 210 160 280
20160714 5 4 6 5 240 120 400 1520 1920 4550 1040 370 260 630
20160714 6 1 4 3 110 100 110 1170 950 4060 1130 400 160 780
20160714 7 1 3 6 160 170 190 490 340 2940 1500 180 370 580
20160714 8 5 4 1 920 520 290 16970 5920 98030 4510 1150 930 340
20160714 9 1 5 2 150 100 280 790 790 2470 620 280 150 400
20160714 10 1 2 4 120 100 150 210 180 1120 620 140 230 430
20160714 11 1 4 6 150 130 310 810 670 4120 1830 250 420 880
20160714 12 1 6 4 110 100 190 770 610 1780 460 250 180 320
20160715 1 4 5 6 380 210 220 2280 1260 9380 2620 360 600 920
20160715 2 3 6 4 290 220 330 3380 1650 9610 1510 420 240 580
20160715 3 4 5 6 400 160 180 680 310 1150 320 190 200 290
20160715 4 1 3 2 240 170 210 790 740 3430 970 290 330 390
20160715 5 2 6 3 470 240 150 2070 1180 11310 2430 280 550 550
20160715 6 1 4 6 240 200 170 810 410 4090 1800 300 620 310
20160715 7 2 4 5 430 130 180 1270 660 4670 1140 250 410 380
20160715 8 1 5 2 220 180 210 930 700 2540 490 290 180 160
20160715 9 1 3 6 160 110 200 450 320 3720 1720 150 580 610
20160715 10 2 5 4 170 120 300 1080 1050 10900 3290 240 620 1070
20160715 11 2 6 4 610 210 220 6350 4580 21620 2840 860 420 600
20160715 12 3 2 4 710 270 200 4580 1600 22730 3030 520 850 610
20160716 1 3 2 6 480 160 120 1070 370 3510 790 200 460 310
20160716 2 3 1 4 970 160 160 2560 680 6830 660 350 400 190
20160716 3 1 2 3 460 220 100 750 420 2580 750 170 470 220
20160716 4 1 3 4 200 130 290 1260 1210 4210 1140 410 180 470
20160716 5 3 4 6 370 270 330 2220 1160 12610 3620 180 960 1060
20160716 6 1 5 3 170 180 170 580 440 1430 390 170 150 220
20160716 7 1 5 4 150 120 190 830 760 4230 1530 240 360 700
20160716 8 1 2 6 100 100 100 400 260 1430 690 200 260 480
20160716 9 4 1 3 1880 300 120 5040 900 17770 690 270 390 160
20160716 10 1 2 5 120 110 120 290 220 740 250 130 170 210
20160716 11 1 3 6 100 110 300 430 440 2810 1610 240 450 810
20160716 12 1 6 3 120 130 180 660 590 1710 510 180 180 280
20160717 1 5 4 6 1300 330 330 8130 3530 29990 3640 800 830 920
20160717 2 1 2 4 150 120 160 440 380 1270 490 220 200 240
20160717 3 1 2 3 100 110 170 500 520 1820 850 270 170 650
20160717 4 1 2 4 170 130 190 490 310 1730 690 190 260 360
20160717 5 1 4 5 160 100 140 740 620 3230 1250 310 320 560
20160717 6 1 6 2 120 120 810 4150 3450 19660 5030 690 270 1350
20160717 7 5 2 4 1070 560 210 6380 2040 24310 2050 480 670 310
20160717 8 1 5 3 150 100 260 910 880 3910 1410 260 350 660
20160717 9 3 6 4 410 300 1010 4410 3540 21980 3220 650 430 670
20160717 10 1 2 3 100 190 350 340 240 1500 730 150 190 410
20160717 11 5 3 6 850 290 340 3770 1700 18240 3930 480 750 960
20160717 12 3 4 5 350 160 220 800 400 1500 350 160 200 250
20160718 1 3 4 5 750 210 330 2910 1190 9240 1980 370 540 390
20160718 2 1 2 6 310 170 150 490 490 6340 3030 310 680 790
20160718 3 2 1 5 440 300 160 1940 670 12560 1920 350 740 530
20160718 4 1 2 4 190 120 200 900 580 2710 930 250 140 440
20160718 5 1 4 2 270 260 760 1120 710 3210 1030 330 170 360
20160718 6 3 4 5 960 250 280 3420 1400 13780 2610 350 600 600
20160718 7 1 2 6 130 140 130 620 480 1910 1070 280 220 520
20160718 8 1 6 2 100 190 1230 2870 1760 9290 1630 400 210 790
20160718 9 5 1 3 1560 580 220 3570 920 18390 1290 320 660 280
20160718 10 1 2 3 220 100 150 380 280 1350 590 110 290 400
20160718 11 1 3 2 150 130 220 520 420 2010 670 260 180 380
20160718 12 3 1 2 270 110 120 650 260 3040 490 160 410 240
20160802 1 4 2 1 860 450 0 8240 3180 28300 860 800 160 270
20160802 2 1 5 6 270 300 180 1720 1080 9210 2880 410 680 550
20160802 3 1 5 2 210 120 0 1380 820 5040 1560 350 200 600
20160802 4 3 6 4 500 520 0 2190 1280 5510 790 350 160 330
20160802 5 1 3 5 120 100 480 710 790 3340 1700 230 380 1480
20160802 6 4 5 2 1270 0 450 3960 3350 18990 1840 520 260 550
20160802 7 3 2 4 310 160 160 610 350 730 170 120 110 150
20160802 8 2 4 6 100 100 130 420 320 1120 420 190 120 230
20160802 9 1 2 6 210 100 150 310 160 3980 1700 210 410 820
20160802 10 1 2 3 460 120 120 270 270 960 470 160 240 360
20160802 11 3 5 1 540 150 220 4420 4670 23320 1160 440 150 220
20160802 12 2 1 6 1810 300 100 830 330 7510 1720 150 1090 230
20160803 1 1 2 3 100 130 0 430 390 1360 650 230 220 330
20160803 2 1 6 4 510 520 970 2560 2590 21120 4360 610 370 710
20160803 3 5 1 6 330 100 100 1590 320 11100 1610 180 840 380
20160803 4 4 3 5 500 170 120 1590 470 3820 830 310 410 370
20160803 5 1 3 5 120 100 110 460 520 1450 710 270 140 260
20160803 6 3 5 6 1350 110 100 2770 570 4590 570 210 350 180
20160803 7 4 1 3 1570 560 310 4470 2130 31420 2520 470 800 460
20160803 8 2 4 1 180 110 0 610 340 2170 300 160 160 230
20160803 9 3 4 1 600 150 410 1290 740 4950 1010 270 290 550
20160803 10 6 3 1 290 120 130 1090 700 3730 570 200 260 360
20160803 11 1 6 3 220 100 100 820 340 2390 800 280 530 400
20160803 12 2 5 3 650 220 220 3190 2000 16770 3050 460 270 540
20160804 1 1 4 2 100 100 0 310 310 840 320 150 170 610
20160804 2 6 2 1 1270 230 170 1390 410 6690 690 290 410 210
20160804 3 1 4 3 160 100 150 390 340 1490 500 180 190 430
20160804 4 2 4 1 940 360 180 5030 2990 14230 1010 570 220 290
20160804 5 1 5 2 120 100 240 570 480 1310 340 170 150 230
20160804 6 1 2 3 220 0 100 350 130 1460 660 130 820 690
20160804 7 4 5 2 330 140 160 370 320 1490 580 190 270 340
20160804 8 6 3 4 750 330 200 2970 1420 7280 440 250 200 140
20160804 9 2 1 5 270 110 260 860 600 2500 780 430 220 470
20160804 10 1 3 5 100 200 0 480 380 1230 590 180 400 500
20160804 11 6 3 5 1200 280 280 4520 1550 12960 910 390 370 180
20160804 12 4 3 5 420 410 270 8760 2820 23410 5350 700 380 320
20160805 1 1 4 2 100 100 110 270 200 1300 590 120 300 400
20160805 2 2 5 6 270 160 160 510 330 1300 530 170 250 360
20160805 3 1 5 3 100 460 0 1850 2180 5990 680 270 160 320
20160805 4 1 3 5 200 170 170 440 160 3240 920 170 390 280
20160805 5 1 4 6 150 140 480 610 380 4900 2190 160 450 730
20160805 6 3 1 2 370 0 1050 2950 1180 5340 400 180 160 220
20160805 7 5 4 6 70 0 330 5780 1340 30690 4200 440 1450 930
20160805 8 5 4 2 260 450 0 480 300 2770 690 160 280 340
20160805 9 3 1 6 810 110 130 650 360 4070 1410 230 340 920
20160805 10 4 5 3 750 70 0 7660 5940 35960 4660 880 570 490
20160805 11 2 3 1 70 0 750 3690 2030 9170 360 260 180 120
20160805 12 1 3 4 100 100 160 360 310 1050 500 200 230 460
20160806 1 1 4 6 120 100 100 190 150 590 330 120 160 230
20160806 2 6 2 5 420 710 0 2350 1420 24500 9110 490 1330 940
20160806 3 1 3 6 110 110 370 360 330 2060 880 160 270 840
20160806 4 4 2 6 190 120 120 670 640 3480 1280 160 380 670
20160806 5 1 6 4 110 160 520 540 500 1200 410 120 140 170
20160806 6 2 4 5 330 200 330 2820 2520 6960 1390 530 140 720
20160806 7 1 4 2 100 140 200 950 740 4030 1740 260 550 330
20160806 8 2 6 1 1720 520 160 6060 2350 12610 520 470 260 150
20160806 9 2 1 6 370 150 120 810 300 5110 1390 220 670 540
20160806 10 2 1 5 310 120 100 620 160 3500 900 140 550 440
20160806 11 4 1 2 600 170 100 1650 340 4910 400 180 250 190
20160806 12 4 5 3 2620 630 630 5670 4740 35440 5260 1020 760 550
20160807 1 3 4 1 970 200 150 1280 590 3670 300 170 210 130
20160807 2 2 3 6 1200 370 130 1980 890 21320 2710 210 1270 470
20160807 3 5 1 3 3970 200 100 3950 950 31080 1130 250 740 270
20160807 4 3 6 4 330 150 300 1250 960 4930 1010 320 240 430
20160807 5 1 5 4 140 110 300 600 590 2500 910 180 220 420
20160807 6 3 4 6 950 300 0 3850 2220 16990 2810 760 760 220
20160807 7 6 2 3 580 820 0 2370 2220 15360 2830 460 540 680
20160807 8 1 6 4 210 100 150 370 310 770 250 140 140 220
20160807 9 3 6 1 200 200 450 3760 2880 12280 1030 260 220 350
20160807 10 2 1 4 900 140 110 1220 270 4360 820 130 530 250
20160807 11 5 4 6 1170 410 410 3160 1440 15290 2530 580 1210 1210
20160807 12 4 6 2 800 360 300 3880 2220 20820 2690 400 320 530
20160811 1 4 1 2 1420 120 100 980 240 3050 290 120 280 130
20160811 2 3 5 2 1350 220 220 8710 6450 35960 7550 1090 2610 1090
20160811 3 4 3 1 440 430 550 1290 730 2880 300 230 160 160
20160811 4 5 4 2 1230 450 450 14300 2770 26700 2160 700 380 310
20160811 5 3 1 2 350 460 170 2750 240 8610 480 160 700 200
20160811 6 4 6 1 210 150 280 1300 960 8190 2450 300 270 540
20160811 7 1 2 5 430 410 750 5750 2250 21260 4290 990 180 250
20160811 8 1 5 2 350 150 110 1110 860 3210 700 270 200 340
20160811 9 2 1 3 370 120 260 680 290 3180 1040 170 510 660
20160811 10 2 4 5 370 370 0 2350 1080 5130 1200 500 190 450
20160811 11 1 3 5 270 170 150 440 310 1260 580 130 510 180
20160811 12 1 3 2 120 110 170 490 440 1480 350 220 120 430
20160812 1 4 5 1 250 130 0 2030 1530 4500 510 350 190 350
20160812 2 3 1 2 260 0 150 720 280 2660 360 150 510 230
20160812 3 2 1 5 670 0 150 2040 660 6060 1340 180 160 340
20160812 4 5 2 6 460 220 130 1580 940 7310 2170 220 340 340
20160812 5 1 2 6 110 100 150 840 570 2110 1100 390 160 330
20160812 6 2 3 5 560 100 100 850 340 2710 830 280 190 230
20160812 7 4 1 5 900 0 200 720 360 1700 390 180 260 180
20160812 8 2 1 6 100 100 130 550 330 1790 730 490 270 620
20160812 9 3 2 4 460 110 100 1010 490 2010 280 150 140 120
20160812 10 3 5 2 1760 370 220 14910 7880 42610 6940 840 1030 620
20160812 11 5 1 3 720 320 280 1590 520 7330 1190 220 620 620
20160812 12 1 5 3 100 100 0 660 580 2260 700 260 270 550
20160813 1 4 1 2 1830 100 100 1170 410 4600 360 140 170 100
20160813 2 1 4 2 520 270 860 1910 2140 10090 1920 780 200 1500
20160813 3 5 1 3 370 100 100 990 350 1980 380 100 150 140
20160813 4 3 4 5 130 300 160 8640 3180 31850 4650 520 1420 300
20160813 5 3 4 1 260 1500 1500 3650 1620 8150 430 170 120 230
20160813 6 1 2 5 300 160 260 520 400 1220 330 160 230 190
20160813 7 1 2 6 170 100 100 450 180 770 310 170 180 150
20160813 8 3 4 2 430 200 200 660 460 1420 280 120 120 300
20160813 9 4 6 3 300 450 0 1900 2220 15520 3400 350 1170 1720
20160813 10 5 3 6 520 260 260 2800 660 22710 6730 460 1430 2800
20160813 11 1 2 3 180 110 100 620 440 3170 1160 160 410 530
20160813 12 1 5 3 100 100 240 510 300 1190 370 160 100 260
20160814 1 4 1 2 600 160 140 1430 340 5290 690 190 310 100
20160814 2 4 2 6 330 170 170 410 300 1150 380 110 170 180
20160814 3 1 3 5 130 100 150 310 190 630 370 160 170 200
20160814 4 2 5 1 200 130 260 740 490 7090 1170 780 420 660
20160814 5 1 2 4 100 100 130 230 350 1800 1060 240 300 1580
20160814 6 2 5 4 170 120 130 610 400 3760 1600 200 250 1520
20160814 7 2 1 6 220 160 160 810 420 2710 640 160 180 490
20160814 8 4 1 3 750 260 260 2690 460 12360 1320 300 230 750
20160814 9 1 5 4 240 130 260 2310 1530 16620 2410 630 330 550
20160814 10 1 3 6 180 100 150 300 120 1360 740 100 310 410
20160814 11 4 2 5 600 330 330 2120 1480 7440 1740 330 600 510
20160814 12 1 6 3 100 100 260 2320 1630 9550 2090 440 180 990
20160815 1 4 1 6 130 100 100 490 150 1170 290 140 280 200
20160815 2 2 1 5 160 120 130 460 280 1490 590 210 460 650
20160815 3 1 5 3 300 120 0 770 470 2170 820 150 210 330
20160815 4 1 3 6 140 170 0 600 210 1220 360 250 220 320
20160815 5 1 6 3 140 110 110 460 230 1630 700 130 110 540
20160815 6 2 1 3 210 100 100 800 310 4620 880 160 240 260
20160815 7 5 3 2 470 160 1050 6910 4180 35560 4000 870 350 350
20160815 8 3 6 1 150 120 140 260 180 560 240 100 120 110
20160815 9 5 4 2 1350 0 100 11470 4960 28980 2360 1100 640 930
20160815 10 3 5 6 480 180 0 9000 2450 42870 5210 920 3470 920
20160815 11 1 3 5 100 120 370 630 640 2710 900 250 290 440
20160815 12 1 4 3 110 100 100 730 770 2100 1210 250 160 580
20160816 1 5 4 2 1330 750 240 11970 1990 76560 8840 580 1150 680
20160816 2 1 4 3 180 260 260 1220 870 2990 470 340 240 170
20160816 3 1 4 2 120 100 110 1420 970 4070 1040 410 150 480
20160816 4 1 3 2 330 70 0 1490 740 3450 500 220 210 180
20160816 5 1 3 5 150 110 0 540 590 1740 810 160 190 320
20160816 6 5 6 1 820 220 0 1480 1040 4010 550 360 210 260
20160816 7 1 3 6 170 100 110 530 320 3870 1960 150 320 610
20160816 8 5 4 3 480 160 0 2470 1460 8480 980 510 300 420
20160816 9 6 3 2 560 150 120 3760 880 14060 1060 290 800 160
20160816 10 1 6 5 170 180 0 2230 2120 10080 1880 580 230 800
20160816 11 1 6 4 110 260 630 1570 1690 8060 2540 330 230 490
20160816 12 1 2 3 140 100 100 250 180 820 410 130 190 280
20160819 1 1 3 2 110 140 0 930 510 7000 1870 270 180 980
20160819 2 2 5 1 970 350 480 11280 4080 43760 5480 940 490 490
20160819 3 2 4 1 550 1160 610 3340 2150 11530 430 450 190 170
20160819 4 1 3 2 400 250 180 2640 2140 7160 910 670 390 260
20160819 5 1 5 2 180 100 160 1110 750 3480 800 250 230 830
20160819 6 6 1 5 210 170 330 2110 670 3990 520 360 330 170
20160819 7 5 6 4 550 180 100 840 550 3900 1160 250 700 370
20160819 8 1 4 5 160 170 310 550 290 4140 1960 130 560 450
20160819 9 1 3 6 310 130 100 490 380 3300 1020 170 320 370
20160819 10 4 6 1 730 410 410 1190 1130 3100 490 320 130 260
20160819 11 4 2 6 340 110 100 1550 410 4570 890 200 300 320
20160819 12 3 5 6 240 350 480 1490 1460 10250 3050 300 820 1070
20160820 1 1 5 3 190 130 220 3290 2340 20670 5330 720 330 1530
20160820 2 5 1 6 1050 430 430 3310 840 10930 2410 420 380 320
20160820 3 4 2 1 70 70 0 8130 2240 12860 440 370 170 140
20160820 4 4 3 5 400 100 100 490 200 1020 300 110 300 160
20160820 5 1 2 4 100 100 100 270 210 510 420 160 140 260
20160820 6 2 6 5 200 100 370 1090 1440 3100 810 140 170 380
20160820 7 2 1 3 130 100 180 1150 320 2560 440 560 100 710
20160820 8 3 6 5 270 110 110 1210 1110 3250 830 150 310 310
20160820 9 2 6 4 220 130 180 1520 890 2620 290 200 130 140
20160820 10 2 3 4 170 110 110 680 270 4830 1250 200 510 400
20160820 11 3 1 2 70 0 100 5130 400 15600 800 310 620 200
20160820 12 1 4 6 100 100 670 560 620 3980 2140 240 220 1570
20160821 1 1 3 4 160 110 390 380 340 940 320 280 150 390
20160821 2 4 1 5 820 110 220 1250 610 3010 470 270 170 140
20160821 3 5 1 6 900 0 100 1370 480 5780 1400 270 1000 860
20160821 4 5 3 2 70 280 130 1940 570 4750 420 230 220 150
20160821 5 1 5 2 120 150 560 640 670 3250 1040 180 160 620
20160821 6 2 1 3 170 140 200 440 180 750 140 130 150 150
20160821 7 1 5 3 180 150 0 280 440 1580 430 210 250 520
20160821 8 4 5 1 150 100 670 1120 890 4930 1770 310 220 980
20160821 9 2 3 5 310 100 0 480 270 1410 610 160 330 500
20160821 10 2 1 4 580 220 170 1450 560 1900 230 210 220 150
20160821 11 1 5 3 350 300 0 4260 2800 11460 1510 560 240 390
20160821 12 4 1 2 870 0 190 2330 590 12740 880 170 550 220
20160822 1 3 6 5 620 480 480 32090 12920 130060 14030 9810 2850 1840
20160822 2 1 4 5 150 260 160 590 390 2740 920 260 310 380
20160822 3 1 3 4 100 100 410 290 260 770 470 140 140 470
20160822 4 3 1 4 630 350 350 1550 2290 13400 2720 560 450 670
20160822 5 1 4 2 220 150 0 790 680 2000 440 240 180 660
20160822 6 6 2 3 260 240 270 3600 1990 28420 5560 430 800 800
20160822 7 1 6 2 120 100 0 1290 970 5970 1140 310 230 380
20160822 8 2 3 5 370 130 260 3780 2240 13590 2870 810 180 0
20160822 9 6 5 2 240 140 210 2210 780 8060 1260 320 330 470
20160822 10 1 2 4 120 130 220 400 260 960 460 190 160 180
20160822 11 1 3 2 150 100 220 530 350 860 250 140 110 300
20160822 12 1 3 4 110 110 180 340 260 1920 1060 130 630 1350
20160823 1 1 4 6 120 100 120 280 190 840 470 120 290 270
20160823 2 2 3 1 370 110 150 860 490 4200 1140 110 230 840
20160823 3 3 1 2 820 220 150 1420 290 5480 510 190 390 140
20160823 4 4 5 6 220 160 160 2220 1120 9230 3810 230 580 1250
20160823 5 1 4 2 120 100 300 250 290 1020 270 120 150 180
20160823 6 3 4 1 70 480 100 3280 2480 34880 4560 1070 1740 280
20160823 7 1 6 2 270 220 370 290 330 970 390 130 160 310
20160823 8 4 5 2 220 220 0 2110 2360 6100 1600 430 150 620
20160823 9 1 5 6 100 120 130 1150 1240 3220 1620 330 180 740
20160823 10 1 6 2 110 150 0 1570 2140 7670 2200 420 460 1830
20160823 11 1 2 3 130 100 110 250 160 420 240 120 150 120
20160823 12 1 2 6 120 100 150 220 170 1600 850 170 290 860
20160827 1 1 4 6 130 100 180 310 270 3570 1150 150 1600 380
20160827 2 1 2 5 110 180 0 670 470 1390 550 140 220 690
20160827 3 1 4 5 140 110 460 540 830 2140 840 260 130 580
20160827 4 1 3 2 200 120 480 1740 950 5740 1180 200 380 100
20160827 5 1 4 2 100 100 100 210 440 470 250 120 220 310
20160827 6 2 6 4 160 150 220 1390 1080 3840 260 220 180 280
20160827 7 3 1 2 390 100 100 760 540 3840 1080 150 460 560
20160827 8 1 4 2 160 150 170 510 240 1580 990 120 150 430
20160827 9 1 3 5 310 150 0 700 530 3100 1080 1090 270 830
20160827 10 1 4 3 70 70 0 710 310 2090 740 140 270 220
20160827 11 6 5 3 70 0 300 16480 8960 103910 9360 1260 790 1860
20160827 12 5 1 2 2250 630 110 5540 1300 16730 1110 360 890 240
20160828 1 4 5 1 1600 370 0 1030 770 2210 190 250 100 190
20160828 2 5 2 3 200 250 0 2620 2100 9450 1550 430 130 960
20160828 3 1 6 3 100 100 0 1080 960 9350 1530 560 280 1050
20160828 4 3 6 2 450 300 0 6810 2700 30650 4310 1060 190 470
20160828 5 1 3 4 120 100 220 430 430 5540 2080 220 450 730
20160828 6 1 2 6 130 160 100 210 170 1030 480 130 360 360
20160828 7 5 6 3 1050 0 220 1300 1040 2600 370 250 180 270
20160828 8 4 2 3 440 150 100 910 230 2610 280 150 130 190
20160828 9 1 2 6 200 140 180 390 470 1040 360 210 220 590
20160828 10 2 1 3 360 170 220 2010 480 5980 920 270 240 200
20160828 11 1 3 4 210 120 130 430 280 900 260 130 180 160
20160828 12 5 1 3 3120 260 130 4540 1440 30430 2930 1130 1490 250
20160829 1 4 2 3 280 130 240 2430 1130 12540 3420 190 310 390
20160829 2 3 5 4 170 100 300 350 350 600 240 100 140 140
20160829 3 1 2 6 100 100 150 340 360 1600 1180 150 220 1260
20160829 4 3 2 4 280 160 900 3830 1130 10260 3120 300 410 300
20160829 5 3 4 1 1070 120 330 10410 5410 40270 1790 1540 140 440
20160829 6 3 5 6 120 300 410 1230 560 2620 970 300 290 140
20160829 7 4 5 1 500 150 0 800 420 3020 830 220 500 500
20160829 8 2 6 5 200 180 0 860 890 2310 700 370 120 260
20160829 9 5 1 2 970 160 100 2700 560 5990 220 490 160 230
20160829 10 2 3 6 260 100 110 340 250 1440 670 270 200 430
20160829 11 1 4 2 160 420 950 2640 2050 9010 2340 390 190 460
20160829 12 2 3 4 180 350 350 2910 1090 7460 2450 390 700 1020
20160830 1 1 2 4 150 100 270 1010 470 1450 330 140 100 190
20160830 2 5 3 4 970 210 0 3580 1200 11080 1860 1020 360 520
20160830 3 1 2 5 190 100 130 260 310 560 270 100 190 200
20160830 4 2 4 3 460 260 630 3930 2730 12800 1430 590 240 270
20160830 5 1 3 2 100 100 120 310 350 550 160 120 210 140
20160830 6 6 2 4 230 0 100 1930 650 5150 420 130 270 140
20160830 7 3 4 6 750 100 110 1010 630 8680 2110 190 1390 730
20160830 8 3 2 6 130 100 130 560 410 1640 380 240 100 340
20160830 9 3 4 1 180 100 220 350 330 1710 580 160 210 610
20160830 10 1 2 5 100 120 0 480 350 2150 1030 130 250 1270
20160830 11 1 4 2 170 110 180 430 380 1380 610 260 160 340
20160830 12 1 4 3 230 160 230 410 560 1330 300 110 140 230
20160831 1 1 4 2 250 100 100 300 220 1030 290 130 210 120
20160831 2 4 3 2 2360 900 900 2550 1050 5830 810 270 300 100
20160831 3 1 2 6 100 100 220 170 280 1080 530 170 180 450
20160831 4 2 3 4 370 160 160 1740 780 2710 590 140 220 220
20160831 5 1 5 4 100 100 210 330 200 1130 280 100 150 170
20160831 6 4 3 6 70 560 230 10510 3670 41630 3800 560 2300 810
20160831 7 1 2 6 200 450 260 760 900 6940 3220 410 520 970
20160831 8 1 3 6 450 220 280 480 440 2500 580 300 350 300
20160831 9 1 2 4 460 930 290 610 570 1490 320 250 130 210
20160831 10 4 2 1 420 240 410 2190 1160 9910 550 180 280 150
20160831 11 2 1 6 380 160 160 1540 400 11970 2170 120 1000 730
20160831 12 1 2 5 170 120 120 460 280 1810 810 190 190 250
20160904 1 1 4 2 100 100 100 230 130 530 230 100 160 240
20160904 2 4 6 2 280 170 280 500 360 1190 410 130 160 200
20160904 3 4 2 3 210 260 260 1870 1520 14510 2750 280 710 600
20160904 4 3 5 2 210 280 0 5520 2600 18350 3140 1280 250 1280
20160904 5 1 3 2 100 100 260 230 310 1320 470 100 230 330
20160904 6 1 3 4 480 70 0 3790 2510 11150 6350 550 200 550
20160904 7 1 2 5 220 200 260 560 150 1750 330 160 180 140
20160904 8 3 4 6 220 160 120 780 490 3130 1550 200 650 550
20160904 9 5 6 4 70 600 0 17460 4590 114640 7980 1850 740 1410
20160904 10 1 4 2 150 130 0 780 1100 3770 1330 350 210 680
20160904 11 2 3 4 350 110 150 1060 1250 3900 670 450 400 210
20160904 12 4 1 2 70 180 100 1530 430 6910 740 140 690 270
20160905 1 4 1 6 360 110 100 550 160 1720 870 180 510 720
20160905 2 1 5 3 260 710 230 1760 1020 3810 460 300 270 210
20160905 3 1 3 4 150 100 100 290 280 560 230 120 140 220
20160905 4 4 1 6 350 220 270 2140 790 5220 1190 330 290 280
20160905 5 3 5 4 630 250 330 1800 1660 11600 3290 390 250 820
20160905 6 1 3 4 570 180 190 4710 1930 22240 5680 780 430 590
20160905 7 2 5 4 130 300 250 1060 1200 11880 2860 270 570 1370
20160905 8 5 6 1 370 520 250 3250 1500 4460 2350 480 180 240
20160905 9 4 1 5 670 340 150 4680 1510 9550 1170 310 210 200
20160905 10 1 6 3 160 390 390 600 680 4700 1340 270 230 310
20160905 11 2 3 4 550 150 110 2460 940 4630 880 360 440 220
20160905 12 4 6 2 280 130 0 2810 1930 8550 1700 390 220 1470
20160906 1 1 4 5 250 110 330 240 230 1120 720 140 370 180
20160906 2 2 4 3 110 100 230 530 430 930 290 120 160 140
20160906 3 2 6 5 450 230 560 3090 1590 17930 4110 510 1020 1180
20160906 4 2 1 4 420 100 110 420 290 1590 510 140 220 180
20160906 5 4 1 3 1050 180 100 4450 660 30700 1440 310 970 250
20160906 6 4 6 3 210 100 280 2070 2360 8630 1180 530 270 640
20160906 7 2 3 1 710 670 370 1800 610 5190 610 200 300 160
20160906 8 1 3 2 140 100 110 520 280 1460 290 100 280 170
20160906 9 2 1 5 500 120 170 820 530 3900 1330 600 400 540
20160906 10 2 1 3 420 900 150 1720 450 7500 690 380 380 230
20160906 11 1 2 3 130 240 0 710 680 1460 410 150 110 400
20160906 12 1 5 3 100 100 310 770 530 1750 410 170 150 270
20160907 1 1 3 4 100 100 0 300 170 390 160 110 150 180
20160907 2 2 4 3 230 0 220 2480 1050 6670 810 530 340 190
20160907 3 1 2 5 100 100 260 290 230 1170 620 210 200 370
20160907 4 4 5 3 360 260 450 2570 1670 15760 4520 820 500 2060
20160907 5 1 2 3 120 170 370 320 190 670 320 180 210 420
20160907 6 1 2 3 300 180 180 540 480 1300 300 260 150 170
20160907 7 1 2 3 210 110 110 390 230 690 240 120 290 210
20160907 8 4 1 6 240 150 370 1290 530 5190 1640 240 310 1080
20160907 9 3 6 2 420 160 780 4420 2850 16470 3880 660 210 2750
20160907 10 3 4 2 2550 220 150 4810 3240 19600 2460 610 830 250
20160907 11 4 1 2 760 410 120 2660 490 8940 700 110 270 210
20160907 12 1 4 5 110 140 160 470 230 2230 850 120 420 320
20160908 1 5 1 3 1570 750 100 3990 650 34010 1430 210 550 220
20160908 2 2 4 1 220 250 560 1270 650 2690 310 170 130 130
20160908 3 2 1 5 670 150 130 510 250 1720 270 130 250 180
20160908 4 4 3 6 410 630 320 2270 850 4860 1240 340 260 380
20160908 5 1 2 3 120 130 100 380 290 480 200 100 120 150
20160908 6 1 4 2 270 290 930 3350 2510 9350 1170 510 180 510
20160908 7 3 5 6 900 200 260 2500 1560 5160 1110 410 290 240
20160908 8 3 2 6 760 180 130 3710 1220 10800 2010 560 530 280
20160908 9 1 2 4 180 220 110 380 420 770 190 130 110 130
20160908 10 1 2 3 150 120 220 240 180 560 240 140 160 260
20160908 11 1 4 3 100 100 160 1090 900 3920 950 520 240 780
20160908 12 1 2 3 120 110 200 210 210 440 180 130 180 220
20160909 1 3 1 4 2020 0 410 6110 720 11570 500 280 340 130
20160909 2 3 1 6 210 150 250 780 420 2680 820 250 330 460
20160909 3 1 4 2 100 100 100 380 350 2300 1310 150 260 560
20160909 4 1 6 2 330 190 190 2480 430 6500 1680 480 540 690
20160909 5 4 1 3 950 100 100 1980 230 9330 630 140 240 190
20160909 6 2 1 6 320 280 110 670 240 2740 640 140 360 170
20160909 7 1 5 3 130 130 180 530 400 750 200 150 100 180
20160909 8 5 4 3 70 600 600 17800 3400 190060 7570 3000 800 510
20160909 9 1 6 4 120 100 200 430 320 1790 610 140 200 390
20160909 10 1 4 2 110 100 100 370 310 800 170 160 150 160
20160909 11 1 6 4 130 130 260 1300 1600 4410 750 320 160 340
20160909 12 1 2 3 140 110 290 330 230 800 370 160 270 400
20160914 1 1 4 2 100 120 270 270 220 1240 490 100 160 330
20160914 2 4 2 6 450 180 180 1130 200 2140 460 200 280 240
20160914 3 1 4 2 100 100 150 210 280 570 380 110 110 160
20160914 4 3 1 4 100 160 160 1520 680 3520 520 230 330 160
20160914 5 1 4 2 120 100 150 250 170 590 230 130 110 260
20160914 6 6 3 5 630 270 370 3600 1190 16540 3680 390 2320 4570
20160914 7 5 2 6 560 300 100 1800 290 4160 600 210 270 170
20160914 8 2 3 1 750 220 0 1220 1890 9000 940 510 470 330
20160914 9 5 6 3 3300 370 0 16210 6350 26560 3430 3470 310 450
20160914 10 1 4 2 110 100 130 400 300 1190 440 110 230 490
20160914 11 2 6 5 70 650 1230 11820 4190 69630 14550 3070 1070 670
20160914 12 3 5 6 670 300 300 4850 3190 17050 5080 430 1330 910
20160915 1 1 4 5 220 100 100 290 170 1040 370 180 590 330
20160915 2 3 1 5 280 160 260 750 270 3370 980 170 230 390
20160915 3 6 3 1 1030 750 580 8750 2940 12560 550 450 270 280
20160915 4 3 5 6 200 100 110 630 330 1620 630 220 360 350
20160915 5 4 3 5 3900 5060 1730 5120 1650 47250 4430 290 960 780
20160915 6 4 6 5 350 210 420 650 710 3200 1880 230 380 520
20160915 7 1 6 2 100 100 110 380 390 770 250 120 120 230
20160915 8 6 5 3 460 250 250 2310 740 12640 3170 370 350 910
20160915 9 1 2 6 450 100 100 600 320 1910 710 130 260 140
20160915 10 4 5 1 370 130 160 1300 1050 2810 400 210 110 260
20160915 11 5 2 1 1570 520 140 2230 1830 12990 760 460 250 170
20160915 12 2 3 1 180 400 400 1960 1440 7450 550 190 130 460
20160916 1 4 1 6 900 180 100 1040 140 4490 580 140 300 470
20160916 2 1 5 2 690 810 1060 3000 1820 16700 1710 580 400 670
20160916 3 1 5 2 110 160 370 660 380 1390 540 430 110 310
20160916 4 4 1 2 1200 560 310 9860 4470 26640 2050 2310 330 710
20160916 5 6 2 1 1400 610 880 14850 1210 9200 320 120 160 130
20160916 6 2 5 4 70 100 450 1070 960 7320 1500 330 440 1190
20160916 7 5 1 4 1050 230 280 2230 700 18660 7050 1480 640 2900
20160916 8 2 4 5 160 100 130 520 330 4530 1440 150 720 1700
20160916 9 2 3 4 210 110 0 420 160 1890 640 130 300 630
20160916 10 1 2 6 100 110 150 290 220 1650 760 130 290 570
20160916 11 1 5 3 220 150 0 1120 1240 4370 1680 570 180 320
20160916 12 1 2 5 130 100 150 570 510 1950 1250 170 240 410
20160917 1 4 3 5 120 170 230 720 340 3490 1470 120 270 1130
20160917 2 4 5 6 550 650 290 1010 560 2760 990 240 770 560
20160917 3 1 2 4 100 100 180 360 250 540 260 140 160 620
20160917 4 5 1 3 600 430 250 4330 1220 26010 1430 230 330 270
20160917 5 1 2 4 100 160 0 410 380 5730 2550 210 390 1450
20160917 6 3 5 4 170 370 0 700 420 2280 810 210 170 570
20160917 7 2 1 3 300 150 110 430 190 690 150 120 160 130
20160917 8 6 4 2 380 180 240 3390 2260 18120 2580 290 380 840
20160917 9 4 1 2 150 140 180 980 630 6150 1000 120 430 610
20160917 10 1 6 3 200 0 370 7140 3310 18820 3430 810 200 1550
20160917 11 3 6 2 520 0 450 3300 1730 20230 3760 1170 510 620
20160917 12 5 2 1 1870 460 230 27530 5610 91750 2530 1360 1110 270
20160918 1 1 2 5 130 150 0 1070 710 5820 3990 610 2040 5970
20160918 2 2 6 4 1420 170 170 2710 810 13720 1980 420 530 370
20160918 3 1 3 2 100 150 180 250 220 950 430 130 220 570
20160918 4 3 2 1 270 200 260 920 1080 5610 990 370 300 370
20160918 5 1 5 6 120 180 180 540 550 3790 2530 180 420 1350
20160918 6 5 2 6 1650 180 520 2230 880 9080 1120 650 650 460
20160918 7 2 4 3 240 130 100 630 430 6180 1690 310 1290 680
20160918 8 6 4 2 370 200 180 1400 800 2540 420 230 270 240
20160918 9 3 1 6 4050 130 100 1800 600 5170 1670 420 1350 440
20160918 10 2 6 4 400 140 480 3800 1590 12790 2220 520 300 740
20160918 11 1 3 2 180 230 540 760 490 2060 550 330 120 540
20160918 12 1 3 4 140 100 170 390 340 1200 770 180 260 820
20160919 1 3 1 4 2850 0 150 1340 180 2430 280 150 190 100
20160919 2 1 5 4 250 100 260 2870 1970 7680 2510 570 300 440
20160919 3 1 4 3 110 100 330 340 270 1180 410 100 210 370
20160919 4 4 3 1 220 140 140 2210 1080 4610 750 370 150 180
20160919 5 1 6 3 130 100 180 660 570 2180 660 210 110 320
20160919 6 4 2 1 300 100 300 1380 490 6310 530 180 300 470
20160919 7 4 1 6 350 240 150 590 350 1520 450 180 260 190
20160919 8 2 1 6 300 100 160 860 380 2420 660 210 560 190
20160919 9 1 3 2 110 100 100 320 230 1270 550 180 170 450
20160919 10 1 2 4 110 100 110 460 300 1780 890 260 300 780
20160919 11 1 5 3 110 100 150 2250 1090 6670 1590 210 160 920
20160919 12 1 3 2 100 130 300 370 320 1500 500 160 200 290
20160922 1 1 3 5 100 100 230 620 370 2200 1270 190 370 970
20160922 2 3 2 5 220 130 130 800 440 2900 590 220 240 320
20160922 3 4 1 6 70 0 100 1710 290 5710 920 120 410 510
20160922 4 2 3 1 270 100 100 320 250 1810 610 180 110 600
20160922 5 4 5 1 410 140 410 6210 3040 9660 650 760 160 380
20160922 6 1 6 5 130 0 370 2460 1370 11400 2200 320 570 570
20160922 7 1 4 3 330 70 0 1820 1370 6830 1440 320 480 480
20160922 8 1 6 3 150 300 0 5520 6300 23410 1600 1760 490 380
20160922 9 1 2 6 130 100 120 370 230 990 300 190 210 280
20160922 10 5 3 4 300 310 780 2960 1160 5970 610 370 140 260
20160922 11 6 2 4 70 70 0 12630 2670 37360 1950 1420 0 520
20160922 12 1 4 6 320 180 180 370 220 1410 870 140 180 410
20160923 1 5 4 1 70 0 220 4250 590 7130 520 250 230 140
20160923 2 1 2 3 270 180 180 1070 380 3250 570 510 660 250
20160923 3 2 5 1 370 220 220 15470 3000 30530 1100 370 110 130
20160923 4 5 1 4 750 100 100 900 360 13130 3100 200 2700 950
20160923 5 1 4 2 120 100 100 500 270 920 290 190 170 110
20160923 6 6 4 5 70 0 370 6250 1420 11740 2840 1200 500 560
20160923 7 1 4 2 150 100 110 410 240 910 300 100 150 330
20160923 8 6 3 4 410 110 100 1320 620 9470 1440 160 630 630
20160923 9 3 4 5 180 180 300 5400 3520 32050 17020 1310 1310 690
20160923 10 1 3 6 110 70 0 680 360 1940 680 230 200 290
20160923 11 1 2 6 100 170 210 300 230 910 610 140 350 240
20160923 12 4 3 1 630 480 280 7680 3780 19800 740 950 510 140
20160924 1 1 4 5 120 110 0 250 190 620 260 110 150 230
20160924 2 2 4 5 120 150 0 1400 700 7350 2900 250 230 1680
20160924 3 4 1 5 970 0 130 6500 1380 18760 900 590 670 450
20160924 4 1 2 5 200 140 330 760 490 2060 770 210 150 240
20160924 5 2 3 4 480 180 180 2350 640 12120 1910 470 0 880
20160924 6 1 6 5 450 0 300 1330 610 3270 360 230 220 240
20160924 7 3 2 4 70 220 110 1420 310 5680 660 160 1560 310
20160924 8 1 5 4 250 270 670 1580 1940 9640 2020 680 240 320
20160924 9 6 1 2 170 100 180 680 320 1150 230 150 170 220
20160924 10 5 4 3 970 220 0 3820 750 10300 1150 260 750 650
20160924 11 2 1 5 560 100 150 1210 410 2890 490 110 630 260
20160924 12 1 6 4 160 150 300 1440 710 6720 2060 380 230 3050
20160925 1 1 2 3 130 100 150 400 380 1880 1010 230 140 380
20160925 2 5 4 1 70 0 1950 4940 4050 36300 5760 660 1020 860
20160925 3 5 1 3 640 110 100 1490 190 5070 510 170 380 160
20160925 4 3 5 6 180 350 630 3190 2710 7200 2290 350 580 470
20160925 5 5 2 6 870 220 370 8020 2800 35010 4340 1080 700 490
20160925 6 1 4 2 320 120 240 2800 1570 8920 1350 430 530 200
20160925 7 1 3 6 200 110 160 180 220 590 240 170 150 260
20160925 8 1 4 3 180 310 230 1380 780 2580 620 230 220 170
20160925 9 3 5 6 280 170 220 550 420 1370 480 250 360 420
20160925 10 4 2 6 750 330 330 4340 1630 12870 1920 520 460 210
20160925 11 1 2 5 120 100 150 360 450 1090 520 150 240 290
20160925 12 5 1 2 2850 0 100 4130 740 6650 230 220 210 140
20160926 1 1 5 2 110 210 0 820 670 3320 990 270 340 1410
20160926 2 1 2 6 100 160 160 1290 520 2470 630 270 230 280
20160926 3 5 2 6 580 330 840 1320 2100 11360 4440 680 770 1300
20160926 4 1 3 2 310 230 130 1410 750 6290 800 380 220 250
20160926 5 1 3 4 180 120 120 240 250 1070 400 170 410 260
20160926 6 6 2 1 860 230 120 1380 420 4970 450 160 160 160
20160926 7 3 5 4 70 350 180 610 360 3410 1480 120 540 1080
20160926 8 1 3 6 370 180 480 1120 960 3100 1120 320 340 180
20160926 9 4 1 6 70 210 100 10110 1530 19740 2430 510 950 360
20160926 10 1 2 3 220 120 140 190 190 600 310 170 230 310
20160926 11 3 1 2 270 160 100 990 280 2600 320 170 420 190
20160926 12 3 1 6 770 200 110 2710 580 15670 3050 300 1220 570
20160927 1 1 2 3 220 120 300 540 760 2380 770 200 150 390
20160927 2 6 3 4 750 350 150 3750 1200 11480 1450 300 240 360
20160927 3 1 3 4 120 220 210 590 400 2280 850 320 200 630
20160927 4 5 2 6 910 190 130 2500 750 11390 3730 310 850 1640
20160927 5 4 1 5 1350 410 100 2470 340 13440 3330 110 940 260
20160927 6 2 1 6 250 130 130 570 360 1650 570 120 180 260
20160927 7 5 6 4 480 240 240 1830 1070 8240 2540 450 1070 670
20160927 8 1 6 2 160 140 120 2430 2270 4760 690 340 110 360
20160927 9 5 3 4 520 180 180 1160 630 5170 1370 200 320 850
20160927 10 1 2 4 330 180 410 190 360 1380 1110 230 420 330
20160927 11 1 4 5 300 160 260 950 510 1630 390 270 150 200
20160927 12 1 2 4 130 110 160 360 270 1340 630 120 170 640
20161006 1 1 2 5 140 100 160 400 300 2100 600 270 460 1850
20161006 2 4 6 3 970 250 0 900 1050 3110 720 260 200 280
20161006 3 1 2 3 150 100 160 350 290 1180 370 180 190 440
20161006 4 4 1 6 210 100 130 830 630 6240 2860 500 280 710
20161006 5 1 5 4 100 110 300 970 710 1900 610 130 170 290
20161006 6 1 2 4 350 100 120 1120 590 4490 1400 310 730 730
20161006 7 1 2 6 70 150 100 1000 340 10000 2850 330 850 1250
20161006 8 4 3 2 750 170 130 2480 600 5070 900 160 290 220
20161006 9 4 5 1 240 110 110 860 630 2270 300 180 160 190
20161006 10 3 4 1 360 160 130 2580 550 4100 220 220 190 150
20161006 11 4 5 6 1050 200 540 1430 520 7080 3430 350 620 480
20161006 12 1 5 2 180 170 370 1090 670 3000 640 310 140 410
20161007 1 1 3 4 270 2260 0 4500 2530 11100 1260 390 140 810
20161007 2 2 6 3 300 120 200 1030 800 1740 370 350 180 240
20161007 3 1 3 6 100 100 200 330 210 2420 1120 150 390 660
20161007 4 1 3 2 300 250 210 720 360 2270 610 230 150 520
20161007 5 2 6 1 600 150 200 4280 2750 6220 550 590 270 660
20161007 6 2 1 3 390 100 110 440 110 1990 700 110 250 450
20161007 7 1 5 3 160 180 240 1110 470 3410 450 350 220 410
20161007 8 3 1 4 190 120 370 660 330 4500 1290 250 530 370
20161007 9 2 3 4 160 100 160 920 770 2470 510 230 160 490
20161007 10 2 4 1 70 100 150 1870 360 5020 280 230 220 220
20161007 11 2 1 5 480 450 160 920 260 3030 700 110 490 250
20161007 12 2 1 5 730 110 100 1080 630 3740 430 150 280 220
20161008 1 1 3 4 140 140 230 350 250 730 280 130 120 170
20161008 2 4 1 5 580 130 130 950 270 1510 200 160 140 190
20161008 3 1 3 4 170 160 330 540 420 2610 1360 160 210 320
20161008 4 5 3 6 300 210 180 1060 270 2260 780 170 620 620
20161008 5 1 5 6 110 160 330 600 980 2240 1310 430 340 1700
20161008 6 3 5 1 100 110 180 450 600 2270 500 180 120 410
20161008 7 4 2 3 410 220 0 2090 1950 6590 1160 210 210 420
20161008 8 2 3 6 200 150 0 490 710 2270 850 280 440 930
20161008 9 3 1 4 110 100 100 780 350 2230 460 110 100 380
20161008 10 5 4 6 70 70 0 5790 1670 22980 4640 2160 0 8430
20161008 11 2 3 5 70 280 480 3980 1210 18060 3870 290 870 1270
20161008 12 1 2 3 200 190 310 250 140 1000 420 140 150 240
20161009 1 1 6 2 100 100 220 1640 1050 10840 5070 310 260 2720
20161009 2 1 5 3 250 100 210 1270 850 3180 1040 170 200 580
20161009 3 1 2 5 100 100 0 350 170 1950 1630 120 510 1090
20161009 4 2 5 4 1200 70 0 3450 2000 37540 21420 620 1310 5050
20161009 5 1 3 2 180 100 100 250 180 3800 1010 120 570 290
20161009 6 2 3 6 110 200 160 780 580 2410 680 260 220 400
20161009 7 2 6 5 4420 70 0 3260 2330 11950 2140 570 640 270
20161009 8 6 2 5 410 130 120 1270 660 4330 880 200 240 420
20161009 9 3 5 1 370 370 0 1720 980 5720 1220 220 160 1240
20161009 10 1 2 4 100 100 100 270 230 1750 890 160 500 400
20161009 11 1 2 3 120 110 100 210 160 900 410 110 180 220
20161009 12 1 3 2 100 110 500 520 360 1190 340 230 110 260
20161010 1 1 2 3 220 130 130 520 700 2770 1120 230 290 720
20161010 2 1 2 5 210 130 100 910 600 6560 1620 1960 450 830
20161010 3 2 3 1 400 260 260 2050 780 3380 140 210 110 160
20161010 4 2 3 5 170 150 0 400 370 1150 590 230 380 310
20161010 5 1 3 4 100 100 100 440 310 1170 580 160 210 390
20161010 6 2 1 4 1230 0 400 3400 620 14840 1400 300 910 260
20161010 7 3 2 4 1800 240 240 3140 1170 8710 1540 360 770 360
20161010 8 6 4 1 820 450 150 3640 780 11280 530 190 250 190
20161010 9 2 1 5 470 0 560 950 510 10420 1890 230 550 420
20161010 10 3 2 5 5750 180 300 5410 2110 10890 1630 320 420 550
20161010 11 2 1 4 480 150 110 550 200 1550 410 130 290 220
20161010 12 1 3 6 110 100 100 370 390 3490 2070 170 550 910
20161014 1 3 5 4 520 1050 560 11190 3460 21460 2890 640 310 390
20161014 2 2 3 4 480 180 630 4990 2000 11360 2280 740 350 790
20161014 3 5 4 2 780 310 210 6640 1370 22790 3360 310 760 310
20161014 4 5 4 6 560 210 210 2120 940 10560 1500 320 1130 380
20161014 5 1 2 3 150 120 370 560 710 1620 510 150 180 550
20161014 6 2 4 6 410 230 420 2110 830 15440 4390 170 430 1670
20161014 7 1 6 5 280 120 350 4500 2520 7300 880 480 160 220
20161014 8 4 2 1 1420 0 170 3940 1590 10000 780 460 350 150
20161014 9 2 1 6 520 130 110 1320 390 7350 1350 230 490 330
20161014 10 5 3 4 510 230 130 1460 450 5260 610 210 220 290
20161014 11 2 4 3 70 110 150 3140 1210 10180 880 410 510 180
20161014 12 1 5 6 100 100 0 920 950 4590 1620 300 1030 390
20161015 1 1 4 2 160 100 150 290 310 680 280 130 140 250
20161015 2 3 4 5 300 240 410 1250 790 3020 970 260 180 260
20161015 3 3 5 6 150 70 0 3440 1200 19330 4000 580 680 1600
20161015 4 4 1 2 410 100 100 550 340 2150 460 140 140 260
20161015 5 1 3 6 150 100 250 250 200 4500 1480 170 2970 1520
20161015 6 3 2 4 180 320 0 860 470 2470 690 240 120 240
20161015 7 6 2 5 200 210 170 1430 660 4960 640 180 540 140
20161015 8 3 2 4 650 110 120 730 370 1260 340 100 140 190
20161015 9 2 3 5 370 0 150 1740 670 3320 480 230 300 170
20161015 10 3 4 5 630 220 220 1890 1770 5810 1060 430 220 250
20161015 11 3 4 1 750 220 220 2900 1900 8180 560 360 230 120
20161015 12 4 3 5 1500 130 450 5850 1700 24270 4710 400 950 730
20161016 1 5 4 1 370 70 0 7150 3040 28380 1490 870 570 140
20161016 2 1 2 5 630 0 370 1720 880 5390 1140 400 450 160
20161016 3 1 4 2 100 120 0 660 520 2270 690 190 150 230
20161016 4 3 4 1 170 220 0 930 450 1940 220 160 130 210
20161016 5 1 2 5 100 160 0 560 530 4820 2110 330 480 1230
20161016 6 2 3 4 1200 200 200 2020 930 3080 460 230 230 130
20161016 7 2 1 4 120 130 130 480 220 1210 530 130 160 340
20161016 8 4 6 1 120 170 0 770 610 4160 990 270 250 930
20161016 9 4 1 6 1420 300 300 5010 1950 16530 3350 330 1020 500
20161016 10 4 1 6 1120 0 180 5900 2650 33630 10000 220 1210 410
20161016 11 4 3 2 300 150 0 2440 810 7420 930 650 140 260
20161016 12 5 3 6 870 450 160 5110 2840 24390 4500 500 680 570
20161017 1 1 3 5 100 100 220 350 290 1760 1070 140 250 560
20161017 2 4 5 6 1680 1980 0 6200 4260 16640 3700 1050 280 3020
20161017 3 1 3 4 100 120 0 950 880 2840 900 320 140 300
20161017 4 3 2 1 250 150 150 740 410 4500 1070 160 320 320
20161017 5 1 6 2 140 130 650 1480 1700 3230 740 350 150 560
20161017 6 6 2 1 110 170 170 450 240 1810 620 110 400 500
20161017 7 1 6 4 670 210 150 5090 1980 12860 1520 340 380 230
20161017 8 4 1 5 1500 200 140 1600 270 7050 1180 150 470 200
20161017 9 1 4 2 370 100 150 1280 920 4440 1240 310 220 610
20161017 10 1 2 3 100 130 300 550 340 810 330 200 140 190
20161017 11 1 2 4 150 100 240 700 450 3090 1230 310 390 1560
20161017 12 1 3 2 110 100 150 280 240 980 210 150 230 510
20161018 1 1 2 4 120 120 260 500 370 740 250 130 120 180
20161018 2 3 5 2 220 180 180 760 470 1760 510 210 220 200
20161018 3 1 3 5 100 100 260 610 520 1330 680 210 180 460
20161018 4 4 2 5 150 100 110 550 260 870 250 140 160 260
20161018 5 1 2 3 100 100 260 350 450 630 260 140 120 160
20161018 6 3 2 5 2020 330 110 2060 500 2890 440 190 640 240
20161018 7 1 6 2 130 100 100 290 220 650 260 110 170 130
20161018 8 2 3 5 180 150 280 1220 770 6490 3220 220 280 1150
20161018 9 1 4 3 250 120 140 850 810 2110 520 320 120 250
20161018 10 3 6 1 320 260 0 1570 1670 5970 540 100 110 180
20161018 11 4 1 6 70 0 200 4780 1530 26400 3000 680 2210 550
20161018 12 1 3 6 100 100 130 420 350 1070 600 140 160 410
20161027 1 1 3 6 100 100 300 770 420 6240 2810 390 720 820
20161027 2 5 1 3 250 250 0 1080 700 14260 2180 410 830 1090
20161027 3 1 5 4 100 100 0 1290 1190 2570 410 180 120 450
20161027 4 4 5 6 670 160 160 2300 910 4880 1350 340 610 370
20161027 5 1 2 5 100 110 110 370 400 2110 1050 160 430 910
20161027 6 1 3 4 120 100 900 720 330 1330 360 160 170 300
20161027 7 4 1 2 660 160 150 1430 520 3600 400 400 220 340
20161027 8 1 2 6 300 100 180 1280 470 5580 1420 470 310 590
20161027 9 1 3 5 130 100 220 360 220 1480 700 280 370 560
20161027 10 1 2 6 280 100 160 340 210 2340 1290 160 760 460
20161027 11 4 5 1 150 190 560 580 650 1710 430 260 110 240
20161027 12 5 3 4 1120 370 370 7550 3590 14140 1330 470 370 180
20161028 1 1 3 4 100 240 0 600 630 1170 310 120 100 210
20161028 2 2 1 3 180 110 120 740 350 2350 640 170 300 280
20161028 3 1 2 4 150 100 140 420 320 1320 290 360 340 490
20161028 4 2 6 3 4420 260 580 6010 3410 11560 1280 340 230 230
20161028 5 1 2 5 100 100 150 290 390 4320 1800 130 270 380
20161028 6 3 4 1 480 0 400 6750 3660 30360 1910 1730 390 270
20161028 7 5 2 1 900 900 210 1800 520 6070 440 170 470 180
20161028 8 2 1 3 150 390 710 1410 420 1690 230 100 120 140
20161028 9 5 1 3 300 130 260 2810 980 9120 1910 500 420 340
20161028 10 1 4 5 100 100 110 470 480 1660 670 190 140 200
20161028 11 4 6 1 970 260 300 2020 2250 4730 1300 290 470 620
20161028 12 4 1 5 1950 180 100 2740 620 10160 1430 210 650 460
