20160103 1 4 1 2 420 110 100 730 220 5700 1060 150 890 320
20160103 2 2 6 4 230 370 0 7840 4520 48750 5400 1420 1760 1760
20160103 3 2 1 3 130 100 110 460 270 1130 350 150 230 200
20160103 4 2 3 4 120 210 0 850 710 1580 570 380 120 740
20160103 5 1 6 2 680 250 140 1040 370 3400 610 120 350 180
20160103 6 1 6 2 110 100 260 850 760 1740 440 280 110 320
20160103 7 1 3 2 130 110 250 350 300 870 250 240 160 320
20160103 8 1 3 4 260 150 100 760 260 1270 250 140 290 130
20160103 9 1 5 2 310 510 330 620 330 1280 270 210 220 270
20160103 10 1 5 2 130 130 200 580 570 1530 400 130 100 110
20160103 11 1 5 2 110 150 180 530 650 1690 580 140 130 150
20160103 12 1 4 3 130 130 560 700 690 1900 600 150 160 520
20160104 1 3 5 2 730 220 120 2080 860 3110 350 250 360 250
20160104 2 3 6 2 260 130 170 800 1010 1980 290 250 180 280
20160104 3 6 4 5 360 210 430 1430 1000 24980 5620 300 770 0
20160104 4 1 4 2 180 250 420 1050 810 2830 720 320 170 540
20160104 5 1 3 4 360 150 100 720 340 1750 550 180 360 180
20160104 6 3 2 6 180 100 130 590 350 1410 360 380 150 430
20160104 7 1 4 2 150 100 100 240 160 790 360 150 110 170
20160104 8 4 2 6 160 100 280 1080 570 7560 3630 490 1180 2510
20160104 9 5 4 3 490 210 300 650 500 3690 540 370 340 670
20160104 10 1 2 5 150 110 100 490 270 1560 400 170 220 240
20160104 11 1 2 4 110 200 860 1060 920 3380 600 420 150 450
20160104 12 4 2 1 480 450 450 990 540 4020 520 210 250 140
20160105 1 4 2 1 3520 420 180 7700 560 13110 420 250 230 150
20160105 2 2 1 6 160 110 120 740 340 1290 190 110 140 190
20160105 3 5 4 3 160 100 160 780 530 2170 620 180 100 450
20160105 4 1 2 3 170 100 130 490 310 780 200 100 160 160
20160105 5 2 6 3 120 100 520 1440 1430 3230 510 320 100 410
20160105 6 1 6 4 270 120 110 580 210 6500 2360 130 750 750
20160105 7 3 2 6 470 130 120 1430 350 2130 210 100 180 120
20160105 8 5 6 1 820 1200 1200 4560 3250 15080 1840 470 470 310
20160105 9 1 4 2 110 130 110 320 160 1030 380 190 490 630
20160105 10 4 1 2 1120 170 120 1150 360 6070 710 150 480 260
20160105 11 1 2 3 120 110 330 930 600 3830 950 270 220 530
20160105 12 1 5 4 140 100 130 400 270 1330 490 180 250 270
20160106 1 3 4 5 220 110 200 550 280 1940 1240 160 660 560
20160106 2 1 3 2 170 170 110 810 400 3310 870 190 360 160
20160106 3 5 3 1 70 510 220 22210 7580 144800 5370 1170 730 670
20160106 4 1 5 4 210 160 210 450 310 2210 740 190 220 580
20160106 5 3 5 2 160 110 150 940 1060 2340 440 220 150 260
20160106 6 1 3 4 360 120 110 650 480 1260 230 110 110 150
20160106 7 3 1 5 260 190 160 1520 550 7870 1910 270 350 250
20160106 8 1 2 3 460 100 100 560 190 1680 510 180 240 270
20160106 9 1 3 5 130 100 100 220 180 620 350 110 160 210
20160106 10 1 2 5 100 100 150 340 330 600 210 140 130 220
20160106 11 1 6 5 100 100 410 300 260 2440 1010 150 600 450
20160106 12 1 2 5 100 100 180 240 180 1150 890 110 410 140
20160107 1 1 4 5 110 110 210 2050 1610 7380 2710 640 340 1640
20160107 2 2 1 3 100 100 140 380 150 1310 460 100 270 230
20160107 3 3 5 2 530 200 460 7280 5590 29900 5580 980 390 880
20160107 4 4 1 5 260 100 100 510 190 770 200 100 140 190
20160107 5 3 4 1 320 110 120 730 420 1350 200 140 150 110
20160107 6 2 3 4 950 260 200 6290 3320 21070 1330 680 580 220
20160107 7 5 1 4 560 260 220 1260 450 2400 240 130 130 170
20160107 8 2 4 3 870 230 130 820 380 2450 420 140 210 160
20160107 9 5 4 1 350 260 450 1530 1310 6010 740 380 150 380
20160107 10 2 3 4 390 220 220 2590 1180 6620 1190 190 340 500
20160107 11 1 2 4 120 100 100 250 230 980 480 130 210 320
20160107 12 1 3 2 100 100 150 310 300 650 210 170 160 160
20160108 1 3 4 1 820 0 300 1980 1700 7770 690 420 320 150
20160108 2 3 5 1 600 200 600 6180 4980 31510 2030 900 310 540
20160108 3 1 3 6 180 140 100 410 240 8860 2680 120 1110 330
20160108 4 1 3 5 230 130 190 1500 1390 4790 2100 320 270 530
20160108 5 3 2 6 250 120 600 2070 1340 17050 4710 450 160 1060
20160108 6 1 4 6 120 110 210 350 400 1240 590 150 240 380
20160108 7 2 3 1 370 130 120 1150 600 2070 240 200 210 180
20160108 8 1 4 2 320 120 100 490 180 2200 660 150 320 270
20160108 9 2 1 4 330 130 120 420 240 2330 730 100 370 300
20160108 10 4 5 3 250 120 200 640 520 5580 1780 180 790 1580
20160108 11 1 4 2 100 100 100 340 250 1370 750 150 220 520
20160108 12 2 1 4 360 100 120 910 270 1740 330 150 190 150
20160303 1 3 2 1 4050 510 380 1230 1640 6440 440 330 200 140
20160303 2 1 2 3 200 140 180 1400 470 4140 880 240 190 430
20160303 3 3 1 2 680 330 270 3950 860 17240 1040 470 630 380
20160303 4 1 3 6 520 380 190 1230 500 4980 1200 400 730 440
20160303 5 5 1 6 3580 410 120 16070 2470 173140 25350 550 4410 4410
20160303 6 3 2 4 650 220 100 2180 1070 5570 430 210 160 140
20160303 7 1 3 5 100 100 150 590 370 1050 450 240 110 230
20160303 8 2 4 3 2550 150 410 11280 6700 21970 1710 780 500 680
20160303 9 1 2 3 280 270 0 840 480 2220 430 130 170 380
20160303 10 1 3 4 310 150 180 560 250 1570 780 270 200 150
20160303 11 1 3 4 100 110 240 360 230 780 360 150 140 320
20160303 12 1 3 5 200 110 310 540 420 1560 560 220 210 330
20160304 1 2 1 6 580 160 100 1700 460 3490 470 190 460 170
20160304 2 3 4 6 540 0 430 2180 1060 5680 950 200 420 350
20160304 3 1 2 4 200 150 170 880 470 2130 470 180 150 170
20160304 4 2 4 1 160 100 120 390 380 1470 560 140 370 550
20160304 5 2 1 3 220 160 120 980 270 6140 700 300 1120 550
20160304 6 1 3 2 420 100 100 710 300 6810 1140 160 510 1300
20160304 7 4 3 5 70 300 150 1950 560 2990 570 200 180 270
20160304 8 4 1 3 170 130 110 420 300 1170 390 150 190 210
20160304 9 4 5 3 150 220 520 1370 1420 4230 710 240 150 650
20160304 10 1 3 5 100 150 250 390 230 780 360 120 150 150
20160304 11 1 3 5 180 160 300 350 230 4420 1750 230 520 1080
20160304 12 1 2 3 140 100 140 260 140 470 240 130 160 170
20160305 1 3 1 6 720 100 120 1020 380 1920 340 270 280 300
20160305 2 3 4 5 760 310 670 8240 2090 16480 3430 960 410 810
20160305 3 1 3 5 100 110 100 370 280 1990 1300 230 630 450
20160305 4 1 3 4 100 130 220 340 280 880 350 180 180 230
20160305 5 3 6 4 210 160 200 690 610 3220 920 280 330 410
20160305 6 3 5 6 200 180 330 1060 1550 6410 2250 220 350 780
20160305 7 5 6 2 730 350 0 3650 2390 11620 1310 410 140 480
20160305 8 4 2 3 140 100 120 440 390 1280 720 200 370 280
20160305 9 4 5 2 730 600 0 3240 3240 19700 2650 1480 300 490
20160305 10 4 2 1 470 210 580 5350 2130 21850 1510 560 190 240
20160305 11 3 2 5 750 380 140 2720 1140 8890 2620 580 630 430
20160305 12 1 3 5 120 120 350 700 850 2790 1360 350 580 640
20160306 1 1 2 4 510 300 130 1340 730 3230 820 450 570 570
20160306 2 3 4 1 200 130 110 390 230 1420 310 120 100 190
20160306 3 3 2 1 900 150 190 3270 1800 7050 250 330 170 100
20160306 4 1 3 4 100 110 260 640 340 1880 560 290 250 480
20160306 5 4 3 5 300 170 210 1020 560 3080 1080 280 460 840
20160306 6 1 3 2 110 100 170 570 480 1070 180 140 120 120
20160306 7 1 4 3 770 210 260 4010 2320 21380 4790 470 800 690
20160306 8 3 6 5 160 110 180 610 480 1150 430 150 150 200
20160306 9 5 2 1 260 150 180 400 190 1130 310 130 220 210
20160306 10 2 4 3 690 180 150 1380 1530 11830 1820 290 360 550
20160306 11 1 4 6 110 100 100 400 540 2990 1960 210 240 920
20160306 12 1 4 3 100 100 350 540 450 1960 720 170 230 390
20160307 1 1 4 2 100 100 160 350 360 810 260 140 110 160
20160307 2 5 1 3 230 100 100 700 430 3150 750 160 520 320
20160307 3 2 4 6 480 170 220 2380 1320 5870 1280 170 460 410
20160307 4 4 2 1 120 160 260 990 530 3060 550 180 240 380
20160307 5 6 3 5 70 280 180 7300 1590 26680 2010 520 610 260
20160307 6 4 1 3 290 100 220 990 730 2320 510 200 190 280
20160307 7 2 1 4 280 190 120 1460 740 3000 300 170 120 140
20160307 8 4 5 2 180 140 310 800 520 1900 720 340 190 560
20160307 9 2 1 4 430 150 100 780 320 1900 500 170 220 170
20160307 10 1 2 4 180 100 100 270 170 810 450 110 160 180
20160307 11 1 2 5 240 100 130 430 200 3360 840 140 650 470
20160307 12 1 4 3 100 100 240 620 620 2240 490 210 160 250
20160308 1 1 5 4 110 160 0 710 410 3430 1110 240 250 660
20160308 2 1 2 5 240 200 600 1040 1070 7440 4060 330 700 1200
20160308 3 4 1 2 190 130 120 890 570 3730 1010 290 230 410
20160308 4 1 3 4 110 100 100 280 250 1120 620 110 240 410
20160308 5 3 2 1 310 120 180 1090 740 2240 170 160 120 120
20160308 6 1 4 3 130 130 480 1140 610 2150 280 290 130 180
20160308 7 2 1 5 220 100 180 640 560 2330 860 380 220 600
20160308 8 2 5 4 350 370 370 8220 6000 22770 1430 790 180 200
20160308 9 1 3 2 120 100 160 400 320 1400 510 150 210 410
20160308 10 6 4 1 1120 1270 0 10190 3800 55010 1850 1460 500 530
20160308 11 1 2 6 180 120 190 530 380 3930 2240 240 880 1020
20160308 12 1 4 2 160 110 200 360 280 1550 610 140 300 470
20160312 1 2 4 3 180 100 170 510 340 1630 650 160 140 850
20160312 2 5 4 3 1720 390 200 1890 340 7610 510 200 310 220
20160312 3 1 5 3 170 110 120 620 250 1300 260 110 200 160
20160312 4 1 2 6 110 100 130 400 330 1020 710 180 320 880
20160312 5 4 2 1 340 130 100 1140 420 2230 210 120 150 140
20160312 6 5 2 6 320 130 120 530 280 1520 510 110 250 230
20160312 7 2 1 3 470 260 240 3110 1110 5880 690 490 220 330
20160312 8 2 3 4 660 220 100 1860 320 6250 820 130 930 440
20160312 9 1 2 4 190 100 200 430 290 790 260 130 140 260
20160312 10 2 1 4 450 200 110 1100 350 2960 350 190 250 200
20160312 11 1 2 3 120 110 0 590 390 1230 370 210 100 370
20160312 12 3 2 1 780 280 220 4010 3460 11120 200 620 300 200
20160313 1 3 1 4 550 0 100 820 200 2390 310 120 340 170
20160313 2 3 4 5 180 370 0 1290 1060 9110 4370 490 590 2150
20160313 3 5 1 2 550 110 110 1150 460 9700 1120 130 630 240
20160313 4 1 2 3 250 100 100 600 240 1400 240 110 250 160
20160313 5 1 4 2 340 110 100 750 350 1310 230 160 100 140
20160313 6 4 1 2 160 100 100 700 410 1760 350 230 200 230
20160313 7 5 2 4 400 130 300 680 310 2340 920 210 190 210
20160313 8 1 3 2 410 100 100 420 160 1380 250 100 150 110
20160313 9 6 2 1 610 150 100 840 640 2170 210 170 140 100
20160313 10 1 2 3 150 100 100 290 310 740 430 110 190 290
20160313 11 1 3 6 110 100 450 470 570 1060 390 100 100 100
20160313 12 4 5 2 600 150 250 1090 880 6040 2850 340 160 1220
20160314 1 2 3 5 160 300 520 1460 1830 5280 1020 260 190 290
20160314 2 3 4 2 410 130 130 650 420 2540 640 110 270 580
20160314 3 2 5 1 150 230 200 770 520 6930 1410 360 340 390
20160314 4 3 1 6 220 100 100 690 400 2130 720 220 490 370
20160314 5 3 6 4 540 110 120 390 150 960 280 190 280 290
20160314 6 1 2 5 540 240 130 1070 370 2600 670 120 300 180
20160314 7 2 1 6 750 130 100 1270 570 2690 410 170 210 210
20160314 8 3 5 1 100 430 0 1870 1790 10690 2290 200 210 3100
20160314 9 4 1 5 1000 100 100 680 200 1500 400 180 260 280
20160314 10 4 3 5 290 130 300 690 320 1620 530 230 330 240
20160314 11 1 2 4 100 100 100 260 160 1070 470 150 360 280
20160314 12 1 2 6 180 100 120 290 160 1540 900 150 360 600
20160315 1 2 4 3 410 200 420 530 220 2460 950 210 260 500
20160315 2 1 3 4 100 250 0 470 260 2200 770 150 110 230
20160315 3 1 4 3 110 110 0 450 300 840 340 190 210 180
20160315 4 1 2 3 110 180 0 440 320 690 290 150 170 250
20160315 5 1 3 2 150 100 100 320 210 630 150 120 100 100
20160315 6 1 2 3 520 240 120 1060 780 3190 690 250 320 280
20160315 7 2 4 3 1800 280 140 1160 530 2340 420 200 270 160
20160315 8 2 3 1 130 100 120 340 460 760 280 140 140 110
20160315 9 4 1 3 560 1160 130 8140 2210 27360 2740 1160 1160 300
20160315 10 1 2 6 100 100 0 300 110 1290 680 130 410 280
20160315 11 1 3 5 120 100 150 330 240 1080 1180 300 300 480
20160315 12 1 2 3 100 100 150 220 230 770 440 240 320 280
20160316 1 3 4 2 550 200 100 1740 950 4330 710 350 320 240
20160316 2 1 2 4 320 120 110 570 240 1090 110 160 170 120
20160316 3 1 3 5 180 150 220 400 310 1330 530 210 320 400
20160316 4 2 3 4 310 140 670 1880 1320 3230 610 170 180 200
20160316 5 1 6 4 160 150 670 6870 5350 28380 5380 1520 130 1380
20160316 6 4 3 5 280 140 480 2740 1620 5500 1150 320 160 430
20160316 7 4 5 3 150 100 420 790 1340 6090 1830 350 220 780
20160316 8 3 4 2 870 230 140 1990 510 5790 670 210 280 180
20160316 9 1 4 3 160 160 250 1200 850 3920 690 320 290 450
20160316 10 1 2 3 110 110 160 270 220 570 270 100 170 290
20160316 11 1 3 2 110 100 240 330 350 750 270 150 100 140
20160316 12 6 2 5 70 330 180 22400 7500 92230 14710 1130 1010 400
20160317 1 1 3 5 120 100 410 910 690 3610 1780 430 260 530
20160317 2 1 3 2 120 100 150 370 390 1680 940 160 280 420
20160317 3 2 1 5 280 220 220 420 270 1410 320 140 190 180
20160317 4 3 2 6 140 100 180 1400 1240 6450 3860 290 180 940
20160317 5 6 1 2 340 370 170 2040 730 4530 290 200 150 130
20160317 6 3 1 4 190 100 150 550 270 1060 310 220 130 280
20160317 7 4 5 1 340 230 280 930 590 2710 540 210 180 260
20160317 8 4 3 6 100 100 230 760 400 5120 1820 220 150 1030
20160317 9 1 2 3 130 120 330 470 440 770 210 130 110 170
20160317 10 2 1 4 310 120 110 1360 340 2190 330 210 150 120
20160317 11 1 4 2 100 100 110 460 270 1110 310 150 150 300
20160317 12 1 4 2 100 100 100 320 360 800 250 120 120 120
20160322 1 5 4 3 70 450 0 4720 1170 14100 810 260 180 100
20160322 2 4 1 5 70 0 220 1680 360 14140 2390 270 1070 4070
20160322 3 2 5 4 670 70 0 23210 12310 80700 7980 0 2320 0
20160322 4 2 4 6 400 200 200 480 530 5350 1600 160 760 1800
20160322 5 1 2 5 110 140 140 320 310 980 460 150 160 200
20160322 6 2 1 5 280 330 330 1790 680 4100 700 270 210 290
20160322 7 1 5 2 100 130 0 1650 1200 3290 390 270 140 310
20160322 8 3 2 5 120 230 910 1100 710 4670 1720 300 300 1110
20160322 9 5 3 4 820 150 100 2840 840 11740 1260 250 490 400
20160322 10 1 4 2 100 100 180 470 370 1410 680 110 190 530
20160322 11 1 3 2 300 150 0 590 450 1880 640 220 140 570
20160322 12 1 4 5 140 130 230 760 600 3100 1280 170 320 570
20160323 1 1 3 4 110 100 130 280 230 960 520 130 220 320
20160323 2 1 5 2 150 360 0 3130 1840 5650 1170 330 100 350
20160323 3 5 2 6 560 200 100 990 440 4390 1170 160 620 300
20160323 4 1 2 3 120 100 100 330 190 640 290 130 270 130
20160323 5 1 2 4 750 200 200 1080 270 4420 680 110 620 500
20160323 6 3 4 6 900 500 100 4750 2110 21380 2220 700 1590 610
20160323 7 4 1 3 570 150 220 1170 1000 2650 190 220 180 110
20160323 8 3 5 4 670 800 550 3100 1230 12690 1960 520 750 610
20160323 9 1 2 6 350 380 310 3550 2410 19090 4410 800 480 600
20160323 10 1 2 3 110 220 420 610 340 1260 460 230 120 480
20160323 11 1 2 6 130 100 110 370 360 1220 560 180 300 360
20160323 12 1 2 3 110 110 240 370 290 860 290 160 140 370
20160324 1 1 3 2 140 130 150 1220 1220 1860 390 160 120 380
20160324 2 2 6 3 370 450 0 14120 6650 39570 10390 3210 850 2160
20160324 3 1 4 2 100 120 260 2540 1070 5400 1360 530 450 790
20160324 4 1 3 5 320 100 100 380 340 810 140 230 250 170
20160324 5 4 6 3 210 120 130 1020 480 5460 1640 130 210 690
20160324 6 3 4 6 370 130 130 560 260 1750 670 190 340 410
20160324 7 4 2 5 240 100 140 550 500 1640 470 230 340 210
20160324 8 1 2 5 130 100 100 320 190 580 170 120 180 170
20160324 9 5 6 4 170 290 930 2210 1580 5260 1000 340 180 370
20160324 10 3 2 1 480 330 200 4490 1920 10320 400 490 210 160
20160324 11 1 2 4 130 100 100 320 210 940 560 130 140 290
20160324 12 1 5 4 130 180 650 900 1000 7410 1880 260 320 550
20160325 1 4 3 5 2020 140 160 2400 730 5090 1280 380 470 470
20160325 2 4 1 3 150 110 140 390 380 1570 670 130 280 200
20160325 3 4 2 3 440 210 100 1420 420 2200 250 140 180 140
20160325 4 1 6 3 320 220 470 1820 1500 4070 490 200 130 170
20160325 5 1 5 2 150 170 120 370 220 840 340 100 210 210
20160325 6 4 1 6 800 1050 230 1730 570 5890 710 510 630 320
20160325 7 1 2 4 110 100 130 200 170 1080 480 180 280 420
20160325 8 3 1 4 170 100 100 350 130 780 290 120 170 250
20160325 9 4 2 3 360 110 120 540 190 1260 260 140 240 200
20160325 10 3 1 6 200 100 100 950 240 3970 640 150 300 340
20160325 11 1 3 4 190 100 200 700 680 1350 430 210 130 490
20160325 12 1 6 4 120 130 560 1400 1610 4650 800 290 180 260
20160326 1 6 5 2 70 750 300 9060 3100 16280 1160 450 390 220
20160326 2 2 4 3 460 130 100 490 350 3720 590 190 180 1100
20160326 3 4 1 2 110 100 120 690 230 1540 310 140 200 110
20160326 4 4 2 3 160 120 170 1430 550 2960 470 360 160 620
20160326 5 2 1 3 680 900 100 1970 580 6940 720 180 500 230
20160326 6 5 6 4 470 400 2060 6030 8280 32940 3820 7850 590 2010
20160326 7 4 3 5 630 230 100 1310 400 1910 290 120 280 100
20160326 8 2 1 5 630 200 110 1570 890 2900 420 320 140 220
20160326 9 1 2 4 130 100 100 320 230 1570 890 160 220 470
20160326 10 2 1 6 340 170 100 650 210 7230 2920 130 840 710
20160326 11 2 3 4 500 240 330 1550 890 3630 870 300 190 280
20160326 12 1 3 2 130 100 140 320 310 680 190 100 110 140
20160327 1 3 2 6 430 200 390 2480 1020 7300 1210 450 220 390
20160327 2 1 2 3 280 110 180 980 490 2020 540 240 160 470
20160327 3 3 1 4 370 200 120 2040 830 4370 410 290 100 170
20160327 4 6 5 2 70 970 180 37970 11220 225030 17370 790 1030 330
20160327 5 3 5 4 320 220 820 1830 1770 3560 430 430 200 270
20160327 6 3 2 5 290 170 170 490 220 1030 250 150 180 120
20160327 7 3 1 4 580 180 100 3160 660 4200 510 210 220 120
20160327 8 1 4 3 540 100 100 740 370 2780 660 140 510 240
20160327 9 4 5 6 70 0 820 8840 3180 41620 11930 790 1370 790
20160327 10 1 2 4 190 100 100 380 200 890 290 160 240 290
20160327 11 1 3 4 150 100 130 700 1030 3150 1680 190 180 600
20160327 12 3 5 1 330 100 150 2480 1650 8280 1300 460 320 460
20160406 1 3 1 6 280 130 100 680 260 12180 4500 130 0 3630
20160406 2 2 6 3 360 170 280 1500 1450 3830 390 280 210 310
20160406 3 2 1 3 120 130 180 320 270 1300 520 150 190 350
20160406 4 3 2 4 300 110 300 700 410 1750 410 160 110 460
20160406 5 1 3 6 190 120 120 430 260 2410 820 120 280 500
20160406 6 3 2 6 1300 350 0 1200 630 4000 1230 330 380 780
20160406 7 2 1 4 1750 480 210 2920 1070 15100 1890 360 2720 310
20160406 8 2 3 1 110 100 330 480 440 1680 400 280 100 690
20160406 9 1 2 3 130 100 150 290 290 1040 470 110 170 360
20160406 10 1 3 5 170 100 150 400 240 1230 1600 110 350 540
20160406 11 1 4 3 120 100 220 490 340 1880 980 160 140 200
20160406 12 4 3 2 630 380 200 4080 2360 19470 3340 540 380 750
20160407 1 1 3 6 100 110 180 670 350 1170 530 130 100 270
20160407 2 4 3 1 280 150 220 2600 3620 5600 410 280 120 280
20160407 3 1 6 5 420 110 130 730 220 7530 2030 250 1170 1170
20160407 4 1 6 3 160 100 180 1810 650 5450 1360 450 530 450
20160407 5 2 5 1 70 630 350 7410 3030 19800 1060 530 300 240
20160407 6 1 2 3 160 100 100 340 300 2390 690 100 870 1670
20160407 7 3 1 6 180 160 330 1510 1010 7160 2350 1370 370 1370
20160407 8 2 3 5 670 260 130 2600 760 6290 980 190 200 190
20160407 9 4 1 2 240 130 120 870 290 1990 250 210 180 220
20160407 10 1 2 6 330 130 160 490 170 3730 1500 100 640 470
20160407 11 1 3 2 100 130 210 400 320 1080 350 110 250 240
20160407 12 2 5 4 630 330 0 3930 2750 10910 1640 760 300 190
20160408 1 2 3 1 350 250 200 1580 1150 5560 800 430 640 170
20160408 2 1 4 6 170 150 150 610 360 1270 390 150 130 210
20160408 3 1 2 3 310 100 100 500 130 970 240 150 220 230
20160408 4 3 4 1 330 100 370 3380 2920 10170 1270 330 140 550
20160408 5 3 6 1 410 100 130 580 330 1560 310 170 310 300
20160408 6 1 2 3 100 250 250 290 150 820 390 110 220 190
20160408 7 1 4 2 300 150 300 3180 870 5560 910 160 220 360
20160408 8 1 5 2 250 180 0 1700 1250 2940 560 310 170 400
20160408 9 1 3 6 160 100 220 380 240 770 310 120 150 280
20160408 10 2 1 6 480 180 160 2070 570 13610 2880 440 2670 1180
20160408 11 1 2 3 160 100 240 900 550 2160 490 340 180 340
20160408 12 3 1 2 570 110 100 2020 450 8370 760 250 650 160
20160409 1 4 6 3 180 130 450 1400 1470 5090 1260 320 320 440
20160409 2 4 1 2 240 130 120 640 290 1770 290 110 230 290
20160409 3 3 2 4 720 840 480 3280 1660 14480 1450 450 320 380
20160409 4 4 5 6 320 140 210 610 430 5700 3410 150 880 0
20160409 5 1 3 5 160 120 200 450 400 1020 560 250 190 410
20160409 6 5 2 3 150 160 110 1510 680 2820 280 340 230 310
20160409 7 4 1 3 340 130 130 480 410 3400 620 220 350 270
20160409 8 4 2 1 100 120 190 420 580 2940 1330 200 200 580
20160409 9 1 6 5 200 550 0 4460 3900 17240 4670 1750 320 5100
20160409 10 1 2 3 180 240 340 330 210 970 270 140 250 240
20160409 11 3 1 2 330 230 170 560 310 1310 210 100 190 180
20160409 12 1 5 4 120 120 200 930 1600 4700 1590 230 130 520
20160410 1 2 1 3 520 190 120 1310 260 2130 260 150 160 140
20160410 2 2 6 5 930 140 500 8800 64650 37000 3570 1170 320 540
20160410 3 4 5 2 240 580 0 1530 880 6410 2010 350 460 2010
20160410 4 1 2 3 100 100 250 610 520 1540 580 110 230 1100
20160410 5 1 3 2 250 200 0 890 660 2010 430 200 140 450
20160410 6 3 4 2 800 280 240 4520 2570 17560 1260 900 190 440
20160410 7 1 4 2 100 100 180 250 210 390 160 120 120 100
20160410 8 4 1 2 300 120 130 410 200 910 190 110 140 150
20160410 9 1 3 5 520 140 100 700 370 4600 1670 240 570 810
20160410 10 1 3 5 160 110 150 560 490 2870 1550 150 230 580
20160410 11 3 1 4 1500 250 120 2460 610 14830 1320 260 1400 200
20160410 12 3 6 4 670 270 510 7910 4880 26990 5550 1110 350 700
20160413 1 1 3 2 230 150 180 1340 1020 3870 1220 280 190 370
20160413 2 3 4 6 340 130 260 1400 890 2570 630 140 210 210
20160413 3 1 4 3 260 150 150 460 180 1170 280 120 190 140
20160413 4 1 4 5 320 1120 770 1160 750 2020 500 280 280 110
20160413 5 1 6 3 180 170 0 6270 12750 37860 2790 2560 140 5050
20160413 6 1 2 4 300 900 480 1440 440 6090 1850 100 560 120
20160413 7 1 4 2 120 140 270 360 250 530 160 120 230 190
20160413 8 2 6 3 100 130 460 730 740 1670 390 150 140 380
20160413 9 3 2 1 360 110 120 1080 500 3060 250 170 170 170
20160413 10 1 2 3 110 110 280 430 340 980 420 140 100 260
20160413 11 1 3 2 100 100 170 700 360 1600 410 230 170 330
20160413 12 3 5 4 540 310 740 4590 3510 34340 8430 700 940 1320
20160414 1 3 1 4 420 270 100 4940 2050 13220 1290 290 770 890
20160414 2 1 4 2 850 100 150 270 350 1200 320 120 170 310
20160414 3 4 3 1 250 180 300 760 350 3910 620 230 240 250
20160414 4 1 4 5 150 120 240 600 390 14500 5160 340 0 2810
20160414 5 1 2 4 140 380 1530 1010 290 1680 520 200 200 130
20160414 6 6 1 4 230 140 190 1190 470 16650 3990 220 1180 1730
20160414 7 1 4 2 490 140 120 500 250 2600 570 160 330 370
20160414 8 3 1 6 210 100 100 330 380 710 340 110 190 250
20160414 9 3 2 5 130 110 330 2340 1390 4950 1110 1500 180 1140
20160414 10 2 4 1 410 130 120 1210 660 2730 210 210 100 100
20160414 11 3 1 4 540 160 130 740 340 3100 730 100 250 170
20160414 12 2 1 5 570 100 100 1060 310 2580 200 100 230 100
20160415 1 6 3 2 580 280 180 4760 1280 12840 1820 130 340 710
20160415 2 1 2 3 130 180 0 1000 790 2380 410 570 100 620
20160415 3 2 6 1 150 130 110 630 220 1380 220 160 140 120
20160415 4 1 3 2 520 150 100 530 220 1600 400 120 160 210
20160415 5 2 3 5 130 150 180 440 240 2280 870 110 280 610
20160415 6 2 1 6 420 130 130 600 410 1940 620 100 150 160
20160415 7 4 1 6 330 260 170 2050 260 5050 960 240 320 180
20160415 8 1 2 4 70 150 100 1680 370 5880 590 240 420 250
20160415 9 1 5 6 330 100 100 660 290 1130 230 130 170 100
20160415 10 1 2 3 100 100 150 330 280 640 270 120 170 230
20160415 11 1 2 6 190 100 180 320 260 730 380 150 180 220
20160415 12 1 3 6 110 130 410 340 260 1240 870 320 400 1230
20160417 1 2 4 1 310 180 180 1730 960 7720 1410 300 860 1260
20160417 2 1 5 2 220 150 410 2960 1370 6190 1550 210 210 1100
20160417 3 2 4 1 650 260 110 1190 560 2690 440 200 160 100
20160417 4 2 1 4 310 260 260 760 340 1510 150 150 130 100
20160417 5 3 2 5 670 410 410 1540 740 3810 1050 200 470 200
20160417 6 1 3 2 560 450 0 3350 1770 10800 900 780 230 330
20160417 7 4 1 5 180 110 110 690 260 1320 480 180 210 330
20160417 8 1 5 6 280 170 170 750 420 6600 2190 230 630 810
20160417 9 3 1 2 230 100 150 400 220 1400 410 140 130 170
20160417 10 1 4 3 180 110 160 800 730 3270 1160 510 400 950
20160417 11 1 2 5 130 100 100 290 240 970 460 210 480 170
20160417 12 3 1 4 1370 160 100 940 250 2770 550 140 400 130
20160418 1 3 1 5 820 630 110 1610 830 4130 490 240 140 120
20160418 2 3 4 2 380 230 140 2370 1890 6520 560 290 180 220
20160418 3 4 2 5 350 150 100 1130 360 3180 800 130 530 320
20160418 4 1 5 4 100 360 750 390 220 910 210 130 180 190
20160418 5 1 3 4 130 100 150 570 460 1520 560 220 140 570
20160418 6 1 3 4 110 120 0 880 850 2960 1500 280 250 2020
20160418 7 4 3 1 380 540 410 1530 530 3430 270 150 200 140
20160418 8 1 3 6 270 120 100 530 270 2400 810 160 710 240
20160418 9 5 2 1 2490 150 300 6110 3900 19300 920 550 240 200
20160418 10 1 4 5 100 160 200 360 320 1060 470 130 190 590
20160418 11 3 2 5 290 390 230 4010 2010 25700 4150 710 990 610
20160418 12 1 3 4 120 120 350 420 290 860 330 110 170 150
20160421 1 1 2 4 120 100 280 400 220 660 260 140 100 180
20160421 2 1 6 2 100 150 600 690 620 1480 320 120 160 240
20160421 3 3 6 2 450 250 0 16810 10420 93300 33900 0 1060 3050
20160421 4 2 1 4 200 100 120 490 260 800 220 100 100 120
20160421 5 1 2 4 140 130 220 600 480 2950 1230 150 430 800
20160421 6 2 1 3 430 120 120 1270 570 3360 380 560 660 150
20160421 7 2 1 4 370 210 140 2410 420 10330 1860 110 330 410
20160421 8 1 4 2 330 110 190 2210 920 11500 1690 430 370 830
20160421 9 6 5 3 200 120 130 620 490 1420 480 140 340 270
20160421 10 6 1 3 70 0 170 6930 830 23930 670 750 410 150
20160421 11 4 5 6 330 200 260 1330 1070 4020 1890 500 1060 810
20160421 12 1 3 2 160 100 130 620 370 1480 290 170 160 330
20160422 1 2 3 4 970 220 370 3370 1410 7640 1330 560 230 250
20160422 2 1 2 4 260 100 110 440 270 2190 630 160 640 530
20160422 3 2 4 6 750 380 540 7010 4540 18770 1420 170 250 130
20160422 4 1 2 5 340 100 100 540 270 1070 290 150 100 150
20160422 5 1 2 6 100 110 370 1210 810 2240 800 320 130 400
20160422 6 1 2 5 320 140 120 640 260 3240 950 260 430 350
20160422 7 2 1 4 480 160 100 1200 430 4000 690 240 420 180
20160422 8 3 4 2 100 100 230 450 340 1940 900 210 190 510
20160422 9 1 3 5 710 100 100 660 260 1110 270 230 350 200
20160422 10 1 5 4 100 100 100 320 240 600 270 110 150 220
20160422 11 1 4 3 130 120 0 680 760 1780 370 220 130 270
20160422 12 1 5 2 120 250 0 1510 2750 5560 410 550 100 410
20160423 1 2 6 1 310 430 430 8680 1130 8170 520 360 130 120
20160423 2 3 5 1 270 110 160 530 390 1180 280 120 170 130
20160423 3 1 3 2 120 100 150 460 350 2850 1200 180 460 460
20160423 4 2 1 4 130 120 170 920 550 4690 1100 190 300 370
20160423 5 3 5 2 860 750 0 4300 1710 6550 530 430 220 150
20160423 6 5 2 1 210 140 120 900 680 2060 360 180 150 260
20160423 7 2 5 3 110 110 310 1090 840 2680 460 130 150 290
20160423 8 4 6 5 220 100 0 1460 1060 4430 1150 560 190 2520
20160423 9 4 2 5 160 110 260 1130 860 4980 1240 380 230 590
20160423 10 2 4 1 70 300 300 7100 5900 25240 1220 540 180 190
20160423 11 3 4 1 670 220 180 2240 600 3320 250 190 120 110
20160423 12 1 3 4 150 100 160 540 860 1370 500 270 180 360
20160424 1 1 2 6 500 130 150 540 350 7930 1630 270 560 560
20160424 2 2 4 5 170 170 410 580 430 1500 480 310 110 240
20160424 3 3 1 2 1950 210 210 1960 980 5320 460 240 120 140
20160424 4 2 3 1 170 320 450 2460 1350 5120 480 280 150 160
20160424 5 4 1 6 420 260 100 1630 730 5490 1020 100 650 320
20160424 6 2 3 5 120 100 120 440 250 830 370 150 150 360
20160424 7 2 1 3 130 100 120 760 530 1940 590 110 140 290
20160424 8 4 3 1 130 150 100 640 290 1210 280 170 250 160
20160424 9 1 2 6 100 100 180 500 300 2570 1410 210 290 810
20160424 10 1 6 5 130 120 520 1390 1380 10920 5760 430 470 1880
20160424 11 1 3 4 210 130 150 500 380 1210 450 160 120 190
20160424 12 1 3 6 130 140 560 530 430 1230 590 290 130 670
20160425 1 1 2 6 170 100 100 390 170 1180 470 130 280 130
20160425 2 2 1 3 1050 220 130 810 300 2130 370 120 210 120
20160425 3 1 2 4 270 100 100 490 250 790 180 120 170 190
20160425 4 2 1 5 450 130 210 1040 930 3140 720 400 190 420
20160425 5 1 3 4 240 100 150 480 320 650 180 110 110 150
20160425 6 6 1 5 2250 240 140 9920 2890 28840 1460 560 540 380
20160425 7 4 3 2 330 140 190 1210 490 5680 1330 250 360 780
20160425 8 2 1 3 400 110 190 1780 1350 8430 1660 480 400 430
20160425 9 1 5 4 280 100 150 760 670 2690 630 240 310 370
20160425 10 1 2 6 100 120 220 230 150 1250 800 110 330 850
20160425 11 1 2 3 100 100 150 390 290 910 260 230 100 150
20160425 12 1 3 6 130 140 150 390 260 4030 2220 130 610 1080
20160426 1 6 3 1 670 260 300 1960 1010 4670 490 300 160 220
20160426 2 3 1 6 110 100 110 290 130 1790 1120 120 250 1020
20160426 3 1 2 4 100 120 280 470 430 1010 290 150 140 360
20160426 4 1 5 2 250 180 560 2200 1040 4890 720 470 150 450
20160426 5 5 2 4 860 350 260 4530 2320 11190 1070 560 150 470
20160426 6 3 5 2 200 140 160 430 350 2810 750 170 250 700
20160426 7 4 5 6 220 100 180 450 370 1800 1240 200 560 970
20160426 8 1 2 4 280 110 100 470 210 1160 270 130 210 220
20160426 9 2 1 3 190 200 120 470 230 1120 290 160 180 180
20160426 10 5 2 6 2160 690 480 6400 3560 62640 7520 1060 1720 420
20160426 11 1 5 2 130 100 120 1010 780 2280 570 150 100 300
20160426 12 1 3 4 130 120 120 370 310 1300 570 150 240 360
20160501 1 1 4 3 300 150 100 910 450 3440 740 160 100 220
20160501 2 3 1 5 280 270 270 5160 2320 26270 5450 130 430 430
20160501 3 1 4 6 210 230 160 810 580 1480 550 310 220 500
20160501 4 2 3 1 350 120 290 980 910 4260 580 280 240 290
20160501 5 1 4 3 310 100 200 2000 940 3420 400 190 100 190
20160501 6 1 5 6 110 100 150 270 270 830 440 170 270 350
20160501 7 3 1 6 460 120 120 790 250 2000 390 160 430 190
20160501 8 3 1 5 150 100 140 300 170 590 220 120 190 120
20160501 9 1 3 2 190 100 110 410 210 850 280 100 180 180
20160501 10 4 3 1 630 180 160 1830 510 4160 320 150 140 110
20160501 11 3 4 1 400 820 0 6290 1640 20320 1030 1060 220 520
20160501 12 3 1 5 1000 410 100 1100 290 6540 890 140 420 220
20160502 1 1 5 2 300 170 300 3670 4710 8600 1090 500 200 440
20160502 2 2 1 6 180 100 120 300 240 760 300 120 150 220
20160502 3 1 3 2 100 100 300 460 520 2790 870 190 260 330
20160502 4 3 1 5 350 100 180 1360 530 7090 1160 250 320 250
20160502 5 5 3 1 730 350 350 1090 540 2250 250 200 160 160
20160502 6 3 4 1 430 810 620 2100 990 2980 210 170 130 120
20160502 7 1 5 2 600 200 280 630 580 5730 2730 170 490 680
20160502 8 2 1 4 210 110 100 380 220 610 200 130 140 170
20160502 9 1 4 6 270 140 120 630 230 3160 1120 180 730 350
20160502 10 3 4 2 660 470 370 1660 800 10070 2250 230 320 450
20160502 11 1 3 5 110 100 330 400 390 860 370 150 160 290
20160502 12 1 4 6 120 150 370 430 340 1670 1020 280 180 320
20160503 1 2 3 4 140 140 560 730 510 2620 1380 280 280 660
20160503 2 1 5 2 190 120 480 1400 920 2990 590 290 130 620
20160503 3 1 2 3 210 100 110 310 110 540 160 110 100 140
20160503 4 3 4 2 180 150 230 550 360 2340 540 160 160 220
20160503 5 5 3 6 200 100 330 1320 1550 3320 550 390 110 480
20160503 6 4 5 1 330 150 300 1320 750 3270 490 290 130 270
20160503 7 6 1 2 260 140 150 1990 530 8240 750 120 350 380
20160503 8 6 4 1 200 130 110 430 300 1020 240 170 110 160
20160503 9 2 1 5 160 160 210 1100 670 2700 610 340 150 380
20160503 10 1 6 4 110 100 230 3790 2970 21000 5230 2560 290 2150
20160503 11 1 2 5 100 100 120 220 240 740 460 190 260 520
20160503 12 4 6 2 3100 760 1450 7210 1660 34460 4480 2220 360 1140
20160504 1 4 5 2 470 220 340 890 490 2370 570 310 210 230
20160504 2 1 3 6 360 110 120 440 210 1080 340 130 280 150
20160504 3 6 2 1 1990 170 150 4440 1940 34600 3780 360 280 660
20160504 4 3 2 1 300 100 110 1020 350 4570 610 160 230 180
20160504 5 2 1 3 150 120 150 990 560 1620 450 150 130 220
20160504 6 1 2 5 100 530 530 270 240 3240 2210 100 350 910
20160504 7 1 3 4 220 160 170 680 330 1310 370 210 200 240
20160504 8 1 2 3 460 100 140 910 520 1530 270 180 220 110
20160504 9 1 5 2 200 100 150 320 190 1800 650 130 430 350
20160504 10 4 2 1 270 130 200 1780 1030 3320 260 180 100 130
20160504 11 1 2 5 130 100 110 400 400 1470 890 240 180 400
20160504 12 4 1 2 310 180 100 1170 310 3540 520 140 350 130
20160505 1 5 1 2 770 230 110 1750 870 8870 860 310 320 160
20160505 2 3 5 4 100 100 100 210 150 400 130 100 100 130
20160505 3 3 5 1 320 320 0 1200 840 12430 1980 370 390 1060
20160505 4 1 4 3 410 330 220 1370 690 2690 610 180 360 150
20160505 5 2 6 3 490 210 1800 24320 17050 109180 12710 710 480 1860
20160505 6 4 1 2 350 150 220 1270 650 2840 370 140 160 280
20160505 7 1 4 5 260 130 110 360 180 790 230 110 190 140
20160505 8 3 1 4 1120 200 100 3470 1250 7480 400 280 220 150
20160505 9 1 3 2 180 110 110 320 280 1160 450 140 110 230
20160505 10 1 2 3 100 110 140 210 190 570 300 130 180 200
20160505 11 1 5 4 110 120 670 960 810 2870 630 270 150 440
20160505 12 1 2 4 130 110 170 320 270 700 260 120 130 260
20160506 1 2 3 4 780 330 130 2490 1770 9560 1520 430 270 340
20160506 2 4 1 2 1070 130 220 1310 680 3940 700 120 200 390
20160506 3 1 3 2 240 250 1330 1270 800 4280 1230 310 250 600
20160506 4 1 4 5 130 100 100 390 310 1020 430 120 170 250
20160506 5 3 4 1 250 420 270 890 310 2050 250 200 110 160
20160506 6 1 4 2 140 200 0 1980 2210 7760 1060 440 170 420
20160506 7 4 5 2 290 120 250 1440 1180 3310 650 290 180 300
20160506 8 1 3 4 190 100 100 350 180 790 280 120 160 220
20160506 9 3 2 1 750 240 240 2900 1480 7650 470 290 280 210
20160506 10 1 6 3 100 100 450 2860 2810 10000 3230 830 300 980
20160506 11 1 3 5 130 180 270 610 520 3780 2080 180 250 610
20160506 12 2 1 4 510 140 140 1010 340 3780 680 190 130 310
20160512 1 1 5 3 200 190 270 5100 1520 7060 520 820 120 170
20160512 2 5 3 1 3220 0 220 9040 1180 15080 840 310 310 130
20160512 3 1 3 4 110 100 100 290 210 950 450 100 190 240
20160512 4 2 1 4 250 170 150 1080 470 3240 650 140 240 220
20160512 5 1 2 5 170 180 120 1110 720 2330 570 300 240 230
20160512 6 1 2 6 100 100 260 340 430 990 510 260 170 520
20160512 7 2 4 1 1720 410 240 3230 1800 8180 360 260 230 160
20160512 8 2 3 1 180 160 100 1380 410 3100 430 170 300 190
20160512 9 1 4 3 200 120 130 340 370 830 180 100 110 140
20160512 10 3 6 2 290 280 0 5120 2000 19600 6410 670 400 3700
20160512 11 1 4 6 100 110 140 470 210 1280 880 130 230 450
20160512 12 2 1 3 370 180 130 580 260 3570 620 160 490 190
20160513 1 5 2 3 1170 1530 400 3010 1070 21310 1130 290 880 210
20160513 2 1 2 3 150 120 130 500 360 1210 470 190 250 260
20160513 3 4 1 2 2020 100 120 2180 370 8510 1360 190 540 390
20160513 4 1 5 4 120 100 1200 2620 1070 6570 1540 470 210 710
20160513 5 1 2 3 470 200 240 1050 1140 2910 630 290 230 550
20160513 6 1 5 2 150 110 130 390 310 930 220 200 140 260
20160513 7 3 2 1 700 150 150 920 270 1820 270 120 160 110
20160513 8 3 4 6 130 530 130 520 490 1460 930 210 340 620
20160513 9 1 2 3 260 120 320 1090 920 1790 380 260 110 460
20160513 10 3 6 1 650 100 820 6000 2160 19080 750 600 240 550
20160513 11 1 2 3 960 3430 8720 310 250 920 480 170 150 220
20160513 12 1 2 5 100 100 150 210 210 530 270 110 210 280
20160514 1 1 2 5 280 110 100 350 190 1130 430 110 230 200
20160514 2 4 2 5 260 370 250 3420 1490 4780 690 410 220 240
20160514 3 1 2 3 230 120 100 810 330 2580 450 190 380 130
20160514 4 1 6 4 260 220 750 1120 620 6550 1740 200 370 670
20160514 5 1 3 4 370 130 100 810 640 2200 810 190 140 290
20160514 6 2 1 5 120 170 160 760 430 1780 510 250 130 280
20160514 7 5 2 3 100 100 120 320 140 630 190 100 110 160
20160514 8 2 4 1 680 140 120 650 410 2110 290 160 280 130
20160514 9 1 3 4 170 180 200 520 340 1100 350 180 220 180
20160514 10 1 2 6 100 110 150 350 310 4300 1480 150 990 1450
20160514 11 1 3 4 100 100 120 280 240 1160 630 110 260 370
20160514 12 5 4 6 2660 1530 230 22440 5260 82720 4920 1310 1730 310
20160515 1 5 3 1 1720 350 160 2680 1170 12330 510 350 460 190
20160515 2 1 3 2 310 120 110 640 280 2840 660 130 310 410
20160515 3 1 2 5 410 190 100 610 370 8710 3240 290 1150 790
20160515 4 2 4 1 160 130 110 530 480 1830 300 100 120 150
20160515 5 2 4 1 430 310 0 6980 4910 16750 380 490 140 350
20160515 6 3 1 6 260 100 250 1300 470 2060 290 130 150 150
20160515 7 5 3 2 320 450 0 1350 780 3190 290 210 150 130
20160515 8 3 1 5 140 130 160 230 250 700 340 120 150 170
20160515 9 5 1 6 2850 520 100 3880 660 10270 690 310 160 450
20160515 10 1 2 4 140 100 110 220 190 1510 750 150 380 380
20160515 11 3 1 6 1320 180 100 980 280 13210 2170 170 2580 1330
20160515 12 1 2 4 100 100 130 370 230 620 320 190 140 280
20160516 1 2 1 5 350 240 100 870 220 3410 660 130 270 210
20160516 2 4 2 5 240 130 290 1160 710 2230 530 160 190 180
20160516 3 1 3 4 160 210 180 2060 1200 2970 680 180 130 140
20160516 4 4 2 1 970 260 540 2480 2140 12410 1470 410 150 180
20160516 5 2 1 4 210 140 100 1110 590 14990 3700 310 790 4050
20160516 6 4 3 1 230 140 250 590 500 3590 790 190 230 440
20160516 7 4 1 2 320 110 120 530 290 1520 300 190 250 340
20160516 8 4 3 2 220 120 230 740 430 1970 360 160 120 260
20160516 9 1 2 5 250 100 110 500 260 870 200 180 160 300
20160516 10 4 6 5 160 260 0 410 270 370 0 0 0 0
20160516 11 1 4 2 100 100 520 580 450 1420 340 160 110 300
20160516 12 1 4 2 120 100 600 960 620 1850 430 150 120 180
20160517 1 1 4 3 320 200 280 430 300 460 140 100 110 120
20160517 2 5 2 1 900 350 260 12600 5350 28350 1550 360 230 130
20160517 3 4 6 1 250 130 560 2260 1750 7590 1540 220 150 590
20160517 4 2 4 5 1080 310 160 2880 2600 14110 3140 1000 530 810
20160517 5 2 1 4 560 300 160 1870 580 3220 470 160 180 180
20160517 6 1 4 2 470 160 160 710 430 7390 2020 380 280 1050
20160517 7 1 2 3 210 120 110 460 220 790 310 130 170 160
20160517 8 2 1 3 970 130 130 1410 610 3350 340 240 100 140
20160517 9 1 2 3 200 160 110 410 340 950 430 120 120 200
20160517 10 1 2 3 230 100 130 360 210 710 260 110 190 170
20160517 11 2 3 1 970 1000 1230 3040 2110 5720 300 230 110 160
20160517 12 1 2 5 100 160 170 190 160 1800 1230 140 330 680
20160524 1 5 4 1 820 630 350 10020 3360 26590 1200 480 430 180
20160524 2 2 1 5 210 150 180 1020 430 2900 700 190 570 290
20160524 3 1 4 5 180 140 630 1580 930 3910 710 280 280 310
20160524 4 2 6 4 1250 560 400 6370 2350 21140 4410 570 440 1060
20160524 5 3 1 2 220 110 200 660 330 2690 750 130 370 780
20160524 6 3 1 4 70 600 510 1810 910 7700 1360 470 1000 770
20160524 7 1 2 5 170 100 140 220 150 490 370 100 210 230
20160524 8 4 6 1 180 120 300 480 750 2600 660 210 250 660
20160524 9 1 2 3 100 110 310 550 530 1430 320 260 120 170
20160524 10 2 1 4 340 120 130 440 230 3960 1160 150 510 540
20160524 11 6 1 3 1610 460 130 4640 730 23940 850 190 910 300
20160524 12 4 3 2 600 480 280 4020 1450 10040 1130 570 470 230
20160525 1 4 3 5 120 250 780 890 580 5080 2430 130 390 770
20160525 2 4 5 1 250 430 0 1140 920 4290 1070 270 120 320
20160525 3 1 6 5 190 250 160 430 180 980 270 100 250 210
20160525 4 1 6 2 100 100 300 660 490 4070 1090 240 380 820
20160525 5 1 2 3 110 530 660 470 380 1310 440 170 440 920
20160525 6 2 1 4 210 100 120 450 160 900 300 140 170 230
20160525 7 1 3 2 170 100 130 720 1260 1440 160 170 110 100
20160525 8 3 1 6 100 100 280 700 420 970 440 100 100 550
20160525 9 2 5 6 490 1230 0 2390 2600 10450 2100 580 640 1210
20160525 10 1 2 4 110 120 180 250 350 1200 440 120 260 440
20160525 11 4 3 6 70 200 710 22510 5420 83480 22960 1050 850 2670
20160525 12 1 3 4 100 100 110 260 210 640 440 160 120 310
20160526 1 4 6 5 200 190 560 810 690 8700 4760 270 780 780
20160526 2 6 5 1 420 670 170 2190 1410 8540 1550 320 410 590
20160526 3 3 6 4 70 230 850 12420 9120 99140 13870 650 1310 1310
20160526 4 2 5 6 320 190 450 4150 1840 11100 2390 660 800 620
20160526 5 4 6 5 730 370 100 2770 550 8350 1280 380 520 180
20160526 6 4 1 2 800 150 130 2590 690 4810 300 250 350 120
20160526 7 2 5 1 210 120 270 870 570 2530 610 150 130 450
20160526 8 4 2 6 100 100 120 270 270 780 430 150 180 360
20160526 9 3 4 1 690 670 190 2080 540 6640 710 220 340 200
20160526 10 2 1 3 580 170 100 1550 260 4090 380 170 430 150
20160526 11 1 2 3 150 100 100 210 200 610 290 150 240 480
20160526 12 1 2 5 140 140 370 380 460 1480 780 150 150 380
20160527 1 1 5 2 300 100 140 510 610 2460 550 190 260 560
20160527 2 1 5 6 170 290 0 17200 6560 89130 10310 3310 1150 0
20160527 3 3 4 5 130 100 170 650 460 1170 540 180 190 320
20160527 4 2 1 4 1590 120 100 490 210 810 150 110 120 120
20160527 5 4 2 1 350 150 390 1880 1310 4220 380 270 180 610
20160527 6 2 3 5 190 200 220 1050 710 3880 1230 130 690 690
20160527 7 4 5 1 550 380 300 760 380 3570 420 210 240 250
20160527 8 4 3 5 140 100 170 830 830 2460 1320 270 190 630
20160527 9 1 4 6 120 110 240 480 470 4580 2110 220 360 880
20160527 10 4 2 1 1350 260 130 7590 1370 15550 350 300 250 130
20160527 11 1 4 6 160 100 220 1010 600 5610 3460 200 530 1360
20160527 12 1 6 2 140 130 460 2360 1430 4890 740 390 130 520
20160528 1 1 5 2 210 120 450 4510 3200 9560 1720 330 160 410
20160528 2 2 4 6 350 200 150 1220 460 2950 910 190 320 280
20160528 3 4 6 3 140 110 270 770 770 5430 2130 320 450 1210
20160528 4 1 5 3 100 100 450 760 510 1200 510 230 160 350
20160528 5 2 3 1 340 150 280 1980 1150 12600 1820 390 640 390
20160528 6 3 5 4 330 220 0 1900 940 3710 540 260 100 240
20160528 7 2 4 5 180 100 120 320 320 840 380 100 150 170
20160528 8 1 4 2 280 120 110 650 280 1570 280 100 240 140
20160528 9 5 3 1 460 230 310 1460 730 3380 350 230 160 220
20160528 10 2 1 4 200 110 100 490 190 1850 410 170 330 170
20160528 11 4 2 6 990 270 100 4700 1610 23100 3150 300 1000 830
20160528 12 1 2 4 130 100 100 250 180 870 500 140 320 420
20160529 1 3 2 1 500 310 430 2470 1590 7780 450 300 130 220
20160529 2 1 4 2 220 140 150 400 330 1480 820 170 230 380
20160529 3 1 2 3 190 100 100 650 990 2610 870 280 160 590
20160529 4 2 1 4 100 290 360 470 320 820 210 130 110 150
20160529 5 2 3 1 200 270 370 1660 880 5410 740 200 150 300
20160529 6 5 4 1 1270 520 220 4110 1620 14060 870 560 380 130
20160529 7 3 5 4 100 100 180 1120 980 4200 1090 260 230 750
20160529 8 1 2 6 110 100 110 160 160 890 1350 130 380 480
20160529 9 1 3 6 120 100 180 320 280 1910 1110 270 400 1320
20160529 10 4 5 3 760 610 1160 2750 1530 10450 1310 730 350 520
20160529 11 1 6 3 210 200 600 2120 1320 14070 2620 470 440 2270
20160529 12 1 5 6 130 110 480 570 610 2790 1870 240 490 1210
20160602 1 1 2 3 150 100 250 290 250 880 430 140 220 290
20160602 2 2 3 4 160 150 730 1380 910 2760 620 300 120 470
20160602 3 5 2 4 270 140 160 520 270 1330 330 130 210 190
20160602 4 4 2 6 150 110 120 780 500 1340 420 190 150 200
20160602 5 1 2 6 100 130 180 500 440 1450 750 130 170 380
20160602 6 3 2 4 1290 360 160 7370 1470 41070 4140 470 1410 330
20160602 7 3 1 4 210 100 100 280 150 640 230 100 150 150
20160602 8 2 3 5 500 190 100 760 300 4020 780 170 420 230
20160602 9 4 3 1 190 120 250 710 520 3500 700 200 210 360
20160602 10 1 5 3 160 200 280 690 440 1120 280 170 140 190
20160602 11 3 1 2 510 240 120 1750 590 3490 330 200 160 180
20160602 12 5 1 4 420 300 120 1420 430 13380 1620 270 1010 480
20160603 1 4 1 6 1110 160 150 3280 1120 8120 850 190 340 370
20160603 2 2 1 4 150 110 100 360 220 1260 520 150 200 370
20160603 3 1 5 3 140 120 170 830 450 1590 260 190 200 200
20160603 4 5 6 4 310 260 830 5530 3220 8780 530 350 180 340
20160603 5 2 4 1 1060 370 130 1880 450 2910 230 180 130 110
20160603 6 2 3 4 640 200 190 2120 1160 11740 3010 470 880 830
20160603 7 2 1 3 240 130 100 360 150 1340 470 130 290 330
20160603 8 1 2 6 100 100 170 210 160 630 390 150 150 370
20160603 9 3 1 4 430 120 130 750 180 1430 250 100 210 150
20160603 10 1 2 4 100 100 140 170 140 460 240 110 190 260
20160603 11 1 5 4 100 110 270 1460 1160 3760 620 220 130 370
20160603 12 1 4 3 180 120 160 650 430 1460 300 170 150 220
20160604 1 2 5 6 380 240 120 2620 1010 5940 910 340 540 190
20160604 2 2 1 5 240 110 150 640 260 15650 4050 180 810 900
20160604 3 6 1 2 1410 380 190 1840 480 9030 830 310 750 200
20160604 4 2 1 3 110 100 130 460 370 1000 340 210 170 180
20160604 5 6 4 1 300 230 400 1310 830 7080 1290 330 270 650
20160604 6 3 2 4 260 100 120 560 300 2180 650 140 300 360
20160604 7 1 2 4 450 130 110 610 270 1010 170 120 170 120
20160604 8 5 4 1 160 130 200 740 610 2770 480 250 200 240
20160604 9 4 5 1 1330 190 140 2200 770 4720 520 360 360 160
20160604 10 1 2 6 120 180 440 1300 1080 7290 2830 460 370 1280
20160604 11 1 3 5 100 100 120 190 190 470 280 120 130 250
20160604 12 3 6 4 380 180 400 2600 1580 9910 2080 520 440 810
20160605 1 2 6 3 530 170 220 1220 540 9770 2520 260 640 510
20160605 2 2 1 3 220 120 100 790 270 2130 310 130 160 120
20160605 3 2 1 6 130 100 130 470 290 890 230 150 120 190
20160605 4 1 4 6 130 110 190 540 470 970 330 140 120 190
20160605 5 1 2 4 140 120 180 430 400 650 150 160 100 130
20160605 6 3 1 2 810 170 130 1080 220 5670 700 160 450 300
20160605 7 1 6 5 110 100 120 400 260 2980 1290 130 260 620
20160605 8 2 1 4 120 100 100 360 250 640 260 110 120 250
20160605 9 1 2 4 640 250 250 1050 750 1960 390 310 180 130
20160605 10 6 1 2 470 190 100 1320 290 2600 220 150 180 120
20160605 11 1 4 3 100 100 210 360 340 1120 420 160 140 320
20160605 12 1 2 3 110 100 100 190 160 550 250 120 160 200
20160606 1 1 2 3 130 100 300 270 220 890 460 130 160 160
20160606 2 1 5 3 480 200 1120 7400 7080 27970 2990 670 250 650
20160606 3 1 3 4 360 150 250 2410 1570 4630 550 310 210 200
20160606 4 1 3 4 290 130 100 2410 1300 4880 800 260 240 140
20160606 5 3 4 1 470 170 170 700 360 3950 660 190 310 270
20160606 6 4 3 6 370 130 180 760 320 3330 1060 170 360 600
20160606 7 1 2 3 550 270 220 3270 2460 17830 3020 970 660 1130
20160606 8 2 5 4 210 100 190 3430 3620 34620 5370 1610 390 1920
20160606 9 1 3 5 100 100 110 320 270 3190 2010 160 960 170
20160606 10 1 2 5 110 140 130 250 180 1610 900 110 340 530
20160606 11 2 3 6 140 170 110 1010 720 11590 4710 230 1810 1600
20160606 12 1 2 4 120 100 160 210 220 1000 670 150 160 470
20160607 1 3 4 1 240 560 720 1150 710 2010 290 250 150 160
20160607 2 1 2 6 170 180 1770 860 760 4440 1630 310 170 580
20160607 3 6 4 1 10570 2000 200 15540 4110 103190 2890 790 890 200
20160607 4 1 2 4 430 150 190 750 610 4360 1880 210 490 200
20160607 5 1 4 5 150 100 130 360 190 760 340 110 230 180
20160607 6 3 4 1 140 110 150 390 250 1140 350 120 190 280
20160607 7 1 2 4 770 120 110 1310 490 2300 310 140 220 130
20160607 8 1 4 3 330 110 110 520 270 1410 390 150 330 270
20160607 9 1 4 3 110 100 250 470 400 1980 740 180 260 530
20160607 10 1 4 2 150 110 150 300 240 550 210 130 160 210
20160607 11 4 2 1 330 160 100 2040 960 7510 440 310 170 190
20160607 12 5 1 2 730 170 100 3060 830 11770 670 200 450 130
20160625 1 2 4 3 140 100 130 790 630 3230 1600 160 260 320
20160625 2 3 2 4 170 100 260 610 400 1440 470 200 260 450
20160625 3 3 4 2 310 220 160 2370 550 2440 190 190 210 110
20160625 4 4 1 3 1800 180 100 1840 570 4750 370 100 150 100
20160625 5 3 4 5 390 100 100 700 510 2120 960 230 520 590
20160625 6 5 6 1 330 130 160 1070 470 1290 210 250 110 130
20160625 7 1 6 3 100 150 0 720 820 2040 400 210 160 320
20160625 8 3 6 5 190 130 0 1170 780 3330 1510 240 130 1200
20160625 9 4 6 3 70 520 0 8910 14100 53640 7080 340 660 660
20160625 10 3 4 5 260 150 220 1790 1230 4720 990 190 220 270
20160625 11 2 3 1 480 260 200 5160 3330 15730 550 360 120 320
20160625 12 1 3 5 100 110 300 500 500 2720 1140 170 350 910
20160626 1 2 5 1 600 0 130 1950 1000 6350 450 400 290 240
20160626 2 1 3 2 120 100 0 1180 910 3540 750 220 170 180
20160626 3 1 2 5 200 120 150 320 270 3500 1840 150 1480 380
20160626 4 1 5 3 270 150 110 510 490 1880 580 190 130 350
20160626 5 1 3 2 230 100 100 290 170 660 310 100 190 130
20160626 6 2 1 3 150 100 120 480 210 1360 440 240 100 130
20160626 7 2 3 1 220 120 200 530 340 2670 810 150 470 190
20160626 8 2 1 4 110 110 330 370 310 1150 450 300 160 500
20160626 9 1 4 5 310 130 160 620 480 850 360 240 200 170
20160626 10 3 1 2 780 120 110 2050 530 3870 220 110 180 100
20160626 11 1 2 3 100 130 0 550 430 1330 430 170 110 450
20160626 12 1 4 3 130 110 150 430 330 1150 500 160 130 420
20160627 1 2 1 6 240 130 100 450 160 2020 510 100 450 350
20160627 2 1 4 5 170 110 260 530 430 3580 1300 140 300 680
20160627 3 2 3 6 580 120 200 1700 740 2480 500 210 160 200
20160627 4 2 1 4 220 110 100 520 160 1790 540 130 440 210
20160627 5 3 5 1 530 300 240 1310 740 3420 290 320 110 140
20160627 6 1 3 5 70 130 300 610 500 1300 400 140 100 380
20160627 7 1 4 2 410 150 110 570 330 1340 330 180 140 200
20160627 8 5 3 2 1050 480 280 9000 2730 19130 410 490 180 160
20160627 9 1 2 3 120 120 150 390 270 1050 270 110 250 250
20160627 10 2 1 3 480 170 140 1200 340 5600 1250 140 530 320
20160627 11 1 3 4 320 150 180 470 500 1080 320 350 120 420
20160627 12 4 5 1 1680 140 560 6570 4000 10000 820 450 160 320
20160628 1 1 2 3 100 100 280 370 210 750 420 140 120 270
20160628 2 6 2 5 510 120 240 1110 470 5230 1290 240 540 490
20160628 3 3 5 6 120 120 530 450 260 1410 410 140 170 360
20160628 4 1 6 3 250 210 700 590 440 1570 500 240 220 630
20160628 5 4 2 6 1010 470 470 3650 1190 4940 660 470 220 240
20160628 6 4 6 1 250 850 2020 6870 4110 14160 1440 600 130 430
20160628 7 2 1 5 220 110 100 230 110 480 190 100 170 150
20160628 8 1 3 6 190 360 120 860 270 2680 520 500 2320 1290
20160628 9 5 2 1 130 100 140 870 270 3710 430 140 250 170
20160628 10 1 2 3 100 100 180 290 230 490 130 170 190 240
20160628 11 1 2 4 100 120 100 430 310 940 330 160 120 230
20160628 12 1 4 5 100 110 350 580 470 1850 1360 250 250 1090
20160629 1 4 6 2 350 210 550 1420 1030 8790 2300 370 600 540
20160629 2 4 2 6 730 110 100 770 370 2670 720 180 320 300
20160629 3 4 5 1 560 190 820 3010 2340 22930 4960 510 330 1510
20160629 4 3 2 5 550 190 190 2960 920 24820 5230 160 1030 1630
20160629 5 1 4 2 380 180 120 1190 570 2300 310 110 180 110
20160629 6 3 1 5 260 180 100 1460 350 3860 890 140 430 340
20160629 7 1 2 4 160 260 290 740 570 1620 370 200 120 180
20160629 8 1 4 3 260 210 120 550 300 3930 540 180 250 210
20160629 9 1 4 3 220 100 100 440 280 3810 1120 210 230 360
20160629 10 1 3 2 140 120 260 520 440 1660 520 220 150 320
20160629 11 1 2 4 140 100 110 320 240 960 270 130 190 290
20160629 12 3 1 2 1070 220 100 1730 350 6000 240 260 320 160
20160630 1 4 1 3 200 150 190 1050 670 2500 270 170 180 150
20160630 2 4 1 2 180 110 130 490 150 1490 250 110 110 220
20160630 3 4 3 5 610 190 350 1750 1000 2630 310 170 110 160
20160630 4 5 2 4 1100 380 210 6380 3110 18020 2020 410 390 300
20160630 5 6 3 4 520 260 160 1760 610 7740 1420 260 1160 230
20160630 6 1 4 3 260 160 100 740 290 1270 280 170 220 160
20160630 7 1 4 5 440 140 130 1240 660 4510 860 270 300 210
20160630 8 4 5 6 120 100 280 330 370 1080 670 170 300 480
20160630 9 1 3 5 160 130 310 410 350 1290 740 230 250 410
20160630 10 1 2 3 100 100 130 430 310 740 260 210 230 250
20160630 11 2 6 4 450 120 840 2290 2410 6930 2130 480 260 1080
20160630 12 5 4 6 1330 420 250 6510 1320 30240 3450 490 2480 1060
20160705 1 3 2 1 470 650 400 1510 450 4250 480 220 460 160
20160705 2 2 1 3 220 160 180 650 350 1500 340 180 120 140
20160705 3 1 5 6 580 160 150 260 230 1100 250 140 180 190
20160705 4 1 5 4 100 100 260 570 720 1910 1190 130 190 2840
20160705 5 2 5 4 390 180 520 3950 2100 10060 690 470 210 290
20160705 6 6 4 3 2170 670 0 12040 2790 84410 1690 660 180 300
20160705 7 3 1 6 320 110 130 720 110 1870 390 140 430 290
20160705 8 3 4 5 140 140 360 630 580 2760 1970 240 250 980
20160705 9 1 3 2 200 150 150 550 550 1500 390 150 120 180
20160705 10 1 3 4 240 130 140 240 190 690 350 130 170 290
20160705 11 3 4 6 880 70 0 7070 3650 31690 8330 1180 730 1490
20160705 12 1 5 2 120 100 140 1130 750 4020 990 510 280 750
20160706 1 3 4 5 110 200 300 470 440 990 500 150 160 340
20160706 2 1 5 3 110 100 310 510 470 3150 1490 180 400 910
20160706 3 3 2 4 260 130 100 490 240 1550 450 190 330 250
20160706 4 2 5 4 110 110 210 660 690 1530 270 180 130 110
20160706 5 2 1 3 910 230 100 1970 460 6500 940 330 830 350
20160706 6 3 4 6 180 130 450 850 700 5320 2790 360 440 1270
20160706 7 5 1 2 160 110 100 410 260 3310 680 150 570 900
20160706 8 4 1 3 520 600 390 2970 1130 5730 250 270 170 110
20160706 9 1 2 5 150 120 200 350 220 690 230 130 100 140
20160706 10 1 5 3 100 100 180 340 310 950 280 120 200 220
20160706 11 1 5 3 140 170 240 550 410 900 270 110 110 200
20160706 12 2 1 3 570 130 110 710 200 1640 290 150 320 310
20160707 1 4 1 2 150 100 110 330 170 1050 350 120 250 240
20160707 2 1 2 4 120 130 210 240 300 550 270 100 110 210
20160707 3 1 4 6 160 100 280 970 430 1770 410 200 120 150
20160707 4 1 6 4 120 100 230 970 590 1720 310 180 210 200
20160707 5 3 2 4 360 100 100 1260 300 4160 950 220 510 280
20160707 6 1 4 5 190 140 110 530 360 4240 1290 170 420 290
20160707 7 6 2 4 650 150 100 890 190 2020 310 130 320 260
20160707 8 4 3 6 210 100 180 530 380 1630 690 210 280 480
20160707 9 2 5 4 250 140 210 470 260 1070 330 130 150 180
20160707 10 1 2 4 100 100 180 320 310 750 320 140 220 110
20160707 11 1 5 6 100 100 0 590 570 1670 1160 220 250 820
20160707 12 4 6 2 70 480 900 3290 2920 11750 1480 490 330 520
20160708 1 1 5 2 150 140 210 350 190 950 340 110 240 350
20160708 2 4 1 6 260 130 200 560 250 880 330 170 180 270
20160708 3 4 1 2 400 110 120 1460 260 4360 520 160 310 150
20160708 4 6 1 3 450 150 580 430 280 1020 360 190 300 350
20160708 5 1 6 3 920 100 270 830 780 1490 270 210 130 250
20160708 6 2 1 6 200 100 100 350 220 670 180 130 110 180
20160708 7 4 3 5 240 150 100 500 280 770 120 130 100 130
20160708 8 2 1 3 140 100 100 180 130 600 410 110 230 240
20160708 9 1 2 5 140 100 180 490 700 1240 350 130 120 400
20160708 10 4 1 5 280 110 120 300 160 1070 680 110 260 330
20160708 11 5 1 2 800 150 100 990 200 2360 200 110 130 130
20160708 12 1 3 6 100 140 0 1150 1620 11580 6650 630 800 3000
20160709 1 2 3 5 110 120 170 500 530 2020 1790 250 330 870
20160709 2 4 5 6 240 100 130 230 130 480 290 140 180 160
20160709 3 2 4 6 150 120 100 450 200 2610 730 170 390 300
20160709 4 1 4 6 290 370 460 870 630 3760 2750 200 680 750
20160709 5 3 2 4 520 130 570 6180 4000 11360 730 320 160 210
20160709 6 3 1 4 240 200 150 1000 320 1610 190 160 140 130
20160709 7 4 5 3 140 130 0 510 440 9570 6760 240 560 800
20160709 8 5 6 2 140 100 150 2050 1420 4910 1090 630 130 410
20160709 9 4 5 6 1120 0 100 1890 1470 11400 1970 530 1140 430
20160709 10 2 4 1 1110 100 760 3610 2100 12770 700 880 230 400
20160709 11 3 1 2 1010 270 140 1980 230 5170 590 150 310 120
20160709 12 1 2 6 160 100 120 170 160 3320 1930 130 960 1400
20160710 1 1 3 4 190 150 180 690 690 1670 420 210 160 270
20160710 2 1 5 2 180 280 500 3150 2610 12620 2840 680 490 600
20160710 3 2 1 3 170 110 100 340 200 700 200 140 260 230
20160710 4 2 1 4 2100 330 110 3910 1170 19540 2480 310 1160 250
20160710 5 1 4 3 190 100 220 470 330 950 190 140 120 180
20160710 6 2 1 3 380 270 310 480 250 2110 640 130 250 280
20160710 7 2 6 5 430 410 0 14170 9190 108210 13310 1550 490 3020
20160710 8 4 2 6 150 120 260 840 760 4940 2080 220 580 1600
20160710 9 2 3 6 810 0 750 2910 1080 23290 5760 610 1580 1950
20160710 10 1 4 5 200 100 240 630 510 1440 650 250 250 460
20160710 11 1 2 3 200 110 100 320 220 840 320 150 220 330
20160710 12 1 3 2 120 120 200 490 460 2070 750 220 180 370
20160713 1 3 4 5 280 750 0 3930 3360 11530 1420 500 340 1130
20160713 2 3 2 4 1120 0 110 2720 600 6360 970 130 380 110
20160713 3 4 3 2 900 0 220 7630 720 14740 1040 560 560 110
20160713 4 2 1 5 300 180 160 790 300 4710 1350 160 340 290
20160713 5 1 5 3 280 190 230 690 520 1840 570 220 290 210
20160713 6 4 6 1 670 70 0 11250 5760 11260 1000 820 230 370
20160713 7 1 4 2 100 100 180 760 820 2010 810 190 160 360
20160713 8 2 6 3 460 400 660 6410 4120 14020 800 320 170 180
20160713 9 4 6 1 420 220 820 2770 2520 9570 940 750 300 300
20160713 10 1 5 2 140 210 0 1360 1270 5570 1480 370 170 1880
20160713 11 3 1 4 720 100 100 2180 470 6100 390 150 200 200
20160713 12 1 2 3 220 110 100 500 470 1400 470 190 250 310
20160714 1 1 5 4 100 110 0 1420 1170 4620 960 220 160 1850
20160714 2 1 2 3 300 110 130 670 430 1410 230 170 110 260
20160714 3 1 4 3 370 100 130 860 320 3110 590 160 220 170
20160714 4 3 1 4 250 110 100 440 140 4760 740 110 1370 940
20160714 5 5 3 1 330 450 0 4960 1190 8670 450 460 210 250
20160714 6 1 2 6 1200 210 280 1910 1420 13390 3960 940 1370 720
20160714 7 1 5 6 250 100 150 910 510 2570 720 260 190 260
20160714 8 4 2 3 70 180 100 1650 490 12060 1260 650 2950 1030
20160714 9 1 3 5 750 300 0 3920 1750 10420 1270 310 270 310
20160714 10 2 3 1 1160 300 0 3260 2260 9080 360 210 100 440
20160714 11 1 6 3 120 100 130 630 570 1220 320 150 160 230
20160714 12 1 2 3 140 100 180 450 410 1590 690 210 100 650
20160715 1 5 4 6 150 100 100 190 100 290 0 0 0 0
20160715 2 3 1 5 270 150 130 640 310 1490 410 130 330 220
20160715 3 2 4 5 160 100 100 940 1490 2450 1220 400 200 1140
20160715 4 5 6 4 250 140 360 830 610 4980 1470 450 250 340
20160715 5 5 1 4 1080 130 170 3540 1080 6230 410 310 260 100
20160715 6 1 2 4 150 380 1010 5100 3590 21410 2810 1300 620 1060
20160715 7 1 3 4 140 180 410 370 260 640 160 180 110 180
20160715 8 1 2 3 930 120 100 750 300 1530 220 170 120 110
20160715 9 5 4 1 520 150 220 740 630 1430 210 110 140 290
20160715 10 1 6 3 100 100 150 2670 1630 16880 3890 410 490 1330
20160715 11 1 3 2 110 140 260 300 270 2940 1040 340 590 680
20160715 12 1 2 4 280 110 100 230 170 680 430 190 190 340
20160716 1 1 2 6 110 140 350 1300 930 7650 2040 310 200 310
20160716 2 2 5 3 130 130 130 610 470 1960 510 100 170 110
20160716 3 1 4 3 210 100 120 820 590 930 250 120 100 150
20160716 4 2 3 6 130 110 600 910 600 2040 420 280 110 190
20160716 5 1 5 6 100 170 170 800 530 2040 930 210 220 320
20160716 6 1 2 5 100 100 260 700 530 1290 530 240 180 400
20160716 7 4 1 2 660 170 220 1830 860 3910 410 210 140 140
20160716 8 3 5 2 170 150 310 370 230 2560 770 140 200 360
20160716 9 2 1 4 260 330 250 3370 1120 4950 410 240 100 100
20160716 10 2 1 5 320 100 100 1990 330 6940 600 180 320 270
20160716 11 1 3 5 180 130 160 400 300 2720 1340 180 630 1200
20160716 12 1 5 4 250 120 220 910 640 2930 790 300 190 410
20160717 1 2 3 4 170 130 170 800 520 1140 180 240 120 180
20160717 2 4 1 2 120 110 160 430 190 680 200 100 200 250
20160717 3 3 2 1 240 100 120 550 290 2350 370 160 250 470
20160717 4 2 3 1 110 100 120 270 230 1640 330 140 220 250
20160717 5 4 5 2 290 150 130 700 500 2140 610 140 220 200
20160717 6 2 3 4 710 200 160 1380 700 2240 240 200 210 130
20160717 7 4 2 5 140 110 170 760 770 4950 2280 170 290 420
20160717 8 4 1 5 150 100 100 360 250 1000 660 140 200 650
20160717 9 1 2 5 120 100 130 490 380 1260 550 330 330 550
20160717 10 3 2 4 970 300 170 3490 840 7550 700 300 450 150
20160717 11 2 1 5 360 160 100 490 170 2080 270 140 230 230
20160717 12 3 2 4 2120 170 130 2880 1190 13930 2160 340 410 630
20160718 1 1 5 2 160 160 300 2650 1400 6840 1110 440 200 470
20160718 2 1 3 6 170 110 160 470 350 2250 1170 250 320 620
20160718 3 1 3 6 110 100 150 330 420 1250 850 190 210 540
20160718 4 4 1 5 750 110 120 1060 350 2700 650 260 260 250
20160718 5 4 3 5 70 0 270 14810 3510 38660 3160 850 1110 200
20160718 6 2 4 1 350 110 100 590 330 2350 420 190 220 240
20160718 7 3 2 4 180 100 180 510 390 2310 830 180 260 210
20160718 8 3 4 2 240 100 100 1010 290 2100 240 210 230 200
20160718 9 1 3 2 320 120 220 1430 1080 4390 1070 370 180 500
20160718 10 3 1 4 670 110 100 1340 460 3660 550 170 190 150
20160718 11 1 3 2 100 100 260 520 790 1750 450 200 190 300
20160718 12 3 5 4 510 250 180 3030 1420 10310 2100 260 600 380
20160722 1 1 2 3 160 100 100 210 130 580 270 150 210 370
20160722 2 1 4 6 100 140 230 230 180 900 410 170 320 320
20160722 3 1 5 3 210 100 170 1010 480 2100 260 160 110 130
20160722 4 1 2 6 120 100 220 410 440 1680 1220 230 340 790
20160722 5 1 4 5 130 100 100 390 280 1060 430 160 260 220
20160722 6 2 4 6 370 150 490 1840 580 7280 1210 360 710 140
20160722 7 3 5 2 580 180 120 1230 500 2170 170 170 150 120
20160722 8 3 4 2 160 110 240 450 430 3890 1690 180 180 770
20160722 9 4 5 2 700 100 210 1230 660 2900 580 250 200 250
20160722 10 5 3 2 200 130 350 1380 790 15570 3380 170 1130 540
20160722 11 1 4 3 150 120 120 660 620 2440 860 190 130 800
20160722 12 1 3 2 180 100 0 610 520 2280 940 130 170 730
20160723 1 3 1 4 650 160 260 1360 760 6650 2000 380 180 780
20160723 2 2 5 6 190 100 360 1170 1080 18670 6460 330 2150 1320
20160723 3 5 4 1 2400 370 130 9420 3120 43370 2840 920 270 190
20160723 4 1 2 6 310 160 150 550 250 1300 320 240 390 260
20160723 5 2 4 3 340 110 370 1960 1280 6220 820 170 180 350
20160723 6 2 5 3 200 100 140 410 430 1270 510 100 190 240
20160723 7 1 2 6 210 130 220 310 190 1070 450 220 240 300
20160723 8 3 1 2 160 100 300 460 450 920 250 180 100 230
20160723 9 5 2 6 380 100 120 630 170 1390 360 110 280 180
20160723 10 1 6 2 100 110 150 1360 1070 3510 470 210 100 360
20160723 11 3 1 2 130 100 100 300 140 1680 700 130 290 1630
20160723 12 1 2 4 100 110 460 620 550 2410 990 300 150 460
20160724 1 2 1 6 230 140 1010 720 470 4260 1960 270 490 750
20160724 2 3 2 1 240 120 100 750 280 2420 360 120 200 170
20160724 3 2 4 1 120 100 180 280 290 620 170 130 130 200
20160724 4 1 2 3 120 130 260 290 190 680 310 130 270 180
20160724 5 2 3 1 2470 410 170 3580 1310 13620 990 370 520 150
20160724 6 3 5 4 2550 1630 2410 9390 5500 44370 3400 790 720 410
20160724 7 1 2 6 210 150 160 320 180 580 180 100 100 150
20160724 8 1 5 2 180 200 260 840 620 1410 180 120 100 160
20160724 9 4 1 3 250 180 180 340 200 820 260 130 230 210
20160724 10 1 2 3 100 120 130 180 140 690 430 130 300 230
20160724 11 1 2 3 100 100 100 190 150 770 550 110 170 660
20160724 12 1 2 3 190 110 120 310 180 1520 610 120 220 380
20160725 1 1 4 5 100 110 160 240 170 650 420 130 210 190
20160725 2 2 3 6 200 120 320 2410 1830 20010 6460 430 990 2280
20160725 3 1 4 6 140 120 350 1450 1020 2260 350 300 120 210
20160725 4 1 5 3 240 110 120 470 330 840 200 130 120 190
20160725 5 3 1 4 410 210 110 440 180 700 140 100 130 100
20160725 6 1 2 6 170 110 1060 1080 950 2210 760 290 190 350
20160725 7 2 1 4 140 130 200 1000 690 6240 2720 340 340 870
20160725 8 2 3 1 710 100 100 490 170 3860 670 180 580 170
20160725 9 1 3 2 480 330 330 1060 560 2160 460 270 180 160
20160725 10 1 2 4 200 140 100 430 240 1250 340 120 220 260
20160725 11 1 4 6 140 100 180 410 230 1860 880 140 300 410
20160725 12 1 3 4 210 130 230 290 250 750 400 160 120 280
20160726 1 3 4 2 1050 250 430 2420 900 6240 1130 280 220 270
20160726 2 1 2 4 480 200 170 4020 1220 9160 1200 320 430 160
20160726 3 1 5 3 490 270 100 3120 860 18770 2650 420 620 560
20160726 4 1 4 2 210 110 100 720 370 2520 720 150 230 330
20160726 5 3 4 5 370 230 110 830 500 1830 490 180 340 220
20160726 6 4 3 1 400 100 130 1170 360 6310 810 170 320 430
20160726 7 4 1 6 150 100 150 220 210 1010 670 140 350 220
20160726 8 2 1 3 160 100 110 280 170 800 400 110 250 320
20160726 9 1 6 4 500 230 130 5520 2200 8060 620 210 280 170
20160726 10 2 1 3 430 150 100 760 220 2030 280 170 230 220
20160726 11 1 2 3 140 100 210 230 220 540 230 130 130 250
20160726 12 2 1 3 1250 220 100 1960 330 7820 690 150 390 230
20160727 1 1 3 4 100 100 180 290 250 690 300 160 160 220
20160727 2 1 4 3 120 100 130 260 240 1070 390 130 270 260
20160727 3 3 4 2 160 120 360 390 280 1090 280 150 180 240
20160727 4 2 1 4 360 190 100 1190 320 1710 180 120 180 140
20160727 5 3 1 4 260 100 150 400 210 770 200 100 160 160
20160727 6 1 2 4 270 100 460 1520 980 3350 560 500 180 400
20160727 7 3 2 1 1080 220 140 7170 3110 9910 560 310 130 200
20160727 8 5 1 2 400 150 130 580 340 4320 1230 200 470 160
20160727 9 1 3 4 170 120 160 290 260 660 260 120 150 190
20160727 10 2 1 3 290 130 190 530 160 1440 370 170 300 250
20160727 11 1 2 4 150 260 520 470 310 1100 370 150 150 190
20160727 12 1 2 4 190 110 170 400 360 1020 340 170 120 360
20160802 1 1 3 6 210 110 190 550 720 2010 710 390 370 830
20160802 2 3 4 6 490 220 220 3400 2080 16300 2050 770 350 300
20160802 3 5 4 2 270 200 390 10090 4750 31230 2220 2670 240 1110
20160802 4 3 1 4 270 100 150 670 300 1370 410 110 170 280
20160802 5 1 4 3 100 100 170 490 430 1220 140 150 120 180
20160802 6 1 4 3 110 150 410 1310 1240 2940 350 200 120 190
20160802 7 1 5 4 100 100 0 400 270 1030 320 120 120 220
20160802 8 3 4 1 110 100 200 440 450 1050 400 240 110 400
20160802 9 5 3 2 2100 1270 370 11020 1680 16800 880 460 240 170
20160802 10 2 6 5 420 550 870 1400 990 7760 2080 550 470 430
20160802 11 6 3 4 520 190 500 12010 2410 47720 3890 1020 1020 890
20160802 12 1 3 5 100 120 120 370 220 1360 580 170 290 850
20160803 1 3 6 5 470 160 260 900 390 1930 630 140 580 480
20160803 2 1 3 5 100 110 220 980 680 2290 980 450 200 570
20160803 3 3 1 6 150 110 180 880 310 1620 260 250 140 240
20160803 4 4 1 5 2350 150 130 860 430 11880 5850 380 1610 1610
20160803 5 1 4 5 100 100 170 1080 860 1310 190 110 110 190
20160803 6 1 2 3 300 150 140 1140 290 2920 570 110 190 300
20160803 7 4 2 1 310 480 480 2630 1040 18950 1880 280 920 1770
20160803 8 2 1 5 120 100 160 270 150 1300 650 180 240 580
20160803 9 4 1 5 700 370 150 2900 720 3600 530 300 460 230
20160803 10 1 3 6 100 120 200 280 260 1250 720 160 500 420
20160803 11 1 2 3 180 110 150 420 400 800 280 130 170 130
20160803 12 1 2 5 100 110 170 320 170 1040 560 130 260 290
20160804 1 1 6 3 100 100 0 700 790 2080 530 420 170 340
20160804 2 1 6 5 250 480 480 2020 1470 7840 2510 680 110 420
20160804 3 1 2 5 310 200 100 740 350 4410 1370 130 960 320
20160804 4 1 6 2 190 100 120 350 200 1000 400 160 260 230
20160804 5 3 1 2 600 170 130 1900 700 11230 1600 150 580 490
20160804 6 4 6 5 180 110 160 440 410 1710 1040 110 250 440
20160804 7 1 2 4 110 100 130 580 380 1050 220 100 170 130
20160804 8 1 2 3 250 140 100 340 200 910 280 100 340 120
20160804 9 4 5 1 110 100 150 550 410 780 250 100 100 270
20160804 10 1 3 2 180 100 120 210 220 670 160 120 230 230
20160804 11 1 3 2 170 100 270 510 410 1030 220 170 100 210
20160804 12 1 2 3 100 140 240 220 180 630 250 170 100 260
20160805 1 1 3 2 430 150 100 1030 390 3630 740 180 230 320
20160805 2 2 3 4 120 220 0 730 570 1510 330 170 170 200
20160805 3 4 2 1 160 100 100 540 400 1730 260 110 130 280
20160805 4 2 5 1 2100 250 150 1490 740 3190 270 230 240 160
20160805 5 4 3 5 1960 100 210 2020 950 5020 900 300 280 870
20160805 6 1 2 6 580 280 110 1800 720 4760 1310 180 920 350
20160805 7 2 3 5 180 100 220 360 370 430 140 110 100 270
20160805 8 1 3 4 280 130 180 390 180 660 260 110 170 210
20160805 9 1 2 3 250 170 220 1670 830 3880 1210 610 380 500
20160805 10 3 2 5 710 110 100 1750 1050 17620 2890 340 980 750
20160805 11 1 3 2 100 100 100 210 170 550 350 150 280 370
20160805 12 5 1 3 70 0 150 6820 920 10790 370 190 310 100
20160806 1 1 4 2 250 100 140 500 250 1310 320 120 470 160
20160806 2 4 3 2 170 100 110 610 290 1260 380 100 170 270
20160806 3 1 5 4 190 150 0 830 690 4280 1420 250 870 1200
20160806 4 4 1 2 370 110 150 410 340 1190 350 200 130 280
20160806 5 4 1 5 410 150 0 1760 970 3960 890 430 330 580
20160806 6 4 5 3 170 200 540 1300 1900 15120 7910 450 580 1090
20160806 7 4 2 6 310 100 110 490 200 1870 650 170 260 380
20160806 8 1 4 5 470 220 0 2110 1000 980 100 110 100 100
20160806 9 1 5 6 250 120 120 540 330 2930 1340 230 400 220
20160806 10 3 2 6 600 330 160 2460 1510 21780 12120 290 900 900
20160806 11 2 1 6 820 160 100 1180 150 9900 1290 100 1230 360
20160806 12 1 2 5 140 100 150 270 300 1630 800 100 200 560
20160807 1 4 2 6 300 150 180 1250 780 34070 4610 310 1760 0
20160807 2 1 2 3 150 100 100 420 220 520 180 120 160 140
20160807 3 1 4 3 260 150 130 870 420 6970 2340 310 330 950
20160807 4 1 2 4 100 100 180 290 270 530 230 130 100 250
20160807 5 2 1 4 1870 260 260 1110 360 1660 320 290 130 110
20160807 6 4 3 5 420 200 330 5700 1330 41150 8760 620 1450 2820
20160807 7 1 3 4 240 410 240 590 420 1130 240 180 100 140
20160807 8 3 2 4 150 100 130 1080 550 2190 650 310 130 540
20160807 9 2 1 6 270 100 100 480 170 3240 1060 120 1030 460
20160807 10 2 4 3 470 280 480 3790 1730 15310 1200 390 420 330
20160807 11 1 6 2 150 120 0 1650 930 5440 1170 160 410 340
20160807 12 1 2 6 130 100 100 480 330 2450 1070 150 450 740
20160811 1 3 1 4 750 220 130 2770 950 5690 460 290 290 120
20160811 2 1 2 3 280 100 100 410 200 1050 260 160 300 260
20160811 3 4 2 6 900 360 200 1650 750 12930 2740 370 940 610
20160811 4 2 1 4 220 150 100 440 190 1440 410 110 260 130
20160811 5 1 5 6 100 110 280 860 600 2330 990 380 310 380
20160811 6 1 3 5 360 170 120 570 300 1030 220 120 210 160
20160811 7 1 2 3 100 110 200 410 310 980 460 120 220 300
20160811 8 2 3 1 2620 500 500 5950 4280 31000 2270 1040 320 410
20160811 9 1 6 5 360 120 480 1740 1220 7600 2230 370 400 600
20160811 10 5 2 1 570 220 190 1780 900 5110 780 250 240 250
20160811 11 1 2 6 120 100 120 250 180 1610 1040 180 660 990
20160811 12 1 3 4 130 100 260 370 550 1800 790 220 220 470
20160812 1 1 3 2 350 100 130 430 250 1030 330 160 160 140
20160812 2 1 2 6 100 130 220 320 340 870 310 150 150 190
20160812 3 1 2 4 280 100 100 410 320 3070 1350 230 850 1110
20160812 4 6 1 5 1720 330 100 2380 560 15230 890 270 590 190
20160812 5 1 3 4 190 170 0 1310 820 2430 620 250 150 590
20160812 6 5 1 4 300 370 220 2070 930 21080 3220 220 760 860
20160812 7 4 6 1 220 120 260 6600 2720 27170 3440 710 270 510
20160812 8 2 4 3 170 100 150 460 470 1330 420 190 180 400
20160812 9 3 4 2 270 200 330 3310 1530 22300 5010 510 460 900
20160812 10 5 6 1 1950 520 0 9840 11340 48030 5550 1440 480 1610
20160812 11 1 2 4 100 100 240 830 690 1710 730 280 240 410
20160812 12 4 1 3 520 210 110 1130 340 3720 290 160 160 150
20160813 1 4 2 3 70 370 170 20030 10290 34390 1770 790 280 240
20160813 2 3 2 1 860 150 150 1170 260 2440 210 100 250 120
20160813 3 1 3 5 160 120 120 340 160 810 570 150 290 370
20160813 4 1 2 5 140 100 180 230 240 570 360 100 180 270
20160813 5 1 2 3 450 0 150 1240 390 2870 640 220 390 180
20160813 6 6 1 5 1870 140 130 1970 540 17150 4290 340 1150 1000
20160813 7 2 6 3 130 100 100 460 330 2040 620 140 230 450
20160813 8 1 4 2 250 350 0 2040 1530 4220 690 330 200 180
20160813 9 4 3 5 70 0 370 4130 940 18160 2190 240 2900 340
20160813 10 3 1 4 410 100 100 1370 460 3070 270 140 270 210
20160813 11 1 2 5 100 120 410 1120 1050 3390 1550 870 130 1070
20160813 12 1 5 6 120 190 310 430 240 2060 1290 120 420 290
20160814 1 1 3 2 330 450 240 2430 1350 8750 1070 500 260 370
20160814 2 6 5 2 370 520 0 2060 2050 6420 760 250 150 350
20160814 3 2 3 4 350 130 100 1060 400 2880 630 150 350 180
20160814 4 1 4 2 270 130 150 390 370 990 290 150 290 140
20160814 5 2 5 4 420 110 100 410 240 3020 810 170 850 760
20160814 6 1 4 6 200 150 0 680 610 1390 580 210 120 320
20160814 7 2 1 4 130 100 100 290 160 550 180 120 160 200
20160814 8 1 3 5 210 110 220 470 1030 2000 890 230 470 290
20160814 9 2 4 6 120 220 0 730 530 1110 310 230 210 340
20160814 10 4 5 2 900 0 450 3020 960 15170 1610 910 320 320
20160814 11 1 3 4 130 100 110 240 250 550 280 120 140 230
20160814 12 1 2 6 200 100 260 780 650 3120 1240 270 270 880
20160815 1 2 3 6 450 410 410 1990 1450 13130 2140 320 450 580
20160815 2 1 3 4 170 100 170 590 310 2570 870 230 230 630
20160815 3 4 1 2 580 110 0 670 250 1420 210 140 140 140
20160815 4 2 4 1 210 180 100 1080 470 1990 160 140 180 100
20160815 5 2 4 1 270 150 150 940 600 2850 340 130 190 220
20160815 6 5 4 2 70 170 150 4440 1280 23540 2100 400 430 400
20160815 7 3 4 5 450 100 150 370 240 1400 520 140 310 400
20160815 8 2 4 3 660 180 130 2050 460 6560 670 210 950 190
20160815 9 2 1 5 4760 150 110 1230 360 2990 340 150 390 120
20160815 10 5 1 4 680 330 120 2670 460 15580 1650 380 840 220
20160815 11 1 2 5 180 120 130 310 260 2550 1010 250 510 630
20160815 12 1 4 2 180 120 150 610 570 1400 340 170 160 250
20160816 1 1 2 6 180 110 210 620 440 11920 5580 280 1130 4310
20160816 2 1 3 5 280 250 200 730 390 1400 310 240 170 180
20160816 3 1 2 3 220 150 240 1710 1240 5750 1560 1050 400 750
20160816 4 1 2 4 240 140 200 590 470 930 230 160 160 120
20160816 5 1 5 3 190 160 600 1660 590 3460 580 240 100 290
20160816 6 4 1 2 120 100 100 680 220 1230 230 120 140 130
20160816 7 1 5 3 110 280 420 1530 790 3070 390 300 100 330
20160816 8 3 4 1 600 0 860 4990 5800 13360 540 470 140 190
20160816 9 1 2 4 180 100 120 360 230 1170 530 140 200 220
20160816 10 1 3 5 210 110 110 460 410 3000 1770 180 340 570
20160816 11 1 6 3 150 100 310 1070 830 3140 590 370 150 380
20160816 12 5 1 4 1530 300 130 8280 1980 34060 1510 390 710 160
20160820 1 1 3 2 130 100 150 260 240 900 330 160 190 290
20160820 2 2 1 4 120 120 240 590 420 1370 430 120 100 200
20160820 3 2 3 6 420 210 140 1610 860 2600 720 270 370 260
20160820 4 4 6 3 300 170 280 1050 860 2640 440 250 160 370
20160820 5 2 3 1 400 170 150 1980 750 3140 160 150 110 120
20160820 6 1 3 6 690 170 150 1410 1330 11530 4260 520 450 770
20160820 7 1 2 4 220 120 310 240 130 400 170 100 100 130
20160820 8 4 2 3 290 150 120 650 250 3500 500 130 350 320
20160820 9 2 3 1 520 580 580 2840 1760 14270 1200 560 380 450
20160820 10 3 4 2 500 120 120 850 410 1760 280 180 290 140
20160820 11 1 2 3 180 120 150 440 330 960 280 180 120 200
20160820 12 3 4 5 450 180 180 940 730 3740 1080 220 460 720
20160821 1 1 2 3 160 130 140 350 250 790 390 130 220 230
20160821 2 1 4 2 100 100 240 900 920 5080 1300 210 380 280
20160821 3 4 1 6 10330 370 220 6140 1680 35830 8440 680 1220 780
20160821 4 6 5 1 690 260 150 2020 1150 6540 760 200 240 340
20160821 5 1 5 2 580 250 300 2480 980 5260 700 320 830 210
20160821 6 3 1 4 270 150 110 760 340 4870 2180 160 980 1290
20160821 7 3 1 6 420 100 110 620 250 1960 470 190 240 350
20160821 8 1 3 2 440 670 670 2270 1790 6280 330 280 170 130
20160821 9 4 2 5 210 100 110 940 460 9040 2400 160 1820 950
20160821 10 1 4 3 150 150 0 440 380 1000 340 200 100 250
20160821 11 1 2 6 150 100 160 350 290 1430 940 210 340 380
20160821 12 2 1 3 1860 180 100 3490 530 6040 380 260 480 100
20160822 1 1 4 2 130 100 180 720 580 1260 290 190 100 230
20160822 2 1 5 2 110 100 160 470 380 780 230 110 140 250
20160822 3 2 1 6 350 110 180 410 380 1730 440 200 270 110
20160822 4 1 2 4 460 140 150 1200 720 4320 1310 260 390 180
20160822 5 2 5 4 140 100 130 530 310 1200 370 150 170 280
20160822 6 6 2 5 220 100 100 790 320 3160 890 160 340 380
20160822 7 1 2 4 220 180 130 850 440 1570 510 200 130 400
20160822 8 3 2 4 550 150 120 1510 480 5760 1000 210 590 280
20160822 9 1 6 4 330 350 900 8020 7570 20630 2210 1080 270 910
20160822 10 1 4 5 190 100 330 1970 1750 3330 1140 350 120 330
20160822 11 3 1 6 370 160 110 1050 450 7710 2100 220 450 840
20160822 12 4 3 1 960 930 500 3450 1400 6250 290 250 160 100
20160823 1 3 1 6 410 140 270 1200 190 6390 1310 310 370 390
20160823 2 3 2 4 70 310 190 5930 2830 25510 1660 580 490 250
20160823 3 3 1 4 470 330 350 1070 490 2060 330 210 160 150
20160823 4 2 4 1 750 240 210 930 440 3540 490 180 330 190
20160823 5 2 1 4 360 210 210 2370 570 5110 510 310 420 160
20160823 6 1 2 3 100 100 120 460 300 1890 590 100 290 270
20160823 7 2 4 3 510 160 200 650 370 4980 1150 230 570 150
20160823 8 2 1 4 240 260 160 1680 710 2520 290 210 310 230
20160823 9 3 5 6 280 150 200 1450 680 7560 4510 190 1260 1400
20160823 10 6 3 4 1360 0 430 12120 4250 58870 6040 880 1380 220
20160823 11 1 5 6 280 210 480 2420 1070 9430 3570 200 420 840
20160823 12 1 3 5 260 280 210 460 440 2300 960 160 310 340
20160824 1 1 4 5 160 100 130 380 360 3440 2450 170 600 660
20160824 2 1 3 4 180 100 240 1020 860 1720 420 270 120 290
20160824 3 1 5 3 110 100 150 740 880 2030 810 200 190 280
20160824 4 2 1 4 310 260 130 1010 320 5230 790 200 400 120
20160824 5 2 4 6 160 200 160 510 350 8950 4980 210 1630 1110
20160824 6 5 6 2 330 330 200 7380 7520 82390 26730 1110 630 2490
20160824 7 2 3 4 760 280 280 2540 1500 4810 860 270 250 290
20160824 8 1 4 3 130 110 140 260 210 740 360 130 170 270
20160824 9 2 1 4 260 100 100 330 160 1270 280 100 170 110
20160824 10 1 2 3 250 100 110 280 260 660 340 150 250 280
20160824 11 1 3 5 100 100 150 520 530 1710 630 120 140 550
20160824 12 1 3 6 140 120 100 680 510 4390 1790 160 470 1130
20160902 1 1 6 5 160 100 360 2550 1360 4480 1400 370 130 910
20160902 2 6 5 1 280 170 350 1120 390 3590 680 190 180 360
20160902 3 3 4 5 260 130 240 1530 860 4260 1360 370 360 700
20160902 4 2 3 4 270 100 130 620 420 1700 700 140 260 440
20160902 5 6 1 3 730 270 110 1580 500 3760 310 170 180 120
20160902 6 2 1 6 850 340 270 4220 1880 13270 1260 630 360 150
20160902 7 3 5 4 120 110 430 540 560 1520 420 150 120 300
20160902 8 1 2 3 100 100 160 280 250 600 280 160 140 270
20160902 9 1 4 3 230 200 190 1640 1270 3220 330 260 130 150
20160902 10 2 4 1 240 130 250 790 470 2480 390 190 120 200
20160902 11 3 5 1 300 110 370 1070 630 2670 290 220 120 180
20160902 12 1 5 4 140 150 210 500 420 3180 920 200 390 570
20160903 1 2 1 3 340 150 100 510 240 940 230 110 160 160
20160903 2 3 4 2 150 100 190 380 320 760 230 130 100 230
20160903 3 2 3 5 410 120 100 480 260 1990 730 120 400 280
20160903 4 1 4 3 140 100 110 240 170 2260 990 130 480 540
20160903 5 6 1 2 230 130 290 730 440 1650 350 150 120 260
20160903 6 1 4 2 120 100 330 740 510 1080 230 140 110 200
20160903 7 1 6 2 140 110 170 520 400 1560 520 140 180 390
20160903 8 4 1 3 240 130 140 250 160 1790 800 130 360 520
20160903 9 5 1 4 380 170 260 2760 1210 6070 480 300 130 260
20160903 10 1 2 4 150 120 100 230 160 1080 530 110 260 320
20160903 11 1 3 4 100 100 280 420 410 2390 1280 290 350 1290
20160903 12 2 1 4 570 110 100 1040 170 1820 180 110 150 140
20160904 1 1 2 3 220 140 170 430 260 820 290 150 190 160
20160904 2 3 6 4 450 170 310 2270 1240 13050 2670 400 730 780
20160904 3 2 1 3 400 140 100 1610 250 10860 1460 150 510 290
20160904 4 6 1 2 160 310 410 1450 640 2040 240 230 120 130
20160904 5 2 4 3 140 100 200 360 290 890 350 160 180 360
20160904 6 3 2 6 200 130 260 2500 1720 6800 1630 400 220 670
20160904 7 6 1 2 200 120 130 410 170 910 220 110 180 150
20160904 8 1 3 5 150 120 200 540 340 860 230 170 110 180
20160904 9 1 5 2 170 140 110 350 180 870 280 110 180 140
20160904 10 1 4 3 130 100 140 250 190 660 290 110 180 180
20160904 11 3 1 4 1080 660 100 5360 1470 38880 3290 440 1050 270
20160904 12 1 5 4 110 190 600 2260 2110 8000 1340 450 160 450
20160905 1 4 3 2 610 270 510 4700 2400 16640 1220 420 230 400
20160905 2 1 3 6 140 140 140 430 320 2050 740 130 370 200
20160905 3 6 3 1 440 280 410 3560 1550 7580 320 260 120 180
20160905 4 5 2 1 180 140 300 940 960 3560 600 230 210 400
20160905 5 3 1 5 160 220 110 2440 560 3960 360 210 230 120
20160905 6 1 2 4 150 100 100 230 150 1170 460 120 380 300
20160905 7 2 3 6 130 100 130 230 220 650 410 110 160 280
20160905 8 2 3 6 810 260 110 2260 610 8400 1060 280 700 210
20160905 9 1 5 4 260 140 180 570 420 830 180 130 120 130
20160905 10 1 3 5 120 100 160 390 280 1130 650 170 340 490
20160905 11 1 5 4 100 100 100 310 260 1000 380 140 150 270
20160905 12 1 4 2 180 110 140 440 310 1820 520 170 250 410
20160906 1 1 3 2 130 110 210 470 410 1140 300 230 140 350
20160906 2 2 1 4 190 100 160 960 420 1470 270 180 120 130
20160906 3 1 3 4 160 140 410 790 740 1400 300 250 120 260
20160906 4 1 4 3 240 280 320 1550 940 2750 400 150 160 150
20160906 5 3 4 2 160 130 180 240 160 780 340 120 170 250
20160906 6 4 1 5 400 110 160 940 510 4260 1590 190 310 620
20160906 7 4 2 3 380 150 100 900 370 1850 270 150 120 170
20160906 8 3 1 6 120 100 170 300 190 4430 1930 140 530 990
20160906 9 1 3 2 140 100 140 300 250 1010 400 120 170 340
20160906 10 1 4 2 100 100 240 540 480 1170 280 130 110 230
20160906 11 1 3 2 100 110 130 270 260 510 170 110 100 190
20160906 12 2 1 3 480 130 100 800 170 1700 280 120 280 180
20160907 1 2 1 5 180 170 160 400 150 1550 470 150 380 300
20160907 2 1 3 6 220 110 150 360 240 6890 2400 170 1040 970
20160907 3 1 2 3 140 120 140 270 230 840 320 160 220 230
20160907 4 3 2 6 570 170 100 700 250 6750 1610 170 810 510
20160907 5 2 3 4 250 130 190 2100 1430 4090 720 500 150 220
20160907 6 3 4 1 210 210 200 1430 690 2120 210 110 100 130
20160907 7 1 2 3 420 220 130 760 430 2880 960 230 550 300
20160907 8 2 3 4 340 140 100 1220 410 1810 140 150 120 110
20160907 9 3 2 5 260 200 220 1740 850 9760 3240 330 630 1080
20160907 10 1 2 5 140 100 160 340 240 820 290 150 180 350
20160907 11 1 3 5 140 110 100 440 320 1840 1030 160 280 600
20160907 12 1 2 6 140 100 180 290 260 2460 1420 150 540 1060
20160919 1 1 2 5 240 100 150 320 360 3600 1520 180 360 770
20160919 2 1 4 2 130 100 100 330 200 880 290 110 260 280
20160919 3 5 1 2 1310 330 100 6100 1670 20660 1020 290 1010 380
20160919 4 1 2 6 450 140 110 1010 470 32320 6280 190 5320 5320
20160919 5 3 1 4 430 100 100 560 250 1490 350 100 240 270
20160919 6 3 1 4 580 0 110 3010 290 15770 1160 180 710 370
20160919 7 1 2 5 270 150 300 1030 760 3160 950 680 270 270
20160919 8 3 4 6 320 120 340 820 620 3850 1840 540 330 3030
20160919 9 2 6 1 350 640 1210 3810 4010 13540 1130 630 360 360
20160919 10 2 3 6 300 210 240 820 800 6000 1360 200 380 890
20160919 11 3 1 6 940 190 100 2590 1080 11800 1020 210 770 530
20160919 12 4 1 5 1310 220 100 3060 620 21410 1880 240 1640 590
20160920 1 5 2 4 190 200 140 750 600 2470 590 220 240 290
20160920 2 3 1 5 210 130 250 800 370 8390 3350 190 930 1150
20160920 3 1 2 3 120 140 600 720 590 1780 690 260 170 600
20160920 4 1 2 3 160 100 110 310 250 530 150 120 170 200
20160920 5 1 2 6 210 120 160 370 220 1050 310 120 290 170
20160920 6 3 1 5 180 120 160 470 290 2830 1370 210 350 310
20160920 7 1 3 6 150 100 110 330 360 1300 560 140 280 410
20160920 8 2 1 4 470 120 150 680 510 1670 200 260 130 140
20160920 9 5 4 1 240 170 210 2530 2310 11840 600 610 150 370
20160920 10 3 1 4 2280 260 140 3410 450 12340 1480 340 670 260
20160920 11 3 4 2 1130 370 420 3380 1710 19230 1810 430 380 360
20160920 12 1 3 4 220 160 180 430 320 1300 280 130 180 130
20160921 1 1 3 2 250 100 210 580 470 1540 330 140 100 260
20160921 2 2 3 1 560 370 670 2830 1080 11980 1520 380 310 590
20160921 3 3 2 5 750 260 160 3350 1140 79410 12260 240 4200 1450
20160921 4 4 6 1 180 110 600 9690 20960 52080 7150 2470 200 760
20160921 5 1 5 3 190 130 300 570 500 1890 550 140 320 590
20160921 6 4 1 3 250 200 150 670 440 2220 530 150 250 320
20160921 7 2 1 3 150 100 100 480 110 930 210 140 100 330
20160921 8 1 2 6 170 150 150 420 300 1020 360 170 210 290
20160921 9 4 6 2 380 180 180 810 910 4680 1240 650 190 1000
20160921 10 1 2 4 450 150 220 380 270 990 490 180 290 410
20160921 11 1 3 6 100 100 260 660 740 6430 3690 460 460 4750
20160921 12 3 1 4 3070 0 110 2480 370 13000 870 150 1120 100
20160922 1 1 4 6 180 110 200 940 840 12170 2880 250 1800 1410
20160922 2 5 3 6 270 120 260 1500 420 2780 710 230 240 250
20160922 3 6 3 5 16650 0 110 2410 760 22470 2220 300 1470 570
20160922 4 1 3 2 140 120 260 310 280 550 160 120 110 210
20160922 5 3 2 4 3170 2400 650 5220 1070 13140 1810 400 1070 270
20160922 6 4 1 3 710 150 100 3180 970 16010 1890 220 350 310
20160922 7 1 5 3 260 100 140 390 330 760 180 120 160 190
20160922 8 1 2 4 100 100 160 310 410 1330 750 190 130 940
20160922 9 1 2 3 240 110 100 550 300 1190 280 240 220 180
20160922 10 1 3 2 200 130 200 700 690 4260 890 170 280 300
20160922 11 2 1 3 1420 280 100 2500 460 5880 650 190 1060 110
20160922 12 1 6 2 130 100 450 1410 810 4110 1090 270 100 490
20160923 1 1 4 6 140 150 180 950 680 3330 1570 260 190 550
20160923 2 1 4 2 300 260 260 600 390 1570 390 110 190 300
20160923 3 2 4 3 390 310 190 760 360 2210 470 140 320 270
20160923 4 4 6 2 430 190 170 1080 950 8870 1820 430 640 600
20160923 5 1 3 2 180 650 540 640 630 1750 400 280 210 370
20160923 6 3 4 5 160 150 170 520 410 1260 600 170 300 450
20160923 7 3 4 1 170 140 140 870 690 2810 510 260 150 280
20160923 8 3 4 6 130 170 100 380 170 970 260 150 250 160
20160923 9 3 1 4 320 150 150 640 540 2150 570 230 240 240
20160923 10 1 3 2 140 100 160 420 270 1150 470 120 170 350
20160923 11 1 5 6 200 130 560 2530 1980 14820 7880 320 600 1140
20160923 12 1 3 4 100 100 210 370 210 950 470 130 250 440
20160924 1 4 2 1 3250 350 210 5550 1720 9660 240 180 160 130
20160924 2 3 1 2 390 150 160 1300 280 5130 900 170 480 450
20160924 3 1 2 3 320 160 160 780 210 3570 800 190 320 440
20160924 4 1 4 2 140 100 100 380 370 710 190 200 140 250
20160924 5 1 2 4 140 100 100 360 200 570 120 120 110 100
20160924 6 3 5 1 330 190 310 1530 870 3910 710 420 290 250
20160924 7 1 2 3 210 190 190 370 220 1380 380 200 260 190
20160924 8 2 1 4 220 150 160 1190 450 3020 260 140 200 170
20160924 9 1 3 5 170 130 100 480 570 2240 1110 210 220 800
20160924 10 2 3 1 210 180 410 1330 1140 2900 250 270 160 150
20160924 11 3 1 2 690 130 100 2720 510 10010 540 190 370 180
20160924 12 1 2 5 130 130 330 340 380 1860 910 230 520 660
20160928 1 1 4 2 420 130 260 1230 690 1820 270 200 100 180
20160928 2 1 3 4 230 110 190 1300 780 4870 2190 210 240 490
20160928 3 1 4 5 280 100 100 580 510 1930 610 160 530 240
20160928 4 1 4 2 460 280 220 860 460 1360 250 140 100 120
20160928 5 1 2 3 260 110 100 460 470 1360 590 130 190 180
20160928 6 1 4 3 200 230 330 1410 870 3480 790 190 290 240
20160928 7 1 2 6 200 140 100 660 390 2790 1720 310 230 310
20160928 8 2 1 3 130 100 160 420 230 770 260 160 140 160
20160928 9 3 1 2 260 140 150 730 240 1490 230 100 160 180
20160928 10 2 1 6 1050 160 100 1270 340 4350 550 130 370 160
20160928 11 5 2 4 2770 120 160 4500 3910 28930 5540 840 1100 510
20160928 12 1 2 3 120 180 300 460 300 1320 540 290 350 1170
20160929 1 3 1 2 390 170 100 1590 280 3670 330 160 260 220
20160929 2 2 3 6 130 100 200 740 430 4060 2730 230 1300 5000
20160929 3 1 4 6 150 100 100 290 240 880 510 100 250 340
20160929 4 1 3 2 110 130 390 750 720 4650 1680 250 230 520
20160929 5 1 3 2 170 100 260 450 490 1080 330 110 170 190
20160929 6 6 2 5 2020 370 220 1440 720 8140 770 200 520 160
20160929 7 6 1 2 1270 260 130 5310 2290 17370 1670 320 830 270
20160929 8 2 1 4 200 100 170 390 150 560 280 240 250 120
20160929 9 4 1 5 210 100 100 720 370 2010 420 170 180 150
20160929 10 1 2 3 100 150 0 500 630 1310 330 180 100 220
20160929 11 3 4 1 430 520 520 4300 2170 7950 550 460 300 200
20160929 12 1 4 5 150 150 180 450 190 2540 1090 190 430 1600
20160930 1 2 1 3 150 110 120 520 480 1390 560 130 170 170
20160930 2 3 1 5 350 300 180 530 280 2960 930 150 280 560
20160930 3 1 6 2 650 970 370 1100 620 3370 530 310 310 250
20160930 4 3 4 6 660 210 250 1220 340 2990 400 340 400 230
20160930 5 1 3 4 190 120 100 380 310 740 280 160 150 190
20160930 6 1 2 3 210 170 280 660 640 2300 710 190 220 300
20160930 7 4 2 6 70 370 170 4740 1430 17200 2780 510 200 950
20160930 8 4 6 2 70 410 750 6020 2830 17830 1480 490 320 580
20160930 9 3 4 2 150 120 270 590 440 4450 1420 260 160 560
20160930 10 3 2 5 180 230 270 650 390 1800 640 160 260 240
20160930 11 1 6 2 100 110 450 1900 1890 4150 780 210 140 850
20160930 12 2 1 4 290 160 100 1090 280 5070 900 160 240 240
20161001 1 2 1 3 340 120 110 660 220 1690 280 250 320 170
20161001 2 4 3 5 1150 210 120 720 270 720 100 100 100 100
20161001 3 4 3 2 960 330 150 1780 580 4760 450 190 310 140
20161001 4 4 2 1 780 240 360 4180 1640 15050 470 330 150 490
20161001 5 2 1 5 110 160 170 630 500 3220 810 190 290 620
20161001 6 2 3 5 750 260 150 1540 370 5450 1240 460 920 400
20161001 7 1 4 5 100 130 220 740 520 1220 460 150 140 290
20161001 8 3 2 5 160 100 130 350 190 990 390 150 240 310
20161001 9 3 1 2 730 310 140 1140 490 3110 430 170 550 180
20161001 10 2 3 5 540 210 300 3030 1150 7170 2320 360 420 420
20161001 11 2 1 4 360 200 100 1410 280 5280 870 120 920 230
20161001 12 1 2 4 100 100 370 200 250 820 540 120 210 280
20161002 1 1 5 3 130 100 240 1400 980 5530 1150 250 200 460
20161002 2 1 2 5 230 120 230 1270 700 3120 640 250 240 140
20161002 3 1 2 4 130 100 180 230 380 1610 460 220 150 270
20161002 4 3 2 4 900 410 150 1650 340 2420 380 210 140 220
20161002 5 1 2 5 150 100 150 560 460 1980 650 340 290 510
20161002 6 4 3 1 120 160 450 1310 850 3940 760 230 190 400
20161002 7 1 4 3 270 200 600 1710 1270 3150 420 180 110 220
20161002 8 1 3 4 120 100 260 320 310 790 440 210 170 210
20161002 9 3 4 6 480 600 600 2460 1050 15420 4400 560 750 920
20161002 10 2 1 6 210 130 150 930 360 3420 1160 280 460 790
20161002 11 1 3 6 110 130 280 700 690 3420 1210 190 270 880
20161002 12 1 2 3 140 100 270 520 400 1500 610 240 190 420
20161006 1 2 1 5 350 100 100 1150 330 5260 1440 160 460 280
20161006 2 1 2 3 120 100 130 240 190 450 170 110 170 170
20161006 3 2 1 6 140 120 180 1080 500 5020 1780 210 320 350
20161006 4 1 3 2 160 150 150 470 310 1830 500 140 250 400
20161006 5 1 5 3 380 130 350 3850 3580 22010 2970 850 340 730
20161006 6 6 1 4 190 120 130 1650 450 2850 360 230 170 170
20161006 7 1 3 4 100 100 200 220 220 540 320 130 160 210
20161006 8 1 3 6 340 170 100 460 240 2530 680 160 540 340
20161006 9 1 2 3 220 100 140 390 240 950 300 230 130 240
20161006 10 1 2 3 140 120 160 640 440 1080 240 180 110 110
20161006 11 1 2 5 210 100 150 370 280 1260 620 380 390 420
20161006 12 1 3 5 160 130 100 380 220 1430 790 140 430 350
20161007 1 4 5 2 310 160 540 3190 2330 16850 4350 370 350 890
20161007 2 5 1 2 2550 1500 100 5220 870 16150 470 300 430 140
20161007 3 6 5 1 1050 230 590 21310 3790 48090 3590 430 420 240
20161007 4 4 1 5 900 280 240 1630 530 3210 320 200 180 130
20161007 5 2 3 4 640 200 120 5500 1090 16180 1980 420 830 280
20161007 6 1 3 2 160 1560 570 1920 2000 6460 1010 530 200 210
20161007 7 3 1 6 460 190 110 2320 750 4320 400 190 180 200
20161007 8 4 2 5 130 200 150 560 470 2360 1340 170 250 620
20161007 9 3 1 2 750 100 100 1420 510 5560 710 210 350 400
20161007 10 2 1 6 280 130 120 510 200 2890 870 100 680 360
20161007 11 1 3 2 130 100 130 990 640 3450 870 430 200 640
20161007 12 5 1 4 1110 180 110 2310 580 5210 410 290 340 130
20161008 1 1 4 5 140 100 300 950 550 1760 580 190 130 430
20161008 2 3 4 5 220 160 170 700 500 2360 900 230 280 450
20161008 3 5 1 4 540 140 150 2460 1440 8510 1150 360 470 380
20161008 4 1 5 2 300 120 120 4690 1510 34610 7180 750 800 1650
20161008 5 4 6 3 550 330 120 1360 470 3430 420 180 230 150
20161008 6 4 2 1 820 290 140 1480 390 4740 450 170 280 130
20161008 7 2 1 4 220 110 110 330 270 750 330 100 160 240
20161008 8 3 1 4 490 150 100 640 120 1330 280 110 270 200
20161008 9 5 1 6 400 180 100 1330 380 8450 3320 340 810 2880
20161008 10 5 1 4 400 170 120 1130 380 2150 220 170 150 130
20161008 11 1 2 3 170 100 150 230 230 1210 400 130 260 220
20161008 12 3 5 6 830 1120 520 14750 7630 44240 7980 850 1880 1430
20161009 1 3 1 5 680 100 100 1080 340 3560 660 150 370 330
20161009 2 1 3 2 140 100 130 210 180 690 260 130 130 210
20161009 3 1 3 6 100 100 150 410 280 2960 1450 190 750 500
20161009 4 1 5 6 140 100 330 1460 1710 6350 4050 550 230 1620
20161009 5 3 2 4 320 250 250 1620 780 4360 1230 350 240 310
20161009 6 3 5 1 320 130 130 820 460 2390 390 130 140 260
20161009 7 1 5 3 200 170 150 7160 4270 27490 2260 4130 150 750
20161009 8 1 6 2 170 120 200 320 330 600 150 120 120 160
20161009 9 2 5 1 330 250 250 870 450 6210 1400 150 460 310
20161009 10 4 1 5 330 120 100 540 230 2220 690 130 180 310
20161009 11 1 2 5 130 100 150 360 210 1030 480 170 280 420
20161009 12 4 1 3 350 130 120 750 230 3880 680 130 380 400
20161010 1 1 2 3 110 110 270 290 240 740 360 130 120 320
20161010 2 4 5 2 190 150 230 870 500 2490 720 180 300 410
20161010 3 1 2 4 220 260 0 1410 950 4870 1210 340 390 950
20161010 4 4 2 5 120 120 130 320 230 570 190 140 160 190
20161010 5 6 1 2 450 230 230 2030 690 4910 840 240 270 330
20161010 6 4 5 1 160 180 370 1320 1380 3760 890 360 190 560
20161010 7 1 4 5 240 180 220 270 190 750 300 140 150 210
20161010 8 4 2 6 110 110 260 1540 710 5580 1960 170 270 1250
20161010 9 1 4 6 130 100 150 480 320 2690 1500 180 430 740
20161010 10 1 2 5 160 100 120 210 180 780 440 130 270 380
20161010 11 1 5 2 140 100 160 450 520 1230 440 190 190 350
20161010 12 1 4 3 150 120 190 430 350 1290 520 160 160 340
20161011 1 3 2 6 1250 340 210 2040 500 6770 1550 240 970 220
20161011 2 2 1 3 240 100 100 400 210 860 250 150 150 210
20161011 3 1 3 4 250 110 400 580 400 1290 450 170 140 200
20161011 4 1 3 4 160 150 210 2080 650 4490 780 250 160 290
20161011 5 4 2 3 350 240 120 1870 970 6790 1720 390 400 560
20161011 6 1 5 3 270 100 100 330 230 670 220 120 190 180
20161011 7 1 4 5 180 220 140 540 600 1440 680 290 250 250
20161011 8 3 1 4 160 120 210 790 340 1740 520 200 110 390
20161011 9 1 3 4 160 140 310 550 460 2820 1840 300 490 510
20161011 10 5 6 1 1450 840 450 5720 7710 32610 2570 570 210 510
20161011 11 1 2 6 110 100 150 390 300 2240 1060 180 290 910
20161011 12 2 1 6 240 140 110 560 260 3230 1250 180 550 610
20161015 1 1 3 4 120 100 100 330 320 1030 380 230 350 410
20161015 2 1 3 4 250 220 820 2120 1020 5640 1760 250 270 1270
20161015 3 4 1 3 260 0 180 1680 870 4930 530 140 250 110
20161015 4 1 4 2 150 180 600 1540 1000 4560 560 410 290 310
20161015 5 1 3 2 110 110 120 410 290 790 270 180 150 250
20161015 6 3 1 2 220 120 330 1190 800 3960 660 280 240 350
20161015 7 1 6 3 100 100 0 590 540 2510 800 190 150 530
20161015 8 3 1 2 270 100 170 300 170 780 280 120 140 210
20161015 9 2 3 5 340 180 260 2480 2040 19010 2110 670 630 1110
20161015 10 2 5 4 540 300 300 2250 1140 10000 1970 340 340 130
20161015 11 3 4 2 370 200 450 3070 2570 13310 2520 420 420 690
20161015 12 1 2 4 140 100 100 260 230 940 480 100 260 420
20161016 1 1 6 3 260 130 160 1430 1150 4900 1010 330 240 210
20161016 2 6 3 1 280 100 140 1490 450 2050 260 150 130 100
20161016 3 1 5 4 180 130 190 1550 780 3750 1140 250 240 1110
20161016 4 4 6 2 710 680 680 3830 7010 12270 1140 650 190 470
20161016 5 1 2 6 130 100 100 210 170 520 260 130 180 240
20161016 6 6 3 1 250 160 170 1060 480 2020 220 180 150 130
20161016 7 2 3 5 230 220 220 900 480 1440 240 180 120 110
20161016 8 2 1 3 450 230 560 2070 470 3190 330 210 110 200
20161016 9 4 3 5 1910 280 280 7090 1660 19120 2320 800 220 630
20161016 10 1 3 5 150 100 100 200 140 480 250 110 200 140
20161016 11 1 2 4 120 140 410 260 250 1650 690 150 240 320
20161016 12 1 4 2 140 100 200 780 750 1950 350 220 140 240
20161017 1 1 2 6 450 180 140 1990 1640 14700 3780 310 720 390
20161017 2 3 1 4 3000 160 100 3380 450 9560 540 180 240 190
20161017 3 6 5 1 750 410 0 3150 1130 5230 540 380 150 250
20161017 4 5 2 4 520 180 250 2750 850 8450 780 220 280 240
20161017 5 4 1 3 340 160 120 1340 540 2230 390 230 160 180
20161017 6 5 2 4 1770 360 170 9260 1620 21680 810 470 400 160
20161017 7 1 3 2 300 100 120 1000 480 1710 360 190 130 150
20161017 8 3 2 4 260 380 540 5140 2320 9170 670 830 240 380
20161017 9 1 5 2 490 160 260 3500 2260 14030 2670 710 1340 1340
20161017 10 5 6 4 690 190 0 3590 5460 19260 4080 1530 600 2020
20161017 11 2 1 3 910 200 110 1180 400 4620 610 580 670 460
20161017 12 1 6 3 150 100 410 730 720 2630 1270 130 190 1440
20161018 1 3 2 4 930 1050 0 4430 1660 10310 1960 180 410 210
20161018 2 1 5 3 270 110 140 3270 3360 8030 750 490 280 200
20161018 3 2 3 4 290 110 180 1780 1710 7900 2580 610 210 1680
20161018 4 1 3 2 170 130 120 500 290 1260 450 140 170 180
20161018 5 3 5 1 370 200 100 1060 620 3690 540 180 230 230
20161018 6 2 3 4 330 150 480 620 830 2250 590 440 220 330
20161018 7 2 6 3 160 120 0 370 490 1430 400 210 110 270
20161018 8 2 4 5 300 140 200 710 320 1540 550 160 310 290
20161018 9 1 4 6 390 110 140 940 580 4870 1630 120 330 340
20161018 10 2 1 6 260 130 100 740 310 7280 2480 210 1260 710
20161018 11 3 1 4 2920 0 100 3040 600 10530 500 310 410 190
20161018 12 1 2 4 140 170 480 420 370 810 330 140 140 250
20161019 1 3 1 4 240 210 130 1120 320 2120 320 150 280 170
20161019 2 1 2 3 240 100 100 160 230 680 370 120 230 190
20161019 3 1 3 5 260 140 240 870 740 2040 480 260 250 160
20161019 4 1 2 4 330 150 160 1170 550 1970 400 140 240 240
20161019 5 4 1 5 300 150 150 1360 390 4080 1190 230 380 220
20161019 6 3 4 2 1050 520 150 2580 1660 7280 800 690 860 550
20161019 7 3 1 4 200 260 160 710 260 1390 170 130 150 100
20161019 8 2 4 1 520 190 140 760 270 3270 400 110 390 160
20161019 9 2 1 3 340 110 100 960 290 2410 350 120 290 150
20161019 10 2 4 5 310 320 570 2830 2380 11820 2850 280 590 1270
20161019 11 1 3 2 110 110 150 370 370 1120 270 200 100 510
20161019 12 3 1 2 390 180 110 1180 390 3840 250 160 190 160
20161020 1 1 3 6 390 100 100 730 250 6200 1470 240 1770 450
20161020 2 1 4 2 170 130 140 330 270 890 270 130 110 200
20161020 3 4 2 6 330 120 130 560 250 1080 350 170 220 140
20161020 4 2 3 4 250 160 100 850 610 4630 1090 260 810 460
20161020 5 3 2 1 410 120 140 1510 510 3740 320 210 110 100
20161020 6 2 1 3 120 140 120 640 210 1920 420 100 280 170
20161020 7 2 3 1 1270 450 150 2170 660 10190 1170 430 460 220
20161020 8 2 1 4 300 200 510 720 460 1190 200 150 120 110
20161020 9 1 2 4 200 200 410 490 390 1550 650 120 210 310
20161020 10 1 2 6 170 100 190 520 300 4960 3690 230 460 1750
20161020 11 2 5 4 630 1200 0 9180 5570 39880 4840 460 240 670
20161020 12 3 1 2 1340 360 100 1740 470 4990 380 130 390 130
20161025 1 3 4 6 270 140 160 850 490 3380 1220 230 290 820
20161025 2 5 2 6 550 430 290 4050 1330 11260 1560 380 520 380
20161025 3 1 2 5 160 120 140 720 510 2780 1110 360 230 600
20161025 4 1 4 5 160 140 190 440 300 3210 1110 140 340 310
20161025 5 1 6 3 120 100 150 480 340 1260 480 190 220 430
20161025 6 1 4 3 200 130 260 850 720 5590 2510 220 510 550
20161025 7 1 2 3 160 110 120 360 260 1060 390 160 180 280
20161025 8 3 2 6 490 130 170 1520 950 15080 5980 220 650 1010
20161025 9 3 4 2 250 200 370 1620 1250 5580 920 360 260 420
20161025 10 3 4 2 320 200 320 3080 2090 10320 1250 600 190 370
20161025 11 1 3 4 140 120 350 520 400 1870 820 220 210 310
20161025 12 1 3 5 270 190 210 1330 1060 6400 2600 400 490 560
20161026 1 1 2 4 110 150 360 610 360 2230 1210 270 200 580
20161026 2 2 4 3 420 130 190 1390 850 6100 1390 260 380 480
20161026 3 3 4 6 530 250 310 1900 1420 4480 1040 410 290 400
20161026 4 1 6 4 200 140 630 1450 1640 4040 680 310 170 300
20161026 5 1 5 6 210 130 190 710 580 5250 2360 220 620 720
20161026 6 5 2 6 2960 530 170 9220 3660 72410 7650 790 1530 1390
20161026 7 1 5 4 150 120 190 690 610 3530 1060 260 240 430
20161026 8 3 6 2 610 170 100 1550 910 8910 1420 300 460 610
20161026 9 1 2 5 130 160 250 640 530 1950 710 220 150 590
20161026 10 1 2 3 140 100 140 290 180 1450 580 120 210 380
20161026 11 1 5 6 120 110 310 540 440 3330 1830 230 560 820
20161026 12 2 1 4 410 140 100 780 250 1890 280 140 240 120
20161027 1 5 4 1 1860 1270 300 14770 4140 42090 1530 560 450 190
20161027 2 1 4 2 180 100 170 770 580 1970 490 270 140 270
20161027 3 2 3 5 500 280 210 1510 790 5400 1150 240 480 260
20161027 4 4 3 1 3230 400 370 14780 3390 55720 1470 810 490 170
20161027 5 4 3 5 850 550 290 4370 1580 18090 2220 390 780 410
20161027 6 1 6 4 110 150 780 1310 1330 4250 1270 430 180 470
20161027 7 3 4 2 940 400 450 7660 2830 38430 3270 720 440 510
20161027 8 1 4 6 140 150 270 1500 970 5210 2170 390 230 780
20161027 9 3 5 6 710 390 630 7000 3880 29320 5420 830 600 1690
20161027 10 2 3 4 370 240 320 3090 2220 15560 2940 500 480 800
20161027 11 1 3 4 150 120 140 410 250 1080 380 130 140 180
20161027 12 1 5 3 140 100 140 570 520 2380 880 180 210 410
20161028 1 3 4 1 310 160 240 1440 820 3350 450 200 150 200
20161028 2 4 2 6 330 180 260 1840 910 10820 2940 320 780 1510
20161028 3 6 5 4 670 330 280 4520 1830 8910 800 450 480 320
20161028 4 1 6 3 240 130 340 1330 1100 4650 1020 310 270 420
20161028 5 2 1 4 260 130 170 590 310 1200 290 160 130 150
20161028 6 1 3 5 220 140 220 440 360 1320 600 150 310 280
20161028 7 2 3 1 210 170 350 1270 770 4880 650 260 170 340
20161028 8 2 5 6 300 280 110 780 570 2460 1040 210 450 480
20161028 9 4 6 3 680 220 290 1850 1110 3560 430 300 200 160
20161028 10 1 2 4 170 120 270 660 560 1410 390 190 120 230
20161028 11 6 2 1 1610 490 240 6310 3000 21670 860 410 240 210
20161028 12 2 3 1 630 210 150 2100 910 2250 110 110 100 100
