1 2 210
1 3 189
1 4 282
1 5 296
1 6 249
1 7 254
1 8 210
1 9 224
1 10 296
1 11 380
1 12 347
1 13 518
1 14 2050
1 15 1505
1 16 1996
1 17 4310
1 18 6468
1 19 0
2 3 221
2 4 241
2 5 197
2 6 229
2 7 186
2 8 225
2 9 260
2 10 311
2 11 388
2 12 389
2 13 892
2 14 2285
2 15 1128
2 16 1555
2 17 3461
2 18 6421
2 19 1294
3 4 256
3 5 191
3 6 240
3 7 225
3 8 204
3 9 263
3 10 240
3 11 421
3 12 397
3 13 1757
3 14 887
3 15 1650
3 16 2218
3 17 4974
3 18 4480
3 20 0
3 24 0
4 5 283
4 6 205
4 7 247
4 8 174
4 9 241
4 10 264
4 11 337
4 12 411
4 13 1103
4 14 878
4 15 1514
4 16 1517
4 17 5273
4 18 5311
4 19 0
5 6 264
5 7 224
5 8 234
5 9 296
5 10 203
5 11 387
5 12 402
5 13 751
5 14 1353
5 15 1701
5 16 1461
5 17 6035
5 18 3372
5 20 0
6 7 227
6 8 222
6 9 265
6 10 283
6 11 309
6 12 479
6 13 773
6 14 1416
6 15 982
6 16 1224
6 17 3146
6 18 8927
6 19 347
7 8 247
7 9 280
7 10 222
7 11 323
7 12 473
7 13 922
7 14 1814
7 15 1440
7 16 1890
7 17 3816
7 18 7249
7 19 0
8 9 306
8 10 237
8 11 292
8 12 538
8 13 504
8 14 1135
8 15 1271
8 16 1773
8 17 8099
8 18 4543
8 20 0
9 10 257
9 11 449
9 12 365
9 13 1765
9 14 1371
9 15 1757
9 16 1400
9 17 4869
9 18 8268
9 19 462
9 20 0
10 11 328
10 12 361
10 13 1168
10 14 1168
10 15 2330
10 16 1966
10 17 8993
10 18 4728
10 20 0
11 12 643
11 13 803
11 14 1922
11 15 1011
11 16 1690
11 17 3794
11 18 7174
11 19 303
11 20 0
12 13 693
12 14 881
12 15 1630
12 16 1548
12 17 8793
12 18 4276
12 20 0
13 14 989
13 15 1930
13 16 2544
13 17 4248
13 18 11243
13 19 0
13 20 0
14 15 1218
14 16 1408
14 17 3522
14 18 5142
15 16 2334
15 17 3753
15 18 5700
15 19 0
15 20 0
16 17 6732
16 18 4872
16 19 0
17 18 6036
17 19 0
17 20 469
20 24 0
