1 2 3 310
1 2 4 403
1 2 5 486
1 2 6 366
1 3 2 317
1 3 4 429
1 3 5 475
1 3 6 535
1 4 2 354
1 4 3 400
1 4 5 604
1 4 6 644
1 5 2 611
1 5 3 610
1 5 4 891
1 5 6 765
1 6 2 941
1 6 3 896
1 6 4 990
1 6 5 1319
2 1 3 534
2 1 4 597
2 1 5 739
2 1 6 750
2 3 1 784
2 3 4 1109
2 3 5 1077
2 3 6 1307
2 4 1 1022
2 4 3 1091
2 4 5 1605
2 4 6 1987
2 5 1 1559
2 5 3 1855
2 5 4 2925
2 5 6 2261
2 6 1 1758
2 6 3 1851
2 6 4 2546
2 6 5 2905
3 1 2 805
3 1 4 632
3 1 5 1093
3 1 6 850
3 2 1 1147
3 2 4 1285
3 2 5 1132
3 2 6 1586
3 4 1 1063
3 4 2 1756
3 4 5 1251
3 4 6 1839
3 5 1 1348
3 5 2 2191
3 5 4 1946
3 5 6 2358
3 6 1 2119
3 6 2 2462
3 6 4 2484
3 6 5 2230
4 1 2 820
4 1 3 1037
4 1 5 1672
4 1 6 844
4 2 1 1023
4 2 3 2067
4 2 5 1622
4 2 6 1721
4 3 1 1621
4 3 2 1465
4 3 5 1736
4 3 6 2453
4 5 1 1200
4 5 2 1691
4 5 3 2041
4 5 6 1919
4 6 1 2337
4 6 2 1990
4 6 3 2483
4 6 5 4956
5 1 2 1085
5 1 3 1669
5 1 4 1673
5 1 6 1580
5 2 1 2223
5 2 3 2647
5 2 4 2777
5 2 6 3985
5 3 1 2207
5 3 2 2508
5 3 4 3131
5 3 6 2503
5 4 1 2002
5 4 2 2592
5 4 3 3762
5 4 6 3408
5 6 1 2760
5 6 2 4131
5 6 3 10299
5 6 4 3823
6 1 2 1972
6 1 3 2803
6 1 4 3001
6 1 5 3285
6 2 1 2406
6 2 3 3424
6 2 4 3094
6 2 5 4305
6 3 1 3200
6 3 2 4910
6 3 4 3599
6 3 5 4144
6 4 1 4556
6 4 2 3455
6 4 3 3949
6 4 5 4411
6 5 1 4597
6 5 2 7463
6 5 3 6658
6 5 4 5644
