1 2 3 174
1 2 4 192
1 2 5 158
1 3 2 183
1 3 4 275
1 3 5 320
1 4 2 309
1 4 3 289
1 4 5 339
1 5 2 276
1 5 3 371
1 5 4 341
1 5 5 641
2 1 3 268
2 1 4 381
2 1 5 253
2 3 1 419
2 3 4 1431
2 3 5 594
2 4 1 625
2 4 3 713
2 4 5 751
2 5 1 531
2 5 3 911
2 5 4 845
2 5 5 1382
3 1 2 487
3 1 4 688
3 1 5 566
3 2 1 471
3 2 4 1101
3 2 5 717
3 4 1 967
3 4 2 1227
3 4 5 1056
3 5 1 1083
3 5 2 955
3 5 4 1488
3 5 5 1515
4 1 2 535
4 1 3 982
4 1 5 797
4 2 1 704
4 2 3 1219
4 2 5 917
4 3 1 1184
4 3 2 1126
4 3 5 1886
4 5 1 2219
4 5 2 1643
4 5 3 1757
4 5 5 2001
5 1 2 958
5 1 3 976
5 1 4 1534
5 1 5 1736
5 2 1 1108
5 2 3 1374
5 2 4 2459
5 2 5 3218
5 3 1 1337
5 3 2 1941
5 3 4 2672
5 3 5 2920
5 4 1 2186
5 4 2 2159
5 4 3 2027
5 4 5 3225
5 5 1 3060
5 5 2 2263
5 5 3 4125
5 5 4 3965
