1 2 3 435
1 2 4 627
1 2 5 556
1 2 6 589
1 3 2 586
1 3 4 620
1 3 5 608
1 3 6 693
1 4 2 592
1 4 3 608
1 4 5 696
1 4 6 667
1 5 2 587
1 5 3 704
1 5 4 1092
1 5 6 766
1 6 2 907
1 6 3 897
1 6 4 931
1 6 5 1323
2 1 3 555
2 1 4 734
2 1 5 872
2 1 6 695
2 3 1 808
2 3 4 1109
2 3 5 1103
2 3 6 1243
2 4 1 1019
2 4 3 870
2 4 5 1264
2 4 6 1987
2 5 1 1267
2 5 3 1248
2 5 4 2928
2 5 6 1936
2 6 1 1627
2 6 3 1674
2 6 4 1592
2 6 5 1932
3 1 2 860
3 1 4 733
3 1 5 927
3 1 6 849
3 2 1 1103
3 2 4 1098
3 2 5 1132
3 2 6 1587
3 4 1 936
3 4 2 982
3 4 5 992
3 4 6 1366
3 5 1 1024
3 5 2 2017
3 5 4 1804
3 5 6 2044
3 6 1 2122
3 6 2 1945
3 6 4 1443
3 6 5 2151
4 1 2 803
4 1 3 1071
4 1 5 1001
4 1 6 962
4 2 1 985
4 2 3 1535
4 2 5 1214
4 2 6 1722
4 3 1 1321
4 3 2 1557
4 3 5 1283
4 3 6 1478
4 5 1 1062
4 5 2 1630
4 5 3 1516
4 5 6 1427
4 6 1 1819
4 6 2 1574
4 6 3 2484
4 6 5 2311
5 1 2 1086
5 1 3 1392
5 1 4 1674
5 1 6 1388
5 2 1 1540
5 2 3 1930
5 2 4 2008
5 2 6 2476
5 3 1 1910
5 3 2 2352
5 3 4 2233
5 3 6 2314
5 4 1 2323
5 4 2 1977
5 4 3 2344
5 4 6 1858
5 6 1 2001
5 6 2 2939
5 6 3 3973
5 6 4 3823
6 1 2 1644
6 1 3 1692
6 1 4 1776
6 1 5 2167
6 2 1 1944
6 2 3 2326
6 2 4 3095
6 2 5 2670
6 3 1 3093
6 3 2 2360
6 3 4 2093
6 3 5 4147
6 4 1 3378
6 4 2 2518
6 4 3 3077
6 4 5 3608
6 5 1 4598
6 5 2 3926
6 5 3 3758
6 5 4 4076
